677 186 137 
511 258 231 
530 249 221 
545 178 277 
528 273 199 
565 209 226 
525 268 207 
618 245 137 
511 255 234 
500 215 285 
688 210 102 
486 228 286 
487 236 277 
562 274 164 
542 285 173 
542 256 202 
488 282 230 
463 262 275 
504 236 260 
503 279 218 
518 227 255 
575 221 204 
525 293 182 
554 233 213 
472 233 295 
546 244 210 
536 258 206 
543 255 202 
477 294 229 
466 266 268 
479 254 267 
499 306 195 
541 232 227 
493 231 276 
527 224 249 
609 219 172 
541 234 225 
545 252 203 
507 241 252 
458 280 262 
531 251 218 
527 240 233 
457 283 260 
540 255 205 
572 219 209 
567 234 199 
558 205 237 
494 202 304 
565 249 186 
533 250 217 
534 275 191 
564 221 215 
568 234 198 
540 246 214 
537 227 236 
498 258 244 
601 252 147 
492 283 225 
486 256 258 
502 254 244 
583 208 209 
465 269 266 
555 203 242 
504 307 189 
494 256 250 
512 251 237 
481 229 290 
503 252 245 
522 244 234 
555 247 198 
618 275 107 
531 280 189 
546 246 208 
489 208 303 
513 239 248 
572 258 170 
475 236 289 
495 264 241 
466 274 260 
529 238 233 
580 233 187 
484 236 280 
538 235 227 
618 207 175 
474 289 237 
487 318 195 
542 278 180 
506 263 231 
517 314 169 
530 239 231 
502 244 254 
599 231 170 
499 258 243 
469 261 270 
541 279 180 
535 219 246 
567 249 184 
593 239 168 
513 258 229 
486 285 229 
570 242 188 
549 233 218 
532 287 181 
582 190 228 
546 254 200 
509 291 200 
522 224 254 
548 260 192 
466 229 305 
540 283 177 
502 284 214 
488 242 270 
564 264 172 
514 267 219 
539 249 212 
584 275 141 
517 273 210 
557 181 262 
550 210 240 
509 285 206 
467 235 298 
553 256 191 
542 277 181 
546 254 200 
560 263 177 
509 203 288 
544 231 225 
552 291 157 
507 230 263 
539 242 219 
474 292 234 
519 246 235 
532 234 234 
521 245 234 
583 226 191 
477 272 251 
552 270 178 
548 241 211 
486 210 304 
479 229 292 
546 227 227 
542 263 195 
605 230 165 
531 273 196 
490 224 286 
514 269 217 
470 341 189 
454 201 345 
513 229 258 
480 211 309 
500 287 213 
525 270 205 
516 234 250 
472 285 243 
586 221 193 
458 287 255 
492 238 270 
514 280 206 
491 236 273 
549 275 176 
551 235 214 
519 211 270 
515 262 223 
596 228 176 
511 236 253 
498 280 222 
539 226 235 
568 246 186 
578 203 219 
575 234 191 
580 212 208 
482 288 230 
548 255 197 
492 245 263 
535 238 227 
594 220 186 
556 257 187 
547 273 180 
505 266 229 
525 241 234 
565 232 203 
505 232 263 
491 271 238 
473 251 276 
473 280 247 
547 271 182 
562 257 181 
588 228 184 
473 275 252 
471 292 237 
525 241 234 
505 265 230 
554 251 195 
528 256 216 
553 283 164 
602 215 183 
561 207 232 
516 279 205 
559 263 178 
561 230 209 
513 217 270 
533 215 252 
478 248 274 
540 222 238 
575 242 183 
478 302 220 
514 250 236 
534 236 230 
530 225 245 
502 271 227 
525 289 186 
547 252 201 
517 250 233 
543 243 214 
491 244 265 
489 238 273 
486 252 262 
499 278 223 
512 260 228 
593 219 188 
533 235 232 
506 259 235 
506 302 192 
552 268 180 
509 268 223 
579 237 184 
495 274 231 
501 273 226 
551 220 229 
527 263 210 
580 183 237 
476 258 266 
561 239 200 
491 248 261 
522 262 216 
545 282 173 
531 254 215 
589 229 182 
584 211 205 
606 269 125 
575 244 181 
536 245 219 
543 262 195 
464 250 286 
449 249 302 
546 239 215 
480 246 274 
548 293 159 
531 255 214 
578 203 219 
592 221 187 
588 222 190 
546 289 165 
541 238 221 
554 220 226 
497 213 290 
557 245 198 
564 248 188 
484 254 262 
504 253 243 
491 217 292 
525 206 269 
529 259 212 
509 264 227 
615 198 187 
540 254 206 
468 257 275 
575 211 214 
552 280 168 
522 210 268 
564 304 132 
583 232 185 
479 276 245 
563 261 176 
519 288 193 
557 203 240 
480 281 239 
501 287 212 
478 305 217 
516 240 244 
469 289 242 
523 245 232 
491 309 200 
514 254 232 
517 265 218 
457 235 308 
538 175 287 
535 245 220 
464 206 330 
498 267 235 
554 234 212 
523 261 216 
536 239 225 
486 263 251 
521 272 207 
553 246 201 
549 241 210 
466 258 276 
510 250 240 
534 217 249 
482 214 304 
450 218 332 
563 230 207 
520 278 202 
576 255 169 
461 262 277 
605 249 146 
523 214 263 
543 254 203 
603 284 113 
504 264 232 
558 261 181 
415 274 311 
467 249 284 
552 273 175 
487 200 313 
577 212 211 
515 266 219 
543 246 211 
505 275 220 
538 301 161 
485 242 273 
473 287 240 
548 239 213 
541 250 209 
541 251 208 
542 266 192 
544 235 221 
559 275 166 
551 251 198 
560 272 168 
502 227 271 
571 260 169 
454 233 313 
584 247 169 
630 220 150 
544 278 178 
494 218 288 
498 237 265 
515 218 267 
621 210 169 
600 250 150 
570 232 198 
521 241 238 
509 276 215 
535 215 250 
608 215 177 
488 292 220 
657 179 164 
525 272 203 
578 183 239 
543 227 230 
528 232 240 
480 281 239 
515 229 256 
491 275 234 
512 224 264 
592 225 183 
559 252 189 
490 248 262 
506 266 228 
471 259 270 
514 304 182 
529 271 200 
574 229 197 
551 230 219 
529 276 195 
526 225 249 
533 206 261 
548 245 207 
576 249 175 
573 226 201 
540 268 192 
464 278 258 
489 249 262 
545 272 183 
526 252 222 
473 258 269 
518 279 203 
579 208 213 
465 264 271 
501 247 252 
565 259 176 
598 253 149 
495 276 229 
473 251 276 
569 251 180 
599 190 211 
529 243 228 
563 235 202 
525 233 242 
614 274 112 
525 179 296 
472 205 323 
552 255 193 
538 265 197 
540 286 174 
507 262 231 
605 234 161 
591 258 151 
526 242 232 
500 260 240 
473 277 250 
490 241 269 
533 247 220 
496 242 262 
481 280 239 
503 288 209 
614 177 209 
495 227 278 
518 270 212 
482 216 302 
498 260 242 
505 253 242 
524 263 213 
560 201 239 
549 245 206 
556 286 158 
563 278 159 
531 308 161 
550 213 237 
522 240 238 
574 292 134 
594 259 147 
573 208 219 
604 203 193 
554 263 183 
515 299 186 
496 274 230 
486 261 253 
518 261 221 
532 233 235 
544 228 228 
572 235 193 
569 267 164 
562 261 177 
492 262 246 
539 273 188 
546 256 198 
582 267 151 
482 256 262 
570 212 218 
565 240 195 
600 236 164 
463 251 286 
482 241 277 
573 235 192 
582 252 166 
502 279 219 
576 241 183 
546 216 238 
494 230 276 
550 236 214 
562 246 192 
526 254 220 
486 246 268 
475 251 274 
530 271 199 
642 194 164 
490 271 239 
540 215 245 
572 172 256 
637 216 147 
598 244 158 
555 219 226 
506 268 226 
557 260 183 
529 248 223 
452 193 355 
553 236 211 
569 230 201 
492 264 244 
466 267 267 
572 226 202 
479 223 298 
538 252 210 
473 262 265 
551 270 179 
529 225 246 
524 245 231 
510 224 266 
433 235 332 
501 232 267 
471 276 253 
554 237 209 
418 217 365 
535 262 203 
516 258 226 
559 238 203 
548 226 226 
526 215 259 
522 300 178 
493 238 269 
494 258 248 
543 172 285 
526 264 210 
512 226 262 
507 223 270 
526 288 186 
527 265 208 
539 207 254 
566 229 205 
550 278 172 
520 264 216 
410 212 378 
566 273 161 
517 272 211 
559 255 186 
477 283 240 
566 240 194 
525 304 171 
570 224 206 
503 261 236 
493 278 229 
532 234 234 
481 269 250 
565 216 219 
562 261 177 
511 208 281 
535 246 219 
539 300 161 
547 235 218 
571 262 167 
538 275 187 
509 259 232 
537 242 221 
529 203 268 
445 293 262 
505 283 212 
556 203 241 
543 232 225 
591 222 187 
562 276 162 
537 242 221 
472 236 292 
596 209 195 
561 206 233 
513 289 198 
552 299 149 
556 242 202 
545 219 236 
525 261 214 
623 255 122 
573 238 189 
500 239 261 
538 279 183 
517 286 197 
522 227 251 
463 265 272 
580 227 193 
558 237 205 
557 244 199 
463 275 262 
541 247 212 
485 260 255 
488 267 245 
556 245 199 
524 271 205 
546 273 181 
471 208 321 
526 286 188 
500 235 265 
510 252 238 
609 187 204 
501 284 215 
488 260 252 
552 229 219 
488 282 230 
512 261 227 
515 245 240 
435 324 241 
534 225 241 
532 263 205 
574 295 131 
483 264 253 
463 258 279 
486 257 257 
440 259 301 
596 248 156 
607 181 212 
520 258 222 
553 228 219 
599 219 182 
577 263 160 
544 264 192 
530 251 219 
534 235 231 
551 214 235 
559 223 218 
522 255 223 
579 225 196 
471 287 242 
501 218 281 
559 278 163 
539 230 231 
544 212 244 
489 263 248 
555 205 240 
491 308 201 
544 246 210 
500 251 249 
412 207 381 
577 219 204 
597 243 160 
550 247 203 
533 255 212 
519 326 155 
528 271 201 
510 266 224 
519 233 248 
547 218 235 
522 219 259 
534 249 217 
557 236 207 
582 221 197 
505 250 245 
457 220 323 
542 257 201 
511 276 213 
491 267 242 
593 223 184 
490 264 246 
570 244 186 
526 250 224 
541 229 230 
516 255 229 
618 221 161 
526 256 218 
490 205 305 
613 274 113 
488 218 294 
489 262 249 
485 263 252 
467 228 305 
487 231 282 
591 254 155 
593 277 130 
523 242 235 
529 213 258 
579 256 165 
549 246 205 
439 247 314 
452 231 317 
543 252 205 
482 205 313 
524 247 229 
498 255 247 
487 248 265 
521 259 220 
551 277 172 
461 237 302 
595 218 187 
483 237 280 
557 257 186 
544 218 238 
446 271 283 
414 302 284 
541 251 208 
474 214 312 
517 243 240 
544 227 229 
552 270 178 
550 232 218 
557 292 151 
504 208 288 
572 170 258 
552 274 174 
506 236 258 
577 258 165 
520 259 221 
573 264 163 
511 237 252 
613 201 186 
549 233 218 
549 257 194 
583 215 202 
612 238 150 
509 225 266 
511 256 233 
556 259 185 
542 220 238 
507 261 232 
515 246 239 
538 254 208 
564 261 175 
511 257 232 
531 246 223 
500 283 217 
528 215 257 
524 210 266 
477 263 260 
553 225 222 
470 246 284 
588 267 145 
461 277 262 
514 254 232 
527 201 272 
440 260 300 
561 238 201 
534 215 251 
542 283 175 
499 257 244 
472 219 309 
549 232 219 
509 257 234 
533 247 220 
448 263 289 
435 267 298 
581 248 171 
487 253 260 
557 214 229 
482 243 275 
563 221 216 
604 266 130 
529 231 240 
476 268 256 
555 243 202 
603 241 156 
550 196 254 
458 259 283 
545 234 221 
514 246 240 
481 258 261 
496 239 265 
530 286 184 
521 231 248 
535 288 177 
620 260 120 
501 253 246 
558 227 215 
531 239 230 
527 192 281 
569 250 181 
525 215 260 
537 239 224 
617 259 124 
503 233 264 
580 215 205 
529 234 237 
509 293 198 
512 240 248 
607 254 139 
502 159 339 
553 310 137 
534 223 243 
544 279 177 
539 244 217 
498 259 243 
544 237 219 
514 325 161 
501 315 184 
592 183 225 
465 299 236 
551 232 217 
498 234 268 
522 241 237 
496 248 256 
542 269 189 
555 248 197 
537 280 183 
468 297 235 
584 217 199 
553 238 209 
482 278 240 
510 293 197 
512 295 193 
493 236 271 
535 219 246 
558 221 221 
559 240 201 
517 219 264 
552 273 175 
620 221 159 
526 245 229 
496 258 246 
592 230 178 
515 236 249 
623 173 204 
566 222 212 
519 275 206 
538 252 210 
526 312 162 
586 216 198 
554 224 222 
503 275 222 
500 317 183 
514 239 247 
575 277 148 
465 269 266 
542 201 257 
591 246 163 
469 255 276 
457 336 207 
499 277 224 
507 254 239 
559 218 223 
528 311 161 
541 246 213 
559 225 216 
594 209 197 
569 226 205 
462 252 286 
575 256 169 
485 265 250 
509 276 215 
598 214 188 
542 242 216 
485 248 267 
458 216 326 
627 226 147 
586 222 192 
478 246 276 
496 293 211 
498 258 244 
556 224 220 
563 248 189 
508 269 223 
549 250 201 
478 269 253 
506 267 227 
533 307 160 
542 239 219 
533 265 202 
535 262 203 
529 286 185 
499 214 287 
485 294 221 
500 272 228 
517 282 201 
520 274 206 
536 280 184 
540 236 224 
538 225 237 
598 232 170 
514 317 169 
497 269 234 
502 245 253 
544 247 209 
537 254 209 
544 282 174 
532 215 253 
573 248 179 
555 237 208 
554 283 163 
581 224 195 
500 226 274 
584 244 172 
474 302 224 
512 261 227 
531 208 261 
554 226 220 
509 264 227 
548 222 230 
581 244 175 
477 268 255 
518 287 195 
490 283 227 
513 305 182 
503 222 275 
533 255 212 
546 267 187 
501 276 223 
557 225 218 
472 221 307 
625 212 163 
555 247 198 
567 229 204 
519 307 174 
560 234 206 
529 244 227 
529 277 194 
531 293 176 
506 233 261 
482 270 248 
571 256 173 
595 279 126 
560 245 195 
508 233 259 
531 306 163 
556 241 203 
524 261 215 
582 216 202 
477 321 202 
505 275 220 
551 274 175 
542 251 207 
484 282 234 
515 291 194 
450 301 249 
525 282 193 
536 257 207 
572 236 192 
573 244 183 
562 238 200 
457 243 300 
496 246 258 
540 292 168 
504 253 243 
570 227 203 
555 273 172 
504 301 195 
475 273 252 
509 219 272 
571 230 199 
534 279 187 
589 223 188 
556 247 197 
494 287 219 
527 182 291 
489 190 321 
565 242 193 
542 257 201 
542 255 203 
531 232 237 
537 225 238 
415 250 335 
540 263 197 
559 236 205 
501 274 225 
575 248 177 
459 267 274 
546 249 205 
460 279 261 
432 268 300 
498 255 247 
633 229 138 
544 269 187 
506 276 218 
484 265 251 
497 246 257 
463 285 252 
467 241 292 
491 225 284 
517 305 178 
589 239 172 
545 288 167 
544 233 223 
581 232 187 
458 214 328 
557 245 198 
528 239 233 
493 256 251 
501 246 253 
541 273 186 
560 265 175 
520 220 260 
513 227 260 
567 237 196 
535 206 259 
563 282 155 
508 306 186 
592 241 167 
558 243 199 
463 292 245 
530 260 210 
565 234 201 
587 237 176 
529 260 211 
576 248 176 
501 208 291 
594 245 161 
522 268 210 
507 248 245 
469 261 270 
489 304 207 
524 231 245 
500 231 269 
530 273 197 
480 216 304 
504 211 285 
534 219 247 
417 177 406 
549 187 264 
554 238 208 
605 240 155 
489 243 268 
512 230 258 
504 294 202 
509 268 223 
476 274 250 
576 235 189 
571 250 179 
519 218 263 
525 220 255 
563 272 165 
588 252 160 
582 236 182 
463 317 220 
486 281 233 
576 276 148 
541 224 235 
479 317 204 
530 277 193 
459 275 266 
558 268 174 
562 246 192 
532 223 245 
531 260 209 
433 305 262 
508 297 195 
