115 136 100 0 0 
154 221 76 0 0 
78 198 91 0 0 
109 154 77 0 0 
71 272 53 18 0 
143 233 19 0 0 
208 251 118 1 0 
98 158 56 0 0 
135 286 23 0 0 
116 291 15 0 0 
161 203 45 0 0 
171 210 31 0 0 
155 247 29 0 0 
33 344 61 0 0 
139 199 105 0 0 
119 253 81 0 0 
106 291 109 0 0 
132 215 80 0 0 
172 154 46 0 0 
102 190 160 23 0 
125 258 6 12 0 
123 326 84 0 0 
133 309 47 0 0 
84 232 91 0 0 
90 152 53 0 0 
234 259 83 9 0 
118 289 19 0 0 
103 150 145 25 0 
223 168 24 0 0 
93 258 25 0 0 
159 179 57 0 0 
75 321 151 0 0 
123 210 78 1 0 
153 149 49 0 0 
126 176 47 0 0 
158 206 49 0 0 
89 277 112 2 0 
96 220 51 0 0 
109 261 44 0 0 
90 228 29 0 0 
106 288 74 0 0 
96 250 28 0 0 
70 182 68 27 0 
68 182 98 4 0 
170 221 95 4 0 
105 243 82 0 0 
100 157 58 0 0 
71 219 70 0 0 
85 232 89 11 0 
32 337 130 1 0 
178 249 41 0 0 
74 203 63 1 0 
130 131 62 16 0 
153 194 26 0 0 
111 179 87 14 0 
206 281 24 7 0 
146 203 37 0 0 
119 140 32 10 0 
121 163 72 0 0 
64 254 68 12 0 
143 151 73 0 0 
141 81 65 0 0 
134 214 49 0 0 
145 256 58 0 0 
127 219 37 0 0 
86 241 7 0 0 
127 254 32 0 0 
154 208 118 0 0 
46 227 33 13 0 
88 299 29 0 0 
189 172 50 8 0 
83 261 38 0 0 
172 163 38 0 0 
139 361 23 7 0 
155 227 83 0 0 
195 129 37 0 0 
221 214 24 0 0 
158 151 32 0 0 
169 197 46 0 0 
154 236 37 0 0 
126 225 117 0 0 
113 171 37 0 0 
86 221 36 0 0 
120 305 47 0 0 
105 152 41 0 0 
109 358 35 0 0 
141 226 58 0 0 
188 212 37 0 0 
146 216 82 16 0 
124 243 33 0 0 
90 342 80 0 0 
131 362 76 0 0 
232 187 72 0 0 
173 227 48 0 0 
150 160 77 15 0 
73 171 115 5 0 
64 247 104 1 0 
95 253 85 0 0 
85 245 44 0 0 
166 256 77 0 0 
31 253 74 2 0 
31 186 125 0 0 
97 242 60 1 0 
117 235 53 1 0 
64 216 55 1 0 
271 152 56 0 0 
117 305 114 0 0 
108 323 56 1 0 
93 282 31 0 0 
133 154 18 0 0 
124 185 19 0 0 
170 198 50 0 0 
171 216 76 0 0 
197 166 41 0 0 
103 281 90 3 0 
193 217 24 8 0 
50 271 19 0 0 
196 255 68 0 0 
182 146 140 0 0 
183 185 45 0 0 
249 138 74 0 0 
91 123 119 0 0 
111 357 8 0 0 
120 272 21 0 0 
145 247 36 0 0 
68 176 40 0 0 
58 246 42 0 0 
108 142 68 0 0 
75 252 104 6 0 
85 218 70 0 0 
182 203 27 0 0 
121 200 81 19 0 
112 188 55 3 0 
93 212 51 1 0 
99 231 71 0 0 
88 238 53 0 0 
144 243 67 0 0 
172 242 69 0 0 
52 225 62 0 0 
98 278 24 0 0 
45 288 63 12 0 
174 247 62 0 0 
132 207 60 2 0 
114 216 68 26 0 
66 330 24 0 0 
188 219 35 0 0 
102 210 61 0 0 
131 202 32 0 0 
200 218 71 4 0 
134 325 70 0 0 
104 259 69 0 0 
119 195 98 0 0 
147 308 55 6 0 
190 143 69 0 0 
108 247 26 6 0 
85 168 56 7 0 
64 277 76 19 0 
188 302 89 0 0 
118 200 26 0 0 
72 311 48 0 0 
199 264 30 0 0 
103 198 71 0 0 
85 221 103 0 0 
95 292 61 0 0 
135 229 50 0 0 
87 193 118 0 0 
150 221 60 0 0 
94 188 43 21 0 
147 194 17 4 0 
155 273 98 0 0 
110 145 40 0 0 
131 253 41 0 0 
120 275 55 1 0 
91 238 56 1 0 
101 269 63 8 0 
105 139 124 0 0 
105 315 49 0 0 
66 238 93 0 0 
64 176 72 0 0 
143 369 38 16 0 
233 135 64 0 0 
153 265 24 0 0 
149 259 45 0 0 
119 245 35 0 0 
148 289 27 0 0 
128 311 24 28 0 
116 252 52 0 0 
101 266 49 0 0 
70 258 52 0 0 
114 295 40 9 0 
129 223 44 0 0 
60 308 82 0 0 
103 230 88 0 0 
143 204 53 87 0 
137 197 89 6 0 
111 261 44 12 0 
113 355 32 0 0 
106 313 80 0 0 
81 240 66 0 0 
130 189 46 0 0 
51 255 26 0 0 
140 191 11 0 0 
99 295 64 0 0 
91 220 109 0 0 
183 231 24 2 0 
151 204 32 0 0 
96 338 57 0 0 
143 162 134 0 0 
124 131 70 0 0 
103 242 57 0 0 
38 211 45 0 0 
89 240 49 10 0 
134 157 47 22 0 
147 248 66 6 0 
228 182 31 1 0 
197 239 21 0 0 
90 308 91 0 0 
49 157 16 0 0 
56 242 45 0 0 
158 287 63 0 0 
148 196 45 0 0 
122 147 61 12 0 
124 226 37 0 0 
112 233 6 17 0 
144 231 83 0 0 
119 274 69 1 0 
180 194 22 0 0 
48 181 55 0 0 
196 199 30 0 0 
102 149 138 0 0 
91 230 115 2 0 
65 207 9 1 0 
202 194 94 7 0 
89 221 44 0 0 
115 241 104 2 0 
37 270 71 6 0 
89 201 104 0 0 
251 154 81 0 0 
41 233 78 20 0 
162 124 83 0 0 
80 184 27 0 0 
169 302 29 2 0 
110 167 54 0 0 
130 212 95 0 0 
102 286 63 1 0 
109 246 110 0 0 
95 145 63 4 0 
163 195 107 10 0 
123 202 70 0 0 
92 290 76 8 0 
156 234 63 1 0 
49 270 14 0 0 
133 191 15 4 0 
129 189 56 14 0 
69 243 94 0 0 
87 229 20 0 0 
151 299 30 0 0 
126 205 47 1 0 
119 253 53 0 0 
209 146 61 0 0 
103 198 39 6 0 
107 307 45 0 0 
99 180 68 0 0 
58 211 54 0 0 
77 246 102 18 0 
75 251 65 0 0 
88 223 57 12 0 
110 292 46 6 0 
111 210 95 8 0 
204 210 18 0 0 
125 184 47 0 0 
97 337 30 0 0 
52 226 106 0 0 
46 184 54 0 0 
69 240 64 0 0 
94 260 88 0 0 
88 237 146 0 0 
45 201 99 0 0 
161 188 69 0 0 
103 155 37 0 0 
62 254 64 0 0 
104 295 47 4 0 
122 203 25 0 0 
60 242 9 10 0 
100 246 19 0 0 
43 230 50 0 0 
157 214 32 9 0 
132 260 136 1 0 
133 163 107 0 0 
84 232 59 0 0 
109 217 51 0 0 
166 275 43 0 0 
96 132 25 0 0 
124 207 56 0 0 
114 332 38 0 0 
221 243 33 0 0 
122 288 18 1 0 
113 186 62 0 0 
172 195 16 0 0 
102 232 39 0 0 
140 174 48 0 0 
128 229 57 0 0 
81 266 178 0 0 
49 254 18 4 0 
125 268 26 0 0 
66 260 88 22 0 
147 165 44 0 0 
41 293 41 0 0 
108 306 70 0 0 
166 206 28 2 0 
173 203 76 0 0 
175 235 27 3 0 
221 125 41 19 0 
115 255 19 0 0 
106 265 37 3 0 
112 154 67 1 0 
160 239 22 9 0 
58 299 28 0 0 
117 291 62 0 0 
77 189 126 6 0 
91 288 19 0 0 
89 244 61 0 0 
101 287 50 13 0 
153 184 66 1 0 
81 205 87 0 0 
65 251 32 0 0 
118 214 106 6 0 
113 117 103 7 0 
110 241 48 0 0 
110 286 48 4 0 
88 229 101 30 0 
93 226 36 0 0 
80 297 49 0 0 
88 331 15 0 0 
115 211 68 1 0 
119 306 55 0 0 
145 133 51 57 0 
132 216 65 0 0 
154 240 29 0 0 
91 335 50 0 0 
121 185 68 0 0 
51 204 49 4 0 
161 125 41 0 0 
61 258 55 0 0 
81 236 45 0 0 
127 151 59 0 0 
135 260 47 0 0 
82 228 66 5 0 
119 197 43 0 0 
132 264 40 0 0 
111 229 54 0 0 
66 194 60 2 0 
115 222 24 0 0 
71 363 45 0 0 
140 200 47 0 0 
77 225 31 0 0 
120 201 69 0 0 
117 268 21 0 0 
193 314 10 0 0 
90 204 84 0 0 
112 288 33 0 0 
161 201 78 0 0 
228 234 112 5 0 
162 215 31 0 0 
149 285 85 0 0 
142 112 35 0 0 
156 320 41 0 0 
74 207 57 0 0 
155 176 71 0 0 
121 225 46 18 0 
130 276 52 0 0 
166 222 35 19 0 
121 224 58 0 0 
56 253 66 0 0 
63 318 18 0 0 
93 163 37 0 0 
161 215 20 0 0 
101 208 52 0 0 
150 280 43 0 0 
110 190 55 0 0 
171 263 38 0 0 
131 175 91 6 0 
105 235 31 0 0 
125 217 37 1 0 
187 258 47 0 0 
111 164 15 0 0 
255 121 56 6 0 
91 286 19 0 0 
174 233 21 0 0 
77 286 57 0 0 
188 183 59 0 0 
162 322 42 0 0 
11 352 47 0 0 
77 200 38 1 0 
49 313 52 4 0 
99 275 23 4 0 
78 214 112 0 0 
155 157 60 0 0 
108 252 74 0 0 
118 190 92 0 0 
62 325 59 0 0 
133 242 15 0 0 
149 177 72 0 0 
140 170 43 0 0 
104 391 56 0 0 
134 167 73 0 0 
78 132 95 0 0 
157 218 101 0 0 
112 171 148 2 0 
156 317 36 0 0 
108 269 20 0 0 
121 254 51 0 0 
187 233 59 0 0 
125 157 78 3 0 
159 316 42 0 0 
130 125 75 0 0 
92 229 64 0 0 
177 131 67 8 0 
131 250 38 0 0 
45 234 53 0 0 
139 164 78 0 0 
194 279 38 0 0 
85 219 44 9 0 
103 231 44 0 0 
113 139 133 11 0 
130 291 33 0 0 
146 210 41 0 0 
112 186 77 0 0 
109 234 49 0 0 
208 269 31 0 0 
69 304 66 0 0 
105 243 74 2 0 
126 278 28 10 0 
122 91 101 0 0 
136 187 54 0 0 
95 244 87 1 0 
124 354 37 0 0 
53 249 41 0 0 
229 179 53 0 0 
193 113 104 1 0 
81 294 92 0 0 
149 264 23 0 0 
72 261 44 0 0 
162 168 58 0 0 
159 235 47 4 0 
193 235 17 10 0 
142 249 134 0 0 
143 233 39 0 0 
135 143 101 27 0 
158 263 49 1 0 
190 124 48 1 0 
157 228 48 0 0 
155 103 87 0 0 
153 140 24 0 0 
92 270 47 0 0 
100 254 37 0 0 
130 222 42 4 0 
79 181 134 0 0 
101 233 60 0 0 
104 266 29 0 0 
64 167 31 3 0 
195 264 79 6 0 
72 198 58 25 0 
46 236 85 0 0 
167 309 43 0 0 
95 196 50 24 0 
112 232 38 0 0 
149 187 40 0 0 
150 316 29 0 0 
47 320 101 0 0 
139 239 76 0 0 
81 274 6 0 0 
119 132 111 18 0 
141 182 45 15 0 
274 163 33 0 0 
162 241 54 0 0 
157 243 62 3 0 
87 185 79 42 0 
84 267 45 0 0 
71 255 80 0 0 
120 301 39 0 0 
137 234 99 0 0 
127 204 84 2 0 
171 191 13 0 0 
183 278 31 0 0 
241 152 69 5 0 
94 193 80 0 0 
73 237 113 0 0 
72 281 39 0 0 
134 228 52 24 0 
58 250 55 0 0 
114 290 37 0 0 
84 223 21 0 0 
61 345 2 0 0 
115 287 48 0 0 
153 294 28 0 0 
75 212 66 8 0 
204 244 56 0 0 
191 213 12 0 0 
113 178 28 1 0 
59 197 60 0 0 
124 182 64 4 0 
174 129 128 0 0 
114 173 54 0 0 
186 174 43 0 0 
57 273 110 0 0 
116 224 87 0 0 
150 153 100 0 0 
115 178 83 0 0 
103 197 66 0 0 
87 197 52 0 0 
167 129 11 0 0 
149 259 49 0 0 
131 153 138 0 0 
94 211 69 0 0 
157 315 48 0 0 
88 221 96 0 0 
136 265 28 0 0 
157 180 61 6 0 
140 233 43 0 0 
86 167 65 0 0 
221 146 49 0 0 
104 190 133 1 0 
134 310 64 0 0 
168 265 20 0 0 
94 351 42 7 0 
159 224 39 0 0 
35 282 61 2 0 
132 263 41 0 0 
137 262 22 0 0 
127 181 47 6 0 
151 231 69 0 0 
120 317 26 0 0 
53 154 72 1 0 
129 222 44 0 0 
79 275 52 1 0 
73 187 84 13 0 
113 344 24 0 0 
85 208 22 7 0 
73 249 42 4 0 
152 244 20 0 0 
83 254 26 0 0 
193 173 16 0 0 
147 181 19 7 0 
105 239 70 0 0 
50 296 57 0 0 
55 275 20 0 0 
102 188 92 15 0 
100 231 65 0 0 
74 279 54 0 0 
131 306 39 0 0 
127 261 52 4 0 
131 186 20 5 0 
71 220 57 0 0 
156 272 91 0 0 
225 266 37 4 0 
97 237 6 1 0 
176 254 47 1 0 
132 293 49 0 0 
105 265 24 0 0 
85 229 25 0 0 
141 228 102 0 0 
211 185 27 0 0 
205 207 76 0 0 
150 262 75 0 0 
156 244 44 1 0 
87 211 100 0 0 
121 212 44 0 0 
84 193 40 0 0 
61 271 57 1 0 
87 279 24 2 0 
79 342 35 0 1 
65 348 82 0 0 
100 204 35 0 0 
65 249 71 6 0 
159 173 56 0 0 
136 125 9 10 0 
145 237 66 0 0 
149 183 37 0 0 
175 283 56 0 0 
114 323 72 0 0 
177 175 64 0 0 
147 319 31 1 0 
91 287 36 0 0 
128 224 67 0 0 
106 166 82 0 0 
142 249 16 0 0 
108 315 29 2 0 
113 280 33 0 0 
168 250 46 0 0 
181 277 73 5 0 
102 341 50 24 0 
59 194 122 0 0 
232 209 59 0 0 
113 152 54 0 0 
155 205 25 0 0 
64 266 85 4 0 
44 179 70 0 0 
94 188 81 0 0 
81 187 57 0 0 
29 285 64 0 0 
92 245 18 0 0 
96 268 26 0 0 
144 261 54 1 0 
93 326 21 0 0 
98 228 52 0 0 
207 190 46 1 0 
73 200 96 0 0 
192 175 66 0 0 
163 164 65 0 0 
104 203 64 0 0 
132 174 76 0 0 
124 239 26 0 0 
48 288 50 0 0 
179 172 35 7 0 
74 262 21 29 0 
114 209 34 0 0 
89 197 61 41 0 
52 236 50 2 0 
125 204 51 9 0 
85 160 65 10 0 
98 233 29 0 0 
114 263 36 2 0 
146 197 41 0 0 
117 374 16 0 0 
65 228 110 0 0 
81 223 81 0 0 
144 241 64 5 0 
123 264 101 0 0 
96 265 114 0 0 
71 270 61 3 0 
148 205 38 0 0 
122 255 74 0 0 
54 278 91 0 0 
119 261 70 0 0 
124 162 66 3 0 
254 161 65 0 0 
163 224 39 0 0 
145 298 42 0 0 
117 175 39 0 0 
67 180 18 0 0 
200 159 66 0 0 
140 199 34 0 0 
77 287 42 0 0 
111 214 34 1 0 
82 274 29 0 0 
95 211 12 1 0 
124 219 109 0 0 
103 266 66 0 0 
117 143 52 0 0 
145 137 41 0 0 
154 230 11 0 0 
160 202 55 8 0 
88 210 118 7 0 
225 151 72 0 0 
81 193 109 0 0 
111 298 63 0 0 
127 268 8 4 0 
96 185 35 0 0 
104 251 75 0 0 
84 214 46 0 0 
77 213 25 18 0 
97 296 40 0 0 
145 287 97 0 0 
158 279 56 1 0 
132 197 67 0 0 
137 170 53 0 0 
127 188 28 4 0 
153 168 82 0 0 
76 244 30 0 0 
64 220 62 0 0 
100 284 68 1 0 
111 363 32 0 0 
129 231 94 0 0 
107 204 111 0 0 
120 317 20 0 0 
157 241 34 0 0 
72 276 36 10 0 
93 155 54 0 0 
203 298 24 0 0 
93 227 64 0 0 
132 341 36 0 0 
113 250 43 0 0 
95 188 44 0 0 
75 309 42 0 0 
199 201 39 0 0 
64 265 90 0 0 
156 289 26 8 0 
137 184 53 0 0 
125 314 116 0 0 
158 257 67 6 0 
202 142 103 0 0 
125 159 50 0 0 
73 139 134 0 0 
119 165 73 0 0 
241 196 62 8 0 
130 160 79 1 0 
117 250 17 0 0 
182 200 40 0 0 
114 128 80 0 0 
166 292 51 0 0 
76 255 88 1 0 
86 278 55 2 0 
89 283 68 0 0 
40 177 29 0 0 
152 260 60 0 0 
101 184 34 0 0 
63 233 18 0 0 
41 179 118 0 0 
104 268 93 10 0 
212 201 25 2 0 
193 283 44 0 0 
220 194 61 0 0 
159 122 77 4 0 
102 280 33 0 0 
72 227 63 0 0 
129 260 72 9 0 
90 247 39 3 0 
114 238 57 0 0 
80 227 112 0 0 
162 160 103 0 0 
56 262 66 0 0 
52 205 97 8 0 
200 142 50 0 0 
209 136 107 0 0 
96 256 50 0 0 
89 163 83 1 0 
82 180 55 6 0 
141 236 68 0 0 
76 233 76 38 0 
120 201 76 0 0 
74 246 111 10 0 
66 224 88 0 0 
213 266 18 0 0 
49 218 49 0 0 
97 236 77 21 0 
95 158 45 0 0 
91 270 49 22 0 
82 245 99 16 0 
72 205 115 0 0 
126 226 64 0 0 
80 258 76 0 0 
104 253 60 0 0 
191 315 38 1 0 
134 259 59 19 0 
252 145 48 0 0 
196 202 78 5 0 
132 308 26 26 0 
68 210 57 17 0 
148 179 90 0 0 
83 182 63 0 0 
119 233 112 4 0 
192 281 25 0 0 
128 201 87 0 0 
85 328 15 0 0 
166 187 118 0 0 
66 275 46 0 0 
72 198 93 0 0 
145 348 43 0 0 
142 150 89 2 0 
109 358 13 13 0 
43 281 139 0 0 
202 224 17 0 0 
80 172 62 0 0 
87 195 23 0 0 
170 213 53 0 0 
145 232 46 2 0 
173 291 8 0 0 
149 153 53 20 0 
65 252 50 0 0 
160 170 39 0 0 
117 302 47 7 0 
89 151 41 1 0 
125 246 65 0 0 
86 281 69 0 0 
103 251 30 0 0 
53 247 70 0 0 
120 159 95 0 0 
119 249 57 7 0 
59 320 53 0 0 
126 326 58 0 0 
111 300 3 19 0 
114 134 47 0 0 
73 290 80 1 0 
176 209 22 0 0 
123 210 52 0 0 
139 320 30 1 0 
67 206 127 0 0 
104 235 49 0 0 
163 182 104 0 0 
83 308 52 0 0 
108 247 57 0 0 
102 138 67 1 0 
98 298 9 3 0 
154 237 57 0 0 
158 298 69 0 0 
133 233 26 0 0 
175 175 98 0 0 
187 285 48 1 0 
186 231 17 29 0 
60 243 96 4 0 
159 200 37 8 0 
115 320 28 0 0 
40 184 71 0 0 
123 182 140 8 0 
115 209 129 0 0 
93 269 39 0 0 
137 192 57 4 0 
113 264 44 6 0 
76 256 82 0 0 
132 199 112 0 0 
136 158 107 0 0 
117 201 41 0 0 
190 286 86 0 0 
63 185 85 1 0 
142 183 72 0 0 
74 235 26 0 0 
171 162 23 10 0 
121 151 48 8 0 
93 320 86 0 0 
131 190 57 0 0 
32 263 68 0 0 
119 142 98 0 0 
136 161 13 0 0 
98 219 49 2 0 
84 259 85 0 0 
78 291 58 13 0 
100 195 61 8 0 
83 265 34 0 0 
147 241 22 0 0 
123 351 38 0 0 
114 275 43 6 0 
78 212 91 0 0 
178 274 38 0 0 
74 268 61 0 0 
124 182 78 0 0 
128 208 49 2 0 
105 291 59 0 0 
134 256 18 30 0 
102 192 134 0 0 
139 215 22 0 0 
161 211 41 0 0 
116 170 59 4 0 
161 251 53 0 0 
142 134 90 0 0 
186 157 22 0 0 
146 188 34 0 0 
81 221 59 0 0 
113 303 51 0 0 
146 266 24 0 0 
89 261 84 0 0 
94 178 35 0 0 
102 167 126 0 0 
229 247 31 0 0 
108 229 65 0 0 
151 259 83 0 0 
162 344 24 0 0 
78 167 111 0 0 
109 258 39 10 0 
127 177 31 4 0 
149 155 87 0 0 
170 145 36 10 0 
155 129 82 4 0 
76 132 92 0 0 
203 232 81 19 0 
59 301 43 0 0 
98 311 12 2 0 
29 299 51 0 0 
38 211 62 0 0 
136 237 20 0 0 
90 278 46 0 0 
113 252 61 0 0 
156 252 42 0 0 
203 210 35 4 0 
175 140 80 0 0 
136 213 60 0 0 
189 211 118 0 0 
116 215 128 0 0 
97 172 80 9 0 
225 179 100 0 0 
83 194 19 4 0 
147 170 64 0 0 
97 244 28 0 0 
62 230 104 0 0 
163 253 110 0 0 
155 255 21 0 0 
221 280 39 0 0 
69 194 106 0 0 
140 231 79 6 0 
130 245 42 0 0 
149 122 31 2 0 
113 180 51 2 0 
148 216 41 0 0 
88 227 26 0 0 
132 268 62 0 0 
124 150 112 0 0 
130 220 60 1 0 
101 179 72 0 0 
68 321 17 0 0 
183 200 97 0 0 
179 205 43 0 0 
134 194 49 0 0 
134 245 80 0 0 
147 204 99 0 0 
67 255 77 0 0 
97 191 61 16 0 
116 260 54 1 0 
81 234 27 29 0 
48 254 56 12 0 
205 195 15 5 0 
83 251 55 0 0 
132 140 73 0 0 
135 292 54 0 0 
105 242 28 0 0 
151 310 71 6 0 
56 342 66 0 0 
123 331 3 0 0 
149 145 42 1 0 
167 247 39 0 0 
93 369 34 0 0 
206 272 26 0 0 
183 178 66 0 0 
133 275 35 0 0 
118 321 24 0 0 
122 270 14 0 0 
90 218 64 0 0 
174 225 59 0 0 
74 283 27 0 0 
116 205 73 0 0 
91 247 45 0 0 
121 293 42 2 0 
153 186 60 0 0 
131 231 63 0 0 
239 273 36 0 0 
86 281 105 0 0 
136 287 50 3 0 
136 185 8 1 0 
68 197 55 0 0 
141 215 56 0 0 
107 265 134 0 0 
99 203 76 0 0 
86 216 106 0 0 
125 221 56 0 0 
128 205 3 0 0 
51 267 93 2 0 
131 302 53 0 0 
133 202 13 0 0 
133 233 67 0 0 
109 220 13 0 0 
48 201 77 17 0 
199 317 20 0 0 
132 288 53 0 0 
127 214 20 8 0 
113 225 63 0 0 
102 211 28 2 0 
169 242 52 0 0 
205 198 25 0 0 
116 278 91 0 0 
136 225 175 2 0 
104 229 21 0 0 
119 243 63 0 0 
106 210 41 9 0 
58 228 133 1 0 
145 198 35 0 0 
130 228 21 1 0 
116 210 59 0 0 
144 245 57 1 0 
95 211 99 3 0 
225 172 22 0 0 
64 232 60 0 0 
108 187 64 0 0 
100 230 100 0 0 
76 290 49 1 0 
102 305 51 0 0 
132 221 108 0 0 
148 247 66 14 0 
94 247 94 0 0 
36 226 71 0 0 
104 229 38 1 0 
104 273 54 0 0 
136 276 56 0 0 
96 326 83 13 0 
48 171 62 0 0 
134 262 49 0 0 
178 191 34 0 0 
160 161 41 0 0 
109 198 86 0 0 
219 123 87 0 0 
170 355 59 0 0 
103 221 60 1 0 
133 216 15 0 0 
99 261 60 0 0 
91 222 25 0 0 
117 204 48 0 0 
72 258 50 0 0 
136 152 47 2 0 
76 204 121 0 0 
113 268 29 0 0 
228 215 37 6 0 
96 316 48 0 0 
