0 671 0 0 0 
0 676 0 0 0 
0 622 0 0 0 
1 642 0 0 0 
0 659 0 0 0 
0 654 0 0 0 
0 643 0 0 0 
0 627 0 0 0 
3 648 0 0 0 
21 608 0 0 0 
0 617 0 0 0 
0 628 0 0 0 
0 625 0 0 0 
0 653 0 0 0 
1 642 0 0 0 
0 617 0 0 0 
0 680 0 0 0 
0 623 8 0 0 
0 615 0 0 0 
0 525 1 0 0 
10 667 0 0 0 
6 653 2 0 0 
11 530 0 0 0 
24 696 0 0 0 
0 627 1 0 0 
0 661 0 0 0 
0 560 0 0 0 
4 618 0 0 0 
0 681 0 0 0 
0 669 0 0 0 
0 685 0 0 0 
0 647 0 0 0 
0 656 0 0 0 
0 682 0 0 0 
0 609 0 0 0 
0 585 0 0 0 
0 695 0 0 0 
0 633 0 0 0 
0 674 0 0 0 
0 558 0 0 0 
0 643 0 0 0 
7 699 0 0 0 
0 604 0 0 0 
0 635 0 0 0 
0 620 0 0 0 
0 697 0 0 0 
27 567 5 0 0 
0 664 0 0 0 
0 673 15 0 0 
0 660 0 0 0 
10 653 0 0 0 
0 647 0 0 0 
0 669 0 0 0 
0 627 0 0 0 
4 663 0 0 0 
0 571 0 0 0 
0 632 0 0 0 
0 565 0 0 0 
0 676 0 0 0 
2 677 0 0 0 
0 657 0 0 0 
0 622 0 0 0 
0 664 0 0 0 
2 570 1 0 0 
0 657 0 0 0 
0 585 0 0 0 
0 622 0 0 0 
0 667 2 0 0 
0 666 3 0 0 
0 606 0 0 0 
0 589 9 0 0 
0 623 0 0 0 
0 560 9 0 0 
0 682 3 0 0 
0 677 0 0 0 
0 588 0 0 0 
0 564 0 0 0 
0 640 0 0 0 
0 674 0 0 0 
10 643 4 0 0 
0 661 0 0 0 
10 633 0 0 0 
0 631 0 0 0 
1 575 0 0 0 
0 633 1 0 0 
0 639 4 0 0 
0 612 6 0 0 
1 602 0 0 0 
0 654 0 0 0 
0 685 2 0 0 
0 619 0 0 0 
0 635 0 0 0 
5 663 0 0 0 
0 570 0 0 0 
0 606 0 0 0 
0 695 0 0 0 
0 655 0 0 0 
0 569 1 0 0 
48 582 0 0 0 
5 541 3 0 0 
0 621 0 0 0 
1 502 4 0 0 
0 584 0 0 0 
0 632 0 0 0 
0 637 0 0 0 
0 628 0 0 0 
0 735 0 0 0 
0 638 0 0 0 
0 657 0 0 0 
4 628 15 0 0 
0 628 0 0 0 
0 659 0 0 0 
0 623 1 0 0 
0 657 0 0 0 
0 640 0 0 0 
3 664 0 0 0 
0 591 0 0 0 
4 629 0 0 0 
0 646 0 0 0 
0 629 14 0 0 
2 636 0 0 0 
0 574 0 0 0 
0 652 0 0 0 
1 621 0 0 0 
0 565 0 0 0 
0 697 2 0 0 
6 640 1 0 0 
18 528 0 0 0 
11 600 12 0 0 
6 652 0 0 0 
0 697 0 0 0 
0 698 0 0 0 
1 626 0 0 0 
0 594 1 0 0 
1 666 0 0 0 
0 657 0 0 0 
0 585 0 0 0 
0 571 22 0 0 
0 641 0 0 0 
0 629 0 0 0 
0 721 0 0 0 
0 599 0 0 0 
0 548 7 0 0 
0 735 0 0 0 
8 627 0 0 0 
0 551 0 0 0 
0 681 1 0 0 
0 663 0 0 0 
0 616 0 0 0 
0 602 0 0 0 
0 685 0 0 0 
0 634 0 0 0 
0 720 0 0 0 
0 634 0 0 0 
11 555 0 0 0 
0 625 2 0 0 
0 620 0 0 0 
1 627 0 0 0 
0 619 0 0 0 
0 567 4 0 0 
0 628 0 0 0 
0 628 0 0 0 
0 650 0 0 0 
0 612 0 0 0 
0 604 7 0 0 
0 627 0 0 0 
4 664 0 0 0 
0 613 0 0 0 
0 607 0 0 0 
0 641 0 0 0 
0 670 0 0 0 
0 604 0 0 0 
0 637 2 0 0 
0 623 0 0 0 
0 632 0 0 0 
0 710 0 0 0 
0 655 0 0 0 
0 646 0 0 0 
5 642 0 0 0 
0 638 0 0 0 
0 645 0 0 0 
2 609 0 0 0 
0 610 0 0 0 
0 691 0 0 0 
0 613 1 0 0 
0 673 3 0 0 
1 536 3 0 0 
0 574 0 0 0 
2 631 0 0 0 
0 652 0 0 0 
0 656 0 0 0 
0 634 0 0 0 
0 538 0 0 0 
0 594 0 0 0 
3 638 0 0 0 
0 623 0 0 0 
0 702 0 0 0 
0 639 0 0 0 
0 676 0 0 0 
0 632 0 0 0 
0 635 0 0 0 
6 649 0 0 0 
0 663 0 0 0 
3 574 0 0 0 
0 642 0 0 0 
0 588 0 0 0 
0 620 0 0 0 
1 654 0 0 0 
0 620 0 0 0 
0 615 0 0 0 
0 616 0 0 0 
4 681 0 0 0 
0 658 0 0 0 
0 518 0 0 0 
0 607 0 0 0 
0 612 0 0 0 
0 624 0 0 0 
7 610 0 0 0 
0 610 0 0 0 
0 601 0 0 0 
0 621 0 0 0 
0 666 0 0 0 
0 649 1 0 0 
0 562 1 0 0 
0 549 0 0 0 
0 657 0 0 0 
0 681 0 0 0 
0 648 5 0 0 
11 595 0 0 0 
6 656 0 0 0 
0 611 0 0 0 
0 626 0 0 0 
0 673 0 0 0 
0 671 0 0 0 
0 625 0 0 0 
0 635 0 0 0 
0 674 0 0 0 
0 668 0 0 0 
0 697 0 0 0 
0 660 0 0 0 
0 681 0 0 0 
0 670 0 0 0 
0 644 0 0 0 
0 565 0 0 0 
0 642 0 0 0 
0 607 0 0 0 
0 599 16 0 0 
1 679 0 0 0 
0 667 0 0 0 
0 613 0 0 0 
0 647 0 0 0 
0 579 0 0 0 
0 597 0 0 0 
24 580 0 0 0 
0 605 3 0 0 
0 658 0 0 0 
0 555 0 0 0 
0 597 0 0 0 
4 595 0 0 0 
0 629 0 0 0 
0 627 0 0 0 
0 536 0 0 0 
0 624 0 0 0 
6 601 0 0 0 
0 661 0 0 0 
0 580 20 0 0 
2 591 0 0 0 
0 607 0 0 0 
0 709 0 0 0 
0 645 1 0 0 
0 685 0 0 0 
0 622 2 0 0 
0 632 0 0 0 
0 663 0 0 0 
0 689 0 0 0 
0 645 0 0 0 
0 627 0 0 0 
21 617 0 0 0 
0 587 1 0 0 
0 645 0 0 0 
0 653 4 0 0 
2 632 0 0 0 
0 616 0 0 0 
0 678 0 0 0 
0 530 0 0 0 
0 655 2 0 0 
0 620 0 0 0 
0 668 0 0 0 
0 634 0 0 0 
0 696 1 0 0 
0 675 0 0 0 
0 599 5 0 0 
0 632 0 0 0 
0 687 0 0 0 
18 616 0 0 0 
0 587 0 0 0 
0 639 0 0 0 
0 652 0 0 0 
0 651 0 0 0 
1 614 0 0 0 
0 639 0 0 0 
0 629 0 0 0 
1 592 20 0 0 
0 638 0 0 0 
0 634 13 0 0 
15 675 0 0 0 
0 671 0 0 0 
2 586 0 0 0 
4 545 0 0 0 
0 653 0 0 0 
0 584 14 0 0 
0 585 0 0 0 
0 656 0 0 0 
0 704 0 0 0 
6 630 0 0 0 
25 586 0 0 0 
0 657 0 0 0 
7 646 0 0 0 
0 611 0 0 0 
8 643 0 0 0 
0 662 0 0 0 
3 636 0 0 0 
0 655 0 0 0 
0 626 0 0 0 
0 511 0 0 0 
0 610 26 0 0 
0 645 0 0 0 
2 556 0 0 0 
1 614 5 0 0 
10 590 0 0 0 
0 525 0 0 0 
0 597 0 0 0 
0 597 0 0 0 
0 575 0 0 0 
0 548 0 0 0 
0 557 1 0 0 
0 672 0 0 0 
0 676 0 0 0 
0 626 0 0 0 
0 618 0 0 0 
7 604 0 0 0 
0 565 0 0 0 
0 611 1 0 0 
0 633 0 0 0 
0 661 0 0 0 
0 629 0 0 0 
0 672 0 0 0 
1 630 0 0 0 
0 612 0 0 0 
0 594 0 0 0 
0 627 0 0 0 
0 628 0 0 0 
0 709 4 0 0 
5 621 1 0 0 
0 705 0 0 0 
0 585 9 0 0 
5 581 0 0 0 
0 601 0 0 0 
0 554 0 0 0 
0 674 1 0 0 
0 635 5 0 0 
4 579 0 0 0 
0 502 0 0 0 
0 563 5 0 0 
0 608 0 0 0 
0 561 0 0 0 
0 606 0 0 0 
0 687 0 0 0 
5 654 0 0 0 
0 710 0 0 0 
0 620 1 0 0 
6 553 0 0 0 
0 712 0 0 0 
2 591 0 0 0 
0 632 0 0 0 
2 603 0 0 0 
0 578 0 0 0 
0 653 0 0 0 
0 629 0 0 0 
0 698 0 0 0 
0 615 0 0 0 
0 607 1 0 0 
0 647 0 0 0 
1 604 0 0 0 
0 535 1 0 0 
5 678 0 0 0 
0 620 0 0 0 
0 634 5 0 0 
0 606 0 0 0 
0 607 0 0 0 
0 761 0 0 0 
0 608 0 0 0 
0 584 2 0 0 
0 664 0 0 0 
0 663 0 0 0 
4 678 0 0 0 
0 641 0 0 0 
5 746 0 0 0 
0 585 4 0 0 
55 604 0 0 0 
0 657 0 0 0 
0 629 0 0 0 
0 621 0 0 0 
0 639 0 0 0 
0 670 0 0 0 
0 639 9 0 0 
28 644 0 0 0 
0 607 0 0 0 
0 692 7 0 0 
0 623 0 0 0 
0 585 0 0 0 
0 627 3 0 0 
14 592 0 0 0 
0 649 0 0 0 
1 652 0 0 0 
0 631 0 0 0 
0 651 2 0 0 
0 620 0 0 0 
0 647 0 0 0 
0 663 0 0 0 
0 697 0 0 0 
0 647 0 0 0 
0 587 0 0 0 
3 507 0 0 0 
0 674 0 0 0 
0 598 0 0 0 
0 587 0 0 0 
8 566 0 0 0 
0 643 0 0 0 
1 639 0 0 0 
0 686 0 0 0 
0 618 0 0 0 
0 641 0 0 0 
0 647 0 0 0 
0 630 19 0 0 
0 766 0 0 0 
0 648 0 0 0 
1 570 20 0 0 
0 700 0 0 0 
1 623 0 0 0 
0 605 4 0 0 
0 568 0 0 0 
0 636 0 0 0 
0 650 0 0 0 
28 556 0 0 0 
16 635 0 0 0 
0 577 0 0 0 
0 617 0 0 0 
0 602 3 0 0 
0 680 0 0 0 
0 595 15 0 0 
8 672 0 0 0 
0 670 0 0 0 
0 619 0 0 0 
0 621 0 0 0 
0 567 19 0 0 
0 630 0 0 0 
0 635 3 0 0 
7 586 0 0 0 
0 589 2 0 0 
0 668 0 0 0 
3 696 0 0 0 
0 637 0 0 0 
0 654 0 0 0 
0 662 0 0 0 
0 563 0 0 0 
0 643 0 0 0 
5 678 0 0 0 
0 653 0 0 0 
0 673 0 0 0 
0 619 2 0 0 
0 701 6 0 0 
0 657 0 0 0 
0 572 32 0 0 
0 622 0 0 0 
0 611 0 0 0 
0 663 6 0 0 
0 602 0 0 0 
0 621 1 0 0 
0 649 0 0 0 
0 590 0 0 0 
0 628 6 0 0 
0 640 0 0 0 
2 676 0 0 0 
0 693 0 0 0 
0 538 0 0 0 
0 618 0 0 0 
0 580 0 0 0 
0 670 0 0 0 
6 575 18 0 0 
1 628 0 0 0 
0 682 1 0 0 
0 623 1 0 0 
0 690 0 0 0 
0 684 0 0 0 
0 554 4 0 0 
0 619 0 0 0 
0 643 0 0 0 
12 649 0 0 0 
0 676 1 0 0 
0 645 1 0 0 
12 676 32 0 0 
4 667 0 0 0 
0 633 0 0 0 
0 632 0 0 0 
0 592 0 0 0 
0 626 7 0 0 
4 600 0 0 0 
0 597 1 0 0 
0 618 0 0 0 
0 553 49 0 0 
1 705 0 0 0 
0 624 0 0 0 
0 656 0 0 0 
0 642 0 0 0 
0 629 0 0 0 
0 642 0 0 0 
0 563 0 0 0 
0 722 4 0 0 
0 579 0 0 0 
2 640 0 0 0 
0 645 0 0 0 
1 519 1 0 0 
0 651 0 0 0 
0 688 1 0 0 
5 655 5 0 0 
0 607 0 0 0 
7 700 0 0 0 
0 643 0 0 0 
0 589 0 0 0 
0 679 0 0 0 
0 656 0 0 0 
0 658 0 0 0 
0 643 0 0 0 
3 554 0 0 0 
0 701 0 0 0 
0 704 7 0 0 
9 613 0 0 0 
0 650 0 0 0 
0 500 0 0 0 
1 659 0 0 0 
0 628 2 0 0 
1 633 12 0 0 
4 617 0 0 0 
0 622 0 0 0 
0 617 0 0 0 
0 610 0 0 0 
0 565 4 0 0 
0 614 0 0 0 
0 623 0 0 0 
0 601 0 0 0 
0 719 0 0 0 
0 597 0 0 0 
0 668 0 0 0 
0 558 0 0 0 
5 610 0 0 0 
0 651 0 0 0 
0 701 0 0 0 
0 607 0 0 0 
0 612 8 0 0 
0 659 0 0 0 
0 591 32 0 0 
0 641 5 0 0 
0 563 0 0 0 
1 661 0 0 0 
0 693 0 0 0 
15 624 0 0 0 
0 719 0 0 0 
0 684 0 0 0 
0 516 0 0 0 
10 668 0 0 0 
0 615 0 0 0 
0 621 2 0 0 
0 491 11 0 0 
1 597 0 0 0 
0 600 0 0 0 
0 655 0 0 0 
28 616 0 0 0 
0 613 0 0 0 
0 559 0 0 0 
0 543 10 0 0 
0 644 0 0 0 
0 668 0 0 0 
0 623 0 0 0 
20 640 0 0 0 
0 620 0 0 0 
0 627 14 0 0 
0 662 0 0 0 
5 611 0 0 0 
0 682 0 0 0 
0 630 0 0 0 
0 626 0 0 0 
0 613 0 0 0 
0 551 0 0 0 
0 665 4 0 0 
0 611 8 0 0 
0 634 0 0 0 
0 660 0 0 0 
0 584 1 0 0 
0 669 0 0 0 
0 648 0 0 0 
0 703 0 0 0 
0 623 0 0 0 
18 635 0 0 0 
0 637 0 0 0 
0 667 0 0 0 
1 614 0 0 0 
0 515 0 0 0 
0 643 0 0 0 
4 583 10 0 0 
0 728 0 0 0 
0 579 0 0 0 
0 578 7 0 0 
0 631 7 0 0 
0 643 0 0 0 
0 649 0 0 0 
9 641 0 0 0 
0 618 0 0 0 
0 584 2 0 0 
7 626 1 0 0 
0 609 0 0 0 
35 574 0 0 0 
0 593 0 0 0 
0 630 0 0 0 
0 617 0 0 0 
0 653 1 0 0 
0 658 0 0 0 
0 693 13 0 0 
0 606 3 0 0 
13 583 0 0 0 
0 555 0 0 0 
0 693 0 0 0 
0 635 0 0 0 
0 666 0 0 0 
1 647 0 0 0 
0 683 6 0 0 
0 482 10 0 0 
0 607 0 0 0 
8 585 9 0 0 
0 607 19 0 0 
0 665 0 0 0 
0 685 0 0 0 
0 683 0 0 0 
18 658 6 0 0 
0 708 0 0 0 
0 671 0 0 0 
0 644 20 0 0 
8 543 8 0 0 
0 583 0 0 0 
0 644 0 0 0 
0 670 6 0 0 
0 573 34 0 0 
0 567 0 0 0 
12 577 0 0 0 
14 688 0 0 0 
0 666 22 0 0 
0 622 0 0 0 
0 585 10 0 0 
0 633 0 0 0 
0 565 0 0 0 
0 625 0 0 0 
0 605 0 0 0 
0 635 0 0 0 
4 563 0 0 0 
2 678 0 0 0 
8 620 2 0 0 
3 629 0 0 0 
0 575 0 0 0 
0 598 0 0 0 
0 657 0 0 0 
0 635 0 0 0 
0 654 9 0 0 
0 687 0 0 0 
8 570 0 0 0 
0 656 4 0 0 
0 624 0 0 0 
0 650 0 0 0 
5 648 0 0 0 
0 604 0 0 0 
3 637 0 0 0 
0 652 0 0 0 
0 647 0 0 0 
0 651 0 0 0 
3 566 0 0 0 
0 610 15 0 0 
0 587 0 0 0 
0 625 0 0 0 
0 640 0 0 0 
6 577 0 0 0 
0 619 0 0 0 
0 624 0 0 0 
0 630 0 0 0 
0 611 0 0 0 
0 597 0 0 0 
0 588 0 0 0 
0 650 0 0 0 
0 586 0 0 0 
0 568 0 0 0 
1 656 0 0 0 
2 539 0 0 0 
0 571 7 0 0 
0 579 0 0 0 
6 593 0 0 0 
0 636 0 0 0 
0 626 13 0 0 
0 632 0 0 0 
10 626 0 0 0 
0 627 0 0 0 
0 669 0 0 0 
0 630 0 0 0 
0 650 0 0 0 
0 668 0 0 0 
0 698 18 0 0 
0 671 0 0 0 
0 702 0 0 0 
2 603 7 0 0 
0 665 0 0 0 
0 625 14 0 0 
0 612 0 0 0 
0 719 0 0 0 
2 535 0 0 0 
0 570 30 0 0 
0 644 5 0 0 
0 559 0 0 0 
4 686 0 0 0 
5 720 0 0 0 
0 616 0 0 0 
0 618 0 0 0 
3 575 0 0 0 
14 573 1 0 0 
1 657 0 0 0 
0 716 0 0 0 
0 569 0 0 0 
32 557 0 0 0 
14 568 2 0 0 
0 633 0 0 0 
0 610 0 0 0 
0 694 0 0 0 
0 654 0 0 0 
0 656 0 0 0 
0 608 0 0 0 
0 621 0 0 0 
0 663 0 0 0 
0 684 0 0 0 
11 626 1 0 0 
10 565 8 0 0 
0 608 0 0 0 
0 548 16 0 0 
0 616 0 0 0 
0 644 0 0 0 
0 657 0 0 0 
0 579 0 0 0 
0 673 0 0 0 
0 581 0 0 0 
0 744 0 0 0 
0 620 0 0 0 
1 613 0 0 0 
0 616 0 0 0 
0 600 0 0 0 
0 556 0 0 0 
0 664 0 0 0 
0 644 11 0 0 
12 564 0 0 0 
0 658 0 0 0 
2 639 0 0 0 
6 607 0 0 0 
0 624 0 0 0 
0 644 0 0 0 
0 695 0 0 0 
0 618 0 0 0 
0 633 5 0 0 
0 665 0 0 0 
4 637 0 0 0 
0 598 0 0 0 
0 666 0 0 0 
8 647 0 0 0 
0 604 0 0 0 
2 600 0 0 0 
0 646 5 0 0 
0 603 0 0 0 
0 625 0 0 0 
0 629 0 0 0 
0 551 0 0 0 
0 677 0 0 0 
0 622 0 0 0 
5 614 0 0 0 
4 586 0 0 0 
0 622 0 0 0 
0 691 0 0 0 
0 569 0 0 0 
0 688 0 0 0 
0 644 0 0 0 
0 619 0 0 0 
0 621 0 0 0 
5 603 0 0 0 
0 631 0 0 0 
0 608 2 0 0 
0 539 12 0 0 
0 637 2 0 0 
0 625 0 0 0 
0 741 0 0 0 
10 579 0 0 0 
0 641 0 0 0 
0 709 0 0 0 
0 722 0 0 0 
0 593 0 0 0 
0 555 0 0 0 
0 617 20 0 0 
0 654 15 0 0 
0 646 12 0 0 
0 613 0 0 0 
2 626 0 0 0 
0 651 15 0 0 
0 578 8 0 0 
0 612 0 0 0 
0 656 0 0 0 
0 561 0 0 0 
0 552 0 0 0 
0 647 0 0 0 
0 588 0 0 0 
1 578 0 0 0 
0 630 0 0 0 
1 626 0 0 0 
0 593 0 0 0 
0 664 0 0 0 
0 637 0 0 0 
0 632 0 0 0 
0 654 0 0 0 
3 635 0 0 0 
0 653 0 0 0 
0 571 0 0 0 
0 628 6 0 0 
0 632 0 0 0 
0 587 0 0 0 
0 618 11 0 0 
0 641 1 0 0 
15 625 3 0 0 
0 707 0 0 0 
0 631 0 0 0 
0 633 0 0 0 
0 537 30 0 0 
0 665 0 0 0 
0 728 0 0 0 
0 595 0 0 0 
0 580 22 0 0 
19 626 0 0 0 
0 702 0 0 0 
0 613 0 0 0 
0 656 0 0 0 
2 617 0 0 0 
0 649 0 0 0 
36 626 0 0 0 
0 599 28 0 0 
0 722 0 0 0 
0 697 0 0 0 
0 504 0 0 0 
0 690 0 0 0 
0 606 9 0 0 
0 550 0 0 0 
1 550 0 0 0 
0 649 0 0 0 
0 531 14 0 0 
0 660 0 0 0 
0 701 0 0 0 
0 663 0 0 0 
0 668 2 0 0 
0 660 0 0 0 
11 568 0 0 0 
0 571 16 0 0 
0 581 0 0 0 
0 662 0 0 0 
0 604 0 0 0 
5 578 0 0 0 
0 597 0 0 0 
0 642 0 0 0 
0 635 0 0 0 
0 625 0 0 0 
0 674 0 0 0 
11 542 0 0 0 
0 722 0 0 0 
0 602 0 0 0 
0 666 0 0 0 
0 639 0 0 0 
4 636 0 0 0 
0 628 1 0 0 
0 608 9 0 0 
0 596 0 0 0 
0 631 0 0 0 
0 611 20 0 0 
0 597 0 0 0 
0 652 2 0 0 
17 602 0 0 0 
0 581 7 0 0 
0 639 0 0 0 
0 576 0 0 0 
0 602 10 0 0 
0 614 0 0 0 
5 576 0 0 0 
1 644 1 0 0 
0 552 0 0 0 
0 619 0 0 0 
0 567 17 0 0 
0 580 0 0 0 
1 590 0 0 0 
4 605 0 0 0 
0 628 0 0 0 
0 661 1 0 0 
0 726 0 0 0 
0 703 0 0 0 
0 649 0 0 0 
20 606 0 0 0 
0 700 0 0 0 
0 630 0 0 0 
0 689 0 0 0 
0 590 0 0 0 
0 647 0 0 0 
0 635 0 0 0 
0 578 0 0 0 
0 621 1 0 0 
0 673 0 0 0 
0 604 7 0 0 
0 672 0 0 0 
0 428 3 0 0 
4 598 7 0 0 
0 681 1 0 0 
6 558 0 0 0 
3 581 0 0 0 
0 592 14 0 0 
1 619 0 0 0 
0 615 0 0 0 
10 592 0 0 0 
0 610 0 0 0 
0 631 22 0 0 
0 615 0 0 0 
0 646 0 0 0 
7 613 0 0 0 
0 660 0 0 0 
0 683 0 0 0 
0 624 0 0 0 
0 668 0 0 0 
4 672 0 0 0 
0 577 25 0 0 
0 616 0 0 0 
0 536 0 0 0 
0 634 0 0 0 
0 631 0 0 0 
0 654 4 0 0 
0 603 0 0 0 
0 652 0 0 0 
0 638 2 0 0 
0 608 7 0 0 
0 632 10 0 0 
5 620 0 0 0 
0 654 0 0 0 
0 661 0 0 0 
0 604 0 0 0 
0 693 0 0 0 
2 606 0 0 0 
0 533 3 0 0 
0 642 1 0 0 
0 595 0 0 0 
0 664 0 0 0 
0 646 0 0 0 
6 693 0 0 0 
0 582 0 0 0 
0 514 6 0 0 
0 719 0 0 0 
0 633 0 0 0 
4 624 1 0 0 
0 566 0 0 0 
34 572 0 0 0 
3 597 2 0 0 
0 601 11 0 0 
0 620 0 0 0 
0 635 0 0 0 
0 619 19 0 0 
0 654 0 0 0 
0 565 0 0 0 
0 680 0 0 0 
0 620 0 0 0 
0 605 0 0 0 
2 650 0 0 0 
0 727 0 0 0 
0 651 0 0 0 
0 586 0 0 0 
0 635 0 0 0 
0 704 0 0 0 
0 618 26 0 0 
0 587 0 0 0 
13 611 0 0 0 
0 653 0 0 0 
0 622 2 0 0 
0 673 0 0 0 
0 683 0 0 0 
28 580 2 0 0 
20 610 0 0 0 
0 598 0 0 0 
0 582 0 0 0 
18 590 3 0 0 
0 630 0 0 0 
