0 39 64 
0 47 117 
0 49 91 
0 26 100 
0 26 68 
0 30 73 
0 36 40 
0 25 107 
0 8 91 
0 24 85 
0 21 94 
0 17 107 
0 51 99 
0 14 54 
0 11 123 
0 33 100 
0 25 146 
0 6 67 
0 16 57 
0 11 98 
0 41 72 
0 23 91 
0 28 130 
0 36 73 
0 12 94 
0 86 78 
0 35 87 
0 17 61 
0 10 119 
0 26 102 
0 9 102 
0 22 40 
0 23 59 
0 10 72 
0 27 95 
0 29 79 
0 10 130 
0 8 101 
0 16 55 
0 9 80 
0 31 136 
0 28 171 
0 27 108 
0 46 95 
0 21 53 
0 33 204 
0 45 84 
0 28 112 
0 54 161 
0 35 81 
0 20 175 
0 28 133 
0 18 74 
0 27 65 
0 17 123 
0 54 109 
0 12 113 
0 40 64 
0 32 101 
0 26 88 
0 25 132 
0 32 44 
0 19 96 
0 14 81 
0 72 65 
0 61 31 
0 39 91 
0 16 169 
0 16 106 
0 15 75 
0 34 67 
0 31 103 
0 29 60 
0 13 80 
0 33 75 
0 42 31 
0 20 99 
0 41 65 
0 21 87 
0 48 99 
0 19 142 
0 38 87 
0 33 95 
0 27 116 
0 51 107 
0 21 53 
0 16 54 
0 31 105 
0 10 82 
0 30 68 
0 18 125 
0 24 58 
0 32 151 
0 16 146 
0 18 67 
0 51 119 
0 13 66 
0 46 104 
0 22 102 
0 34 75 
0 34 78 
0 19 62 
0 39 49 
0 25 78 
0 45 51 
0 60 89 
0 34 161 
0 27 76 
0 46 83 
0 33 86 
0 18 129 
0 19 100 
0 44 106 
0 23 76 
0 50 125 
0 33 84 
0 36 116 
0 15 96 
0 20 51 
0 45 61 
0 26 72 
0 35 135 
0 43 148 
0 26 81 
0 20 73 
0 30 75 
0 49 106 
0 68 112 
0 17 79 
0 26 85 
0 15 67 
0 18 88 
0 22 83 
0 17 129 
0 61 60 
0 33 52 
0 27 33 
0 24 57 
0 38 83 
0 46 119 
0 23 100 
0 33 59 
0 31 104 
0 64 132 
0 33 143 
0 55 56 
0 18 60 
0 61 93 
0 12 57 
0 54 76 
0 17 71 
0 29 160 
0 13 39 
0 34 143 
0 17 125 
0 10 158 
0 16 55 
0 33 72 
0 13 74 
0 21 50 
0 35 84 
0 7 146 
0 14 65 
0 1 31 
0 17 122 
0 22 73 
0 38 73 
0 46 160 
0 26 61 
0 34 138 
0 59 118 
0 29 99 
0 14 121 
0 26 103 
0 28 139 
0 14 55 
0 51 87 
0 27 142 
0 28 74 
0 12 59 
0 61 76 
0 19 98 
0 25 81 
0 39 94 
0 39 140 
0 13 94 
0 46 87 
0 50 30 
0 37 166 
0 21 119 
0 17 98 
0 16 64 
0 22 101 
0 10 134 
0 23 98 
0 24 70 
0 37 112 
0 12 77 
0 39 67 
0 26 152 
0 13 51 
0 33 77 
0 24 73 
0 3 78 
0 11 48 
0 13 45 
0 53 60 
0 26 63 
0 7 60 
0 58 102 
0 31 92 
0 25 90 
0 11 20 
0 32 67 
0 35 96 
0 51 78 
0 15 82 
0 9 104 
0 16 157 
0 31 176 
0 50 148 
0 3 67 
0 33 59 
0 23 49 
0 20 137 
0 24 104 
0 24 161 
0 25 55 
0 32 110 
0 12 106 
0 24 134 
0 13 83 
0 32 143 
0 24 55 
0 32 75 
0 32 93 
0 36 127 
0 56 114 
0 32 118 
0 30 53 
0 37 87 
0 38 132 
0 28 71 
0 29 48 
0 26 115 
0 23 149 
0 43 120 
0 26 65 
0 11 50 
0 21 52 
0 27 86 
0 16 88 
0 26 78 
0 30 31 
0 59 121 
0 41 74 
0 28 66 
0 17 95 
0 30 92 
0 50 70 
0 53 91 
0 23 93 
0 32 71 
0 19 157 
0 63 54 
0 23 86 
0 16 152 
0 33 44 
0 48 54 
0 33 142 
0 23 57 
0 3 66 
0 32 76 
0 11 58 
0 58 56 
0 48 142 
0 28 64 
0 8 147 
0 17 122 
0 12 82 
0 21 109 
0 17 38 
0 29 110 
0 10 52 
0 23 133 
0 44 107 
0 14 62 
0 12 118 
0 41 58 
0 8 119 
0 27 79 
0 29 116 
0 16 72 
0 26 37 
0 13 74 
0 22 36 
0 50 144 
0 36 162 
0 12 67 
0 30 191 
0 8 25 
0 45 74 
0 27 54 
0 23 98 
0 21 104 
0 26 62 
0 17 109 
0 37 165 
0 16 137 
0 44 85 
0 36 60 
0 19 60 
0 12 98 
0 37 85 
0 18 104 
0 12 97 
0 15 188 
0 23 84 
0 22 168 
0 29 107 
0 30 96 
0 47 105 
0 10 80 
0 14 136 
0 29 158 
0 14 90 
0 49 94 
0 15 80 
0 75 86 
0 47 103 
0 4 110 
0 42 96 
0 28 125 
0 50 85 
0 54 62 
0 51 122 
0 23 174 
0 24 112 
0 23 52 
0 28 63 
0 31 172 
0 35 55 
0 30 47 
0 63 150 
0 21 146 
0 33 99 
0 13 74 
0 34 125 
0 30 66 
0 48 178 
0 25 46 
0 10 42 
0 84 50 
0 28 102 
0 27 75 
0 49 139 
0 18 40 
0 27 29 
0 24 79 
0 32 80 
0 48 62 
0 31 80 
0 40 147 
0 44 15 
0 49 145 
0 50 40 
0 4 122 
0 39 91 
0 56 33 
0 5 166 
0 18 152 
0 40 62 
0 29 86 
0 38 59 
0 50 105 
0 26 121 
0 37 99 
0 29 43 
0 21 89 
0 29 78 
0 38 108 
0 21 123 
0 11 144 
0 18 34 
0 20 113 
0 48 77 
0 17 59 
0 20 16 
0 39 42 
0 14 106 
0 36 76 
0 19 100 
0 20 54 
0 14 90 
0 5 83 
0 6 134 
0 19 119 
0 0 176 
0 8 82 
0 5 100 
0 37 86 
0 33 119 
0 17 53 
0 32 80 
0 37 149 
0 11 106 
0 16 58 
0 18 71 
0 23 32 
0 20 49 
0 34 44 
0 15 88 
0 31 94 
0 13 52 
0 17 196 
0 40 129 
0 15 137 
0 34 130 
0 55 43 
0 18 141 
0 28 46 
0 20 84 
0 7 114 
0 46 64 
0 22 83 
0 31 113 
0 38 99 
0 10 71 
0 49 133 
0 41 65 
0 10 108 
0 40 87 
0 48 90 
0 25 129 
0 15 87 
0 29 64 
0 8 36 
0 13 112 
0 4 81 
0 44 68 
0 48 138 
0 42 92 
0 37 71 
0 27 43 
0 17 112 
0 31 175 
0 17 172 
0 56 105 
0 7 152 
0 30 132 
0 25 103 
0 23 115 
0 40 92 
0 27 65 
0 20 88 
0 13 91 
0 4 83 
0 34 128 
0 26 63 
0 13 88 
0 45 74 
0 59 88 
0 16 121 
0 28 131 
0 34 66 
0 36 110 
0 48 75 
0 11 122 
0 25 187 
0 25 83 
0 56 96 
0 42 143 
0 25 106 
0 17 78 
0 22 86 
0 3 111 
0 31 71 
0 21 61 
0 21 72 
0 16 66 
0 14 88 
0 55 97 
0 25 86 
0 6 47 
0 43 83 
0 32 89 
0 70 98 
0 50 45 
0 39 150 
0 22 147 
0 14 69 
0 24 82 
0 24 77 
0 12 75 
0 33 70 
0 23 61 
0 24 89 
0 11 56 
0 33 57 
0 48 50 
0 23 200 
0 28 93 
0 18 97 
0 26 77 
0 46 113 
0 8 61 
0 16 102 
0 41 94 
0 19 25 
0 21 126 
0 7 87 
0 64 80 
0 7 91 
0 41 117 
0 45 37 
0 46 105 
0 25 47 
0 30 98 
0 30 121 
0 14 210 
0 6 85 
0 9 131 
0 34 57 
0 15 116 
0 42 92 
0 59 50 
0 22 53 
0 17 75 
0 28 57 
0 29 79 
0 17 90 
0 20 77 
0 24 202 
0 8 40 
0 11 45 
0 20 86 
0 23 58 
0 57 26 
0 39 78 
0 68 79 
0 21 78 
0 51 63 
0 12 50 
0 17 58 
0 29 50 
0 29 138 
0 15 88 
0 10 147 
0 30 94 
0 11 117 
0 24 78 
0 25 145 
0 28 81 
0 46 129 
0 22 34 
0 14 61 
0 36 101 
0 9 91 
0 23 132 
0 12 131 
0 7 122 
0 27 59 
0 35 74 
0 40 140 
0 39 87 
0 23 36 
0 26 31 
0 9 81 
0 32 97 
0 52 69 
0 1 153 
0 43 45 
0 71 117 
0 1 109 
0 48 195 
0 31 33 
0 15 102 
0 66 117 
0 36 139 
0 11 78 
0 29 100 
0 41 159 
0 27 109 
0 13 126 
0 11 97 
0 23 63 
0 26 156 
0 48 110 
0 18 72 
0 47 56 
0 37 101 
0 36 25 
0 21 43 
0 38 63 
0 45 69 
0 33 118 
0 51 44 
0 20 76 
0 15 97 
0 37 91 
0 30 127 
0 37 39 
0 7 136 
0 3 72 
0 17 23 
0 36 70 
0 16 94 
0 35 37 
0 24 132 
0 20 92 
0 25 121 
0 31 71 
0 5 79 
0 20 123 
0 38 91 
0 12 51 
0 9 87 
0 34 117 
0 10 88 
0 29 83 
0 47 95 
0 10 49 
0 7 101 
0 31 124 
0 47 98 
0 61 129 
0 35 83 
0 21 55 
0 46 125 
0 14 46 
0 18 44 
0 12 38 
0 13 105 
0 41 34 
0 29 64 
0 18 38 
0 28 80 
0 21 71 
0 20 49 
0 43 99 
0 51 66 
0 1 127 
0 13 132 
0 56 45 
0 28 182 
0 13 81 
0 13 89 
0 26 81 
0 55 92 
0 49 91 
0 46 120 
0 17 89 
0 54 135 
0 20 76 
0 80 102 
0 16 127 
0 12 47 
0 31 60 
0 25 78 
0 14 52 
0 13 54 
0 67 85 
0 50 49 
0 40 76 
0 19 124 
0 55 79 
0 8 46 
0 12 184 
0 42 45 
0 37 145 
0 15 120 
0 35 112 
0 25 46 
0 9 140 
0 18 90 
0 19 129 
0 63 90 
0 32 56 
0 14 79 
0 42 38 
0 35 73 
0 30 56 
0 12 93 
0 24 63 
0 40 279 
0 18 61 
0 32 253 
0 32 103 
0 25 86 
0 49 96 
0 45 100 
0 48 48 
0 19 52 
0 47 93 
0 22 119 
0 42 61 
0 14 112 
0 26 113 
0 26 102 
0 24 148 
0 22 95 
0 22 57 
0 14 124 
0 2 29 
0 64 128 
0 54 112 
0 19 106 
0 35 139 
0 12 63 
0 14 75 
0 22 61 
0 8 91 
0 29 61 
0 13 66 
0 35 91 
0 26 102 
0 31 63 
0 23 89 
0 50 28 
0 14 64 
0 21 80 
0 47 138 
0 21 81 
0 42 80 
0 21 78 
0 38 73 
0 38 49 
0 34 62 
0 36 106 
0 18 103 
0 3 49 
0 22 62 
0 15 100 
0 7 28 
0 17 227 
0 50 109 
0 10 41 
0 17 109 
0 51 57 
0 34 84 
0 13 116 
0 12 95 
0 75 65 
0 19 67 
0 3 58 
0 20 84 
0 15 35 
0 5 45 
0 61 61 
0 18 193 
0 77 43 
0 32 55 
0 19 79 
0 39 76 
0 25 111 
0 43 87 
0 19 141 
0 3 138 
0 53 43 
0 21 65 
0 38 44 
0 14 88 
0 34 84 
0 39 117 
0 24 74 
0 20 127 
0 10 58 
0 32 170 
0 13 75 
0 76 130 
0 38 67 
0 14 113 
0 25 145 
0 21 75 
0 7 82 
0 26 44 
0 22 99 
0 29 40 
0 38 31 
0 12 104 
0 32 59 
0 43 79 
0 47 153 
0 8 128 
0 45 58 
0 20 82 
0 42 91 
0 27 131 
0 24 48 
0 9 86 
0 20 66 
0 22 62 
0 19 107 
0 9 21 
0 24 51 
0 14 55 
0 67 92 
0 23 107 
0 12 102 
0 35 73 
0 35 95 
0 43 45 
0 19 160 
0 48 174 
0 20 99 
0 29 53 
0 45 108 
0 21 93 
0 45 27 
0 14 198 
0 44 53 
0 43 122 
0 22 111 
0 34 59 
0 9 73 
0 44 78 
0 45 84 
0 25 97 
0 23 113 
0 34 107 
0 16 93 
0 46 59 
0 17 73 
0 27 95 
0 31 99 
0 57 77 
0 19 54 
0 35 55 
0 17 107 
0 17 113 
0 10 82 
0 40 97 
0 42 106 
0 18 83 
0 41 65 
0 10 92 
0 66 105 
0 25 114 
0 43 64 
0 32 132 
0 37 84 
0 18 117 
0 6 77 
0 24 123 
0 15 134 
0 16 121 
0 40 74 
0 51 129 
0 46 72 
0 14 72 
0 30 79 
0 13 108 
0 24 81 
0 21 79 
0 39 86 
0 13 105 
0 46 64 
0 17 93 
0 41 119 
0 21 125 
0 70 102 
0 27 98 
0 8 192 
0 34 146 
0 36 117 
0 16 65 
0 63 57 
0 40 129 
0 16 60 
0 52 95 
0 51 124 
0 69 186 
0 2 97 
0 26 80 
0 8 67 
0 22 123 
0 26 48 
0 19 73 
0 8 55 
0 29 168 
0 35 85 
0 24 73 
0 4 151 
0 56 87 
0 54 125 
0 29 118 
0 59 63 
0 18 147 
0 41 61 
0 29 93 
0 58 132 
0 37 72 
0 26 105 
0 35 97 
0 23 52 
0 32 69 
0 26 115 
0 40 70 
0 37 63 
0 27 50 
0 35 101 
0 43 82 
0 12 142 
0 68 94 
0 20 70 
0 51 91 
0 5 131 
0 6 123 
0 42 79 
0 28 156 
0 7 67 
0 49 139 
0 29 46 
0 23 98 
0 12 107 
0 11 41 
0 26 142 
0 11 92 
0 26 91 
0 7 68 
0 9 84 
0 26 146 
0 30 45 
0 23 38 
0 16 129 
0 20 103 
0 23 131 
0 20 111 
0 41 166 
0 29 102 
0 15 30 
0 29 187 
0 10 67 
0 33 169 
0 26 170 
0 21 109 
0 45 71 
0 19 139 
0 30 72 
0 31 61 
0 21 139 
0 7 101 
0 23 46 
0 37 58 
0 20 79 
0 32 70 
0 21 53 
0 10 66 
0 48 107 
0 21 88 
0 24 72 
0 38 53 
0 23 56 
0 33 67 
0 58 76 
0 39 103 
0 15 84 
0 25 95 
0 20 53 
0 38 141 
0 9 81 
0 51 81 
0 32 52 
0 17 124 
0 15 60 
0 22 142 
0 37 106 
0 19 121 
0 35 51 
0 11 95 
0 17 56 
0 1 49 
0 23 86 
0 39 24 
0 20 209 
0 25 66 
0 7 72 
0 34 114 
0 13 199 
0 9 137 
0 18 103 
0 46 97 
0 33 67 
0 18 96 
0 10 102 
0 12 101 
0 27 138 
0 25 61 
0 24 73 
0 11 59 
0 72 91 
0 11 28 
0 44 80 
0 57 77 
0 39 98 
0 22 112 
0 97 69 
0 12 135 
0 29 135 
0 23 105 
