0 313 1 
0 299 0 
0 264 0 
0 305 0 
0 333 0 
0 299 0 
0 299 9 
0 318 2 
0 353 0 
0 275 3 
0 302 0 
0 314 0 
0 321 0 
0 285 0 
0 289 0 
0 290 0 
0 360 0 
0 294 0 
0 302 0 
0 296 0 
0 300 0 
0 298 0 
0 296 1 
0 343 0 
0 304 0 
0 318 0 
0 287 2 
0 321 0 
0 288 0 
0 310 0 
0 326 0 
0 316 0 
0 323 5 
0 311 0 
0 339 0 
0 325 0 
0 316 7 
0 311 0 
0 310 0 
0 323 0 
0 321 1 
0 331 0 
0 351 0 
0 314 0 
0 320 0 
0 294 0 
0 353 0 
0 279 0 
0 333 0 
0 355 3 
0 318 0 
0 329 0 
0 319 0 
0 294 0 
0 313 3 
0 339 0 
0 321 0 
0 319 0 
0 327 0 
0 317 0 
0 321 0 
0 338 1 
0 280 0 
0 285 12 
0 339 0 
0 302 3 
0 302 0 
0 334 0 
0 301 0 
0 321 0 
0 330 0 
0 265 0 
0 272 0 
0 311 0 
0 308 0 
0 346 1 
0 275 0 
0 335 0 
0 322 4 
0 313 0 
0 338 17 
0 318 0 
0 329 0 
0 303 0 
0 278 0 
0 306 0 
0 265 0 
0 320 0 
0 289 0 
0 293 0 
0 275 0 
0 274 0 
0 349 1 
0 319 0 
0 348 0 
0 338 0 
0 319 0 
0 298 3 
0 325 0 
0 311 0 
0 285 0 
0 322 0 
0 352 0 
0 346 0 
0 339 0 
0 326 1 
0 316 0 
0 278 0 
0 289 4 
0 338 0 
0 299 0 
0 271 0 
0 303 0 
0 327 0 
0 350 0 
0 315 0 
0 295 0 
0 324 0 
0 290 3 
0 308 0 
0 296 0 
0 325 0 
0 303 1 
0 304 0 
0 267 0 
0 322 0 
0 326 2 
0 307 0 
0 320 0 
0 273 0 
0 259 0 
0 330 0 
0 293 0 
0 334 0 
0 308 17 
0 316 0 
0 316 0 
0 308 1 
0 288 0 
0 311 0 
0 283 0 
0 331 0 
0 303 0 
0 307 0 
0 323 0 
0 292 0 
0 284 0 
0 322 0 
0 356 0 
0 323 0 
0 333 0 
0 334 0 
0 333 0 
0 263 0 
0 303 0 
0 304 0 
0 315 0 
0 314 0 
0 262 0 
0 335 0 
0 318 0 
0 322 0 
0 339 0 
0 290 0 
0 315 0 
0 331 0 
0 325 0 
0 304 0 
0 301 0 
0 281 0 
0 345 0 
0 329 0 
0 292 0 
0 313 1 
0 292 0 
0 343 0 
0 298 0 
0 313 0 
0 306 0 
0 311 0 
0 295 0 
0 288 0 
0 321 0 
0 319 0 
0 324 0 
0 319 0 
0 307 0 
0 343 0 
0 289 0 
0 332 0 
0 330 0 
0 308 0 
0 320 0 
0 338 0 
0 311 0 
0 272 0 
0 290 0 
0 307 0 
0 341 0 
0 335 0 
0 302 0 
0 354 0 
0 310 0 
0 343 0 
0 298 0 
0 338 0 
0 335 0 
0 324 0 
0 319 0 
0 283 0 
0 344 0 
0 312 0 
0 300 0 
0 340 0 
0 293 0 
0 330 0 
0 267 0 
0 358 0 
0 306 0 
0 334 0 
0 270 0 
0 290 71 
0 338 0 
0 314 2 
0 336 0 
0 329 0 
0 285 12 
0 289 0 
0 328 0 
0 314 0 
0 290 0 
0 310 7 
0 308 0 
0 316 0 
0 332 0 
0 264 0 
0 313 0 
0 315 0 
0 346 0 
0 296 0 
0 328 0 
0 308 5 
0 298 25 
0 298 0 
0 368 0 
0 278 5 
0 336 0 
0 311 0 
0 376 0 
0 285 0 
0 287 0 
0 299 0 
0 322 0 
0 304 12 
0 332 2 
0 297 0 
0 305 0 
0 349 0 
0 279 5 
0 317 0 
0 319 0 
0 312 0 
0 362 0 
0 332 0 
0 290 0 
0 290 0 
0 310 0 
0 333 0 
0 344 0 
0 321 3 
0 318 0 
0 313 0 
0 296 0 
0 277 0 
0 302 0 
0 349 0 
0 278 0 
0 331 0 
0 316 0 
0 319 0 
0 285 0 
0 311 3 
0 335 3 
0 303 0 
0 286 4 
0 308 0 
0 323 8 
0 274 0 
0 300 0 
0 320 0 
0 292 7 
0 294 0 
0 337 0 
0 311 3 
0 303 0 
0 330 0 
0 267 0 
0 290 0 
0 328 0 
0 278 0 
0 311 0 
0 294 0 
0 314 0 
0 326 0 
0 297 0 
0 350 0 
0 268 0 
0 287 0 
0 299 0 
0 286 0 
0 347 0 
0 288 0 
0 285 0 
0 319 0 
0 279 0 
0 328 1 
0 341 0 
0 334 0 
0 320 0 
0 279 0 
0 305 0 
0 292 0 
0 289 0 
0 282 0 
0 316 0 
0 302 0 
0 327 5 
0 283 0 
0 312 0 
0 314 0 
0 298 8 
0 300 1 
0 316 0 
0 342 0 
0 326 0 
0 292 0 
0 347 0 
0 312 0 
0 312 10 
0 266 1 
0 321 0 
0 321 0 
0 289 0 
0 295 0 
0 281 0 
0 362 0 
0 355 0 
0 324 0 
0 315 0 
0 297 1 
0 345 0 
0 308 0 
0 308 0 
0 312 0 
0 277 0 
0 294 0 
0 313 0 
0 318 0 
0 328 0 
0 333 0 
0 345 0 
0 268 3 
0 303 0 
0 287 0 
0 272 3 
0 305 0 
0 342 0 
0 310 0 
0 297 0 
0 305 3 
0 352 0 
0 309 0 
0 320 0 
0 342 0 
0 305 4 
0 328 0 
0 311 0 
0 294 0 
0 329 0 
0 332 0 
0 321 3 
0 311 0 
0 303 0 
0 276 15 
0 306 0 
0 316 0 
0 299 0 
0 306 0 
0 314 0 
0 275 0 
0 355 0 
0 365 0 
0 325 0 
0 300 0 
0 307 0 
0 268 0 
0 316 0 
0 307 0 
0 300 0 
0 300 0 
0 300 0 
0 298 0 
0 306 0 
0 303 0 
0 285 0 
0 297 1 
0 308 0 
0 299 0 
0 331 0 
0 312 0 
0 334 0 
0 333 0 
0 323 0 
0 356 1 
0 336 0 
0 318 0 
0 320 0 
0 311 0 
0 336 0 
0 268 0 
0 293 0 
0 307 2 
0 335 0 
0 263 0 
0 336 0 
0 321 0 
0 351 0 
0 319 0 
0 314 0 
0 315 0 
0 326 1 
0 307 0 
0 296 0 
0 316 6 
0 314 0 
0 280 0 
0 269 0 
0 289 7 
0 282 0 
0 276 0 
0 309 0 
0 269 13 
0 310 0 
0 335 0 
0 335 0 
0 294 0 
0 318 0 
0 296 0 
0 314 0 
0 268 34 
0 317 0 
0 287 0 
0 263 0 
0 324 0 
0 331 0 
0 308 4 
0 278 0 
0 310 0 
0 278 0 
0 328 0 
0 319 3 
0 291 0 
0 338 0 
0 382 0 
0 243 2 
0 356 0 
0 323 0 
0 242 5 
0 325 0 
0 332 0 
0 291 0 
0 301 0 
0 315 0 
0 341 0 
0 326 0 
0 325 0 
0 327 5 
0 320 0 
0 302 0 
0 327 0 
0 305 0 
0 309 0 
0 309 0 
0 302 0 
0 307 0 
0 323 0 
0 320 0 
0 329 0 
0 337 0 
0 298 0 
0 284 0 
0 310 0 
0 319 0 
0 280 0 
0 329 0 
0 311 0 
0 280 0 
0 324 5 
0 310 0 
0 299 18 
0 260 2 
0 315 5 
0 314 1 
0 283 0 
0 305 0 
0 360 0 
0 294 3 
0 322 0 
0 343 0 
0 318 0 
0 327 0 
0 328 0 
0 342 0 
0 298 0 
0 285 0 
0 331 0 
0 317 0 
0 314 0 
0 357 0 
0 304 6 
0 300 0 
0 303 0 
0 263 0 
0 304 0 
0 324 0 
0 303 0 
0 310 0 
0 320 0 
0 308 0 
0 296 1 
0 339 0 
0 329 0 
0 309 0 
0 315 0 
0 264 0 
0 296 0 
0 310 0 
0 308 0 
0 299 0 
0 300 8 
0 326 0 
0 310 0 
0 284 0 
0 308 0 
0 356 0 
0 301 0 
0 299 0 
0 300 0 
0 260 0 
0 329 0 
0 339 0 
0 344 0 
0 318 0 
0 336 0 
0 262 10 
0 306 0 
0 283 0 
0 346 3 
0 334 0 
0 319 0 
0 327 0 
0 313 0 
0 303 0 
0 300 0 
0 320 0 
0 318 0 
0 320 0 
0 349 0 
0 319 0 
0 299 0 
0 307 0 
0 352 0 
0 293 4 
0 267 0 
0 305 0 
0 315 0 
0 304 0 
0 337 0 
0 296 0 
0 330 29 
0 284 0 
0 316 0 
0 315 0 
0 323 0 
0 314 0 
0 323 1 
0 309 0 
0 307 0 
0 328 0 
0 314 8 
0 316 0 
0 284 4 
0 296 0 
0 296 0 
0 277 0 
0 280 0 
0 292 0 
0 352 0 
0 304 0 
0 288 3 
0 316 0 
0 285 22 
0 323 0 
0 285 0 
0 337 10 
0 270 0 
0 293 0 
0 326 3 
0 305 0 
0 317 0 
0 330 0 
0 303 0 
0 331 0 
0 317 0 
0 302 0 
0 339 0 
0 308 0 
0 291 1 
0 330 0 
0 260 0 
0 331 4 
0 317 0 
0 333 0 
0 313 0 
0 333 0 
0 333 0 
0 338 0 
0 291 0 
0 312 0 
0 348 0 
0 270 0 
0 300 0 
0 304 0 
0 303 3 
0 308 0 
0 302 0 
0 297 0 
0 295 0 
0 315 0 
0 267 0 
0 315 0 
0 273 0 
0 323 1 
0 315 0 
0 303 0 
0 346 0 
0 290 27 
0 324 2 
0 266 4 
0 289 0 
0 277 0 
0 322 0 
0 293 0 
0 306 0 
0 305 0 
0 311 5 
0 327 0 
0 264 0 
0 248 0 
0 291 0 
0 315 1 
0 320 0 
0 308 4 
0 312 0 
0 337 0 
0 351 7 
0 310 0 
0 321 0 
0 290 0 
0 291 0 
0 323 0 
0 356 0 
0 330 0 
0 268 10 
0 265 0 
0 330 0 
0 339 0 
0 300 0 
0 274 0 
0 264 1 
0 294 0 
0 304 4 
0 346 0 
0 305 0 
0 329 0 
0 265 0 
0 337 0 
0 339 0 
0 295 0 
0 286 1 
0 331 0 
0 307 0 
0 340 0 
0 305 0 
0 345 0 
0 270 0 
0 288 0 
0 339 0 
0 285 0 
0 343 0 
0 303 3 
0 310 0 
0 296 0 
0 319 0 
0 327 0 
0 328 0 
0 315 0 
0 294 3 
0 307 0 
0 365 0 
0 329 0 
0 290 0 
0 332 0 
0 343 0 
0 296 0 
0 327 0 
0 295 0 
0 317 4 
0 326 0 
0 260 0 
0 322 0 
0 320 0 
0 275 0 
0 286 0 
0 272 0 
0 315 0 
0 286 0 
0 320 0 
0 289 0 
0 291 0 
0 329 0 
0 330 0 
0 308 0 
0 344 0 
0 343 0 
0 309 0 
0 320 0 
0 293 0 
0 306 2 
0 325 0 
0 281 2 
0 331 0 
0 339 0 
0 321 2 
0 311 0 
0 334 0 
0 272 0 
0 307 0 
0 329 0 
0 347 0 
0 302 0 
0 297 0 
0 323 0 
0 338 0 
0 309 0 
0 309 0 
0 340 0 
0 327 0 
0 320 5 
0 305 0 
0 294 0 
0 281 0 
0 328 2 
0 314 8 
0 308 0 
0 324 0 
0 331 6 
0 319 0 
0 323 0 
0 324 0 
0 341 0 
0 349 0 
0 335 24 
0 312 0 
0 281 0 
0 310 0 
0 354 3 
0 355 0 
0 308 0 
0 334 0 
0 287 0 
0 334 0 
0 335 0 
0 281 0 
0 308 10 
0 305 0 
0 299 0 
0 328 13 
0 260 0 
0 317 0 
0 301 0 
0 256 0 
0 297 0 
0 290 1 
0 350 0 
0 316 0 
0 352 0 
0 323 0 
0 288 0 
0 299 0 
0 317 0 
0 292 0 
0 289 0 
0 331 0 
0 318 7 
0 344 0 
0 273 0 
0 272 0 
0 324 0 
0 319 13 
0 349 0 
0 262 6 
0 271 0 
0 298 0 
0 315 4 
0 301 0 
0 314 0 
0 283 0 
0 304 3 
0 297 14 
0 316 0 
0 287 0 
0 310 0 
0 316 3 
0 309 0 
0 321 4 
0 287 0 
0 320 0 
0 306 0 
0 334 0 
0 350 0 
0 319 0 
0 306 0 
0 302 0 
0 283 6 
0 341 0 
0 332 0 
0 292 1 
0 339 0 
0 309 0 
0 307 0 
0 344 0 
0 332 0 
0 318 0 
0 314 3 
0 372 0 
0 306 0 
0 314 0 
0 361 0 
0 316 0 
0 296 0 
0 318 0 
0 341 0 
0 272 0 
0 300 0 
0 303 0 
0 303 0 
0 324 0 
0 306 0 
0 310 0 
0 315 0 
0 299 0 
0 352 8 
0 343 0 
0 313 0 
0 344 0 
0 298 1 
0 279 0 
0 358 4 
0 294 0 
0 330 1 
0 276 0 
0 267 0 
0 363 0 
0 307 16 
0 325 0 
0 341 0 
0 318 0 
0 300 0 
0 345 0 
0 272 0 
0 307 0 
0 315 0 
0 361 0 
0 308 0 
0 299 0 
0 288 1 
0 301 0 
0 318 0 
0 282 0 
0 342 1 
0 287 0 
0 334 0 
0 341 0 
0 276 0 
0 321 0 
0 333 0 
0 317 0 
0 260 0 
0 275 0 
0 297 0 
0 336 0 
0 315 0 
0 287 5 
0 285 0 
0 295 0 
0 295 0 
0 327 0 
0 336 0 
0 344 0 
0 310 0 
0 281 0 
0 313 0 
0 351 0 
0 312 0 
0 335 0 
0 343 0 
0 288 0 
0 310 0 
0 277 0 
0 371 5 
0 343 0 
0 316 0 
0 305 0 
0 278 0 
0 295 0 
0 333 0 
0 314 0 
0 344 0 
0 310 0 
0 306 0 
0 316 0 
0 325 0 
0 340 0 
0 329 1 
0 331 0 
0 307 0 
0 286 0 
0 348 0 
0 286 0 
0 287 7 
0 306 0 
0 313 0 
0 263 0 
0 321 0 
0 316 0 
0 298 0 
0 318 0 
0 325 0 
0 306 1 
0 349 0 
0 315 0 
0 307 0 
0 315 0 
0 300 0 
0 269 0 
0 285 0 
0 334 0 
0 306 1 
0 309 0 
0 289 0 
0 282 0 
0 292 0 
0 334 2 
0 293 0 
0 309 0 
0 297 0 
0 317 0 
0 311 0 
0 308 0 
0 274 0 
0 338 6 
0 328 2 
0 324 0 
0 309 0 
0 304 0 
0 326 0 
0 318 0 
0 280 0 
0 307 0 
0 339 0 
0 283 0 
0 348 0 
0 283 5 
0 317 0 
0 276 0 
0 292 0 
0 348 0 
0 275 0 
0 338 0 
0 283 0 
0 311 0 
0 312 1 
0 316 0 
0 303 0 
0 285 0 
0 324 0 
0 306 0 
0 311 0 
0 337 0 
