0 660 11 0 0 
0 648 0 0 0 
2 664 0 0 0 
0 643 0 0 0 
33 556 0 0 0 
0 711 1 0 0 
9 664 0 0 0 
0 526 10 0 0 
13 666 0 0 0 
0 675 0 0 0 
0 606 0 0 0 
0 645 0 0 0 
0 575 4 0 0 
9 631 0 0 0 
0 626 0 0 0 
0 668 0 0 0 
0 640 0 0 0 
0 665 0 0 0 
0 711 0 0 0 
0 660 8 0 0 
0 581 2 0 0 
14 688 0 0 0 
4 613 0 0 0 
1 677 0 0 0 
0 660 0 0 0 
0 688 0 0 0 
0 657 0 0 0 
0 657 0 0 0 
0 627 0 0 0 
0 648 0 0 0 
0 682 0 0 0 
5 694 2 0 0 
12 592 0 0 0 
0 617 0 0 0 
0 714 0 0 0 
0 603 0 0 0 
0 639 26 0 0 
0 634 0 0 0 
0 651 0 0 0 
0 621 0 0 0 
0 642 11 0 0 
0 643 0 0 0 
0 687 0 0 0 
0 719 0 0 0 
0 663 0 0 0 
0 638 2 0 0 
0 575 0 0 0 
0 570 0 0 0 
0 642 0 0 0 
0 594 0 0 0 
0 529 0 0 0 
0 597 0 0 0 
0 666 8 0 0 
6 665 0 0 0 
0 620 0 0 0 
0 609 0 0 0 
0 673 0 0 0 
0 652 0 0 0 
0 590 8 0 0 
0 657 0 0 0 
0 623 0 0 0 
0 734 0 0 0 
0 703 0 0 0 
12 618 0 0 0 
0 572 6 0 0 
0 669 0 0 0 
5 655 0 0 0 
0 648 0 0 0 
17 530 0 0 0 
0 684 0 0 0 
0 604 0 0 0 
5 538 29 0 0 
0 658 0 0 0 
0 662 0 0 0 
44 536 0 0 0 
0 681 0 0 0 
0 584 7 0 0 
0 634 0 0 0 
0 552 0 0 0 
0 659 3 0 0 
0 665 0 0 0 
11 594 0 0 0 
0 571 0 0 0 
0 675 0 0 0 
0 552 2 0 0 
0 680 0 0 0 
0 665 0 0 0 
0 560 0 0 0 
0 623 0 0 0 
8 628 33 0 0 
0 638 0 0 0 
0 639 0 0 0 
0 673 0 0 0 
0 527 0 0 0 
9 637 0 0 0 
0 631 0 0 0 
0 607 0 0 0 
0 571 0 0 0 
0 602 0 0 0 
0 652 0 0 0 
0 498 0 0 0 
0 650 0 0 0 
0 638 0 0 0 
0 581 1 0 0 
0 668 0 0 0 
0 695 0 0 0 
0 755 0 0 0 
0 678 0 0 0 
0 634 0 0 0 
0 606 8 0 0 
0 659 0 0 0 
0 625 0 0 0 
0 698 0 0 0 
0 610 0 0 0 
0 657 0 0 0 
7 623 0 0 0 
0 619 0 0 0 
0 680 0 0 0 
0 601 0 0 0 
0 577 0 0 0 
0 645 0 0 0 
0 693 0 0 0 
0 609 0 0 0 
0 575 1 0 0 
0 625 0 0 0 
5 620 0 0 0 
0 542 3 0 0 
0 612 0 0 0 
0 667 0 0 0 
0 637 0 0 0 
0 644 0 0 0 
0 658 0 0 0 
0 672 0 0 0 
0 616 0 0 0 
1 725 0 0 0 
0 574 0 0 0 
0 620 0 0 0 
0 642 0 0 0 
1 738 0 0 0 
0 612 4 0 0 
0 639 4 0 0 
0 693 0 0 0 
0 644 0 0 0 
0 585 0 0 0 
0 683 0 0 0 
0 670 0 0 0 
0 646 0 0 0 
9 638 0 0 0 
0 650 0 0 0 
2 626 0 0 0 
0 611 0 0 0 
0 646 0 0 0 
0 588 0 0 0 
0 659 0 0 0 
0 580 34 0 0 
0 622 0 0 0 
0 567 2 0 0 
0 511 1 0 0 
10 527 1 0 0 
0 566 0 0 0 
0 606 9 0 0 
0 692 0 0 0 
0 611 0 0 0 
0 634 0 0 0 
0 670 0 0 0 
20 601 0 0 0 
0 596 0 0 0 
0 659 1 0 0 
0 645 0 0 0 
0 588 0 0 0 
0 674 0 0 0 
12 560 0 0 0 
0 679 0 0 0 
0 638 0 0 0 
0 694 0 0 0 
0 623 0 0 0 
0 657 0 0 0 
4 649 0 0 0 
0 637 0 0 0 
7 614 0 0 0 
0 606 0 0 0 
0 618 0 0 0 
1 628 0 0 0 
0 633 0 0 0 
0 662 6 0 0 
8 635 0 0 0 
0 775 0 0 0 
8 578 0 0 0 
4 663 0 0 0 
0 654 0 0 0 
0 640 0 0 0 
0 608 0 0 0 
0 679 0 0 0 
0 686 0 0 0 
0 568 0 0 0 
0 627 0 0 0 
0 583 0 0 0 
2 581 13 0 0 
15 561 0 0 0 
0 674 0 0 0 
0 632 0 0 0 
0 622 0 0 0 
4 555 0 0 0 
1 606 0 0 0 
0 641 0 0 0 
0 601 0 0 0 
8 654 0 0 0 
0 526 0 0 0 
0 600 0 0 0 
51 575 4 0 0 
0 623 0 0 0 
0 578 2 0 0 
0 577 2 0 0 
0 680 0 0 0 
0 641 0 0 0 
0 750 0 0 0 
0 614 0 0 0 
2 598 0 0 0 
0 678 1 0 0 
0 572 0 0 0 
0 595 0 0 0 
0 638 0 0 0 
0 654 0 0 0 
0 617 2 0 0 
36 662 0 0 0 
0 643 0 0 0 
0 632 0 0 0 
0 682 0 0 0 
0 604 0 0 0 
0 621 1 0 0 
0 664 0 0 0 
0 577 0 0 0 
0 656 0 0 0 
0 615 0 0 0 
12 685 0 0 0 
0 619 0 0 0 
0 598 0 0 0 
0 650 0 0 0 
0 621 0 0 0 
0 599 24 0 0 
15 533 1 0 0 
0 714 0 0 0 
0 647 0 0 0 
0 601 0 0 0 
0 582 0 0 0 
0 595 0 0 0 
0 611 0 0 0 
0 540 1 0 0 
0 697 0 0 0 
0 523 0 0 0 
0 562 0 0 0 
11 614 0 0 0 
0 551 0 0 0 
6 616 0 0 0 
0 640 0 0 0 
0 636 0 0 0 
30 578 0 0 0 
0 675 3 0 0 
0 660 0 0 0 
0 669 0 0 0 
0 594 0 0 0 
9 591 0 0 0 
0 655 0 0 0 
0 591 0 0 0 
0 712 0 0 0 
0 575 0 0 0 
2 608 0 0 0 
18 573 0 0 0 
0 608 0 0 0 
0 628 0 0 0 
0 646 0 0 0 
0 581 0 0 0 
0 703 11 0 0 
0 672 0 0 0 
0 565 0 0 0 
2 562 4 0 0 
0 692 0 0 0 
0 624 0 0 0 
18 643 0 0 0 
0 615 0 0 0 
5 603 0 0 0 
0 660 0 0 0 
0 643 0 0 0 
0 632 10 0 0 
1 644 0 0 0 
0 560 0 0 0 
4 582 0 0 0 
0 706 0 0 0 
18 548 9 0 0 
3 655 0 0 0 
0 612 0 0 0 
10 592 8 0 0 
2 634 0 0 0 
0 511 0 0 0 
0 518 0 0 0 
0 663 0 0 0 
0 704 0 0 0 
0 614 2 0 0 
0 551 0 0 0 
0 702 0 0 0 
0 668 0 0 0 
0 603 0 0 0 
0 584 0 0 0 
0 607 8 0 0 
0 640 0 0 0 
0 673 5 0 0 
0 620 0 0 0 
0 583 0 0 0 
0 597 0 0 0 
0 630 0 0 0 
0 649 0 0 0 
0 621 0 0 0 
0 625 0 0 0 
0 502 0 0 0 
0 624 0 0 0 
0 653 0 0 0 
0 649 1 0 0 
0 597 0 0 0 
0 519 0 0 0 
0 681 0 0 0 
2 640 0 0 0 
0 569 0 0 0 
0 600 0 0 0 
0 709 0 0 0 
0 659 0 0 0 
0 624 15 0 0 
0 578 0 0 0 
1 703 0 0 0 
0 624 0 0 0 
0 546 0 0 0 
0 585 0 0 0 
0 666 0 0 0 
0 675 0 0 0 
0 627 0 0 0 
14 593 0 0 0 
0 704 0 0 0 
0 631 0 0 0 
0 692 0 0 0 
27 610 0 0 0 
0 658 0 0 0 
6 600 0 0 0 
0 622 0 0 0 
0 624 0 0 0 
0 715 0 0 0 
0 637 0 0 0 
0 648 6 0 0 
17 584 16 0 0 
0 677 0 0 0 
0 620 0 0 0 
20 621 0 0 0 
0 621 0 0 0 
0 602 0 0 0 
0 679 0 0 0 
0 634 0 0 0 
0 659 0 0 0 
0 624 0 0 0 
0 661 3 0 0 
0 552 0 0 0 
0 636 0 0 0 
0 631 0 0 0 
0 606 8 0 0 
0 620 0 0 0 
0 641 0 0 0 
0 642 0 0 0 
0 586 0 0 0 
0 676 0 0 0 
0 552 6 0 0 
6 636 2 0 0 
0 564 0 0 0 
0 668 0 0 0 
0 628 0 0 0 
0 596 0 0 0 
0 585 0 0 0 
0 603 0 0 0 
0 687 0 0 0 
0 622 0 0 0 
4 616 0 0 0 
0 590 0 0 0 
0 553 21 0 0 
11 634 0 0 0 
0 570 2 0 0 
0 634 0 0 0 
0 657 3 0 0 
0 599 0 0 0 
0 589 17 0 0 
0 662 0 0 0 
0 638 0 0 0 
0 602 0 0 0 
0 603 0 0 0 
0 662 0 0 0 
0 616 0 0 0 
0 672 0 0 0 
1 601 0 0 0 
0 593 0 0 0 
0 637 3 0 0 
0 657 2 0 0 
0 611 0 0 0 
0 630 0 0 0 
0 580 0 0 0 
10 541 0 0 0 
0 618 0 0 0 
0 579 0 0 0 
0 563 0 0 0 
0 669 0 0 0 
1 631 0 0 0 
0 672 0 0 0 
21 620 0 0 0 
0 673 0 0 0 
0 615 16 0 0 
0 580 8 0 0 
0 614 0 0 0 
0 700 2 0 0 
5 650 0 0 0 
0 647 0 0 0 
0 563 0 0 0 
0 703 0 0 0 
0 641 0 0 0 
0 660 0 0 0 
0 641 0 0 0 
0 678 0 0 0 
0 693 0 0 0 
0 633 3 0 0 
0 650 0 0 0 
0 648 0 0 0 
0 656 0 0 0 
0 621 0 0 0 
8 558 8 0 0 
3 664 0 0 0 
0 705 0 0 0 
0 600 0 0 0 
4 717 0 0 0 
0 633 0 0 0 
0 655 0 0 0 
0 567 0 0 0 
0 590 0 0 0 
0 611 0 0 0 
24 620 0 0 0 
0 676 0 0 0 
0 658 0 0 0 
0 633 0 0 0 
0 575 0 0 0 
0 682 5 0 0 
0 660 0 0 0 
0 692 11 0 0 
0 654 0 0 0 
0 579 19 0 0 
0 602 2 0 0 
0 614 0 0 0 
0 628 0 0 0 
0 681 0 0 0 
0 599 13 0 0 
0 630 0 0 0 
0 628 0 0 0 
0 644 0 0 0 
0 620 0 0 0 
0 589 0 0 0 
0 592 0 0 0 
0 605 0 0 0 
0 604 31 0 0 
0 664 0 0 0 
0 638 0 0 0 
0 598 1 0 0 
0 681 0 0 0 
0 545 0 0 0 
0 625 0 0 0 
0 606 20 0 0 
0 731 0 0 0 
0 641 9 0 0 
0 648 5 0 0 
0 705 0 0 0 
0 658 0 0 0 
23 591 6 0 0 
0 713 0 0 0 
0 663 0 0 0 
0 607 22 0 0 
0 627 0 0 0 
0 682 0 0 0 
0 570 0 0 0 
0 670 0 0 0 
0 568 0 0 0 
0 667 0 0 0 
0 648 0 0 0 
0 620 0 0 0 
0 614 11 0 0 
0 627 0 0 0 
0 579 0 0 0 
0 590 0 0 0 
0 659 0 0 0 
3 630 0 0 0 
0 556 0 0 0 
0 631 0 0 0 
0 674 2 0 0 
6 643 0 0 0 
0 596 0 0 0 
0 655 1 0 0 
1 616 0 0 0 
0 580 0 0 0 
17 644 0 0 0 
0 617 0 0 0 
0 545 19 0 0 
0 537 0 0 0 
0 593 0 0 0 
0 559 0 0 0 
2 593 0 0 0 
0 607 0 0 0 
0 614 0 0 0 
0 633 0 0 0 
20 606 8 0 0 
0 719 0 0 0 
0 568 6 0 0 
0 566 19 0 0 
0 586 0 0 0 
0 577 0 0 0 
0 580 0 0 0 
0 643 3 0 0 
4 592 0 0 0 
0 681 0 0 0 
0 614 0 0 0 
0 566 0 0 0 
0 731 0 0 0 
0 585 0 0 0 
0 660 0 0 0 
0 550 0 0 0 
0 678 0 0 0 
19 602 0 0 0 
17 602 0 0 0 
0 665 0 0 0 
0 559 2 0 0 
18 595 0 0 0 
0 639 0 0 0 
6 603 0 0 0 
1 641 0 0 0 
8 658 0 0 0 
2 632 0 0 0 
0 564 0 0 0 
0 561 0 0 0 
0 604 16 0 0 
0 724 0 0 0 
0 635 0 0 0 
30 590 0 0 0 
1 596 8 0 0 
0 693 0 0 0 
0 614 40 0 0 
0 720 0 0 0 
0 668 0 0 0 
0 626 0 0 0 
0 599 0 0 0 
0 657 0 0 0 
0 586 0 0 0 
0 643 2 0 0 
0 629 7 0 0 
0 593 0 0 0 
26 571 0 0 0 
2 724 0 0 0 
0 588 0 0 0 
25 600 4 0 0 
0 616 0 0 0 
0 656 0 0 0 
0 688 0 0 0 
3 652 0 0 0 
0 633 14 0 0 
10 579 0 0 0 
0 634 0 0 0 
0 598 0 0 0 
0 632 0 0 0 
0 623 0 0 0 
0 684 0 0 0 
0 581 0 0 0 
0 577 0 0 0 
0 601 0 0 0 
4 610 0 0 0 
5 574 0 0 0 
0 670 0 0 0 
0 603 9 0 0 
0 678 0 0 0 
0 606 1 0 0 
0 610 0 0 0 
0 626 0 0 0 
0 681 0 0 0 
0 522 1 0 0 
0 602 0 0 0 
0 552 0 0 0 
1 581 0 0 0 
0 652 0 0 0 
7 580 5 0 0 
2 636 0 0 0 
0 595 0 0 0 
0 678 0 0 0 
0 616 0 0 0 
0 662 0 0 0 
0 596 0 0 0 
0 658 0 0 0 
0 582 0 0 0 
2 567 0 0 0 
0 633 2 0 0 
0 680 0 0 0 
0 660 11 0 0 
0 678 0 0 0 
0 693 0 0 0 
0 633 0 0 0 
0 548 0 0 0 
0 576 0 0 0 
0 582 0 0 0 
0 672 0 0 0 
1 663 0 0 0 
0 658 0 0 0 
0 602 0 0 0 
0 610 0 0 0 
4 683 0 0 0 
0 610 0 0 0 
0 663 0 0 0 
0 593 1 0 0 
0 619 0 0 0 
1 627 0 0 0 
0 578 0 0 0 
9 656 0 0 0 
0 635 0 0 0 
0 648 0 0 0 
0 595 0 0 0 
8 705 0 0 0 
0 562 0 0 0 
35 642 0 0 0 
0 629 0 0 0 
0 658 12 0 0 
11 631 0 0 0 
0 685 2 0 0 
0 635 0 0 0 
0 633 11 0 0 
0 613 0 0 0 
1 686 2 0 0 
2 650 0 0 0 
0 656 0 0 0 
0 547 1 0 0 
1 614 0 0 0 
0 644 0 0 0 
0 637 0 0 0 
0 649 3 0 0 
0 625 0 0 0 
0 657 2 0 0 
0 629 0 0 0 
0 624 22 0 0 
0 687 0 0 0 
0 642 0 0 0 
0 631 0 0 0 
0 616 0 0 0 
0 590 0 0 0 
0 652 0 0 0 
0 709 0 0 0 
0 661 0 0 0 
16 518 0 0 0 
0 641 7 0 0 
0 708 0 0 0 
28 567 0 0 0 
0 725 0 0 0 
2 554 0 0 0 
0 686 0 0 0 
0 641 0 0 0 
15 513 0 0 0 
0 603 0 0 0 
0 563 6 0 0 
0 648 0 0 0 
0 676 0 0 0 
21 579 0 0 0 
0 704 0 0 0 
11 683 0 0 0 
0 664 0 0 0 
0 671 0 0 0 
0 607 0 0 0 
0 622 0 0 0 
0 578 0 0 0 
2 700 0 0 0 
0 598 2 0 0 
0 662 0 0 0 
0 593 0 0 0 
0 699 0 0 0 
1 663 0 0 0 
0 600 0 0 0 
0 631 0 0 0 
0 533 15 0 0 
0 653 0 0 0 
0 606 0 0 0 
0 676 0 0 0 
1 656 5 0 0 
0 703 0 0 0 
0 634 0 0 0 
0 518 12 0 0 
0 649 0 0 0 
0 676 0 0 0 
0 563 0 0 0 
0 626 0 0 0 
0 650 0 0 0 
0 702 0 0 0 
3 593 8 0 0 
0 563 13 0 0 
0 669 0 0 0 
0 636 0 0 0 
0 664 0 0 0 
0 572 0 0 0 
0 561 0 0 0 
22 587 0 0 0 
0 659 0 0 0 
0 569 11 0 0 
1 607 2 0 0 
0 671 0 0 0 
0 688 0 0 0 
0 668 0 0 0 
0 601 0 0 0 
0 679 0 0 0 
0 649 2 0 0 
0 615 0 0 0 
2 580 0 0 0 
12 593 0 0 0 
0 586 0 0 0 
0 601 0 0 0 
0 613 0 0 0 
0 692 0 0 0 
0 601 1 0 0 
0 647 0 0 0 
0 610 0 0 0 
0 621 0 0 0 
0 540 0 0 0 
0 586 0 0 0 
0 637 0 0 0 
8 706 0 0 0 
6 593 0 0 0 
0 549 0 0 0 
0 628 0 0 0 
0 597 7 0 0 
0 641 0 0 0 
12 597 0 0 0 
0 612 0 0 0 
0 621 0 0 0 
7 574 0 0 0 
2 603 0 0 0 
0 702 14 0 0 
0 574 0 0 0 
0 630 1 0 0 
0 676 0 0 0 
0 631 0 0 0 
9 630 0 0 0 
0 619 0 0 0 
0 630 0 0 0 
0 707 0 0 0 
0 660 4 0 0 
0 628 0 0 0 
0 620 0 0 0 
0 622 0 0 0 
0 628 1 0 0 
0 574 0 0 0 
1 588 0 0 0 
0 614 35 0 0 
0 533 0 0 0 
0 649 0 0 0 
0 673 0 0 0 
0 664 0 0 0 
10 603 0 0 0 
0 627 23 0 0 
0 657 0 0 0 
8 617 0 0 0 
0 649 0 0 0 
0 620 0 0 0 
0 658 0 0 0 
0 640 0 0 0 
0 611 1 0 0 
0 636 0 0 0 
0 712 0 0 0 
1 571 0 0 0 
0 608 0 0 0 
0 486 0 0 0 
0 681 0 0 0 
0 559 6 0 0 
0 568 0 0 0 
0 714 0 0 0 
4 701 0 0 0 
0 651 2 0 0 
0 689 0 0 0 
0 663 0 0 0 
0 592 0 0 0 
0 606 0 0 0 
0 566 0 0 0 
0 614 25 0 0 
2 630 0 0 0 
0 599 0 0 0 
0 682 0 0 0 
13 650 0 0 0 
0 724 0 0 0 
0 518 0 0 0 
0 558 0 0 0 
0 683 0 0 0 
0 526 7 0 0 
18 575 0 0 0 
0 594 0 0 0 
0 617 1 0 0 
0 691 0 0 0 
0 686 2 0 0 
0 551 0 0 0 
0 696 12 0 0 
0 650 0 0 0 
0 661 0 0 0 
0 661 0 0 0 
0 646 0 0 0 
0 550 18 0 0 
0 639 0 0 0 
0 668 0 0 0 
1 649 0 0 0 
16 614 0 0 0 
0 657 4 0 0 
3 657 0 0 0 
0 695 0 0 0 
0 639 0 0 0 
0 684 6 0 0 
0 628 0 0 0 
0 621 0 0 0 
0 654 1 0 0 
0 616 0 0 0 
0 614 0 0 0 
2 593 0 0 0 
0 659 0 0 0 
0 659 0 0 0 
0 505 4 0 0 
0 673 0 0 0 
0 610 0 0 0 
0 637 0 0 0 
0 666 0 0 0 
0 669 15 0 0 
0 643 1 0 0 
0 651 0 0 0 
6 587 0 0 0 
0 556 0 0 0 
0 617 6 0 0 
0 696 0 0 0 
0 674 0 0 0 
0 669 0 0 0 
0 622 0 0 0 
0 634 8 0 0 
0 641 0 0 0 
0 605 3 0 0 
0 615 0 0 0 
0 695 0 0 0 
0 577 0 0 0 
0 663 0 0 0 
0 535 0 0 0 
0 614 8 0 0 
0 479 6 0 0 
0 636 0 0 0 
8 664 0 0 0 
24 484 0 0 0 
0 630 1 0 0 
0 623 0 0 0 
0 627 0 0 0 
0 696 0 0 0 
0 601 0 0 0 
0 663 0 0 0 
0 604 0 0 0 
0 674 0 0 0 
0 665 0 0 0 
0 637 0 0 0 
0 641 0 0 0 
0 623 0 0 0 
0 553 0 0 0 
0 631 0 0 0 
0 659 0 0 0 
0 662 0 0 0 
0 671 0 0 0 
0 650 0 0 0 
0 597 0 0 0 
0 657 0 0 0 
0 648 0 0 0 
11 605 0 0 0 
0 661 0 0 0 
0 591 0 0 0 
66 534 0 0 0 
0 624 1 0 0 
0 699 0 0 0 
0 646 0 0 0 
0 665 0 0 0 
0 620 0 0 0 
0 543 0 0 0 
0 627 0 0 0 
0 651 2 0 0 
0 638 28 0 0 
0 603 12 0 0 
0 617 0 0 0 
0 591 0 0 0 
0 588 3 0 0 
0 704 0 0 0 
0 632 0 0 0 
0 701 0 0 0 
0 636 3 0 0 
0 687 0 0 0 
2 608 0 0 0 
0 681 0 0 0 
0 643 0 0 0 
11 577 0 0 0 
1 688 0 0 0 
0 707 0 0 0 
0 623 0 0 0 
1 661 0 0 0 
0 663 0 0 0 
0 569 0 0 0 
0 655 0 0 0 
0 703 0 0 0 
0 671 0 0 0 
0 573 0 0 0 
0 639 0 0 0 
0 647 0 0 0 
18 569 0 0 0 
0 648 0 0 0 
0 615 0 0 0 
0 581 5 0 0 
0 653 0 0 0 
0 653 0 0 0 
0 609 0 0 0 
0 635 0 0 0 
0 542 4 0 0 
0 666 0 0 0 
0 720 0 0 0 
0 700 0 0 0 
0 657 9 0 0 
0 514 0 0 0 
0 716 0 0 0 
0 702 0 0 0 
0 643 0 0 0 
0 652 0 0 0 
0 653 0 0 0 
0 668 0 0 0 
14 579 0 0 0 
0 609 0 0 0 
0 602 0 0 0 
0 639 0 0 0 
0 667 0 0 0 
0 704 0 0 0 
0 668 0 0 0 
0 627 0 0 0 
0 578 0 0 0 
0 575 0 0 0 
0 592 0 0 0 
0 579 0 0 0 
2 589 15 0 0 
0 664 1 0 0 
0 718 0 0 0 
0 621 0 0 0 
5 601 6 0 0 
0 687 0 0 0 
0 612 0 0 0 
0 620 4 0 0 
0 557 0 0 0 
4 650 0 0 0 
0 695 0 0 0 
1 633 0 0 0 
0 738 0 0 0 
0 654 0 0 0 
0 694 0 0 0 
0 545 0 0 0 
0 548 14 0 0 
0 635 0 0 0 
0 598 6 0 0 
0 663 0 0 0 
0 627 0 0 0 
0 576 2 0 0 
0 666 5 0 0 
0 664 0 0 0 
0 624 0 0 0 
0 518 0 0 0 
0 618 10 0 0 
0 559 0 0 0 
0 623 0 0 0 
19 690 0 0 0 
2 659 0 0 0 
0 638 0 0 0 
0 629 0 0 0 
0 706 0 0 0 
0 696 0 0 0 
0 561 0 0 0 
0 664 0 0 0 
0 630 0 0 0 
0 639 0 0 0 
41 590 0 0 0 
0 611 0 0 0 
0 613 14 0 0 
0 639 0 0 0 
0 662 0 0 0 
0 672 0 0 0 
0 515 0 0 0 
9 600 0 0 0 
0 687 9 0 0 
28 575 0 0 0 
2 603 0 0 0 
0 654 0 0 0 
0 630 0 0 0 
0 695 0 0 0 
0 622 0 0 0 
0 622 0 0 0 
0 646 3 0 0 
0 650 0 0 0 
0 725 0 0 0 
0 691 0 0 0 
0 670 0 0 0 
0 599 0 0 0 
0 638 0 0 0 
