341 317 342 
392 322 286 
380 324 296 
415 274 311 
363 334 303 
401 320 279 
356 351 293 
358 345 297 
395 340 265 
331 334 335 
395 321 284 
306 308 386 
353 349 298 
401 307 292 
403 305 292 
364 300 336 
365 318 317 
365 303 332 
358 325 317 
376 342 282 
400 327 273 
368 357 275 
359 359 282 
338 308 354 
365 335 300 
359 335 306 
382 320 298 
372 346 282 
403 293 304 
392 305 303 
407 313 280 
322 316 362 
371 303 326 
374 340 286 
411 295 294 
438 310 252 
339 314 347 
414 309 277 
389 325 286 
382 300 318 
343 277 380 
370 280 350 
376 311 313 
410 324 266 
369 347 284 
376 308 316 
374 342 284 
333 361 306 
414 272 314 
405 261 334 
395 337 268 
419 298 283 
358 338 304 
346 292 362 
377 328 295 
438 288 274 
328 286 386 
391 293 316 
431 302 267 
425 300 275 
349 340 311 
330 328 342 
371 334 295 
367 340 293 
375 306 319 
400 299 301 
386 322 292 
363 285 352 
352 327 321 
419 302 279 
396 302 302 
349 377 274 
394 327 279 
354 317 329 
393 332 275 
361 313 326 
333 299 368 
379 341 280 
432 306 262 
404 297 299 
407 331 262 
338 361 301 
331 342 327 
395 301 304 
348 349 303 
307 338 355 
368 323 309 
370 296 334 
378 301 321 
435 265 300 
351 354 295 
379 318 303 
375 321 304 
390 309 301 
364 327 309 
376 319 305 
365 298 337 
359 326 315 
345 260 395 
379 370 251 
354 341 305 
352 345 303 
402 337 261 
361 322 317 
319 349 332 
389 332 279 
378 293 329 
414 330 256 
373 331 296 
396 344 260 
371 334 295 
356 318 326 
348 280 372 
332 332 336 
398 324 278 
349 291 360 
445 296 259 
421 325 254 
317 300 383 
340 311 349 
355 267 378 
388 315 297 
348 304 348 
415 317 268 
342 243 415 
395 271 334 
367 308 325 
344 336 320 
399 320 281 
412 291 297 
421 298 281 
415 290 295 
441 286 273 
361 333 306 
392 315 293 
394 325 281 
373 313 314 
425 295 280 
373 323 304 
400 327 273 
386 334 280 
354 292 354 
328 296 376 
383 332 285 
337 326 337 
366 320 314 
417 287 296 
358 314 328 
377 283 340 
368 266 366 
388 351 261 
341 328 331 
387 308 305 
343 346 311 
366 309 325 
398 318 284 
402 342 256 
446 291 263 
369 359 272 
375 362 263 
347 322 331 
410 299 291 
383 309 308 
411 306 283 
440 282 278 
364 303 333 
352 318 330 
418 302 280 
346 305 349 
309 353 338 
440 298 262 
332 299 369 
374 337 289 
372 304 324 
347 338 315 
371 339 290 
375 319 306 
380 330 290 
398 300 302 
332 320 348 
375 297 328 
428 297 275 
394 305 301 
359 361 280 
339 347 314 
347 324 329 
363 301 336 
399 296 305 
339 316 345 
411 312 277 
380 311 309 
346 283 371 
347 332 321 
344 358 298 
384 307 309 
367 319 314 
361 337 302 
415 286 299 
414 307 279 
356 346 298 
342 313 345 
412 296 292 
363 290 347 
386 300 314 
367 337 296 
356 287 357 
451 316 233 
369 323 308 
353 366 281 
377 274 349 
425 289 286 
329 267 404 
379 284 337 
359 315 326 
362 314 324 
414 320 266 
356 341 303 
355 348 297 
406 326 268 
420 302 278 
333 361 306 
350 323 327 
392 328 280 
417 336 247 
358 318 324 
431 289 280 
440 305 255 
366 314 320 
399 342 259 
368 306 326 
425 314 261 
459 293 248 
406 279 315 
352 280 368 
362 296 342 
426 302 272 
351 328 321 
412 285 303 
378 334 288 
375 342 283 
418 344 238 
386 341 273 
372 317 311 
330 281 389 
393 335 272 
351 307 342 
359 315 326 
401 294 305 
451 271 278 
401 276 323 
353 284 363 
383 304 313 
365 328 307 
346 359 295 
390 304 306 
358 346 296 
327 305 368 
412 331 257 
348 333 319 
355 346 299 
353 327 320 
397 300 303 
401 331 268 
347 309 344 
327 333 340 
333 316 351 
369 309 322 
366 314 320 
360 271 369 
371 341 288 
328 344 328 
377 320 303 
393 293 314 
355 326 319 
396 315 289 
361 311 328 
393 341 266 
370 304 326 
363 344 293 
404 306 290 
331 305 364 
366 322 312 
342 311 347 
339 359 302 
401 315 284 
351 344 305 
378 320 302 
378 315 307 
390 317 293 
409 309 282 
401 310 289 
369 337 294 
374 316 310 
390 325 285 
409 329 262 
392 288 320 
348 310 342 
372 266 362 
380 302 318 
408 275 317 
345 326 329 
471 269 260 
370 316 314 
360 282 358 
367 354 279 
335 328 337 
392 310 298 
354 318 328 
327 352 321 
356 343 301 
360 298 342 
400 301 299 
409 305 286 
395 351 254 
368 324 308 
377 325 298 
353 280 367 
356 327 317 
356 320 324 
337 306 357 
378 268 354 
398 333 269 
316 301 383 
364 326 310 
376 358 266 
417 339 244 
368 293 339 
335 340 325 
347 320 333 
379 328 293 
366 334 300 
366 329 305 
371 305 324 
395 321 284 
385 290 325 
443 291 266 
352 351 297 
337 338 325 
399 303 298 
381 321 298 
396 295 309 
388 307 305 
371 323 306 
351 344 305 
373 377 250 
384 276 340 
428 304 268 
402 312 286 
325 318 357 
384 309 307 
388 266 346 
376 308 316 
373 320 307 
392 305 303 
378 290 332 
341 283 376 
358 338 304 
363 293 344 
340 256 404 
348 321 331 
384 318 298 
362 325 313 
358 297 345 
305 306 389 
384 302 314 
424 291 285 
376 304 320 
364 289 347 
407 327 266 
350 338 312 
365 325 310 
427 298 275 
383 300 317 
355 282 363 
369 286 345 
386 320 294 
343 309 348 
355 325 320 
403 313 284 
373 312 315 
357 278 365 
355 309 336 
390 319 291 
385 306 309 
430 288 282 
387 321 292 
384 309 307 
456 281 263 
428 291 281 
338 255 407 
392 308 300 
352 318 330 
361 315 324 
455 305 240 
338 331 331 
374 306 320 
391 350 259 
333 283 384 
416 315 269 
402 331 267 
450 294 256 
418 300 282 
411 319 270 
380 321 299 
374 318 308 
385 332 283 
326 326 348 
429 292 279 
358 285 357 
363 275 362 
373 303 324 
447 308 245 
359 302 339 
361 342 297 
311 314 375 
419 274 307 
411 309 280 
390 305 305 
343 300 357 
369 348 283 
416 315 269 
367 305 328 
313 282 405 
387 328 285 
366 302 332 
375 329 296 
357 314 329 
352 331 317 
362 317 321 
383 322 295 
319 323 358 
313 274 413 
380 317 303 
339 351 310 
418 265 317 
362 319 319 
360 308 332 
367 332 301 
388 317 295 
387 322 291 
384 286 330 
409 310 281 
373 318 309 
397 310 293 
380 335 285 
347 320 333 
410 275 315 
402 307 291 
392 300 308 
369 312 319 
334 360 306 
357 323 320 
385 319 296 
370 279 351 
368 320 312 
409 310 281 
374 335 291 
366 316 318 
407 310 283 
376 318 306 
397 297 306 
338 362 300 
386 352 262 
385 350 265 
410 310 280 
378 356 266 
385 371 244 
362 325 313 
364 325 311 
377 333 290 
378 340 282 
392 296 312 
375 314 311 
362 348 290 
336 330 334 
344 335 321 
351 295 354 
356 284 360 
315 284 401 
368 331 301 
407 296 297 
399 330 271 
404 317 279 
364 328 308 
392 312 296 
329 330 341 
364 323 313 
362 348 290 
323 305 372 
383 344 273 
385 304 311 
328 298 374 
417 280 303 
376 359 265 
403 302 295 
395 344 261 
402 310 288 
393 304 303 
344 314 342 
360 324 316 
329 343 328 
387 316 297 
358 326 316 
370 294 336 
341 289 370 
356 343 301 
374 312 314 
406 315 279 
357 297 346 
362 329 309 
355 323 322 
398 305 297 
373 322 305 
394 343 263 
463 271 266 
340 316 344 
330 297 373 
390 323 287 
351 277 372 
357 336 307 
390 317 293 
395 333 272 
359 313 328 
361 297 342 
413 326 261 
367 330 303 
440 296 264 
339 257 404 
409 313 278 
358 312 330 
377 324 299 
399 283 318 
375 320 305 
349 321 330 
395 305 300 
369 372 259 
401 308 291 
559 242 199 
365 274 361 
353 339 308 
457 278 265 
379 327 294 
414 321 265 
372 308 320 
384 330 286 
419 298 283 
382 294 324 
353 333 314 
415 306 279 
313 319 368 
366 295 339 
415 294 291 
339 338 323 
399 302 299 
397 311 292 
367 275 358 
432 268 300 
386 299 315 
400 292 308 
432 296 272 
366 340 294 
442 290 268 
421 289 290 
437 296 267 
344 317 339 
360 331 309 
387 297 316 
429 271 300 
388 292 320 
376 295 329 
372 313 315 
415 282 303 
370 331 299 
353 331 316 
400 322 278 
357 336 307 
412 346 242 
367 320 313 
369 329 302 
343 316 341 
393 289 318 
387 300 313 
341 353 306 
387 326 287 
364 330 306 
411 326 263 
413 286 301 
449 279 272 
341 319 340 
452 292 256 
386 337 277 
355 340 305 
343 322 335 
354 318 328 
388 290 322 
394 307 299 
333 320 347 
383 312 305 
354 334 312 
423 309 268 
387 313 300 
427 307 266 
409 311 280 
382 277 341 
329 331 340 
402 303 295 
375 316 309 
398 321 281 
359 311 330 
394 298 308 
397 310 293 
348 259 393 
381 330 289 
387 309 304 
414 299 287 
354 319 327 
348 335 317 
404 322 274 
388 321 291 
398 280 322 
426 268 306 
367 297 336 
417 309 274 
427 263 310 
402 279 319 
358 345 297 
367 312 321 
383 347 270 
340 350 310 
401 328 271 
360 311 329 
387 280 333 
315 311 374 
411 307 282 
365 313 322 
402 333 265 
369 307 324 
344 289 367 
348 315 337 
389 327 284 
349 347 304 
459 268 273 
376 345 279 
372 282 346 
322 322 356 
422 282 296 
370 307 323 
384 304 312 
367 318 315 
361 314 325 
408 333 259 
434 291 275 
353 325 322 
436 288 276 
380 317 303 
370 339 291 
394 318 288 
448 284 268 
415 311 274 
389 241 370 
369 313 318 
356 306 338 
389 324 287 
368 282 350 
413 318 269 
336 329 335 
385 328 287 
371 337 292 
380 329 291 
387 355 258 
375 323 302 
370 311 319 
423 288 289 
391 310 299 
374 329 297 
358 322 320 
332 321 347 
350 330 320 
341 318 341 
339 309 352 
370 310 320 
384 326 290 
400 327 273 
405 297 298 
420 279 301 
449 307 244 
405 314 281 
356 367 277 
358 319 323 
441 308 251 
368 347 285 
326 296 378 
352 335 313 
386 322 292 
384 312 304 
402 315 283 
348 262 390 
338 350 312 
365 283 352 
378 346 276 
469 296 235 
445 302 253 
441 272 287 
408 319 273 
380 316 304 
370 313 317 
356 323 321 
319 345 336 
361 319 320 
396 313 291 
402 299 299 
333 363 304 
346 285 369 
365 306 329 
351 347 302 
419 309 272 
409 311 280 
354 336 310 
402 302 296 
381 281 338 
374 341 285 
392 331 277 
419 275 306 
350 279 371 
381 309 310 
371 288 341 
416 317 267 
374 313 313 
396 298 306 
382 281 337 
454 287 259 
386 321 293 
287 336 377 
446 276 278 
357 338 305 
414 307 279 
386 332 282 
310 320 370 
383 306 311 
398 318 284 
309 290 401 
309 268 423 
369 296 335 
336 341 323 
367 337 296 
382 322 296 
346 334 320 
349 290 361 
378 328 294 
338 313 349 
341 325 334 
386 301 313 
376 318 306 
415 316 269 
382 303 315 
404 332 264 
385 287 328 
394 317 289 
426 309 265 
347 344 309 
398 303 299 
391 329 280 
392 319 289 
343 288 369 
338 330 332 
392 325 283 
402 289 309 
341 341 318 
311 311 378 
427 283 290 
354 335 311 
434 292 274 
386 330 284 
346 343 311 
343 305 352 
349 304 347 
365 307 328 
408 309 283 
341 331 328 
462 268 270 
396 302 302 
369 287 344 
397 320 283 
387 304 309 
379 350 271 
412 315 273 
383 324 293 
391 304 305 
355 343 302 
392 284 324 
370 326 304 
338 305 357 
355 318 327 
365 319 316 
381 296 323 
356 315 329 
395 290 315 
417 298 285 
326 356 318 
368 316 316 
361 271 368 
380 311 309 
343 334 323 
356 332 312 
371 324 305 
436 315 249 
372 343 285 
388 342 270 
427 310 263 
354 303 343 
420 310 270 
395 311 294 
351 321 328 
376 334 290 
404 305 291 
325 339 336 
349 287 364 
373 309 318 
372 345 283 
363 333 304 
328 325 347 
337 333 330 
358 351 291 
369 319 312 
393 317 290 
374 272 354 
397 330 273 
368 308 324 
374 340 286 
361 312 327 
330 267 403 
395 289 316 
355 314 331 
397 319 284 
314 320 366 
410 356 234 
410 308 282 
364 278 358 
401 306 293 
340 324 336 
339 345 316 
357 331 312 
317 339 344 
347 321 332 
343 328 329 
362 313 325 
341 323 336 
354 301 345 
338 342 320 
367 307 326 
412 296 292 
334 335 331 
380 296 324 
360 304 336 
325 321 354 
371 325 304 
396 331 273 
444 317 239 
323 324 353 
360 330 310 
371 257 372 
361 325 314 
392 312 296 
425 290 285 
359 295 346 
372 319 309 
324 321 355 
417 320 263 
259 256 485 
362 321 317 
380 308 312 
399 314 287 
330 349 321 
382 301 317 
392 309 299 
352 323 325 
430 283 287 
390 297 313 
384 323 293 
388 330 282 
369 338 293 
392 315 293 
311 306 383 
400 307 293 
364 344 292 
353 310 337 
349 324 327 
332 325 343 
413 314 273 
398 310 292 
389 338 273 
381 317 302 
390 302 308 
444 298 258 
403 338 259 
370 312 318 
394 311 295 
428 267 305 
366 300 334 
339 315 346 
357 346 297 
373 341 286 
355 350 295 
364 306 330 
399 278 323 
394 288 318 
356 335 309 
322 265 413 
405 310 285 
368 304 328 
359 338 303 
331 348 321 
421 284 295 
439 322 239 
400 331 269 
336 298 366 
363 322 315 
356 287 357 
382 337 281 
380 355 265 
350 347 303 
359 324 317 
375 310 315 
348 353 299 
387 326 287 
367 349 284 
356 313 331 
364 280 356 
352 313 335 
415 327 258 
417 339 244 
336 345 319 
348 316 336 
384 302 314 
433 280 287 
380 278 342 
350 334 316 
389 348 263 
333 321 346 
280 275 445 
341 326 333 
388 329 283 
439 291 270 
438 294 268 
384 317 299 
373 322 305 
355 343 302 
428 328 244 
431 285 284 
348 352 300 
397 314 289 
385 322 293 
396 320 284 
373 313 314 
414 321 265 
335 359 306 
391 316 293 
357 287 356 
385 348 267 
379 303 318 
381 305 314 
370 302 328 
383 280 337 
370 315 315 
336 294 370 
352 322 326 
370 309 321 
409 317 274 
352 278 370 
386 298 316 
381 308 311 
396 305 299 
337 343 320 
360 336 304 
342 295 363 
373 312 315 
435 277 288 
350 344 306 
357 348 295 
352 336 312 
398 308 294 
415 282 303 
323 328 349 
392 320 288 
414 304 282 
434 309 257 
348 305 347 
394 319 287 
351 275 374 
329 375 296 
364 299 337 
341 342 317 
381 345 274 
439 294 267 
373 302 325 
413 297 290 
375 305 320 
355 338 307 
359 305 336 
371 336 293 
