354 317 329 
378 312 310 
363 326 311 
386 327 287 
401 314 285 
373 318 309 
413 299 288 
389 328 283 
320 309 371 
339 314 347 
352 291 357 
417 291 292 
406 314 280 
364 333 303 
373 309 318 
354 312 334 
368 327 305 
382 353 265 
387 329 284 
391 338 271 
399 298 303 
387 343 270 
402 282 316 
408 297 295 
360 330 310 
347 312 341 
356 345 299 
421 304 275 
354 336 310 
345 310 345 
397 311 292 
354 315 331 
370 346 284 
392 315 293 
350 286 364 
404 322 274 
409 317 274 
380 312 308 
368 314 318 
391 328 281 
354 332 314 
359 324 317 
410 290 300 
389 293 318 
358 331 311 
368 327 305 
425 297 278 
423 333 244 
350 325 325 
332 344 324 
374 300 326 
403 305 292 
380 327 293 
349 310 341 
389 318 293 
413 300 287 
362 322 316 
359 281 360 
345 289 366 
380 308 312 
364 317 319 
344 338 318 
381 317 302 
381 293 326 
398 313 289 
397 319 284 
363 316 321 
398 338 264 
333 288 379 
392 287 321 
440 252 308 
388 311 301 
387 297 316 
370 317 313 
337 280 383 
381 321 298 
372 317 311 
387 303 310 
380 296 324 
399 324 277 
380 302 318 
395 310 295 
331 383 286 
385 354 261 
370 318 312 
356 322 322 
347 308 345 
403 309 288 
403 337 260 
392 346 262 
341 332 327 
428 303 269 
418 282 300 
349 311 340 
365 344 291 
409 282 309 
367 328 305 
398 308 294 
349 308 343 
369 317 314 
372 347 281 
346 295 359 
382 277 341 
374 299 327 
357 296 347 
369 319 312 
383 310 307 
354 313 333 
390 315 295 
353 315 332 
363 321 316 
356 350 294 
336 326 338 
397 293 310 
374 333 293 
389 298 313 
353 299 348 
408 315 277 
431 260 309 
399 297 304 
380 300 320 
405 316 279 
367 341 292 
388 331 281 
393 325 282 
389 324 287 
362 315 323 
329 316 355 
360 332 308 
346 334 320 
403 291 306 
359 332 309 
412 289 299 
397 329 274 
404 311 285 
377 326 297 
373 328 299 
372 287 341 
431 302 267 
371 310 319 
353 347 300 
387 292 321 
363 289 348 
410 297 293 
357 318 325 
404 322 274 
444 311 245 
360 313 327 
361 331 308 
395 326 279 
313 349 338 
374 304 322 
383 330 287 
350 307 343 
412 299 289 
373 335 292 
380 345 275 
373 295 332 
302 352 346 
387 279 334 
417 284 299 
362 320 318 
348 304 348 
395 334 271 
358 328 314 
363 304 333 
361 352 287 
355 332 313 
365 303 332 
384 310 306 
391 317 292 
395 321 284 
429 296 275 
423 334 243 
353 310 337 
379 327 294 
389 338 273 
363 337 300 
354 333 313 
424 302 274 
319 283 398 
367 320 313 
421 304 275 
312 262 426 
326 344 330 
386 337 277 
399 301 300 
421 303 276 
384 312 304 
368 296 336 
365 303 332 
398 321 281 
388 291 321 
410 291 299 
390 298 312 
382 318 300 
339 308 353 
412 290 298 
373 313 314 
343 356 301 
386 329 285 
397 285 318 
363 311 326 
396 324 280 
409 301 290 
432 311 257 
341 354 305 
350 308 342 
387 314 299 
394 286 320 
395 326 279 
382 274 344 
386 338 276 
348 303 349 
323 266 411 
361 318 321 
407 328 265 
365 317 318 
388 310 302 
388 319 293 
359 335 306 
393 310 297 
409 316 275 
377 318 305 
354 308 338 
372 316 312 
408 315 277 
423 312 265 
421 293 286 
408 308 284 
376 295 329 
353 336 311 
341 303 356 
371 290 339 
341 343 316 
386 317 297 
383 308 309 
353 317 330 
411 310 279 
430 295 275 
405 301 294 
386 339 275 
381 316 303 
380 305 315 
378 324 298 
371 326 303 
367 325 308 
450 287 263 
377 318 305 
389 303 308 
376 333 291 
391 316 293 
348 324 328 
395 337 268 
398 295 307 
374 315 311 
297 302 401 
401 322 277 
365 300 335 
401 312 287 
352 336 312 
409 302 289 
381 332 287 
363 305 332 
391 290 319 
343 316 341 
396 313 291 
343 277 380 
373 289 338 
379 306 315 
370 306 324 
390 286 324 
365 330 305 
391 315 294 
323 334 343 
356 337 307 
413 313 274 
396 305 299 
423 288 289 
359 288 353 
341 340 319 
368 306 326 
386 316 298 
383 351 266 
398 310 292 
367 275 358 
367 303 330 
365 246 389 
406 279 315 
388 303 309 
427 284 289 
385 286 329 
388 337 275 
368 338 294 
372 328 300 
412 316 272 
402 336 262 
376 361 263 
398 328 274 
396 303 301 
356 332 312 
352 312 336 
368 320 312 
405 300 295 
377 320 303 
397 335 268 
371 293 336 
347 315 338 
359 363 278 
360 331 309 
354 294 352 
374 309 317 
401 324 275 
362 309 329 
369 315 316 
356 336 308 
394 302 304 
417 286 297 
377 330 293 
383 357 260 
366 311 323 
381 300 319 
379 301 320 
387 309 304 
389 296 315 
452 260 288 
358 315 327 
374 309 317 
413 326 261 
368 309 323 
374 323 303 
385 310 305 
368 320 312 
382 317 301 
330 304 366 
372 322 306 
370 320 310 
414 311 275 
392 299 309 
331 338 331 
377 300 323 
388 299 313 
348 329 323 
371 333 296 
370 308 322 
339 320 341 
414 284 302 
370 315 315 
325 312 363 
372 312 316 
367 290 343 
402 312 286 
363 282 355 
392 322 286 
363 286 351 
340 306 354 
378 333 289 
378 314 308 
378 292 330 
368 297 335 
350 325 325 
398 297 305 
385 340 275 
364 317 319 
386 296 318 
372 310 318 
339 312 349 
387 309 304 
375 320 305 
302 319 379 
414 298 288 
405 313 282 
374 314 312 
343 339 318 
391 336 273 
361 302 337 
341 288 371 
370 292 338 
332 293 375 
378 310 312 
408 305 287 
338 358 304 
388 319 293 
381 315 304 
368 351 281 
386 321 293 
437 295 268 
382 311 307 
401 287 312 
386 327 287 
392 285 323 
416 321 263 
305 351 344 
341 301 358 
350 312 338 
369 298 333 
406 282 312 
355 348 297 
358 302 340 
365 352 283 
405 323 272 
368 323 309 
365 309 326 
375 321 304 
381 318 301 
376 343 281 
375 314 311 
363 320 317 
372 300 328 
404 283 313 
351 351 298 
397 297 306 
354 311 335 
406 303 291 
399 273 328 
432 297 271 
355 346 299 
327 294 379 
355 329 316 
372 330 298 
424 293 283 
360 345 295 
374 310 316 
359 339 302 
389 303 308 
372 333 295 
324 341 335 
434 311 255 
404 310 286 
395 321 284 
383 299 318 
363 294 343 
376 331 293 
393 314 293 
366 304 330 
384 325 291 
349 286 365 
398 321 281 
357 313 330 
361 307 332 
391 314 295 
422 307 271 
380 315 305 
403 290 307 
368 326 306 
348 294 358 
336 346 318 
386 331 283 
341 309 350 
383 330 287 
363 318 319 
415 313 272 
397 314 289 
380 324 296 
397 270 333 
349 328 323 
376 293 331 
383 312 305 
360 325 315 
364 337 299 
424 264 312 
400 299 301 
382 316 302 
379 334 287 
376 304 320 
423 310 267 
372 323 305 
376 326 298 
323 306 371 
388 322 290 
400 310 290 
371 312 317 
399 313 288 
384 321 295 
330 355 315 
377 318 305 
390 327 283 
370 326 304 
397 290 313 
341 305 354 
346 323 331 
374 317 309 
372 300 328 
374 333 293 
354 286 360 
384 327 289 
373 369 258 
426 267 307 
416 263 321 
387 323 290 
382 315 303 
368 337 295 
335 355 310 
380 323 297 
457 295 248 
391 320 289 
351 324 325 
393 321 286 
422 307 271 
364 315 321 
346 341 313 
348 325 327 
359 301 340 
360 330 310 
380 305 315 
364 329 307 
407 325 268 
370 339 291 
362 311 327 
427 287 286 
369 317 314 
396 315 289 
432 295 273 
423 304 273 
422 322 256 
385 291 324 
367 327 306 
343 352 305 
348 328 324 
401 298 301 
344 346 310 
417 302 281 
359 322 319 
342 305 353 
388 301 311 
389 323 288 
400 303 297 
410 323 267 
362 317 321 
372 312 316 
361 312 327 
388 324 288 
385 312 303 
416 275 309 
405 293 302 
375 334 291 
380 298 322 
370 345 285 
377 287 336 
397 314 289 
376 346 278 
316 362 322 
407 310 283 
325 331 344 
398 301 301 
341 296 363 
411 316 273 
420 332 248 
353 288 359 
353 338 309 
357 311 332 
405 318 277 
362 314 324 
369 302 329 
359 326 315 
364 304 332 
398 333 269 
378 329 293 
366 304 330 
390 318 292 
318 365 317 
388 335 277 
353 307 340 
391 313 296 
419 298 283 
366 349 285 
375 334 291 
407 331 262 
318 289 393 
374 321 305 
366 314 320 
339 296 365 
360 284 356 
402 314 284 
332 306 362 
404 282 314 
372 336 292 
367 308 325 
361 308 331 
347 354 299 
391 297 312 
355 342 303 
369 321 310 
396 301 303 
392 321 287 
398 278 324 
357 328 315 
435 302 263 
411 318 271 
387 302 311 
373 288 339 
374 332 294 
353 300 347 
403 324 273 
375 329 296 
351 321 328 
386 310 304 
398 295 307 
363 314 323 
372 318 310 
386 309 305 
368 289 343 
373 343 284 
351 354 295 
403 298 299 
406 320 274 
368 334 298 
420 286 294 
363 329 308 
378 322 300 
414 285 301 
385 333 282 
380 296 324 
421 290 289 
369 341 290 
333 324 343 
347 311 342 
377 354 269 
354 323 323 
414 268 318 
393 276 331 
409 298 293 
372 331 297 
388 329 283 
370 309 321 
352 340 308 
388 319 293 
406 260 334 
360 340 300 
398 302 300 
382 311 307 
374 317 309 
371 331 298 
391 316 293 
362 328 310 
351 343 306 
338 287 375 
372 319 309 
351 343 306 
428 291 281 
402 337 261 
399 306 295 
387 313 300 
350 322 328 
381 281 338 
357 335 308 
362 345 293 
376 289 335 
341 338 321 
405 310 285 
386 296 318 
336 337 327 
333 313 354 
394 308 298 
335 347 318 
374 272 354 
348 317 335 
413 291 296 
389 310 301 
322 294 384 
409 315 276 
387 296 317 
376 308 316 
455 301 244 
387 302 311 
407 300 293 
357 312 331 
383 296 321 
375 324 301 
363 354 283 
405 294 301 
367 300 333 
335 306 359 
367 315 318 
330 338 332 
404 300 296 
363 320 317 
404 325 271 
398 325 277 
400 320 280 
397 311 292 
348 283 369 
398 350 252 
320 274 406 
343 325 332 
346 304 350 
390 314 296 
360 317 323 
380 309 311 
364 306 330 
394 307 299 
384 333 283 
353 301 346 
339 325 336 
348 352 300 
365 290 345 
362 339 299 
346 319 335 
392 313 295 
376 326 298 
395 307 298 
372 312 316 
383 316 301 
395 312 293 
365 321 314 
414 302 284 
379 318 303 
366 314 320 
368 338 294 
366 319 315 
344 322 334 
351 315 334 
357 318 325 
372 326 302 
412 338 250 
376 291 333 
323 338 339 
371 331 298 
351 325 324 
371 324 305 
388 317 295 
354 317 329 
429 295 276 
372 338 290 
362 334 304 
369 325 306 
333 338 329 
362 338 300 
398 287 315 
413 298 289 
407 299 294 
348 337 315 
373 297 330 
401 253 346 
374 305 321 
414 311 275 
399 326 275 
378 299 323 
360 334 306 
372 310 318 
362 304 334 
414 305 281 
343 313 344 
379 335 286 
411 314 275 
368 349 283 
353 330 317 
394 347 259 
339 321 340 
421 315 264 
346 332 322 
395 319 286 
422 295 283 
349 303 348 
383 320 297 
392 341 267 
373 294 333 
366 295 339 
388 303 309 
392 325 283 
394 322 284 
364 325 311 
384 334 282 
374 287 339 
388 350 262 
431 289 280 
409 325 266 
340 295 365 
371 317 312 
392 299 309 
371 316 313 
357 292 351 
386 305 309 
385 306 309 
369 342 289 
387 331 282 
353 295 352 
430 300 270 
359 316 325 
346 322 332 
397 319 284 
330 354 316 
351 300 349 
345 326 329 
439 324 237 
455 290 255 
341 335 324 
389 364 247 
392 331 277 
388 308 304 
358 337 305 
397 303 300 
389 278 333 
393 293 314 
363 312 325 
433 281 286 
399 306 295 
380 341 279 
374 324 302 
371 314 315 
359 297 344 
384 325 291 
411 311 278 
382 302 316 
375 304 321 
331 323 346 
340 282 378 
368 330 302 
370 326 304 
377 322 301 
436 309 255 
349 326 325 
371 323 306 
400 259 341 
358 320 322 
351 297 352 
393 315 292 
351 342 307 
370 318 312 
370 372 258 
391 354 255 
406 305 289 
338 322 340 
421 308 271 
380 293 327 
342 306 352 
392 300 308 
411 299 290 
360 318 322 
386 296 318 
379 306 315 
364 272 364 
375 280 345 
322 270 408 
391 324 285 
388 311 301 
389 307 304 
384 293 323 
381 298 321 
411 327 262 
382 297 321 
332 309 359 
388 323 289 
351 311 338 
370 339 291 
434 295 271 
363 316 321 
399 314 287 
386 329 285 
372 303 325 
406 300 294 
372 340 288 
353 331 316 
342 278 380 
444 300 256 
368 282 350 
371 343 286 
363 305 332 
380 329 291 
378 309 313 
363 307 330 
388 328 284 
321 302 377 
360 303 337 
399 297 304 
339 305 356 
411 315 274 
386 335 279 
388 335 277 
365 331 304 
364 299 337 
371 303 326 
343 296 361 
376 347 277 
427 289 284 
382 303 315 
346 308 346 
364 268 368 
379 284 337 
379 307 314 
380 303 317 
400 329 271 
381 324 295 
368 359 273 
364 313 323 
366 312 322 
377 260 363 
400 312 288 
372 302 326 
390 312 298 
360 295 345 
375 332 293 
338 312 350 
329 318 353 
385 288 327 
320 294 386 
355 346 299 
370 348 282 
382 291 327 
392 308 300 
367 334 299 
425 318 257 
352 342 306 
420 278 302 
397 307 296 
408 276 316 
382 313 305 
362 335 303 
394 312 294 
347 346 307 
359 311 330 
420 302 278 
386 299 315 
356 326 318 
362 331 307 
415 292 293 
340 343 317 
400 312 288 
397 300 303 
388 328 284 
395 289 316 
352 317 331 
387 301 312 
373 326 301 
