0 0 326 
0 0 279 
0 0 288 
0 0 255 
0 0 321 
0 1 274 
0 0 328 
0 0 291 
0 0 288 
0 0 322 
0 0 293 
0 0 322 
0 0 286 
0 4 295 
0 0 308 
0 0 266 
0 1 261 
0 0 280 
0 0 273 
0 0 287 
0 3 250 
0 0 315 
0 0 273 
0 0 307 
0 0 327 
0 5 278 
0 0 322 
0 0 331 
0 0 344 
0 0 311 
0 0 342 
0 0 302 
0 0 307 
0 0 333 
0 0 316 
0 5 349 
0 0 287 
0 0 300 
0 0 327 
0 0 284 
0 0 300 
0 0 336 
0 0 283 
0 4 302 
0 3 244 
0 0 326 
0 0 311 
0 3 313 
0 4 277 
0 0 309 
0 0 293 
0 0 323 
0 0 295 
0 0 317 
0 7 277 
0 0 285 
0 0 271 
0 0 320 
0 3 322 
0 0 296 
0 0 305 
0 1 295 
0 0 311 
0 0 319 
0 0 317 
0 0 302 
0 0 283 
0 0 307 
0 0 369 
0 0 281 
0 0 302 
0 2 290 
0 0 279 
0 0 319 
0 0 301 
0 0 302 
0 2 242 
0 0 280 
0 0 297 
0 0 271 
0 0 304 
0 0 304 
0 0 286 
0 0 331 
0 0 283 
0 0 315 
0 0 279 
0 0 266 
0 0 308 
0 0 386 
0 1 274 
0 0 297 
0 0 290 
0 0 286 
0 0 329 
0 0 300 
0 0 274 
0 0 296 
0 0 278 
0 3 310 
0 0 302 
0 0 292 
0 0 328 
0 0 321 
0 0 319 
0 0 318 
0 0 309 
0 1 318 
0 0 332 
0 0 356 
0 0 328 
0 0 323 
0 0 280 
0 1 301 
0 0 267 
0 2 318 
0 0 288 
0 0 314 
0 0 297 
0 0 281 
0 0 300 
0 0 311 
0 0 307 
0 0 285 
0 0 297 
0 3 291 
0 3 274 
0 0 331 
0 0 348 
0 0 268 
0 0 319 
0 0 315 
0 0 285 
0 0 285 
0 0 334 
0 0 305 
0 0 288 
0 1 275 
0 0 330 
0 0 292 
0 0 294 
0 2 329 
0 0 301 
0 0 299 
0 0 340 
0 0 311 
0 0 328 
0 0 308 
0 0 285 
0 0 279 
0 0 317 
0 2 295 
0 0 292 
0 0 296 
0 0 354 
0 0 340 
0 0 344 
0 0 353 
0 0 278 
0 1 285 
0 2 313 
0 1 305 
0 0 281 
0 0 272 
0 0 285 
0 0 313 
0 0 311 
0 2 299 
0 0 289 
0 0 330 
0 0 394 
0 0 338 
0 1 333 
0 0 262 
0 0 348 
0 1 329 
0 0 337 
0 2 279 
0 0 328 
0 3 267 
0 0 352 
0 0 339 
0 0 282 
0 0 264 
0 0 325 
0 0 301 
0 0 309 
0 0 280 
0 0 312 
0 0 297 
0 0 289 
0 0 295 
0 3 310 
0 0 289 
0 0 338 
0 0 338 
0 2 336 
0 0 335 
0 0 269 
0 0 288 
0 1 305 
0 0 347 
0 0 273 
0 0 289 
0 1 295 
0 0 309 
0 0 283 
0 0 346 
0 0 316 
0 0 329 
0 3 271 
0 0 260 
0 0 310 
0 0 409 
0 4 320 
0 0 285 
0 0 287 
0 0 337 
0 0 307 
0 0 289 
0 0 296 
0 17 371 
0 2 273 
0 0 287 
0 0 297 
0 0 314 
0 0 298 
0 0 263 
0 0 278 
0 0 299 
0 0 306 
0 0 283 
0 0 288 
0 3 335 
0 0 286 
0 0 294 
0 0 318 
0 0 262 
0 0 280 
0 0 301 
0 0 308 
0 0 329 
0 0 279 
0 0 322 
0 0 266 
0 0 292 
0 0 298 
0 0 342 
0 6 325 
0 0 317 
0 21 329 
0 0 366 
0 0 347 
0 0 293 
0 0 300 
0 0 372 
0 0 307 
0 0 310 
0 0 277 
0 0 287 
0 3 322 
0 0 305 
0 0 275 
0 0 281 
0 0 304 
0 0 326 
0 2 321 
0 0 339 
0 0 364 
0 0 343 
0 4 276 
0 0 311 
0 0 334 
0 4 404 
0 0 283 
0 4 282 
0 0 374 
0 0 290 
0 0 354 
0 0 282 
0 0 298 
0 0 313 
0 0 258 
0 0 270 
0 0 371 
0 0 342 
0 0 284 
0 0 312 
0 0 330 
0 0 316 
0 6 267 
0 0 337 
0 0 293 
0 0 286 
0 0 310 
0 0 338 
0 0 259 
0 4 273 
0 0 302 
0 0 340 
0 0 316 
0 0 290 
0 0 334 
0 0 329 
0 0 267 
0 0 328 
0 0 298 
0 0 329 
0 0 275 
0 0 372 
0 0 293 
0 0 338 
0 0 338 
0 0 303 
0 0 281 
0 0 238 
0 0 345 
0 0 307 
0 0 343 
0 1 311 
0 0 297 
0 1 302 
0 0 292 
0 13 309 
0 0 302 
0 0 322 
0 7 338 
0 2 320 
0 0 340 
0 0 322 
0 0 278 
0 0 344 
0 0 302 
0 0 306 
0 0 260 
0 0 259 
0 0 373 
0 0 307 
0 8 286 
0 0 321 
0 0 298 
0 0 318 
0 0 308 
0 0 275 
0 2 329 
0 0 318 
0 2 255 
0 0 332 
0 21 265 
0 0 349 
0 0 270 
0 0 314 
0 0 282 
0 0 310 
0 0 356 
0 0 287 
0 0 339 
0 0 284 
0 0 273 
0 0 324 
0 0 290 
0 0 274 
0 0 294 
0 0 313 
0 0 319 
0 0 281 
0 0 320 
0 0 330 
0 0 294 
0 4 286 
0 0 317 
0 0 286 
0 0 318 
0 0 314 
0 0 296 
0 0 304 
0 0 321 
0 0 295 
0 5 316 
0 0 272 
0 11 288 
0 17 258 
0 0 290 
0 0 341 
0 0 333 
0 0 382 
0 1 299 
0 0 360 
0 5 292 
0 0 289 
0 5 304 
0 0 294 
0 2 311 
0 0 344 
0 0 316 
0 0 279 
0 0 314 
0 0 316 
0 0 366 
0 0 302 
0 0 308 
0 0 310 
0 0 324 
0 0 303 
0 0 296 
0 0 277 
0 0 330 
0 0 267 
0 0 308 
0 0 286 
0 0 329 
0 0 325 
0 0 311 
0 0 310 
0 2 292 
0 0 280 
0 0 319 
0 0 268 
0 0 368 
0 0 267 
0 0 287 
0 0 308 
0 0 320 
0 0 310 
0 8 270 
0 0 317 
0 6 268 
0 5 307 
0 0 342 
0 0 322 
0 0 313 
0 0 352 
0 0 331 
0 0 314 
0 0 330 
0 0 256 
0 0 338 
0 0 293 
0 0 316 
0 0 335 
0 2 269 
0 0 331 
0 0 347 
0 0 301 
0 9 305 
0 0 295 
0 0 346 
0 0 364 
0 0 297 
0 0 318 
0 0 381 
0 0 307 
0 0 312 
0 3 310 
0 0 330 
0 0 361 
0 2 310 
0 0 288 
0 0 307 
0 0 267 
0 0 301 
0 0 293 
0 0 301 
0 0 333 
0 2 333 
0 0 313 
0 0 287 
0 0 315 
0 16 275 
0 0 278 
0 0 293 
0 0 292 
0 0 325 
0 0 266 
0 0 285 
0 0 314 
0 0 305 
0 0 356 
0 0 300 
0 0 297 
0 0 318 
0 0 295 
0 1 329 
0 2 311 
0 1 286 
0 4 273 
0 0 308 
0 0 279 
0 0 343 
0 0 374 
0 0 328 
0 0 304 
0 0 331 
0 0 333 
0 0 265 
0 4 282 
0 0 280 
0 0 312 
0 0 294 
0 0 342 
0 0 317 
0 0 308 
0 0 356 
0 0 313 
0 0 304 
0 0 283 
0 0 282 
0 0 360 
0 0 319 
0 0 323 
0 0 348 
0 0 316 
0 7 300 
0 0 284 
0 0 309 
0 0 272 
0 2 285 
0 0 319 
0 0 299 
0 0 291 
0 0 314 
0 0 327 
0 0 334 
0 0 271 
0 0 282 
0 0 285 
0 0 373 
0 0 240 
0 0 290 
0 0 342 
0 0 329 
0 0 373 
0 0 383 
0 0 341 
0 0 295 
0 0 263 
0 2 301 
0 0 294 
0 4 283 
0 0 262 
0 0 294 
0 0 299 
0 1 285 
0 0 309 
0 0 301 
0 0 321 
0 0 346 
0 0 284 
0 0 345 
0 4 289 
0 0 261 
0 0 283 
0 0 321 
0 0 284 
0 0 315 
0 8 257 
0 0 304 
0 0 261 
0 2 316 
0 0 244 
0 0 323 
0 0 297 
0 0 308 
0 0 300 
0 0 304 
0 2 291 
0 0 298 
0 0 318 
0 0 315 
0 0 250 
0 0 324 
0 0 335 
0 0 312 
0 0 340 
0 0 338 
0 0 319 
0 0 299 
0 0 312 
0 0 309 
0 0 291 
0 0 299 
0 0 271 
0 0 298 
0 0 306 
0 0 282 
0 2 318 
0 0 278 
0 0 298 
0 0 316 
0 0 328 
0 0 337 
0 0 311 
0 12 314 
0 0 312 
0 0 314 
0 0 328 
0 0 291 
0 3 292 
0 0 303 
0 0 261 
0 0 282 
0 0 261 
0 0 311 
0 0 256 
0 0 384 
0 0 322 
0 0 332 
0 0 243 
0 0 288 
0 0 282 
0 0 303 
0 0 298 
0 0 337 
0 0 321 
0 0 329 
0 0 311 
0 0 321 
0 0 338 
0 0 315 
0 0 307 
0 0 331 
0 0 326 
0 1 275 
0 0 314 
0 0 289 
0 0 285 
0 0 263 
0 0 280 
0 0 324 
0 1 270 
0 0 335 
0 0 314 
0 0 296 
0 0 363 
0 0 322 
0 1 229 
0 2 327 
0 0 295 
0 11 320 
0 0 325 
0 0 311 
0 2 310 
0 0 257 
0 0 323 
0 0 286 
0 0 311 
0 0 289 
0 0 307 
0 0 325 
0 0 335 
0 5 275 
0 0 313 
0 0 276 
0 0 307 
0 16 300 
0 1 312 
0 0 313 
0 0 320 
0 0 278 
0 0 285 
0 0 286 
0 0 286 
0 1 281 
0 2 305 
0 0 338 
0 0 296 
0 0 312 
0 0 295 
0 0 312 
0 0 314 
0 0 270 
0 1 322 
0 3 325 
0 0 322 
0 3 310 
0 3 306 
0 0 309 
0 0 275 
0 0 371 
0 0 363 
0 0 303 
0 0 310 
0 0 338 
0 0 261 
0 1 280 
0 0 328 
0 0 293 
0 0 295 
0 0 274 
0 0 283 
0 0 391 
0 0 308 
0 0 307 
0 0 314 
0 0 356 
0 0 336 
0 0 320 
0 0 350 
0 0 311 
0 0 386 
0 0 309 
0 1 321 
0 0 302 
0 0 313 
0 0 360 
0 0 269 
0 0 315 
0 0 288 
0 0 295 
0 2 304 
0 0 303 
0 0 315 
0 0 389 
0 0 314 
0 0 268 
0 0 280 
0 1 272 
0 1 325 
0 11 259 
0 0 321 
0 0 254 
0 0 297 
0 0 317 
0 0 270 
0 4 299 
0 0 363 
0 0 338 
0 0 296 
0 0 286 
0 0 328 
0 0 317 
0 0 343 
0 0 302 
0 0 294 
0 0 290 
0 9 293 
0 0 298 
0 4 294 
0 0 351 
0 3 329 
0 0 290 
0 0 335 
0 0 360 
0 1 287 
0 0 293 
0 3 269 
0 0 274 
0 0 330 
0 0 329 
0 0 371 
0 0 321 
0 0 276 
0 0 304 
0 0 313 
0 0 303 
0 1 318 
0 1 290 
0 2 302 
0 0 325 
0 21 308 
0 0 327 
0 0 346 
0 0 346 
0 0 305 
0 0 314 
0 0 339 
0 0 279 
0 3 294 
0 10 316 
0 0 314 
0 10 341 
0 4 308 
0 0 326 
0 6 278 
0 0 285 
0 0 326 
0 0 299 
0 0 314 
0 2 299 
0 6 302 
0 8 285 
0 0 325 
0 0 370 
0 0 264 
0 0 293 
0 0 323 
0 6 331 
0 0 327 
0 8 280 
0 0 280 
0 1 329 
0 0 298 
0 0 329 
0 0 311 
0 0 286 
0 0 315 
0 0 308 
0 11 252 
0 11 328 
0 0 300 
0 0 375 
0 10 300 
0 0 309 
0 0 298 
0 0 300 
0 0 311 
0 0 292 
0 0 384 
0 0 299 
0 0 253 
0 0 289 
0 2 315 
0 0 272 
0 0 314 
0 0 294 
0 0 308 
0 0 309 
0 2 299 
0 1 287 
0 0 361 
0 0 261 
0 0 308 
0 5 323 
0 0 308 
0 9 310 
0 0 313 
0 9 287 
0 0 317 
0 0 300 
0 0 314 
0 0 324 
0 0 322 
0 0 278 
0 0 336 
0 0 299 
0 0 324 
0 0 276 
0 5 299 
0 0 319 
0 0 309 
0 0 313 
0 0 307 
0 0 296 
0 0 306 
0 3 298 
0 3 317 
0 3 389 
0 0 279 
0 0 311 
0 4 316 
0 0 264 
0 4 321 
0 0 263 
0 0 268 
0 0 296 
0 1 298 
0 0 291 
0 0 331 
0 0 323 
0 0 303 
0 25 302 
0 4 323 
0 0 287 
0 0 365 
0 3 305 
0 7 362 
0 0 312 
0 8 339 
0 2 317 
0 0 286 
0 0 304 
0 0 318 
0 2 269 
0 0 284 
0 0 266 
0 8 263 
0 2 258 
0 0 266 
0 1 315 
0 0 305 
0 0 361 
0 3 304 
0 0 345 
0 0 298 
0 0 286 
0 0 299 
0 0 272 
0 0 299 
0 0 331 
0 0 326 
0 0 311 
0 0 364 
0 0 257 
0 0 295 
0 0 309 
0 0 267 
0 5 314 
0 0 289 
0 2 328 
0 2 322 
0 0 319 
0 2 273 
0 0 320 
0 7 266 
0 6 307 
0 0 252 
0 0 266 
0 0 315 
0 0 337 
0 3 316 
0 0 287 
0 0 314 
0 0 289 
0 0 295 
0 0 369 
0 0 237 
0 0 335 
0 0 353 
0 0 332 
0 0 355 
0 0 366 
0 4 303 
0 0 344 
0 8 316 
0 0 254 
0 0 280 
0 0 310 
0 0 333 
0 0 314 
0 3 321 
0 0 286 
0 0 325 
0 0 302 
0 0 290 
0 3 348 
0 1 339 
0 0 290 
0 0 330 
0 9 256 
0 8 349 
0 0 307 
0 0 339 
0 0 328 
0 0 317 
0 0 270 
0 2 303 
0 0 263 
0 0 315 
0 0 376 
0 0 363 
0 0 297 
0 0 270 
0 0 326 
0 0 272 
0 3 257 
0 0 286 
0 0 321 
0 0 311 
0 3 280 
0 0 301 
0 0 304 
0 1 316 
0 0 288 
0 11 308 
0 0 308 
0 0 325 
0 0 359 
0 0 317 
0 0 282 
0 5 281 
0 0 347 
0 6 303 
0 6 269 
0 0 281 
0 10 317 
0 0 264 
0 0 303 
0 9 295 
0 0 310 
0 0 286 
0 0 375 
0 0 296 
0 0 339 
0 0 385 
0 0 326 
0 0 314 
0 0 382 
0 0 337 
0 0 306 
0 1 304 
0 0 331 
0 0 310 
0 2 301 
0 0 318 
0 0 292 
0 0 276 
0 0 299 
0 2 264 
0 0 294 
0 0 343 
