0 0 533 0 0 
0 0 494 0 0 
0 0 522 0 0 
0 1 513 0 0 
0 0 543 0 0 
0 1 536 0 0 
0 0 551 2 0 
0 0 574 0 0 
0 0 527 0 0 
0 0 748 0 0 
0 0 745 0 0 
0 3 430 0 0 
0 3 527 0 0 
0 0 508 0 0 
0 0 536 4 0 
0 0 515 0 0 
0 1 621 0 0 
0 0 485 0 0 
0 10 507 0 0 
0 0 475 0 0 
0 0 515 0 0 
0 0 542 0 0 
0 0 558 0 0 
0 0 541 0 0 
0 0 490 0 0 
0 0 542 0 0 
0 0 539 1 0 
0 11 499 0 0 
0 0 461 4 0 
0 5 630 1 0 
0 1 540 0 0 
0 0 500 0 0 
0 0 563 0 0 
0 0 497 0 0 
0 0 489 0 0 
0 0 439 0 0 
0 0 516 0 0 
0 0 436 21 0 
0 0 436 0 0 
0 0 557 0 0 
0 0 520 0 0 
0 0 526 0 0 
0 0 506 0 0 
0 0 648 15 0 
0 0 465 0 0 
0 2 457 1 0 
0 0 466 0 0 
0 0 488 0 0 
0 0 625 0 0 
0 0 523 0 0 
0 0 518 4 0 
0 0 502 0 0 
0 0 533 0 0 
0 0 498 0 0 
0 0 550 0 0 
0 0 432 10 0 
0 0 574 6 0 
0 0 484 0 0 
0 28 486 0 0 
0 0 486 3 0 
0 0 479 0 0 
0 3 456 0 0 
0 0 506 0 0 
0 0 565 0 0 
0 29 409 9 0 
0 9 521 1 0 
0 0 527 0 0 
0 0 573 0 0 
0 0 606 4 0 
0 0 472 8 0 
0 0 489 0 0 
0 0 534 0 0 
0 0 601 0 0 
0 0 530 0 0 
0 0 492 0 0 
0 0 566 0 0 
0 0 551 0 0 
0 27 433 0 0 
0 0 524 0 0 
0 0 588 0 0 
0 0 471 1 0 
0 5 352 1 0 
0 0 568 0 0 
0 0 447 0 0 
0 0 471 0 0 
0 0 526 1 0 
0 0 469 0 0 
0 0 541 1 0 
0 0 494 1 0 
0 0 479 19 0 
0 0 525 10 0 
0 0 483 0 0 
0 0 633 0 0 
0 0 598 0 0 
0 0 493 3 0 
0 15 524 0 0 
0 0 480 0 0 
0 0 505 0 0 
0 1 486 0 0 
0 0 431 0 0 
0 0 492 0 0 
0 0 469 0 0 
0 0 454 1 0 
0 0 544 4 0 
0 0 516 0 0 
0 0 585 0 0 
0 0 720 0 0 
0 0 625 0 0 
0 0 548 0 0 
0 0 598 3 0 
0 0 594 0 0 
0 0 499 0 0 
0 0 516 0 0 
0 27 577 0 0 
0 0 491 0 0 
0 0 554 0 0 
0 0 490 0 0 
0 53 505 0 0 
0 0 459 0 0 
0 0 505 0 0 
0 2 373 0 0 
0 0 418 0 0 
0 0 482 0 0 
0 0 546 2 0 
0 0 435 0 0 
0 0 586 0 0 
0 0 446 0 0 
0 0 431 0 0 
0 0 568 1 0 
0 0 509 0 0 
0 0 563 0 0 
0 0 548 0 0 
0 0 505 0 0 
0 0 495 5 0 
0 0 497 0 0 
0 0 464 0 0 
0 0 517 0 0 
0 0 593 0 0 
0 0 518 11 0 
0 5 429 2 0 
0 0 476 0 0 
0 17 514 0 0 
0 0 464 0 0 
0 0 486 0 0 
0 0 549 0 0 
0 0 617 0 0 
0 0 577 0 0 
0 5 510 5 0 
0 42 550 34 0 
0 7 480 0 0 
0 0 494 0 0 
0 0 502 0 0 
0 0 540 0 0 
0 0 496 0 0 
0 0 416 0 0 
0 0 484 0 0 
0 0 527 1 0 
0 0 421 0 0 
0 3 520 0 0 
0 0 484 0 0 
0 0 490 0 0 
0 0 482 30 0 
0 0 497 0 0 
0 0 477 5 0 
0 0 452 0 0 
0 0 600 0 0 
0 0 561 0 0 
0 0 477 0 0 
0 0 463 0 0 
0 0 542 0 0 
0 0 489 0 0 
0 0 671 0 0 
0 1 515 0 0 
0 0 561 0 0 
0 0 506 0 0 
0 0 467 1 0 
0 0 506 0 0 
0 36 414 23 0 
0 0 514 0 0 
0 0 508 0 0 
0 0 481 0 0 
0 0 506 0 0 
0 0 583 0 0 
0 5 418 38 0 
0 0 491 1 0 
0 0 480 0 0 
0 12 456 0 0 
0 43 419 0 0 
0 0 414 0 0 
0 1 553 0 0 
0 0 443 0 0 
0 0 477 1 0 
0 0 596 0 0 
0 4 495 0 0 
0 0 405 0 0 
0 0 575 0 0 
0 0 645 14 0 
0 9 485 0 0 
0 0 578 0 0 
0 0 499 4 0 
0 0 488 0 0 
0 0 471 0 0 
0 0 577 0 0 
0 0 571 0 0 
0 0 529 0 0 
0 0 558 0 0 
0 0 614 0 0 
0 0 444 0 0 
0 0 540 0 0 
0 0 540 1 0 
0 0 498 7 0 
0 0 536 0 0 
0 0 480 0 0 
0 15 483 0 0 
0 0 524 0 0 
0 0 525 0 0 
0 48 543 0 0 
0 0 488 0 0 
0 3 560 0 0 
0 0 487 0 0 
0 0 623 0 0 
0 1 447 0 0 
0 0 517 0 0 
0 1 533 0 0 
0 0 608 0 0 
0 0 598 7 0 
0 0 539 0 0 
0 2 460 0 0 
0 0 429 23 0 
0 0 485 6 0 
0 0 469 0 0 
0 0 520 0 0 
0 0 508 0 0 
0 0 571 7 0 
0 0 549 0 0 
0 10 610 4 0 
0 1 582 2 0 
0 0 711 0 0 
0 0 609 0 0 
0 0 463 0 0 
0 0 479 7 0 
0 2 610 0 0 
0 0 564 0 0 
0 23 593 3 0 
0 0 509 0 0 
0 0 533 0 0 
0 0 497 0 0 
0 0 556 0 0 
0 0 629 0 0 
0 0 620 0 0 
0 0 469 0 0 
0 0 557 7 0 
0 0 510 2 0 
0 2 645 0 0 
0 0 460 0 0 
0 0 588 0 0 
0 0 420 0 0 
0 0 593 0 0 
0 0 507 5 0 
0 0 512 19 0 
0 0 551 0 0 
0 0 462 0 0 
0 0 507 5 0 
0 5 559 0 0 
0 0 544 0 0 
0 0 537 2 0 
0 0 497 0 0 
0 1 477 53 0 
0 1 473 3 0 
0 0 537 0 0 
0 0 433 0 0 
0 36 473 0 0 
0 0 443 0 0 
0 0 513 0 0 
0 0 547 0 0 
0 0 480 5 0 
0 1 425 0 0 
0 11 424 0 0 
0 0 430 0 0 
0 0 582 0 0 
0 0 503 0 0 
0 0 505 1 0 
0 0 521 1 0 
0 0 542 0 0 
0 19 406 0 0 
0 0 495 0 0 
0 0 523 0 0 
0 0 531 0 0 
0 10 299 0 0 
0 0 470 0 0 
0 0 513 0 0 
0 7 440 0 0 
0 0 491 0 0 
0 0 490 0 0 
0 0 585 0 0 
0 0 401 0 0 
0 0 615 0 0 
0 0 469 0 0 
0 0 449 0 0 
0 0 479 0 0 
0 16 448 0 0 
0 12 461 0 0 
0 0 537 0 0 
0 0 573 2 0 
0 0 486 0 0 
0 0 557 0 0 
0 0 520 0 0 
0 0 647 2 0 
0 0 569 1 0 
0 0 533 0 0 
0 21 532 0 0 
0 0 494 0 0 
0 0 520 2 0 
0 0 549 0 0 
0 0 523 0 0 
0 0 510 0 0 
0 0 525 0 0 
0 0 617 0 0 
0 0 539 7 0 
0 0 564 0 0 
0 0 475 0 0 
0 0 545 0 0 
0 19 553 3 0 
0 0 554 0 0 
0 0 594 2 0 
0 0 608 0 0 
0 0 454 0 0 
0 0 551 0 0 
0 0 483 0 0 
0 0 486 0 0 
0 0 458 0 0 
0 0 476 0 0 
0 0 531 0 0 
0 0 501 0 0 
0 9 486 0 0 
0 0 532 15 0 
0 0 533 0 0 
0 0 508 1 0 
0 0 481 0 0 
0 0 532 0 0 
0 4 561 0 0 
0 0 520 0 0 
0 0 460 0 0 
0 0 383 0 0 
0 0 467 0 0 
0 9 521 0 0 
0 0 566 0 0 
0 0 734 0 0 
0 0 486 0 0 
0 0 479 0 0 
0 0 509 0 0 
0 0 469 0 0 
0 0 543 0 0 
0 5 435 89 0 
0 0 534 0 0 
0 0 415 6 0 
0 0 559 10 0 
0 0 560 0 0 
0 0 538 1 0 
0 0 473 0 0 
0 0 417 0 0 
0 0 493 11 0 
0 0 607 0 0 
0 0 487 0 0 
0 0 522 0 0 
0 0 462 0 0 
0 0 579 0 0 
0 0 551 0 0 
0 1 617 0 0 
0 0 502 0 0 
0 0 469 0 0 
0 0 557 0 0 
0 0 491 0 0 
0 0 480 14 0 
0 0 511 0 0 
0 0 568 0 0 
0 0 497 0 0 
0 0 571 0 0 
0 0 498 0 0 
0 0 490 0 0 
0 0 523 5 0 
0 0 509 0 0 
0 0 526 0 0 
0 2 518 0 0 
0 0 516 0 0 
0 0 597 0 0 
0 2 508 0 0 
0 0 450 1 0 
0 3 561 4 0 
0 0 479 0 0 
0 0 577 0 0 
0 0 550 0 0 
0 0 521 8 0 
0 7 512 0 0 
0 0 535 0 0 
0 1 420 0 0 
0 0 518 0 0 
0 0 505 0 0 
0 0 534 0 0 
0 0 483 0 0 
0 0 483 0 0 
0 0 429 0 0 
0 0 640 0 0 
0 2 635 0 0 
0 0 509 0 0 
0 0 462 0 0 
0 0 578 0 0 
0 0 472 0 0 
0 0 526 0 0 
0 0 465 0 0 
0 1 408 2 0 
0 0 431 0 0 
0 0 463 0 0 
0 0 453 0 0 
0 0 588 0 0 
0 0 564 0 0 
0 0 438 0 0 
0 8 528 2 0 
0 3 479 0 0 
0 0 494 13 0 
0 0 435 0 0 
0 0 533 0 0 
0 0 499 0 0 
0 0 562 0 0 
0 1 461 0 0 
0 0 514 0 0 
0 0 521 0 0 
0 1 539 0 0 
0 0 431 0 0 
0 0 461 1 0 
0 0 477 0 0 
0 0 517 3 0 
0 0 530 2 0 
0 0 559 0 0 
0 0 536 0 0 
0 18 549 4 0 
0 0 557 0 0 
0 0 453 0 0 
0 0 450 2 0 
0 3 463 6 0 
0 0 431 11 0 
0 0 408 0 0 
0 0 539 2 0 
0 0 562 0 0 
0 0 503 0 0 
0 0 544 0 0 
0 2 437 0 0 
0 1 453 10 0 
0 0 610 3 0 
0 0 543 0 0 
0 0 508 0 0 
0 0 468 0 0 
0 0 736 0 0 
0 0 441 0 0 
0 0 573 0 0 
0 0 550 1 0 
0 0 453 0 0 
0 0 545 0 0 
0 0 653 0 0 
0 0 466 0 0 
0 0 566 0 0 
0 10 613 17 0 
0 0 547 9 0 
0 0 527 0 0 
0 35 483 0 0 
0 1 456 0 0 
0 0 467 0 0 
0 19 477 0 0 
0 0 559 0 0 
0 0 668 5 0 
0 0 532 0 0 
0 0 590 0 0 
0 0 503 0 0 
0 0 524 0 0 
0 0 605 2 0 
0 4 440 0 0 
0 0 414 0 0 
0 0 479 3 0 
0 0 550 0 0 
0 2 533 0 0 
0 0 573 0 0 
0 0 496 0 0 
0 5 661 0 0 
0 0 570 0 0 
0 0 487 0 0 
0 0 592 6 0 
0 0 537 0 0 
0 0 615 0 0 
0 2 521 0 0 
0 1 517 0 0 
0 0 555 5 0 
0 22 519 0 0 
0 0 625 0 0 
0 0 451 0 0 
0 0 469 0 0 
0 0 543 0 0 
0 0 667 0 0 
0 0 538 0 0 
0 0 481 1 0 
0 0 456 1 0 
0 0 534 0 0 
0 13 481 0 0 
0 0 602 0 0 
0 0 477 0 0 
0 0 476 0 0 
0 0 485 0 0 
0 0 586 0 0 
0 1 506 69 0 
0 13 510 0 0 
0 0 519 0 0 
0 0 483 0 0 
0 0 533 0 0 
0 0 520 1 0 
0 0 497 0 0 
0 0 603 0 0 
0 7 508 0 0 
0 0 542 0 0 
0 4 517 8 0 
0 0 523 10 0 
0 0 432 0 0 
0 0 576 0 0 
0 0 523 0 0 
0 0 522 0 0 
0 0 555 0 0 
0 0 565 0 0 
0 0 555 0 0 
0 0 492 0 0 
0 0 551 0 0 
0 0 551 1 0 
0 0 587 0 0 
0 7 449 6 0 
0 0 501 0 0 
0 0 642 0 0 
0 0 526 0 0 
0 0 640 7 0 
0 0 482 0 0 
0 0 572 0 0 
0 0 512 0 0 
0 0 505 0 0 
0 12 498 11 0 
0 1 504 0 0 
0 0 463 0 0 
0 0 510 0 0 
0 0 560 0 0 
0 0 480 0 0 
0 0 605 0 0 
0 7 588 0 0 
0 0 449 8 0 
0 0 513 10 0 
0 0 446 0 0 
0 1 511 0 0 
0 0 523 0 0 
0 0 497 0 0 
0 11 372 38 0 
0 4 491 0 0 
0 0 408 0 0 
0 0 576 0 0 
0 0 636 0 0 
0 0 587 0 0 
0 0 494 0 0 
0 0 593 0 0 
0 0 556 0 0 
0 0 497 0 0 
0 6 526 0 0 
0 0 562 0 0 
0 11 442 0 0 
0 0 437 0 0 
0 0 513 0 0 
0 0 378 1 0 
0 0 506 0 0 
0 0 522 0 0 
0 0 497 0 0 
0 0 588 0 0 
0 0 585 0 0 
0 0 515 0 0 
0 0 521 0 0 
0 0 495 0 0 
0 0 536 0 0 
0 0 548 0 0 
0 0 487 0 0 
0 0 499 0 0 
0 0 514 0 0 
0 14 469 0 0 
0 0 481 0 0 
0 0 448 0 0 
0 0 487 0 0 
0 0 525 0 0 
0 0 528 0 0 
0 0 497 0 0 
0 0 581 0 0 
0 0 559 0 0 
0 0 505 0 0 
0 0 530 8 0 
0 1 518 0 0 
0 0 548 0 0 
0 0 518 0 0 
0 0 530 0 0 
0 0 491 0 0 
0 0 458 0 0 
0 1 428 3 0 
0 7 499 0 0 
0 0 592 0 0 
0 0 499 0 0 
0 2 511 0 0 
0 0 499 0 0 
0 0 444 0 0 
0 0 563 0 0 
0 0 526 1 0 
0 19 495 0 0 
1 0 536 0 0 
0 0 536 0 0 
0 0 575 0 0 
0 0 508 0 0 
0 0 572 0 0 
0 0 642 0 0 
0 0 420 0 0 
0 0 488 0 0 
0 0 555 0 0 
0 0 498 0 0 
0 0 495 0 0 
0 0 388 0 0 
0 0 495 0 0 
0 0 442 0 0 
0 0 532 0 0 
0 0 601 0 0 
0 0 568 0 0 
0 11 462 0 0 
0 0 506 0 0 
0 24 464 0 0 
0 1 589 1 0 
0 0 530 0 0 
0 10 494 0 0 
0 7 433 6 0 
0 7 473 0 0 
0 3 447 0 0 
0 0 646 0 0 
0 0 676 0 0 
0 0 445 0 0 
0 0 388 0 0 
0 16 503 0 0 
0 0 623 0 0 
0 0 424 0 0 
0 0 531 0 0 
0 0 565 0 0 
0 0 507 0 0 
0 2 480 0 0 
0 2 441 0 0 
0 0 515 0 0 
0 0 517 0 0 
0 1 501 0 0 
0 0 487 0 0 
0 0 593 0 0 
0 5 575 2 0 
0 3 574 4 0 
0 0 578 0 0 
0 0 599 1 0 
0 5 576 0 0 
0 0 515 0 0 
0 0 516 0 0 
0 2 501 0 0 
0 0 533 0 0 
0 52 441 0 0 
0 0 543 0 0 
0 1 449 21 0 
0 21 492 2 0 
0 0 561 0 0 
0 2 482 0 0 
0 0 495 0 0 
0 0 463 0 0 
0 0 498 0 0 
0 0 411 0 0 
0 0 426 2 0 
0 0 498 17 0 
0 0 452 6 0 
0 0 595 0 0 
0 0 548 0 0 
0 0 360 4 0 
0 0 576 2 0 
0 0 502 1 0 
0 0 530 0 0 
0 1 496 0 0 
0 3 520 0 0 
0 0 517 0 0 
0 0 523 1 0 
0 0 521 0 0 
0 0 600 0 0 
0 27 448 0 0 
0 0 511 0 0 
0 0 436 0 0 
0 0 714 0 0 
0 1 441 0 0 
0 0 441 0 0 
0 7 438 0 0 
0 22 524 0 0 
0 0 454 0 0 
0 0 472 11 0 
0 15 433 0 0 
0 0 467 0 0 
0 0 545 4 0 
0 0 433 0 0 
0 0 564 4 0 
0 0 504 0 0 
0 0 470 3 0 
0 0 473 8 0 
0 0 461 0 0 
0 0 458 4 0 
0 0 465 0 0 
0 0 594 0 0 
0 0 484 0 0 
0 0 622 0 0 
0 0 488 2 0 
0 0 484 0 0 
0 0 482 0 0 
0 2 504 0 0 
0 22 492 0 0 
0 0 554 4 0 
0 0 409 1 0 
0 0 505 0 0 
0 0 497 0 0 
1 0 590 20 0 
0 6 442 0 0 
0 23 580 0 0 
0 0 547 0 0 
0 0 566 0 0 
0 0 599 0 0 
0 140 434 0 0 
0 0 534 0 0 
0 0 464 0 0 
0 7 622 0 0 
0 0 572 0 0 
0 0 546 0 0 
0 0 548 12 0 
0 0 543 0 0 
0 0 522 0 0 
0 11 594 0 0 
0 0 678 0 0 
0 0 522 0 0 
0 0 548 0 0 
0 0 517 0 0 
0 0 522 0 0 
0 0 414 0 0 
0 0 523 0 0 
0 0 538 3 0 
0 0 453 0 0 
0 0 555 0 0 
0 26 542 0 0 
0 0 522 0 0 
0 0 592 0 0 
0 0 541 0 0 
0 0 470 0 0 
0 0 522 1 0 
0 5 451 0 0 
0 0 626 0 0 
0 0 608 0 0 
0 0 531 0 0 
0 0 450 0 0 
0 1 447 10 0 
0 0 694 0 0 
0 7 476 0 0 
0 11 386 3 0 
0 4 440 0 0 
0 0 446 3 0 
0 0 425 0 0 
0 4 572 0 0 
0 8 497 0 0 
0 0 493 0 0 
0 0 624 0 0 
0 0 513 0 0 
0 0 445 0 0 
0 17 504 32 0 
0 0 524 0 0 
0 0 434 0 0 
0 0 541 0 0 
0 0 514 0 0 
0 0 456 0 0 
0 22 473 9 0 
0 0 456 0 0 
0 2 484 1 0 
0 0 467 0 0 
0 0 484 0 0 
0 0 529 25 0 
0 0 464 4 0 
0 0 489 0 0 
0 1 448 0 0 
0 0 584 0 0 
0 0 558 0 0 
0 1 472 0 0 
0 2 461 0 0 
0 0 472 0 0 
0 0 504 0 0 
0 9 479 0 0 
0 0 579 0 0 
0 4 488 0 0 
0 4 494 0 0 
0 15 564 0 0 
0 2 526 0 0 
0 0 448 0 0 
0 0 590 8 0 
0 0 493 1 0 
0 0 524 0 0 
0 0 471 0 0 
0 0 502 0 0 
0 0 526 0 0 
0 39 539 0 0 
0 1 529 0 0 
0 0 517 0 0 
0 21 605 0 0 
0 0 504 0 0 
0 7 495 0 0 
0 0 532 0 0 
0 0 489 0 0 
0 0 487 0 0 
0 0 512 0 0 
0 0 519 0 0 
0 0 550 0 0 
0 0 429 0 0 
0 0 557 0 0 
0 0 540 0 0 
0 0 450 0 0 
0 0 519 0 0 
0 0 492 0 0 
0 0 506 0 0 
0 4 495 0 0 
0 0 420 0 0 
0 0 501 0 0 
0 1 515 0 0 
1 0 550 0 0 
0 0 522 0 0 
0 0 552 0 0 
0 0 653 4 0 
0 3 406 1 0 
0 0 457 0 0 
0 0 498 0 0 
0 0 492 0 0 
0 0 448 0 0 
0 0 609 0 0 
0 0 619 0 0 
0 0 529 0 0 
0 6 535 0 0 
0 5 440 0 0 
0 0 558 0 0 
0 0 467 7 0 
0 0 486 0 0 
0 0 513 0 0 
0 0 621 0 0 
0 0 459 11 0 
0 0 501 0 0 
0 0 555 0 0 
0 0 479 1 0 
0 0 554 0 0 
0 0 463 0 0 
0 0 579 0 0 
1 1 585 0 0 
0 0 579 1 0 
0 0 601 0 0 
0 5 582 0 0 
0 0 567 0 0 
0 0 442 0 0 
0 0 506 0 0 
0 0 567 2 0 
0 0 504 0 0 
0 0 524 0 0 
0 0 491 6 0 
0 0 541 0 0 
0 0 461 0 0 
0 0 512 0 0 
0 0 533 0 0 
0 0 530 0 0 
0 0 545 0 0 
0 0 509 0 0 
0 24 423 0 0 
0 0 549 14 0 
0 0 482 0 0 
0 0 497 0 0 
0 0 426 0 0 
0 0 474 0 0 
0 0 552 0 0 
0 0 483 5 0 
0 0 611 0 0 
0 20 524 0 0 
0 9 477 0 0 
0 0 522 0 0 
0 0 572 0 0 
0 3 515 0 0 
0 0 490 0 0 
0 0 560 0 0 
0 0 478 0 0 
0 0 545 0 0 
0 0 482 0 0 
0 0 549 3 0 
0 0 512 0 0 
0 0 487 0 0 
0 26 534 0 0 
0 0 520 0 0 
0 0 501 0 0 
0 0 531 6 0 
0 0 542 1 0 
0 0 612 0 0 
0 0 477 0 0 
0 0 510 0 0 
0 0 493 31 0 
0 0 513 0 0 
0 0 506 0 0 
0 0 617 0 0 
0 0 526 0 0 
0 1 550 13 0 
0 0 548 1 0 
0 6 538 0 0 
0 0 548 10 0 
0 0 486 0 0 
0 0 553 0 0 
0 0 525 0 0 
0 0 510 3 0 
0 0 661 0 0 
0 0 518 0 0 
0 0 505 0 0 
0 0 590 0 0 
0 0 526 9 0 
0 0 433 17 0 
0 0 574 0 0 
0 0 582 0 0 
0 0 627 0 0 
0 0 675 0 0 
0 0 539 23 0 
0 0 495 1 0 
0 0 558 5 0 
0 0 502 0 0 
0 0 449 0 0 
0 8 548 0 0 
0 0 549 3 0 
0 0 584 5 0 
0 14 453 0 0 
0 0 460 0 0 
0 0 441 13 0 
0 7 523 4 0 
0 0 663 4 0 
0 0 552 0 0 
0 8 521 0 0 
0 1 424 0 0 
0 0 494 0 0 
0 0 546 0 0 
0 0 563 0 0 
0 0 491 0 0 
0 15 429 0 0 
0 0 532 6 0 
0 0 516 0 0 
0 26 528 0 0 
0 0 591 0 0 
0 0 524 0 0 
0 1 559 0 0 
0 0 501 0 0 
0 0 497 6 0 
0 0 485 0 0 
0 4 526 0 0 
0 0 506 0 0 
0 0 482 3 0 
0 0 500 0 0 
0 0 417 0 0 
0 0 499 0 0 
0 0 489 0 0 
0 0 516 0 0 
0 3 476 1 0 
0 0 569 98 0 
0 0 474 1 0 
0 0 504 0 0 
0 14 568 0 0 
0 0 533 1 0 
0 0 543 11 0 
0 0 464 0 0 
0 0 489 0 0 
0 1 578 17 0 
0 0 617 2 0 
0 5 447 0 0 
0 0 435 0 0 
0 0 606 0 0 
0 13 577 0 0 
0 0 573 0 0 
0 0 482 3 0 
0 0 582 15 0 
0 0 500 0 0 
0 0 546 0 0 
0 0 486 0 0 
0 0 513 0 0 
0 0 473 0 0 
0 28 359 6 0 
0 0 514 0 0 
0 4 469 0 0 
0 0 550 0 0 
0 1 585 0 0 
0 0 457 0 0 
0 0 610 0 0 
0 0 454 7 0 
0 0 525 0 0 
0 0 552 0 0 
0 0 419 0 0 
0 0 686 0 0 
0 0 599 0 0 
0 0 549 0 0 
0 0 485 0 0 
0 0 532 0 0 
