359 324 317 
380 309 311 
392 309 299 
353 359 288 
384 328 288 
351 305 344 
430 309 261 
368 324 308 
377 323 300 
364 345 291 
370 315 315 
385 317 298 
384 304 312 
358 326 316 
384 320 296 
396 317 287 
360 333 307 
375 336 289 
374 339 287 
349 329 322 
351 299 350 
370 310 320 
398 316 286 
406 297 297 
376 314 310 
359 345 296 
370 306 324 
395 289 316 
377 304 319 
338 336 326 
324 311 365 
371 309 320 
377 309 314 
367 321 312 
371 320 309 
356 289 355 
392 326 282 
361 325 314 
385 283 332 
356 305 339 
380 320 300 
392 319 289 
403 337 260 
383 314 303 
368 312 320 
383 330 287 
369 353 278 
399 336 265 
334 328 338 
421 317 262 
321 330 349 
399 311 290 
392 308 300 
401 291 308 
396 293 311 
376 321 303 
358 329 313 
409 293 298 
381 325 294 
360 328 312 
409 321 270 
388 324 288 
354 357 289 
442 270 288 
366 274 360 
368 317 315 
350 337 313 
359 310 331 
378 320 302 
382 318 300 
350 294 356 
375 291 334 
372 316 312 
398 296 306 
406 287 307 
368 312 320 
379 276 345 
373 316 311 
368 310 322 
371 326 303 
364 311 325 
340 306 354 
395 308 297 
345 331 324 
386 312 302 
359 346 295 
400 308 292 
372 313 315 
379 298 323 
376 340 284 
377 280 343 
399 302 299 
361 321 318 
403 278 319 
384 307 309 
407 267 326 
365 317 318 
383 324 293 
398 322 280 
423 302 275 
378 331 291 
342 340 318 
333 354 313 
360 321 319 
327 291 382 
345 339 316 
370 297 333 
419 317 264 
339 331 330 
352 349 299 
432 296 272 
432 287 281 
396 309 295 
407 304 289 
361 334 305 
406 320 274 
398 296 306 
363 333 304 
380 315 305 
372 332 296 
334 340 326 
366 335 299 
357 300 343 
420 308 272 
378 318 304 
392 300 308 
387 310 303 
333 351 316 
399 338 263 
476 276 248 
381 312 307 
371 312 317 
360 316 324 
379 318 303 
390 286 324 
401 304 295 
369 298 333 
417 305 278 
345 330 325 
377 313 310 
387 297 316 
378 346 276 
386 327 287 
317 294 389 
413 312 275 
373 300 327 
394 310 296 
357 293 350 
348 297 355 
383 290 327 
450 275 275 
412 277 311 
330 351 319 
403 334 263 
349 341 310 
348 305 347 
362 325 313 
388 312 300 
404 280 316 
368 317 315 
343 338 319 
374 331 295 
367 312 321 
370 318 312 
421 309 270 
347 312 341 
400 316 284 
382 297 321 
383 303 314 
368 312 320 
369 331 300 
386 321 293 
380 314 306 
392 334 274 
413 311 276 
378 333 289 
371 301 328 
373 324 303 
388 300 312 
351 309 340 
365 335 300 
375 301 324 
373 320 307 
340 340 320 
386 309 305 
358 323 319 
334 340 326 
339 311 350 
376 338 286 
357 298 345 
336 309 355 
347 317 336 
372 302 326 
316 283 401 
367 326 307 
394 341 265 
389 340 271 
384 315 301 
375 298 327 
380 298 322 
343 323 334 
356 334 310 
396 299 305 
400 287 313 
334 330 336 
330 324 346 
361 301 338 
368 337 295 
395 322 283 
362 295 343 
392 333 275 
310 360 330 
373 305 322 
449 317 234 
374 328 298 
395 308 297 
329 314 357 
352 334 314 
353 296 351 
379 334 287 
382 304 314 
400 250 350 
387 327 286 
407 336 257 
406 288 306 
361 336 303 
357 325 318 
379 339 282 
373 317 310 
391 320 289 
395 315 290 
353 332 315 
395 296 309 
352 351 297 
463 271 266 
364 315 321 
389 343 268 
342 341 317 
372 324 304 
388 324 288 
353 323 324 
398 325 277 
411 310 279 
353 332 315 
378 306 316 
415 292 293 
395 349 256 
341 330 329 
400 306 294 
360 322 318 
341 330 329 
368 335 297 
366 338 296 
429 276 295 
331 330 339 
365 323 312 
402 280 318 
371 333 296 
371 310 319 
386 299 315 
335 338 327 
393 305 302 
342 304 354 
415 310 275 
411 313 276 
381 283 336 
409 326 265 
359 271 370 
351 341 308 
358 335 307 
341 319 340 
408 290 302 
386 310 304 
399 321 280 
373 324 303 
353 355 292 
392 321 287 
395 300 305 
425 315 260 
382 306 312 
352 299 349 
385 304 311 
323 281 396 
333 333 334 
387 310 303 
370 321 309 
363 302 335 
335 307 358 
387 329 284 
382 309 309 
372 276 352 
406 295 299 
343 333 324 
365 297 338 
404 297 299 
437 302 261 
401 288 311 
367 325 308 
396 308 296 
393 333 274 
350 333 317 
383 303 314 
358 295 347 
363 298 339 
408 275 317 
403 302 295 
379 296 325 
354 324 322 
361 338 301 
332 354 314 
378 299 323 
398 323 279 
370 312 318 
377 332 291 
404 276 320 
386 350 264 
374 332 294 
400 305 295 
361 335 304 
428 295 277 
391 278 331 
430 301 269 
365 325 310 
360 291 349 
362 334 304 
367 340 293 
358 317 325 
429 309 262 
376 340 284 
397 323 280 
380 311 309 
418 331 251 
371 327 302 
382 283 335 
402 340 258 
402 308 290 
369 333 298 
385 301 314 
367 275 358 
341 294 365 
396 294 310 
388 312 300 
401 313 286 
373 318 309 
429 279 292 
414 309 277 
447 313 240 
325 285 390 
403 300 297 
381 306 313 
366 328 306 
402 304 294 
384 328 288 
386 288 326 
358 319 323 
362 355 283 
353 291 356 
409 269 322 
375 302 323 
362 315 323 
415 324 261 
372 304 324 
418 326 256 
347 332 321 
349 313 338 
353 327 320 
374 301 325 
364 291 345 
365 315 320 
412 298 290 
374 329 297 
406 331 263 
354 326 320 
405 311 284 
398 314 288 
391 312 297 
384 285 331 
406 319 275 
337 334 329 
396 287 317 
332 359 309 
413 324 263 
371 317 312 
389 312 299 
395 289 316 
347 339 314 
392 306 302 
346 326 328 
394 298 308 
402 300 298 
357 318 325 
418 321 261 
340 299 361 
352 284 364 
384 285 331 
349 317 334 
362 325 313 
398 314 288 
384 297 319 
343 357 300 
373 307 320 
380 290 330 
394 310 296 
361 323 316 
349 322 329 
358 321 321 
397 316 287 
373 315 312 
360 326 314 
368 330 302 
358 280 362 
366 315 319 
371 309 320 
370 291 339 
378 325 297 
402 300 298 
375 321 304 
411 283 306 
377 316 307 
354 318 328 
382 318 300 
423 276 301 
379 314 307 
404 310 286 
401 308 291 
377 300 323 
338 329 333 
390 314 296 
355 322 323 
400 281 319 
437 279 284 
360 299 341 
325 360 315 
408 272 320 
359 344 297 
373 302 325 
320 311 369 
377 292 331 
368 333 299 
390 327 283 
422 284 294 
368 327 305 
347 328 325 
387 280 333 
362 330 308 
363 308 329 
416 323 261 
372 327 301 
378 303 319 
355 334 311 
376 307 317 
372 303 325 
358 327 315 
368 297 335 
349 339 312 
420 305 275 
384 337 279 
437 288 275 
378 308 314 
352 318 330 
367 333 300 
346 318 336 
420 258 322 
398 339 263 
364 334 302 
380 314 306 
395 295 310 
379 340 281 
391 325 284 
379 287 334 
367 308 325 
431 285 284 
367 322 311 
328 342 330 
383 314 303 
358 337 305 
372 310 318 
386 302 312 
348 309 343 
352 319 329 
372 295 333 
390 313 297 
396 335 269 
379 323 298 
385 287 328 
359 306 335 
462 286 252 
346 321 333 
392 282 326 
400 314 286 
369 288 343 
399 319 282 
385 297 318 
417 310 273 
333 322 345 
378 291 331 
348 318 334 
458 272 270 
372 353 275 
402 299 299 
368 317 315 
323 314 363 
348 320 332 
376 317 307 
387 321 292 
354 311 335 
402 301 297 
382 288 330 
324 322 354 
371 334 295 
392 321 287 
328 288 384 
366 321 313 
385 286 329 
321 326 353 
406 328 266 
364 328 308 
364 321 315 
394 300 306 
376 329 295 
369 310 321 
346 346 308 
382 316 302 
380 317 303 
344 287 369 
381 306 313 
377 311 312 
398 352 250 
414 312 274 
349 279 372 
368 325 307 
336 320 344 
361 370 269 
372 305 323 
382 324 294 
384 327 289 
365 318 317 
340 318 342 
357 339 304 
334 335 331 
379 306 315 
397 292 311 
307 328 365 
361 363 276 
382 337 281 
382 334 284 
396 326 278 
382 312 306 
363 340 297 
344 335 321 
360 316 324 
377 303 320 
369 314 317 
380 353 267 
353 337 310 
380 327 293 
480 276 244 
396 325 279 
312 283 405 
387 326 287 
412 291 297 
370 293 337 
412 313 275 
366 319 315 
331 331 338 
386 311 303 
417 310 273 
393 313 294 
386 324 290 
329 324 347 
360 312 328 
389 304 307 
408 296 296 
397 332 271 
326 336 338 
367 302 331 
365 329 306 
362 291 347 
391 308 301 
448 293 259 
360 338 302 
342 312 346 
358 334 308 
389 305 306 
391 280 329 
347 296 357 
348 331 321 
379 333 288 
418 275 307 
398 290 312 
373 311 316 
453 285 262 
363 278 359 
384 303 313 
414 320 266 
354 332 314 
418 312 270 
409 279 312 
405 297 298 
359 324 317 
416 281 303 
386 325 289 
375 306 319 
409 324 267 
413 311 276 
370 305 325 
437 320 243 
359 328 313 
344 311 345 
393 332 275 
360 344 296 
341 308 351 
368 347 285 
354 350 296 
363 313 324 
399 323 278 
374 345 281 
384 294 322 
376 318 306 
390 263 347 
398 279 323 
345 345 310 
372 326 302 
372 318 310 
375 305 320 
354 354 292 
389 316 295 
331 300 369 
347 357 296 
387 325 288 
386 305 309 
351 306 343 
387 294 319 
375 339 286 
348 318 334 
369 320 311 
330 345 325 
369 313 318 
421 289 290 
344 314 342 
352 341 307 
362 303 335 
383 319 298 
373 294 333 
362 340 298 
396 297 307 
347 301 352 
371 325 304 
408 322 270 
355 327 318 
362 333 305 
384 322 294 
392 309 299 
381 316 303 
369 332 299 
408 324 268 
381 313 306 
362 312 326 
386 315 299 
386 315 299 
365 346 289 
389 323 288 
362 324 314 
414 330 256 
395 272 333 
358 331 311 
386 323 291 
382 314 304 
344 296 360 
409 306 285 
374 292 334 
397 301 302 
394 324 282 
355 325 320 
348 302 350 
417 298 285 
329 287 384 
337 307 356 
376 353 271 
354 353 293 
398 310 292 
355 303 342 
334 327 339 
435 267 298 
390 299 311 
411 306 283 
386 278 336 
399 321 280 
374 323 303 
374 306 320 
344 338 318 
383 302 315 
425 304 271 
352 313 335 
378 318 304 
440 314 246 
329 325 346 
367 331 302 
420 282 298 
406 278 316 
376 343 281 
457 298 245 
369 290 341 
424 309 267 
370 329 301 
384 296 320 
348 332 320 
386 311 303 
415 298 287 
343 310 347 
372 324 304 
406 319 275 
356 321 323 
392 340 268 
320 333 347 
357 309 334 
380 319 301 
346 310 344 
369 311 320 
379 336 285 
422 300 278 
413 323 264 
361 296 343 
385 314 301 
388 311 301 
366 289 345 
364 312 324 
369 305 326 
359 324 317 
349 315 336 
377 314 309 
398 321 281 
408 302 290 
400 277 323 
385 317 298 
376 307 317 
359 291 350 
382 339 279 
336 296 368 
371 324 305 
436 292 272 
375 318 307 
373 326 301 
365 336 299 
379 324 297 
418 334 248 
397 352 251 
352 306 342 
384 314 302 
468 269 263 
402 333 265 
400 294 306 
335 324 341 
404 295 301 
376 337 287 
379 296 325 
395 343 262 
361 313 326 
368 316 316 
379 296 325 
381 331 288 
392 319 289 
389 316 295 
381 364 255 
342 319 339 
344 357 299 
358 337 305 
350 334 316 
395 299 306 
430 286 284 
484 275 241 
350 347 303 
371 328 301 
373 297 330 
372 302 326 
363 338 299 
383 318 299 
380 328 292 
349 275 376 
411 311 278 
366 305 329 
393 350 257 
368 322 310 
384 295 321 
377 316 307 
345 314 341 
384 327 289 
464 279 257 
401 310 289 
324 305 371 
360 369 271 
360 337 303 
341 321 338 
385 332 283 
449 303 248 
375 299 326 
369 325 306 
340 324 336 
357 304 339 
390 317 293 
408 310 282 
406 298 296 
367 291 342 
351 289 360 
374 321 305 
374 331 295 
422 324 254 
385 310 305 
377 329 294 
370 327 303 
370 334 296 
395 296 309 
344 333 323 
414 319 267 
409 310 281 
335 364 301 
393 307 300 
363 334 303 
359 329 312 
360 313 327 
370 313 317 
389 309 302 
379 323 298 
378 306 316 
377 310 313 
304 351 345 
365 332 303 
424 288 288 
404 290 306 
363 293 344 
390 283 327 
377 323 300 
399 309 292 
455 291 254 
397 289 314 
383 320 297 
368 310 322 
401 290 309 
375 342 283 
327 347 326 
413 304 283 
345 337 318 
368 372 260 
404 306 290 
424 266 310 
382 317 301 
380 315 305 
388 343 269 
395 296 309 
374 294 332 
355 287 358 
397 286 317 
428 291 281 
352 307 341 
405 323 272 
339 314 347 
350 344 306 
342 322 336 
361 323 316 
382 332 286 
357 329 314 
371 310 319 
403 314 283 
414 306 280 
347 324 329 
393 312 295 
406 330 264 
342 341 317 
382 310 308 
377 292 331 
406 296 298 
399 311 290 
352 317 331 
383 303 314 
375 351 274 
399 289 312 
316 303 381 
369 293 338 
369 325 306 
424 288 288 
355 305 340 
366 326 308 
356 325 319 
429 305 266 
400 306 294 
430 294 276 
383 310 307 
353 341 306 
412 326 262 
382 317 301 
365 317 318 
409 294 297 
379 318 303 
361 313 326 
387 295 318 
360 325 315 
391 330 279 
370 326 304 
362 328 310 
372 334 294 
382 312 306 
356 307 337 
331 322 347 
378 333 289 
405 302 293 
390 292 318 
424 249 327 
386 319 295 
373 325 302 
403 295 302 
354 327 319 
391 295 314 
354 307 339 
360 285 355 
389 312 299 
386 331 283 
407 305 288 
361 338 301 
377 299 324 
407 309 284 
381 333 286 
392 303 305 
402 305 293 
392 308 300 
371 297 332 
352 317 331 
383 281 336 
375 313 312 
410 304 286 
379 347 274 
382 304 314 
375 335 290 
388 325 287 
367 318 315 
406 278 316 
405 311 284 
341 353 306 
355 343 302 
388 311 301 
414 342 244 
375 317 308 
402 324 274 
368 332 300 
354 318 328 
326 285 389 
386 294 320 
373 297 330 
375 308 317 
377 309 314 
374 313 313 
363 314 323 
376 297 327 
326 348 326 
401 332 267 
377 311 312 
297 277 426 
374 295 331 
387 320 293 
403 294 303 
375 337 288 
379 314 307 
381 348 271 
384 305 311 
348 303 349 
396 324 280 
402 311 287 
369 303 328 
380 340 280 
346 305 349 
404 310 286 
381 336 283 
333 311 356 
353 281 366 
367 319 314 
349 283 368 
420 295 285 
362 317 321 
414 278 308 
362 299 339 
394 300 306 
400 320 280 
385 300 315 
416 299 285 
384 312 304 
433 273 294 
402 303 295 
363 317 320 
398 315 287 
364 308 328 
392 306 302 
351 312 337 
380 309 311 
357 317 326 
390 305 305 
358 307 335 
392 304 304 
362 312 326 
345 327 328 
366 332 302 
403 312 285 
