391 308 301 
373 294 333 
335 286 379 
380 323 297 
379 293 328 
366 285 349 
405 303 292 
355 293 352 
340 311 349 
358 314 328 
398 324 278 
450 319 231 
421 265 314 
400 322 278 
433 327 240 
392 306 302 
384 267 349 
372 309 319 
430 304 266 
346 338 316 
371 275 354 
349 337 314 
393 322 285 
349 316 335 
389 328 283 
295 327 378 
373 329 298 
444 262 294 
417 282 301 
356 316 328 
332 302 366 
394 326 280 
344 361 295 
366 348 286 
380 350 270 
416 302 282 
319 351 330 
379 282 339 
340 293 367 
457 298 245 
382 317 301 
389 296 315 
366 306 328 
376 253 371 
371 331 298 
375 324 301 
364 333 303 
306 292 402 
394 326 280 
368 319 313 
450 289 261 
396 298 306 
392 259 349 
406 329 265 
361 321 318 
414 313 273 
396 287 317 
376 326 298 
377 360 263 
422 301 277 
340 321 339 
404 305 291 
361 301 338 
361 342 297 
350 317 333 
332 337 331 
419 307 274 
413 283 304 
426 281 293 
348 296 356 
395 309 296 
370 299 331 
363 311 326 
420 309 271 
387 354 259 
371 324 305 
288 254 458 
392 346 262 
435 317 248 
408 306 286 
390 308 302 
417 314 269 
391 320 289 
333 283 384 
345 340 315 
353 326 321 
393 338 269 
397 282 321 
332 332 336 
374 307 319 
410 262 328 
389 353 258 
383 315 302 
378 315 307 
387 335 278 
387 308 305 
332 316 352 
353 311 336 
351 342 307 
322 306 372 
417 295 288 
380 324 296 
330 305 365 
421 304 275 
339 331 330 
328 338 334 
391 312 297 
364 333 303 
290 326 384 
423 296 281 
467 251 282 
386 328 286 
384 331 285 
365 320 315 
383 352 265 
399 322 279 
393 297 310 
412 294 294 
362 340 298 
414 335 251 
407 294 299 
342 359 299 
334 341 325 
376 328 296 
381 336 283 
367 319 314 
324 324 352 
386 336 278 
355 340 305 
388 321 291 
364 344 292 
363 262 375 
372 344 284 
428 305 267 
339 345 316 
370 324 306 
408 313 279 
359 311 330 
350 327 323 
390 317 293 
458 273 269 
445 270 285 
358 353 289 
406 291 303 
430 321 249 
401 306 293 
369 327 304 
352 322 326 
317 340 343 
385 328 287 
400 300 300 
374 304 322 
345 348 307 
345 309 346 
356 327 317 
353 340 307 
419 325 256 
379 309 312 
332 294 374 
411 296 293 
464 265 271 
406 288 306 
466 260 274 
433 311 256 
375 301 324 
363 307 330 
349 331 320 
390 313 297 
423 296 281 
415 340 245 
404 332 264 
380 346 274 
433 316 251 
332 379 289 
366 322 312 
414 281 305 
341 301 358 
440 277 283 
424 283 293 
385 297 318 
370 294 336 
368 324 308 
378 304 318 
413 305 282 
390 320 290 
331 344 325 
399 285 316 
374 323 303 
377 310 313 
299 303 398 
351 275 374 
321 351 328 
331 347 322 
407 326 267 
462 277 261 
405 334 261 
390 327 283 
353 321 326 
366 331 303 
425 290 285 
335 349 316 
371 307 322 
342 340 318 
354 300 346 
345 324 331 
368 315 317 
353 341 306 
351 329 320 
344 330 326 
358 310 332 
408 305 287 
412 297 291 
391 300 309 
358 313 329 
346 282 372 
394 302 304 
338 306 356 
439 282 279 
389 301 310 
383 300 317 
340 347 313 
390 326 284 
358 334 308 
368 300 332 
420 290 290 
308 343 349 
418 299 283 
381 347 272 
389 342 269 
369 344 287 
389 291 320 
392 338 270 
435 317 248 
366 325 309 
367 342 291 
416 287 297 
370 318 312 
409 307 284 
380 328 292 
393 308 299 
352 363 285 
389 314 297 
369 332 299 
438 281 281 
404 300 296 
424 293 283 
317 247 436 
420 284 296 
432 280 288 
358 331 311 
336 323 341 
436 306 258 
381 266 353 
381 321 298 
383 313 304 
378 308 314 
419 319 262 
385 356 259 
392 313 295 
399 317 284 
410 298 292 
394 261 345 
426 287 287 
355 302 343 
299 271 430 
424 319 257 
422 300 278 
383 303 314 
383 321 296 
345 343 312 
377 322 301 
365 291 344 
415 266 319 
373 334 293 
400 313 287 
365 315 320 
353 315 332 
331 309 360 
353 301 346 
381 326 293 
362 335 303 
354 319 327 
368 311 321 
427 291 282 
322 303 375 
388 276 336 
330 311 359 
393 309 298 
358 341 301 
389 334 277 
374 365 261 
344 325 331 
378 325 297 
406 290 304 
386 335 279 
324 258 418 
339 310 351 
430 317 253 
356 323 321 
379 264 357 
359 339 302 
309 354 337 
354 317 329 
418 303 279 
384 332 284 
414 316 270 
391 327 282 
422 309 269 
368 315 317 
346 339 315 
412 313 275 
392 326 282 
400 301 299 
390 330 280 
363 325 312 
358 308 334 
343 335 322 
384 357 259 
317 322 361 
400 300 300 
393 340 267 
368 263 369 
338 336 326 
373 298 329 
442 280 278 
352 334 314 
394 360 246 
411 310 279 
431 293 276 
354 318 328 
354 334 312 
383 327 290 
412 294 294 
369 351 280 
366 347 287 
365 309 326 
367 342 291 
319 345 336 
353 303 344 
340 333 327 
379 313 308 
334 331 335 
390 290 320 
402 318 280 
462 264 274 
379 299 322 
419 304 277 
389 314 297 
338 313 349 
458 281 261 
392 350 258 
416 308 276 
324 274 402 
379 363 258 
385 325 290 
342 353 305 
380 292 328 
369 343 288 
387 317 296 
314 302 384 
403 298 299 
414 306 280 
371 327 302 
430 313 257 
345 333 322 
440 317 243 
341 354 305 
415 283 302 
445 252 303 
380 353 267 
370 364 266 
377 330 293 
355 340 305 
387 293 320 
368 314 318 
366 310 324 
366 297 337 
366 294 340 
411 276 313 
382 282 336 
354 308 338 
397 289 314 
357 318 325 
425 299 276 
364 281 355 
374 279 347 
382 298 320 
381 306 313 
344 304 352 
360 325 315 
379 307 314 
373 348 279 
381 310 309 
365 334 301 
393 349 258 
374 303 323 
363 285 352 
367 299 334 
354 341 305 
389 313 298 
333 334 333 
366 332 302 
347 340 313 
390 323 287 
372 296 332 
406 274 320 
382 333 285 
363 345 292 
344 247 409 
372 329 299 
456 290 254 
431 295 274 
394 312 294 
373 336 291 
395 307 298 
359 295 346 
436 300 264 
374 279 347 
391 349 260 
379 316 305 
402 271 327 
351 329 320 
327 295 378 
387 294 319 
389 300 311 
356 300 344 
415 304 281 
429 285 286 
411 326 263 
409 304 287 
407 293 300 
402 279 319 
401 307 292 
377 315 308 
373 304 323 
374 316 310 
333 320 347 
377 287 336 
403 311 286 
396 317 287 
314 295 391 
425 313 262 
359 308 333 
365 324 311 
349 331 320 
385 339 276 
360 384 256 
358 318 324 
409 291 300 
377 327 296 
358 349 293 
337 327 336 
345 298 357 
345 293 362 
351 316 333 
375 308 317 
395 312 293 
341 347 312 
422 299 279 
315 286 399 
420 347 233 
397 270 333 
384 317 299 
363 301 336 
345 320 335 
346 362 292 
373 301 326 
363 296 341 
432 306 262 
361 289 350 
371 302 327 
376 324 300 
367 325 308 
319 354 327 
378 324 298 
386 315 299 
333 351 316 
326 365 309 
443 294 263 
404 280 316 
332 334 334 
341 321 338 
378 321 301 
451 256 293 
416 287 297 
321 317 362 
383 319 298 
392 318 290 
365 307 328 
378 345 277 
365 267 368 
333 252 415 
373 321 306 
387 310 303 
329 290 381 
356 317 327 
334 298 368 
345 300 355 
375 313 312 
358 315 327 
395 332 273 
324 264 412 
380 319 301 
398 307 295 
382 310 308 
379 331 290 
366 297 337 
374 301 325 
403 327 270 
352 321 327 
385 309 306 
345 317 338 
372 259 369 
389 315 296 
424 307 269 
390 341 269 
391 281 328 
371 323 306 
349 317 334 
423 277 300 
358 329 313 
391 327 282 
386 298 316 
402 308 290 
326 306 368 
323 318 359 
327 304 369 
379 299 322 
363 291 346 
356 319 325 
413 298 289 
324 328 348 
427 276 297 
355 303 342 
388 304 308 
367 308 325 
366 337 297 
361 317 322 
369 325 306 
439 304 257 
376 309 315 
349 313 338 
373 331 296 
387 335 278 
373 272 355 
395 311 294 
385 308 307 
373 335 292 
420 297 283 
348 259 393 
378 317 305 
334 330 336 
391 313 296 
384 290 326 
339 350 311 
394 309 297 
344 335 321 
352 293 355 
354 332 314 
399 297 304 
359 295 346 
390 290 320 
393 295 312 
367 294 339 
400 292 308 
379 327 294 
379 321 300 
413 316 271 
368 327 305 
352 359 289 
375 320 305 
360 299 341 
340 323 337 
408 339 253 
387 337 276 
350 340 310 
328 338 334 
358 340 302 
441 281 278 
390 308 302 
495 255 250 
360 308 332 
336 331 333 
368 320 312 
342 334 324 
365 333 302 
380 309 311 
383 294 323 
395 299 306 
441 290 269 
333 309 358 
364 305 331 
382 324 294 
420 290 290 
351 321 328 
331 330 339 
321 351 328 
330 309 361 
380 301 319 
368 304 328 
361 332 307 
398 321 281 
386 336 278 
364 289 347 
378 316 306 
451 285 264 
321 279 400 
350 340 310 
406 304 290 
388 336 276 
359 323 318 
353 348 299 
373 336 291 
393 292 315 
387 320 293 
402 331 267 
383 322 295 
412 312 276 
391 319 290 
341 327 332 
350 328 322 
376 294 330 
382 302 316 
363 345 292 
444 286 270 
362 280 358 
360 295 345 
383 318 299 
365 333 302 
393 312 295 
336 327 337 
348 288 364 
360 285 355 
373 320 307 
358 337 305 
373 333 294 
380 310 310 
339 271 390 
391 338 271 
354 348 298 
374 304 322 
393 320 287 
361 348 291 
406 307 287 
375 295 330 
428 324 248 
357 360 283 
363 332 305 
374 331 295 
360 330 310 
392 259 349 
389 320 291 
374 313 313 
400 299 301 
320 265 415 
353 322 325 
349 286 365 
407 320 273 
404 292 304 
390 292 318 
302 301 397 
370 336 294 
352 352 296 
331 357 312 
468 291 241 
484 284 232 
354 285 361 
343 334 323 
336 368 296 
411 292 297 
349 302 349 
383 290 327 
384 251 365 
315 327 358 
355 334 311 
376 330 294 
464 247 289 
407 302 291 
335 352 313 
366 317 317 
332 327 341 
432 283 285 
439 294 267 
401 323 276 
385 332 283 
348 326 326 
278 248 474 
399 307 294 
421 267 312 
378 300 322 
418 288 294 
338 362 300 
392 307 301 
413 298 289 
373 320 307 
402 332 266 
356 321 323 
347 288 365 
363 316 321 
319 303 378 
347 309 344 
369 271 360 
364 264 372 
397 334 269 
368 350 282 
335 357 308 
367 311 322 
453 310 237 
372 280 348 
419 302 279 
385 300 315 
308 340 352 
417 334 249 
377 301 322 
415 305 280 
349 324 327 
391 304 305 
376 346 278 
388 305 307 
362 319 319 
363 267 370 
363 330 307 
353 331 316 
371 319 310 
351 319 330 
357 330 313 
332 330 338 
348 365 287 
346 304 350 
452 290 258 
356 363 281 
416 279 305 
337 285 378 
351 330 319 
326 320 354 
389 326 285 
424 307 269 
394 318 288 
366 366 268 
375 303 322 
416 326 258 
346 344 310 
391 305 304 
366 238 396 
403 317 280 
371 338 291 
407 331 262 
365 315 320 
435 329 236 
385 325 290 
354 328 318 
381 311 308 
389 315 296 
383 292 325 
406 313 281 
371 318 311 
382 310 308 
460 266 274 
358 335 307 
367 330 303 
342 310 348 
497 255 248 
335 323 342 
345 322 333 
397 316 287 
384 328 288 
390 309 301 
382 313 305 
330 348 322 
402 342 256 
379 321 300 
380 310 310 
360 340 300 
394 305 301 
412 314 274 
383 320 297 
371 301 328 
359 346 295 
389 224 387 
395 317 288 
419 329 252 
371 298 331 
402 306 292 
368 293 339 
395 293 312 
366 318 316 
429 284 287 
353 305 342 
352 310 338 
366 316 318 
395 312 293 
412 286 302 
384 323 293 
401 303 296 
453 297 250 
299 276 425 
432 292 276 
408 322 270 
465 295 240 
360 321 319 
339 295 366 
394 291 315 
361 285 354 
365 306 329 
360 322 318 
352 316 332 
398 301 301 
350 336 314 
345 328 327 
391 336 273 
342 340 318 
399 302 299 
365 332 303 
381 218 401 
380 329 291 
371 335 294 
349 359 292 
476 275 249 
352 354 294 
353 328 319 
383 287 330 
367 327 306 
346 281 373 
395 313 292 
389 328 283 
398 304 298 
384 296 320 
349 329 322 
344 361 295 
379 321 300 
396 307 297 
344 312 344 
393 309 298 
389 324 287 
368 283 349 
358 342 300 
421 343 236 
427 291 282 
409 350 241 
339 337 324 
371 321 308 
402 297 301 
403 305 292 
362 318 320 
396 331 273 
398 313 289 
346 325 329 
351 324 325 
316 230 454 
393 314 293 
371 307 322 
367 341 292 
336 304 360 
448 309 243 
431 304 265 
396 315 289 
382 289 329 
384 292 324 
413 334 253 
336 314 350 
395 320 285 
419 281 300 
374 341 285 
333 344 323 
462 295 243 
342 245 413 
331 312 357 
343 356 301 
335 300 365 
404 306 290 
433 288 279 
389 289 322 
360 325 315 
394 313 293 
347 371 282 
357 300 343 
365 303 332 
348 298 354 
383 333 284 
351 352 297 
360 311 329 
461 246 293 
346 336 318 
368 290 342 
331 363 306 
407 291 302 
349 301 350 
388 328 284 
390 313 297 
269 262 469 
429 263 308 
452 280 268 
362 324 314 
364 320 316 
432 294 274 
361 325 314 
449 309 242 
431 300 269 
394 306 300 
349 285 366 
402 307 291 
407 304 289 
360 295 345 
373 315 312 
360 327 313 
379 313 308 
383 329 288 
375 345 280 
327 276 397 
346 331 323 
398 264 338 
315 304 381 
371 313 316 
372 332 296 
387 301 312 
353 331 316 
450 286 264 
356 295 349 
326 295 379 
356 304 340 
406 297 297 
415 308 277 
388 306 306 
340 312 348 
342 313 345 
387 337 276 
348 322 330 
424 291 285 
359 272 369 
366 302 332 
418 318 264 
383 295 322 
393 306 301 
405 312 283 
427 272 301 
365 305 330 
405 308 287 
410 308 282 
408 309 283 
431 300 269 
354 306 340 
376 311 313 
357 287 356 
387 317 296 
423 317 260 
302 309 389 
385 332 283 
337 325 338 
395 329 276 
339 318 343 
417 356 227 
394 296 310 
383 307 310 
381 322 297 
331 359 310 
424 304 272 
412 318 270 
363 303 334 
346 314 340 
355 330 315 
342 310 348 
400 294 306 
379 281 340 
399 302 299 
367 341 292 
381 301 318 
368 350 282 
419 306 275 
369 320 311 
376 327 297 
370 331 299 
346 328 326 
347 310 343 
438 258 304 
395 300 305 
375 333 292 
392 300 308 
359 308 333 
385 277 338 
366 329 305 
403 316 281 
432 274 294 
350 334 316 
356 348 296 
344 303 353 
316 314 370 
353 305 342 
354 346 300 
382 334 284 
405 307 288 
391 338 271 
349 344 307 
386 353 261 
363 339 298 
373 299 328 
343 290 367 
476 314 210 
364 334 302 
339 362 299 
386 303 311 
