16 81 103 38 0 
9 41 153 89 11 
34 42 199 80 0 
18 74 222 69 0 
6 39 149 85 5 
13 66 145 84 1 
6 26 173 70 25 
5 166 216 5 0 
15 54 66 75 0 
5 51 115 125 11 
3 81 125 150 2 
8 56 93 64 11 
12 97 194 33 0 
2 76 239 23 0 
4 19 174 44 0 
12 83 118 129 13 
6 64 192 18 0 
17 46 191 36 0 
7 54 134 78 0 
7 45 150 88 0 
8 51 131 97 34 
9 116 95 92 3 
15 31 217 59 0 
3 44 145 77 0 
19 32 172 26 0 
4 29 191 58 0 
5 81 134 144 56 
5 62 169 16 2 
7 39 275 32 0 
15 118 131 15 0 
31 107 233 89 0 
16 38 228 63 0 
6 42 255 80 5 
19 128 138 126 0 
31 112 175 33 21 
4 32 188 37 0 
4 113 116 33 0 
2 143 121 51 0 
10 69 220 115 0 
8 69 197 44 0 
36 103 174 34 8 
0 32 146 115 0 
11 92 144 15 0 
8 120 299 67 0 
4 57 291 132 0 
8 94 170 62 0 
14 67 158 108 0 
1 16 190 98 2 
20 91 207 95 0 
3 96 228 106 0 
15 95 255 122 0 
7 115 275 43 0 
15 69 88 94 2 
4 158 184 80 14 
18 81 236 36 0 
6 48 77 148 0 
6 47 112 63 0 
4 42 157 29 7 
11 119 141 40 0 
21 23 151 23 0 
19 82 140 88 1 
13 58 194 23 0 
3 78 62 35 0 
29 34 159 106 0 
12 103 97 60 73 
1 124 168 100 0 
1 123 293 49 2 
43 134 104 16 1 
9 79 117 78 6 
4 144 118 19 1 
6 17 146 62 0 
1 177 97 37 1 
2 28 218 60 0 
7 68 241 36 0 
10 90 194 8 0 
9 70 314 59 0 
13 108 232 95 1 
2 80 85 79 0 
11 131 255 23 0 
3 43 149 109 0 
18 74 155 20 0 
21 83 188 75 0 
0 48 244 102 0 
6 24 185 42 0 
2 60 195 22 8 
1 21 176 126 30 
6 58 212 29 0 
10 50 136 33 0 
4 58 109 117 0 
11 99 78 79 0 
18 55 175 82 1 
2 89 146 39 12 
19 89 208 149 0 
5 42 252 231 0 
40 62 153 13 19 
7 89 124 42 0 
2 35 96 17 0 
4 128 180 185 2 
13 87 92 93 0 
0 49 203 38 0 
3 41 248 33 3 
5 62 214 113 1 
4 60 200 68 0 
6 13 125 81 0 
2 73 234 40 1 
5 21 134 112 0 
4 33 184 79 16 
10 73 228 65 0 
30 27 116 46 0 
3 38 150 18 2 
1 197 209 65 0 
11 76 89 66 0 
3 64 117 55 0 
10 32 175 89 0 
41 63 237 44 1 
26 120 120 79 0 
4 34 160 106 120 
3 11 117 15 0 
3 51 135 30 0 
2 65 213 53 0 
1 27 275 20 0 
4 118 196 63 0 
19 20 66 101 1 
11 158 157 57 0 
2 143 133 54 0 
0 56 185 144 19 
25 38 138 32 0 
5 106 142 58 0 
1 29 376 36 0 
10 63 184 162 0 
0 44 159 70 1 
5 38 248 42 0 
11 126 138 131 0 
2 69 153 31 0 
2 89 138 70 0 
10 36 54 49 0 
5 32 118 154 19 
11 82 259 48 0 
14 71 174 22 0 
3 106 201 14 0 
1 77 128 62 0 
9 58 130 64 0 
6 77 212 28 1 
24 19 109 67 20 
10 112 54 104 2 
14 6 123 103 0 
6 44 137 53 0 
0 86 94 113 0 
0 262 91 97 0 
8 179 213 32 23 
9 36 287 18 0 
6 56 261 34 0 
16 15 136 111 0 
5 77 78 77 0 
14 28 185 72 0 
10 26 314 75 0 
14 49 209 35 0 
22 38 240 63 0 
6 93 225 146 0 
3 105 211 88 0 
0 58 166 26 5 
0 107 159 47 0 
44 131 101 84 1 
1 56 234 43 0 
3 32 278 79 0 
15 72 167 61 0 
2 100 332 26 0 
21 80 124 52 9 
29 32 68 110 0 
56 42 112 66 0 
24 140 145 107 0 
3 65 279 49 0 
11 74 221 128 0 
29 183 171 141 0 
9 187 102 29 30 
12 30 115 31 0 
15 37 129 50 0 
8 40 73 62 0 
1 39 168 57 13 
1 70 182 47 20 
95 66 121 21 1 
19 93 220 57 0 
7 75 111 20 1 
6 61 160 39 0 
0 82 304 48 9 
9 40 158 28 0 
2 44 191 35 0 
15 102 74 63 0 
33 80 172 10 0 
9 90 248 63 0 
35 160 134 31 0 
9 24 262 65 0 
4 49 233 25 1 
0 79 166 105 0 
16 152 128 36 0 
7 114 68 2 0 
13 38 163 48 0 
14 154 99 175 0 
10 33 249 38 0 
1 60 244 75 4 
10 109 168 85 0 
9 92 166 67 9 
7 124 104 74 10 
16 64 101 148 0 
1 39 245 79 41 
1 100 187 66 29 
17 59 170 28 0 
2 142 230 110 1 
12 102 191 114 0 
3 77 186 20 0 
6 64 177 61 14 
22 71 89 22 0 
16 65 75 67 0 
4 54 282 64 0 
6 74 146 136 1 
2 88 209 36 0 
3 25 398 25 0 
4 60 83 50 0 
3 35 223 74 2 
0 65 139 23 0 
1 19 257 61 1 
11 32 127 71 0 
13 45 228 79 54 
13 184 159 114 0 
12 129 88 88 25 
9 17 143 179 0 
14 50 276 60 0 
44 49 146 50 1 
18 55 247 46 0 
2 45 198 78 0 
2 63 219 67 17 
4 201 148 53 0 
2 57 101 64 0 
6 51 275 69 0 
0 179 184 64 0 
12 61 159 46 13 
6 66 203 126 0 
8 28 138 38 0 
2 94 145 142 0 
19 96 156 34 0 
6 72 99 57 9 
3 100 131 42 0 
3 62 139 29 1 
7 115 185 31 0 
13 33 146 56 0 
8 34 305 36 0 
2 72 99 139 0 
1 76 106 78 2 
1 57 169 91 1 
0 57 176 110 29 
17 69 105 55 18 
19 155 106 91 0 
13 37 123 138 1 
3 60 112 267 0 
6 59 78 123 0 
6 91 107 44 0 
6 73 226 99 48 
20 25 223 100 0 
21 46 284 55 1 
5 126 137 99 0 
8 97 144 41 0 
12 54 216 59 0 
1 5 215 118 0 
1 21 177 29 61 
25 90 162 106 0 
6 82 180 17 0 
3 57 274 13 0 
0 113 227 35 1 
6 108 200 129 0 
1 57 74 60 0 
11 71 174 70 33 
0 39 284 40 32 
22 74 163 17 0 
4 101 162 39 17 
7 130 75 137 0 
1 118 176 51 0 
21 122 147 85 0 
4 105 107 74 0 
11 119 228 10 0 
7 85 123 47 9 
1 8 166 29 0 
19 86 131 65 40 
39 71 118 48 0 
8 42 153 10 0 
6 89 193 42 0 
4 46 73 46 0 
9 58 342 77 0 
5 28 187 43 0 
9 47 153 59 7 
6 64 120 45 0 
9 45 235 39 2 
4 65 39 77 2 
30 81 124 30 12 
3 106 80 69 0 
5 57 180 52 0 
13 36 216 58 0 
8 127 149 46 1 
72 115 74 19 0 
18 45 207 22 5 
10 43 177 105 0 
6 109 325 47 23 
5 44 96 34 0 
6 34 252 48 0 
4 40 200 26 13 
4 12 116 113 0 
4 57 83 49 39 
3 52 303 23 0 
29 105 207 88 10 
4 58 209 71 4 
6 30 89 191 15 
1 70 220 54 0 
3 82 120 89 94 
4 86 199 113 5 
8 104 255 57 1 
8 125 109 52 0 
11 213 70 42 3 
0 153 103 31 0 
15 57 242 74 0 
8 48 95 122 0 
0 93 150 55 4 
7 90 93 46 0 
9 83 152 78 0 
0 14 183 52 0 
1 22 214 89 0 
2 102 182 104 0 
1 81 248 99 0 
1 24 244 114 1 
0 112 119 61 2 
4 115 172 132 0 
22 176 112 105 21 
14 46 102 106 0 
9 33 235 77 1 
0 61 297 88 0 
0 14 150 146 0 
1 57 196 35 0 
4 68 169 226 0 
34 16 195 33 54 
1 100 225 141 15 
9 41 371 47 0 
12 172 56 90 0 
5 36 102 167 0 
23 114 268 55 23 
2 41 194 68 17 
0 67 177 130 0 
3 48 92 87 0 
6 99 117 133 0 
33 90 45 60 15 
14 98 175 31 0 
8 83 70 30 0 
7 36 152 101 0 
5 66 222 91 0 
6 43 146 72 4 
4 61 205 92 0 
22 35 121 28 0 
2 56 114 63 131 
18 39 115 50 0 
6 56 144 27 0 
9 54 319 70 0 
2 34 176 52 0 
1 27 225 106 1 
9 163 194 22 0 
10 60 123 113 0 
5 106 115 50 1 
19 34 88 37 8 
28 18 243 95 1 
0 161 104 15 0 
15 129 128 21 0 
7 59 94 142 0 
15 60 85 99 38 
4 110 111 92 1 
0 36 268 108 0 
16 51 153 30 0 
10 80 86 136 0 
4 39 114 31 0 
1 113 151 89 0 
1 53 160 43 0 
6 34 121 50 0 
1 8 189 96 11 
4 117 125 33 0 
0 52 150 101 0 
14 62 133 129 0 
10 46 139 22 0 
1 99 155 55 0 
0 68 163 72 0 
20 143 121 62 1 
15 49 234 75 0 
15 54 204 27 0 
5 102 235 64 0 
4 21 133 95 7 
5 66 284 12 0 
6 314 94 144 0 
3 130 190 51 0 
0 120 124 50 0 
2 75 252 1 0 
13 119 164 42 0 
33 170 125 164 0 
0 17 241 46 0 
3 54 122 172 4 
41 44 181 62 1 
4 72 203 88 0 
20 33 185 33 95 
7 19 160 179 0 
7 72 134 144 0 
0 26 174 93 0 
18 20 111 341 0 
12 48 107 2 1 
7 85 105 30 0 
19 127 118 21 0 
0 44 133 41 1 
1 57 178 51 0 
3 86 174 128 0 
11 17 307 71 0 
11 140 97 72 0 
2 42 187 72 0 
3 224 77 40 0 
2 164 86 86 0 
9 92 209 100 0 
21 31 121 41 0 
0 110 139 25 0 
5 128 120 93 0 
2 150 161 100 0 
1 41 317 25 2 
8 175 120 52 9 
1 119 145 121 0 
22 66 227 95 0 
10 35 97 33 0 
23 39 170 87 1 
7 37 249 92 5 
11 26 140 101 0 
1 116 162 99 15 
13 36 119 140 0 
4 74 268 82 0 
5 162 125 25 0 
11 66 148 26 0 
15 50 185 83 20 
4 76 187 30 0 
43 69 197 103 0 
20 46 278 160 0 
8 138 229 76 0 
36 206 59 60 0 
1 21 231 128 40 
8 82 77 78 0 
12 160 168 32 1 
5 173 87 95 0 
4 76 150 100 1 
3 73 152 74 28 
9 153 76 170 0 
13 90 159 83 0 
7 6 142 133 0 
46 80 237 45 0 
8 88 228 52 0 
12 30 199 41 2 
7 61 60 13 0 
4 103 244 45 2 
20 102 169 47 1 
12 62 208 74 0 
2 9 96 84 15 
5 84 182 72 0 
1 80 131 47 1 
7 77 106 89 0 
4 110 259 24 1 
33 79 114 24 0 
25 56 120 142 0 
5 60 286 194 0 
13 117 164 47 0 
23 52 186 85 1 
5 77 185 75 2 
9 43 38 68 0 
12 20 199 62 0 
38 47 195 114 0 
23 81 140 35 13 
12 85 191 115 7 
0 32 128 74 3 
6 12 87 34 0 
14 62 40 74 0 
3 37 215 64 0 
13 54 239 159 3 
6 73 224 43 0 
8 143 88 24 0 
4 34 122 53 0 
0 146 113 83 0 
33 38 133 21 95 
29 66 235 44 0 
13 26 172 80 3 
27 36 186 38 0 
3 75 178 62 0 
2 150 186 65 1 
37 46 75 105 6 
4 122 70 80 0 
17 71 73 244 0 
8 28 238 158 6 
0 43 130 138 1 
1 45 211 64 9 
16 66 134 211 29 
13 86 101 2 0 
0 27 132 159 14 
8 9 89 93 0 
0 68 49 56 0 
7 86 182 38 1 
15 30 169 27 0 
11 65 309 97 0 
7 42 64 34 0 
5 90 139 64 0 
14 68 227 63 0 
3 89 116 127 0 
11 83 67 47 1 
4 103 116 100 23 
16 69 86 47 0 
3 46 122 77 0 
3 62 251 22 7 
10 80 131 74 2 
1 104 104 57 0 
8 41 106 76 0 
0 20 225 76 5 
3 41 155 142 0 
16 89 145 88 1 
14 58 251 10 5 
0 29 154 37 6 
1 94 157 55 0 
1 72 97 29 8 
13 49 139 111 31 
6 149 62 50 24 
14 25 189 53 0 
1 229 197 30 0 
6 14 226 71 0 
1 9 249 58 0 
2 150 66 93 0 
1 46 128 156 0 
3 150 168 36 0 
13 84 143 25 5 
0 86 197 56 0 
0 24 172 158 0 
3 10 422 113 0 
4 23 194 106 47 
3 168 171 36 2 
29 13 203 41 13 
10 69 130 119 0 
15 98 121 27 0 
3 23 238 63 9 
5 23 258 64 0 
7 85 155 51 0 
14 85 80 32 0 
3 60 207 69 13 
0 39 135 81 0 
8 23 242 54 0 
3 74 415 17 4 
14 99 157 49 7 
1 70 73 119 0 
5 47 167 129 17 
7 87 242 11 0 
7 44 59 116 8 
6 61 118 42 0 
6 31 101 98 38 
0 93 110 121 0 
7 112 84 78 3 
5 24 158 69 9 
11 102 94 132 13 
25 55 161 98 1 
2 18 227 14 0 
6 107 242 48 0 
25 99 132 113 0 
8 65 94 40 1 
7 56 245 118 0 
0 110 47 17 0 
4 130 99 124 0 
19 58 266 92 0 
1 80 75 59 0 
19 130 164 58 0 
0 59 167 42 0 
6 36 323 65 1 
6 35 103 45 0 
11 64 176 126 0 
14 111 83 87 1 
8 18 250 73 8 
3 53 172 38 4 
7 145 122 44 0 
7 63 96 99 1 
5 71 130 110 0 
1 128 142 49 0 
16 20 202 41 0 
7 17 203 116 0 
8 62 58 77 2 
6 174 222 46 0 
1 44 234 75 89 
11 27 165 107 0 
15 54 174 25 0 
12 70 174 98 0 
6 37 135 72 0 
3 74 232 97 0 
16 104 254 50 0 
0 180 195 80 1 
11 100 105 184 7 
26 31 155 75 1 
3 21 216 43 0 
12 0 84 87 0 
13 96 138 109 0 
2 14 190 39 0 
13 159 162 139 21 
19 72 52 145 1 
3 64 212 91 0 
4 54 206 129 0 
11 97 279 56 0 
2 37 132 30 8 
9 68 221 67 0 
0 83 158 37 0 
5 80 270 45 0 
1 39 204 44 0 
2 43 98 103 2 
1 139 195 60 0 
8 72 227 44 0 
31 74 157 31 22 
3 78 210 75 0 
6 21 243 108 0 
0 100 260 38 0 
4 101 158 96 0 
5 132 132 46 6 
9 31 100 98 0 
4 32 243 62 37 
16 90 160 52 0 
12 26 209 83 0 
1 33 226 49 0 
4 82 364 169 0 
4 146 195 33 0 
0 81 141 45 0 
7 82 241 40 0 
2 101 240 60 9 
13 116 241 40 15 
8 20 172 38 0 
8 59 168 33 0 
3 59 194 52 0 
2 34 254 140 0 
3 88 109 147 0 
2 42 219 120 0 
9 142 154 83 0 
3 155 246 67 43 
9 99 243 55 1 
11 102 122 49 0 
4 63 64 24 0 
0 68 193 72 19 
17 18 236 91 0 
4 152 148 84 0 
18 97 203 88 1 
4 45 208 149 0 
0 72 112 55 0 
0 66 211 100 3 
1 35 185 101 0 
22 94 145 104 0 
11 23 175 93 0 
5 72 202 68 0 
8 197 122 12 14 
0 19 186 140 1 
0 70 90 170 5 
9 31 82 49 0 
29 77 149 32 0 
4 43 361 58 0 
20 124 229 164 0 
18 81 262 64 0 
16 50 129 37 0 
13 230 88 110 49 
22 72 161 20 7 
1 21 144 99 46 
8 69 239 69 0 
5 116 169 25 0 
5 69 188 113 3 
7 78 125 66 0 
1 53 311 34 14 
10 183 158 47 0 
12 94 67 23 0 
49 13 133 51 0 
8 35 114 47 6 
0 15 125 47 0 
0 55 112 65 0 
3 144 109 101 0 
3 17 93 52 0 
9 72 154 63 0 
3 144 227 38 0 
6 16 123 87 0 
5 62 160 123 1 
6 85 181 5 0 
1 65 233 107 0 
3 59 205 105 0 
3 104 196 37 0 
12 90 144 13 0 
2 96 106 67 0 
2 78 222 48 0 
2 61 62 54 0 
4 12 190 17 1 
11 47 211 48 9 
17 33 97 49 5 
3 71 172 20 0 
17 187 269 87 15 
17 47 173 45 1 
3 48 191 87 0 
23 70 206 73 5 
0 106 284 116 0 
24 50 210 44 15 
8 56 211 48 13 
11 76 297 117 0 
31 55 207 45 0 
26 50 258 60 0 
3 98 76 76 0 
2 50 193 113 6 
0 82 246 164 0 
2 78 309 58 1 
8 102 129 52 9 
1 11 140 136 0 
4 28 243 5 94 
2 7 173 116 4 
1 1 87 71 0 
7 15 136 106 0 
11 86 149 93 1 
52 46 92 72 20 
12 89 136 32 9 
3 32 206 37 0 
16 93 83 35 1 
0 34 128 54 1 
1 5 248 44 0 
32 129 133 19 0 
18 42 97 89 0 
29 59 251 63 0 
15 103 251 33 0 
7 32 190 122 57 
2 44 224 80 6 
7 113 187 43 0 
5 123 110 59 0 
0 40 109 58 0 
14 123 132 19 0 
16 121 154 125 1 
3 76 156 93 0 
1 25 207 154 3 
22 49 183 63 0 
3 36 246 32 1 
0 89 145 113 20 
9 31 116 92 0 
24 81 113 99 0 
0 69 216 95 25 
6 136 169 100 0 
3 35 256 85 13 
7 88 167 101 0 
6 28 179 50 0 
10 26 234 78 0 
2 107 176 111 0 
5 105 172 80 0 
1 124 162 80 0 
0 71 179 14 0 
3 51 232 170 0 
4 87 177 56 0 
1 61 123 21 3 
32 133 181 31 0 
21 68 177 61 0 
5 120 95 35 0 
4 102 150 36 0 
0 87 288 74 3 
1 48 184 59 7 
3 178 110 103 34 
13 73 202 90 0 
25 65 340 68 1 
5 81 257 48 0 
11 100 253 151 0 
3 47 128 88 0 
30 54 138 48 12 
8 173 173 28 0 
3 39 193 102 0 
1 70 166 35 0 
1 6 163 127 11 
6 73 169 10 0 
15 55 413 5 0 
9 22 144 39 0 
9 96 169 45 0 
1 29 113 61 0 
2 36 120 21 0 
3 68 206 57 0 
32 12 115 187 0 
2 20 152 81 9 
14 59 99 93 0 
3 133 186 15 1 
12 76 251 24 0 
2 51 221 53 1 
14 58 144 19 0 
0 77 211 54 1 
5 26 139 95 11 
10 83 64 253 0 
6 55 136 76 0 
1 106 278 77 0 
28 66 113 19 0 
2 138 99 234 0 
10 29 238 12 7 
7 13 177 83 10 
4 40 115 115 5 
0 60 212 94 0 
2 61 155 86 19 
5 172 190 21 0 
5 60 245 29 0 
5 53 176 108 0 
15 20 191 86 0 
2 78 107 82 1 
24 62 151 13 0 
35 21 187 47 0 
3 59 256 41 0 
6 102 101 43 0 
6 49 144 85 0 
1 12 323 166 1 
12 33 102 67 0 
23 63 220 80 1 
9 122 182 21 0 
0 35 116 58 0 
32 33 113 68 0 
3 59 145 94 0 
14 7 95 15 0 
10 67 214 34 0 
0 58 64 46 51 
12 28 98 66 0 
2 21 131 71 0 
2 97 69 68 0 
42 105 82 27 2 
7 182 148 61 43 
14 55 264 12 0 
31 51 167 116 0 
0 99 132 128 0 
1 24 127 19 0 
12 68 254 72 0 
19 73 238 15 0 
8 25 196 50 0 
5 20 318 56 3 
5 145 161 56 0 
1 45 143 55 0 
2 108 175 109 81 
7 107 163 63 0 
5 50 280 40 0 
9 25 179 3 3 
11 10 170 33 0 
39 152 260 81 0 
5 106 126 98 0 
3 41 204 81 0 
23 63 179 47 2 
1 54 202 97 0 
1 77 96 143 1 
6 86 285 72 0 
0 45 182 140 5 
6 43 164 62 0 
9 8 169 208 0 
9 180 193 43 0 
3 37 184 54 0 
9 34 201 26 18 
12 122 154 93 1 
2 110 165 34 1 
9 63 211 35 0 
1 41 174 33 0 
10 78 60 105 17 
6 62 194 140 0 
17 62 191 69 1 
12 57 348 115 0 
18 224 115 17 0 
12 53 253 67 1 
1 82 182 94 4 
7 65 63 20 0 
6 102 73 58 0 
8 118 156 89 17 
2 47 165 104 0 
3 81 264 107 0 
5 157 192 30 1 
0 76 303 18 19 
8 58 155 99 0 
10 58 72 186 0 
2 99 351 4 0 
4 39 248 48 0 
8 39 179 30 14 
13 30 248 72 0 
4 88 173 70 0 
1 81 100 97 0 
3 139 138 105 1 
22 60 164 31 0 
10 106 284 96 11 
18 82 255 48 0 
3 50 196 125 0 
1 107 243 63 0 
14 50 223 42 0 
11 56 110 52 0 
6 51 156 64 0 
11 37 218 92 3 
2 40 301 17 0 
0 62 240 132 1 
5 27 123 139 0 
16 30 215 63 0 
31 155 127 116 0 
19 97 111 123 0 
4 28 155 85 2 
0 91 125 79 0 
6 54 296 43 0 
10 49 141 43 0 
11 101 97 40 2 
1 95 142 99 0 
17 106 208 68 1 
8 161 82 21 0 
7 109 216 133 0 
0 89 155 76 0 
3 79 297 104 0 
7 30 188 35 9 
33 136 116 33 8 
2 50 154 65 0 
1 30 135 172 0 
1 145 94 29 0 
9 14 303 60 0 
16 62 126 59 13 
0 30 225 76 0 
13 51 202 183 0 
16 49 267 68 0 
0 33 74 141 0 
5 162 149 188 0 
8 46 97 45 7 
1 83 125 71 0 
2 39 180 17 0 
9 40 156 18 0 
2 32 143 99 0 
5 52 212 40 1 
6 189 186 38 24 
1 93 279 46 1 
4 4 189 62 0 
2 22 182 24 46 
6 37 178 135 0 
15 47 212 122 0 
34 110 103 81 0 
24 141 223 174 0 
3 8 243 81 0 
6 71 168 29 0 
8 39 271 82 0 
2 49 138 54 10 
7 66 202 140 54 
1 77 167 61 4 
4 19 186 54 0 
23 62 105 51 0 
67 79 163 32 0 
52 56 67 79 1 
2 43 137 47 0 
3 84 203 57 7 
1 107 145 53 0 
2 68 161 69 0 
2 82 132 88 0 
3 92 84 77 0 
17 42 110 79 0 
1 183 168 66 0 
18 47 235 90 0 
7 19 143 40 0 
0 99 171 96 1 
3 41 155 53 0 
0 89 182 116 7 
7 61 203 38 0 
5 14 225 18 29 
2 83 160 41 4 
11 63 70 45 4 
11 48 85 97 0 
20 56 229 110 19 
12 134 150 30 1 
2 41 265 79 0 
21 138 194 84 0 
12 67 221 47 0 
11 33 107 94 0 
11 41 130 57 0 
20 103 121 73 0 
16 31 155 90 0 
21 109 214 70 0 
1 54 154 52 0 
9 115 62 114 0 
10 70 174 60 0 
1 65 152 63 0 
7 74 132 5 0 
0 27 142 73 1 
2 63 142 72 0 
3 41 124 45 1 
1 131 143 32 0 
21 109 129 43 27 
11 115 99 3 0 
24 107 177 32 0 
17 31 151 60 7 
2 43 164 158 0 
10 31 261 42 0 
32 68 240 70 0 
2 44 184 132 0 
7 79 129 47 0 
15 63 165 61 0 
2 27 179 35 0 
7 83 224 3 0 
2 68 126 52 0 
24 82 115 129 1 
19 81 215 49 0 
22 86 95 109 0 
3 66 197 118 0 
12 86 78 52 0 
7 35 205 68 0 
6 94 161 37 0 
16 87 80 23 5 
9 75 157 14 0 
4 49 190 86 0 
0 32 175 42 0 
12 8 164 112 0 
10 49 308 59 0 
2 66 175 137 1 
9 51 306 119 27 
2 23 113 78 0 
6 83 138 66 0 
