0 21 37 
0 5 136 
0 49 116 
0 65 95 
0 19 51 
0 31 108 
0 13 29 
0 21 65 
0 33 57 
0 20 91 
0 32 139 
0 14 58 
0 18 66 
0 39 141 
0 41 85 
0 24 70 
0 10 84 
0 13 100 
0 18 62 
0 36 259 
0 53 234 
0 5 88 
0 39 136 
0 22 139 
0 18 127 
0 18 143 
0 21 192 
0 31 76 
0 11 117 
0 24 45 
0 18 81 
0 51 46 
0 20 101 
0 1 59 
0 12 110 
0 52 128 
0 33 65 
0 40 54 
0 37 80 
0 19 62 
0 57 108 
0 24 41 
0 27 137 
0 51 69 
0 17 127 
0 10 161 
0 44 28 
0 36 91 
0 24 114 
0 18 106 
0 13 106 
0 34 30 
0 36 91 
0 36 39 
0 52 88 
0 54 88 
0 14 79 
0 22 30 
0 16 107 
0 86 97 
0 13 88 
0 26 119 
0 27 87 
0 22 78 
0 8 110 
0 6 156 
0 55 78 
0 20 129 
0 17 83 
0 50 39 
0 26 85 
0 38 50 
0 23 143 
0 65 75 
0 21 168 
0 44 108 
0 38 73 
0 44 91 
0 54 20 
0 40 74 
0 16 126 
0 33 71 
0 7 168 
0 18 128 
0 11 88 
0 42 82 
0 9 98 
0 8 51 
0 15 85 
0 38 86 
0 41 34 
0 23 92 
0 42 65 
0 0 152 
0 34 94 
0 23 209 
0 45 73 
0 25 75 
0 20 126 
0 48 36 
0 21 128 
0 11 78 
0 12 106 
0 19 146 
0 33 83 
0 33 126 
0 31 36 
0 33 49 
0 30 41 
0 5 136 
0 40 84 
0 42 48 
0 48 78 
0 28 45 
0 15 47 
0 28 114 
0 7 50 
0 13 128 
0 63 178 
0 31 40 
0 40 100 
0 28 60 
0 27 115 
0 47 93 
0 43 61 
0 28 109 
0 16 167 
0 45 88 
0 22 171 
0 56 98 
0 25 137 
0 35 115 
0 27 73 
0 54 150 
0 50 91 
0 29 59 
0 13 88 
0 57 67 
0 28 74 
0 5 152 
0 38 146 
0 28 118 
0 24 27 
0 34 58 
0 11 115 
0 33 88 
0 7 100 
0 33 70 
0 10 60 
0 24 57 
0 23 51 
0 16 111 
0 49 118 
0 69 59 
0 37 107 
0 28 75 
0 54 43 
0 28 115 
0 5 137 
0 25 151 
0 18 144 
0 33 105 
0 13 50 
0 9 91 
0 22 85 
0 19 61 
0 29 35 
0 25 145 
0 3 151 
0 29 129 
0 1 46 
0 22 31 
0 27 73 
0 56 83 
0 29 56 
0 24 33 
0 15 128 
0 19 120 
0 35 52 
0 19 52 
0 23 113 
0 49 118 
0 25 83 
0 7 66 
0 21 80 
0 18 145 
0 44 136 
0 13 50 
0 25 66 
0 50 50 
0 11 115 
0 56 50 
0 20 43 
0 15 72 
0 18 147 
0 54 106 
0 53 117 
0 44 27 
0 15 98 
0 13 48 
0 55 122 
0 50 39 
0 22 90 
0 43 74 
0 35 30 
0 48 107 
0 20 179 
0 10 122 
0 15 139 
0 32 67 
0 6 107 
0 23 85 
0 32 77 
0 22 113 
0 48 108 
0 45 97 
0 31 41 
0 5 64 
0 36 27 
0 23 89 
0 6 82 
0 41 147 
0 42 74 
0 36 56 
0 14 59 
0 20 83 
0 12 38 
0 15 157 
0 32 52 
0 12 126 
0 10 71 
0 29 142 
0 36 72 
0 37 67 
0 52 68 
0 28 85 
0 37 50 
0 31 75 
0 35 179 
0 32 85 
0 38 82 
0 20 244 
0 34 68 
0 17 48 
0 10 23 
0 33 102 
0 20 116 
0 31 70 
0 6 109 
0 29 85 
0 39 84 
0 39 89 
0 1 40 
0 37 46 
0 24 33 
0 32 77 
0 14 151 
0 38 113 
0 11 109 
0 38 96 
0 44 79 
0 49 225 
0 22 75 
0 29 94 
0 33 69 
0 16 90 
0 29 42 
0 22 19 
0 38 92 
0 58 107 
0 35 156 
0 33 98 
0 27 59 
0 68 133 
0 34 146 
0 36 54 
0 19 88 
0 27 74 
0 30 111 
0 25 57 
0 17 85 
0 31 52 
0 1 56 
0 14 44 
0 28 162 
0 17 69 
0 26 34 
0 13 39 
0 25 90 
0 32 99 
0 30 46 
0 4 74 
0 17 86 
0 31 58 
0 61 56 
0 44 61 
0 70 111 
0 15 73 
0 15 169 
0 9 76 
0 22 90 
0 19 90 
0 65 150 
0 38 105 
0 35 87 
0 23 69 
0 14 80 
0 56 165 
0 13 95 
0 58 92 
0 2 74 
0 12 122 
0 7 56 
0 21 141 
0 33 64 
0 19 102 
0 30 149 
0 58 174 
0 6 72 
0 18 121 
0 7 52 
0 19 100 
0 83 61 
0 26 65 
0 38 182 
0 46 45 
0 55 37 
0 16 87 
0 6 106 
0 14 50 
0 12 116 
0 60 92 
0 37 120 
0 11 57 
0 49 109 
0 42 115 
0 10 61 
0 16 92 
0 17 49 
0 25 68 
0 46 32 
0 0 83 
0 25 68 
0 37 46 
0 41 88 
0 35 141 
0 25 76 
0 26 140 
0 58 106 
0 57 48 
0 6 37 
0 20 57 
0 18 115 
0 26 76 
0 46 91 
0 22 94 
0 16 119 
0 30 178 
0 27 96 
0 13 67 
0 37 74 
0 52 193 
0 43 52 
0 28 109 
0 20 123 
0 3 41 
0 48 79 
0 19 46 
0 27 34 
0 41 97 
0 12 88 
0 52 78 
0 28 45 
0 47 120 
0 33 149 
0 27 149 
0 40 149 
0 11 109 
0 23 37 
0 7 97 
0 31 137 
0 37 160 
0 29 131 
0 50 125 
0 35 91 
0 11 73 
0 13 63 
0 37 118 
0 38 89 
0 47 93 
0 26 90 
0 60 48 
0 47 63 
0 14 83 
0 23 178 
0 37 80 
0 11 51 
0 10 80 
0 21 113 
0 17 28 
0 24 145 
0 32 92 
0 8 144 
0 35 33 
0 48 108 
0 15 181 
0 29 51 
0 7 103 
0 37 71 
0 31 85 
0 27 92 
0 54 113 
0 4 52 
0 31 75 
0 34 146 
0 25 72 
0 47 132 
0 15 64 
0 26 72 
0 56 59 
0 35 107 
0 5 92 
0 25 158 
0 21 78 
0 42 52 
0 17 123 
0 68 54 
0 38 74 
0 19 80 
0 22 118 
0 17 87 
0 23 94 
0 13 103 
0 19 22 
0 25 40 
0 41 66 
0 42 75 
0 14 113 
0 51 61 
0 18 176 
0 45 194 
0 21 108 
0 55 96 
0 13 43 
0 51 52 
0 23 72 
0 34 213 
0 24 125 
0 29 107 
0 27 18 
0 13 107 
0 30 57 
0 23 47 
0 31 62 
0 36 69 
0 50 59 
0 15 54 
0 41 70 
0 9 41 
0 31 96 
0 14 86 
0 11 90 
0 37 52 
0 7 117 
0 20 115 
0 32 69 
0 10 93 
0 22 43 
0 32 88 
0 34 45 
0 44 175 
0 24 96 
0 10 86 
0 22 146 
0 21 117 
0 23 131 
0 10 63 
0 46 138 
0 22 77 
0 5 93 
0 7 134 
0 10 157 
0 36 49 
0 51 96 
0 17 129 
0 56 141 
0 31 69 
0 35 64 
0 19 29 
0 51 105 
0 67 132 
0 51 45 
0 38 56 
0 29 62 
0 24 92 
0 22 106 
0 22 36 
0 51 80 
0 46 87 
0 19 45 
0 23 76 
0 38 101 
0 13 75 
0 42 117 
0 40 133 
0 26 74 
0 5 57 
0 32 72 
0 34 102 
0 5 98 
0 3 77 
0 18 126 
0 77 117 
0 19 117 
0 23 49 
0 7 73 
0 18 114 
0 30 119 
0 18 67 
0 14 127 
0 33 84 
0 34 66 
0 33 99 
0 31 82 
0 29 105 
0 50 67 
0 11 96 
0 4 91 
0 27 151 
0 6 19 
0 22 284 
0 15 85 
0 3 78 
0 53 105 
0 25 65 
0 80 165 
0 16 99 
0 20 267 
0 11 155 
0 80 63 
0 6 110 
0 22 133 
0 29 43 
0 8 95 
0 1 111 
0 18 162 
0 31 101 
0 22 41 
0 22 106 
0 35 68 
0 9 130 
0 41 134 
0 15 139 
0 32 103 
0 17 160 
0 41 124 
0 28 105 
0 8 138 
0 30 75 
0 28 143 
0 41 60 
0 48 67 
0 33 99 
0 20 74 
0 22 185 
0 16 74 
0 42 48 
0 42 80 
0 24 61 
0 12 67 
0 9 81 
0 16 108 
0 17 96 
0 14 93 
0 36 106 
0 13 111 
0 26 69 
0 36 46 
0 12 51 
0 56 56 
0 60 72 
0 9 68 
0 13 100 
0 51 40 
0 43 53 
0 43 89 
0 34 55 
0 6 128 
0 4 91 
0 21 103 
0 20 107 
0 44 56 
0 33 42 
0 27 62 
0 24 156 
0 27 75 
0 38 129 
0 25 114 
0 22 63 
0 37 41 
0 18 93 
0 30 75 
0 32 75 
0 25 196 
0 28 73 
0 72 67 
0 66 52 
0 15 48 
0 23 45 
0 47 62 
0 53 113 
0 33 108 
0 28 46 
0 15 116 
0 44 38 
0 11 156 
0 11 139 
0 17 140 
0 19 44 
0 24 87 
0 24 135 
0 29 80 
0 68 81 
0 17 69 
0 22 74 
0 33 125 
0 14 140 
0 41 63 
0 30 172 
0 18 92 
0 52 109 
0 33 88 
0 42 54 
0 40 69 
0 12 138 
0 40 124 
0 20 115 
0 42 122 
0 27 112 
0 37 92 
0 25 73 
0 39 81 
0 47 97 
0 40 54 
0 13 92 
0 20 105 
0 22 75 
0 8 75 
0 28 73 
0 24 93 
0 15 48 
0 53 59 
0 51 59 
0 76 64 
0 36 69 
0 23 64 
0 21 45 
0 32 58 
0 36 130 
0 24 60 
0 23 36 
0 55 93 
0 23 102 
0 39 119 
0 46 102 
0 23 67 
0 20 45 
0 32 57 
0 16 44 
0 28 146 
0 43 61 
0 69 76 
0 53 49 
0 35 101 
0 49 124 
0 23 97 
0 20 53 
0 29 104 
0 16 91 
0 28 77 
0 29 44 
0 40 89 
0 47 62 
0 10 181 
0 45 58 
0 13 174 
0 12 56 
0 18 147 
0 26 63 
0 17 59 
0 62 59 
0 27 94 
0 6 80 
0 34 63 
0 19 81 
0 35 98 
0 96 66 
0 7 130 
0 20 68 
0 26 128 
0 8 86 
0 6 141 
0 20 158 
0 10 67 
0 4 99 
0 12 70 
0 16 104 
0 28 91 
0 1 117 
0 56 67 
0 55 149 
0 26 35 
0 25 145 
0 28 52 
0 11 114 
0 7 65 
0 19 114 
0 18 53 
0 40 81 
0 22 50 
0 26 96 
0 41 54 
0 28 103 
0 30 158 
0 12 110 
0 35 170 
0 33 88 
0 12 122 
0 25 127 
0 13 96 
0 20 143 
0 10 64 
0 88 79 
0 19 118 
0 49 73 
0 58 110 
0 37 82 
0 62 71 
0 12 66 
0 35 95 
0 61 27 
0 30 92 
0 3 39 
0 60 76 
0 38 76 
0 52 82 
0 53 176 
0 28 76 
0 9 73 
0 13 96 
0 19 108 
0 14 122 
0 8 170 
0 29 81 
0 28 87 
0 13 155 
0 107 29 
0 31 45 
0 55 57 
0 7 73 
0 35 118 
0 48 53 
0 8 83 
0 23 96 
0 7 73 
0 24 59 
0 31 64 
0 58 40 
0 37 86 
0 12 83 
0 10 111 
0 15 221 
0 16 24 
0 30 169 
0 17 27 
0 56 114 
0 57 68 
0 27 87 
0 21 71 
0 38 130 
0 14 122 
0 45 89 
0 18 84 
0 54 125 
0 15 96 
0 30 94 
0 48 59 
0 52 167 
0 15 87 
0 27 53 
0 27 82 
0 16 85 
0 26 127 
0 13 111 
0 63 121 
0 45 87 
0 33 99 
0 30 36 
0 22 62 
0 37 125 
0 30 83 
0 8 182 
0 28 110 
0 30 28 
0 21 84 
0 18 105 
0 16 97 
0 35 68 
0 33 120 
0 36 90 
0 33 115 
0 27 120 
0 22 64 
0 20 217 
0 22 121 
0 30 84 
0 7 71 
0 25 88 
0 35 82 
0 44 21 
0 14 92 
0 30 68 
0 10 60 
0 11 41 
0 21 137 
0 25 84 
0 27 115 
0 16 171 
0 18 63 
0 8 85 
0 45 134 
0 34 158 
0 44 100 
0 32 119 
0 8 91 
0 24 83 
0 48 64 
0 33 40 
0 27 47 
0 36 38 
0 81 74 
0 14 70 
0 64 22 
0 19 106 
0 14 108 
0 11 114 
0 6 66 
0 22 47 
0 5 51 
0 32 110 
0 22 119 
0 44 162 
0 23 98 
0 24 112 
0 24 104 
0 39 175 
0 33 137 
0 27 89 
0 20 75 
0 28 96 
0 24 44 
0 25 88 
0 17 57 
0 25 61 
0 9 88 
0 18 46 
0 19 145 
0 42 81 
0 33 108 
0 19 53 
0 21 119 
0 41 156 
0 40 94 
0 45 82 
0 14 137 
0 36 52 
0 59 116 
0 32 118 
0 13 143 
0 24 22 
0 1 80 
0 33 106 
0 36 92 
0 21 87 
0 33 62 
0 20 89 
0 7 174 
0 18 83 
0 12 67 
0 40 54 
0 54 42 
0 12 125 
0 42 137 
0 51 107 
0 31 107 
0 14 118 
0 27 149 
0 25 89 
0 48 62 
0 39 68 
0 24 99 
0 20 114 
0 6 67 
0 34 59 
0 20 120 
0 13 96 
0 33 48 
0 57 103 
0 9 87 
0 19 162 
0 15 206 
0 38 77 
0 20 133 
0 23 90 
0 46 210 
0 14 113 
0 18 119 
0 6 75 
0 24 91 
0 14 62 
0 31 82 
0 7 51 
0 42 184 
0 21 174 
0 12 70 
0 52 126 
0 45 191 
0 16 88 
0 27 117 
0 13 58 
0 52 106 
0 23 79 
0 35 117 
0 10 132 
0 56 112 
0 17 24 
0 29 125 
0 15 86 
0 27 70 
0 30 27 
0 25 75 
0 8 49 
0 13 64 
0 25 167 
0 68 151 
0 37 94 
0 20 54 
0 37 64 
0 31 139 
0 19 85 
0 16 73 
0 6 141 
0 29 159 
0 56 22 
0 39 125 
0 11 105 
0 30 57 
0 17 80 
0 25 103 
0 7 49 
0 0 168 
0 68 109 
0 14 139 
0 25 52 
0 21 31 
0 48 67 
0 26 177 
0 13 156 
0 43 45 
0 27 86 
0 15 104 
0 17 119 
0 26 157 
0 8 131 
0 7 93 
0 20 169 
0 30 52 
0 14 96 
0 8 137 
0 20 151 
0 18 105 
0 40 37 
0 43 75 
0 26 47 
0 16 81 
0 62 96 
0 12 87 
0 7 76 
0 28 83 
0 58 117 
0 25 163 
0 13 32 
0 10 76 
0 24 96 
0 32 131 
0 31 31 
0 19 47 
0 24 51 
0 47 83 
0 52 147 
