0 126 69 
0 101 44 
0 118 23 
0 85 10 
0 106 41 
0 106 43 
0 116 35 
0 76 30 
0 66 59 
0 147 52 
0 101 25 
0 176 32 
0 86 64 
0 142 127 
0 82 16 
0 126 22 
0 71 22 
0 85 67 
0 100 22 
0 104 50 
0 174 45 
0 109 2 
0 124 35 
0 87 13 
0 86 51 
0 73 21 
0 107 38 
0 125 44 
0 114 55 
0 151 51 
0 67 30 
0 103 34 
0 107 56 
0 109 70 
0 108 70 
0 150 54 
0 139 37 
0 116 71 
0 60 40 
0 71 38 
0 121 45 
0 111 42 
0 82 0 
0 94 11 
0 123 18 
0 105 19 
0 108 39 
0 129 16 
0 142 26 
0 123 38 
0 52 95 
0 112 68 
0 116 82 
0 59 53 
0 139 8 
0 97 79 
0 138 15 
0 85 16 
0 128 11 
0 90 24 
0 124 11 
0 123 18 
0 69 43 
0 109 12 
0 138 48 
0 114 44 
0 137 16 
0 75 51 
0 108 13 
0 151 16 
0 134 36 
0 113 44 
0 96 31 
0 115 33 
0 161 60 
0 147 16 
0 138 17 
0 109 52 
0 86 47 
0 162 36 
0 115 23 
0 126 43 
0 177 27 
0 131 13 
0 80 26 
0 118 33 
0 120 55 
0 135 72 
0 139 11 
0 108 32 
0 116 41 
0 91 20 
0 105 37 
0 127 30 
0 113 36 
0 125 23 
0 145 36 
0 157 36 
0 171 43 
0 118 15 
0 135 6 
0 100 42 
0 64 40 
0 126 60 
0 116 21 
0 111 58 
0 78 10 
0 83 34 
0 126 22 
0 91 70 
0 144 15 
0 115 35 
0 70 22 
0 133 42 
0 100 44 
0 137 71 
0 110 60 
0 119 86 
0 122 31 
0 50 16 
0 100 42 
0 103 36 
0 117 57 
0 131 35 
0 99 26 
0 152 59 
0 90 37 
0 146 50 
0 119 27 
0 99 73 
0 107 84 
0 104 33 
0 158 31 
0 79 32 
0 167 31 
0 138 41 
0 84 32 
0 211 22 
0 91 43 
0 71 76 
0 112 41 
0 126 28 
0 109 26 
0 92 31 
0 158 40 
0 146 21 
0 158 13 
0 114 111 
0 124 48 
0 137 45 
0 77 16 
0 123 75 
0 156 23 
0 148 3 
0 87 28 
0 71 26 
0 106 13 
0 91 93 
0 102 21 
0 128 34 
0 106 26 
0 115 28 
0 95 13 
0 161 14 
0 99 25 
0 132 15 
0 114 28 
0 97 61 
0 110 43 
0 142 48 
0 82 25 
0 111 30 
0 102 31 
0 173 30 
0 144 28 
0 134 10 
0 118 53 
0 125 26 
0 118 42 
0 97 36 
0 102 58 
0 77 11 
0 109 103 
0 104 14 
0 110 30 
0 133 16 
0 127 82 
0 105 92 
0 162 94 
0 119 34 
0 108 20 
0 90 76 
0 102 36 
0 152 20 
0 126 83 
0 53 24 
0 94 19 
0 89 10 
0 94 5 
0 105 13 
0 129 9 
0 82 64 
0 123 45 
0 102 14 
0 129 28 
0 119 26 
0 90 16 
0 96 56 
0 75 69 
0 80 25 
0 121 40 
0 120 44 
0 112 73 
0 135 56 
0 161 64 
0 114 20 
0 98 31 
0 48 56 
0 171 51 
0 79 25 
0 93 66 
0 91 24 
0 107 75 
0 119 93 
0 143 68 
0 131 28 
0 119 46 
0 166 66 
0 95 74 
0 110 57 
0 185 79 
0 148 74 
0 117 88 
0 62 48 
0 98 29 
0 181 33 
0 75 84 
0 83 112 
0 126 118 
0 76 30 
0 82 23 
0 121 31 
0 125 58 
0 116 23 
0 109 27 
0 102 53 
0 97 61 
0 146 8 
0 101 24 
0 86 29 
0 100 22 
0 80 18 
0 150 38 
0 114 63 
0 113 31 
0 110 39 
0 64 91 
0 96 33 
0 112 28 
0 108 26 
0 38 51 
0 137 22 
0 109 35 
0 131 67 
0 140 7 
0 122 45 
0 100 50 
0 100 68 
0 101 71 
0 110 23 
0 136 42 
0 124 82 
0 125 22 
0 152 14 
0 91 79 
0 115 20 
0 151 74 
0 87 51 
0 95 87 
0 115 126 
0 72 70 
0 131 57 
0 136 27 
0 127 36 
0 149 37 
0 132 8 
0 122 13 
0 99 67 
0 125 18 
0 110 70 
0 91 37 
0 137 47 
0 140 15 
0 111 25 
0 94 18 
0 139 17 
0 100 36 
0 82 34 
0 91 28 
0 168 47 
0 101 50 
0 116 48 
0 149 42 
0 101 44 
0 191 31 
0 114 61 
0 101 48 
0 166 48 
0 68 16 
0 92 80 
0 111 12 
0 89 14 
0 95 23 
0 111 50 
0 90 42 
0 123 32 
0 139 13 
0 106 25 
0 102 31 
0 153 59 
0 92 18 
0 174 9 
0 107 41 
0 177 42 
0 104 57 
0 103 47 
0 114 35 
0 160 25 
0 129 37 
0 91 42 
0 127 21 
0 146 31 
0 132 65 
0 109 94 
0 87 43 
0 125 36 
0 124 66 
0 87 18 
0 77 15 
0 163 44 
0 195 38 
0 145 32 
0 144 8 
0 86 31 
0 116 36 
0 109 8 
0 109 39 
0 157 28 
0 69 36 
0 115 10 
0 114 48 
0 89 23 
0 120 50 
0 109 9 
0 137 21 
0 158 94 
0 82 56 
0 101 37 
0 120 98 
0 141 22 
0 92 16 
0 107 16 
0 95 132 
0 130 41 
0 112 36 
0 96 42 
0 119 58 
0 152 20 
0 104 12 
0 76 9 
0 93 18 
0 63 32 
0 149 39 
0 105 104 
0 134 68 
0 108 33 
0 166 45 
0 141 22 
0 148 25 
0 133 24 
0 117 41 
0 118 8 
0 113 36 
0 109 20 
0 153 32 
0 90 21 
0 127 43 
0 117 25 
0 101 31 
0 52 37 
0 145 56 
0 95 14 
0 121 22 
0 119 38 
0 116 39 
0 119 55 
0 115 35 
0 122 17 
0 71 35 
0 88 16 
0 70 42 
0 154 35 
0 88 34 
0 127 33 
0 143 23 
0 89 38 
0 92 22 
0 106 44 
0 96 74 
0 118 43 
0 96 21 
0 126 75 
0 122 66 
0 113 22 
0 110 26 
0 170 60 
0 188 21 
0 103 10 
0 123 17 
0 115 83 
0 161 24 
0 94 44 
0 139 48 
0 145 58 
0 101 23 
0 91 41 
0 126 66 
0 163 25 
0 96 27 
0 151 23 
0 119 25 
0 152 78 
0 127 93 
0 129 21 
0 121 48 
0 140 19 
0 112 34 
0 133 35 
0 100 37 
0 103 54 
0 129 49 
0 90 22 
0 152 3 
0 120 9 
0 101 21 
0 110 34 
0 105 26 
0 67 11 
0 62 69 
0 162 11 
0 170 105 
0 87 72 
0 114 31 
0 56 44 
0 122 5 
0 111 48 
0 104 26 
0 79 53 
0 202 22 
0 108 44 
0 97 37 
0 114 8 
0 122 17 
0 66 44 
0 121 22 
0 149 21 
0 99 35 
0 127 19 
0 132 35 
0 117 34 
0 135 13 
0 74 41 
0 115 74 
0 124 34 
0 116 50 
0 108 16 
0 103 34 
0 123 34 
0 101 44 
0 93 33 
0 101 127 
0 103 60 
0 107 26 
0 135 25 
0 108 16 
0 85 84 
0 106 60 
0 142 26 
0 104 18 
0 150 65 
0 113 77 
0 112 33 
0 119 29 
0 143 120 
0 122 40 
0 82 42 
0 69 78 
0 119 30 
0 107 28 
0 65 37 
0 190 34 
0 104 14 
0 145 48 
0 133 25 
0 118 42 
0 98 101 
0 94 78 
0 109 28 
0 96 16 
0 105 40 
0 87 70 
0 98 63 
0 73 23 
0 181 21 
0 150 121 
0 99 38 
0 131 22 
0 115 75 
0 154 16 
0 111 37 
0 98 14 
0 93 17 
0 214 14 
0 135 31 
0 158 44 
0 94 17 
0 67 22 
0 129 24 
0 90 58 
0 127 9 
0 173 49 
0 83 55 
0 98 25 
0 104 128 
0 174 51 
0 142 13 
0 112 53 
0 127 28 
0 131 47 
0 123 67 
0 122 57 
0 119 113 
0 75 47 
0 94 33 
0 142 61 
0 123 22 
0 74 59 
0 113 66 
0 167 33 
0 78 36 
0 74 13 
0 113 67 
0 72 36 
0 143 28 
0 104 69 
0 90 21 
0 115 57 
0 95 71 
0 126 41 
0 86 51 
0 92 51 
0 111 54 
0 143 66 
0 117 23 
0 81 41 
0 122 15 
0 90 35 
0 150 65 
0 141 22 
0 94 25 
0 99 56 
0 115 33 
0 101 22 
0 78 29 
0 112 18 
0 129 38 
0 91 50 
0 132 23 
0 165 56 
0 129 81 
0 97 49 
0 177 33 
0 110 93 
0 116 19 
0 106 26 
0 86 22 
0 99 66 
0 147 29 
0 204 50 
0 117 39 
0 120 17 
0 83 21 
0 137 25 
0 120 80 
0 84 33 
0 121 0 
0 115 23 
0 147 13 
0 119 37 
0 108 17 
0 144 33 
0 93 57 
0 127 29 
0 128 29 
0 95 18 
0 74 20 
0 161 63 
0 109 28 
0 123 19 
0 137 30 
0 160 31 
0 106 44 
0 77 28 
0 114 27 
0 125 47 
0 106 38 
0 172 7 
0 123 17 
0 90 76 
0 110 74 
0 118 42 
0 85 32 
0 113 34 
0 126 47 
0 133 11 
0 77 30 
0 132 20 
0 77 23 
0 63 5 
0 121 23 
0 179 22 
0 125 11 
0 71 41 
0 111 60 
0 123 16 
0 105 12 
0 146 55 
0 174 46 
0 127 28 
0 130 59 
0 159 15 
0 109 50 
0 141 19 
0 100 47 
0 93 13 
0 73 31 
0 111 93 
0 123 28 
0 144 51 
0 122 40 
0 124 21 
0 146 32 
0 107 17 
0 115 46 
0 81 104 
0 128 24 
0 155 22 
0 124 59 
0 99 22 
0 105 46 
0 158 21 
0 109 32 
0 105 50 
0 62 13 
0 124 12 
0 96 41 
0 143 55 
0 109 39 
0 104 81 
0 153 60 
0 74 44 
0 113 38 
0 142 28 
0 165 88 
0 142 58 
0 127 57 
0 138 24 
0 88 58 
0 123 31 
0 111 61 
0 178 41 
0 91 18 
0 128 24 
0 106 80 
0 93 13 
0 137 42 
0 95 33 
0 79 30 
0 84 20 
0 119 24 
0 82 58 
0 98 48 
0 108 37 
0 158 49 
0 150 116 
0 121 27 
0 134 30 
0 119 25 
0 133 24 
0 114 71 
0 86 15 
0 194 76 
0 197 36 
0 113 64 
0 106 94 
0 132 15 
0 156 26 
0 168 28 
0 131 29 
0 166 29 
0 119 25 
0 200 43 
0 159 37 
0 145 28 
0 89 13 
0 75 59 
0 96 39 
0 97 43 
0 121 30 
0 93 48 
0 120 64 
0 96 25 
0 156 26 
0 146 11 
0 130 28 
0 90 47 
0 131 16 
0 115 24 
0 104 36 
0 188 46 
0 157 50 
0 112 21 
0 123 28 
0 116 42 
0 92 29 
0 96 46 
0 84 93 
0 159 48 
0 77 39 
0 115 24 
0 97 32 
0 116 17 
0 91 17 
0 59 18 
0 127 26 
0 118 59 
0 137 22 
0 189 24 
0 144 4 
0 143 43 
0 90 48 
0 147 12 
0 135 40 
0 82 24 
0 88 85 
0 158 64 
0 182 67 
0 153 50 
0 129 28 
0 123 47 
0 129 26 
0 88 35 
0 161 30 
0 97 28 
0 83 22 
0 75 75 
0 100 94 
0 148 22 
0 121 28 
0 114 51 
0 88 51 
0 137 48 
0 95 37 
0 152 19 
0 155 18 
0 90 100 
0 109 61 
0 145 83 
0 120 14 
0 159 27 
0 99 49 
0 85 25 
0 118 23 
0 117 72 
0 106 24 
0 95 48 
0 129 76 
0 105 16 
0 87 28 
0 98 62 
0 103 58 
0 143 80 
0 114 10 
0 158 46 
0 98 62 
0 191 32 
0 152 53 
0 104 65 
0 151 12 
0 160 45 
0 99 64 
0 81 72 
0 124 14 
0 84 13 
0 153 68 
0 89 34 
0 125 41 
0 76 21 
0 108 41 
0 96 17 
0 118 36 
0 81 13 
0 123 45 
0 164 60 
0 120 36 
0 117 35 
0 98 18 
0 84 106 
0 160 28 
0 210 29 
0 165 11 
0 147 32 
0 161 65 
0 99 19 
0 110 25 
0 100 30 
0 96 83 
0 113 12 
0 122 18 
0 105 43 
0 81 3 
0 93 20 
0 144 46 
0 124 30 
0 112 24 
0 116 56 
0 145 15 
0 152 37 
0 152 51 
0 119 34 
0 81 9 
0 62 28 
0 104 61 
0 122 10 
0 117 6 
0 77 45 
0 90 33 
0 107 33 
0 137 33 
0 103 20 
0 90 18 
0 96 84 
0 95 79 
0 91 102 
0 99 33 
0 60 32 
0 84 67 
0 88 13 
0 102 44 
0 87 14 
0 125 22 
0 99 44 
0 129 28 
0 107 54 
0 148 16 
0 197 42 
0 127 56 
0 128 83 
0 84 25 
0 192 44 
0 133 28 
0 55 19 
0 128 32 
0 136 26 
0 132 48 
0 163 23 
0 124 54 
0 143 58 
0 149 40 
0 116 25 
0 116 41 
0 155 43 
0 107 52 
0 141 4 
0 126 21 
0 100 116 
0 89 35 
0 112 68 
0 83 34 
0 115 32 
0 107 22 
0 135 22 
0 74 10 
0 77 12 
0 146 27 
0 114 35 
0 146 77 
0 85 74 
0 149 36 
0 111 111 
0 134 14 
0 107 45 
0 91 56 
0 158 12 
0 104 103 
0 154 10 
0 125 20 
0 117 149 
0 119 32 
0 97 67 
0 163 10 
0 177 67 
0 164 24 
0 137 28 
0 115 36 
0 98 32 
0 159 27 
0 92 56 
0 149 101 
0 97 39 
0 105 83 
0 151 9 
0 60 20 
0 76 19 
0 140 54 
0 126 45 
0 105 11 
0 148 78 
0 116 29 
0 80 79 
0 104 25 
0 104 142 
0 116 34 
0 84 22 
0 123 54 
0 105 60 
0 107 39 
0 97 49 
0 141 40 
0 140 68 
0 202 58 
0 120 36 
0 114 41 
0 107 33 
0 131 29 
0 91 40 
0 138 70 
0 101 19 
0 110 23 
0 108 43 
0 108 25 
0 126 10 
0 138 19 
0 94 37 
0 97 27 
0 125 92 
0 125 58 
0 106 30 
0 114 34 
0 85 50 
0 101 44 
0 135 108 
0 109 11 
0 114 26 
0 105 67 
0 92 31 
0 151 34 
0 124 9 
0 90 6 
0 81 36 
0 112 39 
0 112 71 
0 130 106 
0 121 29 
0 97 25 
0 112 60 
0 146 15 
0 101 49 
0 83 33 
0 79 10 
0 97 42 
0 79 21 
0 106 34 
0 70 15 
0 98 66 
0 95 19 
0 95 23 
0 99 21 
0 101 35 
0 150 76 
0 99 87 
0 142 7 
0 118 5 
0 102 38 
0 47 36 
0 86 35 
0 118 20 
0 97 47 
0 163 26 
0 122 19 
