0 329 0 
0 284 0 
0 303 0 
0 323 3 
0 315 0 
0 323 0 
0 359 0 
0 286 8 
0 342 0 
0 292 0 
0 304 0 
0 300 2 
0 303 0 
0 314 0 
0 311 0 
0 301 0 
0 323 0 
0 326 0 
0 324 0 
0 317 0 
0 337 5 
0 324 0 
0 305 0 
0 314 0 
0 300 0 
0 317 0 
0 321 0 
0 317 0 
0 313 0 
0 310 0 
0 293 25 
0 286 6 
0 331 0 
0 311 0 
0 293 0 
0 331 1 
0 319 0 
0 307 0 
0 264 0 
0 302 0 
0 303 0 
0 306 5 
0 321 0 
0 299 0 
0 310 0 
0 212 0 
0 302 3 
0 320 0 
0 323 0 
0 321 0 
0 337 0 
0 310 0 
0 298 0 
0 307 3 
0 285 0 
0 302 0 
0 295 0 
0 289 0 
0 321 3 
0 285 0 
0 291 0 
0 333 0 
0 339 0 
0 318 0 
0 255 0 
0 340 6 
0 295 0 
0 329 0 
0 325 0 
0 315 0 
0 302 0 
0 325 0 
0 342 0 
0 312 0 
0 303 0 
0 292 0 
0 293 0 
0 314 0 
0 312 0 
0 333 0 
0 284 0 
0 306 0 
0 343 0 
0 318 0 
0 333 0 
0 340 0 
0 313 0 
0 282 0 
0 331 0 
0 327 0 
0 326 0 
0 302 0 
0 294 0 
0 294 0 
0 348 0 
0 303 0 
0 288 0 
0 306 0 
0 301 0 
0 334 0 
0 332 0 
0 336 0 
0 297 1 
0 341 0 
0 300 0 
0 281 0 
0 327 0 
0 331 0 
0 293 0 
0 314 7 
0 290 0 
0 329 4 
0 339 0 
0 335 0 
0 293 0 
0 333 2 
0 313 0 
0 302 0 
0 336 0 
0 331 0 
0 343 0 
0 304 0 
0 245 0 
0 332 0 
0 277 0 
0 305 0 
0 300 0 
0 323 0 
0 289 0 
0 305 0 
0 316 0 
0 339 0 
0 310 0 
0 301 0 
0 308 0 
0 352 0 
0 288 0 
0 288 0 
0 306 0 
0 304 0 
0 287 0 
0 307 0 
0 330 1 
0 320 0 
0 313 11 
0 302 0 
0 309 0 
0 299 0 
0 334 0 
0 286 0 
0 290 0 
0 319 1 
0 299 0 
0 316 0 
0 317 0 
0 301 0 
0 322 0 
0 301 0 
0 282 0 
0 295 1 
0 318 0 
0 312 0 
0 320 0 
0 312 0 
0 324 0 
0 361 7 
0 254 0 
0 330 0 
0 314 0 
0 336 0 
0 288 0 
0 331 0 
0 342 1 
0 301 0 
0 374 0 
0 301 0 
0 279 0 
0 331 0 
0 283 0 
0 323 4 
0 319 0 
0 318 14 
0 368 0 
0 323 6 
0 332 3 
0 311 0 
0 320 0 
0 312 0 
0 299 12 
0 287 0 
0 321 0 
0 326 0 
0 311 0 
0 322 0 
0 283 0 
0 255 0 
0 288 0 
0 307 0 
0 306 0 
0 345 0 
0 294 0 
0 313 0 
0 253 0 
0 275 0 
0 306 0 
0 327 0 
0 320 0 
0 327 0 
0 349 9 
0 314 0 
0 356 0 
0 276 0 
0 300 0 
0 317 0 
0 351 0 
0 305 25 
0 276 0 
0 233 0 
0 286 0 
0 314 0 
0 330 0 
0 326 0 
0 300 17 
0 280 1 
0 310 0 
0 289 0 
0 273 0 
0 307 0 
0 337 0 
0 314 0 
0 287 0 
0 343 0 
0 322 0 
0 268 3 
0 290 1 
0 250 0 
0 315 0 
0 313 0 
0 318 0 
0 311 0 
0 337 0 
0 323 0 
0 302 1 
0 304 0 
0 333 0 
0 294 0 
0 307 0 
0 296 40 
0 310 0 
0 315 0 
0 303 0 
0 303 0 
0 270 0 
0 328 0 
0 351 0 
0 273 0 
0 312 0 
0 298 0 
0 297 0 
0 291 0 
0 324 0 
0 291 6 
0 329 0 
0 345 0 
0 299 0 
0 275 0 
0 317 0 
0 309 0 
0 319 0 
0 308 0 
0 301 0 
0 304 0 
0 319 5 
0 254 0 
0 322 15 
0 318 0 
0 295 0 
0 327 0 
0 336 0 
0 300 0 
0 316 0 
0 349 0 
0 311 0 
0 304 0 
0 325 0 
0 332 0 
0 312 0 
0 320 0 
0 333 1 
0 320 0 
0 326 0 
0 320 0 
0 320 0 
0 325 0 
0 329 0 
0 305 3 
0 307 0 
0 288 0 
0 323 0 
0 327 0 
0 278 0 
0 322 5 
0 339 0 
0 310 1 
0 317 0 
0 273 0 
0 262 0 
0 331 4 
0 309 0 
0 308 0 
0 340 0 
0 304 0 
0 335 0 
0 355 0 
0 311 0 
0 328 0 
0 307 0 
0 318 0 
0 308 0 
0 336 0 
0 292 0 
0 319 0 
0 311 0 
0 324 0 
0 270 0 
0 336 0 
0 321 0 
0 307 0 
0 309 0 
0 285 0 
0 266 0 
0 295 0 
0 311 0 
0 276 0 
0 286 0 
0 304 0 
0 292 0 
0 354 0 
0 304 3 
0 327 0 
0 335 0 
0 321 0 
0 318 14 
0 303 0 
0 339 0 
0 299 0 
0 339 0 
0 358 0 
0 343 0 
0 343 0 
0 315 0 
0 305 0 
0 306 0 
0 324 0 
0 305 0 
0 312 0 
0 322 0 
0 340 0 
0 301 1 
0 340 0 
0 276 0 
0 307 0 
0 303 0 
0 301 0 
0 324 1 
0 341 0 
0 312 0 
0 275 0 
0 339 0 
0 343 0 
0 295 0 
0 334 2 
0 239 0 
0 322 0 
0 334 0 
0 329 0 
0 272 0 
0 294 0 
0 343 0 
0 355 0 
0 323 0 
0 284 0 
0 309 0 
0 328 0 
0 331 0 
0 333 0 
0 339 0 
0 329 1 
0 308 0 
0 310 0 
0 326 0 
0 320 0 
0 293 2 
0 270 0 
0 353 0 
0 349 0 
0 290 1 
0 333 4 
0 306 0 
0 327 0 
0 307 0 
0 298 0 
0 313 0 
0 322 0 
0 325 0 
0 296 0 
0 318 0 
0 288 0 
0 333 0 
0 317 0 
0 318 0 
0 325 1 
0 315 0 
0 294 3 
0 296 0 
0 339 1 
0 293 0 
0 307 0 
0 308 0 
0 315 0 
0 321 0 
0 280 0 
0 297 0 
0 343 0 
0 306 2 
0 305 0 
0 331 0 
0 340 0 
0 267 0 
0 272 1 
0 297 0 
0 310 0 
0 329 0 
0 375 0 
0 310 0 
0 297 7 
0 344 0 
0 333 8 
0 306 3 
0 298 2 
0 301 3 
0 331 0 
0 342 6 
0 294 0 
0 275 0 
0 339 0 
0 294 0 
0 257 2 
0 344 0 
0 287 0 
0 303 0 
0 344 0 
0 346 0 
0 261 0 
0 312 0 
0 359 0 
0 328 0 
0 273 0 
0 280 0 
0 317 0 
0 325 0 
0 300 21 
0 357 0 
0 271 0 
0 333 0 
0 308 0 
0 263 0 
0 304 0 
0 286 0 
0 336 0 
0 337 0 
0 337 0 
0 341 0 
0 351 0 
0 303 0 
0 310 10 
0 267 2 
0 254 0 
0 303 0 
0 284 0 
0 289 0 
0 320 0 
0 310 0 
0 343 0 
0 296 0 
0 278 2 
0 306 0 
0 318 0 
0 325 0 
0 337 0 
0 271 0 
0 309 0 
0 333 0 
0 308 0 
0 333 0 
0 317 17 
0 319 0 
0 305 1 
0 322 0 
0 362 0 
0 314 0 
0 315 0 
0 346 0 
0 339 0 
0 290 0 
0 316 0 
0 286 0 
0 341 3 
0 302 0 
0 367 0 
0 308 0 
0 337 0 
0 298 0 
0 299 4 
0 284 0 
0 356 0 
0 341 0 
0 277 0 
0 356 0 
0 331 0 
0 284 0 
0 292 0 
0 292 0 
0 319 0 
0 303 0 
0 322 0 
0 330 0 
0 330 0 
0 303 0 
0 332 0 
0 321 0 
0 282 0 
0 305 0 
0 325 0 
0 311 1 
0 304 0 
0 307 2 
0 341 9 
0 327 0 
0 323 0 
0 313 0 
0 312 0 
0 312 0 
0 283 0 
0 344 5 
0 302 0 
0 331 0 
0 353 0 
0 270 0 
0 316 0 
0 329 0 
0 347 0 
0 289 0 
0 342 0 
0 312 0 
0 285 0 
0 294 0 
0 297 0 
0 332 0 
0 295 0 
0 332 4 
0 289 0 
0 319 0 
0 323 0 
0 245 0 
0 335 1 
0 318 0 
0 326 0 
0 328 0 
0 326 0 
0 371 0 
0 342 0 
0 354 0 
0 337 0 
0 303 0 
0 322 2 
0 260 0 
0 314 0 
0 322 0 
0 305 0 
0 319 0 
0 289 4 
0 326 8 
0 313 0 
0 327 0 
0 328 0 
0 329 0 
0 308 0 
0 322 0 
0 314 0 
0 305 0 
0 311 0 
0 311 0 
0 315 0 
0 370 0 
0 281 0 
0 277 0 
0 327 0 
0 315 0 
0 288 0 
0 303 1 
0 317 0 
0 339 0 
0 248 0 
0 301 0 
0 350 0 
0 299 0 
0 311 10 
0 309 4 
0 319 0 
0 274 0 
0 291 0 
0 321 0 
0 306 2 
0 282 0 
0 305 1 
0 329 0 
0 323 3 
0 286 0 
0 312 4 
0 294 2 
0 347 0 
0 320 0 
0 316 4 
0 315 18 
0 328 0 
0 337 0 
0 294 0 
0 243 0 
0 354 0 
0 298 0 
0 273 0 
0 358 0 
0 305 0 
0 279 0 
0 326 0 
0 319 0 
0 316 0 
0 309 0 
0 292 0 
0 336 0 
0 318 0 
0 313 0 
0 320 0 
0 331 0 
0 337 0 
0 300 0 
0 313 0 
0 313 0 
0 317 0 
0 288 0 
0 305 0 
0 313 0 
0 338 0 
0 322 0 
0 295 0 
0 351 0 
0 295 0 
0 314 3 
0 294 0 
0 346 0 
0 325 0 
0 309 0 
0 288 1 
0 310 0 
0 319 0 
0 331 0 
0 322 0 
0 296 0 
0 304 0 
0 315 0 
0 282 0 
0 336 0 
0 313 0 
0 306 0 
0 334 0 
0 298 0 
0 299 4 
0 283 5 
0 324 0 
0 278 0 
0 296 0 
0 331 0 
0 309 0 
0 283 0 
0 357 0 
0 292 0 
0 250 0 
0 312 0 
0 301 0 
0 320 0 
0 276 5 
0 344 0 
0 323 0 
0 339 0 
0 357 0 
0 326 0 
0 333 0 
0 289 0 
0 310 0 
0 310 0 
0 318 0 
0 318 0 
0 294 0 
0 340 0 
0 310 0 
0 348 0 
0 323 0 
0 309 0 
0 317 0 
0 327 0 
0 309 0 
0 354 0 
0 300 2 
0 302 3 
0 320 0 
0 314 0 
0 319 0 
0 293 0 
0 304 0 
0 294 0 
0 303 0 
0 332 8 
0 299 0 
0 265 0 
0 293 0 
0 277 0 
0 335 5 
0 334 0 
0 325 2 
0 326 0 
0 303 0 
0 293 0 
0 321 0 
0 297 5 
0 305 0 
0 347 0 
0 307 0 
0 291 0 
0 310 0 
0 327 0 
0 289 0 
0 324 0 
0 308 0 
0 282 2 
0 281 0 
0 298 0 
0 250 0 
0 311 0 
0 336 0 
0 306 0 
0 257 0 
0 311 0 
0 254 4 
0 276 0 
0 307 0 
0 363 0 
0 339 3 
0 313 0 
0 275 0 
0 318 0 
0 337 0 
0 326 0 
0 307 0 
0 328 0 
0 335 0 
0 358 0 
0 321 0 
0 312 0 
0 312 0 
0 305 0 
0 310 0 
0 299 0 
0 315 0 
0 331 0 
0 336 0 
0 335 0 
0 311 0 
0 292 0 
0 307 3 
0 287 0 
0 338 0 
0 265 0 
0 344 0 
0 293 0 
0 325 0 
0 322 0 
0 339 0 
0 331 0 
0 332 0 
0 296 2 
0 335 0 
0 333 0 
0 334 0 
0 306 0 
0 318 0 
0 336 0 
0 334 0 
0 299 0 
0 305 0 
0 347 0 
0 310 0 
0 231 0 
0 318 0 
0 300 0 
0 273 0 
0 300 0 
0 325 0 
0 286 1 
0 313 0 
0 310 0 
0 316 0 
0 324 0 
0 324 0 
0 330 0 
0 303 0 
0 316 0 
0 348 0 
0 320 0 
0 351 0 
0 318 0 
0 310 1 
0 331 0 
0 340 0 
0 269 0 
0 317 0 
0 337 0 
0 312 0 
0 289 0 
0 332 0 
0 302 0 
0 325 0 
0 326 0 
0 298 0 
0 328 0 
0 273 0 
0 373 0 
0 365 0 
0 270 0 
0 309 0 
0 329 0 
0 314 0 
0 306 7 
0 320 0 
0 342 0 
0 275 0 
0 375 0 
0 304 0 
0 326 1 
0 301 0 
0 297 1 
0 315 3 
0 318 0 
0 285 0 
0 298 0 
0 348 0 
0 313 0 
0 315 0 
0 352 0 
0 314 0 
0 300 0 
0 310 0 
0 347 0 
0 362 0 
0 317 0 
0 313 3 
0 297 0 
0 315 0 
0 312 0 
0 323 0 
0 296 0 
0 307 3 
0 331 0 
0 276 0 
0 313 0 
0 334 0 
0 260 0 
0 336 0 
0 329 0 
0 271 0 
0 298 1 
0 297 0 
0 297 2 
0 302 0 
0 310 0 
0 327 0 
0 313 0 
0 327 0 
0 315 0 
0 288 0 
0 275 0 
0 328 0 
0 296 0 
0 328 0 
0 315 0 
0 317 0 
0 292 0 
0 305 0 
0 311 0 
0 351 0 
0 331 0 
0 315 0 
0 325 0 
0 317 4 
0 316 0 
0 282 0 
0 305 0 
0 338 0 
0 328 0 
0 305 0 
0 312 1 
0 304 0 
0 341 0 
0 313 28 
0 345 0 
0 270 0 
0 311 0 
0 316 0 
0 324 0 
0 334 0 
0 314 0 
0 333 0 
0 287 0 
0 292 1 
0 332 0 
0 333 1 
0 310 1 
0 329 0 
0 298 0 
0 288 0 
0 307 8 
0 307 0 
0 312 0 
0 330 0 
0 318 2 
0 306 6 
0 327 0 
0 358 0 
0 306 1 
0 332 0 
0 310 0 
0 290 0 
0 317 0 
0 302 0 
0 309 0 
0 320 0 
0 307 0 
0 301 12 
0 312 0 
0 302 0 
0 298 0 
0 306 0 
0 299 2 
0 355 0 
0 306 0 
0 313 0 
0 315 0 
0 327 0 
0 285 0 
0 338 0 
0 319 3 
0 336 1 
0 301 0 
0 316 0 
0 341 0 
0 367 0 
0 312 2 
0 322 0 
0 329 0 
0 284 0 
0 326 0 
0 321 0 
0 295 0 
0 302 0 
0 328 0 
0 255 0 
0 297 0 
0 284 0 
0 327 0 
0 339 5 
0 306 1 
0 319 0 
0 296 0 
0 299 4 
0 275 0 
0 345 0 
0 313 0 
0 259 0 
0 340 3 
0 299 0 
0 285 0 
0 319 0 
0 336 0 
0 298 0 
0 312 2 
0 322 0 
0 288 2 
0 319 0 
0 350 0 
0 315 42 
