137 281 26 0 0 
90 275 40 4 0 
55 321 108 0 0 
157 228 49 0 0 
115 236 31 5 0 
141 185 85 0 0 
65 264 121 7 0 
98 224 49 0 0 
46 213 44 26 0 
293 97 55 0 0 
81 208 52 0 0 
50 322 24 3 0 
172 189 136 0 0 
154 209 51 3 0 
206 163 40 0 0 
132 300 67 0 0 
110 145 63 0 0 
197 143 56 39 0 
164 253 90 0 0 
169 243 49 0 0 
184 233 27 0 0 
43 250 100 5 0 
138 313 21 0 0 
118 162 62 0 0 
114 302 109 3 0 
165 250 3 0 0 
99 178 78 0 0 
92 233 67 0 0 
115 300 103 0 0 
117 150 54 0 0 
118 199 89 0 0 
141 263 45 1 0 
76 325 42 1 0 
182 176 6 1 0 
71 209 38 0 0 
161 214 15 0 0 
171 301 7 0 0 
124 258 42 10 0 
154 250 28 0 0 
100 252 33 0 0 
183 116 33 0 0 
97 162 59 0 0 
90 272 36 6 0 
61 178 89 0 0 
108 224 75 12 0 
77 214 57 0 0 
129 339 51 22 0 
120 257 51 2 0 
111 276 62 0 0 
109 213 36 4 0 
51 246 68 1 0 
202 203 43 33 0 
75 192 86 0 0 
155 185 31 0 0 
141 177 8 0 0 
106 261 47 9 0 
131 258 8 11 0 
53 264 40 0 0 
39 306 52 0 0 
127 197 41 0 0 
76 268 33 0 0 
107 264 52 0 0 
125 212 42 8 0 
79 238 36 35 0 
86 193 90 0 0 
165 286 59 5 0 
77 218 82 4 0 
102 236 105 0 0 
141 252 42 11 0 
82 371 45 1 0 
102 241 52 2 0 
92 293 79 11 0 
80 226 19 8 0 
266 173 22 0 0 
21 316 85 0 0 
118 235 102 0 0 
142 212 62 1 0 
113 224 68 0 0 
76 199 38 0 0 
66 252 88 0 0 
205 205 43 6 0 
283 208 63 0 0 
107 248 38 0 0 
121 183 83 0 0 
108 139 88 0 0 
109 237 52 11 0 
147 215 11 0 0 
128 304 26 0 0 
108 260 70 0 0 
154 163 71 0 0 
93 215 75 16 0 
74 188 72 4 0 
130 347 49 0 0 
98 285 90 0 0 
108 246 36 0 0 
130 259 60 14 0 
123 311 19 0 0 
60 232 55 0 0 
183 196 84 1 0 
113 198 34 0 0 
138 143 53 11 0 
108 357 28 0 0 
91 181 48 0 0 
92 349 64 0 0 
204 310 11 0 0 
127 284 17 0 0 
148 252 5 4 0 
176 343 48 0 0 
130 161 64 7 0 
78 143 88 0 0 
101 228 70 0 0 
122 262 86 0 0 
135 196 71 2 0 
166 197 17 0 0 
182 267 61 0 0 
53 204 37 0 0 
134 339 18 0 0 
116 258 16 0 0 
189 239 45 0 0 
73 249 67 0 0 
88 238 63 1 0 
116 214 79 0 0 
126 251 104 5 0 
128 153 50 9 0 
74 292 53 23 0 
99 309 12 0 0 
61 208 87 0 0 
112 173 80 0 0 
178 295 109 0 0 
207 283 16 0 0 
66 286 54 0 0 
136 161 57 0 0 
185 178 29 4 0 
74 269 46 0 0 
26 349 72 0 0 
203 127 26 1 0 
118 188 118 0 0 
148 224 36 2 0 
98 176 76 11 0 
133 245 73 3 0 
71 223 70 0 0 
125 242 76 0 0 
155 218 50 3 0 
82 204 84 0 0 
87 168 130 0 0 
136 220 76 0 0 
63 247 41 0 0 
181 194 101 6 0 
103 210 93 0 0 
64 306 73 0 0 
65 245 111 1 0 
217 197 58 0 0 
163 229 90 4 0 
83 240 92 0 0 
108 337 9 0 0 
169 269 48 0 0 
131 163 48 0 0 
104 266 30 0 0 
107 292 53 0 0 
110 218 45 0 0 
102 123 122 0 0 
82 152 102 0 0 
188 287 2 0 0 
139 164 81 0 0 
119 332 27 7 0 
162 253 17 0 0 
178 229 96 0 0 
189 194 76 0 0 
115 161 75 0 0 
103 205 56 0 0 
138 294 18 0 0 
121 221 80 0 0 
205 138 56 0 0 
199 101 53 0 0 
71 166 84 0 0 
93 173 92 0 0 
159 164 27 0 0 
98 302 36 0 0 
56 247 53 1 0 
171 219 31 0 0 
171 142 68 0 0 
67 258 65 0 0 
102 230 56 0 0 
82 293 55 10 0 
155 182 45 4 0 
187 243 42 0 0 
97 212 70 0 0 
74 272 114 0 0 
58 248 86 21 0 
69 193 117 0 0 
132 202 47 0 0 
104 258 26 0 0 
112 303 31 0 0 
57 259 56 0 0 
103 324 45 0 0 
65 272 51 1 0 
139 279 110 0 0 
94 211 57 9 0 
152 194 31 0 0 
84 192 73 0 0 
170 219 15 6 0 
149 249 19 19 0 
176 146 101 4 0 
115 192 103 0 0 
95 221 16 0 0 
171 229 63 0 0 
99 168 14 0 0 
95 274 22 4 0 
79 370 3 3 0 
198 212 74 0 0 
229 223 52 0 0 
53 173 93 0 0 
141 320 87 0 0 
84 296 74 0 0 
139 192 94 4 0 
112 249 64 0 0 
143 242 42 0 0 
159 168 104 0 0 
98 230 19 0 0 
55 237 47 19 0 
145 246 13 0 0 
157 180 24 62 0 
88 263 100 1 0 
126 208 36 13 0 
109 213 79 0 0 
96 190 71 0 0 
68 322 90 0 0 
43 336 80 4 0 
147 162 94 0 0 
183 224 141 0 0 
120 183 152 0 0 
224 203 55 0 0 
84 320 32 0 0 
94 170 76 1 0 
168 150 144 0 0 
64 254 116 0 0 
127 274 71 12 0 
56 171 32 2 0 
130 226 41 0 0 
137 204 42 1 0 
169 209 34 3 0 
140 209 77 0 0 
160 227 23 0 0 
209 267 21 0 0 
53 305 127 0 0 
98 231 25 2 0 
138 197 53 0 0 
158 220 47 2 0 
97 303 37 0 0 
142 343 13 0 0 
77 172 78 28 0 
96 214 95 19 0 
148 289 43 0 0 
92 229 109 0 0 
97 191 74 2 0 
62 353 35 0 0 
89 337 47 0 0 
107 266 40 0 0 
74 302 62 0 0 
53 262 67 10 0 
66 278 67 57 0 
120 260 79 0 0 
186 313 49 12 0 
48 285 26 0 0 
143 282 47 2 0 
72 153 110 3 0 
130 203 5 5 0 
75 307 43 0 0 
88 289 36 0 0 
119 209 95 0 0 
88 233 51 0 0 
142 205 29 0 0 
212 215 13 0 0 
158 243 65 0 0 
49 275 77 0 0 
102 212 101 0 0 
186 158 24 0 0 
116 220 154 0 0 
119 231 26 1 0 
108 155 32 2 0 
115 229 86 3 0 
86 335 54 0 0 
167 221 51 35 0 
165 219 6 0 0 
139 239 44 1 0 
51 265 49 5 0 
48 208 74 0 0 
104 226 23 11 0 
89 251 77 0 0 
259 182 39 0 0 
197 238 36 0 0 
58 215 122 0 0 
134 220 39 6 0 
132 275 71 0 0 
130 210 124 5 0 
175 191 49 29 0 
88 222 35 1 0 
200 147 25 0 0 
160 218 79 4 0 
165 270 16 0 0 
146 208 38 6 0 
173 188 35 5 0 
173 181 44 0 0 
167 237 105 0 0 
60 223 89 4 0 
78 307 92 0 0 
116 131 39 0 0 
166 190 62 0 0 
39 319 94 0 0 
71 305 92 0 0 
56 257 36 0 0 
69 290 120 0 0 
91 125 56 13 0 
119 177 26 0 0 
147 215 19 0 0 
130 269 16 1 0 
148 265 64 1 0 
168 247 46 0 0 
88 254 14 0 0 
145 175 18 0 0 
33 316 86 0 0 
73 339 16 0 0 
113 186 68 4 0 
136 292 65 7 0 
164 190 44 0 0 
137 235 8 0 0 
116 138 67 12 0 
156 199 18 0 0 
65 268 75 1 0 
78 214 53 2 0 
204 180 105 0 0 
55 259 38 17 0 
122 164 53 0 0 
128 261 49 0 0 
126 310 59 0 0 
153 192 30 33 0 
264 139 61 0 0 
187 157 53 9 0 
104 187 50 3 0 
106 255 91 0 0 
50 259 98 12 0 
46 215 61 0 0 
181 255 49 0 0 
195 326 50 0 0 
157 183 46 1 0 
143 288 36 0 0 
160 220 34 0 0 
114 211 69 0 0 
121 235 93 0 0 
104 209 61 0 0 
132 211 17 1 0 
56 236 77 0 0 
174 307 45 0 0 
120 194 69 1 0 
56 268 3 0 0 
96 257 35 0 0 
161 286 69 20 0 
136 257 42 10 0 
118 282 64 0 0 
162 246 79 0 0 
162 158 49 0 0 
156 266 20 0 0 
127 223 8 0 0 
197 254 84 0 0 
61 217 104 10 0 
136 238 131 11 0 
120 194 38 0 0 
140 163 13 0 0 
105 242 24 0 0 
92 156 80 11 0 
103 198 78 0 0 
127 258 61 0 0 
127 285 68 0 0 
69 279 10 8 0 
125 174 30 1 0 
99 149 14 0 0 
166 322 23 0 0 
126 224 22 18 0 
132 252 15 0 0 
179 184 38 0 0 
69 273 39 0 0 
115 227 98 0 0 
88 278 58 0 0 
164 289 58 0 0 
159 196 2 0 0 
101 360 43 0 0 
100 148 69 1 0 
155 216 46 0 0 
158 146 51 0 0 
103 159 49 0 0 
63 199 59 0 0 
130 270 143 0 0 
83 176 22 0 0 
163 150 55 0 0 
196 237 30 2 0 
124 182 44 0 0 
147 228 36 6 0 
161 323 103 0 0 
70 209 76 0 0 
132 306 61 0 0 
59 226 111 1 0 
133 224 117 10 0 
121 235 101 0 0 
176 281 65 0 0 
96 249 34 12 0 
133 307 28 1 0 
74 250 66 0 0 
62 227 80 0 0 
141 297 88 0 0 
92 259 69 0 0 
92 183 51 33 0 
95 236 10 2 0 
191 260 41 0 0 
91 272 53 3 0 
107 268 104 0 0 
134 233 42 0 0 
115 277 31 0 0 
143 190 75 24 0 
87 256 41 20 0 
113 241 61 0 0 
93 206 46 0 0 
54 271 110 1 0 
215 142 71 0 0 
123 204 31 0 0 
63 236 88 0 0 
150 239 45 0 0 
197 207 71 0 0 
102 173 52 0 0 
155 181 33 1 0 
50 257 96 9 0 
84 185 64 0 0 
71 318 60 0 0 
111 205 60 0 0 
119 228 32 0 0 
95 311 52 1 0 
127 306 68 3 0 
173 313 50 0 0 
90 290 84 0 0 
183 352 24 0 0 
151 131 45 19 0 
76 165 59 9 0 
175 164 85 0 0 
88 118 110 1 0 
105 218 52 1 0 
112 301 8 0 0 
113 202 28 6 0 
144 257 77 0 0 
86 174 127 6 0 
103 330 44 9 0 
148 173 83 6 0 
121 234 33 30 0 
114 245 58 26 0 
30 217 90 0 0 
65 286 25 0 0 
65 279 64 0 0 
182 272 66 0 0 
245 188 91 0 0 
83 190 68 0 0 
119 211 150 0 0 
119 333 23 0 0 
148 229 87 0 0 
137 268 79 2 0 
111 136 69 0 0 
184 201 84 0 0 
165 204 59 0 0 
102 236 40 0 0 
164 174 57 0 0 
170 197 47 0 0 
36 257 68 0 0 
98 267 28 0 0 
103 312 32 0 0 
149 235 23 1 0 
81 266 73 0 0 
100 262 48 0 0 
139 294 25 0 0 
118 311 128 0 0 
81 314 64 0 0 
132 236 41 0 0 
208 173 71 8 0 
151 148 66 7 0 
111 222 139 0 0 
112 283 68 0 0 
84 197 45 12 0 
90 272 81 0 0 
121 235 32 0 0 
68 226 110 0 0 
113 278 38 0 0 
161 230 36 0 0 
77 244 52 0 0 
98 115 63 0 0 
174 251 55 1 0 
161 347 34 0 0 
100 174 68 0 0 
54 242 77 0 0 
31 284 16 0 0 
99 276 60 0 0 
183 263 37 0 0 
87 217 76 12 0 
131 168 173 0 0 
148 242 72 0 0 
80 273 73 24 0 
79 198 44 0 0 
123 269 11 0 0 
259 179 13 0 0 
160 158 21 0 0 
225 162 96 0 0 
151 177 83 8 0 
155 240 112 0 0 
80 230 50 0 0 
196 282 30 0 0 
210 130 60 0 0 
146 191 55 0 0 
110 265 44 0 0 
109 294 22 0 0 
78 279 47 7 0 
149 210 68 0 0 
127 223 51 0 0 
106 237 44 0 0 
161 160 61 0 0 
97 222 17 12 0 
106 328 64 26 0 
63 282 50 0 0 
143 202 61 8 0 
185 276 49 1 0 
165 155 74 0 0 
98 322 16 0 0 
116 275 74 0 0 
79 348 21 4 0 
153 151 73 0 0 
102 253 107 0 0 
98 240 105 4 0 
195 258 31 12 0 
152 177 46 0 0 
132 155 46 0 0 
164 262 10 0 0 
137 187 97 0 0 
166 275 4 0 0 
95 306 42 0 0 
174 272 92 4 0 
53 164 21 0 0 
111 261 72 0 0 
151 213 62 0 0 
60 380 39 0 0 
212 240 67 1 0 
198 198 20 1 0 
86 195 53 8 0 
170 203 56 0 0 
160 264 62 0 0 
103 180 31 0 0 
153 224 32 0 0 
101 174 75 0 0 
137 208 49 0 0 
88 263 71 0 0 
89 219 57 0 0 
139 237 81 0 0 
94 282 66 0 0 
84 301 84 0 0 
89 321 137 0 0 
103 337 51 0 0 
109 232 39 1 0 
75 277 78 2 0 
101 289 21 0 0 
131 320 18 0 0 
236 176 28 0 0 
179 178 45 0 0 
83 273 69 1 0 
80 213 12 0 0 
99 257 80 0 0 
94 264 53 0 0 
215 264 28 0 0 
102 151 47 0 0 
147 288 46 0 0 
146 249 98 1 0 
137 205 90 7 0 
92 146 70 0 0 
118 246 34 14 0 
152 251 39 0 0 
161 213 134 0 0 
43 280 86 0 0 
105 219 32 9 0 
61 257 90 0 0 
158 240 39 4 0 
96 208 16 4 0 
85 231 23 0 0 
68 214 55 0 0 
56 260 63 0 0 
174 216 71 0 0 
182 193 56 0 0 
110 130 37 0 0 
84 220 99 46 0 
135 266 46 1 0 
72 158 92 10 0 
132 129 68 0 0 
181 219 82 0 0 
121 213 41 0 0 
83 146 46 0 0 
58 251 60 0 0 
68 285 20 0 0 
81 326 21 0 0 
149 208 53 0 0 
62 262 60 5 0 
82 216 154 11 0 
92 216 84 20 0 
107 189 31 0 0 
77 251 58 0 0 
30 220 101 0 0 
107 284 120 0 0 
113 167 18 0 0 
56 260 57 0 0 
153 238 34 0 0 
111 315 47 0 0 
71 167 28 0 0 
165 258 6 0 0 
130 154 29 1 0 
145 340 31 0 0 
167 262 41 0 0 
101 339 8 0 0 
139 239 28 0 0 
97 277 51 2 0 
179 290 63 0 0 
123 278 30 0 0 
32 201 73 6 0 
146 169 43 1 0 
89 285 102 0 0 
86 184 51 1 0 
53 224 137 14 0 
120 236 15 20 0 
186 211 39 3 0 
93 290 52 1 0 
122 202 85 0 0 
272 159 8 0 0 
104 261 13 0 0 
66 356 94 0 0 
181 211 58 0 0 
91 215 33 8 0 
60 302 88 0 0 
156 246 35 4 0 
118 240 93 0 0 
121 212 97 0 0 
126 185 60 0 0 
104 276 29 0 0 
97 265 37 0 0 
122 318 15 0 0 
122 345 83 0 0 
128 229 81 0 0 
104 235 39 2 0 
47 271 106 0 0 
176 196 87 0 0 
108 192 103 0 0 
140 193 32 1 0 
186 195 9 28 0 
128 257 85 8 0 
165 187 73 0 0 
39 364 49 0 0 
150 174 21 0 0 
97 355 33 0 0 
87 229 59 0 0 
218 117 13 0 0 
189 145 14 0 0 
115 198 20 0 0 
152 226 16 0 0 
99 159 57 6 0 
151 313 26 9 0 
80 265 26 0 0 
145 202 47 0 0 
133 215 40 7 0 
78 324 42 0 0 
66 232 40 0 0 
135 220 64 0 0 
76 201 94 19 0 
106 179 57 0 0 
87 211 63 0 0 
107 249 59 0 0 
126 282 57 0 0 
79 243 94 0 0 
152 161 39 0 0 
123 180 8 19 0 
115 125 22 0 0 
248 165 45 0 0 
36 238 114 0 0 
98 176 81 0 0 
162 223 57 0 0 
117 339 20 0 0 
152 299 51 2 0 
163 197 59 0 0 
15 246 78 0 0 
114 186 31 2 0 
145 278 61 4 0 
115 312 36 0 0 
203 198 67 4 0 
192 164 32 0 0 
102 164 71 0 0 
113 234 89 0 0 
127 232 13 0 0 
73 203 104 0 0 
92 259 53 0 0 
92 165 64 0 0 
69 299 48 0 0 
110 160 37 3 0 
98 299 43 5 0 
121 142 27 6 0 
148 156 118 0 0 
109 157 77 0 0 
81 211 68 0 0 
108 240 43 0 0 
104 188 115 7 0 
113 312 37 0 0 
104 222 98 0 0 
128 222 24 0 0 
66 219 105 0 0 
208 129 86 10 0 
126 163 81 0 0 
68 281 40 3 0 
89 222 64 0 0 
94 176 33 0 0 
117 274 49 1 0 
194 156 66 0 0 
163 204 53 0 0 
172 281 69 0 0 
104 198 50 3 0 
168 316 33 0 0 
103 176 34 0 0 
139 261 31 11 0 
155 259 37 0 0 
248 252 73 0 0 
234 165 23 0 0 
111 176 71 0 0 
111 146 65 19 0 
128 251 39 0 0 
108 234 91 1 0 
110 207 66 7 0 
103 176 74 1 0 
172 139 42 0 0 
125 252 24 0 0 
139 304 41 0 0 
42 242 64 0 0 
137 284 58 1 0 
79 308 28 0 0 
73 164 57 0 0 
116 137 45 0 0 
25 225 149 0 0 
110 238 99 2 0 
186 179 91 0 0 
157 217 118 0 0 
131 206 40 0 0 
146 378 32 0 0 
150 237 38 0 0 
54 252 83 49 0 
177 174 78 0 0 
105 210 74 0 0 
155 195 28 0 0 
119 244 102 0 0 
161 204 49 0 0 
184 210 29 0 0 
205 294 37 0 0 
66 259 13 0 0 
101 295 91 0 0 
129 183 66 0 0 
62 187 61 0 0 
66 301 93 0 0 
96 243 69 0 0 
128 248 35 0 0 
116 279 49 0 0 
22 292 84 0 0 
79 186 43 0 0 
233 199 51 0 0 
147 218 58 0 0 
101 254 47 8 0 
189 175 35 0 0 
130 225 19 0 0 
181 246 27 0 0 
138 224 82 0 0 
44 288 60 0 0 
112 194 55 0 0 
168 194 66 0 0 
105 271 73 0 0 
165 250 39 1 0 
169 210 41 0 0 
105 187 112 0 0 
100 347 28 0 0 
85 252 60 3 0 
104 239 36 0 0 
89 256 34 0 0 
140 193 52 17 0 
94 331 30 0 0 
125 165 76 0 0 
152 254 46 1 0 
53 324 57 0 0 
125 222 26 0 0 
120 256 28 0 0 
75 350 32 18 0 
117 205 34 0 0 
122 350 54 0 0 
25 260 20 0 0 
75 221 35 0 0 
66 214 125 5 0 
242 124 86 0 0 
144 235 72 2 0 
83 231 84 0 0 
189 142 44 14 0 
62 216 121 0 0 
138 281 114 0 0 
176 227 36 0 0 
110 270 71 0 0 
154 310 67 0 0 
124 257 38 0 0 
298 196 33 0 0 
88 282 62 1 0 
196 202 39 0 0 
128 186 47 0 0 
200 221 128 0 0 
68 344 18 0 0 
72 177 123 0 0 
56 168 89 14 0 
171 168 70 1 0 
104 129 79 0 0 
137 221 31 0 0 
158 161 32 0 0 
158 227 108 5 0 
108 212 48 43 0 
119 243 79 0 0 
135 177 63 0 0 
121 393 54 0 0 
81 149 32 10 0 
96 304 72 2 0 
79 267 32 0 0 
143 177 45 0 0 
107 289 38 0 0 
117 214 51 2 0 
123 321 62 0 0 
126 171 64 0 0 
140 239 23 3 0 
81 248 37 6 0 
126 199 48 0 0 
61 195 126 0 0 
165 161 18 0 0 
111 169 88 0 0 
128 223 95 0 0 
105 249 101 1 0 
129 168 53 0 0 
63 256 77 12 0 
174 184 57 0 0 
162 287 8 0 0 
94 220 195 10 0 
64 244 77 0 0 
72 250 70 0 0 
184 302 7 0 0 
85 200 59 0 0 
154 332 44 0 0 
111 237 47 0 0 
132 239 89 0 0 
108 318 58 0 0 
139 238 23 2 0 
84 337 48 0 0 
168 223 22 0 0 
149 349 35 0 0 
141 190 47 0 0 
74 181 108 0 0 
64 450 16 0 0 
123 190 32 0 0 
142 289 65 0 0 
165 276 77 3 0 
139 324 86 0 0 
123 190 114 0 0 
182 229 56 0 0 
78 190 82 0 0 
200 179 74 0 0 
189 159 33 0 0 
94 259 61 0 0 
178 255 29 0 0 
163 236 39 0 0 
158 231 25 0 0 
175 237 44 0 0 
95 232 100 28 0 
77 242 81 8 0 
127 300 41 0 0 
118 201 22 0 0 
140 230 85 0 0 
53 237 90 0 0 
96 209 86 0 0 
96 183 73 3 0 
55 333 89 10 0 
60 309 81 0 0 
105 298 9 13 0 
118 309 43 0 0 
123 200 66 0 0 
92 217 142 1 0 
66 218 68 2 0 
85 359 40 14 0 
140 153 58 0 0 
198 188 72 0 0 
269 185 45 0 0 
123 216 44 0 0 
95 318 10 0 0 
57 325 53 0 0 
181 274 71 0 0 
125 215 83 0 0 
105 228 28 0 0 
109 282 57 1 0 
113 202 153 0 0 
142 314 121 4 0 
152 226 46 17 0 
108 201 126 0 0 
141 315 59 0 0 
166 180 63 7 0 
63 201 98 19 0 
105 248 84 14 0 
69 199 73 0 0 
188 190 22 0 0 
222 166 53 0 0 
189 163 34 1 0 
103 273 43 0 0 
84 287 46 0 0 
22 324 43 0 0 
54 214 44 2 0 
149 190 76 0 0 
144 218 21 0 0 
120 212 85 0 0 
221 197 31 0 0 
74 231 69 0 0 
146 217 35 0 0 
132 222 38 0 0 
137 326 24 0 0 
192 195 46 4 0 
81 259 36 0 0 
129 261 44 2 0 
127 261 28 0 0 
82 209 64 0 0 
107 224 85 2 0 
42 336 49 0 0 
96 389 61 0 0 
67 246 49 0 0 
76 248 35 0 0 
122 229 36 0 0 
104 217 118 0 0 
173 224 49 0 0 
154 140 32 0 0 
111 167 55 0 0 
183 267 23 0 0 
160 195 73 0 0 
132 390 76 0 0 
137 260 32 0 0 
105 224 16 2 0 
89 206 57 0 0 
140 326 55 3 0 
107 333 19 0 0 
160 168 33 0 0 
72 234 35 0 0 
137 188 65 1 0 
66 222 118 0 0 
195 242 40 0 0 
189 136 37 0 0 
106 264 67 9 0 
73 262 75 0 0 
149 291 86 4 0 
242 203 65 0 0 
96 251 106 0 0 
110 267 91 0 0 
136 348 23 0 0 
201 186 40 0 0 
169 152 68 0 0 
150 270 90 0 0 
112 257 23 0 0 
123 222 82 11 0 
90 243 80 2 0 
151 350 13 0 0 
193 176 68 4 0 
77 214 19 0 0 
134 196 69 9 0 
145 194 39 20 0 
101 205 12 0 0 
218 264 59 0 0 
201 143 38 0 0 
98 193 51 1 0 
161 231 25 1 0 
136 230 66 4 0 
131 246 37 0 0 
175 352 79 0 0 
142 244 115 0 0 
142 253 62 8 0 
149 176 70 4 0 
137 160 101 14 0 
123 323 23 0 0 
166 202 66 8 0 
139 129 39 0 0 
165 301 29 0 0 
165 225 22 2 0 
125 230 90 4 0 
137 215 12 14 0 
81 328 58 0 0 
172 246 47 1 0 
152 342 39 0 0 
184 167 19 0 0 
141 219 37 1 0 
53 168 120 0 0 
87 234 62 0 0 
103 189 37 0 0 
90 253 52 0 0 
112 300 23 4 0 
270 231 19 0 0 
