19 72 182 126 0 
6 35 161 72 0 
2 98 115 92 1 
10 72 134 35 0 
5 63 197 63 0 
6 32 85 5 0 
8 92 135 21 0 
3 31 93 82 0 
2 66 191 192 6 
5 133 149 32 0 
8 46 106 23 0 
36 73 234 44 21 
9 127 217 91 0 
3 65 190 34 0 
9 55 115 88 0 
4 27 120 74 0 
10 116 178 53 0 
1 22 206 47 1 
12 34 120 100 0 
11 41 135 63 17 
5 59 405 73 5 
11 42 106 91 0 
2 156 275 100 0 
0 27 264 37 0 
13 24 196 44 4 
7 116 125 27 0 
9 120 122 120 1 
0 11 144 47 5 
0 64 137 227 0 
2 62 172 170 25 
38 59 226 120 61 
3 29 140 212 0 
11 3 160 81 0 
2 87 270 46 0 
11 147 95 11 0 
9 41 209 30 0 
1 72 305 72 0 
8 118 219 4 17 
10 30 180 56 36 
9 32 145 53 4 
9 66 178 53 13 
5 96 276 89 11 
16 67 213 117 2 
4 73 272 127 0 
5 59 183 114 0 
13 91 122 112 0 
7 43 128 77 0 
1 156 163 80 0 
1 53 181 81 0 
2 68 188 102 0 
5 97 103 66 63 
3 52 113 71 0 
1 117 186 99 3 
15 84 76 97 0 
8 49 193 61 12 
17 72 174 73 12 
15 26 144 62 12 
5 33 99 80 0 
7 29 143 178 0 
6 80 201 56 0 
0 29 201 75 0 
6 84 182 102 0 
43 57 177 40 0 
4 131 186 63 0 
1 102 128 69 1 
3 23 241 37 0 
8 87 223 40 0 
2 68 124 23 16 
14 131 77 72 7 
24 51 175 79 26 
40 86 123 34 0 
27 70 150 82 0 
12 98 74 29 0 
11 97 136 94 1 
9 58 106 178 0 
17 20 98 31 11 
6 58 116 16 12 
3 36 134 141 2 
9 50 218 94 0 
6 170 153 105 0 
3 30 244 63 0 
8 108 101 26 1 
2 25 156 52 0 
11 38 126 59 7 
2 78 208 29 0 
8 21 156 99 0 
2 37 153 102 21 
7 84 131 60 1 
26 86 78 173 19 
2 154 182 55 0 
18 60 142 97 0 
8 90 184 48 0 
9 73 178 19 0 
2 47 151 71 0 
0 64 222 91 28 
3 45 238 20 3 
4 84 308 95 1 
2 92 170 78 7 
3 81 156 204 0 
12 89 102 73 0 
3 63 118 117 0 
23 101 147 46 2 
41 43 135 62 0 
19 81 164 76 5 
32 14 168 45 0 
5 60 213 33 0 
4 15 176 149 14 
1 46 190 82 0 
2 105 97 75 0 
0 85 172 22 0 
1 64 113 74 16 
0 64 187 64 0 
17 45 77 26 9 
12 79 221 55 0 
18 88 221 112 0 
17 49 143 111 0 
13 49 281 13 2 
0 24 145 91 0 
16 36 184 220 1 
7 80 124 90 7 
40 45 103 56 130 
29 84 116 174 0 
4 25 177 137 0 
4 40 83 47 0 
5 56 85 31 0 
23 112 159 32 0 
1 119 155 35 0 
11 147 127 68 1 
19 39 73 85 0 
11 48 202 38 8 
17 30 229 120 0 
0 144 110 79 23 
2 93 370 16 2 
5 120 199 41 0 
1 55 75 60 0 
23 45 146 142 0 
3 70 183 12 0 
0 121 231 56 4 
5 37 182 54 0 
2 27 174 35 0 
0 61 186 118 4 
12 48 179 86 0 
9 61 113 31 0 
12 126 163 34 0 
11 22 232 47 45 
11 127 169 77 0 
12 47 207 77 0 
13 145 173 55 0 
5 58 201 123 18 
11 75 74 135 0 
2 35 238 106 1 
4 76 206 70 0 
28 143 200 52 0 
7 44 157 27 0 
16 46 77 107 0 
31 50 128 146 1 
31 81 116 64 0 
6 138 220 58 0 
0 28 287 91 23 
17 86 111 142 0 
1 79 272 156 37 
31 135 128 38 0 
2 51 98 10 0 
4 124 174 95 0 
36 49 170 10 3 
40 81 162 80 0 
17 22 90 157 0 
4 105 158 39 0 
6 61 154 171 10 
1 19 186 54 2 
0 87 135 145 1 
10 71 163 86 0 
8 17 224 122 0 
3 96 155 98 0 
2 87 159 12 0 
2 56 122 47 0 
0 69 115 91 0 
6 58 131 178 0 
26 87 179 58 27 
8 84 287 114 0 
21 151 203 43 0 
7 99 176 31 0 
8 62 156 30 0 
42 66 180 91 0 
10 46 107 131 0 
16 57 232 36 0 
2 137 160 0 0 
4 26 101 65 20 
2 47 129 62 0 
22 58 204 116 0 
2 177 207 35 4 
10 98 254 153 2 
1 65 124 113 0 
6 81 159 95 0 
13 36 237 159 0 
8 70 122 23 0 
6 44 144 21 0 
9 72 293 24 0 
28 99 227 64 0 
0 213 119 61 0 
11 40 199 56 31 
16 26 160 75 0 
1 56 105 77 0 
6 86 176 56 9 
4 35 210 48 0 
4 40 193 112 0 
6 92 80 55 1 
4 155 22 148 21 
0 143 144 54 0 
5 57 295 41 5 
4 60 219 172 0 
2 63 195 33 0 
0 26 176 32 0 
4 15 99 110 0 
18 7 139 95 9 
27 97 149 71 0 
34 43 156 106 0 
21 92 246 74 0 
3 64 151 80 0 
6 39 197 81 0 
25 141 79 98 0 
3 90 162 94 7 
1 93 264 26 0 
0 157 173 81 0 
4 37 141 160 0 
6 33 179 62 0 
17 65 217 14 21 
8 89 150 82 0 
17 50 226 31 29 
6 109 198 112 0 
8 154 157 70 1 
10 88 122 84 0 
36 77 88 71 0 
40 96 167 62 0 
3 65 102 82 0 
6 197 118 40 1 
14 46 137 117 0 
12 29 201 32 0 
1 28 269 81 0 
5 141 291 80 7 
7 117 107 143 12 
5 125 246 23 30 
40 76 111 80 0 
2 6 101 77 0 
17 90 276 59 0 
16 76 173 92 0 
6 110 215 192 0 
7 7 323 43 1 
5 46 155 126 0 
12 58 277 43 1 
7 87 207 28 40 
6 172 142 72 0 
55 26 250 103 1 
16 127 162 71 0 
10 24 171 88 8 
0 36 259 69 0 
4 105 124 73 0 
8 72 79 86 0 
40 82 150 30 0 
0 113 140 102 1 
13 94 182 110 0 
9 116 116 73 1 
15 147 134 58 0 
12 56 222 72 37 
2 55 147 12 0 
14 94 164 141 17 
31 63 88 45 4 
14 23 212 103 8 
0 47 74 101 0 
9 54 95 90 0 
3 68 68 53 0 
14 61 208 113 3 
1 96 150 11 6 
14 41 126 39 0 
13 23 248 3 1 
23 50 171 111 1 
4 94 125 65 5 
3 86 110 74 2 
1 92 171 18 19 
5 61 154 133 1 
11 41 172 44 0 
13 36 91 132 13 
5 38 188 75 0 
4 53 151 137 0 
7 67 190 172 3 
8 39 181 52 13 
7 93 148 11 0 
28 63 133 72 31 
3 133 130 94 0 
7 83 165 48 0 
26 41 228 29 0 
9 25 176 108 0 
28 59 60 84 0 
4 85 169 109 0 
0 56 134 19 3 
1 53 163 96 0 
13 56 175 87 0 
0 154 169 63 0 
1 53 231 54 2 
19 57 132 59 0 
16 67 176 44 0 
3 13 208 108 37 
26 85 204 6 0 
4 117 181 55 1 
10 108 165 39 0 
0 83 103 77 31 
11 113 121 9 0 
11 103 162 115 0 
12 106 123 64 0 
26 59 229 64 14 
25 122 105 112 0 
2 10 227 87 0 
4 54 79 118 0 
9 36 260 154 3 
9 20 198 55 0 
0 38 76 90 0 
10 123 130 55 11 
10 25 183 83 2 
23 110 52 44 0 
4 4 249 80 2 
0 88 126 40 109 
12 26 279 87 25 
7 33 104 78 3 
12 57 216 71 0 
9 100 235 87 0 
3 87 237 68 21 
10 125 138 139 0 
12 123 331 70 31 
0 33 194 59 0 
10 49 240 8 0 
8 67 143 61 14 
16 24 91 48 0 
6 43 180 96 0 
34 68 113 45 18 
13 32 138 70 1 
11 49 176 82 0 
7 70 194 167 0 
8 84 148 62 0 
17 90 184 43 0 
8 137 101 86 0 
10 127 227 64 1 
3 53 266 59 27 
6 108 146 50 0 
2 19 198 74 0 
2 51 135 76 1 
12 97 305 62 10 
4 25 249 44 13 
11 71 182 62 0 
0 78 236 105 10 
25 28 98 27 0 
9 77 134 194 0 
28 65 87 48 0 
0 87 190 27 0 
12 98 118 44 0 
17 50 155 74 6 
3 165 176 47 0 
36 74 149 1 0 
0 49 220 147 6 
8 93 215 144 0 
5 41 232 70 0 
27 39 166 47 0 
2 118 140 56 19 
1 59 165 53 11 
3 50 224 33 0 
1 97 136 104 0 
7 41 89 29 0 
1 41 257 18 0 
1 34 148 98 0 
2 60 271 118 0 
11 112 215 214 0 
5 51 170 64 0 
10 60 108 172 0 
29 92 154 5 5 
3 35 143 63 0 
8 121 249 87 16 
7 56 155 160 0 
10 44 164 103 0 
13 34 124 85 0 
7 67 179 121 1 
29 33 107 187 0 
18 83 163 50 1 
13 166 58 66 0 
2 38 173 203 1 
3 38 156 48 0 
0 113 172 75 0 
12 41 127 170 1 
10 46 220 101 0 
14 75 287 43 2 
19 83 207 40 0 
2 23 127 81 3 
14 133 201 20 0 
1 24 133 51 0 
10 56 167 58 0 
5 14 394 177 0 
6 53 227 106 0 
0 79 260 55 9 
0 56 261 38 0 
1 93 202 41 0 
4 112 130 69 0 
25 49 194 38 0 
3 48 256 78 27 
1 106 157 35 0 
3 38 246 91 0 
1 53 137 109 1 
1 77 148 25 0 
6 40 205 65 1 
15 39 164 130 0 
8 43 181 39 0 
0 18 123 152 0 
6 113 66 65 0 
2 199 181 136 0 
46 33 289 21 0 
10 48 135 80 0 
34 89 125 42 0 
1 100 154 40 9 
5 55 121 23 3 
4 59 45 70 0 
9 78 161 110 0 
7 48 196 121 0 
3 35 169 112 0 
17 90 201 84 0 
16 119 182 57 0 
4 46 206 107 0 
2 48 182 67 7 
12 20 155 90 0 
10 75 142 117 0 
7 69 210 15 39 
20 175 114 33 0 
14 19 167 22 0 
1 54 185 99 0 
2 185 201 65 1 
0 201 222 38 1 
10 91 97 31 0 
16 29 243 113 0 
1 61 174 38 0 
52 30 103 167 5 
14 70 228 68 35 
4 140 116 14 0 
8 66 145 47 0 
38 73 181 103 0 
16 62 102 18 0 
9 71 117 88 3 
5 111 142 64 0 
2 98 88 69 6 
7 23 237 108 0 
19 28 122 84 1 
2 30 186 45 0 
8 63 165 45 39 
6 73 55 150 0 
6 31 206 93 0 
1 27 96 59 11 
68 43 192 93 0 
7 80 98 112 1 
9 62 307 46 0 
0 41 173 77 0 
0 65 190 81 3 
4 61 180 99 0 
3 114 159 70 7 
0 91 86 55 0 
12 69 111 145 1 
4 63 110 100 84 
4 73 160 103 0 
6 46 222 39 0 
15 72 184 130 1 
0 56 115 54 9 
26 54 216 16 0 
3 154 236 57 0 
10 36 206 37 0 
6 89 198 39 0 
3 112 127 52 0 
4 57 211 166 0 
14 63 113 85 0 
13 74 252 133 0 
20 201 119 187 0 
10 124 210 113 0 
24 91 296 37 0 
10 30 169 92 0 
10 104 170 185 1 
20 106 91 89 0 
5 67 175 47 0 
7 33 82 102 18 
1 83 98 9 0 
5 85 101 118 0 
1 58 229 31 0 
5 106 136 91 0 
17 45 200 47 0 
3 81 221 42 4 
10 167 73 36 17 
9 75 226 82 0 
7 63 219 123 10 
7 36 105 141 0 
3 92 138 181 0 
3 55 142 23 0 
14 46 262 66 72 
16 113 125 203 0 
0 81 128 19 0 
6 100 121 63 0 
5 89 136 34 0 
8 45 104 62 16 
12 14 280 100 2 
5 69 173 58 0 
5 96 110 75 0 
3 115 172 151 0 
2 160 212 46 2 
16 133 257 59 1 
7 78 128 138 1 
0 184 230 52 8 
7 59 145 94 0 
1 67 100 75 32 
2 89 106 127 0 
1 40 65 126 0 
6 67 66 126 0 
2 26 170 40 0 
7 80 161 154 4 
13 62 180 43 0 
6 29 204 40 0 
5 67 187 73 0 
16 75 161 71 3 
13 34 99 128 0 
7 36 107 143 0 
4 86 222 40 2 
3 46 144 191 0 
7 55 107 99 17 
8 44 107 83 0 
18 84 127 37 0 
15 57 198 86 1 
1 158 208 36 1 
1 12 139 117 6 
0 151 185 53 0 
5 16 209 15 7 
12 91 266 47 0 
21 81 155 100 0 
0 113 173 198 1 
7 124 196 102 1 
0 94 169 45 15 
7 41 201 18 0 
8 15 207 81 0 
0 13 251 174 0 
13 141 113 30 17 
6 68 143 25 0 
0 58 131 59 0 
3 141 202 86 0 
19 32 111 64 0 
0 148 183 58 0 
7 69 146 64 6 
6 143 187 47 5 
26 25 266 78 0 
6 109 319 45 0 
8 107 112 55 0 
4 38 131 68 0 
7 57 172 135 0 
6 118 111 45 0 
7 17 297 47 0 
4 160 220 8 0 
21 150 208 57 0 
6 40 241 27 0 
10 100 131 37 7 
10 57 202 196 5 
4 20 86 22 0 
6 121 196 20 15 
12 54 210 78 0 
4 62 188 70 0 
8 59 190 48 0 
6 63 117 78 0 
8 243 262 60 0 
11 38 169 76 0 
0 48 84 30 7 
3 41 148 33 0 
9 40 125 54 0 
18 54 87 52 1 
6 28 101 127 0 
5 67 225 56 21 
0 81 175 67 2 
0 42 125 74 0 
0 92 131 94 53 
5 102 123 46 0 
7 49 135 103 0 
1 89 194 67 6 
30 70 108 87 0 
0 38 242 58 0 
7 67 179 110 0 
12 88 179 38 0 
0 44 265 68 0 
4 26 179 98 0 
0 57 110 127 2 
17 58 134 169 0 
1 12 241 33 22 
1 61 143 55 5 
4 81 320 154 0 
5 83 210 42 1 
1 119 121 115 1 
17 21 209 20 0 
6 50 96 98 3 
1 45 193 85 5 
9 67 139 48 3 
2 47 122 24 0 
12 84 109 15 23 
1 34 180 93 0 
11 67 211 48 0 
1 66 82 74 0 
22 122 70 81 0 
2 90 185 51 0 
22 96 272 38 0 
12 85 95 55 0 
7 94 138 98 45 
22 113 89 47 0 
10 155 173 69 0 
5 66 238 30 0 
20 81 220 11 0 
0 36 225 56 0 
17 90 166 7 2 
13 20 90 87 14 
10 45 200 78 0 
6 70 190 36 0 
7 96 122 53 0 
8 90 130 92 13 
15 77 322 44 0 
10 52 166 7 0 
36 100 174 34 0 
16 73 148 42 33 
28 31 287 50 0 
11 155 79 52 0 
14 86 106 76 0 
5 90 126 28 0 
5 52 193 72 0 
15 90 216 174 0 
9 100 142 51 0 
54 76 135 68 0 
12 68 338 148 11 
7 46 121 44 17 
18 12 89 72 0 
41 61 54 13 1 
13 66 95 75 0 
7 79 206 103 15 
4 174 235 59 0 
10 90 221 41 13 
3 70 130 147 0 
10 83 265 170 33 
0 42 103 149 0 
6 107 162 81 3 
6 21 205 83 0 
30 52 158 64 1 
1 80 184 25 0 
2 116 388 82 0 
10 25 161 85 3 
9 59 140 113 0 
10 166 154 41 4 
0 60 273 41 0 
0 90 169 101 24 
11 56 53 133 0 
14 37 196 102 0 
11 56 230 111 15 
6 160 142 54 0 
3 99 182 6 0 
3 80 216 68 2 
4 36 283 47 0 
4 75 136 41 4 
1 85 183 41 0 
57 57 185 95 27 
17 27 202 99 1 
26 39 198 84 0 
18 48 215 72 0 
3 16 376 25 9 
2 65 254 89 0 
5 88 186 72 0 
16 42 209 27 0 
3 64 267 87 0 
17 88 239 29 0 
4 27 171 29 52 
8 39 145 84 1 
4 122 132 159 7 
4 126 146 51 2 
17 37 109 49 0 
1 185 128 91 0 
9 128 191 24 0 
10 44 212 99 0 
7 6 238 107 0 
3 62 191 134 2 
0 79 212 69 3 
1 64 137 109 0 
5 24 295 63 0 
0 48 142 97 0 
1 50 141 102 7 
19 33 116 56 0 
6 42 55 130 1 
5 55 217 31 0 
3 184 148 82 0 
13 81 136 172 7 
9 39 244 35 0 
5 60 178 57 0 
1 57 176 88 0 
11 43 196 134 0 
18 33 207 66 0 
21 55 145 78 0 
25 100 128 15 0 
9 45 245 18 0 
10 98 199 33 0 
13 33 249 13 0 
2 44 181 48 0 
7 57 225 108 0 
5 41 233 141 0 
0 42 107 108 11 
0 81 239 45 50 
0 36 166 44 18 
18 37 199 40 0 
4 75 125 84 0 
8 45 314 103 0 
15 120 226 133 22 
11 40 113 51 4 
14 95 140 69 0 
0 44 113 32 8 
34 82 128 23 3 
11 89 98 165 0 
12 58 107 35 0 
12 10 305 49 0 
26 97 129 31 0 
2 93 242 44 0 
5 43 139 220 0 
7 74 125 86 0 
8 65 138 76 0 
8 41 145 62 3 
1 16 271 168 23 
2 38 161 192 4 
3 64 85 76 0 
1 99 70 159 10 
29 22 189 19 22 
9 105 138 100 0 
1 93 302 48 0 
11 21 194 6 61 
11 46 208 129 0 
0 90 138 94 0 
29 25 57 185 0 
6 92 238 48 0 
3 38 105 90 0 
5 101 185 36 21 
3 32 166 88 0 
11 116 98 37 0 
1 44 223 65 1 
11 93 168 36 3 
4 43 97 126 3 
2 17 119 118 0 
1 56 91 85 21 
4 70 188 60 0 
10 114 158 32 0 
14 132 349 98 2 
1 109 145 47 0 
5 127 305 24 0 
0 152 159 63 0 
1 18 160 45 4 
2 74 126 63 0 
3 41 211 51 0 
19 128 235 34 0 
5 150 107 32 0 
18 26 138 43 0 
8 17 243 135 0 
10 137 140 98 11 
6 54 117 88 0 
13 107 133 129 2 
7 72 258 67 0 
0 124 108 63 1 
5 25 130 55 12 
1 22 262 110 0 
9 98 211 102 0 
1 78 140 25 0 
22 122 224 52 5 
4 42 208 71 13 
18 79 150 231 0 
22 85 188 45 11 
2 87 186 79 0 
8 69 135 30 0 
13 57 200 102 7 
0 68 189 22 51 
19 67 112 90 8 
6 70 143 38 2 
6 31 261 39 5 
4 64 294 13 5 
13 22 180 66 0 
6 119 159 11 0 
1 57 207 42 67 
9 88 200 92 5 
1 73 63 129 0 
25 49 218 62 0 
9 105 313 25 0 
2 26 106 31 15 
0 126 145 94 0 
2 79 132 99 0 
6 190 198 47 0 
5 82 136 24 3 
6 149 219 109 0 
28 17 199 180 12 
15 70 110 35 0 
2 43 240 163 1 
2 50 108 110 0 
12 54 55 59 0 
3 24 181 53 0 
9 49 147 78 0 
8 130 114 125 0 
6 58 167 77 12 
29 19 293 39 0 
9 117 215 127 0 
5 47 191 39 0 
5 56 242 122 0 
2 110 221 63 21 
21 92 144 68 0 
3 48 164 73 1 
5 97 131 110 0 
8 68 201 79 9 
8 36 205 69 5 
5 80 92 113 71 
4 69 234 67 0 
8 81 214 111 7 
2 10 139 166 3 
5 24 133 137 0 
6 85 130 89 0 
9 158 229 11 0 
8 70 116 68 0 
0 35 149 69 0 
0 56 170 107 0 
4 28 216 54 9 
6 40 266 60 17 
19 69 184 49 36 
10 56 260 51 0 
3 68 121 88 29 
4 29 169 112 0 
2 89 163 33 0 
0 54 173 74 0 
1 141 166 28 0 
8 169 125 66 2 
10 60 138 74 19 
0 83 117 86 10 
25 90 98 64 0 
3 62 135 111 0 
17 120 148 55 0 
3 46 235 99 0 
5 91 152 43 0 
9 46 254 91 0 
25 96 155 14 0 
3 78 151 77 5 
8 101 144 52 0 
1 37 176 208 5 
5 106 148 12 0 
1 39 236 82 0 
8 47 208 59 0 
10 97 134 48 0 
9 130 196 108 0 
11 22 205 96 0 
7 109 213 58 0 
5 23 348 44 11 
23 60 165 16 1 
3 26 356 35 0 
0 131 128 247 0 
0 48 178 107 0 
2 78 77 95 4 
8 111 287 15 0 
1 48 31 83 0 
7 58 178 55 44 
2 85 185 33 5 
8 115 109 32 0 
20 93 98 88 1 
5 28 199 22 0 
6 35 193 33 0 
4 160 132 43 0 
9 51 196 63 0 
15 37 292 40 0 
5 82 141 81 1 
1 31 205 86 0 
3 160 254 34 0 
6 154 266 180 0 
11 43 163 101 0 
23 73 174 64 0 
2 78 136 100 0 
10 50 159 38 7 
7 87 228 52 3 
19 88 170 28 15 
4 41 97 121 0 
16 60 144 53 0 
12 66 194 62 0 
6 78 245 50 33 
3 33 184 65 0 
16 35 284 35 0 
14 86 122 32 0 
6 33 146 27 0 
2 46 90 106 0 
9 47 180 14 17 
14 6 202 52 0 
20 26 234 68 0 
10 44 176 99 22 
9 74 214 45 0 
2 68 249 53 2 
4 97 128 93 26 
9 159 54 72 0 
2 86 88 77 0 
5 91 233 88 9 
1 58 123 26 0 
14 42 240 170 0 
8 71 158 26 0 
19 235 108 119 1 
3 23 209 98 0 
3 196 146 117 0 
2 69 109 83 0 
1 158 109 81 3 
4 99 132 77 16 
8 26 107 86 0 
6 19 272 129 0 
10 108 208 23 1 
6 27 203 115 0 
8 48 149 72 2 
4 104 107 42 0 
13 52 203 146 7 
0 40 209 34 1 
22 12 130 40 1 
4 145 227 59 13 
1 55 153 26 0 
14 15 135 65 0 
19 44 154 59 0 
22 62 293 149 3 
1 67 116 48 2 
5 70 98 134 0 
5 23 171 79 0 
3 98 155 126 0 
14 13 110 56 0 
2 149 155 131 0 
22 31 121 104 0 
6 22 181 216 2 
7 31 121 62 0 
3 97 139 120 0 
1 22 155 108 83 
10 96 112 43 0 
2 66 109 21 0 
2 11 203 35 3 
35 43 123 69 0 
8 100 118 46 0 
0 46 139 78 16 
9 68 193 66 0 
17 31 214 118 0 
5 37 189 97 0 
18 89 135 43 0 
0 121 101 104 13 
12 81 87 111 1 
4 61 90 40 5 
16 74 224 61 0 
27 139 204 97 1 
4 69 229 36 1 
2 50 146 181 3 
14 62 113 47 0 
3 56 213 82 0 
4 24 186 74 0 
7 8 89 143 7 
3 98 134 65 0 
15 18 199 50 1 
1 61 266 48 0 
5 20 226 100 0 
15 15 131 48 7 
4 43 110 58 0 
0 39 202 134 0 
11 98 41 69 0 
31 53 228 49 0 
30 13 182 22 0 
9 94 212 102 0 
7 75 142 86 0 
3 59 75 148 0 
13 66 184 87 0 
12 69 128 63 0 
10 35 317 42 28 
8 30 296 58 0 
12 37 114 57 0 
9 86 70 16 0 
12 153 160 29 0 
15 128 192 60 0 
5 50 244 32 0 
11 22 77 94 4 
4 154 119 38 0 
5 131 249 7 0 
9 113 201 58 0 
2 96 100 79 0 
25 35 200 78 26 
0 51 253 46 7 
54 130 117 44 0 
7 29 160 81 5 
11 81 264 7 0 
1 62 189 36 0 
14 76 170 128 0 
5 104 102 18 10 
10 84 86 173 0 
15 41 171 85 5 
10 46 81 107 0 
18 98 76 71 13 
27 66 197 115 0 
7 69 144 64 38 
0 38 311 57 7 
19 69 83 71 4 
18 100 313 184 0 
2 25 216 131 0 
5 80 77 118 1 
4 74 249 92 8 
31 46 188 64 0 
0 102 268 77 1 
10 66 165 78 9 
9 52 166 30 0 
1 96 196 151 0 
