0 134 11 
0 98 30 
0 72 132 
0 113 15 
0 49 71 
0 139 16 
0 102 59 
0 131 2 
0 110 18 
0 136 38 
0 101 38 
0 139 51 
0 79 54 
0 114 78 
0 144 53 
0 89 45 
0 99 53 
0 154 39 
0 91 21 
0 115 51 
0 148 21 
0 158 31 
0 56 60 
0 103 67 
0 151 11 
0 93 105 
0 101 53 
0 173 49 
0 124 30 
0 85 41 
0 96 47 
0 123 27 
0 160 26 
0 93 31 
0 144 34 
0 145 105 
0 99 63 
0 111 17 
0 87 40 
0 133 7 
0 158 6 
0 69 7 
0 73 55 
0 76 27 
0 158 42 
0 135 36 
0 109 20 
0 116 25 
0 114 59 
0 94 16 
0 101 12 
0 150 31 
0 72 47 
0 125 63 
0 125 10 
0 137 87 
0 148 7 
0 76 20 
0 122 91 
0 111 50 
0 106 52 
0 82 23 
0 102 51 
0 170 1 
0 89 44 
0 93 30 
0 138 29 
0 129 13 
0 135 76 
0 83 35 
0 105 47 
0 81 36 
0 108 16 
0 116 55 
0 184 14 
0 93 40 
0 81 47 
0 101 21 
0 72 56 
0 125 30 
0 111 3 
0 85 12 
0 144 12 
0 73 38 
0 106 20 
0 97 70 
0 136 93 
0 84 56 
0 106 42 
0 183 39 
0 159 61 
0 120 61 
0 153 15 
0 78 19 
0 60 148 
0 179 90 
0 112 58 
0 97 18 
0 123 17 
0 118 22 
0 172 51 
0 112 15 
0 65 42 
0 77 29 
0 155 18 
0 99 64 
0 98 43 
0 66 47 
0 79 16 
0 170 35 
0 117 18 
0 78 20 
0 54 126 
0 140 43 
0 98 7 
0 133 18 
0 171 64 
0 125 44 
0 141 32 
0 144 28 
0 135 3 
0 47 29 
0 97 30 
0 55 69 
0 88 48 
0 86 52 
0 115 45 
0 82 18 
0 157 10 
0 119 42 
0 142 28 
0 86 33 
0 115 20 
0 68 13 
0 146 57 
0 120 35 
0 119 17 
0 127 18 
0 193 27 
0 78 55 
0 94 64 
0 189 9 
0 198 24 
0 88 19 
0 101 11 
0 148 76 
0 83 25 
0 105 21 
0 133 65 
0 99 41 
0 159 74 
0 71 8 
0 116 92 
0 155 62 
0 79 23 
0 84 30 
0 67 5 
0 66 44 
0 140 22 
0 86 26 
0 146 27 
0 126 42 
0 88 30 
0 85 62 
0 86 40 
0 145 12 
0 85 38 
0 154 74 
0 118 25 
0 82 5 
0 126 43 
0 115 10 
0 73 27 
0 104 43 
0 111 21 
0 124 71 
0 133 51 
0 68 45 
0 110 81 
0 164 36 
0 128 19 
0 103 74 
0 125 49 
0 112 28 
0 155 30 
0 111 22 
0 166 52 
0 109 26 
0 119 56 
0 122 49 
0 79 10 
0 85 23 
0 106 41 
0 150 45 
0 104 60 
0 124 22 
0 113 24 
0 135 74 
0 121 7 
0 107 22 
0 104 10 
0 117 30 
0 128 47 
0 124 71 
0 113 7 
0 127 21 
0 117 57 
0 161 41 
0 110 71 
0 101 28 
0 104 55 
0 110 63 
0 104 75 
0 120 30 
0 131 24 
0 101 94 
0 101 73 
0 171 35 
0 126 12 
0 108 47 
0 98 93 
0 63 26 
0 132 87 
0 78 100 
0 102 79 
0 87 134 
0 80 28 
0 101 23 
0 132 40 
0 103 18 
0 68 2 
0 116 45 
0 147 66 
0 75 42 
0 120 12 
0 112 25 
0 101 49 
0 75 38 
0 181 18 
0 126 107 
0 146 12 
0 118 47 
0 114 60 
0 118 13 
0 94 23 
0 127 20 
0 106 52 
0 85 17 
0 113 90 
0 95 7 
0 112 38 
0 130 16 
0 132 29 
0 66 18 
0 123 95 
0 105 24 
0 106 49 
0 92 14 
0 194 30 
0 99 23 
0 148 76 
0 115 27 
0 148 20 
0 64 32 
0 93 110 
0 134 48 
0 126 41 
0 80 7 
0 112 43 
0 164 18 
0 165 35 
0 53 18 
0 119 50 
0 118 76 
0 148 42 
0 117 57 
0 148 46 
0 139 32 
0 143 34 
0 137 38 
0 169 47 
0 155 28 
0 123 33 
0 106 20 
0 101 56 
0 89 4 
0 134 29 
0 85 22 
0 110 36 
0 49 40 
0 105 35 
0 82 40 
0 68 36 
0 81 28 
0 117 83 
0 152 6 
0 52 27 
0 41 52 
0 139 26 
0 171 65 
0 115 29 
0 115 45 
0 96 108 
0 104 10 
0 148 36 
0 144 87 
0 142 24 
0 82 36 
0 147 28 
0 122 95 
0 69 31 
0 102 79 
0 129 11 
0 158 36 
0 90 12 
0 100 17 
0 115 11 
0 160 1 
0 112 18 
0 101 33 
0 130 18 
0 135 7 
0 121 1 
0 133 11 
0 117 14 
0 135 11 
0 89 32 
0 92 10 
0 107 65 
0 154 16 
0 107 33 
0 108 26 
0 157 21 
0 88 55 
0 110 26 
0 143 12 
0 107 62 
0 126 23 
0 113 14 
0 156 20 
0 102 61 
0 101 22 
0 85 23 
0 166 37 
0 151 18 
0 98 7 
0 117 65 
0 140 27 
0 111 12 
0 68 9 
0 65 19 
0 109 31 
0 137 11 
0 110 85 
0 87 21 
0 107 71 
0 120 30 
0 54 18 
0 103 49 
0 92 21 
0 145 2 
0 117 14 
0 151 47 
0 107 61 
0 81 68 
0 83 101 
0 92 60 
0 81 110 
0 123 55 
0 71 50 
0 79 30 
0 99 15 
0 183 10 
0 111 33 
0 176 71 
0 114 46 
0 100 79 
0 133 38 
0 132 30 
0 150 32 
0 168 18 
0 92 42 
0 76 33 
0 119 55 
0 87 20 
0 132 40 
0 157 42 
0 78 34 
0 102 41 
0 126 39 
0 63 36 
0 92 34 
0 102 7 
0 118 39 
0 132 7 
0 98 49 
0 104 39 
0 92 53 
0 82 62 
0 121 32 
0 158 57 
0 105 20 
0 132 40 
0 157 28 
0 129 11 
0 156 67 
0 114 42 
0 189 46 
0 86 33 
0 126 40 
0 142 44 
0 113 76 
0 98 63 
0 153 59 
0 126 26 
0 150 36 
0 85 15 
0 140 39 
0 132 66 
0 77 35 
0 120 14 
0 170 31 
0 93 15 
0 38 13 
0 99 48 
0 102 12 
0 165 77 
0 87 6 
0 90 28 
0 120 18 
0 109 81 
0 86 25 
0 59 73 
0 146 26 
0 126 53 
0 127 13 
0 89 14 
0 115 29 
0 130 27 
0 109 42 
0 103 12 
0 196 21 
0 77 48 
0 142 31 
0 144 68 
0 142 29 
0 100 87 
0 102 67 
0 123 29 
0 92 41 
0 95 38 
0 60 49 
0 69 32 
0 127 11 
0 126 4 
0 111 53 
0 149 45 
0 116 16 
0 138 81 
0 166 12 
0 126 38 
0 105 25 
0 77 77 
0 137 22 
0 117 74 
0 120 50 
0 96 18 
0 132 22 
0 113 16 
0 149 28 
0 135 108 
0 78 26 
0 125 29 
0 99 43 
0 130 36 
0 95 44 
0 123 25 
0 160 27 
0 91 82 
0 134 44 
0 165 67 
0 74 84 
0 139 7 
0 129 22 
0 144 69 
0 149 38 
0 135 35 
0 70 15 
0 95 27 
0 98 114 
0 118 96 
0 126 18 
0 127 101 
0 160 55 
0 97 14 
0 82 89 
0 129 11 
0 86 44 
0 106 17 
0 101 34 
0 118 54 
0 122 40 
0 165 38 
0 93 30 
0 90 62 
0 121 39 
0 122 38 
0 89 12 
0 122 22 
0 107 20 
0 130 13 
0 91 24 
0 116 73 
0 111 4 
0 132 15 
0 142 5 
0 72 32 
0 113 60 
0 86 57 
0 111 24 
0 139 95 
0 118 9 
0 116 7 
0 145 24 
0 94 74 
0 131 96 
0 135 42 
0 120 52 
0 128 25 
0 121 23 
0 155 22 
0 155 24 
0 153 46 
0 113 54 
0 131 24 
0 130 19 
0 111 20 
0 108 8 
0 150 24 
0 215 5 
0 142 29 
0 103 135 
0 61 13 
0 79 28 
0 127 29 
0 85 27 
0 139 19 
0 137 15 
0 142 9 
0 70 37 
0 100 55 
0 152 38 
0 116 21 
0 148 77 
0 40 9 
0 89 87 
0 125 29 
0 113 6 
0 83 30 
0 64 45 
0 131 20 
0 182 24 
0 118 4 
0 194 11 
0 97 39 
0 57 42 
0 128 40 
0 162 12 
0 98 53 
0 49 3 
0 57 51 
0 79 70 
0 156 70 
0 76 53 
0 111 25 
0 88 8 
0 156 26 
0 89 1 
0 68 66 
0 158 24 
0 105 34 
0 153 44 
0 118 56 
0 94 152 
0 117 80 
0 123 25 
0 94 6 
0 124 36 
0 111 23 
0 122 40 
0 86 5 
0 102 110 
0 129 54 
0 75 18 
0 87 0 
0 115 39 
0 145 38 
0 130 17 
0 100 44 
0 140 34 
0 109 16 
0 116 14 
0 96 37 
0 101 0 
0 115 27 
0 127 46 
0 118 40 
0 180 25 
0 93 56 
0 103 24 
0 166 17 
0 144 28 
0 108 20 
0 84 57 
0 122 42 
0 57 18 
0 95 18 
0 121 41 
0 83 10 
0 47 35 
0 102 33 
0 147 83 
0 87 49 
0 144 55 
0 54 7 
0 75 52 
0 77 32 
0 141 24 
0 88 16 
0 92 24 
0 130 30 
0 93 4 
0 90 27 
0 97 32 
0 110 38 
0 98 18 
0 88 56 
0 93 54 
0 103 20 
0 161 20 
0 96 40 
0 125 27 
0 113 10 
0 103 35 
0 71 57 
0 118 14 
0 147 5 
0 141 24 
0 78 6 
0 100 17 
0 125 30 
0 111 15 
0 124 58 
0 132 57 
0 156 20 
0 77 18 
0 113 26 
0 193 34 
0 160 37 
0 117 48 
0 134 37 
0 118 28 
0 122 14 
0 118 37 
0 75 19 
0 132 10 
0 137 65 
0 77 9 
0 92 59 
0 140 11 
0 109 28 
0 88 19 
0 109 71 
0 135 24 
0 88 19 
0 155 28 
0 138 8 
0 125 23 
0 88 10 
0 116 13 
0 155 16 
0 178 26 
0 78 25 
0 92 7 
0 161 22 
0 169 58 
0 102 26 
0 72 82 
0 100 9 
0 148 38 
0 60 4 
0 181 68 
0 97 42 
0 108 81 
0 113 70 
0 166 75 
0 74 13 
0 84 26 
0 143 32 
0 65 28 
0 73 72 
0 130 18 
0 86 38 
0 126 40 
0 147 108 
0 62 37 
0 129 27 
0 169 10 
0 114 11 
0 120 13 
0 115 35 
0 93 24 
0 103 72 
0 159 50 
0 73 26 
0 104 10 
0 74 49 
0 124 45 
0 126 15 
0 126 11 
0 118 28 
0 142 16 
0 53 134 
0 99 32 
0 125 50 
0 106 25 
0 92 51 
0 91 93 
0 115 110 
0 159 26 
0 105 14 
0 114 27 
0 102 37 
0 67 29 
0 99 19 
0 78 79 
0 147 9 
0 121 9 
0 91 64 
0 114 36 
0 129 13 
0 108 119 
0 122 32 
0 73 33 
0 142 51 
0 110 62 
0 72 36 
0 129 72 
0 150 13 
0 53 12 
0 115 34 
0 127 16 
0 126 15 
0 115 28 
0 95 46 
0 88 11 
0 125 29 
0 104 86 
0 144 14 
0 82 44 
0 100 53 
0 74 95 
0 102 41 
0 124 61 
0 171 10 
0 83 43 
0 85 48 
0 107 20 
0 136 82 
0 105 39 
0 88 37 
0 142 34 
0 76 35 
0 91 48 
0 145 173 
0 180 8 
0 170 67 
0 123 13 
0 69 45 
0 65 2 
0 177 39 
0 112 9 
0 117 40 
0 109 68 
0 114 71 
0 99 6 
0 112 38 
0 126 60 
0 85 18 
0 110 48 
0 92 15 
0 120 57 
0 79 17 
0 81 25 
0 86 55 
0 126 34 
0 122 13 
0 68 14 
0 102 46 
0 163 55 
0 133 6 
0 107 78 
0 83 59 
0 84 18 
0 112 6 
0 191 55 
0 161 32 
0 93 19 
0 114 56 
0 139 60 
0 98 61 
0 95 67 
0 105 74 
0 95 35 
0 159 20 
0 129 30 
0 85 43 
0 89 8 
0 126 10 
0 185 60 
0 167 66 
0 103 14 
0 126 58 
0 107 40 
0 101 11 
0 98 27 
0 114 58 
0 160 48 
0 173 109 
0 76 32 
0 85 14 
0 147 15 
0 56 21 
0 165 44 
0 113 92 
0 120 81 
0 89 31 
0 136 107 
0 103 23 
0 86 89 
0 140 30 
0 90 17 
0 90 58 
0 85 59 
0 140 23 
0 89 54 
0 115 37 
0 106 16 
0 53 35 
0 169 15 
0 212 36 
0 220 11 
0 106 18 
0 113 20 
0 162 84 
0 99 37 
0 109 13 
0 121 21 
0 145 113 
0 79 28 
0 127 50 
0 95 12 
0 129 52 
0 115 28 
0 81 52 
0 121 35 
0 82 90 
0 139 20 
0 128 45 
0 140 41 
0 64 35 
0 109 49 
0 61 34 
0 102 82 
0 81 4 
0 114 32 
0 168 10 
0 72 22 
0 104 16 
0 101 33 
0 116 22 
0 140 60 
0 50 14 
0 159 19 
0 143 9 
0 81 2 
0 187 30 
0 117 41 
0 94 12 
0 101 62 
0 142 10 
0 135 18 
0 119 24 
0 79 3 
0 54 17 
0 101 63 
0 109 7 
0 91 81 
0 127 16 
0 111 23 
0 143 46 
0 102 28 
0 94 58 
0 112 66 
0 102 17 
0 134 84 
0 68 67 
0 136 26 
0 101 73 
0 178 33 
0 134 51 
0 121 9 
0 109 26 
0 180 46 
0 217 22 
0 104 22 
0 57 14 
0 100 67 
0 131 13 
0 136 5 
0 109 16 
0 88 53 
0 109 30 
0 65 74 
0 112 81 
0 154 92 
0 81 27 
0 127 35 
0 99 6 
0 94 33 
0 117 51 
0 137 84 
0 140 24 
0 84 57 
0 103 9 
0 142 39 
0 123 37 
0 116 127 
0 103 62 
0 116 2 
0 66 104 
0 184 48 
0 77 31 
0 105 54 
0 84 33 
0 104 37 
0 193 29 
0 181 44 
0 165 11 
0 98 18 
0 156 36 
0 139 29 
0 114 26 
0 125 40 
0 163 28 
0 180 74 
0 143 50 
0 78 34 
0 130 56 
0 106 15 
0 114 22 
0 88 9 
0 108 25 
0 70 46 
0 63 68 
0 130 120 
0 82 37 
0 138 20 
0 115 35 
0 98 76 
0 30 16 
0 70 9 
0 180 12 
0 108 75 
0 154 38 
0 109 30 
0 90 54 
0 93 83 
0 130 34 
0 106 84 
0 87 40 
0 93 33 
0 77 40 
0 123 46 
0 125 54 
0 96 45 
0 97 38 
0 133 77 
0 51 16 
0 102 20 
0 105 38 
0 103 41 
0 152 37 
0 131 66 
0 95 2 
0 82 19 
0 89 37 
0 98 19 
0 96 45 
0 151 28 
