119 283 38 0 0 
149 271 37 0 0 
94 133 105 0 0 
92 306 55 0 0 
131 221 41 3 0 
83 249 58 1 0 
142 161 152 0 0 
132 239 71 0 0 
126 240 118 0 0 
121 170 19 2 0 
143 174 97 0 0 
80 246 24 0 0 
82 235 30 1 0 
213 181 67 0 0 
203 114 49 0 0 
102 255 116 0 0 
148 190 63 4 0 
131 147 52 0 0 
160 196 69 0 0 
179 289 45 0 0 
66 294 59 26 0 
185 154 129 0 0 
139 316 59 0 0 
145 237 60 5 0 
79 389 13 0 0 
56 244 42 11 0 
111 299 24 0 0 
175 286 29 2 0 
106 266 75 0 0 
155 171 40 0 0 
103 239 96 1 0 
88 230 41 5 0 
134 238 82 1 0 
92 224 26 0 0 
216 283 17 0 0 
157 161 84 0 0 
160 126 111 1 0 
241 365 31 0 0 
86 326 70 0 0 
157 205 28 2 0 
116 306 50 0 0 
114 196 74 0 0 
64 329 39 0 0 
139 195 110 4 0 
94 124 75 0 0 
62 257 73 0 0 
90 356 23 0 0 
107 212 124 8 0 
230 147 43 10 0 
102 263 45 1 0 
40 278 65 0 0 
162 255 15 0 0 
127 186 155 6 0 
131 176 47 0 0 
105 174 53 1 0 
111 192 52 0 0 
106 174 87 3 0 
103 225 47 2 0 
116 306 22 0 0 
145 243 41 0 0 
76 226 102 59 0 
94 211 129 0 0 
33 244 38 0 0 
130 291 43 0 0 
95 412 9 0 0 
104 250 23 0 0 
109 189 132 0 0 
163 235 44 0 0 
153 245 59 0 0 
140 245 54 0 0 
86 197 68 0 0 
194 192 40 0 0 
189 134 35 0 0 
109 239 45 2 0 
188 208 12 0 0 
104 208 25 0 0 
105 276 36 6 0 
235 224 11 0 0 
114 205 29 1 0 
174 124 24 4 0 
69 160 63 1 0 
154 247 66 0 0 
151 251 24 2 0 
166 319 10 22 0 
124 306 29 0 0 
130 115 45 0 0 
124 164 129 0 0 
90 307 61 0 0 
72 262 51 0 0 
64 241 125 7 0 
68 320 47 0 0 
100 314 20 0 0 
75 280 63 0 0 
135 256 63 0 0 
129 294 23 0 0 
129 244 108 0 0 
80 236 28 0 0 
223 235 33 0 0 
100 241 110 0 0 
131 227 42 0 0 
64 243 95 0 0 
190 183 52 0 0 
175 276 31 0 0 
88 148 88 6 0 
128 229 63 0 0 
105 177 144 0 0 
114 219 51 0 0 
66 390 50 0 0 
159 184 56 0 0 
171 269 107 0 0 
55 195 114 0 0 
98 333 89 0 0 
57 219 86 0 0 
111 168 94 0 0 
116 216 47 0 0 
84 187 97 12 0 
127 172 108 17 0 
159 277 22 0 0 
127 246 50 0 0 
104 249 58 0 0 
130 221 106 16 0 
269 149 20 0 0 
212 232 83 0 0 
133 176 32 0 0 
126 224 40 0 0 
88 304 101 0 0 
100 178 63 4 0 
82 129 47 0 0 
68 311 49 0 0 
46 179 140 0 0 
185 182 53 0 0 
228 262 25 0 0 
65 318 68 4 0 
103 230 18 0 0 
140 166 59 0 0 
141 224 30 12 0 
117 306 24 0 0 
114 219 28 0 0 
197 255 73 0 0 
63 279 16 0 0 
127 275 47 0 0 
46 299 127 0 0 
162 213 41 1 0 
53 316 43 0 0 
81 266 53 9 0 
84 214 99 2 0 
75 283 15 0 0 
169 133 38 2 0 
102 347 20 0 0 
45 269 68 0 0 
123 227 34 0 0 
72 191 61 17 0 
112 123 92 0 0 
99 183 38 0 0 
162 178 47 1 0 
64 319 52 6 0 
187 183 39 0 0 
171 196 55 50 0 
191 218 16 17 0 
191 212 58 3 0 
73 307 66 0 0 
120 231 8 0 0 
152 195 52 0 0 
98 172 42 3 0 
140 174 67 0 0 
98 204 19 0 0 
189 246 49 0 0 
104 253 85 0 0 
84 234 55 0 0 
98 260 56 1 0 
242 235 36 0 0 
159 156 17 6 0 
107 225 61 0 0 
149 193 85 0 0 
146 260 61 0 0 
156 221 61 0 0 
66 204 48 0 0 
147 285 122 0 0 
43 236 87 13 0 
198 211 23 0 0 
139 168 99 1 0 
92 183 130 0 0 
103 323 68 0 0 
179 234 4 0 0 
122 243 40 0 0 
123 210 58 2 0 
108 168 65 21 0 
123 316 25 0 0 
133 351 25 0 0 
114 277 148 0 0 
119 211 28 0 0 
129 249 86 0 0 
187 154 48 2 0 
242 258 25 0 0 
137 246 106 0 0 
50 352 7 0 0 
132 154 51 0 0 
172 191 17 0 0 
96 218 106 0 0 
218 167 42 17 0 
121 252 79 0 0 
157 177 47 0 0 
155 73 54 0 0 
169 241 93 0 0 
128 283 38 0 0 
126 213 79 0 0 
126 263 78 0 0 
60 269 34 17 0 
105 213 38 0 0 
121 198 22 0 0 
100 203 86 1 0 
144 214 80 0 0 
89 147 109 3 0 
132 205 123 0 0 
110 186 32 0 0 
99 207 88 0 0 
95 334 18 15 0 
157 141 37 17 0 
88 264 61 0 0 
41 263 19 19 0 
115 231 22 0 0 
120 320 25 0 0 
127 287 26 0 0 
140 231 101 0 0 
200 268 18 3 0 
129 292 81 1 0 
171 181 58 1 0 
112 308 11 5 0 
52 132 60 0 0 
127 293 53 0 0 
39 276 63 2 0 
113 317 15 0 0 
142 297 14 0 0 
164 282 29 0 0 
126 245 46 2 0 
79 227 82 0 0 
105 361 38 0 0 
78 241 95 2 0 
145 192 117 16 0 
130 285 36 0 0 
186 230 67 0 0 
120 180 38 0 0 
76 381 9 0 0 
88 217 72 10 0 
86 333 43 0 0 
163 289 51 0 0 
133 248 22 11 0 
123 184 47 0 0 
90 284 53 0 0 
177 191 50 0 0 
71 208 22 0 0 
160 226 52 0 0 
129 134 107 46 0 
73 222 121 0 0 
89 301 91 0 0 
221 170 51 0 0 
217 223 71 0 0 
140 285 32 0 0 
145 256 25 2 0 
41 219 71 0 0 
140 267 25 0 0 
62 211 50 0 0 
63 236 50 5 0 
141 299 42 1 0 
130 162 62 0 0 
109 344 6 0 0 
100 207 79 0 0 
171 238 50 0 0 
117 224 77 18 0 
176 175 91 0 0 
179 208 40 0 0 
133 259 7 0 0 
187 287 59 0 0 
103 237 29 2 0 
51 248 22 0 0 
199 208 15 0 0 
51 243 128 0 0 
86 281 46 0 0 
190 145 89 0 0 
131 258 32 0 0 
166 225 40 0 0 
77 265 42 1 0 
146 273 10 0 0 
91 329 37 0 0 
187 222 14 0 0 
196 175 35 0 0 
125 219 84 4 0 
45 256 92 0 0 
116 167 40 0 0 
127 203 35 7 0 
103 305 53 0 0 
148 211 46 0 0 
211 136 47 0 0 
73 330 71 0 0 
184 157 62 0 0 
122 217 41 0 0 
123 240 24 18 0 
99 203 67 0 0 
140 236 73 0 0 
116 230 45 0 0 
285 167 64 0 0 
185 228 47 1 0 
71 193 79 0 0 
76 259 22 0 0 
140 184 29 1 0 
182 216 58 0 0 
159 210 44 0 0 
83 307 41 0 0 
122 228 74 0 0 
65 244 121 1 0 
128 241 41 7 0 
162 237 53 2 0 
102 140 124 2 0 
129 276 17 0 0 
123 201 50 0 0 
94 169 55 15 0 
224 224 48 1 0 
184 217 24 0 0 
98 291 74 0 0 
157 199 131 0 0 
108 135 67 0 0 
76 224 76 0 0 
121 267 26 0 0 
127 220 35 8 0 
111 237 107 0 0 
222 279 10 0 0 
186 156 91 0 0 
118 323 66 0 0 
141 157 74 0 0 
41 347 75 0 0 
195 242 14 0 0 
102 180 71 7 0 
128 217 101 0 0 
135 234 50 0 0 
103 214 67 0 0 
44 272 62 0 0 
105 217 33 0 0 
143 173 53 0 0 
114 259 50 1 0 
144 264 12 0 0 
148 189 13 8 0 
112 194 124 2 0 
139 240 47 0 0 
174 128 40 0 0 
124 217 52 0 0 
119 249 92 6 0 
323 207 18 1 0 
79 223 95 17 0 
123 210 68 0 0 
64 220 61 0 0 
108 212 49 0 0 
83 253 42 0 0 
169 202 121 0 0 
176 245 28 0 0 
70 277 63 0 0 
108 266 105 0 0 
89 283 4 1 0 
106 159 51 0 0 
202 195 23 4 0 
77 240 61 20 0 
116 178 83 0 0 
169 180 71 0 0 
132 228 74 0 0 
110 253 67 0 0 
170 268 86 0 0 
127 180 50 0 0 
48 266 56 0 0 
222 205 14 0 0 
85 319 41 0 0 
65 216 45 0 0 
199 183 44 0 0 
189 161 57 2 0 
74 342 22 9 0 
100 213 44 1 0 
96 292 50 0 0 
160 188 63 0 0 
85 263 104 0 0 
72 268 53 4 0 
64 287 35 8 0 
159 248 62 0 0 
133 173 27 0 0 
79 314 86 0 0 
155 223 14 0 0 
114 228 63 30 0 
163 205 41 0 0 
126 171 49 0 0 
145 227 60 0 0 
108 202 51 0 0 
111 167 43 3 0 
104 241 56 0 0 
138 149 32 4 0 
120 144 42 0 0 
94 242 52 0 0 
106 194 56 2 0 
147 316 68 0 0 
51 288 125 0 0 
149 263 68 0 0 
164 173 17 0 0 
85 279 68 0 0 
116 202 101 0 0 
82 364 59 0 0 
127 249 86 0 0 
164 267 48 0 0 
117 237 20 0 0 
135 225 70 0 0 
99 253 57 12 0 
136 165 27 0 0 
150 189 121 0 0 
133 177 38 0 0 
151 230 43 0 0 
82 189 83 0 0 
190 161 68 0 0 
170 199 63 1 0 
111 170 67 4 0 
137 129 40 0 0 
85 255 54 0 0 
87 175 54 0 0 
56 212 103 0 0 
144 204 59 0 0 
70 264 29 0 0 
175 230 44 0 0 
97 292 53 0 0 
99 251 29 0 0 
86 240 54 12 0 
154 168 53 14 0 
154 209 92 6 0 
108 277 57 0 0 
172 141 55 0 0 
85 171 158 0 0 
85 251 89 2 0 
159 156 58 0 0 
96 146 69 0 0 
118 303 11 5 0 
96 241 37 0 0 
190 235 3 0 0 
104 214 58 0 0 
93 220 66 0 0 
128 243 45 0 0 
143 175 122 0 0 
50 314 41 0 0 
141 213 78 0 0 
174 218 61 0 0 
93 315 47 0 0 
73 213 70 0 0 
196 218 33 0 0 
138 225 40 0 0 
108 230 70 0 0 
113 249 9 1 0 
84 247 100 24 0 
156 292 61 0 0 
205 262 7 1 0 
88 398 9 1 0 
126 250 116 0 0 
99 303 38 0 0 
124 197 69 0 0 
138 150 63 27 0 
105 211 4 20 0 
193 235 62 0 0 
78 220 42 0 0 
84 309 96 0 0 
155 195 78 0 0 
64 245 51 4 0 
49 281 26 0 0 
77 174 50 0 0 
156 211 62 0 0 
40 239 57 21 0 
50 254 67 4 0 
101 286 62 0 0 
100 262 65 0 0 
87 251 123 0 0 
133 155 84 0 0 
92 218 61 4 0 
137 188 31 0 0 
161 181 49 0 0 
111 209 62 0 0 
82 266 27 2 0 
147 229 88 29 0 
89 266 24 0 0 
104 282 52 4 0 
80 209 105 1 0 
94 262 32 0 0 
101 202 36 2 0 
107 243 65 0 0 
108 295 71 7 0 
75 399 29 12 0 
69 312 18 0 0 
70 321 52 0 0 
135 221 29 0 0 
124 227 74 4 0 
152 327 66 2 0 
46 209 56 0 0 
129 269 45 0 0 
137 237 15 0 0 
147 191 43 1 0 
143 187 75 0 0 
154 279 53 0 0 
165 248 19 1 0 
112 313 45 0 0 
113 278 40 1 0 
97 164 80 0 0 
108 168 126 8 0 
87 278 54 0 0 
120 163 88 0 0 
127 248 45 0 0 
183 172 44 0 0 
107 270 96 0 0 
160 270 96 4 0 
136 248 39 0 0 
112 164 26 31 0 
166 268 62 0 0 
143 212 64 1 0 
89 124 63 8 0 
93 335 78 22 0 
129 202 60 0 0 
237 187 39 7 0 
145 235 75 0 0 
66 258 54 1 0 
117 170 22 1 0 
148 269 31 0 0 
67 181 62 0 0 
118 162 91 0 0 
45 263 67 1 0 
198 234 34 0 0 
114 219 55 0 0 
103 173 49 1 0 
72 186 89 0 0 
155 167 29 1 0 
127 234 27 0 0 
207 199 51 1 0 
117 181 132 0 0 
159 178 34 3 0 
123 308 72 0 0 
99 274 65 2 0 
138 319 36 0 0 
125 184 75 3 0 
206 205 74 0 0 
141 245 35 0 0 
151 275 35 0 0 
129 256 86 0 0 
109 280 34 9 0 
105 252 18 0 0 
105 260 56 0 0 
58 301 21 1 0 
178 138 29 0 0 
169 127 79 0 0 
135 289 61 0 0 
81 188 59 0 0 
87 243 50 0 0 
81 226 65 0 0 
188 217 47 3 0 
197 268 8 0 0 
93 131 80 1 0 
99 214 15 0 0 
106 214 178 3 0 
155 190 140 0 0 
192 165 78 0 0 
171 227 18 0 0 
156 250 29 0 0 
99 255 58 0 0 
162 297 53 0 0 
129 197 29 0 0 
107 270 65 0 0 
214 222 54 1 0 
148 183 20 0 0 
141 162 95 0 0 
227 147 33 0 0 
115 207 44 0 0 
55 271 59 5 0 
98 214 93 0 0 
67 199 84 0 0 
124 259 49 0 0 
239 240 22 0 0 
83 182 39 0 0 
111 210 129 0 0 
228 274 20 0 0 
98 157 59 0 0 
117 265 25 0 0 
110 229 38 0 0 
146 223 32 24 0 
106 183 59 0 0 
109 327 91 0 0 
165 184 42 1 0 
78 271 62 8 0 
91 268 41 0 0 
215 383 40 0 0 
80 206 37 0 7 
115 235 47 0 0 
220 174 65 0 0 
79 232 88 4 0 
116 236 47 0 0 
92 244 66 13 0 
208 259 57 0 0 
50 295 43 8 0 
70 202 113 0 0 
60 254 61 0 0 
178 169 46 0 0 
68 152 105 0 0 
89 195 99 25 0 
94 265 25 0 0 
104 214 71 16 0 
114 226 51 0 0 
139 185 46 9 0 
90 233 76 0 0 
109 209 34 0 0 
175 297 43 0 0 
121 189 44 0 0 
102 222 65 9 0 
41 171 20 6 0 
125 264 27 0 0 
125 158 60 0 0 
137 143 45 0 0 
91 206 58 1 0 
24 163 114 3 0 
185 178 42 0 0 
74 296 12 0 0 
72 299 68 0 0 
95 235 54 0 0 
74 260 60 0 0 
102 191 33 0 0 
164 317 26 0 0 
124 197 57 0 0 
55 112 90 10 0 
114 201 103 0 0 
61 181 58 0 0 
273 210 70 0 0 
108 278 70 0 0 
133 245 45 27 0 
109 196 38 3 0 
59 261 63 0 0 
110 413 33 0 0 
122 179 5 0 0 
197 161 82 0 0 
72 108 113 0 0 
38 236 99 0 0 
114 182 10 0 0 
146 312 59 0 0 
67 223 40 0 0 
60 303 76 0 0 
126 258 38 0 0 
96 221 36 0 0 
140 226 34 0 0 
177 230 46 0 0 
35 258 90 2 0 
171 213 79 0 0 
93 173 56 1 0 
158 325 54 0 0 
187 252 21 10 0 
127 212 27 1 0 
122 257 71 0 0 
170 217 33 0 0 
122 282 117 5 0 
45 359 11 0 0 
48 164 98 0 0 
109 363 34 8 0 
105 201 48 2 0 
125 300 49 0 0 
144 191 117 1 0 
127 171 20 0 0 
111 257 79 31 0 
116 258 63 0 0 
257 208 31 4 0 
65 312 57 0 0 
133 160 91 0 0 
66 190 92 0 0 
167 207 90 0 0 
114 246 5 0 0 
168 243 56 0 0 
106 275 54 0 0 
141 271 30 0 0 
129 279 22 0 0 
83 216 52 0 0 
167 233 58 0 0 
99 280 35 0 0 
172 233 65 2 0 
42 348 58 11 0 
145 283 17 0 0 
127 208 14 0 0 
98 217 93 0 0 
127 347 39 0 0 
112 177 25 0 0 
124 145 41 4 0 
107 220 78 3 0 
152 262 58 0 0 
172 218 67 8 0 
99 185 47 0 0 
132 94 53 0 0 
175 183 27 12 0 
133 349 18 0 0 
119 231 67 0 0 
160 208 31 0 0 
195 118 16 0 0 
188 126 51 0 0 
130 251 29 0 0 
116 275 1 1 0 
61 252 29 0 0 
100 219 26 0 0 
127 168 56 0 0 
81 300 34 10 0 
182 195 53 0 0 
89 266 47 0 0 
79 288 90 0 0 
103 209 48 0 0 
142 295 77 0 0 
106 258 55 0 0 
132 231 48 0 0 
154 217 123 0 0 
211 189 28 0 0 
118 302 49 1 0 
144 224 18 0 0 
159 165 38 0 0 
150 256 50 0 0 
108 297 82 5 0 
126 277 80 0 0 
159 172 23 0 0 
125 248 52 0 0 
110 314 23 6 0 
77 168 39 0 0 
51 218 45 0 0 
112 307 27 0 0 
136 175 47 2 0 
43 250 73 0 0 
125 150 79 3 0 
158 205 115 0 0 
111 225 66 0 0 
119 168 87 1 0 
138 280 26 0 0 
43 364 10 0 0 
69 272 91 6 0 
140 185 42 1 0 
123 178 112 0 0 
75 247 128 0 0 
170 143 28 5 0 
174 186 61 0 0 
192 243 22 0 0 
82 371 23 0 0 
105 137 81 0 0 
200 333 48 0 0 
207 303 64 0 0 
80 291 35 8 0 
48 197 70 0 0 
72 129 55 0 0 
118 196 57 0 0 
56 237 34 0 0 
116 266 77 0 0 
73 225 46 0 0 
105 180 49 0 0 
106 256 87 4 0 
145 204 23 0 0 
109 285 47 0 0 
98 180 40 7 0 
102 159 57 1 0 
130 194 110 16 0 
134 236 80 5 0 
125 230 71 0 0 
101 170 71 1 0 
137 191 5 0 0 
144 159 29 0 0 
68 303 71 1 0 
130 289 32 0 0 
66 272 84 0 0 
169 245 51 0 0 
107 234 101 0 0 
131 211 66 0 0 
142 289 36 0 0 
181 238 31 1 0 
85 299 65 0 0 
73 201 37 0 0 
164 239 8 0 0 
182 277 110 0 0 
165 102 71 0 0 
136 277 55 0 0 
142 238 26 0 0 
107 208 37 1 0 
124 239 48 0 0 
188 139 78 0 0 
95 179 69 2 0 
141 249 40 0 0 
175 221 12 8 0 
89 200 79 0 0 
149 258 32 0 0 
214 178 6 0 0 
58 209 57 0 0 
141 160 85 9 0 
77 209 95 0 0 
134 281 51 4 0 
180 284 52 0 0 
136 207 55 0 0 
71 296 48 5 0 
157 203 74 0 0 
147 279 23 0 0 
114 263 21 1 0 
117 329 73 0 0 
63 289 60 0 0 
98 228 42 0 0 
143 181 57 0 0 
64 189 78 1 0 
75 235 70 0 0 
186 213 37 22 0 
157 216 55 0 0 
116 233 21 0 0 
35 237 112 3 0 
92 290 28 0 0 
58 300 88 6 0 
86 198 82 0 0 
119 275 51 0 0 
125 246 70 42 0 
167 187 46 0 0 
112 241 58 1 0 
84 304 59 0 0 
177 260 86 0 0 
133 176 84 0 0 
75 302 39 0 0 
137 205 58 0 0 
92 230 41 0 0 
90 321 44 2 0 
72 269 45 0 0 
81 285 71 0 0 
116 158 62 0 0 
109 209 35 0 0 
75 319 23 0 0 
113 119 70 9 0 
40 195 94 0 0 
119 223 77 0 0 
177 215 29 0 0 
184 122 73 0 0 
116 286 60 0 0 
156 174 31 2 0 
112 161 94 0 0 
201 233 46 1 0 
162 303 44 0 0 
82 202 58 6 0 
92 185 57 2 0 
191 213 17 1 0 
103 243 14 0 0 
135 208 52 0 0 
201 262 36 0 0 
80 207 76 0 0 
77 129 110 4 0 
155 172 54 0 0 
144 251 68 5 0 
125 212 54 0 0 
106 218 67 1 0 
114 251 121 0 0 
97 252 20 1 0 
133 216 34 0 0 
104 258 38 0 0 
76 233 28 2 0 
56 315 104 0 0 
174 234 29 0 0 
155 258 26 7 0 
51 170 64 0 0 
67 247 37 0 0 
116 223 53 0 0 
100 251 54 0 0 
62 218 53 0 0 
72 158 93 9 0 
91 245 61 0 0 
279 128 25 0 0 
114 179 27 0 0 
92 271 65 0 0 
110 244 18 0 0 
154 238 35 0 0 
169 210 34 1 0 
174 217 74 0 0 
128 227 79 0 0 
119 138 59 0 0 
191 199 47 0 0 
134 150 37 0 0 
130 208 111 12 0 
100 321 62 0 0 
159 250 24 0 0 
158 160 71 0 0 
54 203 146 0 0 
143 195 84 0 0 
138 278 38 0 0 
94 248 123 0 0 
64 299 41 0 0 
166 221 60 2 0 
195 210 33 2 0 
110 309 29 0 0 
145 219 56 0 0 
78 248 25 1 0 
66 219 17 12 0 
149 204 61 17 0 
121 217 31 0 0 
79 274 28 0 0 
159 327 43 0 0 
159 237 38 0 0 
123 287 31 0 0 
161 234 32 0 0 
178 211 44 0 0 
91 142 182 0 0 
48 243 43 0 0 
69 306 91 0 0 
144 170 39 0 0 
124 217 67 0 0 
67 225 82 4 0 
60 317 27 9 0 
138 265 56 1 0 
191 159 47 1 0 
141 196 158 0 0 
59 264 25 4 0 
99 294 81 5 0 
94 145 59 5 0 
126 232 27 1 0 
124 299 72 0 0 
97 281 27 0 0 
127 263 58 0 0 
139 316 47 0 0 
163 207 50 0 0 
115 214 49 0 0 
114 336 47 0 0 
98 287 123 2 0 
144 215 42 0 0 
189 179 54 8 0 
262 200 47 0 0 
116 216 76 0 0 
89 236 78 0 0 
88 251 124 20 0 
143 348 28 0 0 
146 219 44 0 0 
142 230 91 0 0 
126 354 16 2 0 
88 148 85 0 0 
89 238 54 0 0 
90 117 93 0 0 
238 146 26 0 0 
181 215 18 0 0 
84 111 24 0 0 
154 236 107 0 0 
153 176 44 0 0 
156 113 37 0 0 
94 270 16 16 0 
130 176 23 0 0 
84 184 78 0 0 
144 247 32 0 0 
130 240 28 17 0 
173 187 58 0 0 
148 299 44 0 0 
96 153 53 0 0 
74 194 74 0 0 
154 303 36 0 0 
146 363 49 1 0 
79 382 62 1 0 
96 250 22 1 0 
53 316 47 0 0 
161 179 23 2 0 
125 245 61 0 0 
151 288 26 0 0 
91 112 65 12 0 
105 216 84 0 0 
61 375 94 3 0 
61 318 46 0 0 
75 216 96 0 0 
71 270 42 0 0 
66 283 24 0 0 
173 175 121 0 0 
77 212 49 0 0 
172 235 40 0 0 
117 169 45 0 0 
120 208 77 0 0 
167 191 35 0 0 
102 209 40 0 0 
165 175 112 5 0 
149 185 68 0 0 
30 271 33 0 0 
80 257 19 27 0 
109 241 49 0 0 
93 253 57 6 0 
95 234 37 0 0 
88 219 65 0 0 
112 273 6 15 0 
35 254 103 23 0 
154 204 38 0 0 
55 304 84 0 0 
143 198 75 16 0 
143 198 70 37 0 
151 138 100 0 0 
121 231 18 0 0 
70 246 80 0 0 
148 276 47 0 0 
110 204 52 0 0 
68 271 41 4 0 
62 142 57 32 0 
210 130 120 0 0 
143 291 80 0 0 
3 294 103 26 0 
102 244 90 4 0 
118 271 51 0 0 
95 224 35 1 0 
143 182 2 13 0 
84 256 30 0 0 
89 172 52 1 0 
96 209 40 0 0 
151 200 120 1 0 
87 291 66 0 0 
71 184 51 3 0 
95 331 27 2 0 
113 263 59 18 0 
86 197 84 0 0 
