0 84 0 
0 58 0 
0 77 1 
0 52 8 
0 23 4 
0 59 8 
0 44 0 
0 40 0 
0 43 0 
0 54 1 
0 46 0 
0 68 4 
0 46 0 
0 91 0 
0 55 2 
0 35 4 
0 60 0 
0 55 16 
0 52 0 
0 80 0 
0 21 0 
0 113 0 
0 66 0 
0 37 0 
0 125 0 
0 90 3 
0 89 0 
0 75 3 
0 79 17 
0 65 0 
0 76 1 
0 39 7 
0 61 4 
0 55 0 
0 77 5 
0 53 12 
0 27 4 
0 57 0 
0 28 0 
0 70 1 
0 48 11 
0 87 11 
0 128 0 
0 21 0 
0 66 0 
0 67 0 
0 53 8 
0 49 0 
0 105 0 
0 73 0 
0 25 2 
0 93 0 
0 58 0 
0 42 0 
0 49 9 
0 58 0 
0 120 3 
0 150 0 
0 99 0 
0 96 0 
0 94 4 
0 69 0 
0 63 4 
0 56 0 
0 28 5 
0 55 0 
0 46 0 
0 79 14 
0 44 16 
0 14 1 
0 74 4 
0 83 0 
0 81 20 
0 61 26 
0 39 0 
0 36 0 
0 78 0 
0 79 0 
0 64 4 
0 110 2 
0 59 0 
0 95 10 
0 45 0 
0 38 0 
0 33 0 
0 59 0 
0 65 8 
0 46 0 
0 96 0 
0 53 0 
0 40 13 
0 16 0 
0 41 0 
0 57 14 
0 93 2 
0 133 0 
0 70 5 
0 61 0 
0 54 6 
0 20 0 
0 33 3 
0 58 0 
0 34 0 
0 63 0 
0 73 0 
0 76 0 
0 31 0 
0 13 0 
0 25 0 
0 48 0 
0 66 0 
0 97 0 
0 35 0 
0 158 5 
0 45 0 
0 79 8 
0 98 1 
0 75 15 
0 100 0 
0 55 0 
0 80 19 
0 60 0 
0 44 0 
0 77 7 
0 68 21 
0 54 0 
0 24 0 
0 32 0 
0 75 0 
0 62 11 
0 51 0 
0 61 0 
0 42 0 
0 42 1 
0 92 5 
0 63 1 
0 22 0 
0 35 0 
0 32 0 
0 75 0 
0 27 0 
0 33 0 
0 73 0 
0 55 0 
0 30 3 
0 22 7 
0 16 0 
0 79 0 
0 69 0 
0 60 0 
0 13 0 
0 66 0 
0 50 18 
0 73 0 
0 108 0 
0 46 0 
0 72 0 
0 99 8 
0 81 3 
0 85 0 
0 27 0 
0 45 4 
0 62 1 
0 74 10 
0 38 1 
0 88 1 
0 52 15 
0 72 0 
0 82 3 
0 38 0 
0 62 0 
0 70 2 
0 34 5 
0 50 0 
0 72 1 
0 70 5 
0 70 17 
0 79 4 
0 78 12 
0 86 0 
0 41 0 
0 56 14 
0 68 20 
0 89 3 
0 59 0 
0 145 0 
0 22 1 
0 48 0 
0 36 2 
0 72 10 
0 57 6 
0 82 0 
0 28 0 
0 55 3 
0 77 1 
0 70 0 
0 56 2 
0 68 12 
0 45 0 
0 56 0 
0 6 0 
0 65 1 
0 50 0 
0 73 10 
0 30 0 
0 73 0 
0 33 0 
0 38 0 
0 73 0 
0 59 0 
0 42 0 
0 65 15 
0 42 0 
0 18 0 
0 56 0 
0 103 11 
0 44 0 
0 77 0 
0 87 6 
0 32 0 
0 100 2 
0 55 0 
0 66 0 
0 109 1 
0 74 0 
0 35 8 
0 86 0 
0 30 1 
0 50 0 
0 45 0 
0 65 3 
0 47 0 
0 42 16 
0 48 0 
0 57 0 
0 78 0 
0 49 0 
0 32 0 
0 29 0 
0 22 0 
0 71 0 
0 37 0 
0 64 0 
0 48 0 
0 48 0 
0 83 0 
0 75 2 
0 98 1 
0 65 3 
0 51 0 
0 104 0 
0 48 0 
0 114 2 
0 72 0 
0 65 2 
0 46 0 
0 33 0 
0 72 1 
0 78 14 
0 55 0 
0 33 1 
0 63 35 
0 104 0 
0 49 0 
0 48 0 
0 34 4 
0 57 5 
0 60 0 
0 64 11 
0 66 6 
0 57 2 
0 62 0 
0 52 8 
0 51 4 
0 57 7 
0 76 6 
0 55 0 
0 65 25 
0 73 0 
0 83 6 
0 51 0 
0 90 0 
0 87 0 
0 34 0 
0 32 1 
0 52 5 
0 76 11 
0 47 0 
0 72 5 
0 75 0 
0 89 0 
0 45 0 
0 37 1 
0 49 0 
0 45 4 
0 49 0 
0 61 6 
0 23 0 
0 61 0 
0 48 2 
0 46 0 
0 36 3 
0 33 3 
0 73 3 
0 76 2 
0 68 4 
0 56 0 
0 47 8 
0 24 0 
0 44 0 
0 70 23 
0 99 0 
0 43 1 
0 65 5 
0 36 0 
0 9 0 
0 54 15 
0 108 11 
0 102 0 
0 59 0 
0 48 0 
0 60 4 
0 42 0 
0 28 0 
0 129 26 
0 50 9 
0 106 0 
0 58 1 
0 30 5 
0 68 0 
0 31 0 
0 37 9 
0 64 7 
0 56 0 
0 61 4 
0 30 0 
0 29 6 
0 121 2 
0 42 0 
0 76 6 
0 62 0 
0 135 7 
0 99 3 
0 68 1 
0 46 0 
0 62 0 
0 62 2 
0 42 0 
0 45 0 
0 17 0 
0 63 0 
0 56 4 
0 93 1 
0 55 0 
0 29 1 
0 48 3 
0 72 0 
0 85 0 
0 54 0 
0 46 2 
0 58 0 
0 41 5 
0 31 13 
0 70 0 
0 55 13 
0 54 0 
0 106 0 
0 31 0 
0 65 0 
0 54 26 
0 43 11 
0 82 0 
0 49 0 
0 63 0 
0 24 0 
0 67 0 
0 102 27 
0 74 0 
0 97 3 
0 24 0 
0 35 0 
0 80 0 
0 92 0 
0 26 1 
0 75 5 
0 54 5 
0 60 15 
0 31 0 
0 44 0 
0 47 0 
0 103 19 
0 14 0 
0 37 0 
0 69 0 
0 82 0 
0 33 1 
0 65 0 
0 74 0 
0 53 2 
0 76 0 
0 33 0 
0 57 0 
0 115 4 
0 90 0 
0 76 1 
0 32 1 
0 46 0 
0 64 0 
0 98 1 
0 35 0 
0 70 6 
0 26 0 
0 53 6 
0 65 2 
0 124 0 
0 49 10 
0 77 0 
0 83 0 
0 126 0 
0 74 0 
0 59 8 
0 55 0 
0 58 6 
0 65 0 
0 128 4 
0 63 0 
0 56 3 
0 87 6 
0 65 0 
0 79 0 
0 45 3 
0 60 0 
0 90 0 
0 105 20 
0 76 0 
0 112 8 
0 73 3 
0 50 0 
0 35 0 
0 77 10 
0 115 0 
0 32 0 
0 45 0 
0 89 0 
0 61 0 
0 112 0 
0 68 0 
0 61 0 
0 52 0 
0 26 2 
0 31 0 
0 34 5 
0 11 2 
0 31 0 
0 42 1 
0 70 0 
0 64 0 
0 62 7 
0 70 0 
0 73 0 
0 58 0 
0 48 1 
0 27 3 
0 72 0 
0 51 1 
0 48 2 
0 68 1 
0 133 0 
0 40 0 
0 53 0 
0 36 0 
0 121 0 
0 135 0 
0 12 0 
0 77 3 
0 44 6 
0 51 0 
0 44 0 
0 51 0 
0 35 0 
0 50 0 
0 49 0 
0 58 0 
0 44 1 
0 69 3 
0 57 0 
0 35 0 
0 35 0 
0 43 0 
0 74 3 
0 30 0 
0 103 45 
0 43 0 
0 20 0 
0 68 11 
0 78 24 
0 76 1 
0 90 0 
0 80 1 
0 42 0 
0 44 0 
0 22 0 
0 56 0 
0 38 7 
0 63 16 
0 40 0 
0 54 0 
0 23 0 
0 75 0 
0 123 0 
0 39 3 
0 122 0 
0 105 3 
0 91 0 
0 50 0 
0 86 8 
0 77 0 
0 37 0 
0 46 0 
0 44 7 
0 44 0 
0 81 3 
0 52 1 
0 56 0 
0 32 0 
0 64 19 
0 62 0 
0 31 0 
0 39 0 
0 61 0 
0 106 0 
0 61 9 
0 77 0 
0 64 0 
0 65 0 
0 111 0 
0 77 0 
0 55 0 
0 66 6 
0 31 0 
0 108 5 
0 30 0 
0 63 1 
0 54 0 
0 48 0 
0 39 22 
0 81 2 
0 56 0 
0 56 0 
0 26 0 
0 78 3 
0 41 3 
0 84 0 
0 41 0 
0 59 3 
0 48 0 
0 53 0 
0 53 0 
0 23 3 
0 53 2 
0 31 11 
0 41 0 
0 60 0 
0 39 0 
0 51 0 
0 50 2 
0 56 0 
0 37 0 
0 28 0 
0 42 7 
0 109 1 
0 76 17 
0 35 15 
0 54 1 
0 84 3 
0 74 8 
0 104 18 
0 93 0 
0 51 0 
0 46 0 
0 36 0 
0 55 0 
0 80 1 
0 63 0 
0 20 2 
0 93 0 
0 93 0 
0 69 1 
0 32 0 
0 41 0 
0 81 19 
0 67 0 
0 63 0 
0 48 0 
0 45 2 
0 49 2 
0 71 0 
0 75 0 
0 94 0 
0 52 0 
0 76 0 
0 66 0 
0 67 0 
0 80 0 
0 87 0 
0 57 1 
0 65 0 
0 53 0 
0 41 0 
0 108 2 
0 76 0 
0 102 7 
0 16 4 
0 64 8 
0 54 0 
0 40 0 
0 79 0 
0 51 0 
0 22 0 
0 68 1 
0 77 12 
0 49 0 
0 44 0 
0 15 0 
0 10 0 
0 48 12 
0 75 0 
0 51 0 
0 26 6 
0 69 0 
0 47 0 
0 61 10 
0 71 0 
0 70 19 
0 24 0 
0 59 2 
0 35 1 
0 88 12 
0 103 7 
0 73 0 
0 8 0 
0 55 0 
0 91 0 
0 18 0 
0 18 0 
0 37 0 
0 51 1 
0 57 2 
0 41 0 
0 108 0 
0 29 5 
0 34 0 
0 33 0 
0 32 0 
0 98 17 
0 50 4 
0 36 0 
0 22 9 
0 80 5 
0 55 0 
0 82 5 
0 70 0 
0 37 0 
0 28 7 
0 20 0 
0 77 0 
0 46 0 
0 40 0 
0 49 4 
0 62 6 
0 58 10 
0 29 0 
0 68 2 
0 70 0 
0 30 0 
0 28 0 
0 50 2 
0 71 6 
0 28 0 
0 32 0 
0 72 0 
0 24 0 
0 55 8 
0 60 0 
0 32 0 
0 76 4 
0 71 0 
0 45 5 
0 65 15 
0 45 1 
0 40 0 
0 89 0 
0 38 0 
0 154 2 
0 70 12 
0 38 16 
0 87 2 
0 97 0 
0 50 0 
0 72 0 
0 105 0 
0 85 5 
0 51 0 
0 71 5 
0 85 9 
0 56 0 
0 69 7 
0 45 0 
0 75 0 
0 94 0 
0 102 0 
0 53 0 
0 70 0 
0 67 15 
0 87 2 
0 95 0 
0 61 0 
0 72 0 
0 45 0 
0 66 3 
0 40 4 
0 66 0 
0 51 0 
0 63 0 
0 89 0 
0 60 0 
0 32 0 
0 74 0 
0 56 2 
0 30 0 
0 52 0 
0 78 0 
0 107 0 
0 102 0 
0 89 0 
0 60 3 
0 8 0 
0 111 6 
0 98 10 
0 55 0 
0 64 23 
0 58 0 
0 71 1 
0 47 0 
0 37 5 
0 57 25 
0 31 1 
0 35 0 
0 66 6 
0 27 0 
0 71 0 
0 34 0 
0 92 1 
0 87 21 
0 34 0 
0 81 0 
0 59 0 
0 54 4 
0 61 0 
0 35 0 
0 103 6 
0 115 28 
0 82 2 
0 59 0 
0 55 0 
0 52 0 
0 45 0 
0 102 0 
0 58 0 
0 105 0 
0 26 0 
0 48 2 
0 90 0 
0 56 0 
0 89 3 
0 77 0 
0 36 0 
0 54 0 
0 39 0 
0 82 0 
0 64 0 
0 44 2 
0 46 0 
0 28 0 
0 20 0 
0 34 0 
0 65 5 
0 63 0 
0 105 0 
0 48 0 
0 46 0 
0 100 11 
0 68 1 
0 18 5 
0 38 0 
0 94 0 
0 79 0 
0 42 0 
0 43 21 
0 61 0 
0 39 0 
0 26 0 
0 83 0 
0 82 0 
0 51 1 
0 57 0 
0 73 0 
0 55 0 
0 49 0 
0 63 0 
0 38 0 
0 53 1 
0 112 9 
0 55 8 
0 57 3 
0 57 1 
0 43 0 
0 69 0 
0 100 0 
0 48 0 
0 53 0 
0 80 0 
0 38 6 
0 56 0 
0 42 1 
0 62 0 
0 39 0 
0 60 0 
0 38 0 
0 101 1 
0 52 6 
0 64 2 
0 38 0 
0 84 0 
0 73 0 
0 73 0 
0 25 0 
0 31 0 
0 69 1 
0 92 0 
0 63 1 
0 122 6 
0 69 0 
0 44 4 
0 59 0 
0 76 4 
0 87 3 
0 66 1 
0 59 0 
0 90 0 
0 35 0 
0 126 0 
0 40 0 
0 85 30 
0 45 0 
0 53 0 
0 28 9 
0 26 0 
0 75 5 
0 97 0 
0 63 0 
0 63 0 
0 58 0 
0 29 0 
0 78 0 
0 32 4 
0 77 0 
0 70 6 
0 50 3 
0 43 0 
0 52 0 
0 36 5 
0 65 12 
0 29 4 
0 71 0 
0 46 3 
0 71 0 
0 69 0 
0 41 3 
0 60 4 
0 31 3 
0 70 5 
0 96 0 
0 54 0 
0 33 0 
0 16 0 
0 82 0 
0 79 0 
0 98 2 
0 78 16 
0 61 0 
0 61 0 
0 27 0 
0 34 0 
0 67 0 
0 73 0 
0 36 7 
0 27 1 
0 61 0 
0 104 1 
0 34 0 
0 22 0 
0 64 3 
0 95 0 
0 42 3 
0 53 0 
0 78 9 
0 91 0 
0 31 4 
0 66 0 
0 42 0 
0 72 0 
0 46 4 
0 73 4 
0 9 0 
0 40 1 
0 121 0 
0 57 0 
0 69 6 
0 58 0 
0 47 0 
0 62 20 
0 36 1 
0 68 0 
0 70 0 
0 66 0 
0 92 0 
0 42 0 
0 35 6 
0 68 4 
0 85 2 
0 58 14 
0 33 0 
0 58 10 
0 75 0 
0 65 0 
0 77 1 
0 67 0 
0 41 1 
0 79 0 
0 79 0 
0 52 0 
0 111 0 
0 71 0 
0 48 0 
0 99 0 
0 120 3 
0 52 5 
0 24 2 
0 47 0 
0 63 0 
0 87 0 
0 47 0 
0 19 0 
0 36 3 
0 36 0 
0 74 0 
0 39 0 
0 130 0 
0 44 1 
0 88 11 
0 85 12 
0 46 7 
0 81 1 
0 58 6 
0 82 0 
0 84 0 
0 50 0 
0 103 0 
0 27 9 
0 34 4 
0 51 0 
0 29 9 
0 33 0 
0 94 4 
0 140 0 
0 62 2 
0 64 0 
0 48 0 
0 51 0 
0 108 2 
0 91 1 
0 37 0 
0 86 10 
0 75 0 
0 7 0 
0 88 0 
0 108 3 
0 72 0 
0 19 0 
0 51 0 
0 95 0 
0 24 0 
0 95 0 
0 60 0 
0 35 0 
0 90 3 
0 79 0 
0 50 1 
0 48 0 
