29 586 18 0 0 
20 453 3 0 0 
27 373 14 0 0 
43 379 4 0 0 
10 482 39 0 0 
113 431 36 0 0 
52 427 96 0 0 
28 420 6 0 0 
21 462 52 0 0 
29 330 46 0 0 
10 392 34 0 0 
8 455 79 0 0 
22 434 23 0 0 
36 466 8 0 0 
17 518 78 0 0 
55 348 35 0 0 
41 463 5 0 0 
71 420 34 0 0 
15 465 46 0 0 
3 523 9 0 0 
32 589 30 0 0 
14 394 35 0 0 
33 560 24 0 0 
29 371 10 0 0 
5 463 15 0 0 
22 400 18 0 0 
4 441 86 0 0 
92 398 73 0 0 
44 411 13 0 0 
30 416 28 0 0 
62 398 9 0 0 
21 346 14 0 0 
41 377 21 0 0 
28 304 52 0 0 
54 438 44 0 0 
43 408 40 0 0 
18 417 24 0 0 
102 356 18 0 0 
20 493 35 0 0 
47 438 7 0 0 
56 447 16 0 0 
51 423 19 0 0 
27 448 38 0 0 
42 484 22 0 0 
17 425 43 0 0 
5 355 6 0 0 
51 463 21 0 0 
42 441 63 0 0 
67 425 11 0 0 
57 429 24 0 0 
54 455 56 0 0 
51 349 45 0 0 
18 418 2 0 0 
54 436 23 0 0 
14 466 40 0 0 
98 331 4 0 0 
27 411 40 0 0 
43 388 70 0 0 
24 540 29 0 0 
27 464 9 0 0 
44 429 14 0 0 
18 464 13 0 0 
18 377 54 0 0 
17 463 2 0 0 
6 370 49 0 0 
22 548 11 0 0 
6 515 31 0 0 
34 417 25 0 0 
37 416 14 0 0 
70 362 9 0 0 
31 338 23 0 0 
36 408 33 0 0 
42 360 18 0 0 
26 468 2 0 0 
29 448 19 0 0 
17 341 4 0 0 
9 456 19 0 0 
140 320 26 0 0 
23 418 37 0 0 
21 423 72 0 0 
27 396 60 0 0 
27 434 23 0 0 
35 359 36 0 0 
55 449 0 0 0 
61 455 48 0 0 
43 421 9 0 0 
33 448 29 0 0 
14 514 19 0 0 
26 327 43 0 0 
40 475 38 0 0 
50 395 35 0 0 
40 391 17 0 0 
34 418 16 0 0 
58 469 1 0 0 
74 366 28 0 0 
57 531 22 0 0 
21 368 9 0 0 
12 283 112 0 0 
47 501 0 0 0 
67 434 7 0 0 
23 423 28 0 0 
33 355 10 0 0 
46 446 3 0 0 
35 411 9 0 0 
63 503 15 0 0 
22 363 79 0 0 
29 449 33 0 0 
24 476 31 0 0 
58 387 14 0 0 
24 471 29 0 0 
44 359 13 0 0 
19 347 29 0 0 
7 380 42 0 0 
68 397 65 0 0 
92 474 14 0 0 
13 459 68 0 0 
21 467 13 0 0 
36 378 65 0 0 
64 358 23 0 0 
52 469 6 0 0 
7 426 44 0 0 
10 442 95 0 0 
31 469 37 0 0 
48 379 104 0 0 
54 406 19 0 0 
37 395 48 0 0 
47 496 7 0 0 
13 428 4 0 0 
38 436 8 0 0 
22 403 6 0 0 
13 415 32 0 0 
22 523 12 0 0 
2 438 13 0 0 
85 450 12 0 0 
48 428 27 0 0 
23 520 3 0 0 
40 441 22 0 0 
31 490 25 0 0 
51 306 42 0 0 
58 514 27 0 0 
25 445 8 0 0 
26 477 4 0 0 
82 345 47 0 0 
48 452 36 0 0 
36 430 20 0 0 
34 473 41 0 0 
65 421 6 0 0 
22 455 23 0 0 
40 409 41 0 0 
62 416 17 0 0 
34 415 72 0 0 
133 493 27 0 0 
19 513 29 0 0 
19 622 27 0 0 
26 456 13 0 0 
37 444 31 0 0 
3 560 20 0 0 
69 373 31 0 0 
28 442 26 0 0 
25 415 8 0 0 
52 498 4 0 0 
55 457 33 0 0 
31 439 118 0 0 
5 391 58 0 0 
34 407 42 0 0 
24 422 34 0 0 
5 453 14 0 0 
12 414 14 0 0 
46 499 7 0 0 
80 427 28 0 0 
48 490 12 0 0 
75 369 68 0 0 
82 362 19 0 0 
21 413 94 0 0 
34 388 27 0 0 
65 375 55 0 0 
14 390 62 0 0 
16 408 17 0 0 
12 539 0 0 0 
33 450 2 0 0 
70 404 1 0 0 
75 486 30 0 0 
24 429 99 0 0 
20 506 23 0 0 
27 612 2 0 0 
10 464 30 0 0 
84 373 82 0 0 
41 563 0 0 0 
26 577 4 0 0 
17 459 27 0 0 
59 380 12 0 0 
96 390 34 0 0 
66 455 6 0 0 
35 403 68 0 0 
18 599 21 0 0 
31 468 20 0 0 
59 394 14 0 0 
9 522 17 0 0 
32 486 42 0 0 
24 538 14 0 0 
14 449 47 0 0 
29 407 31 0 0 
32 380 41 0 0 
26 480 30 0 0 
29 450 19 0 0 
66 477 3 0 0 
81 364 44 0 0 
76 403 14 0 0 
22 385 12 0 0 
42 376 64 0 0 
36 367 76 0 0 
18 570 8 0 0 
29 441 30 0 0 
7 392 70 0 0 
38 366 69 0 0 
23 419 22 0 0 
37 389 33 0 0 
28 538 21 0 0 
46 344 38 0 0 
3 446 33 0 0 
36 319 39 0 0 
45 448 8 0 0 
24 563 26 0 0 
20 407 35 0 0 
28 496 4 0 0 
22 547 23 0 0 
20 423 32 0 0 
15 367 60 0 0 
83 455 16 0 0 
0 419 14 0 0 
21 499 18 0 0 
59 395 3 0 0 
19 480 32 0 0 
7 418 63 0 0 
23 434 8 0 0 
42 433 74 0 0 
16 418 43 0 0 
24 521 27 0 0 
59 478 13 0 0 
63 550 24 0 0 
15 471 42 0 0 
10 515 50 0 0 
56 403 14 0 0 
22 445 75 0 0 
22 449 46 0 0 
38 462 64 0 0 
21 493 7 0 0 
14 398 49 0 0 
52 419 51 0 0 
17 536 5 0 0 
128 476 22 0 0 
18 474 18 0 0 
35 389 16 0 0 
58 496 35 0 0 
7 455 29 0 0 
60 487 26 0 0 
58 371 34 0 0 
22 577 7 0 0 
92 318 29 0 0 
47 414 70 0 0 
33 463 28 0 0 
45 384 8 0 0 
43 384 13 0 0 
47 477 13 0 0 
40 358 12 0 0 
19 418 0 0 0 
18 405 56 0 0 
37 427 51 0 0 
94 420 24 0 0 
21 537 7 0 0 
19 460 18 0 0 
26 357 74 0 0 
51 340 108 0 0 
33 401 11 0 0 
22 417 47 0 0 
46 445 19 0 0 
13 397 21 0 0 
14 477 44 0 0 
17 444 21 0 0 
31 357 4 0 0 
46 385 18 0 0 
6 425 24 0 0 
44 370 42 0 0 
73 324 12 0 0 
40 458 2 0 0 
31 363 35 0 0 
19 555 14 0 0 
51 382 25 0 0 
26 505 16 0 0 
17 454 11 0 0 
0 468 32 0 0 
52 450 23 0 0 
37 473 26 0 0 
12 551 18 0 0 
0 443 10 0 0 
23 532 16 0 0 
19 474 11 0 0 
40 387 34 0 0 
25 540 12 0 0 
40 375 63 0 0 
34 436 38 0 0 
52 470 32 0 0 
62 349 9 0 0 
88 429 41 0 0 
98 419 47 0 0 
89 348 26 0 0 
15 483 15 0 0 
14 450 6 0 0 
35 473 76 0 0 
14 434 54 0 0 
19 391 37 0 0 
15 498 27 0 0 
69 439 25 0 0 
21 445 32 0 0 
49 411 25 0 0 
40 494 17 0 0 
39 439 62 0 0 
36 531 33 0 0 
20 503 3 0 0 
30 437 19 0 0 
57 477 49 0 0 
91 375 12 0 0 
14 494 17 1 0 
53 355 36 0 0 
9 527 17 0 0 
46 484 14 0 0 
21 428 28 0 0 
56 453 6 0 0 
33 423 10 0 0 
16 478 13 0 0 
12 486 9 0 0 
24 404 78 0 0 
66 456 10 0 0 
46 477 9 0 0 
43 447 6 0 0 
13 440 35 0 0 
16 429 17 0 0 
57 379 43 0 0 
82 425 24 0 0 
58 364 80 0 0 
49 474 27 0 0 
25 379 48 0 0 
34 529 6 0 0 
30 440 13 0 0 
17 307 33 0 0 
33 390 76 0 0 
37 553 23 0 0 
33 514 26 0 0 
53 412 6 0 0 
36 378 14 0 0 
21 510 35 0 0 
110 456 9 0 0 
4 481 52 0 0 
27 385 34 0 0 
37 448 20 0 0 
40 498 24 0 0 
71 397 25 0 0 
79 302 11 0 0 
2 419 45 0 0 
21 301 69 0 0 
3 405 22 0 0 
40 406 26 0 0 
53 382 43 0 0 
10 434 46 0 0 
31 352 54 0 0 
97 338 30 0 0 
85 467 2 0 0 
21 491 5 0 0 
54 492 8 0 0 
19 449 10 4 0 
45 275 14 0 0 
0 380 19 0 0 
35 401 13 0 0 
63 314 32 0 0 
62 402 26 0 0 
36 356 45 0 0 
39 418 24 0 0 
17 479 17 0 0 
40 520 15 0 0 
31 403 7 0 0 
6 488 24 0 0 
23 433 31 0 0 
22 489 45 0 0 
1 373 15 0 0 
58 443 31 0 0 
70 421 15 0 0 
26 413 42 0 0 
63 336 68 0 0 
7 379 63 0 0 
60 478 14 0 0 
22 312 87 0 0 
20 561 25 0 0 
56 423 29 0 0 
37 272 97 0 0 
12 456 38 0 0 
21 414 3 0 0 
42 381 31 0 0 
27 441 48 0 0 
105 398 5 0 0 
30 432 45 0 0 
47 404 1 0 0 
52 485 9 0 0 
48 397 66 0 0 
91 457 31 0 0 
2 424 11 0 0 
11 388 56 0 0 
36 430 42 0 0 
47 452 5 0 0 
34 527 16 0 0 
73 404 4 0 0 
31 545 1 0 0 
35 374 66 0 0 
28 444 42 0 0 
49 374 21 0 0 
34 551 8 0 0 
45 436 57 0 0 
3 534 52 0 0 
23 476 36 0 0 
50 475 50 0 0 
42 405 18 0 0 
20 477 20 0 0 
5 448 67 0 0 
32 552 10 0 0 
57 396 7 0 0 
74 536 5 0 0 
8 552 8 0 0 
8 422 29 0 0 
34 414 30 0 0 
23 558 13 0 0 
33 428 4 0 0 
54 300 27 0 0 
37 403 17 0 0 
116 396 30 0 0 
54 447 67 0 0 
27 424 40 0 0 
64 412 18 0 0 
27 432 33 0 0 
73 442 7 0 0 
87 360 13 0 0 
21 474 37 0 0 
54 391 18 0 0 
45 422 12 0 0 
34 535 12 0 0 
28 360 0 0 0 
56 439 25 0 0 
37 406 29 0 0 
11 378 53 0 0 
11 451 53 0 0 
2 444 53 0 0 
15 457 22 0 0 
3 497 14 0 0 
2 406 78 0 0 
36 447 8 0 0 
66 303 99 0 0 
6 441 27 0 0 
31 391 29 0 0 
4 584 33 0 0 
33 529 10 0 0 
26 444 29 0 0 
38 483 11 0 0 
8 494 31 0 0 
65 476 35 0 0 
13 630 28 0 0 
18 503 11 0 0 
22 395 17 0 0 
29 490 4 0 0 
74 399 31 0 0 
36 316 9 0 0 
49 382 13 0 0 
63 413 34 0 0 
31 518 7 0 0 
29 445 7 0 0 
15 425 48 0 0 
15 477 18 0 0 
47 406 71 0 0 
29 453 4 0 0 
36 442 23 0 0 
50 402 42 0 0 
60 438 43 0 0 
40 452 9 0 0 
22 586 14 0 0 
31 449 54 0 0 
31 439 42 0 0 
71 485 2 0 0 
26 418 12 0 0 
10 556 33 0 0 
42 358 15 0 0 
34 460 10 0 0 
77 416 63 0 0 
15 501 36 0 0 
16 351 67 0 0 
85 343 7 0 0 
25 418 21 0 0 
29 534 29 0 0 
52 436 11 0 0 
5 475 6 0 0 
38 433 5 0 0 
30 373 20 0 0 
7 504 74 0 0 
101 323 43 0 0 
42 460 3 0 0 
36 396 42 0 0 
69 399 57 0 0 
39 460 12 0 0 
48 353 36 0 0 
23 538 37 0 0 
88 308 38 0 0 
32 328 41 1 0 
32 472 5 0 0 
31 392 39 0 0 
79 392 2 15 0 
7 430 28 0 0 
38 386 46 0 0 
107 380 39 0 0 
18 455 23 0 0 
13 359 51 0 0 
6 425 26 0 0 
20 429 44 0 0 
19 311 17 0 0 
7 523 26 0 0 
27 524 56 0 0 
14 440 48 0 0 
49 418 46 0 0 
7 412 46 0 0 
26 418 40 0 0 
13 521 36 0 0 
7 552 38 0 0 
19 318 15 0 0 
45 379 96 0 0 
18 423 69 0 0 
77 356 72 0 0 
38 465 10 0 0 
21 492 50 0 0 
7 432 37 0 0 
78 430 21 0 0 
20 442 28 0 0 
30 407 16 0 0 
12 404 3 0 0 
28 435 68 0 0 
55 362 45 0 0 
77 331 69 0 0 
33 462 23 0 0 
27 472 15 0 0 
43 345 14 0 0 
2 426 71 0 0 
30 398 8 0 0 
23 369 77 0 0 
21 491 15 0 0 
44 445 31 0 0 
16 398 26 0 0 
47 368 60 0 0 
41 406 8 0 0 
12 430 15 0 0 
8 528 20 0 0 
13 481 31 0 0 
19 584 26 0 0 
128 413 20 0 0 
14 533 10 0 0 
39 292 52 0 0 
9 467 35 0 0 
6 422 17 0 0 
25 461 6 0 0 
19 388 43 0 0 
53 407 5 0 0 
46 527 7 0 0 
17 470 78 0 0 
12 552 9 0 0 
32 351 42 0 0 
15 447 24 0 0 
15 409 36 0 0 
20 515 23 0 0 
20 363 35 0 0 
8 465 23 0 0 
35 496 10 0 0 
36 386 5 0 0 
28 495 19 0 0 
24 307 113 0 0 
85 321 17 0 0 
48 358 25 0 0 
22 444 73 0 0 
33 526 15 0 0 
7 328 64 0 0 
1 513 6 0 0 
0 432 8 0 0 
10 493 25 0 0 
25 450 50 0 0 
48 393 20 0 0 
15 353 67 0 0 
77 358 20 0 0 
18 418 24 0 0 
31 318 25 0 0 
6 388 4 0 0 
21 503 34 0 0 
73 388 42 0 0 
118 391 46 0 0 
55 464 18 0 0 
49 418 38 0 0 
33 388 33 0 0 
15 404 61 0 0 
19 488 23 0 0 
16 419 25 0 0 
26 434 9 0 0 
72 482 0 0 0 
43 447 4 0 0 
24 391 23 0 0 
16 455 8 0 0 
62 402 53 0 0 
76 321 7 0 0 
67 402 3 6 0 
12 416 119 0 0 
30 455 1 0 0 
50 333 43 2 0 
23 446 41 0 0 
33 362 3 0 0 
24 414 7 7 0 
34 385 9 0 0 
27 337 35 0 0 
36 479 18 0 0 
35 368 18 0 0 
18 454 56 0 0 
26 413 26 0 0 
11 404 11 0 0 
50 478 19 0 0 
47 459 84 0 0 
16 297 65 0 0 
29 491 30 0 0 
44 358 49 0 0 
71 473 12 0 0 
25 505 1 0 0 
43 558 14 0 0 
28 410 25 0 0 
61 413 12 0 0 
33 455 23 0 0 
97 422 26 0 0 
39 365 12 0 0 
40 442 5 0 0 
16 493 6 0 0 
28 456 5 0 0 
12 470 33 0 0 
25 347 14 0 0 
29 471 6 4 0 
67 404 55 0 0 
27 371 43 0 0 
18 527 34 0 0 
25 500 52 0 0 
63 434 27 0 0 
29 536 7 0 0 
22 438 23 0 0 
25 399 23 0 0 
32 479 57 0 0 
17 467 61 0 0 
30 430 25 0 0 
31 479 14 0 0 
16 447 38 0 0 
17 353 38 0 0 
52 422 42 0 0 
18 482 31 0 0 
46 405 19 0 0 
21 469 42 0 0 
48 414 38 0 0 
18 489 24 0 0 
7 412 28 0 0 
34 443 33 0 0 
32 593 46 0 0 
85 393 6 0 0 
52 492 30 0 0 
18 472 16 0 0 
60 338 32 0 0 
125 278 34 0 0 
22 497 19 0 0 
63 407 16 0 0 
26 591 17 0 0 
64 454 27 0 0 
47 246 57 0 0 
72 348 39 0 0 
4 433 133 0 0 
52 506 23 0 0 
41 290 35 0 0 
29 520 47 0 0 
36 538 18 0 0 
18 370 19 0 0 
54 283 14 0 0 
38 405 32 0 0 
73 371 33 0 0 
41 456 64 0 0 
21 530 8 0 0 
42 465 13 0 0 
5 458 36 0 0 
15 429 11 0 0 
40 354 44 0 0 
0 420 73 0 0 
14 469 45 0 0 
17 472 16 0 0 
57 373 46 0 0 
44 282 37 0 0 
52 339 53 0 0 
35 469 4 0 0 
21 415 18 0 0 
61 511 64 0 0 
36 371 40 0 0 
1 485 27 0 0 
24 468 25 0 0 
53 374 4 0 0 
12 454 35 0 0 
25 459 45 0 0 
31 421 34 0 0 
10 336 29 0 0 
43 358 52 0 0 
60 422 44 0 0 
32 476 14 0 0 
27 563 0 0 0 
4 478 44 0 0 
40 326 59 0 0 
18 415 46 0 0 
31 416 32 0 0 
26 387 38 0 0 
15 431 24 0 0 
84 530 19 0 0 
32 420 20 0 0 
10 266 26 0 0 
8 379 10 0 0 
62 411 43 0 0 
40 449 20 0 0 
7 440 28 0 0 
9 437 33 0 0 
74 407 35 0 0 
54 465 10 0 0 
4 365 50 0 0 
9 504 1 0 0 
68 520 18 0 0 
2 442 17 0 0 
25 405 39 0 0 
41 551 5 0 0 
37 462 41 0 0 
39 339 31 0 0 
29 380 91 0 0 
16 407 68 0 0 
31 480 13 0 0 
60 380 28 0 0 
24 366 16 0 0 
58 387 23 0 0 
26 467 56 0 0 
15 378 42 0 0 
17 616 8 0 0 
25 475 70 0 0 
19 369 59 0 0 
14 458 2 0 0 
54 338 42 0 0 
64 461 14 0 0 
38 353 69 0 0 
106 425 18 0 0 
42 489 11 0 0 
21 482 20 0 0 
11 494 56 0 0 
22 400 20 0 0 
75 446 25 0 0 
66 424 13 0 0 
54 429 15 0 0 
76 480 11 0 0 
26 468 72 0 0 
64 435 77 0 0 
38 358 54 0 0 
87 296 32 0 0 
42 371 13 0 0 
34 446 70 0 0 
32 557 0 0 0 
23 513 12 0 0 
18 428 13 0 0 
9 537 40 0 0 
17 406 51 0 0 
35 399 29 0 0 
46 389 34 0 0 
28 366 50 0 0 
27 473 38 0 0 
13 475 1 0 0 
3 573 23 0 0 
12 600 16 0 0 
57 485 1 0 0 
42 480 0 0 0 
66 379 10 0 0 
60 359 50 0 0 
12 449 16 0 0 
33 485 35 0 0 
18 431 20 0 0 
50 480 12 0 0 
55 406 27 0 0 
33 387 4 0 0 
66 346 24 0 0 
105 311 51 0 0 
24 534 15 0 0 
50 358 13 0 0 
0 496 8 0 0 
21 407 74 0 0 
15 514 1 0 0 
30 416 43 0 0 
44 438 31 0 0 
45 440 28 0 0 
8 464 58 0 0 
33 480 39 0 0 
36 542 35 0 0 
44 459 30 0 0 
21 441 27 0 0 
17 442 63 0 0 
47 421 12 0 0 
22 563 10 0 0 
5 490 3 0 0 
28 413 56 0 0 
22 504 11 0 0 
53 390 40 0 0 
26 340 10 14 0 
29 534 8 0 0 
10 455 51 0 0 
38 458 34 0 0 
24 382 24 0 0 
56 490 47 0 0 
6 434 21 0 0 
41 356 19 0 0 
40 463 24 0 0 
49 436 4 0 0 
82 365 42 0 0 
30 410 20 0 0 
27 481 17 0 0 
30 464 13 0 0 
76 384 14 0 0 
21 506 0 0 0 
30 382 73 0 0 
19 420 21 0 0 
24 432 26 0 0 
67 493 37 0 0 
47 273 18 0 0 
7 447 10 0 0 
93 383 26 0 0 
28 455 8 0 0 
31 515 21 0 0 
91 479 43 0 0 
34 399 74 0 0 
1 447 56 0 0 
62 449 36 0 0 
8 468 23 0 0 
29 499 52 0 0 
69 402 56 0 0 
57 416 19 0 0 
16 489 3 0 0 
24 412 46 0 0 
24 475 17 0 0 
41 400 69 0 0 
27 435 41 0 0 
36 409 138 0 0 
35 459 28 0 0 
35 400 22 0 0 
25 460 10 0 0 
4 479 24 0 0 
55 404 24 0 0 
48 447 30 0 0 
43 438 34 0 0 
46 282 87 0 0 
83 455 62 0 0 
19 494 12 0 0 
50 518 34 0 0 
64 409 9 0 0 
87 471 5 0 0 
22 476 16 0 0 
50 292 39 0 0 
60 346 3 0 0 
27 415 46 0 0 
23 468 4 0 0 
33 443 27 0 0 
58 447 1 0 0 
20 449 40 0 0 
26 530 3 0 0 
21 473 47 0 0 
14 408 91 0 0 
35 384 32 0 0 
122 352 32 0 0 
85 368 2 0 0 
12 415 39 0 0 
45 382 77 0 0 
16 558 4 0 0 
29 383 48 0 0 
19 346 5 0 0 
20 461 42 0 0 
24 490 11 0 0 
8 575 15 0 0 
49 422 14 0 0 
45 376 32 0 0 
61 418 11 0 0 
10 459 16 0 0 
10 414 41 10 0 
43 476 21 0 0 
29 301 66 0 0 
98 404 7 0 0 
31 423 7 0 0 
61 437 47 0 0 
40 505 19 0 0 
67 419 4 0 0 
52 429 10 0 0 
21 476 2 0 0 
65 332 13 0 0 
11 503 16 0 0 
60 452 34 0 0 
39 379 21 0 0 
25 492 19 0 0 
33 362 27 0 0 
25 347 26 0 0 
36 395 35 0 0 
11 476 20 0 0 
3 460 29 0 0 
31 387 79 0 0 
16 539 10 0 0 
78 418 33 0 0 
49 550 15 0 0 
32 443 51 0 0 
42 425 17 0 0 
29 395 76 0 0 
6 390 82 0 0 
55 437 22 0 0 
32 432 17 0 0 
44 437 22 26 0 
18 484 8 0 0 
5 441 17 0 0 
23 457 16 0 0 
19 514 26 0 0 
53 353 42 0 0 
43 470 31 0 0 
38 440 54 0 0 
21 506 8 0 0 
78 366 28 0 0 
1 426 12 0 0 
1 469 41 0 0 
59 351 38 0 0 
13 393 75 0 0 
44 342 42 0 0 
32 359 37 0 0 
63 436 22 0 0 
23 463 23 0 0 
69 466 46 0 0 
49 371 12 0 0 
11 425 25 0 0 
60 369 25 0 0 
32 497 18 0 0 
10 520 21 0 0 
17 535 48 0 0 
71 456 3 0 0 
28 326 42 0 0 
59 510 34 0 0 
26 463 11 0 0 
24 490 11 0 0 
45 435 6 0 0 
58 416 41 0 0 
84 417 49 0 0 
125 301 15 0 0 
61 434 28 0 0 
27 424 86 0 0 
17 421 1 0 0 
38 358 39 0 0 
69 509 14 0 0 
21 506 57 1 0 
75 352 19 0 0 
7 469 51 0 0 
6 426 40 0 0 
17 541 22 0 0 
13 412 20 0 0 
50 470 2 0 0 
26 389 27 0 0 
66 479 18 0 0 
13 397 25 0 0 
35 547 27 0 0 
62 345 24 0 0 
64 474 9 0 0 
66 376 18 0 0 
30 509 31 0 0 
32 371 23 0 0 
109 405 50 0 0 
14 496 52 0 0 
43 501 36 0 0 
70 283 46 0 0 
37 535 6 0 0 
43 422 10 0 0 
30 418 32 0 0 
41 476 16 0 0 
41 391 5 0 0 
25 480 31 0 0 
47 435 18 0 0 
7 384 32 0 0 
48 274 73 0 0 
34 433 109 0 0 
21 426 26 0 0 
14 453 19 0 0 
62 467 30 0 0 
4 320 75 0 0 
51 430 8 0 0 
6 449 95 0 0 
43 512 32 0 0 
32 342 35 0 0 
14 459 14 0 0 
112 356 22 0 0 
9 373 78 0 0 
24 403 44 0 0 
40 370 26 8 0 
26 520 50 0 0 
