108 193 49 5 0 
158 146 53 0 0 
85 225 105 0 0 
72 259 90 0 0 
88 241 50 0 0 
138 316 36 0 0 
90 215 77 0 0 
142 220 41 0 0 
124 312 49 0 0 
133 333 9 0 0 
77 191 76 24 0 
158 193 21 0 0 
91 184 68 0 0 
130 236 53 0 0 
159 217 56 0 0 
64 212 44 24 0 
98 257 26 0 0 
142 208 77 4 0 
95 197 54 17 0 
133 221 95 0 0 
96 169 32 0 0 
154 245 77 4 0 
52 267 39 0 0 
118 95 44 9 0 
198 171 4 0 0 
228 236 62 0 0 
60 268 32 0 0 
100 278 27 0 0 
64 313 23 0 0 
96 212 41 0 0 
79 313 44 0 0 
166 221 91 0 0 
194 265 24 36 0 
172 132 49 0 0 
143 223 65 0 0 
135 131 76 4 0 
57 314 46 0 0 
87 143 89 0 0 
120 278 26 0 0 
197 71 46 14 0 
58 246 30 0 0 
167 251 39 0 0 
144 212 58 7 0 
163 240 22 8 0 
190 150 20 0 0 
91 150 24 0 0 
120 288 85 0 0 
194 152 32 0 0 
112 130 78 0 0 
151 290 91 10 0 
200 152 37 0 0 
146 238 54 0 0 
102 210 16 0 0 
145 301 47 5 0 
159 249 26 0 0 
49 215 86 0 0 
98 198 31 0 0 
81 313 28 8 0 
98 258 77 0 0 
124 214 19 0 0 
166 199 112 13 0 
171 169 50 2 0 
93 256 65 0 0 
125 214 13 0 0 
83 256 53 0 0 
128 160 48 0 0 
100 257 8 0 0 
84 126 14 0 0 
118 260 49 8 0 
125 232 37 0 0 
141 174 30 0 0 
69 160 48 2 0 
143 271 3 0 0 
35 303 33 6 0 
111 366 64 0 0 
190 194 32 0 0 
135 324 22 9 0 
89 311 65 0 0 
179 212 100 0 0 
123 199 73 0 0 
132 167 106 0 0 
110 118 71 0 0 
99 263 64 0 0 
139 182 39 0 0 
155 251 46 3 0 
109 301 46 0 0 
131 261 46 0 0 
85 255 40 0 0 
51 181 56 19 0 
205 302 57 0 0 
184 190 41 1 0 
165 245 79 27 0 
51 153 113 0 0 
170 228 94 0 0 
116 210 16 0 0 
136 175 59 0 0 
140 288 23 0 0 
153 179 34 9 0 
187 226 83 0 0 
122 330 28 0 0 
112 154 80 0 0 
100 192 41 0 0 
252 149 65 0 0 
231 216 12 0 0 
144 173 53 0 0 
105 236 17 1 0 
186 232 29 0 0 
62 243 85 0 0 
165 139 56 0 0 
50 288 63 0 0 
192 198 21 0 0 
89 242 42 0 0 
154 174 49 0 0 
130 243 101 0 0 
101 210 49 0 0 
104 290 153 0 0 
120 141 26 0 0 
166 217 22 2 0 
42 237 89 1 0 
139 306 33 0 0 
147 193 99 1 0 
155 239 81 0 0 
144 194 46 0 0 
164 212 12 6 0 
135 277 24 1 0 
143 176 33 0 0 
76 279 7 3 0 
93 265 44 10 0 
106 202 57 0 0 
63 250 92 3 0 
173 198 46 10 0 
81 286 57 0 0 
60 374 42 0 0 
119 261 164 0 0 
72 364 33 0 0 
164 251 21 0 0 
128 195 60 38 0 
167 142 86 0 0 
58 248 80 8 0 
128 240 70 0 0 
137 354 19 0 0 
84 193 46 0 0 
114 183 35 0 0 
118 286 23 0 0 
63 185 31 0 0 
73 323 44 0 0 
208 216 25 0 0 
121 166 69 0 0 
130 224 64 0 0 
79 231 62 10 0 
210 210 36 0 0 
118 179 55 1 0 
182 177 19 3 0 
66 193 58 0 0 
107 188 100 0 0 
137 196 37 0 0 
135 232 115 0 0 
168 228 93 2 0 
177 292 30 12 0 
191 263 19 0 0 
155 256 48 0 0 
160 353 4 0 0 
94 238 102 0 0 
48 227 68 17 0 
168 238 23 0 0 
98 126 62 0 0 
59 262 35 0 0 
53 220 34 0 0 
204 230 14 0 0 
125 266 24 20 0 
22 258 181 10 0 
83 236 50 4 0 
151 252 110 1 0 
83 348 30 0 0 
115 314 20 0 0 
146 165 58 20 0 
72 199 69 4 0 
191 234 40 11 0 
104 220 71 0 0 
97 138 73 8 0 
48 257 39 1 0 
55 151 63 0 0 
99 213 90 0 0 
46 188 93 20 0 
132 206 87 0 0 
193 130 80 0 0 
127 187 65 2 0 
70 379 23 0 0 
55 321 34 19 0 
183 235 36 5 0 
122 356 62 0 0 
88 198 142 0 0 
173 235 56 1 0 
93 254 16 21 0 
60 163 75 0 0 
130 186 51 0 0 
138 230 94 0 0 
86 303 51 0 0 
181 248 48 0 0 
217 179 31 0 0 
98 278 70 0 0 
73 232 71 8 0 
126 233 63 0 0 
135 225 113 0 0 
178 168 21 0 0 
125 133 34 0 0 
254 198 58 0 0 
90 290 49 0 0 
70 130 93 7 0 
70 167 74 0 0 
118 211 76 0 0 
67 161 102 0 0 
167 271 61 20 0 
196 176 4 0 0 
97 199 91 0 0 
102 182 79 0 0 
256 147 19 0 0 
116 179 18 0 0 
85 199 51 0 0 
106 231 14 22 0 
188 152 47 8 0 
170 181 18 0 0 
77 165 81 1 0 
45 283 46 0 0 
113 228 103 0 0 
170 190 119 0 0 
133 317 31 0 0 
165 251 54 17 0 
93 277 60 0 0 
188 228 82 3 0 
109 183 47 10 0 
112 204 48 0 0 
139 280 24 0 0 
173 281 44 0 0 
121 288 34 0 0 
147 232 55 0 0 
104 225 55 0 0 
115 246 71 0 0 
58 248 120 0 0 
157 170 40 0 0 
84 196 49 0 0 
157 270 66 0 0 
28 183 19 0 0 
69 314 94 0 0 
113 246 78 0 0 
83 228 60 0 0 
215 204 89 1 0 
137 154 81 6 0 
55 257 27 0 0 
78 142 29 0 0 
102 216 29 0 0 
108 292 105 0 0 
104 226 29 14 0 
139 80 104 0 0 
133 132 42 0 0 
118 239 40 0 0 
126 274 53 0 0 
234 147 45 0 0 
162 218 23 0 0 
178 180 9 0 0 
100 300 35 0 0 
145 168 132 1 0 
103 273 17 0 0 
91 295 25 0 0 
181 256 8 0 0 
146 254 50 4 0 
99 195 45 0 0 
104 197 42 0 0 
74 215 56 0 0 
86 223 91 29 0 
135 196 68 0 0 
98 273 8 0 0 
66 159 54 0 0 
142 140 69 4 0 
153 263 48 0 0 
116 258 58 9 0 
191 209 32 0 0 
123 219 52 0 0 
130 209 89 0 0 
182 189 49 0 0 
146 232 38 11 0 
173 148 67 0 0 
27 281 27 1 0 
133 227 36 0 0 
106 253 79 0 0 
94 173 57 0 0 
137 225 65 32 0 
169 222 43 0 0 
162 202 28 4 0 
199 127 26 1 0 
98 151 40 0 0 
164 236 65 0 0 
197 171 70 6 0 
93 301 49 0 0 
90 241 32 0 0 
76 254 45 1 0 
120 324 52 0 0 
142 146 48 0 0 
145 217 51 0 0 
121 199 42 5 0 
147 201 84 0 0 
64 225 82 0 0 
85 277 82 0 0 
138 309 54 0 0 
93 207 49 0 0 
107 224 34 72 0 
90 186 49 26 0 
158 244 62 0 0 
155 234 52 0 0 
107 172 49 0 0 
145 236 114 0 0 
112 196 60 0 0 
142 175 84 2 0 
166 227 60 0 0 
122 289 19 4 0 
101 374 23 0 0 
180 323 40 13 0 
75 204 18 1 0 
77 272 79 0 0 
136 270 29 0 0 
97 290 10 0 0 
142 210 25 0 0 
73 195 132 0 0 
180 238 91 0 0 
111 248 69 0 0 
198 142 44 3 0 
85 286 12 10 0 
98 288 11 0 0 
79 294 54 0 0 
225 109 153 0 0 
60 211 34 2 0 
164 221 25 1 0 
98 172 72 2 0 
243 246 38 0 0 
139 176 92 0 0 
54 165 72 0 0 
111 260 44 0 0 
221 159 81 5 0 
150 184 88 0 0 
73 196 122 0 0 
78 191 103 0 0 
140 278 38 0 0 
220 239 28 0 0 
159 207 51 0 0 
26 252 66 0 0 
177 262 24 0 0 
50 240 29 0 0 
132 300 54 0 0 
97 237 79 0 0 
108 177 18 0 0 
185 222 27 0 0 
114 168 24 1 0 
115 211 146 0 0 
104 309 27 0 0 
110 149 33 0 0 
182 221 32 0 0 
108 194 26 6 0 
109 251 39 0 0 
106 220 17 0 0 
147 184 42 5 0 
85 317 16 2 0 
79 282 31 0 0 
132 245 43 0 0 
63 248 18 0 0 
190 178 162 0 0 
66 273 93 0 0 
141 195 70 0 0 
111 217 17 0 0 
135 229 61 0 0 
132 259 83 0 0 
64 209 92 1 0 
96 312 50 1 0 
98 223 45 0 0 
81 248 14 0 0 
87 222 117 0 0 
178 141 104 8 0 
73 117 89 0 0 
103 226 26 1 0 
59 193 50 23 0 
94 195 66 0 0 
113 154 93 43 0 
150 313 36 0 0 
161 188 88 12 0 
159 215 40 0 0 
154 215 51 23 0 
61 312 104 0 0 
172 221 22 0 0 
99 158 139 1 0 
97 265 48 42 0 
59 284 99 0 0 
216 197 17 1 0 
100 233 84 0 0 
128 308 32 0 0 
116 283 26 0 0 
125 221 80 0 0 
150 242 19 0 0 
63 312 48 0 0 
139 195 101 0 0 
201 150 29 0 0 
200 295 38 9 0 
105 217 67 12 0 
63 138 88 0 0 
55 238 66 0 0 
146 197 59 0 0 
152 148 65 0 0 
172 161 70 19 0 
154 316 34 0 0 
83 279 33 0 0 
168 142 57 0 0 
195 103 55 0 0 
124 112 119 19 0 
214 204 135 0 0 
91 135 28 0 0 
52 215 134 0 0 
62 296 85 0 0 
50 327 39 0 0 
115 281 68 0 0 
59 108 66 21 0 
133 185 24 0 0 
145 257 83 0 0 
162 239 33 0 0 
170 178 61 5 0 
165 156 51 0 0 
151 240 34 0 0 
218 273 21 0 0 
111 184 48 0 0 
50 229 74 0 0 
102 193 187 0 0 
81 328 58 0 0 
90 231 129 13 0 
109 286 9 0 0 
103 279 43 1 0 
170 181 39 3 0 
71 231 97 24 0 
199 125 96 0 0 
174 171 98 7 0 
86 289 29 4 0 
70 164 65 4 0 
113 268 18 6 0 
119 254 101 0 0 
133 268 59 0 0 
95 386 46 0 0 
109 241 107 2 0 
186 248 31 0 0 
139 190 159 0 0 
62 225 15 0 0 
207 177 124 0 0 
141 292 73 0 0 
70 365 22 0 0 
184 280 27 0 0 
152 218 57 0 0 
88 105 63 5 0 
72 221 33 0 0 
184 200 32 0 0 
130 259 5 0 0 
114 169 27 0 0 
132 313 56 0 0 
87 152 113 2 0 
65 280 50 0 0 
124 157 37 0 0 
218 173 81 2 0 
24 217 72 0 0 
56 288 48 0 0 
73 315 50 11 0 
44 294 45 0 0 
63 208 82 0 0 
134 203 143 0 0 
160 201 42 1 0 
128 244 64 0 0 
133 188 56 25 0 
125 146 89 0 0 
79 197 53 0 0 
157 130 19 0 0 
75 220 75 0 0 
240 213 46 0 0 
117 211 19 0 0 
130 255 37 2 0 
154 182 45 0 0 
154 262 45 0 0 
91 261 74 10 0 
66 316 41 3 0 
152 181 24 13 0 
97 184 47 0 0 
70 208 122 0 0 
102 205 33 1 0 
176 200 53 0 0 
52 277 142 2 0 
86 221 94 0 0 
150 246 33 0 0 
103 174 41 0 0 
63 217 15 1 0 
45 239 40 1 0 
114 319 42 0 0 
123 260 29 0 0 
92 261 26 0 0 
107 298 59 0 0 
141 304 26 0 0 
113 232 54 0 0 
112 308 67 0 0 
84 204 115 1 0 
83 263 44 0 0 
22 209 133 0 0 
177 268 10 0 0 
111 309 7 0 0 
55 239 87 0 0 
109 263 49 19 0 
136 193 54 1 0 
113 289 40 4 0 
47 297 30 0 0 
86 188 41 1 0 
66 275 70 0 0 
101 212 52 0 0 
206 176 38 0 0 
112 294 47 30 0 
110 299 95 0 0 
189 280 88 0 0 
103 137 62 1 0 
111 330 47 0 0 
109 213 42 0 0 
161 266 6 0 0 
130 252 17 0 0 
123 241 41 0 0 
145 188 31 0 0 
205 212 57 0 0 
172 190 17 0 0 
95 244 12 0 0 
146 251 48 0 0 
135 166 18 0 0 
90 208 63 0 0 
136 249 90 0 0 
72 194 55 3 0 
98 213 69 1 0 
72 222 112 0 0 
115 240 36 0 0 
149 157 80 0 0 
236 355 55 0 0 
118 248 68 10 0 
75 263 63 0 0 
190 293 38 0 0 
195 210 69 0 0 
90 245 107 0 0 
72 333 36 0 0 
203 143 114 0 0 
115 286 84 0 0 
66 210 16 0 0 
30 285 101 8 0 
232 172 55 0 0 
71 217 155 0 0 
190 151 79 2 0 
137 199 25 0 0 
162 181 38 0 0 
134 297 54 0 0 
216 176 19 0 0 
100 214 9 0 0 
81 306 45 0 0 
91 269 41 0 0 
160 240 72 0 0 
82 328 102 0 0 
164 188 45 0 0 
127 243 52 0 0 
129 305 33 0 0 
72 281 57 19 0 
62 255 31 0 0 
171 171 29 21 0 
220 156 51 16 0 
81 276 35 0 0 
85 212 99 2 0 
55 309 69 0 0 
93 192 39 0 0 
124 372 24 0 0 
199 97 54 0 0 
31 275 66 0 0 
136 270 41 0 0 
144 206 51 0 0 
205 237 66 0 0 
72 283 36 4 0 
139 205 33 0 0 
58 186 29 5 0 
46 293 50 14 0 
87 272 14 1 0 
111 177 89 23 0 
189 190 33 25 0 
137 198 51 0 0 
134 319 13 0 0 
48 128 88 0 0 
47 234 81 0 0 
93 314 55 0 0 
68 302 37 0 0 
127 157 81 22 0 
100 246 62 1 0 
85 280 32 9 0 
171 233 16 21 0 
110 269 87 0 0 
108 261 50 6 0 
84 253 37 0 0 
123 249 160 0 0 
130 175 70 0 0 
178 150 47 10 0 
173 193 124 1 0 
200 294 35 3 0 
122 226 107 0 0 
154 276 10 2 0 
121 253 36 0 0 
129 257 30 0 0 
45 295 46 0 0 
92 291 44 0 0 
198 201 68 0 0 
83 237 77 0 0 
114 293 52 1 0 
184 193 44 0 0 
222 180 92 0 0 
86 177 34 7 0 
175 175 76 4 0 
79 346 89 0 0 
156 322 33 0 0 
192 226 16 0 0 
67 226 29 0 0 
132 142 84 6 0 
89 252 69 1 0 
104 218 47 0 0 
57 145 96 9 0 
56 246 89 2 0 
64 143 46 30 0 
144 295 32 0 0 
168 272 64 0 0 
73 273 74 0 0 
38 310 95 0 0 
135 145 49 0 0 
145 244 56 29 0 
96 268 76 0 0 
173 266 20 0 0 
90 153 81 0 0 
112 397 12 0 0 
71 344 67 0 0 
53 345 44 0 0 
124 208 48 7 0 
125 230 45 1 0 
158 232 60 0 0 
104 263 25 0 0 
149 151 90 0 0 
251 213 29 2 0 
141 266 41 0 0 
95 263 42 0 0 
83 236 83 2 0 
157 205 65 0 0 
144 259 36 3 0 
116 248 41 0 0 
110 204 76 0 0 
63 286 93 6 0 
112 193 100 0 0 
153 257 23 39 0 
152 159 68 2 0 
75 194 61 1 0 
105 202 19 0 3 
183 170 57 0 0 
126 161 108 0 0 
145 232 42 0 0 
175 182 66 0 0 
148 204 26 0 0 
111 172 127 0 0 
117 212 52 0 0 
89 223 39 0 0 
98 289 63 0 0 
169 229 79 6 0 
144 263 60 4 0 
146 193 19 2 0 
95 202 77 0 0 
139 224 24 0 0 
38 187 180 0 0 
153 172 8 20 0 
127 185 37 10 0 
126 222 84 1 0 
104 338 37 0 0 
174 371 59 0 0 
34 349 51 0 0 
161 278 64 0 0 
159 248 68 0 0 
90 253 64 1 0 
40 292 33 31 0 
92 337 45 2 0 
149 255 82 0 0 
161 308 25 0 0 
84 234 39 0 0 
216 120 48 0 0 
118 218 76 0 0 
272 197 76 0 0 
77 246 98 17 0 
130 225 45 0 0 
183 163 58 0 0 
199 169 109 0 0 
131 165 13 0 0 
159 205 22 1 0 
242 164 44 0 0 
107 169 103 0 0 
159 219 61 0 0 
136 188 107 0 0 
116 185 36 0 0 
193 255 53 12 0 
117 177 62 0 0 
217 178 14 0 0 
14 335 110 0 0 
209 51 115 0 0 
47 290 29 2 0 
169 196 32 0 0 
47 200 49 19 0 
94 267 46 0 0 
157 151 59 0 0 
123 322 53 7 0 
138 174 70 0 0 
247 223 57 0 0 
196 174 53 6 0 
67 237 50 0 0 
79 318 141 0 0 
68 324 45 1 0 
128 223 70 0 0 
109 112 70 17 0 
134 196 51 0 0 
157 178 14 0 0 
108 195 27 0 0 
88 255 73 0 0 
111 266 72 0 0 
99 266 29 0 0 
109 193 39 0 0 
128 276 50 0 0 
104 273 103 0 0 
169 243 84 0 0 
103 238 79 0 0 
84 239 48 1 0 
124 268 97 0 0 
43 229 49 0 0 
176 216 21 2 0 
128 276 73 9 0 
47 236 59 1 0 
125 240 55 0 0 
162 152 37 0 0 
118 185 51 3 0 
127 307 20 0 0 
100 274 21 1 0 
113 319 20 0 0 
99 143 56 1 0 
193 236 14 0 0 
131 263 30 0 0 
136 191 117 0 0 
146 184 7 0 0 
116 328 79 1 0 
62 190 66 0 0 
145 313 100 0 0 
164 230 52 1 0 
115 215 76 0 0 
132 185 130 0 0 
109 205 77 0 0 
151 167 86 0 0 
224 133 91 0 0 
67 267 52 0 0 
172 273 49 0 0 
158 303 34 0 0 
133 226 21 0 0 
169 219 15 0 0 
108 239 119 0 0 
78 279 34 0 0 
160 223 26 0 0 
91 141 55 15 0 
88 190 34 0 0 
152 282 59 0 0 
166 240 29 0 0 
62 288 17 12 0 
165 165 73 0 0 
110 281 72 0 0 
160 157 64 0 0 
138 181 84 27 0 
77 121 71 0 0 
201 202 19 0 0 
80 212 64 0 0 
126 216 66 0 0 
138 201 33 22 0 
129 194 16 0 0 
54 300 38 2 0 
176 253 16 0 0 
156 237 64 0 0 
110 255 3 0 0 
53 275 55 0 0 
120 247 22 0 0 
88 229 47 4 0 
33 295 113 31 0 
127 215 107 0 0 
154 258 30 0 0 
86 262 30 0 0 
154 251 48 1 0 
141 333 49 0 0 
152 257 21 0 0 
88 213 136 0 0 
61 273 43 4 0 
113 212 116 16 0 
148 244 22 1 0 
109 179 57 0 0 
72 290 24 0 0 
90 235 65 0 0 
196 210 41 0 0 
203 186 64 19 0 
250 232 33 2 0 
104 138 100 0 0 
110 209 63 0 0 
210 245 62 0 0 
106 343 15 0 0 
109 225 99 0 0 
181 192 29 0 0 
170 206 29 0 0 
49 213 59 5 0 
69 292 64 18 0 
177 223 55 0 0 
157 157 59 4 0 
129 198 44 0 0 
142 186 75 2 0 
145 241 54 0 0 
139 333 100 0 0 
162 191 91 0 0 
169 214 43 0 0 
123 220 74 1 0 
158 258 17 0 0 
100 147 66 0 0 
170 278 31 0 0 
97 237 20 0 0 
80 265 52 0 0 
141 332 126 0 0 
111 138 20 0 0 
154 271 41 0 0 
184 230 34 0 0 
172 185 44 0 0 
162 117 135 0 0 
26 209 42 6 0 
135 231 37 0 0 
144 240 40 7 0 
102 240 77 0 0 
140 171 86 0 0 
128 248 89 0 0 
107 160 24 4 0 
144 203 70 0 0 
33 243 17 29 0 
95 205 35 0 0 
200 143 52 0 0 
115 305 20 1 0 
103 262 56 0 0 
86 322 155 2 0 
166 160 30 0 0 
140 295 27 0 0 
180 211 81 0 0 
131 174 21 0 0 
140 186 62 1 0 
157 195 128 0 0 
142 231 82 4 0 
208 152 54 0 0 
113 244 65 2 0 
102 201 40 0 0 
124 168 46 0 0 
197 252 16 0 0 
175 193 40 0 0 
134 163 93 0 0 
195 286 17 2 0 
55 318 26 0 0 
104 211 58 0 1 
130 218 46 0 0 
113 309 45 0 0 
166 271 35 0 0 
134 211 75 0 0 
31 217 80 1 0 
126 116 28 0 0 
63 149 18 10 0 
139 285 41 0 0 
145 265 31 0 0 
128 212 49 0 0 
194 215 79 1 0 
81 265 88 0 0 
160 262 65 0 0 
167 201 7 0 0 
171 285 26 0 0 
73 326 33 22 0 
47 199 86 2 0 
126 58 80 27 0 
87 287 128 1 0 
98 216 73 4 0 
165 155 55 16 0 
98 190 155 5 0 
208 193 39 0 0 
161 154 15 4 0 
109 257 67 0 0 
150 204 72 2 0 
151 135 33 0 0 
63 252 35 0 0 
71 190 39 1 0 
184 165 109 0 0 
199 297 4 0 0 
166 158 74 0 0 
130 222 137 0 0 
54 232 136 0 0 
141 254 52 6 0 
88 348 27 0 0 
93 242 77 0 0 
74 176 44 0 0 
88 248 126 0 0 
90 334 68 1 0 
185 288 37 0 0 
111 221 37 0 0 
101 228 57 0 0 
191 268 40 0 0 
126 210 69 8 0 
47 183 68 7 0 
84 189 35 0 0 
181 187 91 0 0 
103 240 38 0 0 
58 282 8 0 0 
91 247 93 0 0 
170 213 49 0 0 
87 221 60 0 0 
129 186 47 0 0 
207 395 36 0 0 
109 219 82 0 0 
220 150 50 0 0 
208 252 52 1 0 
131 270 100 24 0 
86 231 70 1 0 
147 233 56 0 0 
179 207 5 0 0 
166 184 28 4 0 
76 222 116 0 0 
166 206 99 0 0 
118 245 125 0 0 
156 236 43 0 0 
100 257 57 0 0 
66 323 46 0 0 
101 261 43 0 0 
102 237 72 7 0 
126 196 171 0 0 
162 163 31 0 0 
56 132 81 0 0 
45 271 50 0 0 
63 331 91 2 0 
77 297 77 11 0 
98 127 56 0 0 
47 277 9 0 0 
121 230 18 0 0 
145 303 48 0 0 
31 299 41 0 0 
129 237 45 0 0 
141 154 65 0 23 
83 194 63 1 0 
76 155 36 0 0 
284 201 22 9 0 
195 164 52 0 0 
157 200 54 0 0 
96 242 42 0 0 
154 262 25 0 0 
173 231 104 0 0 
101 217 72 0 0 
126 186 55 1 0 
95 278 62 0 0 
111 281 67 0 0 
89 187 105 2 0 
171 190 53 0 0 
77 159 31 0 0 
141 278 68 0 0 
78 322 21 0 0 
154 204 56 1 0 
136 317 56 0 0 
88 182 12 3 0 
108 230 69 3 0 
75 329 48 0 0 
85 317 32 0 0 
127 197 34 0 0 
163 232 16 0 0 
142 213 99 0 0 
41 282 55 0 0 
89 320 8 0 0 
187 191 52 0 0 
93 147 115 0 0 
92 338 24 12 0 
176 233 18 0 0 
128 237 39 0 0 
179 170 50 0 0 
61 198 84 2 0 
55 262 98 1 0 
101 356 29 0 0 
122 202 58 13 0 
127 212 47 21 0 
194 188 37 0 0 
148 168 33 6 0 
95 182 55 4 0 
113 183 139 9 0 
100 108 52 0 0 
130 235 67 0 0 
60 394 42 1 0 
72 205 152 0 0 
181 243 22 10 0 
96 284 39 0 0 
56 208 75 0 0 
12 300 73 0 0 
105 174 47 0 0 
114 254 56 0 0 
84 157 56 6 0 
133 253 64 0 0 
220 153 50 0 0 
