17 114 155 48 0 
4 107 197 92 0 
1 80 100 121 0 
14 22 212 28 0 
8 56 159 102 2 
3 111 218 60 0 
13 83 178 89 0 
22 42 276 87 0 
4 89 144 88 0 
1 48 357 80 0 
14 80 140 5 0 
6 71 278 41 31 
7 81 123 140 0 
12 98 103 116 0 
20 49 128 88 36 
11 72 144 121 0 
0 81 239 105 0 
2 27 179 40 0 
6 138 125 154 0 
20 79 223 73 3 
9 102 175 185 0 
2 47 182 163 0 
5 33 189 40 0 
12 179 80 73 49 
11 67 97 98 0 
6 64 136 235 15 
18 34 216 65 20 
6 34 226 62 1 
7 78 110 85 11 
0 29 95 60 0 
6 101 118 120 17 
10 44 171 92 1 
2 79 214 57 1 
20 101 224 96 3 
5 9 148 142 1 
23 50 233 26 0 
0 57 135 104 0 
5 17 127 35 0 
18 25 151 29 0 
25 78 80 90 0 
11 45 239 38 0 
3 34 98 38 1 
4 17 179 65 3 
3 63 192 68 24 
22 147 207 16 3 
19 63 105 78 0 
6 39 111 66 0 
0 97 118 97 158 
1 54 253 158 0 
6 61 165 81 21 
6 58 111 147 0 
13 20 249 73 0 
3 62 204 81 36 
1 23 121 28 0 
7 92 140 64 7 
11 59 249 71 0 
8 108 161 106 1 
6 52 163 47 0 
0 10 227 276 0 
16 94 70 10 3 
11 44 63 80 14 
4 153 156 57 0 
17 137 297 167 0 
0 69 186 95 0 
23 100 165 40 0 
7 32 180 52 0 
1 31 162 108 24 
4 32 268 93 4 
5 112 161 61 0 
1 84 164 114 1 
16 49 171 77 5 
6 130 69 38 17 
1 43 203 148 1 
6 20 174 67 0 
1 108 88 70 1 
17 58 240 57 2 
13 114 91 164 0 
40 95 222 85 0 
3 34 144 35 7 
4 21 192 22 0 
16 47 168 51 3 
11 53 146 86 9 
10 39 189 106 1 
4 46 135 57 3 
0 86 141 16 3 
14 14 208 22 0 
5 38 136 64 1 
1 56 123 63 0 
7 59 145 140 17 
57 35 81 71 0 
2 95 166 103 0 
14 57 287 34 0 
12 85 178 81 0 
1 109 86 72 0 
7 10 80 62 10 
16 77 180 76 2 
3 114 137 151 0 
3 84 147 45 0 
14 36 166 29 0 
25 186 71 73 1 
3 73 164 100 0 
1 67 205 57 51 
11 70 239 37 0 
11 61 42 131 0 
18 61 137 73 0 
2 44 99 94 1 
9 114 234 60 0 
14 45 255 83 14 
11 66 179 101 8 
9 95 120 213 0 
33 60 72 101 0 
4 42 189 171 0 
7 72 211 37 2 
15 115 204 47 0 
6 103 100 47 0 
3 82 168 75 0 
1 43 290 75 5 
18 77 142 93 0 
8 88 208 146 0 
22 97 262 82 0 
2 94 218 81 0 
6 37 260 39 5 
1 15 195 51 0 
15 43 244 25 0 
43 65 139 61 0 
11 42 107 63 0 
10 54 203 30 1 
2 39 121 10 0 
13 87 84 44 0 
1 24 178 54 2 
2 66 70 40 0 
9 53 239 85 0 
1 65 147 114 0 
19 51 161 45 0 
4 92 256 119 0 
4 66 236 110 0 
5 16 279 100 0 
28 61 209 33 0 
0 38 172 171 0 
18 36 154 67 0 
14 47 179 26 0 
33 124 98 28 4 
4 78 104 46 23 
8 71 210 99 0 
2 74 311 48 3 
17 76 103 7 0 
2 51 227 86 0 
3 25 170 33 0 
14 90 215 73 0 
2 125 184 32 25 
10 29 163 88 0 
2 160 184 74 0 
6 108 82 125 0 
9 97 275 28 0 
16 52 209 70 0 
5 100 137 53 0 
2 70 131 152 2 
2 123 148 135 23 
11 63 217 56 0 
4 190 162 144 2 
8 9 205 90 40 
7 55 231 64 9 
9 42 221 22 0 
11 134 139 162 0 
3 69 231 224 1 
11 68 131 168 0 
1 123 182 65 0 
28 136 135 59 0 
5 134 180 27 0 
1 106 194 47 3 
0 30 180 144 0 
3 249 176 29 0 
11 72 195 152 1 
2 28 127 39 0 
14 65 215 42 0 
29 134 141 39 0 
1 53 255 76 0 
0 54 136 133 84 
1 39 160 42 0 
9 121 205 114 0 
3 59 92 180 0 
5 90 106 158 9 
4 29 241 38 0 
21 68 206 75 0 
17 82 186 31 13 
11 58 244 57 0 
0 62 147 145 5 
0 23 219 151 0 
0 121 116 35 0 
0 77 109 44 0 
0 83 232 48 0 
1 126 148 135 0 
13 58 220 60 0 
11 15 100 129 0 
2 38 281 42 0 
17 73 108 56 15 
10 93 182 41 33 
23 96 195 69 0 
2 52 186 64 20 
5 82 133 3 0 
8 95 174 71 0 
8 68 135 83 0 
4 74 206 84 0 
32 149 107 30 1 
15 79 92 62 0 
8 83 101 149 0 
2 29 132 60 0 
9 67 226 32 0 
22 44 147 24 0 
59 37 190 65 0 
3 29 121 60 74 
29 64 106 85 1 
1 64 220 78 0 
5 59 145 53 0 
3 71 159 28 3 
23 53 133 53 0 
25 26 128 107 0 
6 38 167 84 0 
1 65 215 102 0 
7 37 110 17 0 
5 87 109 90 0 
3 23 153 35 0 
2 40 165 204 0 
44 50 106 109 0 
14 34 177 70 5 
5 63 139 57 7 
4 55 131 41 0 
14 106 228 49 0 
13 49 227 25 0 
17 40 120 55 5 
21 57 223 68 0 
0 41 208 168 0 
10 27 66 169 0 
9 31 189 27 0 
5 76 146 53 6 
7 125 88 54 0 
3 26 149 76 6 
3 67 248 82 0 
1 144 161 144 0 
11 57 191 47 1 
9 36 170 97 0 
12 65 118 45 0 
70 34 144 41 1 
6 50 130 76 0 
16 31 93 38 0 
7 82 82 59 3 
3 112 131 51 8 
2 13 320 88 1 
0 37 200 65 0 
7 55 342 107 0 
18 9 124 106 0 
0 51 81 64 0 
3 57 93 132 0 
5 36 229 219 0 
0 122 127 10 27 
5 70 94 37 0 
0 64 118 22 1 
5 82 220 17 0 
4 77 228 37 0 
20 103 281 24 0 
6 46 249 18 1 
19 41 123 53 0 
4 83 184 101 0 
43 12 254 80 1 
8 57 206 127 50 
21 60 108 26 0 
13 30 147 23 0 
5 114 122 24 0 
1 38 187 16 0 
11 103 273 70 0 
10 80 144 115 10 
22 64 127 32 0 
4 117 219 67 2 
5 80 177 69 24 
10 239 86 39 0 
13 93 244 10 0 
5 107 158 109 0 
19 87 223 15 0 
25 54 78 99 0 
2 40 151 71 0 
2 11 140 22 0 
19 24 204 113 0 
2 82 100 91 15 
19 61 143 108 0 
11 83 63 90 0 
2 50 122 95 0 
13 54 217 78 0 
8 16 101 311 0 
27 61 131 78 2 
10 127 269 58 15 
6 66 196 78 0 
7 62 150 118 0 
0 83 106 41 0 
3 74 187 61 4 
5 67 264 33 0 
6 105 143 8 39 
6 73 212 8 0 
1 61 168 39 0 
1 40 69 124 0 
2 41 129 117 0 
7 63 185 56 0 
7 84 146 23 0 
25 41 114 40 0 
1 20 170 78 14 
6 69 104 39 0 
0 82 165 83 1 
7 7 205 133 2 
14 77 68 175 14 
9 53 254 69 0 
2 54 250 141 46 
0 86 221 55 0 
3 60 157 35 16 
2 25 113 174 0 
10 51 101 18 1 
6 55 192 42 0 
8 86 106 61 8 
15 49 202 76 0 
3 50 138 46 11 
7 178 159 54 0 
15 57 143 15 0 
25 128 130 87 0 
5 76 174 137 0 
19 43 117 61 40 
1 24 168 74 40 
2 107 238 107 0 
4 121 266 31 0 
1 54 147 48 0 
10 70 62 95 3 
0 71 350 15 0 
18 22 183 56 0 
5 26 193 112 3 
3 80 103 144 14 
10 71 178 51 15 
15 81 93 38 0 
10 111 172 88 0 
4 11 157 21 1 
42 55 206 8 0 
5 124 245 102 0 
18 74 194 75 0 
1 143 261 55 0 
12 109 53 41 0 
19 46 222 105 0 
3 133 218 91 3 
0 18 293 50 0 
4 97 140 99 0 
9 72 192 50 39 
14 29 171 79 0 
1 128 161 40 2 
8 55 112 84 10 
7 103 260 46 8 
6 71 192 18 45 
22 112 177 67 0 
19 59 108 153 0 
4 103 193 32 2 
9 83 161 8 1 
6 64 85 115 6 
12 116 94 102 0 
3 56 167 77 4 
5 93 193 85 3 
3 83 190 104 11 
1 73 220 51 4 
7 83 215 114 0 
10 44 103 73 0 
4 93 158 30 0 
19 96 156 87 0 
9 64 152 78 0 
1 40 196 101 0 
6 78 146 50 0 
10 22 167 76 0 
4 54 168 24 0 
42 93 92 59 0 
15 37 80 13 35 
6 2 324 86 0 
3 105 138 24 15 
3 133 106 60 0 
8 56 217 54 0 
7 88 169 40 1 
32 171 224 89 1 
4 79 94 19 21 
15 44 94 76 0 
8 171 197 29 28 
18 49 323 27 0 
0 70 146 143 0 
2 36 177 120 1 
10 45 79 40 70 
9 96 214 118 0 
6 36 162 151 5 
14 41 192 122 0 
0 71 212 50 0 
0 53 148 114 0 
2 156 148 41 0 
23 129 149 35 0 
10 21 99 71 0 
0 90 192 51 0 
0 50 131 52 0 
10 123 174 120 15 
18 22 311 75 0 
3 91 65 98 0 
0 114 290 93 12 
3 20 172 19 0 
22 114 72 58 16 
9 23 129 27 0 
4 20 260 85 0 
5 130 155 88 61 
1 96 217 63 3 
3 120 148 94 0 
16 32 141 101 9 
17 71 79 53 2 
4 87 239 57 0 
16 122 144 90 22 
1 43 134 77 0 
2 113 124 172 0 
5 134 247 48 0 
20 20 221 101 5 
18 28 132 61 0 
10 58 194 40 1 
5 141 218 45 0 
7 38 312 116 0 
19 26 133 105 1 
4 79 127 100 3 
4 23 288 97 0 
16 31 180 90 11 
0 142 62 51 1 
16 100 98 33 0 
4 137 209 33 0 
16 69 191 73 5 
15 34 141 65 1 
4 102 272 62 7 
0 49 93 241 0 
6 80 169 119 2 
26 61 103 62 1 
11 30 236 30 13 
39 38 53 77 0 
4 50 115 22 0 
11 57 110 7 4 
7 36 178 92 0 
13 65 140 38 0 
8 22 133 69 0 
11 45 206 83 0 
24 158 186 21 45 
15 157 102 74 7 
9 180 121 48 68 
2 31 117 16 1 
4 128 215 32 0 
15 27 138 89 0 
21 85 72 86 0 
6 114 87 38 0 
0 80 211 134 31 
22 73 90 53 0 
10 35 195 12 23 
1 55 165 42 0 
7 84 128 68 0 
21 55 141 79 0 
3 44 174 109 0 
11 68 144 149 0 
1 83 126 57 0 
8 41 176 88 2 
1 65 172 108 7 
33 97 164 11 0 
10 70 138 141 0 
9 57 80 16 0 
4 42 194 21 0 
8 65 163 57 0 
2 25 264 61 18 
27 108 175 66 1 
2 59 107 91 0 
10 21 164 57 0 
21 82 119 10 1 
2 58 96 92 0 
31 17 158 161 5 
14 32 96 51 0 
26 58 123 148 0 
9 61 68 56 55 
9 74 243 88 0 
11 104 200 78 1 
3 76 193 64 0 
6 55 176 40 0 
11 99 98 53 0 
10 60 89 118 0 
3 83 188 77 1 
14 68 170 45 0 
12 57 150 41 0 
22 30 100 100 0 
13 58 181 75 1 
11 160 207 62 0 
11 54 130 186 0 
12 69 179 51 4 
1 67 143 49 2 
4 83 88 50 15 
8 126 59 36 75 
5 69 86 128 0 
8 47 151 129 0 
14 86 160 17 0 
4 131 251 13 0 
8 115 167 70 0 
1 105 210 85 0 
18 42 369 42 0 
2 224 130 38 6 
26 70 141 89 1 
14 136 114 57 0 
2 56 75 36 1 
22 149 167 95 1 
5 89 206 81 1 
7 37 224 70 0 
24 155 108 12 41 
0 71 83 45 0 
15 91 187 17 6 
8 182 183 159 32 
9 28 182 49 0 
9 95 144 56 0 
19 102 131 48 0 
10 60 157 56 1 
1 69 229 57 0 
2 23 224 80 57 
14 95 40 45 7 
3 57 192 192 0 
12 86 115 76 9 
14 43 172 78 0 
1 25 155 53 0 
9 89 111 59 0 
4 81 118 50 0 
1 83 183 79 29 
7 101 126 34 0 
15 24 223 104 0 
16 51 76 44 1 
2 45 140 63 0 
28 29 124 220 0 
5 155 166 60 0 
1 54 111 61 33 
19 85 251 47 0 
13 106 172 184 0 
0 31 208 72 1 
12 39 39 143 0 
17 72 246 76 0 
8 136 222 44 1 
9 37 244 20 2 
9 47 269 99 4 
13 115 185 39 0 
19 95 145 29 0 
1 27 170 125 0 
4 62 87 89 0 
23 86 59 48 0 
17 37 160 60 0 
4 45 148 34 0 
9 79 125 71 11 
46 115 71 31 2 
15 39 183 75 4 
2 30 233 123 0 
0 97 185 79 0 
18 23 217 60 0 
6 100 173 111 10 
23 24 167 87 0 
4 41 162 125 0 
6 79 178 37 0 
2 80 155 81 0 
7 43 102 52 19 
4 46 238 124 4 
22 88 248 28 0 
1 48 75 77 0 
13 150 79 69 4 
22 78 253 69 0 
15 89 298 33 0 
0 84 243 75 0 
6 135 145 67 1 
1 50 223 56 3 
6 20 160 64 3 
0 50 122 112 13 
8 135 275 103 0 
25 43 130 81 0 
0 35 123 32 0 
26 45 154 64 0 
24 126 198 1 33 
19 32 86 72 17 
6 62 250 16 0 
2 70 99 188 1 
10 63 66 172 1 
8 79 244 49 0 
0 49 177 72 11 
12 16 174 310 0 
18 23 177 49 0 
10 20 166 100 0 
20 50 271 73 0 
7 20 122 26 0 
16 167 96 53 0 
10 130 125 21 0 
7 119 125 52 0 
5 42 216 39 0 
48 64 105 78 1 
25 40 76 18 3 
3 76 134 47 1 
6 43 188 58 1 
1 17 102 50 2 
5 14 153 13 0 
5 23 206 67 2 
0 68 246 18 23 
9 49 105 125 0 
0 30 234 97 0 
7 23 75 33 72 
4 61 122 79 0 
7 79 147 34 1 
5 74 212 137 0 
16 44 91 46 0 
16 60 79 86 0 
13 88 218 138 0 
20 102 216 76 0 
9 37 172 50 32 
1 87 211 32 18 
0 30 87 85 61 
11 28 255 84 0 
8 55 242 151 3 
15 26 240 74 4 
18 45 164 94 0 
2 24 278 80 6 
5 33 107 104 0 
26 126 117 78 0 
2 25 208 79 0 
3 69 203 54 0 
5 53 111 9 0 
0 45 188 32 2 
1 51 183 93 7 
15 40 180 81 19 
2 53 232 101 0 
7 98 212 107 1 
15 56 237 119 0 
18 61 186 62 0 
3 54 148 74 4 
3 70 197 1 0 
6 67 115 35 0 
10 98 70 9 0 
2 163 122 10 0 
5 73 154 108 0 
4 104 199 33 15 
13 130 187 147 0 
24 73 123 8 0 
14 38 159 27 0 
11 67 120 46 11 
6 77 272 91 0 
1 113 135 52 1 
10 79 216 23 0 
1 100 232 52 0 
26 76 144 8 0 
0 75 149 55 0 
3 32 217 23 51 
6 34 85 50 37 
6 30 219 138 90 
0 11 277 82 0 
1 55 80 182 0 
3 19 170 142 1 
6 63 161 82 0 
1 297 162 101 0 
2 115 114 132 0 
3 110 181 74 4 
2 47 199 54 0 
5 72 194 115 0 
1 79 100 50 0 
0 74 115 128 0 
0 37 202 124 1 
6 85 127 82 21 
2 27 195 63 0 
11 81 109 23 0 
9 58 159 63 0 
0 118 102 30 7 
8 144 132 44 0 
1 30 159 125 0 
5 83 227 56 1 
13 95 92 113 3 
8 30 146 96 0 
2 67 123 63 0 
4 86 124 96 45 
22 146 205 50 0 
3 17 270 149 0 
6 130 94 24 0 
4 26 101 26 0 
0 85 153 50 18 
2 82 128 54 0 
26 75 219 79 0 
6 69 175 37 3 
3 98 155 52 0 
1 67 262 30 2 
4 90 133 17 0 
6 93 128 50 33 
5 149 157 71 0 
15 94 96 109 0 
19 92 200 86 0 
9 134 155 113 0 
15 66 176 78 0 
2 113 110 8 0 
1 69 206 16 15 
22 21 104 116 8 
14 54 90 63 5 
26 92 146 47 13 
11 75 155 173 0 
0 31 247 78 0 
5 66 144 27 0 
7 61 301 23 0 
1 77 135 101 0 
5 45 160 39 0 
7 98 222 36 0 
49 62 188 49 21 
12 76 107 40 0 
21 31 118 37 7 
14 31 117 47 0 
2 37 170 77 0 
3 143 135 79 0 
3 63 311 142 13 
0 23 204 16 0 
3 197 168 32 0 
2 50 200 39 0 
10 86 121 110 0 
9 91 132 66 0 
8 51 337 50 0 
9 86 204 59 0 
1 110 86 22 0 
5 48 133 49 0 
1 83 80 83 16 
29 197 109 16 0 
4 77 322 96 0 
5 63 207 113 0 
2 79 290 91 30 
0 164 234 75 0 
14 115 194 45 0 
3 139 202 24 0 
0 54 161 61 7 
25 85 103 24 10 
15 35 169 44 0 
8 103 187 103 0 
5 107 160 70 23 
5 87 132 58 0 
12 52 131 67 15 
59 77 185 54 36 
53 46 110 48 0 
4 145 211 53 0 
3 40 214 70 23 
6 69 187 90 0 
6 47 119 107 0 
5 105 170 80 0 
5 42 156 52 0 
11 47 169 35 0 
2 22 106 110 11 
33 55 215 82 0 
43 49 159 80 25 
2 107 136 26 44 
6 46 287 11 0 
8 74 336 41 0 
4 74 191 37 0 
5 128 150 14 7 
9 43 130 141 7 
30 68 184 45 31 
22 89 177 80 0 
15 42 162 193 0 
2 25 75 125 41 
8 40 183 82 4 
2 41 143 110 6 
6 223 126 83 16 
2 66 170 58 2 
16 67 191 101 0 
4 76 175 140 1 
33 51 140 36 2 
2 9 150 22 0 
6 86 167 129 0 
23 51 121 121 7 
8 41 166 37 0 
3 60 175 64 0 
3 116 167 68 2 
8 107 101 56 0 
17 100 173 164 1 
4 116 141 57 22 
39 41 97 57 0 
24 27 85 132 0 
4 72 165 17 0 
0 56 89 111 0 
4 84 124 144 2 
9 20 97 60 14 
3 115 147 47 0 
0 77 196 58 0 
14 43 159 67 0 
3 199 105 38 0 
4 38 203 56 0 
1 66 319 120 0 
13 61 160 86 0 
35 73 174 81 3 
6 38 314 82 0 
2 82 62 182 0 
6 119 205 85 0 
14 72 249 75 0 
28 34 293 44 7 
8 72 93 119 0 
24 44 214 145 3 
7 25 78 31 0 
3 51 260 59 0 
4 80 152 84 1 
12 91 224 53 8 
1 70 182 58 0 
7 131 122 130 31 
7 72 246 95 4 
21 39 158 73 7 
9 124 133 165 0 
1 212 145 18 0 
11 137 280 16 0 
5 130 190 56 0 
2 92 140 67 1 
10 43 170 15 0 
2 36 301 106 0 
9 104 173 81 0 
19 29 192 62 0 
2 112 187 27 0 
6 65 144 20 0 
24 18 225 110 4 
6 158 134 57 0 
9 58 189 88 3 
1 51 217 98 0 
13 69 175 150 0 
10 96 250 173 0 
15 60 127 97 0 
32 40 164 84 3 
2 131 90 21 0 
3 55 288 67 0 
14 65 223 73 0 
11 55 259 67 22 
2 23 181 109 0 
2 62 121 143 0 
2 60 258 52 0 
14 84 162 68 12 
14 43 167 33 7 
22 56 167 103 0 
5 40 202 111 0 
4 110 87 117 0 
6 68 163 109 1 
4 70 185 125 1 
19 84 224 58 1 
6 75 162 100 3 
7 55 306 110 0 
1 26 127 160 41 
4 63 175 75 0 
5 26 188 61 0 
17 20 217 18 0 
1 78 172 169 0 
36 62 179 28 0 
0 64 118 46 1 
1 41 203 87 0 
13 42 179 99 9 
11 45 171 142 11 
13 78 107 30 4 
9 18 238 186 0 
7 75 135 151 15 
4 47 328 147 0 
15 150 248 42 0 
9 77 170 70 0 
3 66 199 75 0 
5 9 329 54 0 
3 61 157 47 0 
10 144 351 43 0 
16 80 234 54 2 
23 79 153 34 0 
11 49 200 214 1 
4 105 166 117 0 
11 44 176 38 4 
6 101 225 63 0 
8 62 150 58 0 
5 58 103 177 1 
0 101 291 40 33 
0 83 96 78 12 
1 95 157 63 1 
7 42 263 28 0 
5 103 203 61 53 
3 106 64 115 1 
21 120 151 41 0 
0 29 188 151 0 
43 70 161 12 7 
3 106 136 142 0 
18 40 282 49 1 
18 50 189 49 0 
12 145 244 58 0 
7 75 196 33 0 
0 32 172 40 0 
5 125 102 53 0 
28 38 234 27 0 
15 29 275 55 0 
2 51 297 44 23 
9 85 185 111 0 
45 130 153 35 0 
1 149 210 46 0 
6 42 194 43 0 
31 42 216 25 0 
9 42 108 88 11 
18 64 203 210 0 
14 99 153 77 0 
3 38 219 84 53 
15 121 144 68 1 
21 68 126 89 1 
2 90 188 15 1 
3 63 111 70 1 
3 70 91 78 0 
11 77 328 69 1 
13 94 192 64 0 
1 91 177 157 0 
13 95 144 103 69 
3 188 177 30 8 
4 54 185 236 0 
10 105 78 119 1 
10 64 294 64 7 
4 63 183 108 0 
4 90 308 45 0 
2 71 130 81 5 
22 141 236 56 0 
22 23 285 6 0 
4 102 208 100 0 
6 48 248 24 0 
7 94 168 29 0 
2 54 200 38 0 
3 38 209 25 0 
1 92 271 58 0 
5 105 125 38 0 
1 6 130 173 0 
1 39 90 81 29 
2 60 116 22 0 
16 113 118 46 0 
12 62 143 74 0 
2 29 333 74 0 
1 29 115 73 12 
43 65 133 67 0 
4 24 215 74 0 
28 106 180 33 0 
6 23 93 119 4 
26 118 247 50 13 
0 56 88 91 1 
11 64 143 25 0 
6 165 58 98 0 
13 70 245 39 0 
0 183 104 132 0 
7 39 223 69 0 
1 78 199 165 0 
28 81 224 40 0 
5 105 125 127 0 
0 33 114 73 0 
20 101 65 35 0 
2 135 152 100 0 
2 59 120 69 0 
7 107 189 133 0 
45 189 232 14 0 
8 66 201 36 1 
1 43 235 96 0 
0 67 246 63 0 
4 70 85 75 0 
7 45 217 96 0 
6 85 162 116 0 
4 61 174 38 0 
6 50 252 64 0 
2 87 111 35 0 
19 65 194 78 0 
1 50 156 32 0 
7 73 123 64 3 
8 100 181 53 0 
4 21 178 149 7 
2 142 202 109 0 
24 31 218 26 7 
10 59 149 187 0 
1 66 131 44 8 
1 40 190 59 5 
11 133 140 45 0 
2 51 121 79 0 
14 114 104 28 0 
2 49 211 15 12 
22 63 212 56 5 
1 49 135 58 0 
6 93 116 166 3 
12 58 202 41 1 
6 91 165 155 0 
2 82 139 90 0 
6 28 130 49 0 
13 102 143 68 0 
13 62 145 66 0 
7 41 238 34 0 
1 44 117 181 0 
6 75 222 73 1 
15 54 182 74 0 
0 95 200 116 0 
1 67 108 28 0 
4 131 83 86 0 
3 186 146 82 2 
1 35 119 94 0 
53 69 176 96 1 
34 38 100 91 0 
7 74 122 79 0 
23 114 69 104 0 
1 43 135 45 0 
16 31 97 69 0 
2 74 337 31 0 
2 45 217 7 0 
6 44 224 64 2 
2 96 153 21 0 
2 42 58 87 0 
7 48 137 88 0 
3 37 135 23 11 
1 121 193 29 0 
6 37 166 44 12 
1 100 219 137 0 
20 44 167 94 0 
3 111 177 63 5 
1 67 120 21 0 
