0 18 260 11 0 
0 50 329 22 0 
3 22 210 68 0 
0 75 321 0 0 
0 2 342 31 0 
2 40 262 26 0 
0 28 301 42 0 
0 26 278 73 0 
0 61 303 14 0 
0 58 356 27 0 
0 7 261 54 0 
0 27 248 11 0 
0 92 238 44 0 
0 30 280 45 0 
1 75 295 28 0 
1 147 269 87 0 
0 35 257 28 0 
0 109 272 33 0 
0 31 230 74 0 
0 66 329 22 0 
0 238 252 1 0 
0 96 343 23 0 
0 73 224 11 0 
0 50 369 77 0 
0 26 358 34 0 
1 10 216 5 0 
0 38 344 19 0 
4 26 309 56 0 
1 16 384 51 0 
2 79 316 3 0 
0 6 344 12 0 
0 94 317 24 0 
0 87 243 47 0 
0 0 725 19 0 
2 158 275 15 0 
1 41 311 2 0 
0 5 393 57 0 
0 17 354 18 0 
0 89 281 22 0 
0 0 399 54 0 
4 24 487 21 0 
0 35 210 5 0 
0 17 361 60 0 
0 23 369 34 0 
0 17 223 63 0 
0 21 332 102 0 
1 114 385 0 0 
0 26 286 61 0 
6 68 319 21 0 
23 93 402 15 0 
0 17 429 51 0 
4 59 327 5 0 
0 4 413 25 1 
0 6 270 89 0 
0 132 345 16 0 
0 16 248 115 0 
0 34 182 61 0 
0 24 321 63 0 
8 38 271 76 0 
0 28 329 41 0 
0 22 256 22 0 
0 28 232 131 0 
0 43 410 16 0 
0 30 282 236 0 
0 36 282 0 0 
0 51 325 54 0 
0 29 455 3 0 
0 29 270 28 0 
0 9 148 35 0 
0 17 400 159 0 
2 62 208 89 0 
0 23 346 147 0 
0 12 280 19 0 
1 13 394 38 0 
0 25 320 5 0 
0 83 273 3 0 
0 20 236 36 0 
1 28 374 26 0 
1 4 388 32 0 
0 26 315 34 0 
0 91 515 4 0 
0 35 267 25 0 
0 38 376 52 0 
0 152 345 55 0 
0 13 358 17 0 
0 108 189 47 0 
0 1 437 15 0 
0 13 287 85 0 
0 16 268 23 0 
0 35 282 70 0 
0 83 294 76 0 
0 40 347 57 0 
0 5 303 31 0 
0 30 129 89 0 
7 7 277 7 0 
0 4 173 6 0 
0 3 388 27 0 
0 31 372 18 0 
0 8 338 28 0 
0 86 223 41 0 
0 71 285 25 0 
0 17 416 13 0 
0 37 388 1 0 
15 112 226 29 0 
0 25 355 11 0 
1 42 298 39 0 
0 8 203 7 0 
0 25 287 25 0 
0 103 385 16 0 
10 57 328 66 0 
0 51 329 42 0 
1 12 257 47 0 
0 36 319 23 0 
0 69 262 64 0 
0 9 310 116 0 
0 91 258 122 0 
0 22 432 148 0 
0 21 320 27 0 
1 45 256 0 0 
0 41 205 5 0 
0 90 331 80 0 
0 77 314 22 0 
0 22 233 37 0 
3 54 148 22 0 
0 1 445 35 0 
0 44 406 66 0 
0 10 439 33 0 
0 62 350 11 0 
1 24 304 11 0 
0 8 348 23 0 
5 30 265 2 0 
2 51 284 14 0 
0 48 256 14 0 
1 9 337 31 0 
0 25 310 28 0 
0 4 185 68 0 
0 2 430 17 0 
0 36 266 12 0 
1 9 282 20 0 
0 83 317 27 0 
0 108 265 13 0 
0 3 300 39 0 
0 64 339 67 0 
0 14 232 61 0 
0 12 391 9 0 
0 25 301 147 0 
0 51 207 30 0 
0 14 311 59 0 
0 6 262 27 0 
0 4 343 4 0 
0 47 323 64 0 
0 26 494 38 0 
1 84 275 23 0 
0 37 402 24 0 
0 41 428 5 0 
0 66 311 13 0 
0 42 425 17 0 
0 163 225 14 0 
2 93 385 44 0 
0 111 266 47 0 
0 32 257 30 0 
0 60 291 121 0 
10 1 272 7 0 
0 108 252 7 0 
0 54 265 49 0 
0 85 346 13 0 
0 38 379 59 0 
0 40 301 18 0 
0 66 278 0 0 
4 52 188 6 0 
2 111 265 98 0 
0 80 234 80 0 
5 74 373 3 0 
1 11 440 22 0 
0 126 225 9 0 
0 16 294 54 0 
1 29 247 32 0 
0 25 279 20 0 
0 13 321 40 0 
0 29 307 25 0 
1 14 286 42 0 
1 44 278 23 1 
1 29 288 37 0 
0 28 230 6 0 
0 51 364 5 0 
0 19 374 1 0 
0 5 315 51 0 
0 9 303 43 0 
0 126 272 23 0 
0 100 266 47 0 
1 16 287 124 0 
0 98 178 67 0 
0 17 291 33 0 
0 105 394 59 0 
0 47 239 0 0 
8 8 238 34 0 
0 32 192 21 0 
0 73 183 19 0 
0 12 372 116 0 
2 20 270 112 0 
0 4 259 32 0 
0 23 425 4 0 
0 10 405 23 0 
0 7 309 71 0 
0 90 271 10 9 
1 29 317 36 0 
0 184 331 42 0 
1 8 290 36 0 
0 9 266 57 9 
0 59 336 61 0 
0 160 214 11 0 
0 76 124 19 0 
1 35 188 24 0 
0 47 624 9 0 
4 18 324 14 0 
0 0 217 169 0 
1 38 202 112 0 
0 59 230 78 0 
0 31 580 13 0 
0 14 450 0 0 
0 36 271 16 0 
1 27 377 49 0 
0 32 360 32 0 
0 31 344 30 0 
0 50 232 87 0 
3 30 268 30 0 
1 170 287 11 0 
0 15 221 27 0 
2 40 211 38 0 
0 112 102 97 0 
0 21 350 84 0 
0 69 417 26 0 
0 27 542 79 0 
0 69 338 46 0 
0 51 360 8 0 
0 38 376 112 0 
0 98 294 54 0 
1 5 368 85 0 
0 23 431 52 0 
0 6 285 10 0 
0 70 181 53 0 
0 71 368 23 0 
0 89 180 34 0 
0 52 301 100 0 
3 9 280 76 0 
0 10 311 132 0 
0 74 363 43 0 
1 16 210 85 0 
0 2 435 17 0 
0 31 297 30 0 
0 0 227 19 6 
0 17 429 10 0 
0 17 240 222 0 
0 45 299 65 0 
0 32 217 12 0 
0 40 327 69 0 
3 2 292 12 0 
0 18 406 11 0 
0 30 183 23 0 
0 5 457 42 0 
8 11 333 39 0 
0 49 297 15 0 
0 3 338 70 0 
0 16 373 15 0 
1 95 389 28 0 
0 57 174 124 0 
1 22 201 98 0 
0 151 361 33 0 
0 62 247 2 0 
0 46 236 123 0 
0 68 351 65 0 
1 32 271 70 0 
0 48 362 45 0 
0 2 320 94 0 
5 23 378 0 0 
0 65 268 120 0 
1 20 239 30 0 
4 36 336 29 0 
0 38 400 72 0 
0 32 278 24 0 
0 35 190 42 0 
0 156 218 35 0 
0 15 371 7 0 
0 50 252 28 0 
0 42 335 81 0 
1 48 220 25 0 
0 28 219 22 0 
1 19 337 78 0 
0 19 248 20 0 
0 9 222 88 0 
0 65 270 45 0 
0 71 132 105 0 
0 19 265 34 0 
0 24 217 41 0 
0 34 360 35 0 
0 217 273 28 0 
0 14 267 19 0 
0 79 197 8 0 
2 29 329 66 0 
0 15 411 0 0 
13 7 388 18 0 
8 16 455 10 0 
1 123 282 8 0 
0 43 364 22 0 
0 31 250 7 0 
0 33 241 86 0 
1 51 267 5 0 
3 37 256 36 0 
0 12 281 43 0 
0 28 195 18 0 
0 24 338 20 0 
0 49 198 12 0 
0 28 350 15 0 
0 35 323 51 0 
0 14 275 9 0 
1 7 300 40 0 
0 51 256 4 0 
1 81 267 58 0 
0 24 475 20 0 
0 32 225 123 0 
0 1 273 14 0 
0 159 234 41 0 
0 71 375 3 0 
1 50 442 55 0 
0 29 269 38 0 
4 121 214 17 0 
0 22 308 94 0 
0 25 236 41 0 
0 31 211 10 0 
0 58 291 9 0 
7 6 312 100 0 
0 42 411 34 0 
8 91 364 13 0 
4 14 377 9 0 
0 4 237 17 0 
0 25 295 19 0 
1 31 241 24 0 
0 9 360 11 0 
0 57 329 47 0 
2 15 225 23 0 
0 9 253 96 0 
0 121 345 11 0 
1 25 324 31 0 
0 23 449 60 0 
0 26 408 25 0 
0 1 531 75 0 
2 61 337 50 0 
0 55 238 50 0 
0 1 393 48 0 
0 57 435 38 0 
0 14 373 36 0 
0 164 428 19 0 
1 21 352 18 0 
11 110 157 0 0 
0 9 389 153 0 
2 42 358 48 0 
0 124 319 0 0 
0 52 173 60 0 
0 56 258 15 0 
0 206 178 71 0 
0 6 208 29 0 
0 68 230 17 0 
0 23 287 16 0 
0 10 177 45 0 
0 11 334 83 0 
0 95 240 49 0 
5 13 402 33 0 
0 121 270 0 0 
0 46 281 4 0 
0 17 192 81 0 
1 58 155 30 0 
0 75 389 36 0 
0 18 262 19 0 
0 37 248 82 0 
0 25 166 49 11 
0 38 207 20 0 
0 60 180 29 0 
0 1 471 28 0 
0 4 390 27 0 
0 8 214 64 0 
0 12 419 19 0 
0 39 361 34 0 
0 11 338 41 0 
0 36 389 35 0 
0 20 368 111 0 
0 43 293 61 0 
4 55 438 27 0 
0 21 389 4 0 
0 42 208 107 0 
1 16 314 11 0 
0 26 373 39 0 
4 6 271 64 0 
0 3 289 52 0 
3 26 475 51 0 
0 5 349 47 0 
1 109 295 7 0 
0 9 344 54 0 
0 15 291 89 0 
3 19 304 109 0 
0 26 276 28 0 
0 65 394 75 0 
0 133 361 34 0 
0 21 261 33 0 
0 23 244 39 0 
0 50 426 89 0 
2 27 256 20 0 
0 13 308 92 0 
14 6 203 89 0 
0 41 169 13 10 
0 40 360 42 0 
2 16 315 130 0 
0 31 379 26 0 
0 57 301 59 0 
3 78 415 24 0 
0 86 302 1 0 
1 54 393 28 0 
0 38 322 32 0 
0 10 450 27 0 
9 97 331 1 0 
0 11 279 56 0 
0 44 277 74 0 
0 39 245 74 0 
0 32 441 70 0 
0 27 285 16 0 
14 11 405 6 0 
0 91 366 30 0 
0 104 297 83 0 
0 36 555 7 0 
62 23 323 92 0 
33 16 208 16 0 
0 58 319 11 0 
0 74 334 16 0 
1 83 301 10 3 
0 42 207 123 0 
0 9 198 38 0 
0 12 328 20 0 
11 25 288 46 0 
0 46 363 34 0 
0 24 172 32 0 
1 80 360 2 0 
1 19 443 13 0 
0 28 331 33 0 
0 31 389 2 0 
0 5 290 89 0 
0 58 205 17 0 
1 79 322 47 0 
0 60 397 6 0 
0 28 436 53 0 
0 22 465 45 0 
0 0 390 63 0 
0 2 555 20 0 
0 41 445 26 0 
0 51 505 113 0 
0 6 343 20 0 
2 14 342 27 0 
0 8 359 9 0 
0 3 447 5 0 
0 9 219 122 0 
0 103 205 30 0 
0 50 159 44 0 
0 25 340 2 0 
1 99 308 29 0 
0 17 459 70 0 
0 65 188 86 0 
1 73 274 19 0 
0 180 284 33 0 
0 69 240 110 0 
0 51 368 13 0 
0 27 397 4 0 
0 50 236 30 0 
0 9 367 16 0 
1 23 550 15 0 
0 72 313 106 0 
0 47 321 102 0 
1 23 185 19 0 
0 56 289 9 0 
0 76 226 34 0 
0 1 225 21 0 
0 23 420 21 0 
2 64 424 54 0 
1 28 405 28 0 
0 37 235 3 0 
0 110 390 68 0 
0 47 142 48 0 
0 14 285 27 0 
0 54 300 35 0 
1 26 190 51 0 
0 2 391 45 0 
0 18 352 52 0 
0 27 316 20 0 
0 25 209 84 0 
0 47 313 14 0 
0 57 325 31 0 
0 19 349 16 0 
1 32 412 39 0 
0 55 364 11 0 
1 30 303 89 0 
0 15 264 49 0 
0 39 262 30 0 
0 39 271 10 0 
0 48 389 43 0 
0 10 326 48 0 
0 10 354 12 0 
1 22 402 70 0 
0 44 444 14 0 
1 19 341 5 0 
0 43 229 30 0 
2 36 397 46 0 
0 28 275 23 0 
0 31 302 27 0 
0 8 246 39 0 
0 30 286 109 0 
0 26 331 77 0 
0 47 261 146 0 
0 7 270 45 0 
0 41 322 29 0 
0 45 187 98 0 
0 7 501 36 0 
0 12 171 49 0 
4 148 159 24 0 
1 30 325 10 0 
0 40 363 41 0 
0 18 308 65 0 
0 12 247 16 0 
0 1 308 27 0 
0 1 259 72 0 
0 16 303 30 10 
0 10 374 23 0 
0 58 248 60 0 
0 55 236 74 0 
1 117 149 47 0 
3 32 311 6 0 
6 61 272 62 0 
0 52 363 46 0 
0 15 466 75 0 
0 52 361 39 4 
0 14 393 70 0 
0 40 381 37 0 
1 71 164 16 0 
6 102 190 1 0 
1 21 456 28 0 
0 51 359 28 0 
1 65 209 81 0 
0 13 217 108 0 
6 23 241 57 0 
0 22 356 56 0 
0 43 333 37 0 
0 165 373 38 0 
0 46 284 2 0 
0 61 326 5 0 
0 50 270 1 0 
0 94 220 28 0 
0 2 196 112 0 
4 66 230 125 0 
0 13 203 74 0 
0 9 396 14 0 
0 10 285 28 0 
0 9 205 91 0 
0 58 536 31 0 
2 83 313 11 0 
0 28 326 7 0 
0 113 387 18 0 
0 18 280 19 0 
0 27 478 13 0 
1 64 341 9 0 
1 47 338 24 0 
0 64 419 19 0 
0 30 297 16 0 
0 85 374 5 0 
7 15 262 11 0 
1 56 172 27 0 
0 9 464 32 0 
0 8 427 22 0 
7 31 286 16 0 
8 41 340 86 0 
0 109 413 5 0 
1 10 226 186 0 
0 52 221 58 0 
0 25 264 12 1 
0 0 374 17 0 
0 19 408 2 0 
0 7 499 40 0 
1 27 426 32 0 
0 4 333 27 0 
0 11 303 114 0 
0 44 454 0 0 
7 29 237 81 0 
0 10 348 10 0 
0 45 243 29 0 
5 50 301 0 0 
0 43 349 11 0 
0 39 196 36 0 
1 67 367 74 0 
0 48 256 34 0 
0 34 319 17 0 
0 60 306 36 0 
0 27 412 31 0 
1 52 387 1 0 
0 30 289 40 0 
0 16 347 38 0 
0 59 260 123 0 
0 129 276 14 0 
1 59 514 14 0 
0 87 240 112 0 
0 54 248 37 0 
7 68 387 21 0 
0 19 340 38 0 
0 41 302 18 0 
5 39 405 43 0 
0 45 199 34 0 
0 8 335 42 0 
0 33 419 10 0 
1 25 356 12 0 
0 38 418 37 0 
0 19 494 29 0 
0 7 530 21 0 
0 41 203 25 0 
1 22 255 160 0 
0 5 404 39 0 
0 31 224 95 0 
0 20 353 22 0 
1 10 391 11 0 
0 53 379 59 0 
0 10 330 0 0 
1 67 347 28 0 
0 2 293 51 0 
0 129 171 65 0 
0 58 383 35 0 
0 51 524 12 0 
2 46 136 62 0 
0 9 335 38 0 
1 129 218 19 0 
0 34 185 29 0 
0 7 407 25 0 
0 27 241 22 0 
0 14 323 30 0 
3 51 282 39 0 
0 11 260 32 0 
0 27 338 13 0 
0 17 296 83 0 
7 103 315 7 0 
0 4 408 28 0 
1 110 379 8 0 
6 68 380 42 0 
0 28 133 110 0 
0 23 260 13 0 
6 12 417 66 0 
0 20 370 1 0 
2 7 329 8 0 
1 40 370 40 0 
0 23 340 7 0 
0 15 320 8 0 
9 29 323 35 0 
0 60 341 16 0 
1 30 253 14 0 
0 27 390 5 0 
0 21 191 31 0 
3 14 365 17 0 
1 16 324 37 0 
0 48 337 72 0 
4 13 329 23 0 
0 36 286 7 0 
0 124 298 81 0 
0 16 425 80 0 
0 13 393 158 0 
0 114 351 21 0 
0 36 240 46 0 
0 38 357 13 0 
0 39 305 8 11 
1 58 353 38 0 
0 71 335 34 0 
1 76 220 7 0 
0 32 335 4 0 
0 73 242 58 0 
0 11 283 26 0 
0 100 403 16 0 
0 60 342 74 0 
0 1 232 59 0 
0 15 382 19 0 
0 186 324 28 0 
0 157 319 69 0 
0 40 403 31 0 
1 63 163 41 0 
8 143 241 29 0 
0 3 609 15 0 
0 31 197 61 0 
0 18 376 11 0 
0 59 185 50 0 
0 54 391 25 0 
0 10 401 39 0 
0 7 378 42 0 
0 25 221 24 0 
0 18 409 1 0 
0 15 429 43 0 
0 52 296 19 0 
0 130 294 11 0 
0 38 350 42 0 
0 89 462 44 0 
0 64 370 50 0 
0 48 270 53 0 
0 128 353 138 0 
0 15 485 8 0 
0 21 321 65 0 
0 0 376 91 0 
0 114 421 20 0 
0 15 460 34 0 
0 105 191 12 0 
3 39 269 8 0 
0 25 249 18 0 
0 237 243 14 0 
0 24 235 108 0 
2 40 232 13 0 
1 71 261 37 0 
0 8 175 142 0 
0 20 325 39 0 
0 39 363 21 0 
0 63 424 39 0 
0 15 331 52 0 
1 14 276 41 0 
0 21 400 45 0 
1 78 269 14 0 
0 25 298 34 0 
0 3 408 1 0 
0 7 326 37 0 
0 85 433 44 0 
4 58 285 70 0 
0 14 285 22 5 
0 124 349 19 0 
0 21 390 45 0 
8 26 200 46 1 
0 3 375 17 0 
4 0 246 42 0 
1 15 408 54 0 
0 26 496 17 0 
0 15 265 39 0 
0 19 254 44 0 
0 30 237 44 0 
0 129 280 162 0 
1 40 362 68 0 
0 141 355 73 0 
0 40 376 18 0 
0 29 297 18 0 
0 52 213 21 0 
0 99 303 21 0 
0 27 296 48 0 
0 36 159 27 0 
0 44 288 11 0 
7 96 416 1 0 
0 34 424 0 0 
0 68 225 56 0 
3 29 378 52 0 
0 39 231 14 0 
1 34 392 0 0 
0 0 343 3 0 
0 42 238 18 0 
0 50 320 30 0 
0 63 362 15 0 
3 76 366 1 0 
0 82 283 18 0 
0 56 342 72 0 
0 46 325 96 0 
8 5 315 51 0 
0 36 334 10 0 
1 5 348 8 0 
0 35 388 5 0 
0 45 299 8 0 
0 39 230 41 0 
0 16 314 93 0 
2 85 216 22 0 
0 13 182 52 0 
0 24 357 49 0 
0 52 208 53 0 
0 53 238 31 0 
0 86 241 30 0 
0 23 271 74 0 
0 39 433 53 0 
0 124 482 8 0 
0 45 126 97 0 
1 30 236 252 0 
0 40 165 102 0 
0 38 289 51 0 
4 6 341 54 0 
1 61 382 52 0 
1 40 328 17 0 
1 108 403 1 0 
0 29 359 0 0 
0 30 400 43 0 
0 15 194 32 0 
0 116 266 117 0 
0 50 300 109 0 
1 10 274 107 0 
3 85 319 48 0 
0 24 336 79 0 
0 4 360 42 0 
0 5 174 66 0 
0 15 434 35 0 
0 65 186 32 8 
0 50 137 30 0 
0 40 277 37 0 
0 124 221 15 0 
1 111 383 48 0 
0 45 269 12 0 
0 35 413 45 0 
0 29 520 11 0 
0 190 384 12 0 
3 62 267 20 0 
1 41 375 1 0 
0 45 272 27 0 
6 7 272 39 0 
0 37 263 13 0 
14 47 262 76 0 
0 8 396 90 0 
0 77 129 25 0 
0 40 187 56 0 
0 62 176 44 0 
0 40 424 18 0 
0 42 434 80 0 
0 10 280 28 0 
0 101 228 35 0 
0 3 461 24 0 
0 45 241 12 0 
0 70 305 37 0 
0 5 214 33 0 
0 64 171 84 0 
0 10 295 14 0 
0 18 531 21 0 
0 143 327 36 0 
0 15 319 1 0 
0 7 371 78 0 
1 51 276 25 0 
0 9 231 12 0 
0 26 447 2 0 
0 116 236 20 0 
2 5 380 67 0 
1 19 246 19 0 
2 52 232 0 0 
0 0 403 31 0 
0 21 226 63 0 
0 83 222 57 0 
0 17 419 51 0 
0 0 495 17 0 
1 28 302 14 0 
1 11 282 58 0 
1 19 348 5 0 
0 0 402 5 0 
0 8 329 75 0 
0 49 321 17 0 
0 6 324 7 0 
0 23 518 24 0 
0 8 281 24 0 
0 44 228 50 0 
0 85 304 40 0 
2 14 298 32 0 
0 38 218 7 0 
0 37 349 12 0 
4 55 244 63 0 
0 48 351 26 0 
3 1 222 80 0 
0 66 268 1 0 
0 28 215 77 0 
0 8 378 16 0 
1 22 213 7 0 
0 14 328 63 0 
7 24 190 62 0 
11 23 438 15 0 
0 41 366 51 0 
0 18 394 0 0 
1 72 295 0 0 
0 16 251 0 0 
0 10 494 3 0 
0 27 253 16 0 
0 16 180 9 0 
1 124 254 19 0 
0 49 290 23 0 
2 48 300 41 0 
1 11 356 36 0 
0 16 409 29 0 
0 6 276 40 0 
0 60 575 18 0 
0 22 277 63 0 
2 17 295 119 0 
0 1 417 48 0 
6 27 245 59 0 
0 18 200 42 0 
0 72 419 16 0 
0 85 327 43 0 
0 18 375 139 0 
1 0 465 65 0 
1 11 392 101 0 
0 9 339 135 0 
6 20 467 11 0 
0 31 226 145 0 
0 6 257 96 0 
1 50 367 20 0 
0 23 207 50 0 
3 38 243 168 0 
0 8 257 45 1 
22 32 281 23 0 
0 18 290 34 0 
0 33 209 23 0 
0 21 363 4 0 
0 20 355 13 0 
0 127 158 5 0 
0 100 270 56 0 
0 21 201 18 0 
0 23 357 62 0 
0 21 368 42 0 
0 63 260 99 0 
6 85 362 31 0 
0 5 296 26 0 
0 19 252 19 0 
0 50 249 28 0 
1 38 259 22 0 
3 5 396 15 0 
30 55 253 104 0 
0 12 257 60 0 
0 2 320 40 0 
0 67 264 29 0 
0 63 472 6 0 
0 45 323 1 0 
0 74 327 90 0 
0 6 303 22 0 
1 38 217 130 0 
0 27 208 50 0 
0 47 318 32 0 
0 40 247 63 0 
0 63 266 51 0 
0 26 185 89 0 
0 0 202 249 0 
0 16 410 23 0 
1 60 425 54 0 
0 29 451 119 0 
5 17 298 151 0 
0 67 304 32 0 
1 50 275 17 0 
4 30 309 75 0 
0 10 216 122 0 
0 53 293 39 0 
0 80 253 49 0 
0 7 346 56 0 
0 164 292 37 0 
1 19 301 3 0 
0 61 384 21 0 
1 27 378 12 0 
0 42 341 62 0 
4 72 259 16 0 
1 18 322 84 0 
0 9 223 37 0 
0 221 255 31 0 
0 0 266 152 0 
0 30 299 62 0 
1 37 372 40 0 
0 46 243 23 0 
0 42 374 64 0 
0 53 179 20 0 
0 8 401 5 0 
1 17 331 65 0 
0 115 190 75 0 
0 28 673 34 0 
0 16 317 191 0 
0 38 331 20 0 
0 6 197 51 0 
0 36 394 4 0 
7 10 439 24 0 
0 24 293 83 0 
0 25 251 22 0 
0 5 247 69 0 
0 10 441 4 0 
0 143 300 21 0 
0 52 311 20 0 
0 6 582 61 0 
0 19 292 3 0 
0 44 354 3 0 
0 37 360 20 0 
1 20 214 9 0 
1 53 260 15 0 
0 59 315 5 0 
0 72 425 21 0 
0 106 381 16 0 
0 40 200 21 0 
0 59 277 160 0 
0 138 289 12 9 
0 79 164 130 41 
0 31 292 25 59 
2 10 321 79 0 
2 7 255 48 0 
0 32 285 5 0 
10 28 188 52 0 
0 2 425 96 0 
0 34 634 7 0 
0 7 297 95 0 
0 43 317 11 0 
4 13 369 85 0 
0 17 434 12 0 
0 47 277 79 0 
0 7 412 9 0 
2 20 299 24 0 
0 42 342 48 0 
0 18 189 130 0 
0 32 425 13 0 
