64 191 60 4 0 
245 166 4 0 0 
137 158 53 4 0 
185 186 55 11 0 
154 220 61 7 0 
301 117 61 0 0 
117 265 20 0 0 
69 189 68 4 0 
129 197 125 0 0 
6 266 101 0 0 
84 162 86 0 0 
96 235 80 10 0 
240 180 33 0 0 
181 187 35 0 0 
151 208 38 0 0 
312 184 50 0 0 
226 200 53 2 0 
213 213 41 11 0 
109 120 76 0 0 
133 226 30 0 0 
98 205 119 0 0 
25 253 44 1 0 
89 227 153 0 0 
91 239 43 0 0 
151 109 121 1 0 
121 220 76 0 0 
109 292 109 0 0 
51 190 57 0 0 
81 343 60 3 0 
84 291 60 0 0 
200 125 20 0 0 
146 227 31 0 0 
178 235 55 0 0 
107 260 17 0 0 
96 203 85 6 0 
225 143 80 0 0 
125 242 40 0 0 
83 148 99 11 0 
240 143 59 17 0 
85 331 44 0 0 
188 225 66 6 0 
148 150 49 0 0 
65 224 4 0 0 
133 263 33 0 0 
221 195 43 0 0 
335 163 84 0 0 
197 199 49 0 0 
293 223 4 0 0 
111 193 93 39 0 
130 183 47 2 0 
154 169 12 5 0 
262 211 51 0 0 
119 199 33 9 0 
217 135 25 1 0 
183 280 30 31 0 
244 148 57 0 0 
319 87 146 4 0 
74 312 80 0 0 
188 187 85 0 0 
125 177 39 0 0 
172 163 85 6 0 
309 166 0 0 0 
129 109 27 25 0 
220 208 44 14 0 
159 312 12 0 0 
210 68 15 2 0 
100 159 18 0 0 
168 177 55 0 0 
85 292 92 0 0 
215 170 70 0 0 
198 142 64 0 0 
165 195 84 0 0 
142 93 57 1 0 
100 277 10 0 0 
247 97 82 0 0 
107 222 44 3 0 
177 129 28 0 0 
66 259 103 0 0 
250 276 29 0 0 
210 124 35 0 0 
62 134 114 4 0 
194 331 3 0 0 
98 326 59 0 0 
93 390 5 6 0 
98 267 117 0 0 
164 197 29 0 0 
111 85 40 7 0 
212 241 14 0 0 
254 229 30 0 0 
177 228 35 0 0 
243 247 48 0 0 
107 245 33 78 0 
191 167 68 5 0 
160 191 55 0 0 
95 303 105 0 0 
229 262 36 0 0 
195 256 24 0 0 
291 125 79 0 0 
210 214 45 0 0 
117 213 81 0 0 
56 253 24 4 0 
257 148 81 0 0 
71 88 52 13 0 
308 117 10 0 0 
164 161 130 0 0 
54 241 109 0 0 
122 281 70 0 0 
96 143 45 0 0 
84 159 73 1 0 
68 176 18 0 0 
103 97 33 0 0 
166 263 27 1 0 
58 303 11 0 0 
189 189 14 0 0 
338 113 87 0 0 
208 182 12 0 0 
131 78 28 0 0 
164 321 19 0 0 
183 366 24 0 0 
29 260 83 4 0 
156 219 54 43 0 
76 269 63 0 0 
76 216 57 43 0 
209 245 9 0 0 
111 198 1 0 0 
126 148 17 9 0 
133 173 30 0 0 
49 373 92 0 0 
118 247 50 0 0 
132 155 121 0 0 
21 171 62 0 0 
60 349 23 5 0 
60 290 88 1 0 
172 198 52 0 0 
204 165 7 0 0 
108 198 50 0 0 
206 257 19 0 0 
236 167 130 0 0 
71 165 132 20 0 
84 273 37 39 0 
38 261 177 0 0 
189 232 76 20 0 
96 176 85 8 0 
103 216 53 0 0 
79 162 172 4 0 
102 346 36 0 0 
139 172 49 32 0 
98 225 73 0 0 
107 165 119 0 0 
93 221 58 0 0 
21 152 88 2 0 
59 182 87 0 0 
168 259 40 40 0 
331 103 85 0 0 
248 211 10 0 0 
144 127 73 1 0 
132 282 21 0 0 
169 152 105 22 0 
60 243 56 15 0 
133 226 33 0 0 
58 208 30 0 0 
64 158 90 0 0 
71 182 14 8 0 
179 218 122 0 0 
72 193 169 0 0 
98 271 93 0 0 
55 109 100 5 0 
126 308 78 3 0 
41 243 18 0 0 
162 172 60 0 0 
93 294 10 0 0 
161 307 102 0 0 
63 240 53 0 0 
62 221 47 4 0 
127 360 46 32 0 
161 107 175 0 0 
87 97 67 19 0 
129 315 138 0 0 
122 168 16 0 0 
50 379 57 0 0 
156 227 28 8 0 
111 176 55 22 0 
228 246 70 0 0 
134 131 145 0 0 
61 147 52 5 0 
120 138 46 0 0 
106 181 85 0 0 
121 158 40 4 0 
111 147 117 0 0 
160 166 83 0 0 
96 146 89 0 0 
135 197 7 0 0 
118 207 38 0 0 
50 210 142 0 0 
101 234 87 0 0 
132 185 1 0 0 
57 244 124 0 0 
46 286 39 1 0 
52 245 15 16 0 
123 205 107 0 0 
142 371 15 0 0 
141 119 79 0 0 
112 353 17 0 0 
91 304 5 0 0 
107 305 11 0 0 
55 328 27 0 0 
97 206 42 1 0 
211 200 2 0 0 
250 193 81 0 0 
133 287 8 0 0 
95 256 9 9 0 
313 132 19 5 0 
240 253 11 0 0 
102 298 47 0 0 
141 340 96 0 0 
36 126 121 9 0 
97 453 43 0 0 
203 211 18 5 0 
141 112 138 4 0 
183 108 59 0 0 
195 135 84 1 0 
99 221 63 0 0 
164 519 12 0 0 
143 162 21 0 0 
161 117 91 0 0 
51 225 71 32 0 
139 222 88 0 0 
95 325 27 31 0 
150 178 74 0 0 
116 348 12 1 0 
107 231 46 1 0 
87 190 128 0 0 
110 228 73 0 0 
134 123 47 0 0 
126 258 96 0 0 
62 414 18 0 0 
99 222 113 8 0 
126 133 70 0 0 
135 180 50 0 0 
67 397 20 0 0 
217 249 66 3 0 
102 270 6 0 0 
103 217 108 2 0 
146 184 55 0 0 
83 238 35 0 0 
290 206 12 0 0 
108 221 96 0 0 
113 302 29 0 0 
114 188 76 0 0 
125 253 32 0 0 
224 220 125 0 0 
118 332 18 0 0 
115 248 68 0 0 
208 154 68 9 0 
108 300 22 0 0 
120 231 40 0 0 
141 156 67 36 0 
162 345 60 10 0 
280 208 19 0 0 
108 226 40 0 0 
102 252 29 0 0 
198 175 31 0 0 
276 166 16 14 0 
161 88 123 0 0 
142 138 80 0 0 
101 147 114 0 0 
66 305 14 0 0 
39 173 137 0 0 
29 273 58 0 0 
66 221 46 0 0 
30 126 94 17 0 
135 193 18 0 0 
183 133 69 0 0 
151 199 21 0 0 
160 304 53 0 0 
149 281 5 1 0 
199 244 41 1 0 
104 174 45 1 0 
110 206 51 16 0 
164 198 29 4 0 
169 147 115 0 0 
170 96 80 11 0 
217 168 42 1 0 
204 192 70 24 0 
74 234 31 0 0 
235 207 34 0 0 
151 320 41 0 0 
88 156 43 0 0 
160 86 62 0 0 
202 214 39 0 0 
114 145 81 0 0 
57 254 190 0 0 
158 182 41 6 0 
180 224 104 5 0 
188 140 8 0 0 
85 124 130 0 0 
79 220 67 0 0 
73 282 48 0 0 
116 239 99 0 0 
267 240 36 0 0 
186 278 6 0 0 
225 246 21 0 0 
97 212 102 0 0 
94 197 37 0 0 
236 212 109 0 0 
200 246 11 0 0 
112 149 121 0 0 
184 115 127 0 0 
133 217 6 0 0 
142 339 60 0 0 
221 213 77 1 0 
91 246 20 5 0 
114 212 44 0 0 
112 230 113 0 0 
149 124 53 0 0 
143 210 9 0 0 
182 162 52 7 0 
101 323 37 0 0 
66 181 95 7 0 
62 163 63 0 0 
64 191 125 12 0 
219 190 59 0 0 
77 158 10 19 0 
59 279 55 35 0 
318 227 50 0 0 
118 240 93 0 0 
142 280 32 0 0 
155 103 70 0 0 
16 244 53 11 0 
152 110 9 1 0 
63 163 86 11 0 
346 186 35 0 0 
129 228 37 0 0 
106 87 49 0 0 
210 153 37 4 0 
45 215 78 0 0 
180 220 27 0 0 
130 186 66 0 0 
85 337 117 0 0 
211 194 9 1 0 
274 166 27 0 0 
50 216 45 0 0 
64 255 24 0 0 
110 149 18 0 0 
58 228 67 0 0 
143 249 40 0 0 
26 102 123 0 0 
33 201 70 2 0 
144 310 34 0 0 
84 287 48 0 0 
52 204 140 0 0 
149 368 7 0 0 
125 96 29 1 0 
105 207 102 0 0 
150 93 85 0 0 
117 145 1 0 0 
153 120 1 0 0 
76 329 28 0 0 
74 246 40 0 0 
56 267 74 0 0 
100 161 60 1 0 
83 181 72 1 0 
84 309 45 0 0 
88 202 108 0 0 
278 210 33 0 0 
113 230 72 0 0 
139 275 27 0 0 
62 268 13 6 0 
116 192 40 17 0 
83 305 30 11 0 
246 275 45 0 0 
210 161 85 0 0 
89 215 84 0 0 
118 270 68 0 0 
99 289 60 0 0 
74 360 53 1 0 
61 325 123 0 0 
133 287 58 0 0 
225 279 65 0 0 
26 182 85 5 0 
135 194 105 5 0 
178 192 54 0 0 
130 187 5 0 0 
46 224 31 0 0 
173 183 34 0 0 
140 298 15 0 0 
105 286 75 0 0 
85 284 49 0 0 
120 257 17 0 0 
107 280 66 0 0 
68 259 13 0 0 
215 143 23 0 0 
98 162 75 0 0 
170 235 8 0 0 
130 257 19 14 0 
90 141 164 0 0 
321 119 47 1 0 
215 79 43 0 0 
113 175 33 0 0 
88 206 134 0 0 
103 273 50 0 0 
254 241 33 0 0 
184 167 69 3 0 
135 50 65 13 0 
90 300 64 0 0 
176 162 46 0 0 
103 212 159 0 0 
104 246 51 17 0 
156 274 117 0 0 
66 364 61 0 0 
127 258 50 0 0 
72 175 119 0 0 
197 201 53 0 0 
215 153 90 0 0 
85 300 89 1 0 
195 204 89 0 0 
151 123 23 0 0 
274 172 71 0 0 
149 172 67 1 0 
121 220 24 0 0 
102 164 36 0 0 
174 281 7 0 0 
257 232 10 0 0 
127 360 34 0 0 
21 252 74 0 0 
76 189 19 0 0 
176 122 55 0 0 
166 206 19 0 0 
226 164 54 0 0 
76 187 13 0 0 
122 243 60 0 0 
127 239 33 0 0 
112 206 17 0 0 
76 216 78 0 0 
38 248 82 19 0 
108 276 125 0 0 
132 194 65 0 0 
115 205 2 0 0 
237 123 28 0 0 
100 214 41 3 0 
92 183 51 1 0 
114 235 77 0 0 
146 235 61 0 0 
32 150 115 0 0 
70 297 195 0 0 
206 129 73 0 0 
49 203 39 0 0 
148 206 80 0 0 
113 238 112 0 0 
284 151 28 1 0 
256 230 36 0 0 
94 247 37 1 0 
83 159 133 0 0 
99 331 22 0 0 
94 226 49 0 0 
73 242 57 15 0 
124 289 54 3 0 
46 347 107 0 0 
194 248 64 0 0 
42 164 53 0 0 
48 190 95 0 0 
57 207 74 0 0 
109 288 3 12 0 
111 202 66 4 0 
208 294 28 0 0 
49 190 51 0 0 
52 162 190 2 0 
124 231 20 0 0 
166 208 42 10 0 
92 223 51 23 0 
156 282 34 0 0 
59 209 30 0 0 
171 216 41 0 0 
112 222 79 1 0 
56 306 86 1 0 
102 282 5 0 0 
269 146 71 0 0 
132 221 38 0 0 
60 196 47 0 0 
98 221 53 6 0 
103 181 8 28 0 
70 218 8 8 0 
224 258 16 0 0 
194 202 21 1 0 
41 245 26 0 0 
115 281 31 0 0 
74 314 34 0 0 
70 234 16 0 0 
213 215 61 0 0 
68 129 186 0 0 
86 235 100 36 0 
155 145 50 26 0 
75 371 56 0 0 
110 152 105 0 0 
76 254 40 0 0 
128 142 63 1 0 
251 168 20 0 0 
123 217 86 0 0 
237 229 51 0 0 
81 182 44 0 0 
127 184 88 15 0 
122 281 28 6 0 
97 299 58 0 0 
91 243 7 0 0 
159 148 60 0 0 
206 280 70 0 0 
178 214 36 0 0 
96 282 51 4 0 
122 103 55 1 0 
91 317 59 0 0 
111 400 67 1 0 
162 192 72 0 0 
121 209 22 0 0 
172 301 28 0 0 
165 245 107 2 0 
107 225 68 0 0 
174 223 27 0 0 
179 300 26 0 0 
99 281 124 0 0 
145 257 20 0 0 
268 177 16 20 0 
89 281 43 10 0 
109 367 25 0 0 
50 220 25 0 0 
128 148 97 0 0 
46 191 71 0 0 
211 201 94 0 0 
151 67 148 0 0 
105 131 62 0 0 
137 244 72 9 0 
193 171 21 0 0 
97 224 37 42 0 
124 128 76 0 0 
123 120 126 0 0 
118 127 23 0 0 
95 321 35 0 0 
81 195 41 0 0 
51 205 144 8 0 
158 293 20 0 0 
210 165 54 0 0 
130 189 60 0 0 
62 232 33 0 0 
200 155 158 0 0 
152 138 51 33 0 
155 142 13 18 0 
175 186 85 0 0 
95 304 65 0 0 
76 252 65 1 0 
216 185 113 9 0 
178 256 109 0 0 
231 187 42 19 0 
55 157 75 12 0 
118 188 69 0 0 
132 249 91 0 0 
97 196 31 0 0 
72 202 1 1 0 
132 221 16 0 0 
59 201 93 31 0 
58 220 8 0 0 
118 256 8 0 0 
127 187 27 0 0 
84 202 82 1 0 
138 123 65 0 0 
121 175 48 0 0 
87 365 5 0 0 
161 215 16 0 0 
185 188 29 0 0 
202 226 0 0 0 
82 230 133 0 0 
120 311 40 0 0 
164 124 52 0 0 
170 131 93 1 0 
212 187 30 0 0 
14 267 123 0 0 
218 162 31 1 0 
115 201 60 7 0 
186 311 17 0 0 
55 272 70 0 0 
136 244 21 0 0 
85 197 55 0 0 
194 164 54 0 0 
131 195 126 0 0 
156 181 1 0 0 
28 349 61 0 0 
37 252 32 0 0 
219 109 117 0 0 
213 161 60 0 0 
44 241 25 6 0 
162 204 34 18 0 
126 145 88 0 0 
138 133 1 0 0 
138 142 137 0 0 
220 227 2 0 0 
128 174 27 0 0 
111 318 42 0 0 
86 331 13 2 0 
207 161 123 2 0 
213 188 46 0 0 
123 188 25 0 0 
141 132 34 0 0 
241 248 36 0 0 
164 299 12 4 0 
116 206 16 0 0 
105 191 31 0 0 
95 182 54 0 0 
179 204 76 0 0 
122 273 11 0 0 
131 151 29 0 0 
137 210 34 9 0 
232 312 38 0 0 
99 297 21 0 0 
206 273 14 0 0 
125 295 38 0 0 
108 286 47 0 0 
71 199 107 0 0 
126 153 21 0 0 
113 138 44 0 0 
156 244 96 0 0 
75 45 34 1 0 
79 207 48 3 0 
188 88 91 0 0 
147 305 0 0 0 
113 170 39 0 0 
75 342 78 0 0 
30 350 34 0 0 
116 301 5 0 0 
127 288 21 1 0 
41 270 62 0 0 
117 222 83 0 0 
101 244 38 0 0 
119 200 88 0 0 
175 232 45 0 0 
120 299 61 0 0 
153 196 80 0 0 
42 293 109 0 0 
87 205 103 4 0 
60 175 73 0 0 
182 236 72 0 0 
121 130 65 1 0 
9 237 61 0 0 
65 271 23 5 0 
107 307 5 14 0 
88 196 60 4 0 
40 225 68 0 0 
187 262 99 17 0 
210 151 31 1 0 
126 214 135 0 0 
45 261 37 0 0 
57 358 26 1 0 
142 100 52 1 0 
37 283 27 0 0 
155 224 28 0 0 
119 148 57 0 0 
115 270 1 0 0 
197 306 22 0 0 
110 304 101 0 0 
150 293 98 0 0 
164 268 17 1 0 
96 87 59 12 0 
120 253 57 11 0 
163 223 23 0 0 
90 221 23 0 0 
232 233 45 17 0 
163 93 46 2 0 
99 372 6 0 0 
176 166 64 3 0 
184 134 75 10 0 
97 204 49 0 0 
64 133 44 0 0 
35 239 98 1 0 
114 264 21 0 0 
121 91 136 0 0 
129 247 147 0 0 
211 150 13 163 0 
29 272 66 55 0 
80 264 73 0 0 
47 311 130 0 0 
70 256 75 0 0 
136 239 139 1 0 
136 228 111 0 0 
108 322 12 0 0 
192 108 112 0 0 
72 163 39 17 0 
298 136 34 0 0 
153 177 60 0 0 
246 158 37 0 0 
82 307 7 0 0 
131 285 5 0 0 
138 131 38 0 0 
144 273 54 0 0 
255 214 71 0 0 
121 224 30 0 0 
142 157 68 0 0 
105 178 65 0 0 
173 113 66 0 0 
93 333 113 0 0 
170 266 14 0 0 
177 226 143 0 0 
71 245 124 8 0 
118 201 85 0 0 
99 237 50 0 0 
131 190 0 0 0 
211 214 153 8 0 
32 299 62 7 0 
93 382 32 0 0 
293 241 13 0 0 
246 257 6 0 0 
133 314 33 0 0 
107 205 56 0 0 
177 217 1 0 0 
149 399 29 0 0 
76 272 12 0 0 
166 172 34 0 0 
113 280 10 0 0 
251 298 13 1 0 
60 288 54 1 0 
164 216 26 0 0 
141 213 115 0 0 
53 339 21 2 0 
160 176 7 0 0 
110 204 35 0 0 
282 165 62 0 0 
121 245 85 35 0 
111 261 36 6 0 
147 196 56 0 0 
70 220 71 0 0 
134 179 159 0 0 
74 269 108 1 0 
115 96 128 4 0 
106 244 67 0 0 
130 225 43 0 0 
115 364 12 21 0 
173 243 10 0 0 
173 159 40 0 0 
105 168 34 1 0 
54 416 15 0 0 
89 203 128 0 0 
98 116 134 0 0 
268 165 49 0 0 
179 180 76 0 0 
120 195 42 0 0 
98 134 16 0 0 
127 168 88 0 0 
240 112 69 9 0 
126 215 21 0 0 
78 229 40 0 0 
51 149 96 0 0 
134 271 7 0 0 
109 320 12 0 0 
134 200 76 0 0 
111 231 37 0 0 
222 169 39 0 0 
198 214 0 0 0 
196 257 20 0 0 
212 132 64 0 0 
136 227 80 0 0 
132 135 53 1 0 
53 244 90 0 0 
176 220 17 0 0 
265 163 22 0 0 
103 191 28 4 0 
150 196 15 0 0 
123 144 83 0 0 
44 367 153 0 0 
158 229 6 0 0 
143 140 51 0 0 
143 225 90 0 0 
247 87 1 0 0 
52 252 56 0 0 
276 170 45 0 0 
131 315 51 0 0 
57 283 20 0 0 
150 110 82 0 0 
79 367 14 0 0 
70 352 66 0 0 
60 235 99 6 0 
159 264 104 0 0 
43 261 36 0 0 
115 286 18 0 0 
134 193 32 0 0 
87 249 57 0 0 
71 108 107 0 0 
131 134 36 19 0 
33 161 35 0 0 
63 279 11 6 0 
155 139 53 2 0 
105 237 80 1 0 
91 318 46 0 0 
230 165 16 0 0 
115 203 48 0 0 
44 228 115 1 0 
160 239 41 0 0 
116 74 136 23 0 
92 182 148 5 0 
99 214 61 1 0 
59 149 68 46 0 
246 239 56 12 0 
83 263 55 0 0 
162 160 164 12 0 
89 263 15 0 0 
47 166 53 0 0 
62 206 25 0 0 
134 215 42 0 0 
89 211 31 0 0 
46 281 89 0 0 
305 128 6 0 0 
49 180 126 0 0 
111 205 106 0 0 
195 146 150 1 0 
176 148 59 0 0 
101 269 11 6 0 
166 304 19 1 0 
42 316 64 3 0 
177 172 17 0 0 
263 243 41 0 0 
182 217 35 0 0 
90 161 102 0 0 
173 247 5 0 0 
27 171 17 0 0 
123 350 24 0 0 
232 194 47 0 0 
108 191 37 4 0 
176 247 4 0 0 
97 221 79 12 0 
106 150 229 44 0 
269 213 16 0 0 
74 180 130 0 0 
153 184 126 0 0 
49 304 84 0 0 
55 399 23 0 0 
208 151 58 0 0 
275 191 10 0 0 
173 269 31 0 0 
56 241 72 0 0 
180 239 9 13 0 
169 301 9 2 0 
124 224 49 2 0 
98 207 39 0 0 
74 223 56 12 0 
81 220 76 0 0 
189 195 1 0 0 
114 253 47 4 0 
115 117 130 0 0 
124 179 99 5 0 
121 378 33 0 0 
231 205 15 0 0 
87 348 12 0 0 
156 190 38 0 0 
37 193 24 11 0 
128 310 89 24 0 
60 143 132 0 0 
99 328 106 0 0 
165 183 33 0 0 
126 227 42 0 0 
209 250 1 0 0 
86 251 2 0 0 
168 171 15 0 0 
90 173 49 0 0 
64 192 29 0 0 
100 183 1 0 0 
168 187 102 0 0 
188 246 73 8 0 
164 248 5 0 0 
107 375 58 0 0 
39 257 48 0 0 
96 212 25 0 0 
70 248 92 0 0 
128 179 16 0 0 
54 213 56 0 0 
112 202 22 0 0 
154 184 74 0 0 
94 251 69 0 0 
90 190 52 12 0 
145 321 10 0 0 
126 227 69 0 0 
104 144 111 3 0 
201 147 58 0 0 
123 215 7 10 0 
114 408 79 0 0 
191 181 112 13 0 
144 330 30 0 0 
62 289 36 0 0 
90 206 62 0 0 
90 270 28 0 0 
61 193 39 0 0 
24 204 67 0 0 
53 175 81 0 0 
260 126 136 0 0 
78 247 47 0 0 
122 261 19 0 0 
143 237 48 0 0 
116 336 108 1 0 
42 178 123 0 0 
198 162 29 0 0 
62 199 81 0 0 
263 253 37 0 0 
78 184 210 0 0 
210 145 68 0 0 
177 87 128 0 0 
302 94 62 0 0 
186 339 16 0 0 
175 159 7 0 0 
195 168 67 0 0 
203 289 64 5 0 
192 104 55 0 0 
99 210 50 0 0 
18 310 37 43 0 
160 322 54 0 0 
122 239 16 0 0 
178 254 60 0 0 
57 230 36 0 0 
143 151 148 0 0 
230 133 1 0 0 
107 155 73 0 0 
124 360 57 1 0 
143 381 26 0 0 
98 323 79 0 0 
52 184 107 0 0 
120 313 29 0 0 
148 239 48 0 0 
200 277 54 0 0 
134 215 3 0 0 
202 225 18 0 0 
142 147 101 14 0 
69 238 44 0 0 
33 171 25 6 0 
56 299 73 0 0 
180 103 35 1 0 
209 204 19 0 0 
312 176 70 4 0 
34 338 50 0 0 
282 246 44 0 0 
181 188 69 0 0 
187 259 14 0 0 
102 264 18 0 0 
82 235 23 0 0 
193 227 19 2 0 
133 231 72 0 0 
55 217 47 0 0 
226 319 24 0 0 
156 215 10 9 0 
120 132 108 0 0 
185 224 48 0 0 
201 350 26 0 0 
89 216 66 1 0 
106 218 49 5 0 
100 208 60 0 0 
78 192 129 0 0 
156 341 12 0 0 
35 290 29 0 0 
148 195 42 12 0 
202 106 27 0 0 
93 291 9 0 0 
188 342 26 0 0 
119 267 18 0 0 
42 192 171 0 0 
76 103 55 0 0 
50 227 52 15 0 
68 226 139 0 0 
40 314 44 0 0 
163 141 46 0 0 
188 224 101 0 0 
152 345 19 0 0 
69 288 124 0 0 
162 188 58 24 0 
182 235 8 0 0 
66 476 0 0 0 
153 149 12 0 0 
143 202 44 0 0 
87 344 14 66 0 
116 219 20 0 0 
176 97 42 0 0 
179 203 78 26 0 
106 357 14 0 0 
179 163 25 0 0 
136 284 46 0 0 
167 333 39 0 0 
165 283 1 0 0 
128 176 4 0 0 
104 227 146 10 0 
38 291 23 6 0 
111 247 68 0 0 
101 267 105 0 0 
181 158 108 0 0 
234 197 35 3 0 
199 209 1 0 0 
93 251 50 0 0 
44 174 76 0 0 
159 167 51 0 0 
139 270 23 0 0 
82 348 40 0 0 
142 222 16 1 0 
207 218 71 10 0 
72 157 136 0 0 
277 75 36 15 0 
103 225 65 0 0 
104 132 17 9 0 
53 263 50 0 0 
103 198 52 11 0 
242 173 18 0 0 
