0 2 115 
0 12 110 
0 33 83 
0 52 65 
0 20 75 
0 8 77 
0 10 42 
0 50 95 
0 2 111 
0 29 28 
0 8 88 
0 36 53 
0 32 44 
0 20 60 
0 24 134 
0 28 90 
0 11 73 
0 9 61 
0 23 105 
0 47 119 
0 10 203 
0 13 73 
0 5 97 
0 13 78 
0 40 105 
0 17 54 
0 34 31 
0 20 91 
0 18 56 
0 41 88 
0 15 98 
0 12 79 
0 24 136 
0 25 103 
0 46 41 
0 28 135 
0 16 38 
0 11 60 
0 31 221 
0 37 90 
0 51 100 
0 15 151 
0 41 151 
0 54 112 
0 46 92 
0 32 65 
0 39 98 
0 26 84 
0 36 105 
0 26 46 
0 10 204 
0 21 115 
0 21 85 
0 13 90 
0 14 133 
0 19 39 
0 20 72 
0 23 80 
0 10 134 
0 60 32 
0 32 74 
0 31 51 
0 22 130 
0 36 109 
0 35 137 
0 56 49 
0 36 102 
0 37 62 
0 16 124 
0 45 131 
0 42 41 
0 94 53 
0 20 121 
0 71 71 
0 10 171 
0 71 77 
0 63 36 
0 3 43 
0 31 90 
0 18 100 
0 41 37 
0 23 72 
0 18 126 
0 17 76 
0 33 82 
0 19 70 
0 26 142 
0 30 92 
0 31 95 
0 6 42 
0 6 176 
0 11 57 
0 31 62 
0 15 72 
0 17 111 
0 22 61 
0 30 105 
0 17 71 
0 27 88 
0 23 91 
0 39 43 
0 32 54 
0 24 75 
0 64 182 
0 41 98 
0 11 147 
0 43 123 
0 3 178 
0 16 175 
0 12 99 
0 13 124 
0 27 72 
0 19 97 
0 54 129 
0 35 89 
0 26 27 
0 14 44 
0 52 89 
0 5 128 
0 26 114 
0 35 85 
0 35 91 
0 31 92 
0 40 85 
0 22 146 
0 10 123 
0 19 28 
0 59 90 
0 11 99 
0 15 98 
0 12 97 
0 4 68 
0 27 90 
0 19 93 
0 39 68 
0 12 49 
0 19 91 
0 19 66 
0 13 68 
0 11 110 
0 17 45 
0 6 131 
0 9 94 
0 15 57 
0 29 110 
0 54 63 
0 23 124 
0 12 36 
0 50 75 
0 35 68 
0 27 93 
0 38 112 
0 44 111 
0 34 91 
0 3 172 
0 32 51 
0 44 62 
0 35 130 
0 28 75 
0 18 50 
0 79 128 
0 16 69 
0 63 108 
0 18 52 
0 22 140 
0 11 80 
0 19 100 
0 14 112 
0 36 43 
0 24 112 
0 43 117 
0 26 171 
0 20 89 
0 4 122 
0 8 86 
0 38 50 
0 20 118 
0 40 70 
0 19 70 
0 26 58 
0 58 96 
0 43 114 
0 16 77 
0 43 60 
0 6 81 
0 29 33 
0 35 90 
0 57 100 
0 13 94 
0 28 116 
0 77 92 
0 45 147 
0 40 88 
0 22 47 
0 24 87 
0 20 127 
0 25 113 
0 88 99 
0 11 103 
0 22 178 
0 12 133 
0 7 152 
0 13 63 
0 42 81 
0 5 35 
0 10 134 
0 46 73 
0 17 146 
0 33 101 
0 38 50 
0 35 70 
0 10 52 
0 6 146 
0 60 47 
0 46 93 
0 32 189 
0 32 102 
0 13 81 
0 67 77 
0 52 58 
0 42 45 
0 11 193 
0 30 149 
0 34 66 
0 26 120 
0 37 42 
0 32 117 
0 24 83 
0 41 89 
0 52 49 
0 25 74 
0 19 192 
0 17 66 
0 49 147 
0 72 79 
0 6 98 
0 21 102 
0 7 200 
0 24 58 
0 20 74 
0 3 115 
0 24 189 
0 5 135 
0 42 84 
0 20 122 
0 25 59 
0 31 77 
0 34 64 
0 57 77 
0 33 86 
0 9 136 
0 19 75 
0 33 100 
0 36 121 
0 53 61 
0 35 65 
0 27 79 
0 21 85 
0 33 76 
0 13 139 
0 22 94 
0 10 77 
0 26 47 
0 24 136 
0 23 45 
0 36 156 
0 14 111 
0 9 27 
0 28 106 
0 6 42 
0 18 76 
0 49 91 
0 34 78 
0 14 133 
0 8 116 
0 11 102 
0 20 78 
0 26 75 
0 28 164 
0 27 88 
0 12 193 
0 44 152 
0 21 107 
0 45 117 
0 34 62 
0 16 99 
0 3 114 
0 38 48 
0 12 125 
0 51 52 
0 50 78 
0 27 90 
0 23 49 
0 3 105 
0 20 122 
0 10 88 
0 6 125 
0 13 83 
0 4 86 
0 12 36 
0 15 161 
0 13 108 
0 53 88 
0 12 153 
0 37 120 
0 21 115 
0 16 81 
0 25 61 
0 26 69 
0 29 84 
0 11 154 
0 54 97 
0 36 115 
0 30 69 
0 45 96 
0 20 76 
0 9 39 
0 53 53 
0 20 78 
0 0 66 
0 25 130 
0 39 101 
0 56 129 
0 26 100 
0 11 104 
0 38 82 
0 29 91 
0 53 93 
0 21 98 
0 54 44 
0 9 100 
0 6 39 
0 15 192 
0 30 87 
0 6 102 
0 4 85 
0 16 198 
0 33 77 
0 44 104 
0 28 81 
0 30 102 
0 27 127 
0 20 71 
0 39 128 
0 21 86 
0 8 94 
0 26 72 
0 19 45 
0 26 95 
0 11 72 
0 54 36 
0 7 163 
0 25 88 
0 25 71 
0 46 80 
0 23 108 
0 28 93 
0 30 67 
0 13 87 
0 24 76 
0 5 143 
0 54 45 
0 69 56 
0 4 104 
0 13 52 
0 6 76 
0 11 100 
0 43 73 
0 19 179 
0 60 67 
0 11 73 
0 21 122 
0 32 79 
0 35 132 
0 56 164 
0 14 108 
0 27 183 
0 31 61 
0 26 52 
0 18 68 
0 23 99 
0 17 189 
0 25 53 
0 19 40 
0 27 98 
0 31 40 
0 35 59 
0 29 110 
0 45 65 
0 16 57 
0 23 92 
0 38 78 
0 23 111 
0 53 60 
0 41 66 
0 40 24 
0 27 110 
0 25 68 
0 14 108 
0 21 105 
0 20 61 
0 16 222 
0 29 87 
0 40 113 
0 20 73 
0 40 134 
0 40 51 
0 20 48 
0 71 63 
0 26 123 
0 14 74 
0 15 23 
0 42 109 
0 31 84 
0 14 34 
0 9 76 
0 16 58 
0 15 38 
0 45 53 
0 14 186 
0 32 60 
0 45 54 
0 13 135 
0 51 88 
0 29 119 
0 18 52 
0 43 105 
0 23 257 
0 33 69 
0 26 126 
0 13 46 
0 5 45 
0 43 78 
0 25 103 
0 24 98 
0 21 45 
0 22 143 
0 15 158 
0 26 87 
0 40 100 
0 15 59 
0 11 46 
0 9 80 
0 43 115 
0 34 179 
0 14 48 
0 36 85 
0 31 62 
0 34 88 
0 39 60 
0 12 62 
0 26 168 
0 25 42 
0 33 135 
0 15 97 
0 28 80 
0 49 79 
0 61 80 
0 40 63 
0 5 48 
0 25 43 
0 9 109 
0 20 50 
0 8 79 
0 26 181 
0 11 79 
0 29 117 
0 53 79 
0 32 138 
0 16 100 
0 15 27 
0 9 57 
0 41 188 
0 20 135 
0 49 51 
0 16 82 
0 31 209 
0 21 93 
0 36 75 
0 36 93 
0 26 51 
0 18 50 
0 58 73 
0 13 139 
0 16 112 
0 18 177 
0 42 96 
0 9 147 
0 41 39 
0 39 74 
0 47 52 
0 21 43 
0 14 60 
0 50 143 
0 33 66 
0 16 94 
0 23 63 
0 22 81 
0 32 52 
0 29 89 
0 47 104 
0 9 52 
0 45 102 
0 35 113 
0 2 128 
0 52 66 
0 8 104 
0 26 84 
0 24 65 
0 0 100 
0 14 94 
0 23 58 
0 57 39 
0 18 133 
0 11 220 
0 25 73 
0 26 152 
0 42 52 
0 19 53 
0 50 84 
0 36 72 
0 15 143 
0 15 205 
0 23 53 
0 7 140 
0 27 95 
0 22 86 
0 40 72 
0 38 31 
0 44 93 
0 6 151 
0 16 100 
0 30 78 
0 8 106 
0 20 38 
0 16 99 
0 37 232 
0 19 173 
0 82 109 
0 32 86 
0 24 174 
0 20 96 
0 19 196 
0 24 80 
0 29 51 
0 27 54 
0 15 106 
0 22 56 
0 19 82 
0 11 34 
0 21 52 
0 51 58 
0 28 115 
0 43 67 
0 32 73 
0 74 126 
0 15 26 
0 17 50 
0 27 74 
0 35 59 
0 41 112 
0 26 92 
0 6 100 
0 12 173 
0 32 93 
0 46 87 
0 39 56 
0 52 40 
0 16 124 
0 17 123 
0 19 136 
0 13 90 
0 64 83 
0 7 46 
0 12 118 
0 14 70 
0 21 66 
0 56 35 
0 34 38 
0 20 122 
0 21 89 
0 23 57 
0 9 109 
0 7 73 
0 10 76 
0 13 124 
0 7 97 
0 25 117 
0 5 41 
0 33 79 
0 36 146 
0 23 96 
0 21 117 
0 48 77 
0 14 75 
0 38 72 
0 4 160 
0 39 74 
0 56 124 
0 28 89 
0 15 89 
0 32 149 
0 17 77 
0 36 124 
0 72 112 
0 40 27 
0 28 93 
0 28 62 
0 79 131 
0 50 88 
0 3 192 
0 54 48 
0 32 126 
0 17 42 
0 32 66 
0 43 57 
0 25 91 
0 34 55 
0 42 70 
0 35 108 
0 40 99 
0 5 47 
0 26 113 
0 13 47 
0 9 99 
0 9 116 
0 15 174 
0 13 63 
0 14 80 
0 17 105 
0 42 82 
0 33 111 
0 24 123 
0 31 51 
0 10 38 
0 9 102 
0 8 78 
0 28 88 
0 50 152 
0 47 238 
0 12 56 
0 18 127 
0 23 65 
0 3 51 
0 32 93 
0 49 72 
0 24 64 
0 47 93 
0 28 75 
0 8 53 
0 40 130 
0 19 110 
0 33 78 
0 25 149 
0 39 127 
0 4 150 
0 22 118 
0 41 106 
0 33 110 
0 20 112 
0 27 186 
0 19 48 
0 17 64 
0 6 73 
0 20 101 
0 32 38 
0 30 79 
0 52 65 
0 78 117 
0 21 68 
0 22 88 
0 39 200 
0 20 244 
0 7 89 
0 43 86 
0 23 54 
0 28 97 
0 30 125 
0 26 99 
0 36 35 
0 11 107 
0 31 113 
0 32 134 
0 11 96 
0 16 95 
0 16 101 
0 9 87 
0 29 88 
0 3 155 
0 40 197 
0 34 36 
0 45 78 
0 42 89 
0 32 111 
0 23 151 
0 24 165 
0 78 40 
0 47 30 
0 40 114 
0 17 172 
0 6 33 
0 36 99 
0 61 41 
0 21 194 
0 22 151 
0 19 118 
0 53 147 
0 8 149 
0 24 44 
0 24 99 
0 21 78 
0 32 51 
0 28 96 
0 17 88 
0 26 71 
0 40 41 
0 42 103 
0 22 84 
0 14 97 
0 18 137 
0 21 104 
0 42 83 
0 16 56 
0 12 83 
0 27 44 
0 7 132 
0 11 67 
0 3 131 
0 30 129 
0 46 73 
0 30 73 
0 20 105 
0 12 65 
0 21 117 
0 31 92 
0 24 87 
0 26 58 
0 47 145 
0 15 100 
0 34 40 
0 27 107 
0 42 63 
0 56 72 
0 23 104 
0 7 30 
0 27 141 
0 28 74 
0 33 54 
0 7 83 
0 44 149 
0 19 123 
0 25 104 
0 15 123 
0 30 101 
0 57 104 
0 23 176 
0 40 96 
0 13 51 
0 34 102 
0 18 134 
0 13 77 
0 4 110 
0 25 56 
0 15 90 
0 24 109 
0 19 102 
0 34 127 
0 23 83 
0 23 55 
0 40 46 
0 20 95 
0 70 66 
0 26 53 
0 11 80 
0 43 121 
0 16 66 
0 25 58 
0 10 77 
0 65 88 
0 34 134 
0 7 124 
0 6 104 
0 17 32 
0 24 50 
0 11 36 
0 40 134 
0 23 67 
0 45 107 
0 9 146 
0 12 85 
0 23 110 
0 14 98 
0 16 191 
0 28 52 
0 18 92 
0 16 96 
0 52 133 
0 78 170 
0 14 192 
0 31 108 
0 66 184 
0 43 65 
0 7 27 
0 6 62 
0 12 121 
0 16 60 
0 43 151 
0 17 36 
0 48 152 
0 14 123 
0 39 175 
0 36 21 
0 21 84 
0 17 74 
0 7 78 
0 48 85 
0 10 122 
0 22 55 
0 16 74 
0 27 155 
0 18 176 
0 34 39 
0 81 120 
0 23 102 
0 13 137 
0 28 86 
0 40 96 
0 2 64 
0 41 119 
0 44 108 
0 11 81 
0 15 77 
0 43 144 
0 22 50 
0 60 82 
0 38 42 
0 30 30 
0 24 62 
0 27 50 
0 21 56 
0 41 43 
0 74 122 
0 4 101 
0 15 79 
0 6 132 
0 31 83 
0 26 85 
0 42 96 
0 16 56 
0 47 97 
0 25 87 
0 43 70 
0 1 74 
0 48 81 
0 30 59 
0 23 128 
0 55 53 
0 36 62 
0 55 72 
0 18 56 
0 28 76 
0 57 123 
0 19 120 
0 28 194 
0 31 92 
0 37 72 
0 18 142 
0 15 145 
0 23 112 
0 24 166 
0 20 57 
0 11 57 
0 26 85 
0 27 89 
0 40 56 
0 16 106 
0 10 83 
0 25 148 
0 48 110 
0 15 115 
0 69 67 
0 25 112 
0 27 119 
0 26 133 
0 38 90 
0 49 89 
0 14 102 
0 19 110 
0 29 84 
0 15 55 
0 33 124 
0 52 53 
0 7 51 
0 43 63 
0 22 89 
0 36 98 
0 15 129 
0 0 96 
0 16 125 
0 42 69 
0 10 88 
0 54 74 
0 37 107 
0 25 86 
0 36 166 
0 41 16 
0 25 110 
0 51 107 
0 15 102 
0 21 113 
0 39 58 
0 31 41 
0 25 80 
0 51 56 
0 15 95 
0 23 137 
0 36 74 
0 39 143 
0 15 56 
0 33 136 
0 39 65 
0 35 33 
0 43 139 
0 20 63 
0 35 24 
0 23 197 
0 36 86 
0 33 178 
0 12 34 
0 43 125 
0 24 61 
0 29 71 
0 19 59 
0 47 80 
0 24 82 
0 22 140 
0 48 116 
0 26 75 
0 27 91 
0 27 98 
0 41 43 
0 29 60 
0 29 87 
0 71 56 
0 39 64 
0 4 133 
0 26 144 
0 37 128 
0 24 97 
0 17 49 
0 15 87 
0 35 77 
0 47 89 
0 20 92 
0 28 100 
0 33 59 
0 30 93 
0 10 99 
0 28 85 
0 30 136 
0 31 25 
0 56 28 
0 11 34 
0 20 26 
0 36 86 
0 46 107 
0 8 108 
0 28 90 
0 13 130 
0 33 136 
0 20 32 
0 26 161 
0 22 145 
0 2 129 
0 32 70 
0 22 110 
0 62 83 
0 19 137 
0 12 95 
0 31 89 
0 23 82 
0 51 152 
0 17 182 
0 40 75 
0 6 135 
0 51 70 
0 39 145 
0 27 129 
0 9 97 
0 17 107 
0 27 78 
0 38 82 
0 5 133 
0 19 126 
0 31 57 
0 30 63 
0 3 98 
0 20 74 
0 17 59 
0 29 24 
