542 221 237 
520 260 220 
670 203 127 
485 289 226 
523 263 214 
573 285 142 
565 280 155 
581 194 225 
460 250 290 
581 224 195 
566 243 191 
592 192 216 
519 262 219 
577 231 192 
505 283 212 
502 239 259 
518 233 249 
632 238 130 
550 235 215 
522 274 204 
488 219 293 
528 227 245 
538 254 208 
488 256 256 
537 257 206 
491 255 254 
456 238 306 
548 236 216 
517 289 194 
384 249 367 
539 275 186 
557 282 161 
586 243 171 
522 264 214 
523 285 192 
494 270 236 
585 190 225 
503 279 218 
592 229 179 
516 248 236 
567 238 195 
509 276 215 
464 235 301 
532 206 262 
555 220 225 
478 256 266 
491 256 253 
539 281 180 
542 243 215 
574 264 162 
472 281 247 
561 260 179 
547 276 177 
501 269 230 
555 255 190 
451 231 318 
538 211 251 
462 268 270 
593 263 144 
472 242 286 
504 235 261 
479 312 209 
467 252 281 
504 277 219 
572 228 200 
532 221 247 
609 239 152 
606 227 167 
516 220 264 
538 260 202 
535 186 279 
478 262 260 
562 215 223 
523 289 188 
616 235 149 
513 269 218 
498 243 259 
411 333 256 
476 290 234 
521 298 181 
476 284 240 
584 221 195 
538 265 197 
521 267 212 
538 228 234 
503 250 247 
487 284 229 
497 282 221 
513 226 261 
543 268 189 
592 207 201 
491 262 247 
558 238 204 
528 212 260 
474 270 256 
481 286 233 
477 243 280 
491 292 217 
564 246 190 
505 220 275 
449 219 332 
489 256 255 
558 261 181 
519 243 238 
557 260 183 
570 247 183 
548 249 203 
533 283 184 
517 210 273 
530 259 211 
555 274 171 
497 263 240 
529 282 189 
467 278 255 
493 215 292 
571 276 153 
522 245 233 
528 265 207 
521 242 237 
549 214 237 
522 239 239 
573 235 192 
459 294 247 
539 189 272 
498 250 252 
585 232 183 
550 252 198 
532 245 223 
461 228 311 
552 220 228 
500 307 193 
554 230 216 
476 231 293 
475 240 285 
546 275 179 
449 215 336 
506 287 207 
557 252 191 
503 239 258 
531 242 227 
537 208 255 
620 235 145 
440 252 308 
557 292 151 
557 216 227 
583 256 161 
504 226 270 
553 207 240 
528 220 252 
481 259 260 
548 198 254 
445 227 328 
539 221 240 
616 258 126 
550 264 186 
542 264 194 
518 273 209 
550 267 183 
532 238 230 
566 250 184 
501 266 233 
572 241 187 
569 261 170 
468 264 268 
507 259 234 
564 235 201 
491 296 213 
574 215 211 
549 210 241 
497 244 259 
500 239 261 
550 277 173 
530 182 288 
494 277 229 
440 188 372 
419 250 331 
470 220 310 
521 224 255 
480 248 272 
478 260 262 
492 275 233 
571 243 186 
550 230 220 
497 267 236 
524 272 204 
524 264 212 
493 227 280 
504 311 185 
531 307 162 
573 243 184 
423 251 326 
569 248 183 
539 278 183 
544 236 220 
512 227 261 
511 255 234 
554 200 246 
434 282 284 
517 232 251 
563 210 227 
556 224 220 
510 296 194 
484 296 220 
534 204 262 
531 212 257 
496 293 211 
522 260 218 
531 250 219 
472 314 214 
617 227 156 
504 243 253 
555 262 183 
495 253 252 
554 242 204 
499 209 292 
496 242 262 
501 286 213 
517 272 211 
482 274 244 
485 219 296 
446 257 297 
536 249 215 
500 261 239 
502 332 166 
498 237 265 
520 274 206 
508 246 246 
568 242 190 
543 237 220 
570 255 175 
478 324 198 
574 208 218 
571 259 170 
496 232 272 
556 224 220 
648 216 136 
555 231 214 
504 313 183 
524 163 313 
511 274 215 
559 231 210 
440 237 323 
588 263 149 
472 234 294 
539 256 205 
515 237 248 
589 182 229 
589 252 159 
450 206 344 
565 242 193 
567 258 175 
521 324 155 
596 231 173 
549 271 180 
489 261 250 
596 232 172 
513 260 227 
544 252 204 
527 284 189 
567 243 190 
606 225 169 
543 262 195 
514 242 244 
542 252 206 
506 214 280 
588 217 195 
524 274 202 
532 260 208 
558 251 191 
502 265 233 
579 193 228 
561 223 216 
497 259 244 
613 240 147 
641 218 141 
477 297 226 
529 174 297 
527 262 211 
512 230 258 
586 238 176 
465 231 304 
608 262 130 
525 321 154 
574 191 235 
471 268 261 
476 212 312 
517 236 247 
501 308 191 
604 227 169 
521 239 240 
639 183 178 
540 208 252 
495 267 238 
605 234 161 
533 253 214 
510 269 221 
543 222 235 
514 245 241 
533 259 208 
541 265 194 
558 258 184 
557 257 186 
639 235 126 
547 240 213 
561 234 205 
560 266 174 
603 207 190 
527 248 225 
538 241 221 
483 282 235 
472 251 277 
484 270 246 
477 282 241 
508 226 266 
542 260 198 
557 226 217 
511 246 243 
567 230 203 
572 230 198 
461 291 248 
457 293 250 
534 262 204 
564 241 195 
511 287 202 
584 233 183 
457 247 296 
541 241 218 
499 264 237 
518 217 265 
616 229 155 
501 257 242 
522 266 212 
545 294 161 
530 233 237 
572 249 179 
478 240 282 
469 249 282 
540 282 178 
536 251 213 
385 288 327 
545 191 264 
490 252 258 
537 198 265 
535 255 210 
517 260 223 
573 243 184 
611 174 215 
527 267 206 
577 253 170 
497 223 280 
554 236 210 
523 264 213 
587 231 182 
593 242 165 
530 279 191 
533 300 167 
512 238 250 
493 255 252 
569 248 183 
561 244 195 
569 224 207 
452 274 274 
588 220 192 
451 241 308 
563 281 156 
557 264 179 
497 255 248 
544 227 229 
571 226 203 
565 236 199 
602 190 208 
523 303 174 
563 206 231 
457 279 264 
555 261 184 
565 219 216 
492 266 242 
505 268 227 
433 252 315 
512 247 241 
587 234 179 
531 191 278 
460 308 232 
534 236 230 
606 227 167 
492 227 281 
503 275 222 
531 265 204 
540 240 220 
508 210 282 
603 222 175 
526 305 169 
487 281 232 
516 244 240 
501 268 231 
445 253 302 
523 318 159 
608 274 118 
598 216 186 
594 226 180 
470 304 226 
546 249 205 
507 284 209 
516 289 195 
446 282 272 
472 230 298 
423 230 347 
567 255 178 
546 253 201 
453 264 283 
487 277 236 
505 261 234 
534 257 209 
451 281 268 
544 235 221 
484 267 249 
470 265 265 
462 299 239 
509 246 245 
505 215 280 
543 226 231 
499 216 285 
486 234 280 
550 219 231 
535 238 227 
518 244 238 
542 222 236 
526 233 241 
528 283 189 
501 243 256 
580 252 168 
507 256 237 
434 232 334 
567 232 201 
529 213 258 
536 189 275 
513 281 206 
572 228 200 
505 238 257 
579 235 186 
517 300 183 
470 196 334 
454 264 282 
538 271 191 
492 262 246 
554 244 202 
507 295 198 
529 227 244 
557 227 216 
542 266 192 
472 237 291 
583 246 171 
424 311 265 
624 196 180 
543 208 249 
568 195 237 
554 234 212 
525 209 266 
497 231 272 
507 219 274 
651 204 145 
528 221 251 
520 235 245 
572 241 187 
587 256 157 
519 266 215 
618 203 179 
475 190 335 
528 261 211 
548 245 207 
519 262 219 
527 240 233 
543 228 229 
599 282 119 
556 273 171 
497 278 225 
477 259 264 
569 275 156 
485 242 273 
520 224 256 
513 260 227 
520 266 214 
465 292 243 
533 282 185 
490 289 221 
490 298 212 
602 199 199 
572 231 197 
558 227 215 
514 289 197 
564 274 162 
497 262 241 
499 210 291 
505 206 289 
585 261 154 
501 308 191 
496 285 219 
599 210 191 
491 275 234 
510 261 229 
551 258 191 
536 254 210 
577 235 188 
494 299 207 
529 257 214 
457 237 306 
565 269 166 
441 232 327 
515 264 221 
567 246 187 
550 255 195 
556 245 199 
540 242 218 
515 251 234 
592 202 206 
442 298 260 
465 261 274 
536 244 220 
493 279 228 
487 248 265 
607 234 159 
549 256 195 
499 250 251 
524 234 242 
515 250 235 
576 245 179 
550 232 218 
517 230 253 
532 262 206 
549 272 179 
489 236 275 
606 209 185 
556 205 239 
513 277 210 
484 246 270 
593 246 161 
501 203 296 
519 243 238 
481 279 240 
531 225 244 
517 241 242 
566 210 224 
576 181 243 
485 257 258 
489 222 289 
435 258 307 
476 306 218 
538 286 176 
526 313 161 
515 221 264 
511 274 215 
495 260 245 
592 260 148 
554 291 155 
520 254 226 
594 268 138 
515 200 285 
512 271 217 
534 266 200 
546 277 177 
523 278 199 
476 237 287 
597 231 172 
539 259 202 
483 234 283 
530 296 174 
561 257 182 
480 232 288 
497 277 226 
432 228 340 
539 254 207 
554 289 157 
632 248 120 
457 267 276 
559 268 173 
496 250 254 
469 273 258 
480 255 265 
543 208 249 
594 245 161 
458 317 225 
528 238 234 
497 251 252 
513 289 198 
597 228 175 
564 264 172 
490 212 298 
530 284 186 
597 188 215 
478 265 257 
503 225 272 
541 269 190 
407 230 363 
509 229 262 
539 286 175 
634 210 156 
537 209 254 
528 197 275 
453 249 298 
541 262 197 
480 255 265 
508 242 250 
546 236 218 
610 237 153 
510 286 204 
515 222 263 
525 236 239 
517 208 275 
513 205 282 
525 246 229 
506 289 205 
516 238 246 
506 251 243 
489 249 262 
502 259 239 
562 208 230 
527 247 226 
591 202 207 
520 245 235 
528 257 215 
498 287 215 
514 203 283 
488 250 262 
517 243 240 
573 228 199 
504 252 244 
515 267 218 
410 259 331 
483 284 233 
471 241 288 
500 277 223 
455 265 280 
554 263 183 
585 255 160 
529 193 278 
565 195 240 
567 254 179 
468 253 279 
541 231 228 
621 232 147 
568 213 219 
562 282 156 
566 177 257 
541 250 209 
505 274 221 
495 290 215 
515 217 268 
537 231 232 
560 199 241 
573 221 206 
443 288 269 
562 208 230 
554 211 235 
558 220 222 
503 232 265 
526 258 216 
573 216 211 
377 251 372 
520 265 215 
505 228 267 
480 301 219 
554 246 200 
520 285 195 
544 270 186 
490 282 228 
573 245 182 
499 248 253 
523 233 244 
606 221 173 
488 294 218 
570 260 170 
473 242 285 
467 308 225 
567 201 232 
466 248 286 
511 270 219 
545 264 191 
497 264 239 
591 223 186 
470 272 258 
510 191 299 
543 271 186 
463 287 250 
472 239 289 
534 226 240 
498 291 211 
615 233 152 
514 236 250 
502 316 182 
422 257 321 
476 275 249 
524 247 229 
551 261 188 
534 276 190 
540 255 205 
594 274 132 
470 258 272 
521 246 233 
532 267 201 
478 235 287 
562 246 192 
505 243 252 
592 244 164 
550 283 167 
585 255 160 
565 274 161 
510 302 188 
493 263 244 
535 261 204 
563 254 183 
508 273 219 
580 217 203 
475 255 270 
504 258 238 
565 212 223 
486 289 225 
484 290 226 
448 258 294 
536 230 234 
469 250 281 
535 228 237 
553 248 199 
554 228 218 
554 220 226 
602 209 189 
584 241 175 
457 254 289 
474 265 261 
535 275 190 
496 270 234 
592 245 163 
504 273 223 
505 248 247 
584 262 154 
532 257 211 
559 212 229 
452 219 329 
579 211 210 
579 190 231 
612 210 178 
440 227 333 
559 219 222 
494 235 271 
500 227 273 
379 285 336 
594 295 111 
556 254 190 
494 267 239 
524 290 186 
536 285 179 
502 271 227 
555 272 173 
551 252 197 
456 299 245 
541 204 255 
606 197 197 
432 248 320 
578 255 167 
562 283 155 
611 251 138 
537 203 260 
545 177 278 
606 225 169 
502 298 200 
532 187 281 
555 226 219 
537 282 181 
611 247 142 
540 220 240 
550 193 257 
543 231 226 
539 269 192 
521 268 211 
485 210 305 
559 189 252 
542 278 180 
549 266 185 
553 254 193 
530 237 233 
500 251 249 
571 269 160 
651 168 181 
529 292 179 
476 270 254 
535 285 180 
544 246 210 
554 260 186 
576 240 184 
518 283 199 
548 234 218 
471 249 280 
528 271 201 
562 215 223 
522 298 180 
496 270 234 
485 262 253 
590 207 203 
508 306 186 
537 242 221 
580 283 137 
501 247 252 
514 263 223 
508 217 275 
528 232 240 
486 231 283 
544 270 186 
514 253 233 
494 254 252 
487 228 285 
542 261 197 
639 178 183 
620 136 244 
469 200 331 
593 250 157 
511 246 243 
614 227 159 
532 251 217 
498 260 242 
567 213 220 
520 233 247 
566 221 213 
559 232 209 
522 259 219 
591 171 238 
541 238 221 
574 244 182 
476 288 236 
516 279 205 
509 260 231 
496 279 225 
512 281 207 
482 276 242 
559 243 198 
384 252 364 
523 226 251 
494 271 235 
540 247 213 
578 234 188 
600 230 170 
528 299 173 
559 299 142 
547 277 176 
547 256 197 
522 265 213 
519 270 211 
486 252 262 
566 234 200 
534 283 183 
469 242 289 
593 263 144 
508 250 242 
436 224 340 
505 217 278 
569 226 205 
509 207 284 
498 237 265 
511 249 240 
571 258 171 
547 236 217 
550 237 213 
557 287 156 
535 244 221 
469 233 298 
468 261 271 
529 252 219 
522 260 218 
535 273 192 
548 239 213 
536 270 194 
634 243 123 
566 197 237 
471 237 292 
518 252 230 
436 197 367 
502 220 278 
419 223 358 
658 199 143 
525 191 284 
575 273 152 
556 238 206 
557 297 146 
439 233 328 
413 274 313 
537 259 204 
514 258 228 
443 197 360 
528 269 203 
505 252 243 
596 235 169 
520 270 210 
554 220 226 
591 232 177 
596 246 158 
439 266 295 
509 272 219 
566 244 190 
608 230 162 
510 260 230 
529 236 235 
547 225 228 
470 250 280 
490 224 286 
563 239 198 
527 275 198 
478 264 258 
594 202 204 
444 330 226 
528 218 254 
536 244 220 
500 263 237 
612 227 161 
568 167 265 
590 220 190 
494 208 298 
568 227 205 
607 171 222 
562 226 212 
593 212 195 
543 234 223 
575 256 169 
536 245 219 
545 214 241 
606 239 155 
501 299 200 
554 251 195 
542 231 227 
490 287 223 
575 270 155 
584 240 176 
549 227 224 
595 240 165 
527 245 228 
542 268 190 
510 308 182 
546 250 204 
524 268 208 
549 232 219 
561 242 197 
565 258 177 
550 251 199 
509 276 215 
620 237 143 
581 258 161 
516 262 222 
535 188 277 
474 235 291 
455 258 287 
542 273 185 
477 248 275 
521 251 228 
480 231 289 
507 262 231 
529 227 244 
501 282 217 
565 258 177 
473 282 245 
466 323 211 
432 247 321 
588 250 162 
436 315 249 
587 234 179 
559 248 193 
554 227 219 
476 277 247 
500 203 297 
570 249 181 
483 287 230 
484 231 285 
522 276 202 
433 265 302 
471 224 305 
546 237 217 
508 262 230 
598 248 154 
518 256 226 
527 215 258 
578 254 168 
500 290 210 
583 233 184 
515 259 226 
531 240 229 
587 276 137 
494 293 213 
484 285 231 
595 228 177 
430 229 341 
631 219 150 
586 235 179 
530 186 284 
630 219 151 
522 231 247 
545 215 240 
557 211 232 
485 181 334 
551 221 228 
510 237 253 
485 263 252 
588 266 146 
472 264 264 
555 220 225 
