0 0 350 
0 0 375 
0 6 289 
0 0 283 
0 0 336 
0 0 282 
0 0 256 
0 0 373 
0 0 266 
0 3 237 
0 0 295 
0 0 357 
0 0 306 
0 0 324 
0 0 260 
0 0 322 
0 1 304 
0 1 293 
0 0 302 
0 0 341 
0 0 284 
0 0 295 
0 0 253 
0 0 311 
0 1 285 
0 0 296 
0 0 280 
0 0 317 
0 0 304 
0 0 339 
0 0 294 
0 0 342 
0 9 321 
0 0 310 
0 0 317 
0 0 290 
0 0 236 
0 0 282 
0 1 293 
0 2 331 
0 0 307 
0 7 306 
0 0 273 
0 0 271 
0 1 269 
0 0 365 
0 0 318 
0 8 275 
0 0 321 
0 0 285 
0 27 317 
0 0 230 
0 0 301 
0 0 320 
0 0 297 
0 0 294 
0 0 338 
0 0 300 
0 1 333 
0 0 308 
0 0 279 
0 0 344 
0 8 358 
0 0 342 
0 0 307 
0 0 279 
0 0 280 
0 0 297 
0 0 306 
0 1 313 
0 1 315 
0 0 293 
0 12 294 
0 0 347 
0 5 335 
0 0 357 
0 0 346 
0 0 336 
0 0 274 
0 0 301 
0 0 329 
0 2 318 
0 0 254 
0 0 324 
0 1 339 
0 0 268 
0 0 264 
0 1 290 
0 0 294 
0 4 261 
0 0 380 
0 0 285 
0 0 294 
0 0 239 
0 0 319 
0 1 287 
0 0 337 
0 0 304 
0 0 329 
0 0 279 
0 0 291 
0 1 311 
0 0 265 
0 0 329 
0 0 269 
0 0 299 
0 0 337 
0 5 320 
0 0 295 
0 0 416 
0 1 315 
0 0 278 
0 0 287 
0 0 309 
0 5 364 
0 0 284 
0 0 345 
0 0 377 
0 0 326 
0 0 360 
0 0 277 
0 0 304 
0 0 316 
0 0 329 
0 2 315 
0 0 383 
0 0 304 
0 0 269 
0 0 298 
0 0 281 
0 0 332 
0 0 275 
0 0 279 
0 0 318 
0 12 276 
0 0 315 
0 0 322 
0 0 301 
0 0 353 
0 0 338 
0 0 320 
0 0 290 
0 0 297 
0 0 249 
0 0 345 
0 0 289 
0 0 284 
0 0 301 
0 0 316 
0 0 349 
0 0 356 
0 0 321 
0 2 343 
0 0 309 
0 5 273 
0 0 317 
0 2 279 
0 0 309 
0 0 290 
0 0 356 
0 0 345 
0 0 308 
0 0 322 
0 0 308 
0 2 317 
0 0 315 
0 0 278 
0 0 309 
0 0 315 
0 0 312 
0 0 319 
0 0 294 
0 0 333 
0 0 280 
0 6 334 
0 0 348 
0 0 321 
0 0 272 
0 0 274 
0 0 293 
0 0 316 
0 0 247 
0 0 304 
0 6 345 
0 0 268 
0 0 334 
0 3 277 
0 0 352 
0 0 301 
0 10 273 
0 0 292 
0 0 259 
0 0 291 
0 0 308 
0 0 339 
0 0 391 
0 0 318 
0 0 270 
0 4 294 
0 0 302 
0 0 362 
0 0 313 
0 10 254 
0 10 271 
0 1 341 
0 0 340 
0 0 362 
0 0 344 
0 0 330 
0 0 301 
0 0 362 
0 0 314 
0 0 287 
0 0 298 
0 0 299 
0 0 264 
0 0 260 
0 0 327 
0 0 326 
0 9 314 
0 6 233 
0 0 273 
0 0 341 
0 0 341 
0 0 347 
0 0 310 
0 0 298 
0 0 278 
0 0 310 
0 0 313 
0 0 295 
0 0 246 
0 0 332 
0 0 296 
0 0 298 
0 1 298 
0 0 338 
0 0 289 
0 0 257 
0 0 296 
0 0 322 
0 0 322 
0 1 276 
0 0 333 
0 0 268 
0 0 304 
0 0 306 
0 0 265 
0 0 319 
0 5 287 
0 0 280 
0 0 309 
0 0 361 
0 0 318 
0 0 289 
0 0 290 
0 4 272 
0 0 277 
0 0 294 
0 0 372 
0 8 301 
0 0 305 
0 2 297 
0 0 320 
0 0 278 
0 0 286 
0 0 282 
0 0 286 
0 0 316 
0 0 286 
0 0 342 
0 0 282 
0 0 262 
0 0 293 
0 6 343 
0 11 305 
0 0 301 
0 0 305 
0 0 328 
0 0 309 
0 0 341 
0 0 331 
0 0 316 
0 0 296 
0 0 312 
0 0 398 
0 0 324 
0 0 332 
0 0 288 
0 0 330 
0 0 303 
0 20 276 
0 3 321 
0 0 274 
0 0 333 
0 0 285 
0 1 303 
0 1 319 
0 3 320 
0 0 321 
0 0 350 
0 0 296 
0 0 315 
0 7 283 
0 4 318 
0 0 296 
0 0 311 
0 0 315 
0 0 362 
0 0 327 
0 0 272 
0 1 336 
0 0 284 
0 0 292 
0 0 299 
0 0 294 
0 0 313 
0 0 324 
0 3 298 
0 0 347 
0 0 337 
0 0 307 
0 3 291 
0 0 328 
0 0 335 
0 0 292 
0 0 324 
0 4 337 
0 8 239 
0 0 372 
0 0 282 
0 0 286 
0 0 332 
0 3 341 
0 9 349 
0 0 360 
0 3 269 
0 0 313 
0 0 303 
0 0 335 
0 0 311 
0 0 338 
0 0 338 
0 0 288 
0 0 309 
0 3 320 
0 0 320 
0 0 302 
0 0 329 
0 0 342 
0 0 288 
0 0 290 
0 0 292 
0 0 324 
0 0 325 
0 0 283 
0 0 277 
0 0 270 
0 0 348 
0 0 359 
0 0 320 
0 0 311 
0 0 296 
0 0 356 
0 0 283 
0 0 267 
0 7 312 
0 0 302 
0 0 304 
0 0 323 
0 0 312 
0 0 343 
0 0 279 
0 2 342 
0 0 310 
0 0 375 
0 0 341 
0 0 390 
0 0 354 
0 0 278 
0 0 272 
0 0 346 
0 0 346 
0 1 267 
0 0 297 
0 6 320 
0 0 301 
0 9 270 
0 3 344 
0 0 321 
0 0 315 
0 0 348 
0 0 303 
0 0 285 
0 0 301 
0 0 279 
0 0 334 
0 2 398 
0 0 337 
0 0 342 
0 4 362 
0 0 288 
0 4 369 
0 3 281 
0 0 297 
0 0 299 
0 0 389 
0 3 256 
0 0 322 
0 0 362 
0 0 299 
0 0 301 
0 0 292 
0 0 279 
0 0 307 
0 0 332 
0 0 302 
0 0 332 
0 0 324 
0 0 277 
0 0 304 
0 0 292 
0 0 280 
0 0 282 
0 0 330 
0 0 318 
0 0 292 
0 0 307 
0 0 254 
0 3 297 
0 0 330 
0 0 334 
0 0 289 
0 0 343 
0 0 299 
0 0 260 
0 0 284 
0 0 294 
0 2 301 
0 0 294 
0 0 285 
0 0 289 
0 0 258 
0 0 309 
0 0 346 
0 0 302 
0 1 341 
0 0 341 
0 10 272 
0 0 298 
0 0 283 
0 16 261 
0 0 348 
0 17 289 
0 0 357 
0 0 349 
0 0 316 
0 0 300 
0 3 275 
0 0 348 
0 0 294 
0 0 296 
0 0 264 
0 0 301 
0 0 337 
0 0 258 
0 2 273 
0 0 264 
0 3 296 
0 0 294 
0 0 330 
0 0 284 
0 4 303 
0 0 312 
0 2 289 
0 0 322 
0 0 268 
0 0 321 
0 0 318 
0 0 273 
0 0 284 
0 0 306 
0 0 292 
0 0 302 
0 4 312 
0 0 273 
0 0 331 
0 0 258 
0 0 282 
0 0 290 
0 0 278 
0 0 303 
0 0 308 
0 0 304 
0 0 314 
0 0 316 
0 0 270 
0 0 295 
0 0 284 
0 0 239 
0 0 267 
0 0 272 
0 0 255 
0 0 294 
0 0 335 
0 6 334 
0 1 263 
0 0 332 
0 0 317 
0 0 342 
0 1 275 
0 2 246 
0 1 304 
0 0 298 
0 1 268 
0 0 248 
0 0 300 
0 3 299 
0 0 306 
0 0 329 
0 7 304 
0 0 329 
0 4 361 
0 0 304 
0 23 285 
0 0 271 
0 4 305 
0 0 391 
0 0 273 
0 0 327 
0 0 290 
0 0 336 
0 0 315 
0 0 278 
0 0 298 
0 0 275 
0 5 271 
0 0 293 
0 0 316 
0 0 368 
0 0 313 
0 0 305 
0 0 269 
0 0 265 
0 0 300 
0 0 248 
0 0 336 
0 0 272 
0 0 248 
0 0 316 
0 0 376 
0 0 246 
0 0 308 
0 0 283 
0 0 337 
0 0 287 
0 0 294 
0 0 308 
0 0 285 
0 0 296 
0 1 301 
0 0 306 
0 0 301 
0 0 329 
0 0 346 
0 13 278 
0 0 295 
0 0 340 
0 0 297 
0 0 266 
0 7 365 
0 0 349 
0 0 338 
0 0 279 
0 1 310 
0 0 255 
0 0 285 
0 0 262 
0 0 376 
0 0 343 
0 0 311 
0 0 233 
0 0 308 
0 0 251 
0 0 280 
0 0 292 
0 0 336 
0 0 291 
0 0 250 
0 0 324 
0 0 310 
0 0 313 
0 0 289 
0 0 271 
0 0 278 
0 6 273 
0 0 294 
0 0 303 
0 0 305 
0 0 319 
0 3 269 
0 0 351 
0 0 257 
0 0 315 
0 0 308 
0 0 344 
0 6 280 
0 1 246 
0 0 296 
0 0 312 
0 0 291 
0 0 299 
0 0 309 
0 0 312 
0 0 364 
0 0 283 
0 4 303 
0 0 278 
0 0 322 
0 0 378 
0 0 300 
0 5 245 
0 0 340 
0 0 303 
0 0 387 
0 0 303 
0 0 335 
0 3 284 
0 0 270 
0 0 323 
0 0 344 
0 0 321 
0 0 301 
0 0 310 
0 2 316 
0 1 300 
0 0 289 
0 0 308 
0 1 332 
0 0 293 
0 0 261 
0 0 292 
0 0 268 
0 0 292 
0 1 341 
0 0 293 
0 0 317 
0 0 270 
0 0 349 
0 0 299 
0 0 260 
0 0 326 
0 0 302 
0 0 334 
0 0 300 
0 1 258 
0 0 331 
0 14 315 
0 0 317 
0 0 290 
0 0 321 
0 0 298 
0 5 246 
0 0 305 
0 0 302 
0 0 311 
0 0 324 
0 0 316 
0 5 290 
0 3 308 
0 0 297 
0 0 305 
0 0 305 
0 0 285 
0 0 332 
0 0 251 
0 0 296 
0 0 305 
0 2 335 
0 0 284 
0 0 326 
0 7 306 
0 0 344 
0 0 304 
0 3 307 
0 7 303 
0 0 329 
0 0 310 
0 0 345 
0 0 366 
0 0 291 
0 0 331 
0 0 316 
0 0 310 
0 0 327 
0 0 359 
0 0 273 
0 0 243 
0 0 373 
0 0 406 
0 0 312 
0 0 386 
0 0 307 
0 0 346 
0 3 311 
0 0 279 
0 0 312 
0 0 310 
0 0 283 
0 0 286 
0 0 409 
0 0 362 
0 0 273 
0 0 287 
0 0 305 
0 0 315 
0 0 258 
0 0 246 
0 0 303 
0 0 328 
0 0 312 
0 0 325 
0 0 285 
0 0 298 
0 0 351 
0 0 282 
0 4 302 
0 0 290 
0 0 291 
0 3 301 
0 0 334 
0 0 335 
0 0 342 
0 10 283 
0 0 287 
0 0 316 
0 0 336 
0 0 256 
0 0 283 
0 1 314 
0 8 281 
0 0 356 
0 0 352 
0 0 299 
0 0 364 
0 0 288 
0 0 301 
0 0 263 
0 0 405 
0 0 314 
0 0 319 
0 0 297 
0 4 334 
0 0 273 
0 0 315 
0 0 303 
0 12 277 
0 0 255 
0 0 307 
0 0 251 
0 0 351 
0 0 341 
0 0 258 
0 6 339 
0 0 352 
0 0 327 
0 0 311 
0 3 314 
0 0 318 
0 6 288 
0 0 301 
0 0 299 
0 0 318 
0 3 298 
0 0 314 
0 0 318 
0 0 311 
0 0 281 
0 0 214 
0 0 295 
0 0 261 
0 0 338 
0 0 367 
0 3 277 
0 3 329 
0 0 262 
0 1 265 
0 3 327 
0 0 302 
0 0 266 
0 0 302 
0 0 360 
0 0 364 
0 0 285 
0 0 283 
0 0 301 
0 0 304 
0 0 263 
0 5 323 
0 0 302 
0 0 335 
0 0 311 
0 0 357 
0 0 310 
0 0 259 
0 0 294 
0 0 283 
0 0 209 
0 0 322 
0 0 302 
0 0 314 
0 0 255 
0 13 273 
0 0 254 
0 0 345 
0 0 407 
0 0 337 
0 0 309 
0 0 274 
0 0 350 
0 0 332 
0 0 362 
0 15 339 
0 0 327 
0 0 314 
0 4 353 
0 0 325 
0 0 314 
0 0 336 
0 0 291 
0 0 276 
0 0 340 
0 0 280 
0 0 318 
0 0 327 
0 0 345 
0 0 276 
0 0 290 
0 0 361 
0 0 329 
0 0 338 
0 0 366 
0 0 322 
0 0 330 
0 8 306 
0 0 288 
0 0 307 
0 0 337 
0 0 312 
0 5 312 
0 0 319 
0 0 317 
0 0 284 
0 0 296 
0 0 294 
0 0 325 
0 0 377 
0 0 303 
0 0 315 
0 0 308 
0 0 328 
0 0 310 
0 0 276 
0 0 290 
0 2 295 
0 17 248 
0 0 316 
0 1 305 
0 0 296 
0 0 308 
0 0 298 
0 0 272 
0 0 324 
0 0 309 
0 0 326 
0 0 299 
0 0 258 
0 0 285 
0 0 305 
0 0 326 
0 0 371 
0 0 279 
0 0 319 
0 0 349 
0 0 256 
0 0 315 
0 0 314 
0 0 290 
0 0 315 
0 0 284 
0 2 272 
0 0 294 
0 0 347 
0 0 308 
0 0 309 
0 0 292 
0 0 278 
0 0 267 
0 0 480 
0 15 324 
0 0 285 
0 0 237 
0 0 304 
0 5 260 
0 3 333 
0 0 307 
0 0 298 
0 4 281 
0 0 315 
0 0 375 
0 0 332 
0 0 302 
0 0 303 
0 0 304 
0 0 328 
0 0 258 
0 0 299 
0 0 300 
0 0 287 
0 7 338 
0 0 291 
0 0 320 
0 0 281 
0 0 402 
0 0 285 
0 0 274 
0 0 331 
0 1 348 
0 7 315 
0 0 242 
0 0 279 
0 2 308 
0 0 278 
0 1 263 
0 0 308 
0 0 338 
0 6 317 
0 0 276 
0 0 319 
0 0 262 
0 0 369 
0 0 325 
0 0 328 
0 0 391 
0 0 399 
0 0 303 
0 0 310 
0 0 283 
0 0 311 
0 0 300 
0 0 297 
0 0 347 
0 0 337 
0 0 319 
0 0 366 
0 0 289 
0 0 279 
0 0 331 
0 0 261 
0 0 285 
0 0 274 
0 0 318 
0 0 287 
0 1 342 
0 0 322 
0 3 325 
0 0 317 
0 0 299 
0 0 334 
0 0 310 
0 0 291 
0 0 276 
0 0 304 
0 0 288 
0 2 349 
0 0 315 
0 0 249 
0 3 338 
0 0 277 
0 0 350 
0 0 299 
0 0 322 
0 0 336 
0 0 347 
0 0 326 
0 0 345 
0 1 332 
0 0 364 
0 0 338 
0 0 307 
0 0 277 
0 0 278 
0 0 285 
0 0 279 
0 0 378 
0 0 308 
0 0 295 
0 0 310 
0 0 287 
0 0 293 
