19 75 129 75 0 
0 124 98 62 10 
6 104 196 91 0 
19 122 187 88 23 
11 30 90 60 6 
12 93 172 19 0 
2 218 110 20 1 
25 32 100 51 0 
9 74 191 88 0 
7 46 263 19 0 
4 118 189 34 58 
0 48 142 118 0 
1 236 118 46 0 
2 120 124 79 0 
7 64 159 155 0 
16 78 175 80 0 
10 138 137 12 1 
1 65 196 14 13 
16 120 180 39 0 
5 54 195 56 0 
7 94 170 166 26 
7 90 106 76 0 
4 41 293 76 0 
9 131 224 68 0 
1 89 197 21 0 
16 57 158 89 0 
2 112 165 86 0 
10 53 113 73 0 
16 106 179 20 0 
7 38 74 190 7 
2 38 178 133 0 
17 102 310 91 1 
8 52 163 45 0 
1 55 75 186 0 
2 28 240 142 0 
0 150 283 38 0 
2 181 110 45 0 
20 80 92 78 0 
1 43 217 135 0 
3 27 255 33 5 
3 99 161 12 0 
4 71 50 155 16 
10 107 121 101 101 
4 152 106 51 0 
4 13 142 60 0 
11 67 182 148 1 
0 29 492 29 0 
1 43 149 159 1 
5 102 156 3 0 
0 75 224 58 0 
2 122 114 85 0 
7 17 103 97 2 
8 49 244 33 0 
35 58 170 152 0 
9 83 128 31 22 
15 162 130 181 0 
8 49 119 81 0 
6 79 249 88 0 
1 17 140 104 0 
12 54 129 33 40 
5 62 194 71 0 
0 71 180 25 0 
4 55 66 108 0 
8 102 158 36 0 
0 53 88 57 0 
12 102 133 27 85 
2 134 127 115 0 
6 47 147 60 0 
11 46 294 79 0 
0 33 191 67 0 
20 67 344 84 0 
14 80 103 103 7 
12 62 125 95 0 
5 49 146 74 0 
15 96 177 81 0 
17 43 217 109 0 
9 44 186 116 0 
6 58 184 46 0 
0 38 76 80 0 
3 36 106 5 201 
2 43 126 18 0 
4 75 209 35 5 
15 37 140 113 7 
18 67 125 89 0 
18 39 185 59 0 
13 134 124 68 0 
11 74 405 49 0 
10 124 170 81 18 
2 36 105 30 0 
12 94 269 93 0 
7 128 140 93 0 
7 39 254 11 0 
17 61 282 151 0 
0 29 324 85 0 
7 54 215 55 0 
10 150 73 105 0 
29 44 182 88 3 
2 36 169 93 0 
8 77 223 55 0 
2 45 150 20 0 
12 53 237 82 18 
27 109 199 78 0 
0 128 122 95 0 
1 52 170 70 0 
9 114 243 18 0 
10 69 265 61 0 
8 63 186 50 0 
3 42 202 47 0 
1 29 195 55 0 
13 129 113 75 29 
23 51 136 13 0 
2 71 52 50 0 
15 32 259 23 2 
22 66 199 150 0 
10 43 336 33 0 
10 112 182 79 0 
12 54 209 100 5 
5 59 420 73 0 
12 19 289 40 0 
11 30 172 165 1 
19 71 242 95 0 
25 42 140 19 1 
13 146 101 65 0 
1 131 164 71 54 
0 83 178 68 0 
1 40 157 47 0 
2 56 174 30 2 
4 40 158 145 0 
10 115 109 53 0 
7 82 77 195 1 
2 165 394 30 0 
6 37 190 60 0 
4 48 187 23 4 
13 73 209 33 3 
19 119 124 59 39 
2 28 103 48 0 
1 101 256 42 3 
2 106 190 132 0 
2 84 142 57 0 
15 37 242 114 0 
2 71 144 194 0 
6 103 91 57 1 
2 15 216 82 0 
16 24 97 89 0 
14 79 82 57 0 
10 64 143 52 8 
3 44 250 20 0 
36 109 111 15 0 
17 64 92 100 3 
13 112 74 30 8 
5 53 154 13 7 
10 37 237 169 0 
10 25 135 37 0 
1 132 193 39 0 
1 24 172 91 19 
6 64 78 116 1 
0 49 212 189 0 
17 22 235 101 12 
23 46 222 81 0 
11 75 130 87 0 
4 197 211 137 0 
29 79 138 80 0 
2 86 219 76 0 
3 126 142 93 0 
7 93 131 59 0 
43 44 66 10 0 
6 93 222 23 0 
21 68 92 84 9 
6 34 179 81 0 
0 88 179 9 4 
2 80 324 21 41 
18 55 207 75 29 
6 63 211 11 0 
23 86 177 128 0 
5 17 261 46 0 
4 106 193 13 0 
8 60 200 15 0 
6 19 178 14 0 
3 147 139 78 45 
33 66 110 106 0 
7 16 280 103 0 
28 71 220 35 0 
2 115 281 70 0 
18 155 195 57 1 
2 78 185 29 0 
1 178 93 93 0 
10 44 210 46 0 
8 154 147 6 0 
11 59 201 83 0 
32 23 170 111 0 
1 34 156 73 0 
42 75 125 65 13 
2 19 130 60 0 
2 74 102 80 1 
38 88 122 50 13 
3 83 181 115 12 
15 45 148 72 2 
9 91 172 47 0 
0 7 230 143 13 
6 98 99 8 0 
7 44 211 83 1 
0 72 174 56 0 
10 30 255 60 1 
32 43 227 42 0 
23 105 168 12 0 
4 39 139 44 4 
3 49 143 184 0 
14 113 166 65 0 
12 18 221 32 0 
11 83 150 132 0 
2 138 154 55 113 
2 49 252 137 0 
14 67 218 97 13 
27 112 140 107 1 
1 100 93 46 0 
0 79 350 178 38 
4 55 176 83 0 
6 95 138 204 0 
15 182 177 39 1 
1 33 123 118 14 
8 90 217 142 0 
4 127 80 33 0 
1 69 169 42 2 
0 111 77 36 3 
0 28 204 121 0 
6 113 116 7 42 
1 53 66 49 1 
0 36 104 62 0 
10 56 228 64 0 
9 18 229 44 0 
6 44 234 35 0 
4 53 111 103 0 
20 88 115 45 0 
7 34 130 53 0 
1 55 225 65 1 
5 98 250 114 0 
7 112 105 24 0 
8 84 90 148 0 
3 137 135 213 22 
1 50 147 80 0 
4 69 284 161 0 
0 125 135 20 15 
2 122 140 65 7 
31 13 160 51 0 
12 70 111 12 1 
1 103 187 16 1 
6 126 224 9 1 
3 182 137 189 1 
2 75 273 126 4 
23 126 127 117 0 
0 54 136 95 16 
5 68 182 20 0 
10 81 104 29 2 
4 152 165 71 0 
23 108 224 56 15 
15 67 113 10 0 
12 19 113 120 0 
8 40 131 80 0 
14 23 235 22 7 
31 59 183 24 0 
0 12 182 214 1 
21 65 121 62 1 
11 40 243 52 0 
2 39 326 65 0 
7 22 187 52 3 
0 95 214 22 0 
12 45 136 48 0 
15 43 230 126 0 
13 71 142 120 7 
10 239 95 60 0 
5 44 106 26 0 
1 67 160 47 17 
6 38 181 98 8 
3 141 171 39 0 
1 66 270 32 0 
0 60 174 27 0 
13 118 348 60 0 
5 59 141 39 0 
1 120 118 26 1 
14 66 104 6 2 
14 33 195 96 60 
3 58 198 133 11 
6 127 121 19 2 
13 11 148 153 1 
54 100 152 37 0 
12 44 118 107 0 
10 91 93 30 0 
8 186 103 54 0 
19 43 92 30 0 
6 81 114 113 33 
5 58 97 57 0 
1 153 72 337 0 
6 20 115 83 0 
3 24 177 84 0 
3 97 189 67 0 
2 40 209 157 0 
6 66 151 63 0 
24 96 78 137 0 
2 124 150 146 1 
8 56 124 78 0 
0 19 156 165 4 
3 263 233 56 0 
12 126 122 75 0 
4 49 71 69 0 
18 32 239 44 9 
2 63 173 33 0 
6 21 80 38 0 
23 71 94 195 55 
0 82 211 43 0 
1 47 245 84 0 
15 23 174 44 0 
8 166 143 46 0 
3 83 158 84 1 
6 57 130 64 1 
15 81 198 63 0 
1 41 132 35 0 
31 140 168 44 0 
15 23 197 34 0 
9 101 125 45 0 
8 192 204 68 0 
2 160 99 56 9 
4 29 221 88 1 
0 137 111 143 0 
1 38 214 110 3 
6 96 94 87 0 
3 60 133 104 10 
15 23 217 11 0 
9 84 111 44 0 
10 52 145 51 16 
3 83 259 48 0 
6 65 165 40 0 
5 79 204 54 0 
13 34 206 44 0 
3 65 229 19 28 
34 27 230 85 0 
27 22 203 42 0 
18 49 175 51 28 
3 80 186 36 1 
12 140 223 34 0 
3 21 121 49 18 
11 95 247 122 0 
4 26 225 128 0 
20 38 127 83 2 
0 85 267 128 0 
4 103 96 60 0 
7 37 179 72 0 
13 189 241 16 0 
6 95 130 26 0 
15 21 138 106 0 
6 50 283 19 32 
32 92 177 13 0 
4 15 165 44 16 
5 59 65 55 0 
1 86 190 130 0 
17 69 153 22 1 
10 109 189 19 0 
3 175 154 120 0 
0 113 132 51 0 
17 71 249 20 109 
23 25 133 49 0 
5 78 139 177 1 
6 55 158 41 10 
2 80 201 76 6 
5 52 115 122 0 
9 163 158 125 9 
1 42 86 88 0 
9 32 95 15 0 
5 60 152 252 10 
15 49 149 21 0 
10 46 72 80 15 
13 60 123 90 0 
1 85 40 9 11 
0 30 180 302 1 
0 147 96 60 0 
16 44 105 18 0 
7 95 136 209 1 
0 133 332 180 0 
12 98 143 62 0 
18 45 278 135 0 
2 67 364 100 0 
7 56 140 56 0 
0 78 198 34 0 
0 46 242 71 12 
8 70 158 124 0 
4 15 136 76 0 
23 172 231 58 0 
7 104 178 59 15 
1 32 141 16 0 
9 19 198 43 0 
39 87 137 70 0 
2 30 227 6 1 
9 22 157 44 0 
0 152 191 72 0 
7 87 211 160 7 
24 46 369 63 0 
4 34 124 68 0 
0 68 308 27 0 
33 150 166 25 0 
2 66 79 28 0 
0 49 216 274 0 
0 86 171 163 0 
11 148 68 55 1 
12 56 181 79 0 
1 49 143 131 0 
1 44 141 64 3 
1 160 89 56 29 
7 120 132 78 0 
43 80 108 31 0 
6 26 168 80 0 
10 116 91 64 0 
24 32 167 101 0 
25 25 192 35 0 
28 92 175 71 6 
9 149 101 60 0 
21 78 130 15 0 
10 43 141 126 0 
30 107 127 42 9 
5 66 208 102 9 
14 54 101 70 0 
0 39 89 11 0 
21 23 367 56 0 
6 98 219 40 1 
0 32 250 33 8 
7 129 146 75 0 
7 49 107 79 11 
2 97 217 56 0 
7 65 134 166 0 
21 151 176 5 0 
0 46 382 71 0 
32 86 281 66 0 
22 82 256 61 5 
7 8 154 92 0 
62 29 201 23 0 
30 285 208 49 0 
4 61 235 60 30 
8 139 104 214 24 
16 58 78 33 1 
16 94 114 57 0 
21 22 192 87 0 
3 68 143 34 1 
32 79 122 65 0 
2 125 174 58 9 
0 51 127 168 7 
4 137 132 38 0 
17 60 266 23 0 
0 81 268 29 0 
13 25 94 221 1 
6 41 165 100 1 
5 96 58 149 0 
16 52 257 46 0 
11 59 88 93 5 
3 146 158 96 10 
4 92 157 55 0 
4 29 193 131 0 
4 141 181 115 1 
24 117 236 59 0 
1 41 234 31 0 
14 41 292 62 0 
7 26 121 42 0 
3 62 128 77 0 
19 148 144 68 8 
7 70 216 50 0 
0 46 156 99 0 
4 162 161 23 22 
24 39 134 25 5 
24 31 196 82 0 
2 40 165 208 0 
6 65 129 32 0 
44 58 78 47 12 
6 97 125 113 0 
1 34 151 79 1 
8 60 131 62 35 
0 143 91 18 0 
16 80 165 71 0 
26 18 94 80 1 
28 146 156 154 0 
8 146 253 10 0 
9 100 163 93 1 
2 93 364 32 0 
1 123 185 27 0 
4 28 108 55 2 
1 52 286 120 5 
36 33 154 80 5 
1 108 242 57 5 
6 92 155 61 0 
0 40 121 228 0 
5 56 217 63 0 
0 27 108 85 0 
24 28 176 46 0 
8 45 302 58 13 
0 42 71 124 0 
8 25 288 43 2 
33 46 157 34 0 
1 72 149 52 15 
2 30 104 69 0 
3 59 173 91 0 
1 187 213 18 0 
14 74 105 38 0 
9 107 120 86 0 
12 30 153 40 3 
11 55 106 50 0 
1 157 236 89 0 
5 68 94 250 3 
14 24 126 125 0 
6 41 266 59 0 
4 107 238 68 6 
3 31 182 22 0 
30 93 183 60 29 
3 76 249 99 0 
2 67 181 161 4 
2 52 260 60 0 
18 56 231 74 0 
5 3 212 47 3 
17 60 196 22 0 
7 42 83 67 37 
0 102 150 112 0 
20 112 163 66 16 
0 113 105 17 0 
0 90 292 45 6 
8 33 274 179 0 
6 93 111 154 15 
10 76 176 65 0 
6 87 144 10 7 
1 50 270 17 4 
2 84 129 64 0 
26 67 90 52 0 
38 52 87 119 0 
2 42 223 140 9 
2 77 159 57 0 
10 63 224 152 0 
5 85 169 111 0 
23 78 187 29 1 
1 65 192 166 0 
14 78 99 61 0 
8 74 137 25 0 
47 67 171 90 1 
0 46 189 43 0 
3 113 167 121 0 
16 47 226 52 0 
20 120 226 30 0 
10 53 96 122 1 
19 191 213 3 0 
4 57 143 102 0 
5 73 233 48 0 
8 67 241 43 0 
7 60 88 69 8 
14 15 193 18 1 
4 52 230 124 2 
5 25 101 103 4 
14 106 237 83 57 
9 76 100 82 0 
11 27 157 60 2 
18 120 183 45 0 
0 41 162 85 7 
0 35 196 41 3 
5 51 218 75 0 
6 26 220 35 0 
8 116 107 51 28 
4 68 215 59 0 
0 19 243 133 23 
0 70 99 32 1 
0 62 188 128 4 
0 25 181 91 11 
3 77 132 118 38 
13 148 226 26 0 
8 68 246 153 0 
1 45 202 151 9 
19 103 135 157 1 
12 86 139 35 0 
3 119 187 20 14 
24 53 219 80 0 
0 36 226 48 0 
31 46 154 65 0 
10 33 234 18 1 
18 24 152 24 34 
9 101 241 30 0 
1 208 150 99 0 
7 104 193 55 0 
12 117 92 30 14 
10 146 128 71 0 
5 50 164 122 41 
6 43 182 118 3 
0 37 202 118 0 
8 22 93 71 0 
3 42 126 101 0 
6 45 144 11 0 
1 41 144 82 0 
29 88 199 44 0 
7 7 114 20 0 
4 42 171 53 0 
14 92 108 40 0 
4 141 272 65 0 
53 60 140 32 2 
3 104 159 21 7 
29 116 186 91 0 
3 24 293 45 0 
26 16 275 145 0 
5 90 227 182 1 
2 81 91 114 13 
2 93 192 63 0 
22 171 93 70 18 
22 97 261 27 0 
5 110 142 23 0 
13 72 183 128 0 
0 52 141 176 0 
0 94 203 68 1 
17 96 130 70 0 
22 16 151 79 12 
14 54 88 50 24 
8 126 183 71 0 
6 115 270 42 0 
7 128 107 52 0 
3 120 180 66 0 
1 174 60 8 6 
5 58 219 40 0 
14 49 101 76 17 
7 73 178 125 0 
12 123 88 86 3 
0 87 209 38 0 
0 24 152 146 1 
9 56 108 82 4 
23 42 134 72 0 
1 110 172 73 0 
10 75 101 0 0 
7 52 187 75 6 
29 80 122 53 0 
18 89 82 87 0 
3 79 146 148 0 
9 27 250 73 8 
0 116 155 48 0 
4 35 254 133 1 
22 178 200 107 44 
11 56 252 59 0 
10 86 106 15 29 
0 54 301 94 0 
3 55 221 139 0 
0 30 158 148 0 
1 87 118 44 0 
9 18 218 72 0 
2 107 256 43 0 
8 67 173 44 0 
9 72 313 51 18 
4 38 85 67 10 
31 82 134 35 0 
9 63 160 80 0 
8 114 96 87 0 
1 64 219 127 13 
2 13 337 112 0 
11 60 195 121 0 
5 175 175 82 0 
8 79 205 54 0 
4 24 144 24 1 
12 49 118 63 5 
2 36 145 120 2 
7 29 290 89 1 
20 41 232 69 0 
14 90 124 39 4 
14 61 145 100 0 
11 69 205 44 0 
2 102 117 145 1 
0 25 178 52 0 
10 40 125 123 6 
9 35 231 42 3 
11 98 129 29 38 
8 28 65 59 1 
10 176 160 5 0 
3 49 58 34 0 
0 53 173 30 5 
10 42 150 114 2 
24 45 163 27 0 
54 20 142 65 0 
11 46 332 18 1 
3 72 162 38 2 
2 92 60 118 0 
2 47 127 144 0 
19 52 118 140 0 
6 59 195 28 0 
30 107 253 33 0 
7 61 84 103 1 
2 43 266 260 0 
1 18 275 22 0 
0 99 276 93 1 
1 29 215 52 0 
6 71 100 45 0 
15 45 186 57 0 
10 105 212 51 0 
6 82 129 13 0 
14 74 124 96 0 
27 39 173 159 0 
10 25 153 109 15 
4 43 144 131 0 
4 62 147 77 0 
6 29 99 65 0 
6 28 266 88 0 
2 56 127 95 0 
14 12 188 197 0 
2 15 160 101 0 
10 74 98 133 4 
30 34 102 115 0 
4 137 192 61 13 
7 28 145 110 0 
7 74 252 130 0 
1 64 113 52 1 
3 33 231 33 0 
8 84 157 133 0 
29 76 151 72 0 
2 78 115 50 6 
11 52 190 51 0 
6 35 188 42 0 
16 41 116 172 12 
5 140 188 24 1 
0 93 119 43 0 
21 87 162 56 12 
3 13 180 29 11 
4 46 159 20 2 
1 100 87 56 9 
1 147 113 151 26 
13 46 115 54 0 
4 28 205 92 0 
2 89 196 28 0 
1 141 185 139 0 
37 249 116 61 11 
1 94 319 28 0 
4 30 222 116 0 
13 98 95 96 0 
10 82 129 42 0 
4 36 238 33 0 
0 94 115 56 1 
3 37 93 115 1 
43 119 147 17 0 
3 29 272 88 0 
33 47 107 115 0 
5 9 274 42 0 
1 50 260 32 0 
8 32 130 119 0 
7 41 292 34 4 
3 46 177 36 0 
31 48 212 140 0 
6 105 290 186 0 
19 23 186 92 0 
4 102 110 65 0 
0 15 270 175 1 
2 22 206 17 23 
2 35 245 31 0 
14 66 48 59 0 
0 144 121 70 0 
29 33 167 33 0 
7 42 345 145 0 
18 90 80 34 0 
21 164 178 31 0 
5 45 255 51 0 
58 23 150 121 0 
10 39 246 15 0 
14 49 184 99 0 
28 44 91 66 6 
23 77 220 4 34 
13 110 138 59 0 
0 83 81 43 0 
0 101 174 96 0 
4 107 109 52 0 
18 109 105 70 0 
10 49 237 63 0 
0 22 256 67 0 
47 39 121 46 4 
2 41 206 35 0 
20 98 197 37 0 
2 106 126 37 6 
15 26 220 62 0 
3 43 114 107 1 
2 107 154 53 0 
6 41 239 92 0 
16 34 229 94 0 
9 40 147 66 0 
7 103 155 47 0 
0 150 247 176 3 
17 102 180 21 0 
6 106 97 80 0 
19 50 126 67 0 
13 119 149 68 0 
2 58 139 112 0 
0 153 190 85 21 
11 114 92 128 0 
7 115 213 47 0 
2 31 183 33 0 
5 10 110 64 1 
1 70 133 107 0 
10 57 118 76 35 
4 80 231 48 33 
3 54 307 17 0 
0 122 192 68 0 
12 170 211 50 0 
19 127 145 77 2 
4 20 231 36 0 
14 36 107 41 0 
26 59 97 62 0 
9 56 84 109 0 
8 57 147 99 0 
7 134 135 59 0 
7 165 137 9 0 
11 51 185 66 1 
1 101 201 57 0 
6 39 143 75 0 
1 75 139 39 3 
1 156 244 19 0 
8 75 280 114 0 
11 32 72 98 13 
9 98 145 58 2 
1 18 223 20 0 
5 68 222 79 0 
11 36 149 71 1 
4 66 202 11 6 
3 75 181 182 0 
10 61 121 19 0 
7 26 160 104 0 
25 77 125 83 3 
10 38 77 59 11 
5 163 218 91 0 
0 11 178 111 0 
0 49 178 62 0 
10 73 164 53 51 
3 12 82 33 6 
2 49 81 69 0 
8 49 85 53 0 
14 75 160 90 5 
6 47 151 112 0 
22 82 202 20 0 
8 96 227 94 0 
14 22 146 105 0 
7 96 111 122 0 
35 71 250 103 0 
7 45 170 91 0 
11 93 55 48 0 
2 118 109 289 1 
8 71 232 110 0 
0 138 162 73 1 
36 32 163 141 0 
15 67 118 71 0 
1 69 167 90 5 
12 124 130 27 0 
38 100 266 59 0 
14 89 135 109 0 
3 82 237 139 0 
2 49 168 148 0 
12 60 37 60 0 
11 102 228 118 7 
3 99 223 38 0 
0 41 133 99 0 
9 53 134 21 0 
0 48 229 156 0 
14 63 149 66 0 
1 54 109 66 1 
1 64 134 172 0 
5 36 116 84 0 
9 17 206 105 28 
31 100 78 15 0 
18 50 204 30 0 
1 102 66 126 11 
3 3 173 139 0 
2 42 119 87 10 
1 20 97 56 3 
4 243 101 107 0 
1 44 59 93 0 
2 76 57 43 0 
9 45 100 91 0 
43 163 175 79 0 
3 19 118 55 2 
54 42 149 107 0 
12 48 227 69 0 
10 65 256 50 0 
3 57 91 162 0 
5 90 168 44 0 
25 76 153 38 1 
0 186 188 26 1 
7 55 367 30 9 
0 34 220 195 4 
2 250 260 23 0 
11 123 243 37 3 
10 54 134 57 33 
6 75 179 61 20 
3 95 149 42 0 
32 72 93 30 0 
4 106 162 138 0 
2 84 357 75 0 
6 77 306 59 0 
7 37 183 57 0 
0 36 97 58 0 
2 101 185 17 1 
23 63 73 130 0 
5 33 291 58 1 
2 27 274 89 0 
2 6 195 128 23 
4 179 258 60 49 
13 52 155 68 0 
11 36 167 30 0 
4 124 172 49 0 
28 48 155 62 6 
2 24 134 127 0 
8 108 199 139 4 
1 69 160 33 9 
11 16 181 76 0 
30 5 170 52 8 
9 49 149 66 0 
8 26 175 73 0 
4 145 161 33 0 
1 52 205 164 0 
2 36 194 149 0 
6 123 118 200 0 
4 26 110 100 1 
8 73 98 44 1 
4 70 227 69 1 
9 93 162 113 0 
13 80 107 118 0 
1 65 101 102 0 
0 4 148 270 0 
14 18 152 86 0 
15 64 69 28 0 
0 152 125 112 7 
3 108 75 42 0 
0 69 85 66 0 
3 76 220 47 6 
20 36 113 115 0 
5 8 265 45 0 
2 37 192 116 16 
4 39 120 221 0 
1 160 129 53 15 
24 62 145 161 20 
8 83 202 35 0 
5 31 142 35 0 
7 56 230 117 0 
15 94 258 44 0 
10 148 152 39 0 
7 82 200 29 0 
4 76 334 174 1 
5 35 119 136 0 
3 74 201 129 0 
21 63 272 100 1 
4 18 151 7 0 
15 86 68 32 8 
4 36 110 49 3 
1 73 171 27 0 
1 54 101 25 14 
3 58 372 41 0 
8 71 146 100 12 
17 39 99 90 17 
10 80 135 55 0 
55 32 149 37 0 
20 123 231 149 0 
1 121 136 53 1 
15 57 69 80 0 
1 65 129 71 0 
19 37 186 24 0 
1 30 136 87 15 
14 137 162 92 2 
0 108 273 141 0 
1 49 188 60 13 
4 36 82 193 0 
4 44 273 87 0 
1 11 297 95 35 
7 37 210 81 0 
6 78 115 108 88 
20 54 186 25 0 
10 73 132 56 0 
0 49 201 35 0 
2 66 152 169 0 
15 76 160 19 0 
5 17 122 119 19 
19 50 71 104 4 
2 183 238 58 0 
6 66 96 57 0 
10 45 139 7 0 
20 92 194 68 9 
1 49 362 25 0 
21 70 179 34 0 
2 91 186 17 11 
0 72 177 66 10 
12 91 223 65 4 
15 67 163 91 25 
4 31 196 82 0 
3 77 150 7 0 
2 80 222 23 0 
0 26 288 114 0 
10 41 139 88 29 
12 57 120 81 0 
0 21 188 130 0 
22 111 130 43 0 
4 48 188 120 19 
12 82 57 95 64 
3 26 163 89 4 
18 71 203 66 0 
11 16 189 76 0 
16 79 138 44 0 
13 64 293 35 0 
0 74 120 78 0 
6 79 153 123 1 
2 54 79 50 15 
1 129 122 106 46 
9 55 223 55 1 
0 14 228 33 1 
8 50 231 32 2 
6 41 48 78 0 
