0 288 0 
0 315 2 
0 294 0 
0 344 0 
0 308 0 
0 319 0 
0 310 1 
0 304 0 
0 305 8 
0 281 0 
0 319 0 
0 296 0 
0 334 0 
0 330 1 
0 332 0 
0 320 0 
0 284 0 
0 290 0 
0 326 0 
0 281 0 
0 336 0 
0 297 0 
0 303 0 
0 308 0 
0 327 0 
0 267 0 
0 328 0 
0 356 0 
0 318 0 
0 290 0 
0 343 0 
0 353 0 
0 306 0 
0 264 2 
0 283 0 
0 240 0 
0 282 0 
0 331 0 
0 233 13 
0 326 0 
0 310 4 
0 286 0 
0 258 0 
0 336 0 
0 279 0 
0 318 0 
0 314 0 
0 313 0 
0 340 0 
0 281 0 
0 283 0 
0 323 0 
0 310 0 
0 335 21 
0 321 0 
0 298 0 
0 281 0 
0 268 3 
0 326 0 
0 325 0 
0 276 0 
0 352 0 
0 325 0 
0 299 0 
0 283 0 
0 277 0 
0 333 0 
0 305 0 
0 281 2 
0 325 0 
0 285 0 
0 313 0 
0 334 0 
0 341 0 
0 348 0 
0 304 1 
0 348 0 
0 314 0 
0 242 0 
0 334 0 
0 312 0 
0 305 0 
0 317 0 
0 320 0 
0 363 0 
0 304 0 
0 320 0 
0 345 1 
0 332 0 
0 321 0 
0 306 8 
0 302 0 
0 352 0 
0 301 0 
0 308 0 
0 287 0 
0 334 0 
0 360 0 
0 290 0 
0 324 0 
0 319 0 
0 292 0 
0 248 0 
0 312 0 
0 312 0 
0 281 0 
0 344 0 
0 295 0 
0 334 0 
0 329 0 
0 334 0 
0 293 59 
0 345 22 
0 324 0 
0 332 0 
0 315 0 
0 345 0 
0 299 0 
0 350 0 
0 332 0 
0 341 0 
0 294 0 
0 376 0 
0 333 0 
0 320 0 
0 328 0 
0 322 0 
0 268 0 
0 331 0 
0 263 0 
0 319 0 
0 296 0 
0 296 0 
0 318 0 
0 316 0 
0 332 0 
0 358 0 
0 314 0 
0 316 0 
0 290 0 
0 283 0 
0 315 0 
0 347 0 
0 354 0 
0 285 0 
0 285 0 
0 322 0 
0 317 0 
0 334 0 
0 331 0 
0 343 0 
0 305 0 
0 312 0 
0 291 0 
0 263 0 
0 341 0 
0 335 0 
0 311 0 
0 330 0 
0 273 0 
0 336 0 
0 308 0 
0 311 0 
0 304 0 
0 277 5 
0 312 0 
0 346 0 
0 341 0 
0 303 0 
0 302 0 
0 289 0 
0 325 0 
0 284 0 
0 332 0 
0 355 0 
0 307 0 
0 329 0 
0 310 0 
0 308 0 
0 326 0 
0 270 0 
0 268 4 
0 327 0 
0 263 0 
0 269 0 
0 302 0 
0 340 5 
0 331 79 
0 346 0 
0 297 0 
0 322 0 
0 299 0 
0 301 0 
0 337 0 
0 339 0 
0 370 0 
0 267 0 
0 266 1 
0 321 0 
0 298 0 
0 332 0 
0 329 1 
0 322 0 
0 317 0 
0 293 0 
0 344 0 
0 340 0 
0 302 0 
0 302 0 
0 338 0 
0 295 0 
0 281 9 
0 235 0 
0 201 0 
0 304 0 
0 323 0 
0 283 0 
0 305 0 
0 345 0 
0 342 2 
0 322 0 
0 287 0 
0 319 0 
0 312 0 
0 319 3 
0 296 0 
0 273 0 
0 314 0 
0 273 0 
0 267 0 
0 324 0 
0 297 0 
0 293 2 
0 340 0 
0 289 4 
0 341 0 
0 341 0 
0 334 9 
0 330 0 
0 314 0 
0 323 0 
0 313 9 
0 307 0 
0 339 0 
0 260 6 
0 276 0 
0 341 0 
0 281 0 
0 333 0 
0 307 0 
0 318 0 
0 313 0 
0 296 0 
0 314 0 
0 352 0 
0 274 0 
0 314 0 
0 313 0 
0 260 0 
0 267 0 
0 316 0 
0 316 0 
0 298 0 
0 266 7 
0 242 0 
0 305 6 
0 300 0 
0 314 0 
0 337 0 
0 293 0 
0 307 0 
0 299 0 
0 280 6 
0 281 0 
0 311 0 
0 292 0 
0 278 0 
0 315 0 
0 356 0 
0 283 13 
0 290 0 
0 326 0 
0 280 0 
0 330 0 
0 308 0 
0 309 0 
0 320 0 
0 317 1 
0 274 0 
0 338 0 
0 318 0 
0 287 0 
0 274 0 
0 320 0 
0 297 0 
0 231 0 
0 319 0 
0 358 0 
0 306 0 
0 293 0 
0 326 0 
0 312 18 
0 297 0 
0 302 12 
0 285 0 
0 343 0 
0 319 0 
0 329 0 
0 339 0 
0 335 0 
0 372 0 
0 272 0 
0 332 0 
0 365 0 
0 309 0 
0 290 0 
0 301 0 
0 317 0 
0 302 0 
0 313 42 
0 316 0 
0 347 0 
0 305 0 
0 279 0 
0 330 0 
0 333 0 
0 309 0 
0 306 1 
0 287 0 
0 316 0 
0 303 0 
0 336 0 
0 339 0 
0 279 0 
0 303 0 
0 313 0 
0 306 0 
0 346 0 
0 345 0 
0 269 0 
0 330 0 
0 294 0 
0 281 0 
0 316 0 
0 322 0 
0 305 3 
0 326 0 
0 297 0 
0 295 0 
0 346 0 
0 313 0 
0 303 0 
0 297 0 
0 282 0 
0 331 0 
0 259 0 
0 307 0 
0 179 0 
0 300 0 
0 317 0 
0 288 0 
0 291 0 
0 319 0 
0 302 17 
0 290 0 
0 308 6 
0 356 0 
0 361 0 
0 312 0 
0 304 0 
0 324 0 
0 311 0 
0 313 0 
0 309 0 
0 335 1 
0 318 0 
0 316 0 
0 327 0 
0 328 0 
0 329 0 
0 333 0 
0 261 0 
0 307 0 
0 291 0 
0 312 0 
0 305 0 
0 268 0 
0 294 0 
0 274 8 
0 297 0 
0 327 0 
0 287 0 
0 326 2 
0 325 0 
0 297 0 
0 341 0 
0 318 10 
0 333 0 
0 295 0 
0 322 0 
0 295 13 
0 313 0 
0 302 0 
0 312 3 
0 373 0 
0 353 0 
0 360 0 
0 304 0 
0 267 0 
0 315 0 
0 302 0 
0 310 0 
0 289 0 
0 300 0 
0 319 0 
0 331 0 
0 343 0 
0 294 0 
0 250 13 
0 310 13 
0 301 0 
0 305 0 
0 286 0 
0 317 0 
0 299 0 
0 356 0 
0 316 43 
0 326 0 
0 263 0 
0 299 0 
0 285 0 
0 355 0 
0 291 7 
0 302 0 
0 296 0 
0 324 0 
0 329 0 
0 344 0 
0 304 0 
0 310 0 
0 304 0 
0 332 0 
0 266 0 
0 281 0 
0 328 0 
0 321 0 
0 282 0 
0 302 0 
0 319 0 
0 267 0 
0 318 0 
0 260 0 
0 319 0 
0 311 0 
0 283 0 
0 302 0 
0 302 0 
0 315 0 
0 349 0 
0 314 0 
0 250 0 
0 331 4 
0 318 0 
0 334 0 
0 345 13 
0 305 0 
0 299 0 
0 321 0 
0 266 0 
0 269 0 
0 336 0 
0 260 0 
0 286 4 
0 300 12 
0 328 0 
0 330 0 
0 316 0 
0 269 0 
0 278 0 
0 304 0 
0 314 0 
0 266 0 
0 316 0 
0 281 0 
0 287 0 
0 303 0 
0 283 0 
0 295 2 
0 319 0 
0 307 0 
0 293 0 
0 325 0 
0 258 0 
0 326 0 
0 288 0 
0 236 0 
0 347 31 
0 322 0 
0 302 0 
0 302 0 
0 272 0 
0 343 3 
0 311 0 
0 328 0 
0 302 0 
0 335 10 
0 313 0 
0 297 0 
0 314 0 
0 313 0 
0 337 0 
0 266 14 
0 308 0 
0 313 0 
0 329 0 
0 328 0 
0 298 0 
0 300 0 
0 277 0 
0 358 0 
0 328 0 
0 349 0 
0 348 0 
0 297 0 
0 306 0 
0 351 0 
0 340 0 
0 301 0 
0 280 0 
0 313 0 
0 288 0 
0 317 0 
0 332 0 
0 299 0 
0 330 0 
0 333 0 
0 309 0 
0 331 0 
0 301 0 
0 338 10 
0 301 0 
0 340 0 
0 314 0 
0 299 0 
0 338 0 
0 267 4 
0 268 0 
0 304 0 
0 271 0 
0 314 0 
0 326 0 
0 318 2 
0 258 0 
0 260 0 
0 293 0 
0 306 0 
0 287 0 
0 265 0 
0 280 0 
0 313 0 
0 303 0 
0 333 0 
0 330 0 
0 335 7 
0 339 0 
0 351 0 
0 271 0 
0 257 0 
0 304 0 
0 344 0 
0 327 0 
0 336 0 
0 323 0 
0 282 0 
0 242 0 
0 317 0 
0 263 0 
0 289 0 
0 313 0 
0 241 0 
0 326 0 
0 322 0 
0 338 0 
0 301 0 
0 326 0 
0 315 0 
0 367 0 
0 277 4 
0 328 0 
0 291 0 
0 307 0 
0 309 0 
0 312 0 
0 310 0 
0 364 0 
0 340 0 
0 309 10 
0 321 0 
0 311 0 
0 289 0 
0 314 0 
0 269 0 
0 315 0 
0 267 0 
0 297 0 
0 352 2 
0 238 0 
0 326 10 
0 353 0 
0 305 0 
0 315 0 
0 328 0 
0 326 0 
0 284 3 
0 312 0 
0 359 0 
0 323 0 
0 294 0 
0 272 1 
0 263 3 
0 296 0 
0 299 0 
0 298 0 
0 304 0 
0 320 0 
0 315 1 
0 314 0 
0 303 0 
0 298 0 
0 318 0 
0 336 0 
0 320 0 
0 335 3 
0 257 0 
0 271 0 
0 307 2 
0 280 0 
0 337 0 
0 294 0 
0 293 0 
0 303 0 
0 267 0 
0 321 9 
0 215 0 
0 278 0 
0 292 0 
0 331 0 
0 309 0 
0 355 0 
0 355 0 
0 316 0 
0 293 0 
0 301 0 
0 333 0 
0 299 0 
0 273 0 
0 349 0 
0 295 0 
0 305 0 
0 322 0 
0 340 0 
0 307 0 
0 337 0 
0 311 0 
0 298 0 
0 303 0 
0 321 12 
0 322 0 
0 334 0 
0 312 0 
0 315 3 
0 329 0 
0 325 0 
0 344 0 
0 284 9 
0 320 0 
0 316 0 
0 312 0 
0 354 0 
0 247 0 
0 273 4 
0 321 6 
0 312 1 
0 352 0 
0 314 0 
0 337 0 
0 314 0 
0 323 0 
0 317 0 
0 307 0 
0 276 0 
0 255 0 
0 306 0 
0 329 0 
0 279 0 
0 315 0 
0 329 0 
0 261 0 
0 292 0 
0 329 0 
0 338 0 
0 252 0 
0 315 0 
0 315 0 
0 282 0 
0 346 0 
0 312 0 
0 359 0 
0 321 0 
0 308 0 
0 264 0 
0 326 1 
0 292 0 
0 298 0 
0 309 0 
0 278 0 
0 313 0 
0 328 2 
0 334 0 
0 337 0 
0 297 0 
0 302 0 
0 306 0 
0 294 43 
0 338 0 
0 242 0 
0 309 3 
0 319 5 
0 340 0 
0 302 0 
0 324 0 
0 328 0 
0 302 0 
0 335 0 
0 326 0 
0 336 0 
0 281 0 
0 271 0 
0 320 0 
0 321 0 
0 336 0 
0 349 0 
0 321 0 
0 309 0 
0 296 0 
0 330 0 
0 334 9 
0 323 0 
0 318 0 
0 267 2 
0 323 17 
0 354 0 
0 357 0 
0 323 0 
0 340 0 
0 310 0 
0 326 0 
0 295 5 
0 329 0 
0 314 0 
0 379 4 
0 273 13 
0 319 0 
0 321 0 
0 297 0 
0 263 0 
0 257 0 
0 301 0 
0 310 0 
0 354 0 
0 299 3 
0 303 0 
0 269 29 
0 345 0 
0 304 0 
0 335 0 
0 306 0 
0 316 0 
0 315 0 
0 271 0 
0 329 0 
0 342 0 
0 301 0 
0 262 6 
0 275 0 
0 319 0 
0 329 0 
0 315 0 
0 303 0 
0 297 4 
0 304 0 
0 328 0 
0 283 4 
0 286 8 
0 310 0 
0 318 0 
0 321 0 
0 248 0 
0 371 0 
0 321 0 
0 320 0 
0 258 0 
0 352 0 
0 300 0 
0 254 7 
0 364 0 
0 309 0 
0 278 0 
0 336 0 
0 291 1 
0 299 16 
0 361 0 
0 291 0 
0 297 0 
0 310 0 
0 337 0 
0 334 0 
0 290 0 
0 318 0 
0 361 3 
0 318 0 
0 306 0 
0 308 0 
0 316 2 
0 293 0 
0 321 0 
0 334 0 
0 285 0 
0 311 0 
0 303 0 
0 324 0 
0 317 0 
0 282 0 
0 311 0 
0 330 6 
0 285 0 
0 318 5 
0 356 0 
0 309 0 
0 297 0 
0 293 0 
0 327 0 
0 284 0 
0 326 0 
0 327 0 
0 278 0 
0 337 0 
0 313 0 
0 278 0 
0 315 0 
0 334 0 
0 314 0 
0 291 0 
0 345 0 
0 283 0 
0 329 0 
0 329 0 
0 350 0 
0 309 0 
0 345 0 
0 298 0 
0 318 0 
0 335 0 
0 348 1 
0 282 0 
0 307 0 
0 344 0 
0 315 0 
0 311 3 
0 316 0 
0 329 0 
0 252 0 
0 290 0 
0 277 0 
0 300 0 
0 266 0 
0 304 0 
0 290 0 
0 295 0 
0 328 0 
0 307 3 
0 306 0 
0 331 0 
0 325 0 
0 309 0 
0 243 4 
0 297 0 
0 293 0 
0 327 0 
0 334 0 
0 300 0 
0 307 0 
0 295 5 
0 212 0 
0 317 0 
0 343 0 
0 298 0 
0 294 0 
0 317 0 
0 321 0 
0 363 0 
0 337 0 
0 293 0 
0 310 0 
0 294 0 
0 331 0 
0 333 0 
0 246 0 
0 334 0 
0 344 0 
0 300 0 
0 369 1 
0 286 0 
0 346 2 
0 320 5 
0 344 0 
0 291 0 
0 301 0 
0 337 0 
0 258 0 
0 295 0 
0 317 0 
0 269 13 
0 313 0 
0 313 0 
0 261 1 
0 329 0 
0 277 1 
0 314 0 
0 330 0 
0 299 0 
0 371 0 
0 297 0 
0 374 0 
0 235 0 
0 339 0 
0 325 4 
0 340 0 
0 328 0 
0 340 0 
0 281 0 
0 328 0 
0 318 0 
0 307 0 
0 351 1 
0 345 0 
0 300 0 
0 315 0 
0 309 0 
0 310 0 
0 283 0 
0 333 4 
0 283 1 
0 283 0 
0 328 0 
0 306 0 
0 308 0 
0 356 0 
0 346 0 
0 352 0 
0 354 0 
0 275 0 
0 308 0 
0 342 0 
0 309 0 
0 283 0 
0 324 0 
0 293 4 
0 254 0 
0 341 0 
0 345 0 
0 373 0 
0 287 0 
0 330 0 
0 298 0 
0 323 0 
0 314 0 
0 324 0 
0 319 0 
0 361 0 
0 326 13 
0 286 0 
0 324 2 
0 249 2 
0 287 0 
0 380 0 
0 304 0 
0 300 0 
0 326 0 
0 281 0 
0 264 0 
0 278 0 
0 302 0 
0 295 13 
0 285 0 
0 320 1 
0 346 0 
0 279 0 
0 302 0 
0 330 0 
