0 15 294 9 0 
1 8 301 5 0 
1 59 274 34 0 
0 14 283 71 0 
0 120 337 71 0 
0 55 362 61 0 
0 50 317 36 0 
0 48 225 62 0 
0 53 350 1 0 
0 22 272 13 0 
0 14 410 75 0 
0 108 270 21 0 
0 37 339 70 0 
0 130 365 13 0 
1 22 261 46 0 
0 18 302 1 0 
1 89 434 67 0 
0 15 339 18 0 
1 51 315 38 0 
0 27 179 9 0 
0 6 320 40 0 
0 35 289 24 0 
0 105 278 71 0 
0 2 221 41 0 
16 113 193 88 0 
0 99 286 35 0 
1 17 226 23 0 
0 125 222 14 0 
2 23 428 26 0 
0 27 283 22 0 
0 3 352 45 0 
0 70 278 36 0 
0 78 321 41 0 
5 59 342 3 0 
0 74 317 11 0 
0 102 302 5 0 
0 62 318 10 0 
0 55 475 24 0 
0 50 403 70 0 
0 31 154 90 0 
0 4 353 7 0 
0 4 244 15 0 
0 24 318 25 0 
1 159 241 0 0 
0 7 328 21 0 
0 46 209 81 0 
0 17 351 30 0 
0 59 379 18 0 
0 58 198 7 0 
0 15 300 21 0 
0 97 346 0 0 
14 58 247 60 0 
0 73 269 28 0 
0 31 320 79 0 
0 34 254 47 0 
0 40 299 40 0 
0 13 212 54 0 
0 29 386 4 0 
0 23 356 96 0 
0 28 330 44 0 
24 36 261 30 0 
0 76 309 89 0 
0 84 291 66 0 
0 73 285 23 0 
0 23 291 5 0 
0 75 281 25 0 
3 29 290 11 0 
1 69 295 12 0 
0 111 433 71 0 
0 20 255 47 0 
0 18 356 12 0 
0 18 251 191 0 
0 40 207 87 0 
0 65 242 69 0 
0 19 253 17 0 
0 9 368 62 0 
0 47 200 9 0 
0 33 363 61 0 
0 16 452 77 0 
0 43 212 118 0 
0 148 343 21 0 
0 54 233 7 0 
0 31 328 25 0 
0 29 352 104 0 
0 89 189 68 0 
0 75 282 21 0 
0 82 343 18 0 
1 31 289 50 0 
4 31 183 75 0 
1 7 308 46 0 
0 44 132 84 0 
0 2 181 21 0 
0 109 269 19 0 
0 89 203 1 0 
0 36 392 1 0 
0 1 341 60 0 
0 16 435 28 0 
0 24 339 6 0 
0 86 132 97 0 
13 206 244 4 0 
0 20 182 40 0 
22 15 322 27 0 
0 31 372 33 0 
0 15 322 31 0 
1 49 205 14 0 
0 27 335 11 0 
0 84 256 11 0 
1 13 283 25 0 
0 37 321 5 0 
0 17 309 32 0 
0 80 351 48 0 
0 127 215 10 0 
0 74 393 78 0 
2 70 282 35 0 
0 21 345 1 0 
0 10 268 8 0 
0 60 393 36 0 
0 64 329 69 0 
0 10 265 14 0 
1 21 201 11 0 
0 49 217 38 0 
0 158 233 32 0 
0 66 264 18 0 
0 22 404 13 0 
1 48 259 26 0 
0 28 340 40 0 
0 32 209 175 0 
0 18 527 7 0 
0 10 402 36 0 
0 73 263 23 0 
0 42 415 84 0 
0 14 389 48 0 
0 18 315 35 0 
0 49 396 9 0 
1 8 413 21 0 
0 46 317 164 0 
0 77 373 0 0 
0 70 463 6 0 
5 59 374 2 0 
1 102 130 46 0 
3 14 183 191 0 
0 84 461 27 0 
0 62 115 31 0 
0 107 291 10 0 
0 30 203 101 0 
0 60 381 8 0 
0 24 565 35 0 
0 11 358 22 0 
0 13 365 25 0 
9 142 472 2 0 
0 63 394 7 0 
0 44 278 4 0 
1 99 332 8 0 
0 29 266 61 0 
0 21 278 78 0 
0 44 253 6 0 
0 102 362 62 0 
0 17 345 1 0 
0 13 312 4 0 
0 49 288 74 0 
0 45 431 29 0 
1 26 185 34 0 
0 21 355 15 0 
1 38 335 0 0 
4 55 205 3 0 
0 52 363 0 0 
0 42 318 11 0 
0 45 315 119 0 
1 25 173 207 0 
0 31 268 11 0 
0 62 337 44 0 
0 117 179 21 0 
0 46 461 25 0 
0 7 298 38 0 
0 62 331 20 0 
0 97 307 1 0 
2 29 365 41 0 
0 25 283 25 0 
0 83 236 20 0 
2 75 338 4 0 
1 17 357 2 0 
0 52 229 199 0 
0 46 283 19 0 
0 38 395 0 0 
2 32 316 8 0 
0 27 280 1 0 
0 31 296 58 0 
0 28 467 20 0 
2 33 407 21 0 
30 114 375 8 0 
0 45 263 36 0 
0 49 295 33 0 
0 85 246 57 0 
0 47 226 21 0 
0 25 314 54 0 
1 55 250 10 0 
0 6 342 35 0 
0 41 329 26 0 
0 23 363 35 0 
0 92 323 84 0 
1 15 204 110 0 
0 34 221 110 0 
0 43 169 89 0 
0 123 187 23 0 
0 19 254 29 0 
0 120 228 45 0 
0 9 285 38 0 
1 86 269 20 0 
0 80 151 24 0 
0 25 293 18 0 
0 77 274 6 0 
0 18 332 7 0 
1 44 363 6 0 
0 50 264 73 0 
0 28 338 4 0 
4 83 359 29 0 
0 106 262 43 0 
1 31 143 81 0 
5 36 311 7 0 
0 59 429 16 0 
0 28 408 34 0 
0 1 270 4 0 
1 79 218 89 0 
0 60 460 11 0 
0 2 570 6 3 
1 14 231 3 0 
6 14 168 34 0 
0 34 296 12 0 
0 63 294 32 0 
0 8 208 45 0 
0 28 414 85 0 
0 41 433 54 0 
6 26 255 48 0 
0 105 272 48 0 
0 71 344 46 0 
1 95 369 34 0 
0 31 326 2 0 
0 69 302 98 0 
0 109 248 2 0 
0 28 256 41 18 
2 0 319 44 0 
0 19 402 21 0 
0 0 442 22 0 
1 39 386 10 0 
1 19 445 8 0 
0 15 370 89 0 
0 4 251 25 0 
3 154 321 19 0 
0 7 491 11 0 
0 14 338 55 0 
0 77 321 34 0 
0 63 369 2 0 
4 14 305 243 0 
0 0 176 216 0 
0 5 307 97 0 
0 110 236 7 0 
0 71 269 55 0 
0 21 352 5 0 
0 118 252 41 0 
0 72 342 44 0 
0 36 204 54 0 
0 65 393 10 0 
0 30 244 1 0 
0 21 341 26 0 
0 143 285 30 0 
1 91 269 47 0 
0 66 223 98 0 
0 61 489 2 0 
1 115 327 42 0 
2 4 301 10 0 
0 63 202 23 0 
0 91 197 48 0 
0 33 191 47 0 
0 129 329 3 0 
0 35 325 29 0 
1 8 283 29 0 
0 10 306 10 0 
1 24 204 128 0 
2 45 272 19 0 
1 79 437 29 0 
0 51 278 43 0 
0 71 345 23 0 
0 44 216 110 0 
0 27 265 66 0 
0 17 367 147 0 
2 83 492 0 0 
0 21 348 63 0 
0 8 217 52 0 
0 23 375 39 0 
0 69 197 7 0 
0 65 305 0 0 
0 32 316 77 0 
0 61 227 46 0 
0 20 293 125 0 
0 7 451 29 0 
5 4 439 27 0 
0 34 311 0 0 
0 10 322 37 0 
0 19 244 29 0 
0 10 497 25 0 
0 50 275 65 0 
0 35 404 4 0 
0 36 423 10 0 
0 23 389 48 0 
0 66 229 7 0 
0 4 274 138 0 
0 24 319 17 0 
0 31 224 109 0 
0 23 285 27 0 
0 21 328 1 0 
0 32 289 57 0 
0 49 216 23 0 
0 20 401 8 0 
0 30 363 114 0 
0 17 285 10 0 
5 1 375 19 0 
0 75 248 74 0 
1 33 342 32 0 
0 63 232 91 0 
0 33 268 29 0 
0 6 267 39 0 
0 47 213 15 0 
1 45 349 37 0 
0 43 308 15 0 
0 36 271 47 0 
2 81 311 45 0 
0 33 288 25 1 
0 1 347 115 0 
0 67 267 23 0 
0 33 332 19 0 
0 32 175 19 0 
0 55 260 17 0 
0 57 405 14 0 
0 147 221 57 0 
0 51 227 66 0 
0 11 337 21 0 
2 31 353 18 0 
0 35 450 60 0 
6 0 390 13 0 
0 121 328 84 0 
0 42 208 40 0 
0 5 298 10 0 
0 23 365 52 0 
0 15 230 147 0 
0 18 377 14 0 
0 5 288 27 0 
0 24 312 20 0 
0 35 117 138 0 
1 80 301 110 0 
0 44 301 12 0 
4 83 363 29 0 
0 36 228 57 0 
0 75 240 62 0 
0 101 166 6 0 
2 17 296 4 0 
0 0 391 88 0 
18 37 280 9 0 
0 145 302 6 0 
1 14 341 29 0 
7 35 359 38 0 
0 8 320 11 0 
0 13 428 54 0 
2 28 289 23 0 
13 81 177 62 0 
0 65 303 50 0 
0 157 219 17 0 
0 66 240 19 0 
10 16 253 50 0 
0 3 336 104 0 
0 12 257 49 0 
0 10 277 60 0 
15 63 244 1 0 
0 42 355 84 0 
1 15 403 45 0 
0 54 398 58 0 
0 42 441 36 0 
0 42 322 54 0 
2 7 249 92 0 
11 13 323 14 0 
0 78 254 57 0 
0 48 253 36 0 
1 119 258 45 3 
1 19 349 57 0 
0 30 320 9 0 
2 160 378 13 0 
0 55 379 44 0 
1 67 249 130 0 
3 104 317 61 0 
0 5 270 39 0 
0 25 597 10 0 
0 25 411 6 0 
0 43 368 6 0 
3 21 300 43 0 
0 201 248 65 0 
0 2 193 72 0 
0 222 425 16 0 
0 36 362 110 0 
0 12 339 20 0 
0 25 296 106 0 
0 22 330 160 0 
0 19 426 41 0 
0 7 265 72 0 
0 21 489 36 0 
0 10 322 36 0 
0 7 260 27 0 
0 28 337 129 0 
0 123 261 5 0 
0 16 367 2 0 
0 5 248 24 0 
2 62 141 41 0 
5 53 274 82 0 
0 47 324 9 0 
0 17 265 142 0 
0 29 229 170 0 
11 15 199 11 0 
19 29 355 17 0 
13 137 217 131 0 
0 59 267 154 0 
0 43 321 54 0 
0 12 301 121 0 
0 35 452 74 0 
0 40 362 26 0 
6 23 325 46 0 
0 89 186 14 0 
0 65 455 11 0 
2 24 261 62 0 
0 25 338 18 0 
1 24 209 43 0 
0 66 269 25 0 
0 56 425 56 0 
0 57 196 50 0 
0 43 396 8 0 
0 48 335 38 0 
0 14 194 150 0 
0 4 257 201 0 
8 141 170 15 0 
0 5 332 39 0 
0 96 328 5 0 
0 58 182 101 0 
0 9 409 1 0 
0 61 256 49 0 
0 50 465 15 0 
0 25 437 44 0 
0 13 233 10 0 
0 11 292 31 0 
1 12 325 7 0 
0 40 386 66 0 
0 22 187 44 0 
0 23 241 37 0 
0 171 234 88 0 
0 6 315 13 0 
0 46 200 154 0 
0 16 322 40 0 
0 57 321 16 0 
0 37 286 104 0 
0 0 168 85 0 
0 47 256 16 0 
0 4 342 136 0 
0 117 284 42 0 
2 17 328 83 0 
0 61 252 20 0 
0 18 355 1 0 
3 59 243 98 0 
0 16 420 132 0 
0 19 171 25 0 
0 18 590 74 0 
1 71 335 43 0 
0 13 286 16 0 
0 15 289 8 0 
0 106 406 150 0 
14 19 297 47 0 
7 26 307 17 0 
0 14 255 32 0 
3 65 348 6 0 
0 72 247 103 0 
0 15 248 117 0 
1 66 400 22 0 
0 8 217 25 0 
0 52 370 75 0 
0 53 292 31 0 
0 57 280 52 0 
1 26 402 36 0 
0 90 262 55 0 
0 0 312 22 0 
0 1 260 31 0 
1 45 305 30 0 
0 41 158 65 0 
0 86 346 13 0 
0 27 462 6 0 
0 41 258 49 0 
0 45 221 29 0 
0 1 252 114 0 
0 15 239 15 0 
1 26 324 24 0 
0 94 331 99 0 
0 56 459 33 0 
0 50 480 7 0 
0 33 399 0 0 
0 47 363 58 0 
0 86 264 2 0 
0 3 448 28 0 
1 88 282 4 0 
0 6 451 119 0 
0 9 324 97 0 
0 210 278 18 0 
1 138 245 12 0 
0 12 536 19 0 
0 14 349 8 0 
0 79 306 33 0 
4 16 261 15 0 
0 30 307 45 0 
0 78 128 47 0 
0 14 204 21 0 
0 22 437 57 0 
0 44 274 47 0 
2 15 593 44 0 
0 89 292 79 0 
0 0 305 18 0 
0 46 260 22 0 
0 22 303 18 0 
0 31 216 30 0 
0 47 388 7 0 
0 36 302 74 0 
0 9 590 60 0 
0 69 286 75 0 
0 9 197 43 0 
0 35 190 28 0 
0 3 395 51 0 
0 58 343 115 0 
0 32 450 25 0 
0 62 293 12 0 
0 3 346 83 0 
0 45 185 36 0 
2 20 374 28 0 
0 22 272 73 0 
0 59 378 6 0 
0 22 229 99 0 
0 275 158 28 0 
0 5 220 68 0 
0 103 277 27 0 
3 153 314 50 0 
1 68 270 10 0 
0 41 270 34 0 
0 42 325 35 0 
0 10 220 30 0 
1 34 405 20 0 
0 40 340 6 0 
0 33 182 3 0 
0 5 320 24 0 
0 27 421 63 0 
19 90 340 27 0 
0 29 601 12 0 
0 48 376 9 0 
0 3 414 38 0 
0 45 272 9 0 
0 9 399 10 0 
0 68 318 15 0 
0 28 278 55 0 
2 96 452 4 0 
0 37 348 146 0 
0 91 374 10 0 
0 14 385 20 0 
0 21 378 35 0 
0 75 291 42 0 
0 99 283 27 0 
2 34 306 55 0 
0 14 365 42 0 
0 24 373 97 0 
0 11 375 29 0 
0 17 292 189 0 
0 56 257 14 0 
0 75 185 58 0 
0 13 290 15 0 
3 27 325 28 0 
0 26 241 14 0 
1 4 228 11 0 
0 31 402 86 0 
0 49 324 7 0 
0 21 373 44 0 
2 37 314 10 0 
0 7 182 41 0 
0 80 360 61 0 
0 0 225 314 0 
0 20 358 31 0 
0 13 403 106 0 
0 4 254 14 0 
4 31 345 52 0 
1 31 247 22 0 
0 49 232 53 0 
1 57 250 126 0 
0 25 379 49 0 
0 0 293 62 0 
0 51 383 14 0 
0 80 255 15 0 
0 19 257 126 0 
0 70 334 30 0 
12 21 325 38 0 
0 49 342 24 0 
0 3 345 28 0 
0 74 461 16 0 
0 140 270 33 0 
0 144 297 69 0 
16 2 217 133 0 
1 39 318 18 0 
0 58 252 8 0 
0 8 348 0 0 
0 5 422 24 0 
1 11 205 47 0 
1 7 215 16 0 
0 43 312 10 0 
0 16 303 16 0 
0 11 327 134 0 
0 68 301 19 0 
0 20 599 6 0 
0 60 198 25 0 
2 74 407 26 0 
0 97 308 0 0 
0 10 327 3 0 
1 47 366 38 0 
0 73 354 32 0 
10 25 232 32 0 
0 91 257 35 0 
0 40 223 146 0 
1 23 334 4 0 
0 1 288 52 0 
4 103 361 41 0 
0 26 371 2 0 
0 49 264 81 0 
0 3 448 24 0 
0 45 227 163 0 
0 57 166 70 0 
0 10 176 13 0 
0 15 264 8 0 
9 44 281 4 0 
10 3 558 0 0 
0 52 256 7 0 
0 6 272 7 0 
0 154 186 95 0 
0 5 239 111 0 
0 2 325 6 0 
0 77 436 40 0 
1 15 315 6 0 
0 12 257 42 0 
0 10 242 1 0 
0 54 204 242 0 
0 40 250 113 0 
4 59 288 1 0 
0 32 346 81 0 
0 111 249 16 0 
0 27 371 124 0 
0 9 300 46 0 
1 11 321 0 0 
0 68 202 2 0 
0 43 391 47 0 
0 30 393 12 0 
0 9 400 2 0 
0 93 264 2 0 
0 1 403 33 0 
0 19 358 37 0 
0 13 349 17 0 
0 44 372 63 0 
10 42 254 27 0 
0 32 515 10 0 
0 47 344 24 0 
1 34 346 74 0 
0 33 364 1 0 
0 75 182 3 0 
1 35 353 30 0 
0 28 566 58 0 
1 59 269 47 0 
0 21 340 30 0 
0 9 281 129 0 
0 187 420 5 0 
0 22 343 9 0 
0 21 413 74 0 
0 22 384 20 0 
0 59 305 10 0 
0 6 357 14 0 
0 33 301 7 0 
0 177 240 1 0 
0 61 291 12 0 
13 109 226 19 0 
1 5 259 40 0 
0 47 287 1 0 
0 68 244 21 0 
0 3 345 48 0 
0 54 273 49 0 
0 38 373 27 0 
0 57 329 16 0 
0 97 297 26 0 
0 99 344 42 0 
0 81 209 22 0 
0 8 422 11 0 
0 2 287 51 0 
0 88 283 0 0 
1 34 185 28 0 
1 31 402 20 0 
0 23 421 13 0 
0 40 260 56 0 
0 315 257 42 0 
1 139 204 5 0 
0 5 273 101 0 
0 76 238 21 0 
3 40 469 10 0 
0 24 314 11 0 
0 56 338 0 0 
0 63 304 27 0 
0 41 472 21 0 
0 42 294 27 0 
0 61 314 3 0 
0 17 226 69 0 
12 68 270 12 0 
21 22 284 43 0 
0 46 301 29 0 
0 40 426 40 0 
0 13 361 103 0 
0 26 221 51 0 
0 39 377 36 0 
0 54 235 10 0 
0 102 246 33 0 
0 209 104 0 0 
0 19 239 20 0 
0 9 301 34 0 
2 100 314 37 3 
0 17 422 19 0 
0 2 426 22 0 
0 35 420 17 20 
0 48 306 18 0 
0 8 471 51 0 
0 19 283 84 0 
0 2 262 44 0 
0 75 261 52 0 
0 79 249 44 0 
0 86 352 41 0 
0 56 274 144 0 
0 42 302 4 0 
0 6 453 2 0 
0 23 195 81 0 
0 54 366 10 0 
0 0 326 73 0 
2 43 396 34 0 
0 73 219 6 0 
0 81 238 70 0 
0 36 406 51 0 
1 14 411 115 0 
0 64 269 52 0 
2 9 224 121 0 
0 102 281 11 0 
0 15 297 20 0 
0 6 351 52 0 
0 70 293 30 0 
0 11 292 174 0 
0 42 333 70 0 
0 25 372 215 0 
0 19 267 58 0 
1 73 426 7 0 
18 53 257 47 0 
0 42 250 14 0 
2 89 446 20 0 
0 97 297 15 0 
0 5 359 15 0 
1 19 381 34 0 
0 84 227 60 0 
2 10 585 33 0 
5 43 293 16 0 
0 94 424 18 0 
0 4 279 28 0 
0 22 260 50 0 
0 2 368 2 0 
0 20 295 116 0 
0 30 342 41 0 
0 31 293 24 0 
0 28 288 93 0 
0 64 401 21 0 
3 18 415 3 0 
0 12 334 21 0 
0 31 344 36 0 
0 12 238 13 0 
0 5 277 87 0 
0 26 217 11 0 
0 62 256 54 0 
3 39 306 96 0 
0 2 227 74 0 
0 50 162 81 0 
2 107 341 19 0 
0 9 393 14 0 
3 49 361 59 0 
0 37 340 3 0 
0 7 283 9 0 
1 16 269 43 0 
0 152 266 88 0 
6 16 429 21 0 
1 33 225 63 0 
0 32 299 192 0 
0 37 431 0 0 
0 56 101 27 0 
1 22 273 30 0 
0 5 456 38 0 
0 10 323 21 0 
0 62 143 12 0 
0 28 439 0 0 
0 67 368 70 0 
1 14 385 2 0 
0 22 299 17 0 
0 46 216 33 0 
0 42 286 8 0 
0 34 334 72 0 
0 56 201 22 0 
0 11 313 25 0 
0 17 335 40 0 
0 57 303 48 0 
11 46 180 5 0 
0 67 282 0 0 
0 23 359 63 0 
1 134 230 170 0 
0 10 229 176 0 
0 112 297 58 0 
0 49 246 51 0 
0 20 501 26 0 
0 16 344 31 0 
0 4 198 31 0 
0 10 224 8 0 
0 35 329 2 0 
0 53 207 23 0 
0 63 313 17 0 
3 27 335 12 0 
20 23 235 85 0 
0 32 324 35 0 
0 81 257 26 0 
2 58 329 67 0 
1 15 402 21 0 
0 21 167 12 0 
0 77 249 29 0 
0 40 233 36 0 
1 29 213 19 0 
0 5 392 24 0 
0 32 253 29 0 
0 22 473 10 0 
0 58 388 46 0 
0 5 371 31 0 
12 22 316 42 0 
0 12 259 121 0 
0 21 302 10 0 
0 56 261 28 0 
0 41 310 25 0 
0 27 394 111 0 
0 90 163 70 0 
1 16 342 35 0 
0 109 132 52 0 
0 97 410 14 0 
0 87 272 13 0 
0 52 199 21 0 
0 84 221 61 0 
1 20 413 1 0 
0 62 295 20 0 
0 34 394 76 0 
0 59 248 30 0 
0 14 395 19 0 
0 1 222 100 0 
0 8 324 12 0 
0 1 247 11 0 
0 43 264 73 0 
0 7 382 19 0 
1 28 391 14 0 
3 3 414 73 0 
0 64 417 57 0 
2 34 304 29 0 
12 35 309 50 0 
1 105 210 5 0 
0 41 329 33 0 
1 29 373 16 0 
0 66 349 19 0 
0 111 351 7 0 
0 52 366 24 0 
1 123 342 53 0 
0 117 375 12 0 
0 87 248 39 0 
2 9 184 64 0 
1 49 339 103 0 
0 0 318 17 0 
0 52 222 46 0 
1 188 216 50 0 
1 32 243 180 0 
0 124 213 189 0 
0 45 335 79 0 
0 100 267 26 0 
10 94 196 14 0 
0 93 201 96 0 
0 49 205 4 0 
0 22 361 8 0 
2 263 165 19 0 
0 60 335 101 0 
0 4 181 45 0 
0 6 427 41 0 
0 16 184 45 0 
0 30 446 12 0 
0 12 214 36 0 
0 19 411 114 0 
0 27 371 47 0 
1 42 248 49 0 
0 118 316 56 0 
0 51 291 11 0 
1 176 411 107 0 
3 1 366 16 0 
2 58 212 97 0 
0 39 442 3 0 
0 40 243 68 0 
4 10 352 35 0 
0 24 205 63 0 
0 114 336 5 0 
0 138 247 30 0 
0 76 493 12 0 
0 54 416 48 0 
8 142 432 53 0 
0 57 285 19 0 
0 36 352 89 0 
0 12 364 32 0 
0 90 342 26 0 
0 59 377 75 0 
1 48 280 11 0 
0 28 180 21 0 
0 0 312 74 0 
1 75 231 67 0 
0 37 558 10 0 
0 17 405 90 0 
0 14 316 10 0 
0 44 240 0 0 
0 8 378 7 0 
1 40 208 26 0 
0 67 337 20 0 
0 16 366 27 0 
1 25 319 61 0 
0 15 212 183 0 
0 119 334 17 0 
12 40 431 22 0 
0 55 256 45 0 
0 46 186 3 0 
0 39 397 8 0 
0 36 323 0 0 
0 50 342 106 0 
0 26 401 22 0 
1 6 355 20 0 
0 13 200 11 0 
0 53 228 20 0 
0 14 331 66 0 
0 66 331 13 0 
0 31 248 161 0 
0 33 366 45 0 
0 8 100 44 0 
0 2 453 18 0 
0 94 354 33 0 
1 66 382 24 0 
0 42 323 39 0 
0 38 361 20 0 
0 4 394 51 0 
0 0 404 77 0 
4 24 397 3 0 
0 40 283 80 0 
0 89 215 133 0 
0 37 328 11 0 
0 43 238 33 0 
11 10 304 11 0 
0 73 354 71 0 
0 27 235 65 0 
4 38 231 49 0 
1 29 252 28 0 
1 16 376 24 0 
0 127 221 37 0 
0 41 389 43 0 
0 12 397 74 0 
2 52 331 143 0 
1 12 395 26 0 
0 77 240 27 0 
0 73 276 18 0 
0 28 263 67 0 
0 4 172 16 0 
0 23 339 11 0 
0 62 302 46 0 
0 63 484 50 0 
0 85 491 14 0 
0 20 190 1 0 
0 32 281 67 0 
0 7 344 19 0 
0 2 303 33 0 
0 92 283 57 0 
2 9 276 65 0 
0 112 343 37 0 
0 22 304 67 0 
9 68 289 26 0 
0 12 311 49 0 
0 5 328 142 0 
0 37 275 49 0 
0 110 414 56 0 
0 23 427 63 0 
0 12 389 20 0 
6 18 204 9 0 
0 39 322 18 0 
0 5 283 41 0 
1 42 174 28 0 
1 79 353 43 0 
