0 64 0 
0 33 5 
0 22 0 
0 62 0 
0 38 4 
0 53 0 
0 70 0 
0 81 0 
0 21 2 
0 82 0 
0 55 8 
0 60 0 
0 62 0 
0 38 0 
0 62 7 
0 73 2 
0 47 0 
0 33 0 
0 25 0 
0 24 0 
0 39 1 
0 28 0 
0 52 0 
0 33 2 
0 94 0 
0 77 0 
0 79 0 
0 52 1 
0 60 0 
0 81 0 
0 35 0 
0 54 3 
0 71 7 
0 61 1 
0 90 19 
0 100 4 
0 66 8 
0 40 0 
0 59 7 
0 94 0 
0 39 0 
0 66 0 
0 36 0 
0 84 0 
0 30 0 
0 57 2 
0 36 5 
0 34 0 
0 62 0 
0 32 2 
0 62 1 
0 29 0 
0 88 0 
0 67 2 
0 59 0 
0 36 0 
0 72 0 
0 48 0 
0 57 0 
0 80 12 
0 54 0 
0 50 0 
0 40 1 
0 73 0 
0 54 3 
0 33 0 
0 73 3 
0 39 0 
0 60 0 
0 34 2 
0 34 7 
0 46 0 
0 31 1 
0 38 2 
0 47 0 
0 114 14 
0 101 0 
0 113 1 
0 86 5 
0 44 0 
0 60 0 
0 61 0 
0 94 18 
0 79 0 
0 117 0 
0 46 0 
0 34 1 
0 65 7 
0 55 0 
0 54 8 
0 53 0 
0 123 0 
0 39 14 
0 45 11 
0 112 12 
0 62 6 
0 56 0 
0 46 4 
0 99 0 
0 33 0 
0 34 0 
0 36 1 
0 54 0 
0 45 1 
0 46 0 
0 71 0 
0 43 0 
0 40 1 
0 76 1 
0 48 0 
0 50 0 
0 66 7 
0 67 0 
0 42 0 
0 62 9 
0 97 2 
0 34 0 
0 18 0 
0 106 0 
0 106 0 
0 64 0 
0 62 0 
0 46 0 
0 41 0 
0 103 1 
0 69 0 
0 75 0 
0 62 0 
0 38 4 
0 49 0 
0 35 0 
0 99 9 
0 47 1 
0 30 0 
0 27 0 
0 73 0 
0 17 0 
0 99 2 
0 53 0 
0 106 7 
0 42 0 
0 50 11 
0 63 0 
0 43 0 
0 59 0 
0 66 0 
0 52 7 
0 21 0 
0 51 0 
0 117 1 
0 97 1 
0 78 3 
0 58 0 
0 79 3 
0 71 0 
0 101 7 
0 56 0 
0 31 4 
0 40 0 
0 72 0 
0 90 4 
0 61 0 
0 67 3 
0 40 0 
0 52 0 
0 119 8 
0 96 3 
0 87 0 
0 94 1 
0 102 0 
0 42 14 
0 87 4 
0 79 0 
0 20 0 
0 83 0 
0 36 1 
0 72 0 
0 87 7 
0 90 0 
0 92 2 
0 88 6 
0 77 3 
0 43 0 
0 88 0 
0 77 0 
0 57 0 
0 32 0 
0 40 0 
0 45 0 
0 46 6 
0 89 0 
0 24 0 
0 67 2 
0 74 0 
0 11 0 
0 39 0 
0 38 10 
0 37 4 
0 63 11 
0 73 7 
0 68 0 
0 59 0 
0 55 8 
0 31 8 
0 34 1 
0 30 0 
0 109 3 
0 32 0 
0 33 0 
0 114 0 
0 73 1 
0 71 0 
0 55 0 
0 74 0 
0 22 0 
0 49 0 
0 62 2 
0 43 0 
0 36 0 
0 73 0 
0 48 0 
0 52 0 
0 71 0 
0 42 0 
0 66 1 
0 60 0 
0 81 0 
0 59 0 
0 49 0 
0 21 0 
0 59 0 
0 32 0 
0 41 0 
0 32 0 
0 61 1 
0 70 0 
0 74 0 
0 98 7 
0 61 5 
0 63 4 
0 68 0 
0 78 3 
0 36 0 
0 46 0 
0 68 0 
0 43 0 
0 70 0 
0 36 0 
0 52 1 
0 51 0 
0 98 5 
0 67 2 
0 53 2 
0 66 0 
0 35 0 
0 85 13 
0 104 0 
0 69 2 
0 56 20 
0 31 8 
0 41 2 
0 93 7 
0 33 0 
0 120 26 
0 30 0 
0 90 0 
0 90 1 
0 32 2 
0 106 0 
0 31 1 
0 63 3 
0 92 6 
0 33 0 
0 84 6 
0 85 0 
0 36 0 
0 66 0 
0 58 0 
0 25 7 
0 52 0 
0 31 2 
0 49 0 
0 80 1 
0 28 0 
0 42 0 
0 89 0 
0 61 0 
0 61 2 
0 63 0 
0 109 0 
0 45 0 
0 67 2 
0 67 0 
0 56 0 
0 29 0 
0 58 0 
0 67 0 
0 40 6 
0 35 2 
0 45 7 
0 47 0 
0 65 0 
0 94 0 
0 76 12 
0 53 17 
0 67 0 
0 66 0 
0 70 0 
0 84 0 
0 62 5 
0 69 0 
0 84 0 
0 46 0 
0 60 0 
0 83 0 
0 28 0 
0 58 0 
0 92 0 
0 62 0 
0 49 13 
0 58 0 
0 114 4 
0 81 0 
0 52 6 
0 104 0 
0 16 0 
0 71 6 
0 66 9 
0 56 0 
0 99 1 
0 67 2 
0 20 9 
0 26 0 
0 60 1 
0 29 0 
0 18 0 
0 61 0 
0 40 0 
0 56 0 
0 61 0 
0 94 6 
0 83 12 
0 52 0 
0 90 0 
0 46 4 
0 39 2 
0 30 2 
0 63 0 
0 75 3 
0 84 13 
0 39 0 
0 51 7 
0 49 0 
0 32 0 
0 37 8 
0 107 0 
0 82 5 
0 18 0 
0 62 2 
0 62 0 
0 33 1 
0 114 0 
0 49 0 
0 30 3 
0 81 3 
0 36 0 
0 61 0 
0 32 10 
0 20 0 
0 78 0 
0 46 0 
0 65 0 
0 34 0 
0 54 0 
0 26 0 
0 76 0 
0 70 3 
0 61 3 
0 97 0 
0 42 2 
0 90 7 
0 37 0 
0 116 0 
0 95 0 
0 58 2 
0 30 6 
0 31 1 
0 138 3 
0 70 0 
0 123 1 
0 71 0 
0 45 0 
0 60 0 
0 39 4 
0 77 6 
0 20 8 
0 10 0 
0 73 0 
0 60 0 
0 123 1 
0 49 0 
0 159 2 
0 59 0 
0 48 0 
0 17 0 
0 83 6 
0 34 0 
0 85 0 
0 64 7 
0 43 1 
0 61 10 
0 37 0 
0 52 0 
0 65 0 
0 144 1 
0 38 0 
0 49 5 
0 69 0 
0 41 0 
0 89 0 
0 35 0 
0 21 0 
0 110 0 
0 30 5 
0 29 0 
0 45 0 
0 61 0 
0 101 0 
0 22 0 
0 40 0 
0 34 4 
0 50 0 
0 36 8 
0 48 5 
0 70 1 
0 49 0 
0 81 0 
0 53 0 
0 36 0 
0 74 0 
0 41 0 
0 94 0 
0 31 0 
0 42 0 
0 55 1 
0 30 0 
0 44 4 
0 53 0 
0 31 0 
0 49 0 
0 21 0 
0 65 5 
0 81 0 
0 9 1 
0 41 0 
0 75 2 
0 32 0 
0 65 0 
0 72 0 
0 38 0 
0 68 3 
0 39 0 
0 70 1 
0 86 0 
0 69 0 
0 125 14 
0 58 0 
0 17 0 
0 56 4 
0 36 0 
0 62 9 
0 27 0 
0 70 0 
0 74 4 
0 113 0 
0 49 0 
0 78 5 
0 48 0 
0 63 2 
0 68 0 
0 55 0 
0 53 0 
0 47 0 
0 49 5 
0 55 0 
0 55 5 
0 57 2 
0 71 10 
0 33 0 
0 38 0 
0 54 7 
0 70 0 
0 132 0 
0 31 2 
0 42 0 
0 59 2 
0 45 0 
0 18 9 
0 49 0 
0 38 0 
0 63 0 
0 87 0 
0 47 0 
0 15 0 
0 71 9 
0 29 0 
0 69 12 
0 38 0 
0 74 0 
0 49 5 
0 89 0 
0 62 2 
0 79 0 
0 82 5 
0 40 12 
0 47 2 
0 53 0 
0 57 0 
0 25 0 
0 55 0 
0 69 0 
0 44 10 
0 31 0 
0 42 0 
0 39 0 
0 73 0 
0 36 0 
0 51 0 
0 157 0 
0 36 0 
0 51 0 
0 92 0 
0 76 30 
0 46 0 
0 79 9 
0 36 0 
0 76 10 
0 61 1 
0 65 0 
0 49 0 
0 55 9 
0 31 5 
0 20 2 
0 39 0 
0 85 5 
0 22 0 
0 48 0 
0 49 4 
0 130 2 
0 58 0 
0 43 0 
0 75 3 
0 26 0 
0 33 2 
0 60 0 
0 81 13 
0 58 4 
0 91 13 
0 33 2 
0 90 0 
0 94 2 
0 58 0 
0 50 6 
0 73 0 
0 9 0 
0 61 0 
0 53 0 
0 71 6 
0 85 0 
0 91 0 
0 73 0 
0 65 0 
0 75 0 
0 89 4 
0 75 0 
0 32 0 
0 109 10 
0 99 2 
0 56 0 
0 50 0 
0 60 0 
0 62 0 
0 91 0 
0 64 0 
0 61 0 
0 32 4 
0 76 4 
0 79 13 
0 53 0 
0 83 0 
0 56 0 
0 67 0 
0 59 4 
0 45 0 
0 67 0 
0 40 1 
0 38 20 
0 46 0 
0 26 0 
0 41 0 
0 23 0 
0 66 0 
0 83 0 
0 77 0 
0 69 3 
0 34 0 
0 51 4 
0 21 0 
0 37 0 
0 61 0 
0 77 11 
0 79 0 
0 50 9 
0 100 3 
0 39 0 
0 38 0 
0 54 0 
0 89 1 
0 42 5 
0 69 0 
0 38 0 
0 51 0 
0 74 3 
0 58 6 
0 43 1 
0 57 0 
0 65 0 
0 68 0 
0 103 7 
0 50 0 
0 101 7 
0 21 0 
0 53 1 
0 50 10 
0 76 19 
0 42 7 
0 99 0 
0 104 0 
0 19 0 
0 47 0 
0 42 0 
0 20 0 
0 28 1 
0 90 0 
0 82 0 
0 25 0 
0 45 0 
0 29 0 
0 64 3 
0 70 0 
0 123 23 
0 38 0 
0 78 0 
0 75 6 
0 51 0 
0 29 1 
0 67 0 
0 27 2 
0 52 0 
0 15 0 
0 38 0 
0 87 5 
0 64 8 
0 45 12 
0 68 0 
0 35 0 
0 66 4 
0 22 0 
0 49 0 
0 49 15 
0 56 0 
0 43 0 
0 32 0 
0 45 2 
0 64 0 
0 150 0 
0 44 0 
0 83 0 
0 33 0 
0 111 0 
0 48 0 
0 45 0 
0 35 8 
0 33 0 
0 29 0 
0 39 4 
0 69 0 
0 61 0 
0 37 0 
0 51 0 
0 49 7 
0 65 0 
0 54 0 
0 67 20 
0 42 0 
0 56 9 
0 67 0 
0 69 2 
0 48 0 
0 66 0 
0 56 1 
0 47 6 
0 23 0 
0 47 8 
0 31 1 
0 71 0 
0 57 0 
0 55 0 
0 66 1 
0 70 1 
0 83 10 
0 60 0 
0 19 0 
0 64 0 
0 52 0 
0 64 0 
0 61 4 
0 116 0 
0 90 0 
0 56 0 
0 51 0 
0 65 0 
0 23 0 
0 76 13 
0 87 1 
0 53 7 
0 61 0 
0 43 4 
0 56 3 
0 45 0 
0 95 2 
0 85 5 
0 68 0 
0 135 0 
0 18 0 
0 42 0 
0 61 6 
0 80 0 
0 71 11 
0 59 1 
0 38 0 
0 61 0 
0 78 2 
0 39 0 
0 63 3 
0 45 0 
0 78 1 
0 46 11 
0 67 0 
0 54 0 
0 79 0 
0 72 5 
0 57 1 
0 82 3 
0 30 0 
0 104 0 
0 29 0 
0 66 0 
0 102 0 
0 133 0 
0 65 0 
0 101 0 
0 14 0 
0 108 0 
0 60 2 
0 36 0 
0 35 0 
0 45 0 
0 48 0 
0 68 2 
0 69 0 
0 49 5 
0 32 0 
0 48 0 
0 62 0 
0 44 1 
0 73 2 
0 60 4 
0 82 7 
0 94 5 
0 40 1 
0 71 5 
0 34 0 
0 30 1 
0 42 0 
0 45 1 
0 48 11 
0 57 0 
0 74 0 
0 74 0 
0 83 0 
0 67 0 
0 37 9 
0 62 9 
0 29 0 
0 47 0 
0 106 5 
0 64 0 
0 23 0 
0 63 0 
0 38 8 
0 17 0 
0 146 7 
0 23 8 
0 77 0 
0 67 0 
0 59 1 
0 25 0 
0 37 11 
0 44 0 
0 69 1 
0 65 0 
0 10 0 
0 58 0 
0 28 3 
0 48 0 
0 61 0 
0 77 6 
0 70 1 
0 109 5 
0 43 4 
0 56 0 
0 54 5 
0 63 3 
0 111 1 
0 64 0 
0 57 0 
0 26 0 
0 78 0 
0 61 0 
0 76 0 
0 66 1 
0 75 0 
0 67 0 
0 59 0 
0 32 0 
0 112 14 
0 79 0 
0 22 0 
0 83 7 
0 76 0 
0 63 2 
0 94 0 
0 97 0 
0 54 0 
0 65 6 
0 60 0 
0 51 0 
0 56 0 
0 108 0 
0 57 7 
0 66 0 
0 58 0 
0 76 0 
0 84 4 
0 24 0 
0 40 11 
0 55 1 
0 57 0 
0 110 0 
0 86 0 
0 46 3 
0 68 7 
0 58 0 
0 14 0 
0 109 6 
0 83 5 
0 84 2 
0 66 2 
0 28 7 
0 33 0 
0 40 6 
0 81 0 
0 58 0 
0 94 0 
0 57 0 
0 74 0 
0 49 0 
0 29 0 
0 74 14 
0 63 0 
0 51 0 
0 49 16 
0 29 0 
0 27 3 
0 60 6 
0 99 0 
0 43 0 
0 58 0 
0 77 0 
0 76 0 
0 32 1 
0 45 2 
0 90 7 
0 69 3 
0 47 0 
0 83 2 
0 41 0 
0 54 0 
0 45 0 
0 36 0 
0 27 0 
0 47 7 
0 21 0 
0 46 1 
0 107 1 
0 50 0 
0 79 12 
0 67 0 
0 32 0 
0 57 0 
0 49 2 
0 69 0 
0 97 2 
0 68 0 
0 75 3 
0 59 19 
0 105 0 
0 117 1 
0 109 4 
0 77 0 
0 59 3 
0 51 0 
0 53 0 
0 28 0 
0 145 0 
0 38 11 
0 52 1 
0 30 0 
0 78 18 
0 41 9 
0 112 12 
0 65 0 
0 56 0 
0 23 0 
0 71 4 
0 65 2 
0 59 0 
0 40 4 
0 54 3 
0 37 0 
0 109 18 
0 26 0 
0 66 0 
0 65 5 
0 95 0 
0 10 0 
0 50 0 
0 79 0 
0 73 0 
0 33 0 
0 31 0 
0 63 2 
0 93 5 
0 33 0 
0 79 0 
0 39 0 
0 35 0 
0 55 6 
0 70 4 
0 30 0 
0 67 15 
0 33 0 
0 56 0 
0 29 0 
0 68 0 
0 71 3 
0 38 0 
0 72 2 
0 60 2 
0 47 0 
0 70 0 
0 95 4 
0 112 0 
0 69 2 
0 45 3 
0 63 0 
0 66 0 
0 39 0 
0 55 1 
0 95 7 
0 54 0 
0 65 0 
0 81 3 
0 144 0 
0 21 6 
0 78 0 
0 50 1 
0 48 0 
0 48 0 
0 55 0 
0 22 3 
0 35 0 
0 56 0 
0 51 0 
0 34 8 
0 82 1 
0 52 0 
0 31 0 
0 63 0 
