97 363 89 0 0 
160 79 68 0 0 
189 273 84 0 0 
24 227 6 0 0 
83 255 24 0 0 
8 326 84 0 0 
76 228 72 0 0 
134 169 80 0 0 
147 147 35 0 0 
121 256 66 0 0 
113 281 64 0 0 
208 214 81 1 0 
79 297 69 1 0 
146 258 48 0 0 
223 263 42 0 0 
265 228 75 0 0 
97 323 57 0 0 
140 324 45 0 0 
185 131 49 0 0 
126 198 59 0 0 
150 177 25 0 0 
147 277 53 0 0 
131 189 1 0 0 
98 304 29 0 0 
123 190 21 0 0 
160 330 17 0 0 
117 302 49 1 0 
208 292 20 0 0 
133 229 140 2 0 
89 185 53 0 0 
105 214 64 0 0 
78 186 49 0 0 
30 251 121 1 0 
236 160 44 0 0 
273 125 53 1 0 
135 288 36 0 0 
51 245 58 0 0 
80 168 74 0 0 
47 278 89 0 0 
248 215 77 0 0 
121 265 23 1 0 
50 245 18 0 0 
39 199 41 0 0 
88 267 64 0 0 
66 243 62 0 0 
62 308 32 1 0 
124 274 93 0 0 
51 273 108 0 0 
103 197 26 0 0 
115 239 88 0 0 
60 229 62 0 0 
114 210 83 0 0 
177 220 53 0 0 
101 166 57 8 0 
147 184 41 0 0 
136 209 18 6 0 
94 344 66 11 0 
87 233 3 33 0 
53 382 46 1 0 
46 209 43 0 0 
149 342 33 0 0 
118 223 15 0 0 
70 237 34 0 0 
50 335 35 1 0 
80 227 159 8 0 
61 228 29 0 0 
135 236 63 0 0 
110 108 105 16 0 
178 177 98 0 0 
127 327 68 82 0 
179 225 22 0 0 
96 306 17 0 0 
155 105 45 43 0 
19 312 106 0 0 
79 233 98 0 0 
122 170 41 2 0 
85 263 51 0 0 
113 225 32 0 0 
31 285 74 0 0 
159 156 57 0 0 
63 312 33 0 0 
99 150 94 0 0 
15 289 77 0 0 
126 237 129 36 0 
30 360 64 44 0 
250 177 57 0 0 
105 361 24 0 0 
174 204 81 0 0 
51 220 79 0 0 
159 217 63 0 0 
132 232 43 0 0 
107 140 25 0 0 
273 171 14 1 0 
80 260 41 0 0 
88 172 63 2 0 
66 302 95 0 0 
103 215 36 0 0 
96 227 165 54 0 
152 175 44 0 0 
90 277 36 3 0 
49 215 46 0 0 
126 239 24 0 0 
263 212 23 0 0 
174 212 15 49 0 
151 216 20 10 0 
67 226 36 0 0 
176 293 43 0 0 
67 206 129 18 0 
111 252 16 0 0 
174 275 14 0 0 
194 177 54 0 0 
191 230 37 10 0 
87 220 66 0 0 
116 239 65 0 0 
126 275 14 0 0 
181 223 41 0 0 
168 177 60 1 0 
102 218 63 0 0 
64 243 60 0 0 
95 270 54 3 0 
118 266 140 4 0 
136 329 40 0 0 
250 146 63 0 0 
146 278 43 0 0 
115 232 82 2 0 
114 138 79 0 0 
95 270 33 0 0 
152 272 39 0 0 
140 131 113 0 0 
156 245 58 2 0 
212 149 58 4 0 
142 216 15 0 0 
165 219 23 0 0 
148 184 39 0 0 
52 192 94 0 0 
122 323 41 0 0 
180 182 51 0 0 
176 384 35 22 0 
152 204 14 0 0 
111 223 38 6 0 
96 280 21 0 0 
168 182 63 0 0 
150 180 43 0 0 
135 189 31 31 0 
38 216 59 0 0 
91 313 22 0 0 
154 195 40 0 0 
108 248 10 0 0 
87 221 100 14 0 
60 210 76 0 0 
206 126 55 5 0 
157 179 90 3 0 
131 190 39 0 0 
128 284 28 0 0 
19 189 18 0 0 
91 202 141 0 0 
171 242 57 0 0 
132 298 15 0 0 
175 136 33 0 0 
142 244 92 0 0 
127 179 53 0 0 
124 216 101 0 0 
219 247 120 0 0 
138 127 33 0 0 
156 152 26 0 0 
178 242 48 9 0 
147 161 141 14 0 
132 139 59 7 0 
153 211 105 18 0 
82 229 36 50 0 
127 208 25 10 0 
125 153 72 10 0 
45 246 57 1 0 
131 160 33 0 0 
95 241 86 3 0 
141 219 56 0 0 
174 211 55 7 0 
131 224 37 0 0 
142 239 71 0 0 
143 284 73 0 0 
137 227 31 0 0 
214 138 73 0 0 
168 178 51 0 0 
90 203 12 0 0 
146 256 77 3 0 
68 164 44 0 0 
139 273 6 0 0 
99 320 32 0 0 
111 277 7 0 0 
50 176 52 13 0 
112 310 47 4 0 
157 236 105 0 0 
33 297 92 0 0 
175 271 51 0 0 
136 368 35 0 0 
136 216 67 1 0 
128 183 109 3 0 
192 205 27 0 0 
117 211 80 0 0 
178 126 67 0 0 
104 330 29 0 0 
150 327 35 1 0 
63 312 42 0 0 
148 273 36 0 0 
133 286 6 1 0 
65 97 53 2 0 
54 147 33 0 0 
137 225 22 0 0 
170 187 28 3 0 
75 282 48 9 0 
44 265 120 0 0 
93 328 51 0 0 
81 238 53 2 0 
72 256 80 2 0 
154 182 36 0 0 
93 166 52 11 0 
186 248 7 0 0 
105 253 21 0 0 
212 196 56 0 0 
25 347 12 0 0 
41 323 49 0 0 
117 165 70 0 0 
127 247 28 0 0 
193 211 45 1 0 
265 230 56 0 0 
75 240 83 16 0 
96 343 45 11 0 
56 191 60 0 0 
99 176 42 8 0 
114 174 37 0 0 
251 111 126 0 0 
108 271 12 0 0 
69 306 30 0 0 
78 198 65 13 0 
171 158 60 0 0 
139 229 81 0 0 
73 217 57 0 0 
167 220 94 0 0 
35 224 8 7 0 
196 167 78 0 0 
101 272 45 8 0 
230 204 49 0 0 
69 307 52 0 0 
41 203 48 24 0 
113 309 34 0 0 
43 251 46 0 0 
105 238 105 0 0 
110 262 63 0 0 
133 276 69 0 0 
152 260 13 1 0 
155 314 23 0 0 
213 283 60 0 0 
117 196 32 0 0 
85 216 32 3 0 
199 308 76 0 0 
85 170 92 0 0 
150 191 49 0 0 
132 141 151 0 0 
179 152 66 3 0 
135 222 95 0 0 
49 239 57 1 0 
126 374 34 2 0 
139 199 48 10 0 
117 206 53 0 0 
110 128 132 0 0 
146 256 80 0 0 
215 271 26 2 0 
171 259 66 0 0 
204 139 48 0 0 
190 131 76 0 0 
128 231 90 0 0 
297 163 12 1 0 
200 249 18 6 0 
88 228 51 0 0 
121 265 54 5 0 
153 266 9 0 0 
93 348 38 1 0 
59 254 6 0 0 
74 151 112 4 0 
265 185 94 0 0 
101 350 42 0 0 
134 224 42 0 0 
106 155 107 27 0 
115 169 35 0 0 
98 312 47 0 0 
60 265 103 0 0 
198 201 45 1 0 
88 295 61 0 0 
173 168 17 0 0 
87 146 98 0 0 
207 179 73 0 0 
138 196 102 0 0 
122 262 11 0 0 
96 233 45 0 0 
126 307 80 8 0 
35 292 42 0 0 
108 164 59 0 0 
143 197 54 0 0 
121 447 65 20 0 
142 138 31 0 0 
219 212 55 3 0 
63 369 33 0 0 
221 171 137 0 0 
43 266 52 0 0 
95 223 117 13 0 
144 250 32 0 0 
210 130 89 0 0 
200 221 18 0 0 
132 275 18 0 0 
28 212 47 8 0 
78 116 52 0 0 
48 159 182 0 0 
116 264 6 0 0 
75 332 36 0 0 
139 173 73 7 0 
138 234 47 1 0 
157 145 67 24 0 
216 142 24 0 0 
116 183 59 19 0 
233 190 62 0 0 
110 222 64 0 0 
115 288 53 0 0 
139 171 37 0 0 
116 143 0 0 0 
140 259 104 0 0 
52 328 44 0 0 
166 182 51 1 0 
219 88 106 1 0 
109 258 95 8 0 
114 249 52 0 0 
91 271 25 0 0 
187 169 64 0 0 
147 255 43 40 0 
94 238 63 0 0 
98 198 83 11 0 
156 145 31 0 0 
188 156 44 1 0 
90 356 9 3 0 
210 150 89 0 0 
110 193 33 0 0 
168 152 28 0 0 
135 170 38 0 0 
66 338 68 0 0 
142 295 30 0 0 
88 208 75 42 0 
127 179 30 0 0 
79 335 18 0 0 
133 199 28 1 0 
199 159 25 4 0 
107 220 139 0 0 
147 256 80 0 0 
112 260 52 2 0 
127 321 17 0 0 
74 316 53 0 0 
208 189 10 0 0 
119 209 80 1 0 
76 169 75 5 0 
55 172 56 4 0 
196 308 15 0 0 
194 205 94 0 0 
59 276 42 6 0 
207 267 12 0 0 
102 175 70 0 0 
106 254 86 0 0 
173 117 64 24 0 
165 289 12 9 0 
80 183 127 0 0 
62 418 65 0 0 
138 199 8 0 0 
129 242 79 36 0 
83 255 61 0 0 
165 294 22 0 0 
129 260 47 0 0 
114 266 14 0 0 
92 253 45 25 0 
116 217 125 0 0 
34 256 72 0 0 
44 229 142 0 0 
99 240 85 2 0 
106 207 155 0 0 
84 230 31 0 0 
124 136 90 0 0 
141 403 24 0 0 
170 354 31 0 0 
83 264 54 0 0 
113 235 34 0 0 
150 212 69 4 0 
98 228 61 0 0 
90 275 25 1 0 
152 239 119 0 0 
181 334 27 9 0 
170 160 29 0 0 
73 260 117 0 0 
135 311 46 0 0 
98 262 62 0 0 
167 288 34 0 0 
113 247 21 8 0 
101 262 1 0 0 
146 174 108 0 0 
155 220 46 0 0 
155 232 31 16 0 
201 98 122 0 0 
116 175 106 4 0 
116 198 89 0 0 
122 267 37 0 0 
79 246 76 0 0 
135 315 5 0 0 
211 173 53 0 0 
170 224 41 0 0 
66 245 57 0 0 
119 310 77 0 0 
70 298 2 2 0 
150 168 141 1 0 
155 227 13 0 0 
67 190 52 0 0 
106 203 70 0 0 
96 271 129 4 0 
104 273 90 0 0 
161 157 92 0 0 
113 129 63 0 0 
31 256 102 0 0 
107 265 32 0 0 
201 192 20 0 0 
85 250 81 0 0 
99 229 53 0 0 
83 231 64 4 0 
212 137 180 0 0 
178 190 41 30 0 
68 293 86 0 0 
77 189 91 11 0 
134 224 52 0 0 
94 271 121 0 0 
131 242 94 0 0 
61 198 81 5 0 
54 184 129 0 0 
146 254 56 0 0 
222 213 40 17 0 
128 266 37 0 0 
168 162 14 4 0 
99 304 18 0 0 
129 157 24 11 0 
148 227 11 0 0 
94 247 51 1 0 
135 276 53 0 0 
132 200 41 11 0 
45 211 103 7 0 
146 244 35 1 0 
175 274 28 18 0 
223 245 49 0 0 
163 204 34 0 0 
92 332 93 0 0 
82 240 31 11 0 
139 252 30 0 0 
202 136 83 0 0 
117 239 52 4 0 
193 301 74 0 0 
100 180 50 0 0 
87 197 53 0 0 
135 273 23 0 0 
140 264 34 35 0 
109 197 50 31 0 
243 278 76 1 0 
169 302 28 0 0 
174 200 34 0 0 
117 237 44 0 0 
114 230 50 0 0 
136 249 39 0 0 
126 204 110 0 0 
121 282 70 0 0 
106 261 44 0 0 
142 139 56 2 0 
107 227 57 1 0 
88 287 53 0 0 
142 136 19 14 0 
123 273 80 0 0 
174 156 61 1 0 
116 201 77 0 0 
92 318 51 8 0 
96 325 36 0 0 
173 134 89 0 0 
172 115 58 33 0 
112 208 50 0 0 
130 215 63 0 0 
51 190 55 0 0 
90 270 25 0 0 
71 240 24 8 0 
143 205 21 0 0 
91 237 80 0 0 
117 256 106 3 0 
96 299 37 0 0 
232 186 49 0 0 
96 268 88 0 0 
139 247 9 0 0 
139 123 23 0 0 
121 345 62 0 0 
186 242 56 11 0 
76 212 68 0 0 
166 298 46 0 0 
121 214 92 0 0 
104 207 46 13 0 
176 273 27 0 0 
175 165 64 0 0 
86 244 19 11 0 
149 240 42 1 0 
150 140 108 0 0 
102 210 8 0 0 
116 316 85 0 0 
86 257 106 0 0 
54 277 101 12 0 
135 254 54 10 0 
169 223 49 0 0 
180 197 59 1 0 
119 336 59 0 0 
97 295 59 0 0 
135 242 41 22 0 
145 175 48 0 0 
121 289 47 0 0 
150 181 51 0 0 
97 174 54 1 0 
61 266 70 8 0 
115 293 52 0 0 
163 137 14 0 0 
136 232 21 0 0 
144 170 38 0 0 
256 248 29 17 0 
183 292 1 0 0 
195 322 35 5 0 
136 224 56 0 0 
155 321 14 0 0 
184 245 52 4 0 
44 280 75 0 0 
127 240 8 7 0 
117 169 15 19 0 
83 279 17 0 0 
73 266 41 0 0 
86 278 15 0 0 
109 223 47 0 0 
84 205 21 2 0 
101 240 82 1 0 
157 105 48 0 0 
178 210 92 0 0 
114 224 166 0 0 
172 319 72 6 0 
108 235 55 20 0 
80 287 49 0 0 
70 330 73 0 0 
138 179 62 9 0 
83 390 25 0 0 
65 311 30 0 0 
198 198 94 0 0 
148 289 53 0 0 
69 256 21 0 0 
192 181 19 0 0 
42 222 54 27 0 
138 220 122 0 0 
183 235 68 0 0 
90 304 65 0 0 
88 169 84 5 0 
150 285 43 0 0 
130 312 76 0 0 
160 157 32 1 0 
142 304 34 4 0 
127 176 40 0 0 
198 189 53 0 0 
135 185 25 0 0 
159 213 33 0 0 
57 243 35 0 0 
140 209 86 15 0 
71 318 47 0 0 
132 330 62 0 0 
102 146 42 9 0 
184 173 87 0 0 
141 249 69 0 0 
112 295 20 0 0 
42 371 63 0 0 
167 155 68 10 0 
142 102 73 0 0 
125 291 4 0 0 
101 393 59 0 0 
144 155 126 1 0 
69 272 48 0 0 
127 133 139 18 0 
91 212 21 2 0 
155 269 60 0 0 
191 322 63 0 0 
168 286 56 0 0 
113 193 24 0 0 
76 201 110 0 0 
120 229 42 0 0 
203 225 51 0 0 
64 274 61 17 0 
91 309 37 0 0 
116 144 71 0 0 
245 174 64 0 0 
92 243 35 0 0 
96 219 128 10 0 
149 176 35 0 0 
118 262 58 0 0 
57 347 40 1 0 
87 140 62 0 0 
157 234 50 0 0 
162 273 61 0 0 
149 316 10 0 0 
145 258 65 17 0 
45 187 83 0 0 
124 346 40 0 0 
129 148 100 0 0 
213 187 58 0 0 
66 174 127 0 0 
184 274 29 0 0 
98 206 66 0 0 
81 294 23 0 0 
194 297 19 0 0 
127 339 30 0 0 
98 253 49 11 0 
129 174 27 0 0 
135 166 33 0 0 
166 255 76 0 0 
241 86 19 0 0 
122 125 103 0 0 
193 284 89 0 0 
176 235 25 0 0 
138 218 42 0 0 
160 229 21 0 0 
209 184 51 0 0 
82 126 103 0 0 
100 270 53 0 0 
113 280 65 0 0 
142 253 120 12 0 
79 258 77 0 0 
230 187 36 0 0 
202 182 65 0 0 
108 211 44 0 0 
86 158 27 0 0 
68 295 121 7 0 
134 282 25 0 0 
52 352 107 0 0 
148 177 103 0 0 
141 269 35 1 0 
90 241 17 6 0 
115 263 24 0 0 
48 221 62 0 0 
129 232 50 0 0 
73 271 58 1 0 
224 317 41 0 0 
88 250 25 0 0 
181 179 51 0 0 
133 156 67 0 0 
31 228 120 0 0 
140 288 77 0 0 
96 241 62 0 0 
192 194 61 0 0 
110 177 49 0 0 
72 356 16 0 0 
109 231 29 4 0 
120 201 83 1 0 
160 226 128 0 0 
217 301 67 0 0 
129 197 55 0 0 
72 234 130 0 0 
153 170 68 0 0 
166 212 26 13 0 
157 255 66 0 0 
102 281 49 34 0 
65 180 120 0 0 
107 262 95 0 0 
114 198 95 0 0 
175 139 65 0 0 
167 168 57 24 0 
94 226 24 0 0 
168 97 130 0 0 
95 220 73 0 0 
191 185 21 0 0 
110 229 134 0 0 
162 263 89 0 0 
124 268 38 0 0 
262 249 0 1 0 
78 254 55 1 0 
152 199 55 15 0 
156 199 32 12 0 
203 197 37 4 0 
66 224 84 4 0 
97 305 21 1 0 
127 214 19 18 0 
61 259 10 0 0 
143 189 8 0 0 
112 194 72 20 0 
99 256 52 0 0 
326 101 69 4 0 
121 211 49 0 0 
112 199 4 0 0 
171 201 24 1 0 
114 199 89 0 0 
147 286 61 0 0 
143 176 96 16 0 
113 264 71 0 0 
67 253 41 0 0 
128 231 47 0 0 
199 265 8 7 0 
126 246 74 46 0 
153 242 32 0 0 
73 241 64 0 0 
231 190 53 14 0 
53 327 47 21 0 
177 264 44 0 0 
108 220 60 0 0 
206 158 88 0 0 
85 238 56 0 0 
91 187 61 0 0 
166 227 50 0 0 
114 194 11 1 0 
91 195 60 0 0 
102 248 65 0 0 
90 242 53 0 0 
70 275 33 0 0 
157 112 55 11 0 
139 288 28 0 0 
63 284 49 0 0 
105 259 41 0 0 
121 138 42 0 0 
138 178 63 0 0 
112 214 71 0 0 
204 203 15 0 0 
142 229 35 0 0 
210 228 16 0 0 
26 359 29 0 0 
130 272 33 0 0 
89 268 50 0 0 
105 291 47 0 0 
76 138 173 0 0 
161 326 51 1 0 
129 262 163 0 0 
27 285 65 0 0 
255 125 15 6 0 
231 187 24 0 0 
55 203 62 3 0 
95 236 87 0 0 
213 173 40 0 0 
150 226 17 0 0 
53 157 76 6 0 
113 359 48 0 0 
164 288 10 0 0 
126 181 22 0 0 
167 224 38 0 0 
217 168 39 4 0 
82 251 42 0 0 
201 101 133 0 0 
101 141 187 0 0 
199 321 116 0 0 
89 251 31 0 0 
144 208 28 12 0 
91 331 19 0 0 
148 215 82 16 0 
106 181 62 1 0 
49 211 100 60 0 
136 124 156 0 0 
157 234 81 0 0 
94 226 67 2 0 
153 261 69 4 0 
130 204 44 0 0 
192 167 98 0 0 
100 210 75 0 0 
133 160 34 1 0 
54 228 47 0 0 
72 314 26 0 0 
120 151 168 6 0 
63 250 76 0 0 
139 229 30 0 0 
150 203 89 0 0 
147 228 11 10 0 
78 208 52 0 0 
61 209 63 0 0 
59 201 14 0 0 
62 235 59 0 0 
251 184 16 0 0 
151 187 40 0 0 
141 116 90 40 0 
95 215 95 0 0 
191 272 71 0 0 
122 226 100 0 0 
229 157 95 8 0 
139 239 111 10 0 
236 249 37 0 0 
110 243 44 0 0 
87 137 26 0 0 
241 274 5 0 0 
153 219 74 6 0 
101 126 42 0 0 
126 181 40 19 0 
72 183 113 0 0 
92 215 39 0 0 
131 358 10 0 0 
134 235 52 0 0 
199 208 76 0 0 
136 328 50 0 0 
107 262 66 0 0 
86 241 53 0 0 
124 175 94 1 0 
182 300 32 0 0 
174 259 35 0 0 
55 241 95 0 0 
154 207 57 17 0 
135 204 83 0 0 
162 254 18 10 0 
143 261 55 12 0 
127 313 45 2 0 
105 121 102 0 0 
264 160 19 1 0 
81 237 69 0 0 
167 170 58 1 0 
174 164 75 0 0 
111 213 64 0 0 
173 288 42 28 0 
135 205 18 0 0 
85 146 38 0 0 
85 200 71 0 0 
99 176 40 0 0 
79 210 31 0 0 
214 227 41 1 0 
273 185 27 0 0 
88 301 103 0 0 
93 196 69 2 0 
113 284 27 0 0 
194 232 37 0 0 
37 255 53 4 0 
114 195 50 0 0 
117 247 56 4 0 
123 178 83 0 0 
129 270 66 0 0 
123 196 47 0 0 
78 219 21 0 0 
100 282 37 0 0 
107 191 30 0 0 
125 189 46 0 0 
171 231 36 0 0 
97 180 81 0 0 
67 223 85 10 0 
49 229 63 24 0 
108 178 60 10 0 
186 180 54 0 0 
41 279 37 0 0 
18 300 42 12 0 
145 214 57 0 0 
100 248 51 0 0 
60 316 91 0 0 
123 226 61 0 0 
86 309 48 0 0 
190 180 20 4 0 
152 190 9 0 0 
47 326 40 0 0 
91 217 66 12 0 
164 288 47 0 0 
134 185 61 0 0 
144 284 5 0 0 
130 187 22 0 0 
171 209 75 4 0 
86 279 82 0 0 
117 258 84 0 0 
168 222 47 0 0 
230 193 35 4 0 
117 200 24 0 0 
140 200 16 0 0 
92 275 32 3 0 
76 287 102 11 0 
92 299 10 0 0 
119 206 82 0 0 
181 165 66 3 0 
129 226 37 0 0 
81 240 30 34 0 
165 225 100 0 0 
141 208 72 0 0 
181 290 12 0 0 
92 233 148 0 0 
131 229 93 0 0 
137 236 17 0 0 
142 307 1 0 0 
93 279 79 0 0 
71 276 43 0 0 
74 183 23 13 0 
76 204 25 0 0 
114 254 44 0 0 
57 217 89 20 0 
121 261 16 11 0 
79 279 38 0 0 
45 336 28 0 0 
73 315 108 0 0 
36 267 30 0 0 
182 171 14 0 0 
117 296 44 21 0 
85 286 56 14 0 
120 221 94 0 0 
79 254 20 0 0 
71 186 22 0 0 
189 165 37 0 0 
179 190 59 0 0 
97 385 47 0 0 
227 379 23 0 0 
146 262 30 0 0 
96 169 58 12 0 
128 156 95 0 0 
80 207 84 0 0 
162 213 26 0 0 
124 265 104 8 0 
67 216 68 4 0 
86 281 57 0 0 
62 249 36 0 0 
130 222 47 0 0 
90 268 75 2 0 
174 313 65 2 0 
100 122 109 2 0 
59 188 26 0 0 
37 281 150 4 0 
134 174 69 0 0 
104 224 36 0 0 
94 264 50 9 0 
147 282 15 14 0 
120 461 23 0 0 
179 235 13 0 0 
149 255 24 1 0 
92 297 21 0 0 
210 211 55 26 0 
48 256 55 20 0 
182 263 189 0 0 
173 253 1 0 0 
99 194 43 0 0 
213 167 30 0 0 
68 205 41 20 0 
155 215 48 0 0 
80 240 41 0 0 
121 239 13 0 0 
102 260 70 0 0 
186 184 59 0 0 
106 158 43 0 0 
93 186 66 1 0 
94 224 104 0 0 
81 157 92 8 0 
93 238 3 12 0 
96 236 9 0 0 
79 155 92 0 0 
137 140 65 0 0 
127 203 40 0 0 
148 206 45 0 0 
110 269 35 0 0 
53 259 47 0 0 
111 306 95 0 0 
131 218 45 0 0 
172 188 116 0 0 
105 222 83 2 0 
112 174 111 2 0 
154 149 50 2 0 
123 272 54 0 0 
165 164 51 0 0 
130 260 25 0 0 
74 296 48 0 0 
81 237 37 0 0 
136 246 60 0 0 
65 212 69 0 0 
141 165 43 3 0 
128 326 43 0 0 
71 201 38 0 0 
128 233 49 0 0 
190 245 20 0 0 
119 199 72 0 0 
104 203 43 0 0 
61 283 46 0 0 
140 136 40 0 0 
79 215 69 0 0 
170 213 22 2 0 
56 212 84 1 0 
92 246 66 0 0 
89 290 83 13 0 
82 219 62 2 0 
183 161 19 3 0 
165 203 196 4 0 
85 241 48 9 0 
74 293 22 11 0 
173 212 70 0 0 
159 147 53 1 0 
176 175 60 0 0 
186 191 28 0 0 
102 303 90 6 0 
78 265 61 0 0 
157 134 65 0 0 
120 269 72 0 0 
73 190 48 0 0 
115 194 39 5 0 
133 238 46 0 0 
152 210 83 0 0 
148 176 60 10 0 
117 156 62 2 0 
252 189 18 0 0 
71 165 50 3 0 
113 254 76 6 0 
44 218 24 0 0 
163 314 54 0 0 
77 326 35 9 0 
97 287 55 0 0 
25 288 65 0 0 
139 212 19 6 0 
75 230 46 3 0 
