12 447 36 0 0 
12 471 21 0 0 
41 416 0 0 0 
26 323 11 0 0 
31 425 27 0 0 
34 430 36 0 0 
18 448 24 0 0 
61 358 16 0 0 
27 465 56 0 0 
43 628 36 0 0 
59 366 8 0 0 
37 464 3 0 0 
17 404 23 0 0 
55 464 30 0 0 
21 521 24 0 0 
70 514 59 0 0 
15 447 0 0 0 
54 556 36 0 0 
45 468 11 0 0 
23 362 74 0 0 
37 527 23 0 0 
16 429 45 0 0 
59 415 55 0 0 
54 388 35 0 0 
11 438 41 0 0 
51 306 1 0 0 
11 443 24 0 0 
35 550 28 0 0 
72 398 4 0 0 
7 466 22 0 0 
11 549 10 0 0 
35 431 48 0 0 
43 438 17 0 0 
24 321 13 0 0 
46 289 69 0 0 
94 423 21 0 0 
2 522 8 0 0 
94 433 20 0 0 
41 339 43 0 0 
62 412 40 0 0 
22 500 10 0 0 
28 399 45 0 0 
12 498 21 0 0 
41 321 10 0 0 
22 373 45 0 0 
20 387 44 0 0 
54 373 89 0 0 
23 333 18 0 0 
74 462 11 0 0 
13 533 23 0 0 
20 482 7 0 0 
19 449 42 0 0 
61 370 40 0 0 
97 352 11 0 0 
7 524 15 0 0 
75 405 20 0 0 
36 425 8 0 0 
25 359 25 0 0 
111 457 24 0 0 
11 393 27 0 0 
22 399 16 0 0 
33 518 36 0 0 
49 375 30 0 0 
25 504 5 0 0 
68 442 9 0 0 
39 456 47 0 0 
79 431 8 0 0 
23 465 12 0 0 
21 457 47 0 0 
44 469 55 0 0 
23 461 62 0 0 
69 427 49 0 0 
22 435 5 0 0 
16 422 7 0 0 
18 406 19 0 0 
83 397 30 0 0 
31 322 5 0 0 
20 510 15 0 0 
89 380 8 0 0 
53 348 2 0 0 
77 330 83 0 0 
122 467 15 0 0 
25 383 12 0 0 
58 396 30 0 0 
29 463 8 0 0 
21 397 16 0 0 
17 453 53 0 0 
34 369 12 0 0 
42 462 27 0 0 
9 432 22 0 0 
93 411 15 0 0 
3 472 48 0 0 
43 434 26 0 0 
29 507 2 0 0 
31 385 67 0 0 
23 467 25 0 0 
59 479 24 0 0 
23 445 53 0 0 
42 467 35 0 0 
2 431 50 0 0 
49 353 13 0 0 
29 376 58 0 0 
39 476 29 0 0 
2 512 5 0 0 
43 343 23 0 0 
39 457 41 0 0 
24 447 28 0 0 
58 438 55 0 0 
30 451 28 0 0 
63 425 32 0 0 
33 379 75 0 0 
83 400 31 0 0 
24 307 75 0 0 
51 563 38 0 0 
56 368 71 0 0 
11 425 9 0 0 
70 413 34 0 0 
33 444 23 0 0 
28 449 43 0 0 
21 509 35 0 0 
60 418 78 0 0 
28 512 48 0 0 
32 387 60 0 0 
51 512 8 0 0 
32 487 32 0 0 
35 522 23 0 0 
24 446 46 0 0 
47 360 14 0 0 
136 413 57 0 0 
23 465 23 0 0 
10 546 13 0 0 
132 341 8 0 0 
51 489 27 0 0 
12 491 44 0 0 
71 432 27 0 0 
8 267 31 0 0 
8 442 48 0 0 
46 435 27 0 0 
53 518 13 0 0 
33 398 26 0 0 
54 490 34 0 0 
7 366 10 0 0 
49 362 18 0 0 
15 432 46 0 0 
24 552 13 0 0 
23 496 24 0 0 
10 543 26 0 0 
28 459 24 0 0 
31 391 88 0 0 
43 370 23 0 0 
80 545 31 0 0 
17 523 13 0 0 
31 327 67 0 0 
44 394 13 0 0 
39 390 23 0 0 
6 442 31 0 0 
76 452 13 0 0 
38 504 47 0 0 
34 458 1 0 0 
18 458 5 0 0 
23 386 2 0 0 
70 355 8 0 0 
4 545 26 0 0 
28 475 39 0 0 
2 375 38 0 0 
46 578 44 0 0 
29 292 28 0 0 
13 381 25 0 0 
75 410 39 0 0 
32 412 43 0 0 
17 430 23 0 0 
13 370 16 0 0 
26 529 10 0 0 
11 451 14 0 0 
60 416 33 0 0 
28 425 36 0 0 
21 459 21 0 0 
45 448 32 0 0 
49 336 43 0 0 
28 313 32 0 0 
59 418 57 0 0 
72 480 44 0 0 
56 363 23 0 0 
34 502 25 0 0 
79 359 39 0 0 
32 368 17 0 0 
56 384 17 0 0 
36 385 37 0 0 
38 423 22 0 0 
53 525 29 0 0 
26 461 18 0 0 
27 372 22 0 0 
3 536 25 0 0 
84 439 29 0 0 
1 482 28 0 0 
52 409 30 0 0 
14 438 2 0 0 
23 369 41 0 0 
26 445 26 0 0 
80 366 22 0 0 
29 443 33 0 0 
23 463 64 0 0 
42 370 118 0 0 
30 379 28 0 0 
63 372 21 0 0 
17 407 12 0 0 
12 401 11 0 0 
6 490 15 0 0 
14 479 2 0 0 
44 330 4 0 0 
59 477 54 0 0 
10 436 69 0 0 
109 445 21 0 0 
20 476 1 0 0 
94 335 30 0 0 
21 437 23 0 0 
18 403 62 0 0 
40 473 20 0 0 
77 381 29 0 0 
72 384 38 0 0 
32 427 25 0 0 
5 452 17 0 0 
62 495 12 0 0 
32 338 24 0 0 
12 499 24 0 0 
36 449 30 0 0 
14 538 11 0 0 
29 491 30 0 0 
39 436 37 0 0 
7 350 88 0 0 
23 439 22 0 0 
34 403 38 0 0 
11 463 27 0 0 
65 431 42 0 0 
38 444 22 0 0 
55 367 46 0 0 
50 341 22 0 0 
24 534 9 0 0 
16 407 57 0 0 
18 309 54 0 0 
62 460 19 0 0 
19 416 20 0 0 
25 349 50 0 0 
15 401 40 0 0 
17 470 62 0 0 
33 383 52 0 0 
38 366 22 0 0 
15 402 27 0 0 
31 415 10 0 0 
58 421 27 0 0 
29 434 55 0 0 
2 430 14 0 0 
45 493 1 0 0 
30 411 50 0 0 
58 357 21 0 0 
16 403 29 0 0 
77 324 46 0 0 
18 486 10 0 0 
49 441 1 0 0 
36 403 56 0 0 
34 385 132 0 0 
10 405 18 0 0 
35 446 19 0 0 
6 367 43 0 0 
2 363 27 0 0 
42 453 34 0 0 
23 492 20 0 0 
116 435 7 0 0 
18 538 2 0 0 
41 280 33 0 0 
45 483 5 0 0 
57 427 33 0 0 
81 298 104 0 0 
27 468 15 0 0 
7 501 43 0 0 
71 431 46 0 0 
70 443 3 0 0 
49 384 15 0 0 
35 403 33 0 0 
20 541 10 0 0 
12 494 5 0 0 
31 509 33 0 0 
30 507 19 0 0 
29 466 27 0 0 
42 395 61 0 0 
4 334 45 0 0 
33 449 16 0 0 
31 376 40 0 0 
61 333 36 0 0 
16 320 47 0 0 
54 478 13 0 0 
7 503 15 0 0 
20 478 65 0 0 
13 363 21 0 0 
22 485 1 0 0 
1 497 56 0 0 
43 376 10 0 0 
19 554 21 0 0 
30 401 60 0 0 
64 324 104 0 0 
74 465 37 0 0 
27 508 16 0 0 
60 413 11 0 0 
35 403 61 0 0 
118 442 13 0 0 
12 403 40 0 0 
20 467 32 0 0 
14 459 16 0 0 
56 479 27 0 0 
63 342 34 0 0 
19 460 34 0 0 
30 350 46 0 0 
6 439 23 0 0 
57 440 32 0 0 
47 384 14 0 0 
64 428 3 0 0 
11 434 17 0 0 
17 312 91 0 0 
27 340 70 0 0 
93 480 11 0 0 
48 347 57 0 0 
74 356 50 0 0 
9 465 27 0 0 
15 353 63 0 0 
40 440 41 0 0 
13 438 49 0 0 
36 498 2 0 0 
50 336 25 0 0 
45 444 18 0 0 
42 443 42 0 0 
72 397 29 0 0 
111 519 16 0 0 
37 436 80 0 0 
44 362 30 0 0 
47 384 16 0 0 
23 427 31 0 0 
5 443 36 0 0 
5 488 76 0 0 
27 481 22 0 0 
12 524 37 0 0 
32 362 32 0 0 
44 336 60 0 0 
74 376 46 0 0 
67 301 29 0 0 
49 401 21 0 0 
40 506 18 0 0 
67 486 1 0 0 
52 386 41 0 0 
86 415 39 0 0 
39 438 18 0 0 
11 451 23 0 0 
83 382 41 0 0 
114 379 44 0 0 
18 366 47 0 0 
45 326 15 0 0 
28 358 47 0 0 
23 470 48 0 0 
13 518 36 0 0 
34 435 3 0 0 
5 465 7 0 0 
98 410 13 0 0 
65 350 13 0 0 
57 485 22 0 0 
83 454 6 0 0 
28 438 32 0 0 
39 340 93 0 0 
6 521 34 0 0 
53 456 6 0 0 
27 599 40 0 0 
31 336 66 0 0 
47 436 4 0 0 
15 472 38 0 0 
31 485 7 0 0 
40 378 58 0 0 
59 397 7 0 0 
6 449 22 0 0 
71 430 26 0 0 
17 373 15 0 0 
57 348 44 0 0 
42 429 15 0 0 
30 425 3 0 0 
41 473 63 0 0 
42 498 17 0 0 
63 397 32 0 0 
73 308 22 0 0 
125 398 11 0 0 
25 457 47 0 0 
26 401 29 0 0 
28 366 30 0 0 
70 433 43 0 0 
55 490 5 0 0 
55 519 12 0 0 
7 469 14 0 0 
16 422 23 0 0 
6 543 11 0 0 
34 438 43 0 0 
12 400 23 0 0 
76 430 34 0 0 
35 301 37 0 0 
26 475 6 0 0 
30 403 4 0 0 
120 449 19 0 0 
22 351 56 0 0 
26 428 31 0 0 
35 499 26 0 0 
65 326 44 0 0 
2 579 27 0 0 
33 393 31 0 0 
10 442 16 0 0 
23 429 37 0 0 
29 426 2 0 0 
23 412 26 0 0 
22 383 25 0 0 
25 447 4 0 0 
17 456 48 0 0 
65 421 8 0 0 
16 396 20 14 0 
34 480 9 0 0 
54 476 18 0 0 
52 313 30 0 0 
73 366 0 0 0 
47 337 36 0 0 
6 442 68 0 0 
32 382 31 0 0 
35 460 20 0 0 
11 483 42 0 0 
33 371 50 0 0 
90 399 8 0 0 
34 418 24 0 0 
18 553 14 0 0 
51 449 15 0 0 
54 383 48 0 0 
54 453 40 0 0 
24 484 22 0 0 
14 405 40 0 0 
10 442 26 0 0 
67 439 42 0 0 
34 479 20 0 0 
43 531 11 0 0 
68 440 4 0 0 
84 470 32 0 0 
87 342 3 0 0 
57 456 18 0 0 
9 400 55 0 0 
42 448 34 0 0 
16 397 38 0 0 
31 476 4 0 0 
6 565 12 0 0 
40 363 50 0 0 
30 443 64 0 0 
31 469 50 0 0 
29 469 15 0 0 
11 454 26 0 0 
102 524 0 0 0 
68 409 18 0 0 
57 375 14 0 0 
23 392 91 0 0 
6 580 2 0 0 
59 353 43 0 0 
13 518 17 0 0 
61 369 83 0 0 
0 384 80 0 0 
36 444 84 0 0 
28 575 7 0 0 
0 516 43 0 0 
36 376 24 0 0 
51 471 8 0 0 
14 408 8 0 0 
49 340 8 0 0 
35 401 8 0 0 
26 454 10 0 0 
60 371 2 0 0 
33 421 18 0 0 
84 410 42 7 0 
95 435 10 0 0 
40 439 38 0 0 
14 453 34 0 0 
59 499 14 0 0 
72 533 14 0 0 
86 477 13 0 0 
36 517 5 0 0 
33 482 13 0 0 
80 463 20 0 0 
51 382 25 0 0 
28 509 29 0 0 
35 434 16 0 0 
10 491 37 0 0 
55 239 26 0 0 
8 464 11 0 0 
36 435 5 0 0 
29 300 37 0 0 
119 416 11 0 0 
39 415 30 0 0 
18 438 24 0 0 
66 478 19 0 0 
1 365 17 0 0 
13 468 7 0 0 
39 390 6 0 0 
109 435 48 0 0 
5 470 7 0 0 
20 458 11 0 0 
29 418 57 0 0 
80 398 34 0 0 
44 394 65 0 0 
28 356 15 0 0 
6 412 46 0 0 
36 484 8 0 0 
29 452 19 0 0 
35 350 3 0 0 
61 354 96 0 0 
79 384 24 0 0 
59 538 2 0 0 
12 525 40 0 0 
88 465 47 0 0 
29 477 16 0 0 
7 398 36 0 0 
19 368 36 0 0 
57 482 30 0 0 
60 325 19 0 0 
14 432 25 0 0 
75 435 90 0 0 
53 316 42 0 0 
17 333 35 0 0 
20 531 9 0 0 
25 295 55 0 0 
16 487 11 0 0 
61 515 39 0 0 
30 444 18 0 0 
30 494 71 0 0 
21 421 56 0 0 
43 424 18 0 0 
113 401 5 0 0 
26 453 6 0 0 
32 455 15 0 0 
11 398 12 0 0 
78 382 13 0 0 
55 490 60 0 0 
6 485 37 0 0 
46 368 38 0 0 
4 610 28 0 0 
8 389 19 0 0 
70 303 87 0 0 
27 470 34 0 0 
70 385 27 0 0 
5 388 71 0 0 
20 406 3 0 0 
32 417 54 0 0 
62 522 37 0 0 
38 385 11 0 0 
7 486 21 0 0 
64 448 15 0 0 
35 355 42 0 0 
60 486 32 0 0 
31 518 0 0 0 
8 466 18 0 0 
52 483 14 0 0 
49 405 26 0 0 
20 409 42 0 0 
37 461 44 0 0 
48 408 45 0 0 
161 320 4 0 0 
84 339 12 0 0 
57 392 13 0 0 
14 551 39 0 0 
54 341 15 0 0 
58 470 34 0 0 
33 435 26 0 0 
58 375 62 0 0 
77 424 42 0 0 
26 390 26 0 0 
36 480 41 0 0 
32 445 41 0 0 
42 454 4 0 0 
13 492 16 0 0 
7 468 37 0 0 
9 459 27 0 0 
70 357 39 0 0 
26 539 24 0 0 
9 505 23 0 0 
62 434 22 0 0 
90 385 52 0 0 
78 415 42 0 0 
3 369 39 0 0 
108 428 24 0 0 
41 321 76 0 0 
0 484 28 0 0 
24 394 19 0 0 
14 460 22 0 0 
32 447 43 0 0 
41 293 74 0 0 
32 399 65 0 0 
36 356 24 0 0 
33 451 24 0 0 
31 446 28 0 0 
46 419 34 0 0 
7 363 76 0 0 
30 370 25 0 0 
53 371 55 0 0 
88 504 26 0 0 
12 526 11 0 0 
61 360 81 0 0 
34 491 26 0 0 
34 402 22 0 0 
61 477 41 0 0 
10 430 36 0 0 
11 357 50 0 0 
43 463 3 0 0 
47 328 44 0 0 
21 467 13 0 0 
69 422 37 0 0 
19 394 19 0 0 
34 345 50 0 0 
12 435 25 0 0 
36 483 23 0 0 
12 448 92 0 0 
4 446 27 0 0 
50 506 49 0 0 
43 254 32 0 0 
102 367 15 0 0 
24 477 27 0 0 
26 356 52 0 0 
22 496 39 0 0 
29 412 21 0 0 
76 327 15 0 0 
45 394 35 0 0 
26 449 33 0 0 
42 493 7 0 0 
47 464 12 0 0 
76 398 32 0 0 
104 350 40 0 0 
40 405 31 0 0 
31 459 23 0 0 
33 461 29 0 0 
67 309 9 0 0 
20 528 6 0 0 
75 366 23 0 0 
48 405 53 0 0 
74 565 6 0 0 
117 344 19 0 0 
22 456 29 0 0 
63 422 5 0 0 
12 368 3 0 0 
9 426 78 0 0 
54 425 28 0 0 
18 469 21 0 0 
62 368 141 0 0 
32 482 21 0 0 
35 462 40 0 0 
21 486 21 0 0 
56 396 9 0 0 
55 418 33 0 0 
55 466 23 0 0 
45 369 41 0 0 
34 395 56 0 0 
22 519 25 0 0 
79 319 43 0 0 
77 311 90 0 0 
5 474 17 0 0 
20 433 4 0 0 
45 435 48 0 0 
52 414 17 0 0 
56 431 28 0 0 
36 381 17 0 0 
15 459 5 0 0 
1 433 17 0 0 
23 446 126 0 0 
54 352 25 1 0 
63 482 52 0 0 
29 445 7 0 0 
19 436 24 0 0 
8 431 13 0 0 
22 494 28 0 0 
21 621 12 0 0 
43 369 15 0 0 
58 331 13 0 0 
2 468 7 0 0 
26 376 32 0 0 
32 294 72 0 0 
33 460 7 0 0 
30 458 36 0 0 
21 459 29 0 0 
56 417 19 0 0 
38 441 19 0 0 
13 407 87 0 0 
17 438 39 0 0 
38 497 20 0 0 
8 373 21 0 0 
65 357 20 0 0 
30 473 30 0 0 
16 356 74 0 0 
13 415 12 0 0 
74 466 2 0 0 
52 403 10 0 0 
28 417 27 0 0 
11 386 37 0 0 
45 477 57 0 0 
11 537 16 0 0 
10 516 2 0 0 
46 519 20 0 0 
29 339 6 0 0 
27 492 2 0 0 
20 468 32 0 0 
15 379 32 0 0 
45 460 32 0 0 
34 468 32 0 0 
20 531 11 0 0 
73 462 9 0 0 
21 461 56 0 0 
47 504 4 0 0 
20 531 29 0 0 
14 555 13 0 0 
50 364 54 0 0 
31 477 85 0 0 
86 403 2 0 0 
12 616 12 0 0 
31 422 45 0 0 
45 284 74 0 0 
17 404 42 0 0 
36 438 71 0 0 
13 494 41 0 0 
33 491 0 0 0 
56 445 101 0 0 
62 403 170 0 0 
33 556 12 0 0 
64 419 46 0 0 
35 383 49 0 0 
75 295 85 0 0 
42 424 70 0 0 
8 579 15 0 0 
22 409 46 0 0 
41 438 14 0 0 
29 562 29 0 0 
36 322 11 0 0 
13 447 17 0 0 
28 449 9 0 0 
39 385 64 0 0 
31 464 40 0 0 
50 460 13 0 0 
63 430 37 0 0 
87 450 40 0 0 
12 456 9 0 0 
15 401 9 0 0 
21 402 36 0 0 
14 369 19 0 0 
25 431 26 0 0 
20 446 31 0 0 
36 431 31 1 0 
29 374 68 0 0 
13 366 40 0 0 
44 382 86 0 0 
21 506 26 0 0 
39 400 47 0 0 
118 364 64 0 0 
20 444 50 0 0 
57 449 16 0 0 
14 392 7 0 0 
44 410 34 0 0 
24 441 51 0 0 
36 499 38 0 0 
39 389 33 0 0 
12 378 97 0 0 
12 404 72 0 0 
19 539 32 0 0 
38 506 22 0 0 
75 353 2 0 0 
74 462 41 0 0 
23 344 22 0 0 
41 423 21 0 0 
30 490 6 0 0 
48 406 17 0 0 
36 408 36 0 0 
23 529 8 0 0 
31 439 27 0 0 
55 369 6 0 0 
58 431 21 0 0 
7 478 44 0 0 
21 451 4 0 0 
33 359 46 0 0 
40 441 39 0 0 
15 484 40 0 0 
31 387 41 0 0 
2 461 44 0 0 
30 438 12 0 0 
27 488 9 0 0 
19 468 82 0 0 
44 441 43 0 0 
76 410 40 0 0 
27 491 22 0 0 
79 400 43 0 0 
52 443 29 0 0 
43 415 20 0 0 
18 518 42 0 0 
104 487 12 0 0 
32 363 55 0 0 
26 427 30 0 0 
30 386 81 0 0 
21 379 82 0 0 
86 331 7 0 0 
15 429 31 0 0 
80 436 9 0 0 
48 361 34 0 0 
95 361 73 0 0 
12 404 12 0 0 
51 434 2 0 0 
59 399 17 0 0 
74 387 91 0 0 
54 438 12 0 0 
26 503 25 0 0 
6 458 49 0 0 
10 496 61 0 0 
19 437 49 0 0 
63 388 18 0 0 
59 491 23 0 0 
38 361 90 0 0 
19 427 55 0 0 
30 404 46 0 0 
25 440 18 0 0 
29 494 12 0 0 
31 355 56 0 0 
102 426 61 0 0 
66 413 19 0 0 
5 407 14 0 0 
13 493 26 0 0 
59 442 8 0 0 
31 474 33 0 0 
10 368 31 0 0 
78 424 28 0 0 
14 407 43 0 0 
47 413 61 0 0 
7 470 41 0 0 
11 509 53 0 0 
23 439 30 0 0 
7 530 12 0 0 
98 450 28 0 0 
98 530 49 0 0 
65 486 4 0 0 
44 421 24 0 0 
29 423 29 0 0 
56 409 24 0 0 
41 401 13 0 0 
6 451 8 0 0 
122 523 23 0 0 
33 391 15 0 0 
12 569 33 0 0 
22 481 21 0 0 
11 513 12 0 0 
11 374 91 0 0 
104 427 10 0 0 
14 359 27 0 0 
18 442 31 0 0 
37 503 66 0 0 
23 389 13 0 0 
8 528 34 0 0 
45 417 7 0 0 
41 455 40 0 0 
159 347 22 0 0 
19 472 28 0 0 
27 388 41 0 0 
37 426 60 0 0 
6 310 98 0 0 
84 444 18 0 0 
51 355 68 0 0 
15 504 23 0 0 
60 493 10 0 0 
91 461 68 0 0 
28 552 28 0 0 
43 416 77 0 0 
10 454 13 0 0 
36 447 43 0 0 
67 425 42 0 0 
5 500 9 20 0 
14 452 7 0 0 
58 420 78 0 0 
66 456 17 0 0 
28 436 6 0 0 
35 446 3 0 0 
30 371 12 0 0 
21 515 21 0 0 
46 467 30 0 0 
23 510 8 0 0 
35 417 72 0 0 
36 434 45 0 0 
46 398 22 0 0 
81 463 28 0 0 
18 416 23 0 0 
26 374 60 0 0 
59 326 53 0 0 
5 391 14 0 0 
32 547 41 0 0 
83 492 28 0 0 
29 435 29 0 0 
47 378 28 0 0 
26 496 50 0 0 
52 469 18 0 0 
29 513 15 0 0 
27 394 55 0 0 
47 407 21 0 0 
20 480 15 0 0 
27 360 23 0 0 
17 413 73 0 0 
12 405 27 0 0 
22 515 15 0 0 
16 420 10 0 0 
22 349 33 0 0 
142 400 12 0 0 
96 343 30 0 0 
38 377 80 0 0 
8 511 18 0 0 
72 454 56 0 0 
43 393 106 0 0 
4 513 15 0 0 
45 449 12 0 0 
53 356 3 0 0 
21 484 52 0 0 
41 437 27 0 0 
29 360 4 0 0 
27 523 61 0 0 
73 455 24 0 0 
6 506 12 0 0 
18 336 42 0 0 
23 467 59 0 0 
48 407 28 0 0 
27 365 10 0 0 
18 526 20 0 0 
51 393 21 0 0 
6 468 23 0 0 
98 465 22 0 0 
16 512 40 0 0 
95 320 33 0 0 
28 433 23 0 0 
44 390 18 0 0 
25 395 66 0 0 
37 396 18 0 0 
40 431 2 0 0 
85 422 6 0 0 
44 394 9 0 0 
20 487 21 0 0 
47 428 2 0 0 
35 488 14 0 0 
57 343 40 0 0 
30 318 23 0 0 
57 417 23 0 0 
20 419 6 0 0 
64 392 26 0 0 
11 313 32 0 0 
103 326 0 0 0 
17 574 16 0 0 
5 557 10 0 0 
28 425 49 0 0 
14 482 21 0 0 
10 551 36 0 0 
9 472 58 0 0 
1 381 50 0 0 
50 500 31 0 0 
84 507 18 0 0 
36 491 18 0 0 
29 521 2 0 0 
17 313 106 0 0 
48 549 10 0 0 
8 445 53 0 0 
56 375 97 0 0 
107 414 25 0 0 
9 575 38 0 0 
66 489 8 0 0 
24 383 74 0 0 
56 360 27 0 0 
93 400 71 0 0 
73 347 92 3 0 
19 458 7 0 0 
73 377 31 0 0 
25 458 17 0 0 
12 506 3 0 0 
72 472 47 0 0 
47 457 41 0 0 
21 420 25 0 0 
42 451 13 0 0 
53 451 13 0 0 
59 448 58 0 0 
15 502 21 0 0 
16 494 47 0 0 
25 416 8 0 0 
40 482 5 0 0 
26 437 29 0 0 
30 491 0 0 0 
45 451 4 0 0 
1 324 14 0 0 
22 455 30 0 0 
34 493 48 0 0 
1 336 20 0 0 
31 526 13 0 0 
55 455 14 0 0 
23 565 4 0 0 
13 509 17 0 0 
7 402 59 0 0 
120 387 4 0 0 
25 378 19 0 0 
30 477 16 0 0 
45 426 34 0 0 
1 564 22 0 0 
21 431 30 0 0 
