0 0 28 
0 4 71 
0 6 23 
0 4 81 
0 10 18 
0 0 27 
0 0 57 
0 15 6 
0 0 42 
0 2 44 
0 7 26 
0 0 19 
0 0 22 
0 0 28 
0 0 24 
0 0 17 
0 5 73 
0 2 22 
0 0 86 
0 0 6 
0 0 15 
0 0 14 
0 0 22 
0 0 30 
0 1 23 
0 0 114 
0 0 7 
0 12 42 
0 0 85 
0 1 6 
0 0 6 
0 3 103 
0 0 32 
0 0 13 
0 0 10 
0 12 12 
0 0 23 
0 5 73 
0 1 36 
0 0 57 
0 0 152 
0 0 10 
0 0 53 
0 1 38 
0 0 9 
0 0 50 
0 0 10 
0 5 39 
0 3 19 
0 0 46 
0 0 43 
0 0 25 
0 1 15 
0 0 14 
0 1 25 
0 0 13 
0 0 11 
0 0 39 
0 0 33 
0 0 23 
0 0 26 
0 0 52 
0 0 14 
0 0 19 
0 0 39 
0 0 35 
0 0 136 
0 2 14 
0 5 21 
0 0 27 
0 3 65 
0 1 47 
0 0 83 
0 0 14 
0 0 17 
0 0 59 
0 0 24 
0 1 21 
0 0 22 
0 0 53 
0 0 31 
0 0 20 
0 0 42 
0 0 125 
0 0 0 
0 0 35 
0 0 19 
0 0 21 
0 0 16 
0 0 12 
0 3 65 
0 0 12 
0 0 45 
0 0 4 
0 0 30 
0 1 10 
0 0 44 
0 0 38 
0 5 27 
0 3 84 
0 0 83 
0 0 50 
0 0 17 
0 0 26 
0 0 31 
0 7 10 
0 0 47 
0 0 40 
0 0 37 
0 0 28 
0 0 41 
0 0 48 
0 0 63 
0 0 6 
0 0 83 
0 0 38 
0 3 30 
0 2 15 
0 0 19 
0 0 54 
0 0 7 
0 0 44 
0 7 60 
0 0 15 
0 1 2 
0 0 7 
0 0 17 
0 0 28 
0 0 25 
0 0 8 
0 0 12 
0 0 17 
0 0 44 
0 3 20 
0 0 23 
0 0 12 
0 0 84 
0 0 23 
0 0 10 
0 0 18 
0 0 26 
0 0 26 
0 0 81 
0 0 37 
0 1 36 
0 0 25 
0 11 53 
0 0 45 
0 10 31 
0 0 27 
0 3 32 
0 0 48 
0 0 13 
0 10 15 
0 0 51 
0 0 39 
0 0 25 
0 0 82 
0 8 25 
0 20 44 
0 1 24 
0 0 25 
0 1 56 
0 0 14 
0 1 41 
0 0 69 
0 0 21 
0 0 39 
0 0 57 
0 0 72 
0 0 39 
0 1 58 
0 0 32 
0 1 54 
0 0 34 
0 0 88 
0 0 64 
0 0 45 
0 0 66 
0 0 54 
0 0 40 
0 0 11 
0 0 31 
0 2 27 
0 0 131 
0 3 9 
0 0 22 
0 5 83 
0 0 67 
0 0 47 
0 1 34 
0 1 17 
0 3 15 
0 0 21 
0 0 106 
0 0 23 
0 0 41 
0 0 22 
0 0 68 
0 4 14 
0 0 25 
0 5 27 
0 0 26 
0 0 43 
0 8 29 
0 0 23 
0 0 24 
0 0 48 
0 1 28 
0 0 38 
0 3 58 
0 0 37 
0 0 6 
0 2 18 
0 0 21 
0 0 16 
0 0 61 
0 0 15 
0 0 133 
0 0 15 
0 0 9 
0 0 113 
0 0 58 
0 0 29 
0 1 5 
0 0 63 
0 0 41 
0 0 22 
0 0 102 
0 0 33 
0 0 22 
0 0 26 
0 0 71 
0 0 83 
0 0 59 
0 0 53 
0 0 37 
0 0 19 
0 4 75 
0 0 11 
0 0 18 
0 0 86 
0 0 17 
0 1 11 
0 0 59 
0 0 15 
0 0 62 
0 3 4 
0 0 30 
0 16 22 
0 0 41 
0 1 17 
0 1 36 
0 0 59 
0 0 11 
0 0 8 
0 2 43 
0 0 35 
0 2 57 
0 0 13 
0 5 11 
0 0 126 
0 0 60 
0 11 167 
0 0 29 
0 13 26 
0 3 36 
0 0 90 
0 0 60 
0 6 4 
0 0 84 
0 0 37 
0 5 28 
0 0 56 
0 2 14 
0 2 25 
0 0 25 
0 0 67 
0 0 2 
0 0 3 
0 0 5 
0 0 39 
0 4 23 
0 0 33 
0 1 17 
0 0 26 
0 0 77 
0 0 50 
0 1 49 
0 6 65 
0 3 52 
0 13 33 
0 0 5 
0 0 11 
0 0 44 
0 0 38 
0 7 54 
0 0 137 
0 0 39 
0 1 42 
0 0 31 
0 3 4 
0 0 27 
0 0 71 
0 0 21 
0 14 32 
0 0 46 
0 0 106 
0 0 26 
0 0 73 
0 0 26 
0 0 14 
0 0 43 
0 3 27 
0 3 65 
0 0 69 
0 6 20 
0 0 20 
0 0 58 
0 3 31 
0 0 29 
0 0 12 
0 0 14 
0 0 115 
0 0 6 
0 0 90 
0 0 59 
0 0 96 
0 0 15 
0 0 25 
0 1 28 
0 0 33 
0 0 74 
0 0 21 
0 0 52 
0 1 23 
0 1 16 
0 0 24 
0 0 16 
0 0 6 
0 0 107 
0 2 74 
0 0 19 
0 0 75 
0 0 10 
0 0 17 
0 0 4 
0 0 100 
0 0 5 
0 0 47 
0 0 75 
0 0 83 
0 0 13 
0 0 59 
0 5 39 
0 1 54 
0 0 43 
0 0 19 
0 0 73 
0 0 39 
0 0 10 
0 0 11 
0 0 28 
0 3 56 
0 0 25 
0 0 56 
0 0 3 
0 6 37 
0 0 82 
0 0 59 
0 7 50 
0 4 49 
0 0 44 
0 0 48 
0 0 34 
0 0 63 
0 0 23 
0 11 18 
0 0 25 
0 0 21 
0 0 35 
0 0 40 
0 0 10 
0 0 32 
0 0 0 
0 1 19 
0 0 20 
0 0 25 
0 0 6 
0 0 27 
0 2 49 
0 0 84 
0 0 22 
0 0 17 
0 1 9 
0 0 4 
0 0 37 
0 2 26 
0 0 18 
0 0 68 
0 0 49 
0 11 48 
0 0 36 
0 0 44 
0 0 9 
0 1 9 
0 0 3 
0 0 28 
0 0 10 
0 2 25 
0 0 11 
0 0 23 
0 0 67 
0 0 45 
0 0 33 
0 0 1 
0 0 78 
0 0 29 
0 0 30 
0 0 65 
0 0 21 
0 0 26 
0 0 50 
0 0 35 
0 0 34 
0 0 3 
0 3 58 
0 7 49 
0 1 19 
0 3 81 
0 0 125 
0 0 49 
0 0 79 
0 0 26 
0 0 60 
0 0 39 
0 0 16 
0 6 33 
0 0 15 
0 0 25 
0 0 18 
0 0 23 
0 0 8 
0 0 17 
0 0 14 
0 0 50 
0 3 60 
0 0 79 
0 0 23 
0 0 82 
0 0 0 
0 0 34 
0 0 14 
0 0 26 
0 0 87 
0 2 35 
0 0 12 
0 0 70 
0 0 42 
0 0 72 
0 0 14 
0 0 34 
0 0 48 
0 0 34 
0 0 61 
0 0 3 
0 0 14 
0 0 16 
0 0 38 
0 0 15 
0 2 28 
0 1 14 
0 0 39 
0 0 37 
0 0 19 
0 0 8 
0 0 43 
0 0 27 
0 0 39 
0 0 10 
0 0 36 
0 0 67 
0 2 119 
0 0 37 
0 0 43 
0 0 43 
0 0 7 
0 1 46 
0 0 46 
0 0 35 
0 0 19 
0 1 44 
0 0 5 
0 0 33 
0 0 5 
0 3 15 
0 0 16 
0 0 25 
0 0 66 
0 3 71 
0 0 84 
0 0 77 
0 0 30 
0 0 24 
0 1 76 
0 0 64 
0 0 57 
0 0 14 
0 0 51 
0 0 6 
0 0 21 
0 0 76 
0 0 0 
0 0 73 
0 0 66 
0 0 29 
0 0 11 
0 0 35 
0 3 71 
0 0 92 
0 0 46 
0 0 29 
0 0 41 
0 0 39 
0 0 73 
0 0 17 
0 0 111 
0 0 21 
0 0 15 
0 1 95 
0 0 41 
0 5 40 
0 1 25 
0 0 20 
0 0 40 
0 0 29 
0 0 28 
0 0 7 
0 1 9 
0 0 61 
0 0 33 
0 0 19 
0 0 1 
0 10 14 
0 0 23 
0 0 62 
0 0 19 
0 0 32 
0 0 80 
0 0 24 
0 0 58 
0 0 51 
0 0 107 
0 2 45 
0 0 67 
0 0 24 
0 0 38 
0 0 49 
0 9 48 
0 0 17 
0 0 44 
0 0 84 
0 0 38 
0 0 35 
0 1 13 
0 0 37 
0 0 35 
0 0 17 
0 0 40 
0 0 15 
0 0 59 
0 0 31 
0 0 23 
0 22 66 
0 3 62 
0 1 2 
0 6 14 
0 0 39 
0 4 26 
0 2 33 
0 0 63 
0 5 66 
0 13 55 
0 0 117 
0 0 38 
0 0 42 
0 0 108 
0 7 32 
0 3 123 
0 0 11 
0 0 88 
0 0 6 
0 0 41 
0 0 13 
0 0 10 
0 0 23 
0 0 70 
0 0 35 
0 0 82 
0 0 56 
0 0 112 
0 0 68 
0 0 6 
0 3 17 
0 3 27 
0 3 28 
0 0 38 
0 1 39 
0 1 29 
0 0 16 
0 0 10 
0 9 57 
0 0 14 
0 0 15 
0 0 19 
0 13 24 
0 0 29 
0 0 18 
0 1 4 
0 0 79 
0 0 48 
0 0 162 
0 4 25 
0 0 10 
0 0 23 
0 0 91 
0 0 43 
0 0 30 
0 0 10 
0 0 46 
0 0 11 
0 1 42 
0 0 10 
0 0 25 
0 0 28 
0 0 55 
0 0 37 
0 0 14 
0 1 11 
0 0 28 
0 1 87 
0 0 49 
0 1 7 
0 0 42 
0 5 21 
0 0 19 
0 0 77 
0 11 3 
0 0 10 
0 0 23 
0 9 76 
0 2 51 
0 0 67 
0 0 17 
0 0 10 
0 0 13 
0 0 6 
0 0 15 
0 0 76 
0 10 17 
0 3 27 
0 0 9 
0 6 83 
0 3 11 
0 0 38 
0 3 68 
0 0 1 
0 10 43 
0 0 12 
0 6 6 
0 0 13 
0 0 20 
0 0 29 
0 0 29 
0 0 29 
0 1 79 
0 0 35 
0 0 0 
0 3 44 
0 0 9 
0 0 17 
0 0 52 
0 4 76 
0 0 42 
0 0 60 
0 0 42 
0 0 46 
0 12 20 
0 0 36 
0 0 14 
0 5 62 
0 3 27 
0 0 9 
0 0 6 
0 1 20 
0 30 22 
0 0 12 
0 0 32 
0 0 28 
0 0 11 
0 0 49 
0 0 12 
0 0 36 
0 5 14 
0 2 15 
0 0 69 
0 1 9 
0 0 84 
0 8 39 
0 0 104 
0 0 28 
0 0 67 
0 6 47 
0 0 168 
0 0 23 
0 0 59 
0 0 41 
0 7 47 
0 0 59 
0 2 41 
0 0 64 
0 0 10 
0 0 44 
0 0 44 
0 0 8 
0 0 52 
0 0 26 
0 0 2 
0 0 114 
0 0 103 
0 8 22 
0 0 48 
0 0 42 
0 0 23 
0 0 7 
0 0 11 
0 0 24 
0 0 44 
0 0 49 
0 0 8 
0 1 65 
0 7 57 
0 0 32 
0 0 41 
0 0 35 
0 0 14 
0 0 88 
0 0 36 
0 13 27 
0 0 82 
0 0 117 
0 3 21 
0 0 97 
0 1 10 
0 0 71 
0 1 15 
0 0 63 
0 0 27 
0 0 34 
0 1 22 
0 0 63 
0 0 64 
0 11 11 
0 0 25 
0 0 46 
0 0 28 
0 0 65 
0 0 31 
0 0 33 
0 5 26 
0 0 5 
0 0 46 
0 0 20 
0 0 13 
0 5 25 
0 0 35 
0 0 13 
0 0 30 
0 0 48 
0 5 50 
0 0 50 
0 1 23 
0 0 84 
0 1 2 
0 0 45 
0 0 21 
0 0 3 
0 0 10 
0 1 103 
0 0 52 
0 0 10 
0 0 15 
0 0 35 
0 0 6 
0 0 81 
0 1 58 
0 0 58 
0 10 66 
0 11 19 
0 0 16 
0 0 103 
0 0 113 
0 0 46 
0 0 9 
0 0 9 
0 0 103 
0 0 44 
0 4 84 
0 0 50 
0 0 56 
0 4 44 
0 0 10 
0 0 22 
0 0 34 
0 0 50 
0 1 66 
0 0 12 
0 0 12 
0 19 16 
0 0 116 
0 0 35 
0 0 27 
0 0 33 
0 0 60 
0 0 23 
0 0 27 
0 1 15 
0 0 0 
0 0 31 
0 0 65 
0 1 9 
0 0 61 
0 1 46 
0 0 21 
0 0 26 
0 0 56 
0 13 44 
0 4 72 
0 0 43 
0 0 51 
0 2 43 
0 15 16 
0 0 34 
0 0 7 
0 0 31 
0 3 9 
0 0 6 
0 0 50 
0 0 28 
0 0 32 
0 0 30 
0 0 28 
0 0 2 
0 0 49 
0 5 19 
0 0 51 
0 0 40 
0 0 9 
0 7 17 
0 0 84 
0 0 29 
0 0 49 
0 0 21 
0 0 60 
0 0 33 
0 0 22 
0 0 24 
0 0 44 
0 0 33 
0 0 133 
0 0 75 
0 0 17 
0 11 54 
0 5 48 
0 0 1 
0 6 70 
0 5 60 
0 0 17 
0 0 27 
0 1 19 
0 0 22 
0 0 11 
0 0 24 
0 0 39 
0 0 131 
0 0 29 
0 2 65 
0 0 25 
0 0 35 
0 0 63 
0 0 29 
0 0 25 
0 0 32 
0 1 3 
0 0 53 
0 0 38 
0 0 15 
0 0 71 
0 1 97 
0 5 83 
0 0 19 
0 0 11 
0 0 15 
0 0 63 
0 0 112 
0 1 10 
0 3 45 
0 0 3 
0 0 1 
0 0 100 
0 0 52 
0 0 24 
0 2 103 
0 2 39 
0 0 16 
0 0 37 
0 16 23 
0 0 68 
0 0 20 
0 0 6 
0 0 25 
0 7 38 
0 0 63 
0 0 70 
0 0 37 
0 8 31 
0 0 43 
0 0 208 
0 0 4 
0 0 11 
0 3 41 
0 1 19 
0 0 25 
0 0 13 
0 0 2 
0 0 44 
0 0 25 
0 13 7 
0 0 122 
0 0 35 
0 0 17 
0 0 53 
0 0 37 
0 0 86 
0 0 15 
0 2 32 
0 0 21 
0 0 36 
0 0 87 
0 0 44 
0 0 62 
0 11 41 
0 0 27 
0 0 25 
0 0 106 
0 9 53 
0 0 22 
0 0 21 
0 0 30 
0 0 85 
0 0 15 
0 0 68 
0 0 10 
0 2 21 
0 0 15 
0 0 20 
0 0 14 
0 3 16 
0 0 9 
0 0 10 
0 6 41 
0 7 87 
0 0 32 
0 0 29 
0 0 8 
0 0 42 
0 0 79 
0 12 39 
0 9 15 
0 0 80 
0 0 71 
0 0 18 
0 0 20 
0 0 35 
0 0 21 
0 0 7 
0 0 63 
0 0 20 
0 0 6 
0 7 54 
0 0 71 
0 0 41 
0 0 73 
0 0 47 
0 0 5 
0 0 49 
0 0 16 
0 0 12 
0 0 10 
0 0 7 
