0 4 238 
0 16 166 
0 7 264 
0 11 196 
0 11 121 
0 32 135 
0 13 173 
0 6 194 
0 18 159 
0 52 136 
0 35 208 
0 18 171 
0 6 146 
0 26 156 
0 7 205 
0 21 148 
0 29 188 
0 2 234 
0 14 141 
0 11 179 
0 12 192 
0 4 183 
0 4 133 
0 45 155 
0 21 124 
0 17 236 
0 7 149 
0 26 139 
0 6 227 
0 10 198 
0 14 230 
0 9 156 
0 14 159 
0 16 210 
0 14 208 
0 24 205 
0 12 229 
0 2 223 
0 8 192 
0 21 152 
0 18 218 
0 14 129 
0 8 238 
0 3 291 
0 32 182 
0 25 142 
0 5 143 
0 27 189 
0 8 197 
0 6 167 
0 14 167 
0 40 139 
0 19 214 
0 14 184 
0 14 161 
0 28 202 
0 21 170 
0 2 245 
0 14 202 
0 15 205 
0 13 171 
0 34 191 
0 3 153 
0 40 174 
0 36 104 
0 4 192 
0 18 205 
0 11 163 
0 3 188 
0 23 231 
0 5 159 
0 8 146 
0 34 154 
0 13 270 
0 4 211 
0 9 156 
0 8 156 
0 0 205 
0 17 163 
0 14 221 
0 19 220 
0 1 303 
0 9 237 
0 10 240 
0 17 186 
0 16 240 
0 10 202 
0 24 166 
0 13 188 
0 8 289 
0 9 160 
0 5 345 
0 5 158 
0 19 209 
0 20 138 
0 19 159 
0 8 200 
0 4 148 
0 15 175 
0 17 145 
0 4 196 
0 1 217 
0 16 146 
0 7 165 
0 15 129 
0 22 185 
0 20 177 
0 13 172 
0 10 152 
0 1 211 
0 23 157 
0 44 235 
0 18 149 
0 14 131 
0 4 120 
0 5 191 
0 7 203 
0 14 177 
0 9 105 
0 27 155 
0 19 311 
0 10 184 
0 8 216 
0 5 160 
0 7 192 
0 7 117 
0 10 183 
0 20 231 
0 26 148 
0 9 212 
0 5 279 
0 18 177 
0 10 169 
0 5 160 
0 7 199 
0 12 168 
0 0 149 
0 6 244 
0 9 216 
0 23 187 
0 9 158 
0 48 181 
0 26 222 
0 15 245 
0 8 188 
0 0 165 
0 22 235 
0 30 167 
0 22 169 
0 10 179 
0 19 171 
0 14 221 
0 8 268 
0 5 190 
0 22 179 
0 36 109 
0 23 204 
0 27 162 
0 12 193 
0 18 141 
0 10 119 
0 6 242 
0 23 180 
0 14 154 
0 32 185 
0 22 184 
0 9 135 
0 34 177 
0 9 165 
0 5 131 
0 19 150 
0 28 153 
0 40 157 
0 19 170 
0 4 193 
0 10 258 
0 4 146 
0 21 230 
0 7 158 
0 13 219 
0 8 115 
0 10 165 
0 6 235 
0 7 222 
0 5 243 
0 7 115 
0 10 159 
0 9 239 
0 12 199 
0 10 166 
0 30 179 
0 4 173 
0 25 168 
0 20 147 
0 2 170 
0 6 166 
0 2 169 
0 0 264 
0 5 288 
0 25 149 
0 16 265 
0 2 227 
0 10 237 
0 14 152 
0 5 171 
0 5 238 
0 19 322 
0 25 207 
0 22 194 
0 21 196 
0 14 208 
0 3 178 
0 28 92 
0 6 77 
0 27 270 
0 6 373 
0 18 233 
0 17 179 
0 1 190 
0 26 223 
0 11 159 
0 45 201 
0 21 128 
0 9 267 
0 25 142 
0 13 204 
0 21 167 
0 19 168 
0 29 172 
0 14 179 
0 34 207 
0 5 181 
0 17 288 
0 31 145 
0 11 175 
0 7 184 
0 4 224 
0 2 229 
0 14 225 
0 6 235 
0 13 225 
0 26 159 
0 6 165 
0 12 187 
0 15 170 
0 42 157 
0 14 243 
0 23 211 
0 20 146 
0 41 207 
0 7 190 
0 9 147 
0 7 214 
0 40 199 
0 1 166 
0 12 174 
0 10 170 
0 28 212 
0 16 189 
0 15 252 
0 13 123 
0 3 249 
0 12 202 
0 12 139 
0 36 116 
0 9 194 
0 3 179 
0 29 193 
0 11 183 
0 2 219 
0 19 198 
0 13 156 
0 1 179 
0 24 153 
0 12 182 
0 32 130 
0 2 130 
0 39 221 
0 20 143 
0 6 157 
0 15 192 
0 14 101 
0 12 199 
0 28 149 
0 11 155 
0 8 331 
0 2 189 
0 12 161 
0 5 178 
0 9 184 
0 7 271 
0 22 160 
0 36 242 
0 14 171 
0 21 127 
0 14 208 
0 14 179 
0 28 256 
0 2 117 
0 19 156 
0 22 103 
0 7 143 
0 8 255 
0 16 245 
0 10 161 
0 16 260 
0 11 171 
0 4 235 
0 9 215 
0 21 145 
0 6 296 
0 14 150 
0 9 145 
0 42 157 
0 36 241 
0 5 186 
0 2 220 
0 3 196 
0 9 268 
0 11 171 
0 11 217 
0 7 162 
0 13 134 
0 7 182 
0 33 262 
0 9 144 
0 23 165 
0 6 213 
0 20 211 
0 7 186 
0 25 161 
0 13 238 
0 18 148 
0 39 127 
0 19 128 
0 27 271 
0 6 279 
0 15 170 
0 31 164 
0 10 196 
0 30 158 
0 4 315 
0 13 212 
0 17 233 
0 58 145 
0 28 151 
0 14 175 
0 13 213 
0 16 164 
0 1 198 
0 20 168 
0 12 180 
0 9 177 
0 6 144 
0 25 209 
0 12 178 
0 21 235 
0 27 177 
0 0 196 
0 33 111 
0 16 176 
0 2 192 
0 13 188 
0 15 205 
0 12 182 
0 17 153 
0 30 150 
0 0 209 
0 7 164 
0 19 215 
0 37 125 
0 8 234 
0 41 116 
0 17 169 
0 6 337 
0 33 190 
0 12 197 
0 20 249 
0 50 124 
0 22 136 
0 2 282 
0 9 130 
0 6 168 
0 6 105 
0 0 162 
0 10 140 
0 25 221 
0 23 136 
0 29 172 
0 11 195 
0 19 134 
0 3 116 
0 12 229 
0 22 127 
0 12 160 
0 2 149 
0 18 110 
0 11 179 
0 6 153 
0 11 182 
0 27 133 
0 44 135 
0 37 197 
0 10 146 
0 0 256 
0 20 193 
0 3 113 
0 13 201 
0 36 117 
0 3 193 
0 15 184 
0 25 112 
0 5 165 
0 1 292 
0 21 268 
0 53 158 
0 24 229 
0 13 170 
0 3 203 
0 9 155 
0 19 233 
0 19 151 
0 4 182 
0 25 152 
0 0 229 
0 7 157 
0 11 158 
0 22 228 
0 3 167 
0 13 192 
0 18 217 
0 29 178 
0 13 176 
0 14 181 
0 4 237 
0 7 184 
0 4 213 
0 13 154 
0 23 172 
0 3 209 
0 23 170 
0 9 237 
0 17 246 
0 17 179 
0 12 196 
0 23 211 
0 19 215 
0 7 140 
0 10 256 
0 0 239 
0 15 184 
0 36 180 
0 3 243 
0 4 196 
0 22 168 
0 0 208 
0 8 300 
0 26 189 
0 14 180 
0 37 155 
0 28 158 
0 9 96 
0 5 245 
0 14 195 
0 26 109 
0 15 165 
0 9 162 
0 12 221 
0 15 301 
0 25 175 
0 6 225 
0 16 146 
0 5 158 
0 9 170 
0 21 254 
0 10 161 
0 57 203 
0 15 261 
0 0 258 
0 3 147 
0 21 131 
0 32 203 
0 35 163 
0 15 302 
0 6 125 
0 15 163 
0 38 155 
0 14 243 
0 11 267 
0 2 210 
0 17 204 
0 25 202 
0 36 175 
0 7 203 
0 15 147 
0 9 135 
0 13 193 
0 8 223 
0 7 174 
0 0 139 
0 5 142 
0 3 182 
0 31 173 
0 8 190 
0 26 120 
0 3 186 
0 6 235 
0 20 255 
0 1 321 
0 6 272 
0 42 207 
0 21 135 
0 5 211 
0 13 218 
0 14 162 
0 11 139 
0 25 231 
0 33 140 
0 1 170 
0 27 165 
0 4 183 
0 11 227 
0 7 132 
0 14 163 
0 4 213 
0 5 257 
0 20 162 
0 15 163 
0 3 204 
0 27 186 
0 32 212 
0 4 171 
0 12 171 
0 12 145 
0 56 188 
0 15 170 
0 29 172 
0 43 213 
0 8 169 
0 23 149 
0 5 222 
0 17 230 
0 22 161 
0 6 210 
0 13 125 
0 25 131 
0 17 147 
0 10 159 
0 15 251 
0 12 104 
0 58 229 
0 2 161 
0 6 173 
0 17 154 
0 11 128 
0 5 158 
0 8 220 
0 8 122 
0 44 163 
0 11 183 
0 1 155 
0 10 226 
0 11 255 
0 12 138 
0 2 264 
0 0 167 
0 4 206 
0 14 175 
0 8 161 
0 24 216 
0 2 135 
0 7 258 
0 17 234 
0 27 121 
0 10 84 
0 7 256 
0 10 233 
0 10 94 
0 17 234 
0 27 141 
0 8 241 
0 6 310 
0 21 225 
0 14 138 
0 13 203 
0 9 173 
0 40 193 
0 14 181 
0 10 210 
0 26 145 
0 7 184 
0 19 199 
0 17 214 
0 13 208 
0 37 198 
0 28 178 
0 9 269 
0 25 220 
0 9 169 
0 18 295 
0 6 233 
0 13 196 
0 10 260 
0 17 132 
0 5 171 
0 23 242 
0 36 219 
0 8 263 
0 15 176 
0 2 141 
0 7 216 
0 22 171 
0 9 215 
0 43 286 
0 13 205 
0 8 198 
0 19 153 
0 11 173 
0 13 169 
0 21 245 
0 8 93 
0 23 207 
0 14 126 
0 3 146 
0 12 141 
0 14 152 
0 12 234 
0 16 229 
0 7 196 
0 9 241 
0 8 179 
0 7 166 
0 35 128 
0 29 218 
0 8 93 
0 12 267 
0 9 141 
0 19 99 
0 6 151 
0 25 175 
0 32 141 
0 13 224 
0 0 275 
0 14 138 
0 42 176 
0 24 198 
0 4 174 
0 12 205 
0 8 198 
0 34 198 
0 12 174 
0 11 219 
0 4 210 
0 18 138 
0 13 188 
0 16 206 
0 7 137 
0 3 146 
0 14 165 
0 9 149 
0 21 207 
0 3 285 
0 6 193 
0 1 171 
0 11 311 
0 10 202 
0 15 156 
0 22 200 
0 24 151 
0 11 111 
0 16 204 
0 1 285 
0 34 224 
0 23 179 
0 15 134 
0 8 128 
0 9 116 
0 19 199 
0 27 135 
0 25 162 
0 22 167 
0 10 174 
0 1 174 
0 15 258 
0 23 139 
0 15 176 
0 21 200 
0 16 271 
0 9 231 
0 21 219 
0 20 170 
0 9 136 
0 21 164 
0 13 143 
0 24 153 
0 30 240 
0 18 129 
0 8 193 
0 11 200 
0 4 160 
0 8 226 
0 9 115 
0 26 195 
0 11 189 
0 8 194 
0 21 145 
0 16 228 
0 25 150 
0 15 176 
0 20 172 
0 26 198 
0 6 197 
0 34 100 
0 13 149 
0 11 212 
0 24 191 
0 25 112 
0 15 248 
0 20 232 
0 3 200 
0 32 189 
0 3 178 
0 3 153 
0 29 173 
0 12 258 
0 1 155 
0 11 151 
0 19 186 
0 18 129 
0 21 181 
0 14 173 
0 39 181 
0 7 123 
0 18 182 
0 13 236 
0 10 226 
0 15 115 
0 13 180 
0 33 267 
0 36 143 
0 66 128 
0 21 209 
0 24 110 
0 18 210 
0 16 354 
0 7 208 
0 18 164 
0 24 95 
0 27 167 
0 3 239 
0 3 160 
0 8 111 
0 18 236 
0 26 114 
0 14 191 
0 2 199 
0 12 97 
0 34 351 
0 2 286 
0 17 197 
0 41 118 
0 9 222 
0 18 150 
0 16 167 
0 21 131 
0 6 161 
0 4 182 
0 2 96 
0 21 121 
0 16 133 
0 8 164 
0 4 173 
0 10 123 
0 30 163 
0 26 147 
0 19 199 
0 12 166 
0 12 158 
0 18 147 
0 3 158 
0 11 196 
0 32 117 
0 25 137 
0 60 272 
0 17 189 
0 24 188 
0 31 148 
0 0 177 
0 22 183 
0 10 132 
0 0 148 
0 3 196 
0 4 242 
0 17 192 
0 12 113 
0 1 127 
0 12 233 
0 8 242 
0 34 221 
0 31 123 
0 24 177 
0 14 196 
0 21 186 
0 16 172 
0 3 208 
0 13 178 
0 20 212 
0 11 107 
0 22 139 
0 13 228 
0 9 252 
0 12 134 
0 9 210 
0 17 223 
0 15 160 
0 9 173 
0 4 200 
0 24 278 
0 24 142 
0 5 176 
0 29 156 
0 11 174 
0 31 175 
0 10 194 
0 7 210 
0 11 222 
0 16 244 
0 24 228 
0 14 182 
0 12 134 
0 17 135 
0 9 168 
0 17 182 
0 22 164 
0 9 257 
0 13 190 
0 9 187 
0 13 192 
0 13 129 
0 14 242 
0 5 138 
0 6 141 
0 12 149 
0 15 219 
0 21 330 
0 25 174 
0 10 225 
0 43 210 
0 22 175 
0 22 219 
0 25 139 
0 23 220 
0 8 205 
0 0 261 
0 1 233 
0 18 228 
0 18 206 
0 6 171 
0 11 222 
0 6 162 
0 31 141 
0 9 196 
0 14 157 
0 0 200 
0 3 197 
0 13 174 
0 11 144 
0 4 126 
0 41 206 
0 5 145 
0 18 161 
0 18 159 
0 7 204 
0 27 99 
0 15 96 
0 10 172 
0 3 269 
0 13 159 
0 43 192 
0 2 202 
0 13 134 
0 7 211 
0 29 199 
0 8 177 
0 27 182 
0 24 223 
0 20 143 
0 11 260 
0 26 220 
0 6 329 
0 26 171 
0 4 181 
0 20 166 
0 18 149 
0 0 182 
0 4 192 
0 8 184 
0 23 94 
0 31 220 
0 27 142 
0 3 228 
0 25 179 
0 10 140 
0 16 164 
0 7 185 
0 18 169 
0 27 217 
0 10 234 
0 3 153 
0 45 205 
0 6 118 
0 25 267 
0 0 147 
0 13 177 
0 11 190 
0 12 175 
0 4 121 
0 10 165 
0 21 59 
0 6 191 
0 6 157 
0 25 240 
0 10 181 
0 10 208 
0 7 180 
0 28 184 
0 15 133 
0 12 248 
0 24 173 
0 6 236 
0 14 155 
0 13 156 
0 15 175 
0 11 240 
0 12 204 
0 1 147 
0 23 116 
0 34 277 
0 9 141 
0 20 194 
0 2 157 
0 8 158 
0 13 243 
0 8 225 
0 6 204 
0 17 130 
0 7 201 
0 5 191 
0 12 133 
0 8 148 
0 11 157 
0 20 238 
0 19 188 
0 15 171 
0 6 195 
0 4 198 
0 12 199 
0 2 204 
0 10 243 
0 16 199 
0 16 194 
0 28 287 
0 22 183 
0 13 146 
0 19 190 
0 18 247 
0 26 172 
0 7 137 
0 6 195 
0 5 174 
0 6 98 
0 14 236 
0 3 192 
0 9 135 
0 5 209 
0 11 191 
0 17 157 
0 3 136 
0 6 167 
0 8 137 
0 7 121 
0 20 182 
0 12 211 
0 11 182 
0 56 138 
0 10 179 
0 7 145 
0 17 171 
0 38 145 
0 5 143 
0 20 194 
0 6 185 
0 3 168 
0 36 112 
0 43 191 
0 7 126 
0 15 236 
0 6 224 
0 36 199 
0 15 155 
