0 219 18 
0 222 30 
0 247 11 
0 218 38 
0 266 11 
0 238 11 
0 229 69 
0 219 42 
0 166 8 
0 185 17 
0 228 6 
0 194 16 
0 245 11 
0 205 56 
0 127 8 
0 205 1 
0 243 1 
0 270 9 
0 190 0 
0 194 69 
0 176 6 
0 156 1 
0 191 2 
0 125 12 
0 190 18 
0 240 21 
0 171 10 
0 262 7 
0 256 55 
0 239 16 
0 188 27 
0 272 22 
0 239 4 
0 195 1 
0 244 6 
0 194 5 
0 205 24 
0 245 20 
0 219 17 
0 203 12 
0 264 36 
0 202 22 
0 186 25 
0 193 12 
0 247 21 
0 277 13 
0 224 0 
0 189 6 
0 188 23 
0 194 16 
0 266 23 
0 227 13 
0 168 83 
0 233 12 
0 224 25 
0 240 18 
0 200 17 
0 250 3 
0 229 2 
0 185 10 
0 142 86 
0 238 13 
0 220 12 
0 188 5 
0 235 24 
0 230 25 
0 194 40 
0 144 6 
0 214 5 
0 215 12 
0 136 26 
0 199 10 
0 190 4 
0 233 9 
0 205 41 
0 227 9 
0 255 27 
0 187 16 
0 207 47 
0 233 4 
0 204 11 
0 111 0 
0 165 24 
0 221 29 
0 91 1 
0 233 3 
0 235 24 
0 226 47 
0 187 2 
0 230 14 
0 174 41 
0 214 5 
0 195 11 
0 180 17 
0 181 4 
0 220 7 
0 219 2 
0 321 25 
0 140 10 
0 197 17 
0 277 40 
0 195 15 
0 179 10 
0 161 47 
0 204 1 
0 228 40 
0 173 0 
0 211 10 
0 193 11 
0 199 14 
0 164 57 
0 183 49 
0 199 72 
0 231 11 
0 226 57 
0 164 9 
0 196 44 
0 192 2 
0 245 6 
0 215 19 
0 245 35 
0 197 87 
0 185 44 
0 212 2 
0 174 45 
0 293 54 
0 166 92 
0 249 7 
0 237 56 
0 187 45 
0 159 12 
0 209 15 
0 244 24 
0 243 27 
0 189 4 
0 241 2 
0 183 36 
0 153 1 
0 174 12 
0 197 100 
0 227 1 
0 172 24 
0 144 24 
0 240 17 
0 195 15 
0 183 23 
0 178 24 
0 201 4 
0 173 27 
0 188 29 
0 196 29 
0 172 17 
0 211 12 
0 198 10 
0 203 78 
0 193 5 
0 176 15 
0 231 32 
0 162 10 
0 181 12 
0 134 77 
0 163 30 
0 213 14 
0 226 58 
0 222 0 
0 136 32 
0 245 8 
0 241 39 
0 171 3 
0 202 18 
0 157 36 
0 229 25 
0 193 17 
0 199 11 
0 240 45 
0 147 8 
0 266 3 
0 174 55 
0 215 24 
0 178 31 
0 170 25 
0 188 62 
0 251 14 
0 223 32 
0 186 11 
0 260 9 
0 231 33 
0 202 14 
0 190 47 
0 291 2 
0 197 15 
0 220 13 
0 216 43 
0 259 9 
0 151 75 
0 186 16 
0 256 5 
0 224 10 
0 268 27 
0 227 6 
0 178 29 
0 253 22 
0 143 38 
0 204 0 
0 154 23 
0 202 10 
0 211 7 
0 277 1 
0 222 19 
0 185 12 
0 228 14 
0 215 9 
0 163 19 
0 163 16 
0 146 6 
0 216 37 
0 197 12 
0 192 81 
0 165 10 
0 221 39 
0 196 60 
0 171 40 
0 180 2 
0 229 33 
0 161 29 
0 169 18 
0 138 18 
0 204 11 
0 204 14 
0 252 12 
0 302 0 
0 190 7 
0 214 9 
0 177 4 
0 216 9 
0 207 5 
0 198 1 
0 270 30 
0 182 16 
0 141 43 
0 212 10 
0 187 23 
0 180 6 
0 218 21 
0 259 35 
0 173 24 
0 215 42 
0 190 18 
0 232 20 
0 216 19 
0 192 33 
0 237 16 
0 195 55 
0 217 3 
0 261 5 
0 247 14 
0 207 27 
0 282 5 
0 171 88 
0 216 60 
0 192 27 
0 210 144 
0 193 12 
0 196 38 
0 191 28 
0 162 15 
0 259 17 
0 220 0 
0 167 53 
0 192 14 
0 182 31 
0 165 23 
0 247 15 
0 177 23 
0 183 40 
0 220 35 
0 248 13 
0 208 40 
0 290 33 
0 201 34 
0 322 46 
0 205 10 
0 199 14 
0 256 26 
0 215 5 
0 245 3 
0 190 11 
0 241 17 
0 195 3 
0 205 59 
0 195 28 
0 198 8 
0 224 14 
0 239 1 
0 207 86 
0 250 7 
0 249 10 
0 226 14 
0 221 10 
0 233 13 
0 195 33 
0 221 2 
0 216 0 
0 156 39 
0 222 11 
0 150 28 
0 264 84 
0 199 28 
0 316 13 
0 227 31 
0 180 33 
0 171 5 
0 237 47 
0 214 47 
0 229 13 
0 179 21 
0 241 12 
0 156 0 
0 140 18 
0 160 8 
0 233 0 
0 160 3 
0 214 53 
0 193 11 
0 254 104 
0 174 26 
0 212 18 
0 225 6 
0 177 17 
0 226 36 
0 124 53 
0 247 49 
0 245 14 
0 213 1 
0 135 6 
0 259 2 
0 142 14 
0 190 17 
0 198 11 
0 159 18 
0 205 2 
0 207 12 
0 205 33 
0 187 20 
0 219 13 
0 236 10 
0 189 103 
0 232 37 
0 251 38 
0 177 7 
0 195 56 
0 166 32 
0 252 31 
0 271 8 
0 126 15 
0 201 23 
0 225 52 
0 222 41 
0 234 34 
0 172 38 
0 231 1 
0 228 19 
0 199 38 
0 177 17 
0 185 9 
0 138 2 
0 206 20 
0 294 52 
0 176 1 
0 287 0 
0 118 25 
0 214 16 
0 208 17 
0 244 5 
0 195 0 
0 218 8 
0 233 14 
0 168 20 
0 182 8 
0 137 0 
0 184 40 
0 253 10 
0 165 41 
0 185 10 
0 195 71 
0 216 4 
0 160 5 
0 131 17 
0 214 4 
0 236 13 
0 226 4 
0 164 17 
0 176 3 
0 163 0 
0 217 14 
0 293 20 
0 201 21 
0 169 39 
0 176 39 
0 171 11 
0 204 18 
0 207 47 
0 162 4 
0 211 6 
0 243 16 
0 141 15 
0 240 10 
0 226 49 
0 207 3 
0 196 3 
0 198 7 
0 179 48 
0 145 7 
0 201 19 
0 221 48 
0 279 6 
0 249 43 
0 207 49 
0 184 9 
0 238 0 
0 179 26 
0 237 5 
0 184 12 
0 198 33 
0 191 8 
0 158 6 
0 204 34 
0 240 28 
0 131 8 
0 140 73 
0 194 28 
0 157 22 
0 196 17 
0 225 23 
0 186 28 
0 187 5 
0 147 6 
0 159 21 
0 193 18 
0 255 2 
0 236 25 
0 192 96 
0 199 5 
0 236 11 
0 277 6 
0 260 28 
0 123 14 
0 211 3 
0 184 21 
0 142 7 
0 230 18 
0 188 24 
0 257 40 
0 269 8 
0 225 27 
0 219 10 
0 207 39 
0 233 17 
0 227 17 
0 176 35 
0 158 29 
0 197 21 
0 187 4 
0 245 15 
0 236 18 
0 200 87 
0 179 6 
0 217 131 
0 144 3 
0 214 11 
0 299 26 
0 239 13 
0 184 19 
0 278 8 
0 262 15 
0 259 7 
0 236 8 
0 240 26 
0 216 24 
0 257 3 
0 244 21 
0 201 42 
0 173 58 
0 267 3 
0 152 52 
0 156 51 
0 242 5 
0 143 8 
0 158 72 
0 223 63 
0 277 4 
0 252 2 
0 240 19 
0 249 5 
0 239 17 
0 244 2 
0 178 80 
0 194 35 
0 202 18 
0 262 11 
0 227 15 
0 163 74 
0 286 24 
0 236 14 
0 219 73 
0 177 1 
0 196 13 
0 295 16 
0 209 16 
0 166 37 
0 299 27 
0 225 19 
0 279 0 
0 175 31 
0 180 19 
0 216 11 
0 124 62 
0 196 30 
0 235 17 
0 153 14 
0 158 45 
0 138 101 
0 198 22 
0 162 12 
0 230 5 
0 194 16 
0 214 20 
0 227 33 
0 238 23 
0 213 0 
0 188 17 
0 187 8 
0 185 10 
0 257 5 
0 263 21 
0 261 26 
0 222 16 
0 204 16 
0 188 20 
0 119 9 
0 229 13 
0 231 1 
0 167 39 
0 210 32 
0 172 8 
0 240 33 
0 225 0 
0 212 2 
0 216 25 
0 155 15 
0 254 25 
0 207 34 
0 210 7 
0 151 13 
0 204 9 
0 215 25 
0 249 56 
0 210 7 
0 211 24 
0 233 14 
0 235 1 
0 227 15 
0 223 38 
0 220 5 
0 217 28 
0 197 93 
0 168 17 
0 277 9 
0 198 2 
0 179 34 
0 108 33 
0 197 33 
0 255 11 
0 179 78 
0 188 68 
0 199 18 
0 179 3 
0 219 20 
0 206 1 
0 176 8 
0 169 11 
0 229 12 
0 228 19 
0 211 5 
0 201 7 
0 204 2 
0 189 9 
0 185 30 
0 192 16 
0 143 16 
0 179 5 
0 168 1 
0 182 41 
0 228 21 
0 209 33 
0 233 5 
0 206 4 
0 213 43 
0 227 74 
0 196 9 
0 248 48 
0 232 5 
0 226 6 
0 228 5 
0 180 21 
0 191 21 
0 225 15 
0 173 8 
0 206 36 
0 196 14 
0 215 38 
0 211 8 
0 182 7 
0 195 16 
0 248 23 
0 188 32 
0 219 3 
0 219 41 
0 228 8 
0 270 26 
0 221 11 
0 147 21 
0 238 7 
0 198 54 
0 236 51 
0 230 40 
0 226 3 
0 164 14 
0 212 34 
0 282 1 
0 211 4 
0 232 3 
0 234 28 
0 243 13 
0 210 5 
0 253 24 
0 232 5 
0 118 6 
0 238 48 
0 157 69 
0 199 15 
0 169 24 
0 222 16 
0 240 12 
0 203 7 
0 169 17 
0 203 9 
0 199 16 
0 194 15 
0 231 62 
0 255 3 
0 169 32 
0 224 12 
0 201 35 
0 260 15 
0 158 18 
0 225 10 
0 180 1 
0 236 12 
0 199 4 
0 245 11 
0 181 0 
0 243 30 
0 215 22 
0 233 8 
0 202 6 
0 266 31 
0 243 3 
0 246 16 
0 221 101 
0 238 39 
0 195 62 
0 187 28 
0 169 4 
0 204 13 
0 247 4 
0 219 0 
0 148 60 
0 151 15 
0 290 10 
0 195 17 
0 243 10 
0 171 31 
0 184 31 
0 211 7 
0 221 8 
0 242 7 
0 209 7 
0 214 17 
0 245 17 
0 226 1 
0 178 36 
0 138 2 
0 268 8 
0 187 18 
0 218 3 
0 120 84 
0 178 4 
0 186 3 
0 185 9 
0 179 33 
0 183 65 
0 275 13 
0 195 44 
0 157 57 
0 242 19 
0 159 23 
0 284 7 
0 145 4 
0 219 14 
0 193 14 
0 241 40 
0 278 87 
0 201 0 
0 191 34 
0 201 12 
0 168 3 
0 273 53 
0 187 28 
0 226 27 
0 219 14 
0 173 15 
0 201 3 
0 206 19 
0 231 0 
0 216 61 
0 236 21 
0 254 97 
0 217 24 
0 283 16 
0 225 8 
0 201 17 
0 216 7 
0 189 1 
0 220 39 
0 193 27 
0 213 3 
0 230 10 
0 207 5 
0 225 15 
0 194 39 
0 209 18 
0 170 15 
0 135 20 
0 188 48 
0 178 4 
0 205 7 
0 298 21 
0 208 6 
0 148 52 
0 301 20 
0 144 71 
0 202 25 
0 213 24 
0 165 21 
0 171 13 
0 294 36 
0 231 10 
0 222 48 
0 207 14 
0 236 45 
0 194 32 
0 204 18 
0 288 11 
0 265 9 
0 261 23 
0 197 56 
0 240 22 
0 281 27 
0 171 0 
0 243 16 
0 151 40 
0 244 6 
0 155 68 
0 231 13 
0 258 69 
0 231 77 
0 217 19 
0 172 7 
0 186 9 
0 183 28 
0 209 45 
0 202 50 
0 222 37 
0 217 36 
0 217 21 
0 208 25 
0 220 9 
0 189 46 
0 173 40 
0 207 30 
0 259 35 
0 225 23 
0 251 44 
0 188 9 
0 281 9 
0 146 38 
0 245 26 
0 239 44 
0 206 26 
0 200 24 
0 200 9 
0 188 51 
0 136 66 
0 158 52 
0 183 14 
0 229 12 
0 219 45 
0 191 29 
0 198 41 
0 189 16 
0 222 3 
0 234 12 
0 305 18 
0 221 29 
0 202 21 
0 190 21 
0 205 18 
0 197 31 
0 267 26 
0 231 48 
0 185 13 
0 240 31 
0 203 0 
0 172 50 
0 225 10 
0 155 5 
0 213 67 
0 251 36 
0 203 0 
0 259 9 
0 208 0 
0 218 20 
0 192 129 
0 203 28 
0 235 12 
0 171 20 
0 246 20 
0 161 23 
0 121 75 
0 270 9 
0 220 20 
0 145 10 
0 222 62 
0 200 18 
0 180 4 
0 228 40 
0 183 15 
0 169 0 
0 189 20 
0 255 2 
0 186 13 
0 205 79 
0 249 59 
0 159 61 
0 248 6 
0 185 50 
0 176 18 
0 209 21 
0 164 28 
0 114 57 
0 249 22 
0 156 4 
0 163 57 
0 245 15 
0 204 24 
0 193 12 
0 165 48 
0 175 36 
0 263 12 
0 261 5 
0 232 27 
0 160 42 
0 140 35 
0 225 18 
0 211 32 
0 221 0 
0 152 12 
0 168 81 
0 219 5 
0 222 1 
0 127 51 
0 178 4 
0 169 68 
0 171 40 
0 164 14 
0 157 25 
0 190 46 
0 210 8 
0 179 44 
0 193 20 
0 177 39 
0 339 8 
0 199 85 
0 150 32 
0 227 83 
0 246 9 
0 218 2 
0 153 9 
0 219 4 
0 253 9 
0 254 7 
0 186 32 
0 204 28 
0 255 12 
0 225 9 
0 191 22 
0 223 7 
0 208 16 
0 241 21 
0 169 9 
0 198 59 
0 175 13 
0 206 17 
0 213 9 
0 272 71 
0 201 9 
0 236 4 
0 231 5 
0 190 10 
0 189 35 
0 235 4 
0 194 36 
0 232 12 
0 217 11 
0 264 45 
0 234 10 
0 249 86 
0 177 0 
0 248 27 
0 159 41 
0 248 1 
0 211 61 
0 220 17 
0 215 51 
0 192 24 
0 271 9 
0 269 2 
0 230 25 
0 183 6 
0 184 63 
0 239 103 
0 237 16 
0 209 4 
0 170 86 
0 215 27 
0 157 12 
0 247 24 
0 191 22 
0 131 37 
0 221 13 
0 195 16 
0 165 16 
0 107 4 
0 170 9 
0 210 11 
0 216 4 
0 227 46 
0 217 24 
0 195 15 
0 254 18 
0 168 21 
0 195 24 
0 197 2 
0 172 7 
0 274 17 
0 200 10 
0 156 84 
0 246 32 
0 264 9 
0 210 9 
0 199 17 
0 214 5 
0 221 18 
0 230 36 
0 205 11 
0 179 3 
0 205 9 
0 195 22 
0 229 1 
0 170 0 
0 220 44 
0 259 16 
0 159 11 
0 242 5 
0 241 9 
0 249 17 
0 241 34 
0 217 20 
0 177 7 
0 152 8 
0 287 24 
0 249 21 
0 205 12 
0 182 43 
0 233 47 
0 207 34 
0 175 36 
0 214 9 
0 266 6 
