0 159 40 
0 111 12 
0 119 53 
0 65 86 
0 74 26 
0 73 51 
0 122 22 
0 97 35 
0 126 56 
0 145 26 
0 167 42 
0 145 31 
0 113 59 
0 162 40 
0 123 70 
0 87 27 
0 170 26 
0 86 9 
0 48 10 
0 73 52 
0 132 29 
0 90 37 
0 131 14 
0 145 12 
0 101 61 
0 146 22 
0 143 27 
0 77 33 
0 153 45 
0 149 66 
0 95 31 
0 129 32 
0 110 35 
0 136 15 
0 74 24 
0 126 20 
0 173 37 
0 96 16 
0 125 22 
0 130 52 
0 161 12 
0 141 35 
0 163 19 
0 110 59 
0 87 12 
0 154 35 
0 118 19 
0 95 52 
0 85 79 
0 106 8 
0 123 61 
0 82 9 
0 134 43 
0 111 22 
0 149 75 
0 118 13 
0 118 15 
0 134 38 
0 85 52 
0 110 5 
0 165 38 
0 99 15 
0 111 34 
0 122 23 
0 122 13 
0 103 36 
0 104 38 
0 140 29 
0 127 49 
0 122 22 
0 104 76 
0 99 47 
0 121 23 
0 70 32 
0 113 73 
0 134 31 
0 119 35 
0 94 53 
0 110 76 
0 120 22 
0 97 22 
0 117 39 
0 152 64 
0 110 30 
0 83 57 
0 162 17 
0 132 24 
0 153 28 
0 116 64 
0 157 11 
0 86 6 
0 98 53 
0 108 26 
0 128 42 
0 125 30 
0 123 9 
0 112 141 
0 95 31 
0 155 10 
0 125 22 
0 92 26 
0 129 46 
0 174 16 
0 138 45 
0 128 7 
0 91 40 
0 134 30 
0 89 47 
0 99 23 
0 113 45 
0 145 38 
0 138 48 
0 108 7 
0 108 15 
0 102 39 
0 113 26 
0 111 65 
0 107 27 
0 127 32 
0 126 21 
0 92 32 
0 125 14 
0 90 18 
0 205 40 
0 145 32 
0 71 38 
0 113 43 
0 130 12 
0 129 75 
0 118 35 
0 111 72 
0 115 103 
0 112 57 
0 99 19 
0 88 30 
0 86 26 
0 122 44 
0 85 40 
0 125 32 
0 203 122 
0 97 24 
0 91 38 
0 119 63 
0 166 39 
0 105 20 
0 109 45 
0 118 53 
0 105 31 
0 123 46 
0 121 10 
0 102 33 
0 77 5 
0 161 80 
0 93 43 
0 109 16 
0 161 77 
0 151 33 
0 143 64 
0 160 33 
0 151 58 
0 146 33 
0 72 51 
0 55 65 
0 102 49 
0 154 59 
0 126 53 
0 109 56 
0 121 81 
0 177 37 
0 148 23 
0 181 30 
0 97 104 
0 61 70 
0 84 45 
0 150 25 
0 110 17 
0 146 76 
0 99 103 
0 58 26 
0 96 68 
0 158 32 
0 78 38 
0 64 14 
0 123 27 
0 125 46 
0 111 69 
0 125 39 
0 114 33 
0 67 35 
0 113 7 
0 70 47 
0 132 25 
0 96 11 
0 72 41 
0 166 7 
0 116 64 
0 127 13 
0 111 59 
0 114 15 
0 106 39 
0 74 32 
0 61 58 
0 81 54 
0 125 24 
0 45 44 
0 99 30 
0 140 34 
0 162 5 
0 86 22 
0 85 45 
0 99 8 
0 134 33 
0 110 64 
0 110 48 
0 78 4 
0 63 66 
0 87 15 
0 136 43 
0 126 18 
0 53 16 
0 163 20 
0 106 41 
0 160 43 
0 120 72 
0 121 12 
0 119 30 
0 68 62 
0 132 8 
0 138 49 
0 75 5 
0 119 51 
0 141 54 
0 85 34 
0 149 25 
0 68 54 
0 96 35 
0 105 23 
0 153 27 
0 104 19 
0 114 36 
0 143 9 
0 69 42 
0 135 71 
0 179 47 
0 116 13 
0 138 31 
0 130 84 
0 126 15 
0 120 46 
0 70 11 
0 118 6 
0 84 36 
0 174 76 
0 59 31 
0 147 76 
0 123 25 
0 143 14 
0 160 58 
0 104 43 
0 88 26 
0 103 38 
0 85 58 
0 70 15 
0 136 88 
0 117 64 
0 82 14 
0 161 13 
0 122 8 
0 156 38 
0 79 31 
0 87 36 
0 134 4 
0 123 37 
0 131 101 
0 131 63 
0 101 8 
0 165 21 
0 66 39 
0 108 30 
0 104 59 
0 156 34 
0 78 41 
0 192 59 
0 122 50 
0 133 122 
0 111 94 
0 87 39 
0 139 100 
0 106 48 
0 131 35 
0 156 16 
0 54 75 
0 157 74 
0 69 6 
0 119 44 
0 120 17 
0 118 31 
0 88 31 
0 150 20 
0 143 13 
0 157 46 
0 92 65 
0 117 91 
0 172 18 
0 100 24 
0 107 3 
0 103 36 
0 133 19 
0 92 25 
0 93 36 
0 136 30 
0 113 15 
0 127 33 
0 113 33 
0 106 31 
0 98 37 
0 112 39 
0 78 45 
0 102 36 
0 118 77 
0 101 35 
0 106 54 
0 100 50 
0 86 17 
0 115 7 
0 125 54 
0 92 13 
0 92 88 
0 97 65 
0 124 40 
0 164 11 
0 97 44 
0 144 32 
0 119 18 
0 80 12 
0 76 27 
0 109 24 
0 89 60 
0 126 37 
0 137 11 
0 123 13 
0 127 36 
0 111 41 
0 63 30 
0 116 54 
0 108 60 
0 72 8 
0 111 113 
0 122 52 
0 198 26 
0 141 32 
0 87 100 
0 149 25 
0 82 62 
0 74 30 
0 108 20 
0 152 39 
0 135 49 
0 78 16 
0 154 46 
0 150 36 
0 103 68 
0 111 138 
0 88 42 
0 152 36 
0 113 124 
0 213 79 
0 107 0 
0 108 18 
0 143 82 
0 68 11 
0 92 91 
0 125 53 
0 110 29 
0 201 12 
0 115 77 
0 125 26 
0 97 29 
0 115 16 
0 61 57 
0 128 21 
0 111 69 
0 111 18 
0 134 20 
0 118 93 
0 102 33 
0 147 16 
0 119 22 
0 115 25 
0 66 35 
0 76 34 
0 141 18 
0 150 17 
0 95 72 
0 103 62 
0 103 25 
0 109 22 
0 116 47 
0 82 25 
0 109 58 
0 88 22 
0 130 29 
0 119 15 
0 113 53 
0 122 45 
0 87 132 
0 110 34 
0 103 22 
0 141 64 
0 136 49 
0 142 23 
0 166 26 
0 118 67 
0 75 32 
0 128 27 
0 121 20 
0 129 28 
0 119 58 
0 150 19 
0 125 30 
0 104 45 
0 147 65 
0 108 50 
0 108 92 
0 143 34 
0 131 25 
0 117 20 
0 87 12 
0 166 42 
0 88 89 
0 119 26 
0 112 40 
0 183 16 
0 163 42 
0 150 23 
0 112 18 
0 102 72 
0 181 30 
0 142 26 
0 102 54 
0 164 22 
0 57 27 
0 109 46 
0 136 104 
0 103 28 
0 115 18 
0 81 78 
0 125 64 
0 89 77 
0 112 40 
0 89 28 
0 156 47 
0 107 40 
0 90 26 
0 129 75 
0 85 49 
0 123 56 
0 167 45 
0 143 14 
0 104 17 
0 134 46 
0 174 57 
0 107 53 
0 102 51 
0 106 8 
0 101 30 
0 184 36 
0 172 19 
0 77 22 
0 72 73 
0 164 33 
0 160 42 
0 113 60 
0 116 18 
0 178 63 
0 144 121 
0 138 64 
0 128 30 
0 130 20 
0 123 58 
0 135 25 
0 112 61 
0 72 13 
0 140 50 
0 94 13 
0 96 46 
0 100 89 
0 131 12 
0 109 31 
0 137 16 
0 145 40 
0 121 24 
0 97 16 
0 126 26 
0 111 42 
0 104 45 
0 161 68 
0 154 41 
0 85 16 
0 126 41 
0 146 50 
0 76 3 
0 127 45 
0 121 57 
0 129 45 
0 78 16 
0 113 71 
0 148 40 
0 112 24 
0 144 35 
0 120 3 
0 109 18 
0 90 36 
0 67 99 
0 94 97 
0 53 48 
0 82 13 
0 108 75 
0 87 44 
0 119 66 
0 151 37 
0 143 47 
0 96 18 
0 172 29 
0 128 39 
0 121 34 
0 95 67 
0 113 38 
0 108 49 
0 147 48 
0 113 32 
0 115 88 
0 100 30 
0 143 57 
0 133 77 
0 107 43 
0 98 15 
0 178 1 
0 126 12 
0 108 13 
0 195 54 
0 150 21 
0 106 66 
0 93 11 
0 104 24 
0 122 42 
0 114 21 
0 58 14 
0 79 12 
0 116 29 
0 100 27 
0 92 37 
0 62 1 
0 169 27 
0 179 25 
0 92 32 
0 145 63 
0 118 26 
0 122 25 
0 125 2 
0 77 2 
0 86 17 
0 101 21 
0 163 23 
0 121 41 
0 105 36 
0 91 41 
0 111 23 
0 130 50 
0 116 17 
0 127 63 
0 77 46 
0 117 17 
0 171 91 
0 117 19 
0 103 30 
0 109 32 
0 103 64 
0 112 64 
0 96 51 
0 149 33 
0 98 17 
0 150 14 
0 133 21 
0 52 9 
0 82 44 
0 136 114 
0 95 60 
0 120 33 
0 143 28 
0 126 45 
0 127 45 
0 94 37 
0 160 46 
0 72 33 
0 144 82 
0 181 32 
0 168 56 
0 200 48 
0 61 27 
0 141 57 
0 86 36 
0 139 12 
0 130 25 
0 52 4 
0 87 71 
0 180 23 
0 101 106 
0 65 20 
0 100 6 
0 164 34 
0 122 23 
0 116 63 
0 118 31 
0 111 47 
0 84 45 
0 127 24 
0 124 18 
0 48 59 
0 141 48 
0 142 37 
0 111 21 
0 99 16 
0 156 25 
0 145 22 
0 131 10 
0 86 68 
0 116 15 
0 94 43 
0 96 26 
0 120 9 
0 86 36 
0 101 48 
0 176 10 
0 100 45 
0 99 49 
0 146 43 
0 106 68 
0 112 36 
0 103 35 
0 146 18 
0 96 45 
0 117 86 
0 99 87 
0 153 31 
0 173 28 
0 98 33 
0 168 67 
0 96 32 
0 98 30 
0 129 52 
0 133 6 
0 112 15 
0 169 92 
0 168 39 
0 141 26 
0 116 20 
0 120 63 
0 101 84 
0 126 25 
0 86 16 
0 146 56 
0 149 50 
0 121 47 
0 131 24 
0 78 44 
0 80 39 
0 121 41 
0 117 17 
0 93 75 
0 136 33 
0 83 20 
0 118 9 
0 110 25 
0 110 24 
0 112 35 
0 94 48 
0 111 38 
0 80 31 
0 140 49 
0 140 24 
0 146 34 
0 122 23 
0 103 69 
0 116 17 
0 148 20 
0 126 23 
0 60 43 
0 121 38 
0 95 23 
0 76 64 
0 114 43 
0 134 32 
0 88 60 
0 125 16 
0 100 38 
0 118 33 
0 120 43 
0 110 33 
0 72 37 
0 143 17 
0 153 28 
0 102 34 
0 93 48 
0 90 68 
0 46 15 
0 100 57 
0 118 58 
0 63 20 
0 115 10 
0 87 21 
0 137 85 
0 110 64 
0 148 28 
0 126 14 
0 93 67 
0 112 42 
0 191 27 
0 126 79 
0 119 19 
0 92 18 
0 113 50 
0 111 31 
0 93 45 
0 80 48 
0 112 60 
0 57 26 
0 121 19 
0 111 62 
0 110 29 
0 123 57 
0 143 32 
0 119 38 
0 151 55 
0 88 30 
0 104 26 
0 77 98 
0 120 72 
0 162 19 
0 85 57 
0 123 26 
0 96 46 
0 102 22 
0 115 17 
0 72 117 
0 106 43 
0 98 61 
0 99 50 
0 121 58 
0 190 16 
0 110 64 
0 142 33 
0 98 26 
0 122 32 
0 111 61 
0 74 38 
0 125 37 
0 138 49 
0 90 44 
0 131 39 
0 84 9 
0 130 22 
0 155 12 
0 127 11 
0 121 4 
0 101 66 
0 155 46 
0 143 34 
0 65 33 
0 70 11 
0 102 13 
0 104 49 
0 142 33 
0 165 19 
0 101 47 
0 89 43 
0 137 49 
0 81 3 
0 101 50 
0 106 52 
0 142 8 
0 118 87 
0 113 23 
0 113 11 
0 96 83 
0 110 28 
0 130 49 
0 146 28 
0 138 74 
0 139 36 
0 84 82 
0 111 35 
0 135 59 
0 123 15 
0 132 12 
0 143 32 
0 134 27 
0 136 23 
0 115 34 
0 82 30 
0 70 15 
0 84 66 
0 125 35 
0 36 46 
0 129 50 
0 123 19 
0 114 74 
0 105 9 
0 113 40 
0 131 12 
0 142 48 
0 109 57 
0 111 31 
0 188 60 
0 112 35 
0 154 40 
0 43 60 
0 126 31 
0 118 28 
0 78 21 
0 125 43 
0 107 58 
0 83 55 
0 118 32 
0 49 82 
0 71 15 
0 95 79 
0 122 98 
0 100 20 
0 101 21 
0 139 19 
0 108 31 
0 99 55 
0 120 23 
0 111 72 
0 109 40 
0 100 45 
0 118 41 
0 127 43 
0 115 58 
0 79 37 
0 105 63 
0 67 56 
0 152 154 
0 76 15 
0 81 41 
0 83 29 
0 111 32 
0 131 92 
0 153 37 
0 144 31 
0 91 36 
0 82 19 
0 96 69 
0 93 32 
0 106 83 
0 79 23 
0 109 33 
0 104 107 
0 155 11 
0 60 51 
0 99 26 
0 124 40 
0 90 55 
0 145 12 
0 101 34 
0 133 20 
0 101 43 
0 110 10 
0 142 12 
0 101 27 
0 103 30 
0 130 13 
0 63 43 
0 94 43 
0 134 22 
0 93 38 
0 69 53 
0 148 32 
0 59 39 
0 103 23 
0 105 46 
0 150 58 
0 108 34 
0 124 25 
0 76 44 
0 120 22 
0 169 44 
0 98 29 
0 105 17 
0 182 55 
0 147 64 
0 101 29 
0 98 20 
0 104 17 
0 102 19 
0 131 40 
0 127 111 
0 130 15 
0 99 23 
0 78 7 
0 81 32 
0 131 6 
0 110 56 
0 103 45 
0 87 30 
0 147 51 
0 129 36 
0 101 37 
0 109 29 
0 87 45 
0 101 7 
0 111 40 
0 85 37 
0 113 51 
0 122 17 
0 127 11 
0 115 64 
0 93 36 
0 149 17 
0 122 16 
0 134 95 
0 130 12 
0 101 31 
0 108 17 
0 101 65 
0 131 34 
0 106 56 
0 61 19 
0 81 43 
0 121 9 
0 173 17 
0 167 5 
0 112 20 
0 90 59 
0 134 66 
0 140 39 
0 149 22 
0 83 49 
0 107 21 
0 125 20 
0 121 26 
0 148 20 
0 84 31 
0 116 21 
0 61 47 
0 81 17 
0 188 42 
0 126 27 
0 175 77 
0 150 9 
0 98 50 
0 80 28 
0 102 28 
0 100 33 
0 124 44 
0 105 15 
0 99 61 
0 130 30 
0 105 34 
0 103 46 
0 188 38 
0 129 10 
0 81 11 
0 162 8 
0 104 39 
0 123 55 
0 90 29 
0 70 70 
0 114 18 
0 86 112 
0 80 19 
0 120 55 
0 166 42 
0 91 30 
0 136 34 
0 141 34 
0 69 59 
0 143 67 
0 109 50 
0 119 47 
0 156 35 
0 152 33 
0 85 3 
0 101 25 
0 85 41 
0 151 17 
0 90 1 
0 114 18 
0 108 3 
0 91 28 
0 169 56 
0 63 27 
0 115 2 
0 153 36 
0 72 16 
0 98 39 
0 113 55 
0 96 12 
0 109 71 
