0 5 211 
0 10 157 
0 8 177 
0 20 184 
0 13 161 
0 36 137 
0 14 228 
0 11 221 
0 19 133 
0 14 219 
0 18 189 
0 7 193 
0 26 198 
0 12 207 
0 11 237 
0 26 187 
0 16 200 
0 3 177 
0 22 222 
0 26 248 
0 10 157 
0 19 207 
0 18 189 
0 26 184 
0 6 192 
0 13 174 
0 17 176 
0 19 155 
0 0 150 
0 16 203 
0 13 167 
0 33 158 
0 19 203 
0 15 143 
0 18 189 
0 8 205 
0 8 124 
0 20 133 
0 2 181 
0 16 161 
0 9 209 
0 12 157 
0 18 198 
0 9 141 
0 7 218 
0 13 192 
0 18 185 
0 15 148 
0 28 147 
0 14 246 
0 8 224 
0 7 186 
0 6 199 
0 11 136 
0 38 208 
0 6 130 
0 20 200 
0 9 182 
0 10 165 
0 0 189 
0 11 210 
0 24 140 
0 7 268 
0 4 196 
0 24 177 
0 19 225 
0 12 283 
0 19 183 
0 20 180 
0 21 194 
0 47 134 
0 16 263 
0 16 142 
0 12 146 
0 15 136 
0 23 185 
0 9 184 
0 20 175 
0 4 190 
0 20 166 
0 30 155 
0 16 184 
0 6 144 
0 21 160 
0 13 180 
0 23 160 
0 20 199 
0 11 282 
0 24 185 
0 27 156 
0 15 229 
0 10 142 
0 25 187 
0 11 176 
0 12 161 
0 26 172 
0 19 173 
0 15 145 
0 10 224 
0 10 197 
0 11 149 
0 4 196 
0 15 159 
0 15 170 
0 9 221 
0 8 176 
0 24 162 
0 24 190 
0 15 182 
0 21 212 
0 5 192 
0 11 142 
0 6 162 
0 15 177 
0 7 173 
0 12 176 
0 31 154 
0 17 155 
0 32 182 
0 5 151 
0 16 226 
0 5 184 
0 15 206 
0 5 164 
0 10 220 
0 8 184 
0 18 205 
0 25 178 
0 24 200 
0 17 155 
0 14 224 
0 15 161 
0 27 208 
0 17 163 
0 15 165 
0 5 220 
0 11 156 
0 16 204 
0 6 174 
0 9 127 
0 9 193 
0 25 186 
0 20 192 
0 10 178 
0 32 286 
0 3 148 
0 6 181 
0 15 264 
0 5 158 
0 26 154 
0 29 196 
0 8 172 
0 10 172 
0 7 209 
0 2 165 
0 18 199 
0 11 167 
0 17 112 
0 2 146 
0 18 178 
0 14 263 
0 7 160 
0 4 171 
0 5 214 
0 2 180 
0 33 187 
0 10 190 
0 10 160 
0 6 181 
0 5 129 
0 7 173 
0 9 142 
0 9 152 
0 9 156 
0 9 177 
0 12 145 
0 11 139 
0 6 171 
0 9 144 
0 4 206 
0 10 217 
0 12 186 
0 16 190 
0 7 209 
0 7 168 
0 19 199 
0 22 187 
0 1 171 
0 16 166 
0 9 168 
0 7 147 
0 2 186 
0 31 177 
0 20 153 
0 3 139 
0 8 197 
0 16 236 
0 20 170 
0 5 165 
0 17 189 
0 17 185 
0 19 130 
0 8 216 
0 12 158 
0 4 274 
0 19 165 
0 5 244 
0 10 162 
0 10 154 
0 12 216 
0 11 220 
0 21 215 
0 3 181 
0 12 242 
0 27 209 
0 23 266 
0 13 196 
0 6 138 
0 19 188 
0 21 187 
0 15 132 
0 21 172 
0 19 211 
0 4 192 
0 6 136 
0 25 133 
0 16 136 
0 9 202 
0 12 223 
0 18 183 
0 14 196 
0 9 215 
0 18 195 
0 54 159 
0 18 176 
0 14 182 
0 14 221 
0 25 167 
0 18 176 
0 19 153 
0 11 162 
0 30 188 
0 32 232 
0 10 163 
0 9 205 
0 14 194 
0 31 196 
0 15 209 
0 11 137 
0 19 190 
0 14 155 
0 32 200 
0 15 179 
0 18 220 
0 7 226 
0 16 168 
0 15 179 
0 7 188 
0 31 219 
0 16 140 
0 13 153 
0 16 212 
0 3 189 
0 14 217 
0 25 135 
0 16 167 
0 14 179 
0 17 152 
0 11 188 
0 13 188 
0 37 174 
0 18 223 
0 19 176 
0 21 162 
0 20 179 
0 4 122 
0 15 168 
0 14 217 
0 4 188 
0 18 170 
0 23 138 
0 16 225 
0 13 171 
0 12 155 
0 11 172 
0 24 183 
0 2 184 
0 18 140 
0 7 204 
0 17 183 
0 41 112 
0 24 183 
0 16 187 
0 24 180 
0 22 154 
0 32 125 
0 17 198 
0 10 187 
0 18 216 
0 14 194 
0 17 140 
0 8 179 
0 11 171 
0 15 148 
0 16 181 
0 5 229 
0 15 155 
0 7 147 
0 13 186 
0 19 142 
0 20 195 
0 6 201 
0 12 196 
0 11 196 
0 16 169 
0 22 152 
0 8 177 
0 22 182 
0 12 212 
0 5 159 
0 29 166 
0 12 174 
0 5 156 
0 8 143 
0 20 148 
0 4 144 
0 7 164 
0 17 185 
0 14 189 
0 18 178 
0 17 183 
0 5 165 
0 12 140 
0 37 177 
0 23 187 
0 14 174 
0 29 162 
0 8 168 
0 8 177 
0 5 207 
0 20 138 
0 29 192 
0 18 207 
0 13 173 
0 11 144 
0 15 211 
0 8 192 
0 10 210 
0 16 220 
0 17 195 
0 20 154 
0 17 210 
0 10 111 
0 23 144 
0 6 194 
0 13 172 
0 21 194 
0 5 147 
0 7 159 
0 14 238 
0 14 235 
0 16 204 
0 11 223 
0 28 204 
0 21 146 
0 4 249 
0 1 213 
0 16 209 
0 5 167 
0 7 164 
0 16 205 
0 10 183 
0 5 162 
0 5 172 
0 9 176 
0 8 195 
0 14 169 
0 13 227 
0 4 159 
0 8 177 
0 19 170 
0 18 151 
0 10 253 
0 12 201 
0 0 202 
0 15 218 
0 1 169 
0 6 133 
0 18 129 
0 9 138 
0 7 171 
0 9 169 
0 15 211 
0 12 202 
0 25 147 
0 46 174 
0 5 167 
0 19 162 
0 12 161 
0 13 189 
0 20 194 
0 29 150 
0 17 130 
0 23 210 
0 13 149 
0 18 216 
0 2 197 
0 29 176 
0 16 158 
0 9 133 
0 35 216 
0 31 191 
0 4 214 
0 9 181 
0 15 208 
0 21 148 
0 12 237 
0 28 171 
0 33 182 
0 23 197 
0 7 137 
0 16 184 
0 9 243 
0 22 145 
0 9 159 
0 30 150 
0 10 205 
0 28 138 
0 11 218 
0 19 174 
0 17 162 
0 31 175 
0 12 210 
0 6 186 
0 14 158 
0 22 138 
0 7 135 
0 16 252 
0 32 163 
0 18 151 
0 12 162 
0 28 162 
0 8 161 
0 20 185 
0 10 228 
0 17 149 
0 15 149 
0 20 152 
0 19 159 
0 12 191 
0 15 190 
0 11 182 
0 36 227 
0 28 138 
0 14 150 
0 11 234 
0 13 186 
0 12 148 
0 15 150 
0 8 236 
0 5 183 
0 25 188 
0 8 174 
0 24 213 
0 18 196 
0 14 153 
0 6 177 
0 7 164 
0 24 171 
0 29 152 
0 6 182 
0 7 173 
0 5 140 
0 2 203 
0 11 223 
0 31 157 
0 27 176 
0 21 244 
0 10 205 
0 6 199 
0 21 176 
0 10 149 
0 13 236 
0 28 232 
0 10 207 
0 22 176 
0 24 189 
0 10 163 
0 8 162 
0 4 178 
0 7 184 
0 26 184 
0 13 218 
0 7 242 
0 15 217 
0 6 157 
0 14 196 
0 11 133 
0 29 184 
0 18 164 
0 16 143 
0 11 159 
0 9 196 
0 7 193 
0 20 142 
0 22 209 
0 23 161 
0 33 208 
0 5 163 
0 14 178 
0 7 239 
0 16 210 
0 28 188 
0 14 198 
0 8 140 
0 14 174 
0 9 208 
0 15 208 
0 23 172 
0 25 211 
0 9 209 
0 14 184 
0 20 172 
0 3 168 
0 19 165 
0 4 166 
0 16 235 
0 30 202 
0 10 180 
0 3 192 
0 48 160 
0 21 191 
0 14 165 
0 12 191 
0 26 168 
0 5 199 
0 20 143 
0 9 196 
0 10 118 
0 33 202 
0 6 162 
0 9 178 
0 17 163 
0 4 148 
0 10 191 
0 20 233 
0 22 187 
0 11 158 
0 22 113 
0 7 207 
0 16 193 
0 13 165 
0 6 202 
0 12 169 
0 5 226 
0 8 139 
0 12 147 
0 22 173 
0 22 146 
0 52 170 
0 4 225 
0 15 211 
0 13 221 
0 7 171 
0 8 175 
0 8 205 
0 12 213 
0 16 245 
0 10 201 
0 10 159 
0 14 191 
0 17 162 
0 5 202 
0 12 174 
0 14 213 
0 19 255 
0 23 139 
0 13 179 
0 4 289 
0 20 172 
0 13 205 
0 19 141 
0 11 136 
0 24 140 
0 18 186 
0 7 195 
0 9 148 
0 25 146 
0 4 205 
0 9 180 
0 3 178 
0 17 151 
0 10 222 
0 11 188 
0 15 179 
0 9 215 
0 18 183 
0 20 176 
0 25 222 
0 8 195 
0 40 231 
0 8 212 
0 25 152 
0 37 190 
0 17 194 
0 14 182 
0 11 174 
0 8 287 
0 29 166 
0 4 248 
0 13 219 
0 33 180 
0 15 174 
0 13 176 
0 25 203 
0 3 168 
0 30 171 
0 20 122 
0 14 160 
0 12 256 
0 28 162 
0 24 181 
0 34 219 
0 15 164 
0 6 208 
0 4 237 
0 27 180 
0 15 154 
0 1 142 
0 13 195 
0 16 187 
0 40 179 
0 13 173 
0 12 193 
0 9 182 
0 8 193 
0 45 187 
0 12 199 
0 6 206 
0 21 242 
0 17 195 
0 20 158 
0 17 254 
0 9 168 
0 4 178 
0 2 136 
0 4 192 
0 2 174 
0 5 167 
0 33 162 
0 3 178 
0 10 225 
0 14 168 
0 23 215 
0 8 168 
0 14 196 
0 11 190 
0 14 205 
0 12 134 
0 12 154 
0 5 198 
0 13 273 
0 31 140 
0 13 179 
0 14 148 
0 5 154 
0 8 209 
0 17 226 
0 12 201 
0 5 189 
0 21 225 
0 23 178 
0 12 177 
0 12 173 
0 23 149 
0 8 121 
0 23 191 
0 22 155 
0 9 234 
0 14 207 
0 24 174 
0 14 173 
0 9 154 
0 28 170 
0 10 215 
0 7 168 
0 20 184 
0 22 184 
0 1 187 
0 18 188 
0 11 161 
0 14 194 
0 11 196 
0 21 118 
0 8 196 
0 19 198 
0 7 223 
0 23 251 
0 2 138 
0 24 222 
0 19 219 
0 16 145 
0 4 259 
0 33 156 
0 12 184 
0 12 191 
0 42 168 
0 31 212 
0 12 196 
0 8 189 
0 7 172 
0 12 137 
0 26 205 
0 35 190 
0 6 176 
0 15 198 
0 4 213 
0 9 168 
0 15 188 
0 12 146 
0 19 235 
0 10 139 
0 20 162 
0 11 173 
0 20 195 
0 20 175 
0 19 248 
0 9 193 
0 39 213 
0 10 191 
0 10 179 
0 11 249 
0 26 209 
0 7 154 
0 31 178 
0 20 165 
0 22 221 
0 26 239 
0 13 142 
0 8 174 
0 34 131 
0 19 150 
0 5 165 
0 10 176 
0 6 173 
0 13 149 
0 8 161 
0 12 150 
0 15 176 
0 15 218 
0 36 199 
0 7 183 
0 9 161 
0 9 183 
0 16 201 
0 6 151 
0 14 178 
0 7 129 
0 5 179 
0 22 154 
0 23 160 
0 11 153 
0 20 142 
0 21 172 
0 7 200 
0 18 176 
0 16 165 
0 21 233 
0 15 190 
0 7 176 
0 27 264 
0 15 145 
0 22 169 
0 56 177 
0 6 139 
0 32 163 
0 20 232 
0 27 116 
0 19 214 
0 16 245 
0 12 159 
0 13 152 
0 28 190 
0 24 230 
0 10 160 
0 20 164 
0 29 172 
0 0 212 
0 12 161 
0 14 155 
0 21 211 
0 18 184 
0 30 131 
0 7 184 
0 12 163 
0 1 177 
0 35 157 
0 10 219 
0 7 170 
0 13 199 
0 26 180 
0 8 181 
0 9 185 
0 19 206 
0 7 127 
0 5 135 
0 20 198 
0 11 215 
0 23 169 
0 11 164 
0 12 170 
0 19 187 
0 18 193 
0 9 183 
0 6 200 
0 8 182 
0 10 185 
0 2 174 
0 48 144 
0 22 140 
0 13 177 
0 11 234 
0 10 141 
0 8 144 
0 15 233 
0 13 207 
0 4 206 
0 19 235 
0 11 139 
0 17 182 
0 6 165 
0 15 238 
0 6 196 
0 12 198 
0 33 176 
0 7 182 
0 16 226 
0 6 242 
0 7 148 
0 28 205 
0 22 256 
0 15 176 
0 13 168 
0 25 174 
0 11 231 
0 5 158 
0 35 169 
0 37 164 
0 19 182 
0 14 181 
0 3 225 
0 19 161 
0 30 162 
0 24 140 
0 4 193 
0 12 191 
0 1 188 
0 21 192 
0 10 175 
0 6 149 
0 35 153 
0 13 232 
0 18 219 
0 18 215 
0 14 208 
0 21 156 
0 12 217 
0 9 204 
0 11 185 
0 28 177 
0 20 243 
0 22 187 
0 12 153 
0 21 174 
0 10 206 
0 10 150 
0 7 151 
0 16 180 
0 8 125 
0 15 198 
0 19 196 
0 10 175 
0 15 193 
0 7 173 
0 19 113 
0 2 194 
0 18 144 
0 14 151 
0 19 145 
0 2 163 
0 29 143 
0 18 154 
0 16 163 
0 31 154 
0 14 138 
0 14 203 
0 12 180 
0 42 166 
0 20 136 
0 10 168 
0 19 222 
0 9 180 
0 14 190 
0 35 182 
0 11 178 
0 8 186 
0 18 220 
0 13 123 
0 7 242 
0 9 169 
0 12 208 
0 18 152 
0 15 197 
0 12 172 
0 15 150 
0 32 180 
0 11 167 
0 4 166 
0 3 167 
0 8 190 
0 17 151 
0 22 140 
0 19 219 
0 14 249 
0 17 195 
0 5 199 
0 14 185 
0 8 123 
0 15 175 
0 16 218 
0 35 139 
0 12 173 
0 8 205 
0 2 283 
0 16 181 
0 7 245 
0 14 173 
0 25 192 
0 16 168 
0 48 170 
0 25 162 
0 3 149 
0 11 223 
0 22 183 
0 12 181 
0 20 159 
0 5 157 
0 11 232 
0 25 201 
0 18 170 
0 12 163 
0 31 216 
0 12 203 
0 3 197 
0 23 156 
0 17 161 
0 15 176 
0 15 175 
0 23 152 
0 21 190 
0 7 135 
0 4 251 
0 12 185 
0 23 193 
0 2 224 
0 21 195 
0 15 218 
0 4 193 
0 17 179 
0 10 129 
0 29 155 
0 41 192 
0 12 178 
0 25 214 
0 11 241 
0 11 228 
0 14 148 
0 2 186 
0 12 169 
0 19 242 
0 27 195 
0 22 237 
0 23 206 
0 7 160 
0 5 213 
0 11 163 
0 18 204 
0 12 172 
0 8 161 
0 31 207 
0 4 206 
0 10 184 
0 6 198 
0 13 199 
0 22 171 
0 1 123 
0 17 144 
0 4 140 
0 6 171 
0 3 151 
