335 344 321 
413 287 300 
361 323 316 
356 316 328 
401 283 316 
411 310 279 
346 349 305 
400 312 288 
351 359 290 
372 352 276 
347 309 344 
387 336 277 
424 298 278 
382 322 296 
401 322 277 
370 325 305 
437 287 276 
394 300 306 
383 308 309 
373 312 315 
393 290 317 
384 317 299 
360 291 349 
395 308 297 
355 333 312 
391 310 299 
372 290 338 
416 297 287 
357 342 301 
364 319 317 
384 315 301 
356 349 295 
389 316 295 
369 338 293 
404 305 291 
343 308 349 
360 355 285 
359 308 333 
332 317 351 
411 324 265 
399 302 299 
450 290 260 
326 338 336 
386 305 309 
422 297 281 
391 319 290 
425 318 257 
372 317 311 
397 321 282 
374 317 309 
309 339 352 
380 310 310 
402 314 284 
362 282 356 
349 317 334 
384 339 277 
389 304 307 
359 334 307 
365 298 337 
302 347 351 
386 295 319 
342 305 353 
381 346 273 
425 290 285 
383 289 328 
374 311 315 
375 338 287 
389 303 308 
366 295 339 
335 302 363 
419 294 287 
364 309 327 
337 333 330 
364 300 336 
369 301 330 
369 332 299 
381 337 282 
362 314 324 
398 325 277 
423 304 273 
381 315 304 
391 248 361 
396 334 270 
400 314 286 
295 307 398 
442 288 270 
375 325 300 
348 310 342 
402 317 281 
386 307 307 
433 306 261 
356 315 329 
365 350 285 
390 296 314 
383 316 301 
401 316 283 
328 297 375 
398 322 280 
380 323 297 
352 351 297 
362 291 347 
385 310 305 
366 311 323 
381 298 321 
411 266 323 
367 318 315 
352 324 324 
382 319 299 
396 317 287 
348 340 312 
363 326 311 
400 308 292 
379 311 310 
352 340 308 
401 301 298 
387 280 333 
349 322 329 
380 305 315 
358 354 288 
368 271 361 
376 310 314 
375 312 313 
410 279 311 
364 300 336 
372 324 304 
344 359 297 
377 334 289 
377 283 340 
356 319 325 
359 342 299 
366 301 333 
417 263 320 
375 295 330 
349 336 315 
412 322 266 
407 300 293 
394 312 294 
371 298 331 
381 308 311 
343 280 377 
391 333 276 
356 322 322 
420 296 284 
390 305 305 
375 321 304 
381 314 305 
401 308 291 
405 331 264 
418 293 289 
355 340 305 
419 301 280 
359 332 309 
393 333 274 
332 297 371 
359 310 331 
396 321 283 
381 312 307 
360 335 305 
408 299 293 
353 326 321 
385 342 273 
393 286 321 
384 294 322 
361 269 370 
376 307 317 
390 326 284 
403 304 293 
361 324 315 
383 322 295 
387 301 312 
358 308 334 
340 325 335 
369 334 297 
451 254 295 
357 321 322 
416 303 281 
331 291 378 
356 317 327 
375 332 293 
369 292 339 
372 342 286 
355 342 303 
386 314 300 
353 335 312 
393 306 301 
363 342 295 
383 311 306 
361 314 325 
401 322 277 
381 330 289 
376 301 323 
394 294 312 
409 287 304 
388 300 312 
388 299 313 
414 271 315 
394 296 310 
395 307 298 
385 300 315 
358 320 322 
361 346 293 
419 292 289 
389 305 306 
343 287 370 
331 328 341 
372 316 312 
377 317 306 
386 329 285 
383 321 296 
336 341 323 
369 302 329 
405 316 279 
437 310 253 
363 294 343 
336 309 355 
418 303 279 
394 292 314 
374 340 286 
374 319 307 
384 325 291 
330 346 324 
373 320 307 
423 280 297 
400 297 303 
368 298 334 
369 260 371 
394 293 313 
420 305 275 
350 334 316 
384 317 299 
362 349 289 
357 293 350 
361 360 279 
432 283 285 
342 316 342 
368 335 297 
391 322 287 
390 344 266 
366 310 324 
354 355 291 
450 286 264 
365 331 304 
391 315 294 
401 277 322 
407 290 303 
349 331 320 
381 293 326 
352 296 352 
364 314 322 
350 333 317 
402 283 315 
407 309 284 
374 348 278 
376 309 315 
374 309 317 
452 254 294 
323 309 368 
372 309 319 
369 320 311 
396 306 298 
370 331 299 
382 322 296 
391 325 284 
368 313 319 
415 315 270 
369 320 311 
355 320 325 
352 356 292 
329 319 352 
385 298 317 
339 330 331 
419 320 261 
400 320 280 
393 297 310 
395 313 292 
373 329 298 
374 322 304 
341 337 322 
378 333 289 
396 285 319 
301 261 438 
350 321 329 
317 280 403 
409 317 274 
389 328 283 
382 321 297 
414 331 255 
409 305 286 
359 317 324 
356 320 324 
389 321 290 
332 333 335 
346 340 314 
368 312 320 
358 334 308 
348 336 316 
334 320 346 
382 305 313 
401 298 301 
356 336 308 
393 323 284 
362 327 311 
387 278 335 
433 275 292 
397 320 283 
398 294 308 
377 337 286 
354 337 309 
384 306 310 
361 338 301 
390 328 282 
406 326 268 
344 320 336 
378 280 342 
399 281 320 
387 329 284 
396 289 315 
410 268 322 
347 324 329 
400 288 312 
388 301 311 
400 336 264 
375 306 319 
380 325 295 
381 304 315 
366 325 309 
355 336 309 
362 329 309 
330 332 338 
389 317 294 
438 338 224 
365 315 320 
416 283 301 
387 318 295 
370 313 317 
419 297 284 
381 297 322 
342 340 318 
387 295 318 
395 312 293 
386 297 317 
376 320 304 
370 330 300 
363 320 317 
395 315 290 
403 310 287 
404 305 291 
367 333 300 
380 284 336 
421 324 255 
357 316 327 
340 322 338 
410 281 309 
359 318 323 
396 291 313 
368 333 299 
354 306 340 
393 298 309 
399 314 287 
364 317 319 
420 309 271 
352 330 318 
368 292 340 
410 311 279 
381 328 291 
383 340 277 
377 309 314 
418 293 289 
325 331 344 
385 313 302 
348 341 311 
389 273 338 
353 324 323 
395 285 320 
329 313 358 
399 322 279 
381 304 315 
383 302 315 
358 319 323 
355 308 337 
341 341 318 
412 299 289 
380 326 294 
372 337 291 
379 320 301 
404 326 270 
401 289 310 
373 323 304 
366 334 300 
386 306 308 
391 320 289 
409 316 275 
386 270 344 
340 299 361 
342 310 348 
362 272 366 
374 291 335 
368 301 331 
371 338 291 
342 338 320 
342 319 339 
379 325 296 
364 325 311 
393 295 312 
385 313 302 
375 323 302 
385 299 316 
426 311 263 
380 307 313 
384 297 319 
407 323 270 
348 315 337 
397 336 267 
368 328 304 
398 305 297 
359 291 350 
418 267 315 
327 366 307 
408 284 308 
354 312 334 
369 319 312 
413 295 292 
370 324 306 
399 311 290 
361 324 315 
369 323 308 
405 288 307 
348 326 326 
352 325 323 
360 322 318 
337 297 366 
360 310 330 
405 316 279 
351 316 333 
379 328 293 
407 291 302 
379 308 313 
381 283 336 
364 352 284 
354 284 362 
368 334 298 
336 302 362 
353 345 302 
385 313 302 
374 305 321 
462 284 254 
358 324 318 
366 322 312 
369 351 280 
330 313 357 
368 315 317 
373 315 312 
383 317 300 
333 337 330 
398 297 305 
387 286 327 
366 325 309 
373 362 265 
416 346 238 
376 309 315 
385 314 301 
383 317 300 
411 276 313 
384 293 323 
379 316 305 
389 325 286 
405 315 280 
364 333 303 
402 289 309 
388 311 301 
340 335 325 
418 325 257 
378 315 307 
363 363 274 
409 321 270 
401 319 280 
329 341 330 
373 303 324 
395 334 271 
348 352 300 
371 283 346 
403 309 288 
367 305 328 
389 313 298 
372 307 321 
372 294 334 
383 319 298 
379 307 314 
388 302 310 
445 293 262 
407 300 293 
366 332 302 
361 337 302 
365 334 301 
377 319 304 
401 315 284 
375 314 311 
355 326 319 
369 329 302 
354 333 313 
361 304 335 
391 301 308 
388 320 292 
384 319 297 
386 278 336 
361 349 290 
343 301 356 
381 325 294 
387 326 287 
392 317 291 
380 350 270 
357 328 315 
388 338 274 
386 337 277 
370 326 304 
328 320 352 
392 319 289 
373 313 314 
336 304 360 
393 310 297 
360 357 283 
339 292 369 
382 323 295 
427 304 269 
346 318 336 
420 309 271 
435 252 313 
393 311 296 
400 297 303 
370 287 343 
410 278 312 
355 338 307 
363 338 299 
328 321 351 
433 316 251 
381 322 297 
342 341 317 
393 294 313 
383 326 291 
418 272 310 
342 318 340 
398 304 298 
383 340 277 
429 300 271 
419 311 270 
411 306 283 
444 272 284 
337 333 330 
402 275 323 
355 340 305 
405 303 292 
351 333 316 
361 333 306 
398 281 321 
324 307 369 
378 304 318 
367 336 297 
367 318 315 
366 324 310 
363 321 316 
434 300 266 
378 338 284 
374 325 301 
394 272 334 
344 354 302 
354 351 295 
329 358 313 
384 335 281 
359 344 297 
371 363 266 
376 329 295 
407 305 288 
390 327 283 
417 360 223 
371 328 301 
407 301 292 
392 319 289 
368 322 310 
363 323 314 
379 301 320 
354 304 342 
392 296 312 
377 257 366 
385 335 280 
378 281 341 
375 303 322 
396 318 286 
375 340 285 
383 313 304 
367 327 306 
360 335 305 
431 288 281 
360 375 265 
330 333 337 
404 287 309 
351 327 322 
360 341 299 
370 314 316 
394 290 316 
389 293 318 
371 300 329 
379 332 289 
414 304 282 
400 330 270 
398 333 269 
382 336 282 
334 327 339 
383 309 308 
393 319 288 
361 313 326 
344 349 307 
392 296 312 
395 346 259 
379 273 348 
426 294 280 
370 304 326 
355 327 318 
447 281 272 
358 308 334 
329 349 322 
352 310 338 
387 309 304 
366 306 328 
330 320 350 
416 281 303 
389 313 298 
404 304 292 
344 324 332 
427 288 285 
366 308 326 
392 318 290 
379 302 319 
411 300 289 
348 343 309 
366 311 323 
355 308 337 
410 284 306 
368 316 316 
309 307 384 
370 323 307 
361 301 338 
394 347 259 
392 305 303 
379 293 328 
418 335 247 
349 337 314 
372 315 313 
367 321 312 
361 313 326 
388 325 287 
351 284 365 
365 314 321 
318 303 379 
434 293 273 
364 352 284 
365 333 302 
398 314 288 
386 313 301 
409 265 326 
354 314 332 
378 303 319 
412 321 267 
381 299 320 
389 308 303 
364 328 308 
380 324 296 
391 307 302 
380 317 303 
390 313 297 
363 320 317 
433 301 266 
364 326 310 
390 299 311 
366 319 315 
379 340 281 
380 282 338 
373 314 313 
350 346 304 
370 322 308 
302 274 424 
419 283 298 
375 326 299 
342 336 322 
401 292 307 
427 293 280 
403 320 277 
384 326 290 
378 320 302 
332 342 326 
369 324 307 
373 347 280 
407 333 260 
375 332 293 
386 304 310 
381 314 305 
354 294 352 
388 335 277 
368 319 313 
402 285 313 
362 320 318 
425 309 266 
412 301 287 
414 291 295 
349 320 331 
374 322 304 
363 331 306 
426 305 269 
428 270 302 
361 348 291 
370 298 332 
398 317 285 
373 337 290 
322 348 330 
330 330 340 
410 292 298 
388 302 310 
432 305 263 
369 293 338 
353 322 325 
397 294 309 
368 315 317 
350 333 317 
369 293 338 
381 338 281 
379 282 339 
360 326 314 
388 298 314 
341 345 314 
425 296 279 
365 304 331 
376 361 263 
361 322 317 
381 328 291 
373 329 298 
361 325 314 
336 326 338 
383 313 304 
362 318 320 
391 274 335 
367 326 307 
404 309 287 
378 330 292 
355 309 336 
399 297 304 
353 303 344 
348 334 318 
405 342 253 
382 304 314 
387 317 296 
409 299 292 
427 295 278 
396 297 307 
360 282 358 
411 325 264 
406 307 287 
385 307 308 
348 301 351 
403 294 303 
368 321 311 
360 315 325 
369 322 309 
408 284 308 
363 318 319 
398 316 286 
380 333 287 
378 332 290 
335 331 334 
364 335 301 
416 309 275 
396 280 324 
346 306 348 
390 317 293 
369 361 270 
381 342 277 
393 318 289 
391 285 324 
368 344 288 
389 316 295 
423 289 288 
331 337 332 
373 312 315 
355 306 339 
364 294 342 
415 325 260 
327 271 402 
358 318 324 
382 323 295 
402 312 286 
402 286 312 
394 310 296 
366 332 302 
387 289 324 
369 325 306 
351 316 333 
370 302 328 
400 342 258 
361 295 344 
418 250 332 
333 308 359 
360 314 326 
373 302 325 
348 254 398 
372 322 306 
367 307 326 
413 274 313 
359 340 301 
343 337 320 
337 357 306 
355 356 289 
396 345 259 
363 313 324 
378 329 293 
319 314 367 
404 276 320 
392 295 313 
358 340 302 
404 324 272 
354 359 287 
348 315 337 
394 294 312 
396 277 327 
342 321 337 
383 314 303 
345 339 316 
396 303 301 
337 334 329 
397 324 279 
388 295 317 
394 335 271 
348 346 306 
333 338 329 
364 341 295 
382 341 277 
389 304 307 
346 285 369 
365 314 321 
400 346 254 
364 300 336 
397 282 321 
375 338 287 
382 326 292 
441 302 257 
394 300 306 
413 318 269 
343 259 398 
390 311 299 
369 326 305 
370 318 312 
352 304 344 
419 306 275 
386 333 281 
396 272 332 
352 327 321 
452 290 258 
396 309 295 
377 328 295 
375 322 303 
368 318 314 
393 298 309 
397 294 309 
345 327 328 
352 326 322 
369 319 312 
424 270 306 
396 319 285 
346 331 323 
393 306 301 
359 307 334 
380 317 303 
453 306 241 
373 316 311 
342 334 324 
436 295 269 
353 330 317 
338 337 325 
413 307 280 
398 300 302 
361 304 335 
382 346 272 
391 318 291 
345 339 316 
358 305 337 
363 347 290 
376 317 307 
364 333 303 
352 346 302 
375 285 340 
378 320 302 
383 282 335 
365 282 353 
365 288 347 
423 270 307 
421 313 266 
394 312 294 
390 318 292 
385 315 300 
377 323 300 
421 273 306 
380 322 298 
400 309 291 
363 330 307 
387 330 283 
337 299 364 
399 307 294 
362 327 311 
354 307 339 
340 309 351 
354 315 331 
381 307 312 
351 299 350 
334 322 344 
356 335 309 
367 311 322 
386 309 305 
344 343 313 
384 308 308 
362 279 359 
368 346 286 
362 319 319 
335 343 322 
334 313 353 
323 334 343 
375 328 297 
383 342 275 
335 307 358 
381 288 331 
334 326 340 
342 341 317 
376 301 323 
375 314 311 
418 312 270 
398 293 309 
418 294 288 
346 332 322 
341 318 341 
365 290 345 
354 321 325 
366 271 363 
345 352 303 
396 298 306 
418 304 278 
327 326 347 
363 321 316 
403 327 270 
439 288 273 
352 340 308 
342 306 352 
400 331 269 
344 339 317 
366 335 299 
378 332 290 
419 282 299 
417 290 293 
406 319 275 
363 330 307 
360 311 329 
385 311 304 
355 318 327 
377 348 275 
360 299 341 
394 318 288 
408 294 298 
376 307 317 
382 283 335 
399 308 293 
380 311 309 
378 260 362 
365 339 296 
401 321 278 
422 283 295 
379 318 303 
399 327 274 
385 327 288 
331 321 348 
420 271 309 
384 327 289 
387 318 295 
372 287 341 
386 316 298 
351 273 376 
405 280 315 
384 327 289 
442 281 277 
401 329 270 
368 333 299 
376 329 295 
330 274 396 
321 279 400 
373 303 324 
350 329 321 
417 328 255 
365 291 344 
356 371 273 
411 322 267 
337 317 346 
430 283 287 
394 325 281 
389 347 264 
367 334 299 
349 312 339 
