0 17 305 21 0 
0 111 166 13 0 
0 64 405 110 0 
0 137 250 36 0 
2 24 221 3 0 
0 35 291 18 0 
2 33 268 11 0 
0 33 398 9 0 
3 68 331 32 0 
0 1 483 23 0 
0 35 510 14 0 
0 20 379 44 0 
0 23 391 85 0 
0 33 391 59 0 
0 2 456 19 0 
0 33 362 29 0 
0 29 533 22 0 
7 44 443 6 0 
0 19 223 29 0 
4 29 204 95 0 
0 85 380 40 0 
0 98 275 64 0 
0 39 368 17 0 
0 5 330 11 0 
0 61 434 59 0 
1 2 336 51 0 
0 9 248 15 0 
0 3 337 47 0 
0 14 314 14 0 
0 33 398 104 0 
0 32 486 82 0 
0 31 278 67 0 
1 19 413 67 0 
0 31 432 8 0 
1 23 257 19 0 
0 41 330 75 0 
0 48 231 46 0 
1 21 203 27 0 
0 3 340 3 0 
0 174 302 6 0 
0 108 165 70 0 
0 29 331 43 0 
0 46 396 14 0 
0 15 452 21 0 
7 33 357 30 0 
0 86 256 15 0 
0 32 289 5 0 
0 14 391 6 0 
1 51 298 60 0 
0 69 253 84 0 
1 8 405 38 0 
0 19 268 2 0 
0 17 234 9 0 
0 71 136 147 0 
0 36 338 37 0 
0 21 413 68 0 
14 9 391 26 0 
0 31 470 0 0 
1 116 336 20 0 
0 25 372 55 0 
0 20 343 28 0 
0 38 371 18 0 
0 31 352 84 0 
0 167 243 81 0 
0 60 387 35 0 
0 1 273 21 0 
0 57 169 62 0 
0 9 209 1 0 
0 26 581 3 0 
0 69 219 26 0 
1 20 213 37 0 
0 29 158 52 0 
0 42 263 27 0 
0 13 246 72 0 
0 24 405 15 0 
0 17 382 21 0 
0 44 236 27 0 
0 29 244 106 0 
1 89 250 35 0 
0 11 225 111 0 
0 107 289 8 0 
0 79 335 25 0 
0 50 434 1 0 
0 25 331 8 0 
0 35 280 19 0 
1 34 193 8 0 
0 4 424 40 0 
1 66 234 43 0 
0 147 415 32 0 
0 53 460 14 0 
0 8 379 6 0 
1 42 206 15 0 
7 44 322 23 0 
0 30 343 150 0 
0 7 326 49 0 
0 24 428 71 0 
0 27 290 47 0 
0 1 380 130 0 
45 49 208 12 0 
1 25 360 13 0 
1 36 274 69 0 
0 68 184 13 0 
0 69 277 18 0 
0 6 413 97 0 
0 87 283 125 0 
0 19 330 5 0 
0 117 210 27 0 
0 12 267 18 0 
3 23 312 31 0 
0 66 294 23 0 
1 57 299 36 0 
0 10 311 2 0 
12 36 275 5 0 
6 19 321 18 0 
0 8 471 36 0 
0 12 229 136 0 
1 67 390 38 0 
0 58 342 40 0 
0 1 244 11 0 
2 17 312 45 0 
0 67 346 118 0 
1 135 228 49 0 
0 8 299 83 0 
0 27 474 4 0 
0 33 366 15 0 
0 3 282 31 0 
0 9 533 32 0 
1 49 235 16 0 
2 49 235 17 0 
1 27 349 40 0 
0 66 163 24 0 
0 21 319 27 0 
3 39 234 50 0 
0 7 171 45 0 
0 41 303 71 0 
0 36 147 32 0 
0 4 537 7 0 
0 35 363 3 0 
1 17 308 95 0 
2 40 158 1 0 
0 52 230 3 0 
0 69 236 48 0 
0 25 625 14 0 
0 124 262 12 0 
0 26 182 60 0 
0 18 331 46 0 
15 0 444 5 0 
0 9 507 33 0 
0 27 311 12 0 
0 20 237 16 0 
0 37 273 15 0 
0 43 373 11 0 
0 24 252 62 0 
1 36 274 50 0 
0 69 268 26 0 
0 308 186 58 0 
0 26 212 48 0 
14 11 266 108 0 
0 19 316 45 0 
0 54 318 26 0 
2 90 419 33 0 
0 72 254 20 0 
0 105 262 11 0 
0 36 341 69 0 
0 55 296 13 0 
0 12 308 113 0 
0 56 372 50 0 
0 78 296 35 0 
0 8 268 73 0 
0 10 297 13 0 
5 21 419 31 0 
2 51 325 59 0 
0 41 381 8 0 
0 59 179 38 0 
0 41 280 25 0 
14 13 192 25 0 
1 7 206 29 0 
0 21 350 20 0 
0 37 472 40 0 
0 68 245 94 0 
0 63 361 23 0 
0 57 293 32 0 
0 1 436 28 0 
0 57 411 59 0 
13 48 286 76 0 
0 94 288 56 0 
0 28 217 12 0 
0 46 395 26 0 
0 13 275 70 0 
0 7 300 44 0 
0 13 256 56 0 
0 40 330 2 0 
0 88 442 53 0 
0 68 319 43 0 
1 34 280 27 5 
0 47 251 27 0 
1 12 261 54 0 
0 24 473 30 0 
4 123 332 19 0 
0 38 191 58 0 
0 135 234 96 0 
0 66 280 27 0 
0 51 262 16 0 
0 29 398 58 0 
0 25 596 20 0 
0 7 460 46 0 
0 0 365 262 0 
0 28 219 16 0 
0 14 274 205 0 
0 45 431 30 0 
3 71 336 23 0 
1 37 481 30 0 
0 34 270 7 0 
0 23 351 21 0 
0 34 236 70 0 
0 13 272 97 0 
0 10 426 51 0 
2 19 277 27 0 
0 0 404 34 0 
0 61 445 68 0 
0 17 387 0 0 
3 30 337 26 0 
0 33 497 35 0 
2 39 292 4 0 
0 0 270 53 0 
0 175 240 77 0 
0 102 245 181 0 
0 62 235 9 0 
0 64 206 25 0 
0 4 268 40 0 
0 26 305 20 0 
0 53 243 38 0 
0 6 446 9 0 
0 74 259 53 0 
0 22 306 2 0 
0 2 283 45 0 
0 11 368 96 0 
0 33 348 4 0 
0 78 114 58 0 
0 43 202 80 0 
0 15 305 15 0 
0 42 478 20 0 
0 42 177 70 0 
1 37 391 12 0 
0 96 307 61 0 
0 48 320 26 0 
1 0 353 59 0 
0 31 280 20 0 
0 3 341 11 0 
0 36 257 11 0 
0 8 410 24 0 
0 80 402 43 0 
0 102 255 6 0 
0 28 315 21 0 
0 38 240 43 0 
0 88 360 61 0 
1 102 226 36 0 
0 42 261 51 0 
1 47 197 94 0 
0 31 369 62 0 
0 80 245 12 0 
0 34 419 16 0 
0 0 236 222 0 
0 34 270 14 0 
0 50 222 1 0 
5 21 299 0 0 
0 41 279 251 0 
0 10 440 17 0 
0 32 261 21 0 
0 9 390 39 0 
0 77 447 87 0 
0 18 266 142 0 
0 29 266 8 0 
0 5 282 17 0 
0 59 275 38 7 
0 23 315 29 0 
0 42 387 32 0 
11 70 210 35 0 
0 43 440 30 0 
0 26 213 147 0 
0 12 216 32 0 
1 16 497 5 0 
0 29 439 29 0 
0 45 170 19 0 
0 0 252 49 0 
0 98 221 24 0 
0 34 287 9 0 
0 111 211 19 0 
0 19 233 11 0 
0 3 373 28 0 
0 11 435 22 0 
1 33 373 49 0 
1 9 365 40 0 
12 4 289 0 0 
3 72 387 42 0 
0 2 372 68 0 
0 52 306 70 0 
0 15 243 36 0 
0 24 375 16 0 
0 11 239 76 0 
1 47 246 156 0 
1 68 414 48 0 
6 19 226 56 0 
1 62 355 12 0 
0 19 294 80 0 
0 18 405 11 0 
0 54 479 2 0 
0 11 223 64 0 
0 17 373 3 0 
0 37 236 53 0 
11 22 250 151 0 
1 6 206 58 0 
0 32 324 57 0 
0 1 283 40 0 
0 46 229 107 0 
0 42 260 101 0 
0 45 245 50 0 
1 29 238 92 0 
0 45 240 276 0 
0 74 387 27 0 
0 14 313 22 0 
17 0 292 26 0 
0 127 210 41 0 
0 21 559 2 0 
0 38 270 104 0 
0 9 444 75 0 
0 10 267 2 0 
0 67 381 0 0 
0 18 342 1 0 
0 24 403 48 0 
0 6 235 133 0 
0 1 461 17 0 
2 104 388 47 0 
0 25 253 60 0 
0 28 290 44 0 
0 127 423 29 0 
0 21 248 31 0 
1 11 265 29 0 
1 31 382 54 0 
1 54 253 55 0 
0 12 390 52 0 
0 9 179 49 0 
0 5 405 42 0 
0 50 403 2 0 
0 56 257 58 0 
0 126 222 44 0 
0 59 414 0 0 
0 30 375 46 0 
0 49 288 30 0 
0 5 262 59 0 
0 145 314 55 0 
0 9 282 68 0 
0 20 425 51 0 
10 49 311 18 0 
1 82 291 0 0 
0 9 199 197 0 
2 26 319 18 0 
0 77 329 17 0 
0 14 169 183 0 
0 132 557 70 0 
0 79 291 19 0 
0 77 404 12 0 
0 34 270 24 0 
0 94 260 37 0 
1 45 235 96 0 
1 36 298 24 0 
0 124 215 3 0 
0 74 304 22 0 
2 65 396 43 0 
1 65 375 13 0 
0 17 357 85 0 
1 140 191 40 0 
0 13 355 59 0 
0 42 426 5 0 
0 36 411 140 0 
0 66 310 20 0 
0 38 432 3 0 
0 49 204 39 0 
0 87 411 60 0 
4 43 214 36 0 
0 8 477 92 0 
1 57 476 14 0 
0 101 219 18 0 
0 74 201 68 0 
0 25 316 56 0 
0 5 288 12 0 
5 56 402 5 0 
0 58 350 1 0 
1 91 337 30 0 
0 50 347 14 0 
0 10 407 37 0 
0 75 370 1 0 
0 71 300 9 9 
0 13 362 35 0 
0 29 268 6 0 
0 49 385 5 0 
0 19 335 45 0 
0 21 423 52 0 
2 7 434 16 0 
0 49 394 74 0 
0 29 323 44 0 
0 68 135 120 0 
0 160 420 2 0 
0 38 222 39 0 
0 0 255 21 0 
1 74 321 9 0 
0 16 371 70 0 
0 34 282 13 0 
0 17 421 8 0 
0 2 587 34 0 
1 10 293 39 0 
0 24 265 28 0 
1 0 391 24 0 
1 18 396 1 14 
0 53 277 80 0 
6 159 315 62 0 
0 16 374 24 0 
1 26 279 58 0 
0 3 325 86 0 
0 91 308 17 0 
0 56 297 13 0 
0 32 332 22 0 
1 27 387 46 0 
0 51 150 377 0 
0 50 358 6 0 
0 24 433 29 0 
0 44 433 55 0 
0 31 431 60 0 
0 51 369 40 0 
0 2 337 25 0 
0 23 219 108 0 
4 47 355 45 0 
0 11 319 18 0 
0 105 252 9 0 
0 22 390 79 0 
0 4 297 7 0 
1 42 323 10 0 
0 0 402 44 0 
0 3 243 79 0 
0 68 250 76 0 
0 44 362 40 0 
0 24 310 15 0 
0 92 303 47 0 
1 20 375 13 0 
9 72 208 32 0 
0 47 220 38 0 
0 39 364 9 0 
0 37 329 109 0 
0 4 232 32 0 
0 26 323 14 0 
2 53 322 49 0 
0 27 273 8 0 
5 53 266 6 0 
0 88 311 37 0 
0 46 261 62 0 
0 34 375 3 0 
0 7 312 23 0 
3 1 274 21 0 
0 3 275 90 0 
0 9 181 82 1 
0 63 203 24 0 
2 6 234 0 0 
0 81 249 14 0 
0 40 689 4 0 
0 71 229 66 0 
0 18 322 23 0 
0 95 360 6 0 
0 42 251 24 0 
0 54 204 61 0 
1 59 299 5 0 
1 39 335 1 0 
0 39 456 49 0 
0 4 247 73 0 
1 3 308 75 0 
0 37 265 179 0 
0 141 230 100 0 
1 49 255 15 0 
0 58 334 23 0 
0 66 397 58 0 
0 0 390 89 0 
8 75 271 5 0 
0 41 255 2 0 
0 40 348 33 0 
0 31 265 86 0 
1 61 274 85 0 
0 2 436 3 0 
0 11 233 20 0 
0 41 297 9 0 
0 60 250 73 0 
3 64 314 1 0 
0 61 185 2 0 
0 125 367 11 0 
0 15 289 5 0 
0 24 373 7 0 
0 97 431 6 0 
0 60 150 48 0 
0 30 241 79 0 
0 6 302 48 0 
0 43 218 49 0 
0 100 293 67 0 
0 49 325 37 0 
2 8 354 7 0 
3 33 442 26 0 
0 3 266 48 0 
0 48 292 55 0 
0 79 393 51 0 
0 115 385 67 0 
0 177 181 36 0 
1 59 318 126 0 
0 75 170 13 0 
0 155 192 29 0 
1 113 351 2 0 
0 79 300 111 0 
1 17 446 25 0 
1 90 241 10 0 
0 17 297 61 0 
1 55 277 17 0 
0 24 285 38 0 
0 17 243 85 0 
0 40 443 32 0 
0 29 330 53 0 
0 20 337 35 0 
0 46 322 37 0 
6 29 201 19 0 
1 65 334 15 0 
0 39 290 18 0 
0 1 330 30 0 
0 30 348 103 0 
0 17 289 28 1 
9 30 308 39 0 
0 2 246 114 0 
0 34 412 12 0 
1 18 274 64 0 
6 27 262 29 0 
0 32 322 17 0 
0 28 301 24 0 
1 17 276 27 0 
0 14 386 48 0 
0 43 390 4 0 
0 42 349 101 0 
0 14 251 50 0 
1 16 256 29 0 
0 30 236 21 0 
0 44 264 2 0 
1 62 285 8 0 
0 58 300 49 0 
0 43 273 16 0 
0 44 318 16 0 
0 33 441 5 0 
3 48 331 20 0 
0 36 204 97 0 
0 29 447 0 0 
0 137 340 5 0 
0 59 301 37 0 
1 119 228 8 0 
0 75 338 34 0 
0 21 256 29 0 
0 5 254 64 0 
0 1 341 74 0 
19 42 291 15 0 
0 22 282 21 0 
0 22 343 1 0 
0 16 442 2 0 
0 27 425 28 0 
0 38 172 36 0 
0 23 561 57 0 
0 81 276 94 0 
0 7 309 58 0 
0 35 630 124 0 
0 157 365 9 0 
16 7 361 43 0 
0 16 305 27 0 
0 6 382 49 0 
0 31 397 16 0 
0 1 258 7 0 
0 32 291 5 0 
0 25 260 54 0 
0 48 255 61 0 
4 47 417 184 0 
1 34 299 32 0 
0 63 323 49 0 
0 152 204 116 0 
9 2 399 54 0 
1 27 475 0 0 
0 17 431 73 0 
0 26 316 87 0 
0 66 310 20 0 
0 81 283 78 0 
0 4 411 61 0 
0 49 495 10 0 
0 55 519 8 0 
0 7 360 21 0 
0 97 298 10 0 
0 31 473 6 0 
0 60 537 5 0 
0 4 347 28 0 
0 54 259 23 0 
2 13 284 57 0 
0 97 265 26 0 
1 8 364 20 0 
0 50 320 22 0 
0 39 470 19 0 
0 109 183 20 0 
3 37 412 0 0 
0 43 293 1 0 
0 84 362 14 0 
0 23 437 18 0 
1 6 199 34 0 
4 37 384 93 0 
0 48 411 62 0 
3 66 281 0 0 
0 12 210 73 0 
0 14 396 20 0 
0 79 159 32 0 
0 19 306 1 0 
0 30 375 9 0 
0 123 308 21 0 
0 24 335 53 0 
0 40 303 7 0 
8 83 266 99 0 
0 59 302 41 0 
0 66 248 92 0 
0 61 315 143 0 
0 13 329 23 0 
0 71 203 31 0 
0 22 292 15 0 
1 27 424 80 0 
0 189 340 0 0 
0 89 232 50 0 
0 36 267 62 0 
0 54 323 22 0 
0 16 318 120 0 
0 1 274 52 0 
0 96 436 5 0 
0 11 558 31 0 
1 93 189 7 0 
1 11 241 52 0 
0 13 238 14 0 
0 12 380 55 0 
0 127 291 1 0 
0 12 248 2 0 
0 38 385 43 0 
1 12 341 38 0 
1 28 368 37 0 
0 56 426 69 0 
0 7 232 25 0 
1 11 172 121 0 
0 80 384 11 0 
1 24 407 3 0 
8 52 299 43 0 
0 47 282 124 0 
0 2 238 64 0 
0 13 522 11 0 
0 3 332 76 0 
0 34 271 59 0 
1 20 218 9 0 
0 107 279 55 0 
0 45 266 30 0 
0 32 280 12 0 
0 38 128 26 0 
0 50 246 89 0 
0 44 408 71 0 
0 63 134 43 0 
0 1 419 78 0 
0 11 316 15 0 
0 43 302 95 0 
0 9 235 44 0 
1 94 400 29 0 
0 77 197 10 4 
0 50 346 44 0 
0 17 194 36 0 
0 1 358 14 0 
1 37 343 9 0 
0 154 303 8 0 
0 2 261 43 0 
0 17 354 21 0 
0 103 191 0 0 
1 60 236 63 0 
3 27 239 149 0 
0 24 407 58 0 
0 5 389 107 0 
0 9 423 7 0 
0 15 155 43 0 
2 11 412 6 0 
0 4 398 4 0 
4 39 309 61 0 
4 116 341 8 0 
1 32 397 40 5 
0 9 424 52 0 
1 21 248 0 0 
0 90 244 19 0 
0 56 331 38 0 
0 85 206 30 0 
1 5 194 90 0 
0 17 383 40 0 
0 18 226 19 0 
0 72 328 81 0 
26 76 217 25 0 
1 230 370 84 0 
0 15 430 17 0 
0 30 243 4 0 
0 14 331 17 0 
0 8 354 122 0 
0 34 251 26 0 
0 5 219 43 0 
0 15 282 68 0 
0 29 329 7 0 
1 23 246 36 0 
0 12 308 48 0 
0 32 418 13 0 
0 52 241 55 0 
0 23 292 45 0 
0 55 349 14 0 
0 37 283 93 0 
0 39 255 34 0 
8 80 238 82 0 
4 47 326 33 0 
8 70 189 2 0 
0 38 313 59 0 
2 66 459 19 0 
1 48 267 12 0 
0 15 287 36 0 
0 29 322 82 0 
0 41 224 7 0 
0 8 229 130 0 
0 83 236 37 0 
2 130 405 6 0 
1 30 336 40 0 
0 5 168 24 0 
0 41 342 68 0 
1 63 271 12 0 
4 55 304 46 0 
0 37 225 157 0 
6 57 218 5 0 
0 9 399 14 0 
0 82 294 34 0 
0 41 199 10 0 
0 34 425 3 0 
0 32 424 2 0 
1 39 165 47 0 
0 46 265 0 0 
0 2 273 44 0 
0 11 250 7 0 
1 52 316 106 0 
0 14 307 24 0 
1 81 257 56 0 
9 16 249 0 0 
3 11 415 24 0 
0 24 531 0 0 
0 42 308 24 0 
0 44 176 9 0 
0 27 231 64 0 
0 72 342 25 0 
0 34 369 32 0 
1 109 627 4 0 
0 32 457 33 0 
0 36 429 13 0 
0 8 257 75 0 
0 38 584 30 0 
2 77 359 17 0 
0 27 278 61 0 
5 23 262 4 0 
0 27 200 65 0 
1 25 329 27 0 
0 14 223 19 0 
0 76 317 25 0 
0 4 274 151 0 
0 0 473 41 0 
0 23 435 48 0 
0 39 311 27 0 
0 0 399 28 0 
1 21 368 21 0 
0 47 342 69 0 
0 33 401 2 0 
0 94 370 9 0 
0 108 167 30 0 
0 50 252 55 0 
0 32 340 54 0 
1 34 438 12 0 
1 30 363 93 0 
0 85 279 41 0 
2 30 415 71 0 
0 101 187 54 0 
0 274 316 96 0 
0 57 348 11 0 
0 19 326 0 0 
0 20 229 11 0 
0 11 319 16 0 
1 22 338 25 0 
4 50 231 6 0 
0 79 314 48 0 
1 4 402 20 0 
2 88 250 42 0 
0 55 296 9 0 
0 24 312 82 0 
0 144 204 1 0 
0 31 303 46 0 
0 9 478 157 0 
0 35 272 41 0 
0 44 341 91 0 
1 14 249 44 0 
0 33 201 26 0 
0 10 179 15 0 
1 36 461 14 0 
0 70 265 9 0 
1 28 363 1 0 
0 3 262 7 0 
0 29 288 10 0 
0 11 347 30 0 
0 51 233 79 0 
19 46 265 76 0 
1 8 269 84 0 
1 9 277 15 0 
0 88 517 8 0 
0 61 326 11 0 
0 70 252 69 0 
1 69 341 31 0 
0 17 331 47 0 
3 69 362 14 0 
2 105 275 22 0 
1 42 324 19 0 
0 10 341 27 0 
0 56 265 24 0 
0 107 134 32 0 
0 52 307 41 0 
0 73 272 10 0 
24 84 222 0 0 
0 1 380 97 0 
0 54 351 20 0 
0 108 244 70 0 
0 3 359 35 0 
15 34 220 51 0 
0 38 277 6 0 
0 80 283 3 0 
0 110 259 27 0 
0 85 404 28 0 
0 29 217 37 0 
0 53 333 7 0 
6 47 249 1 0 
0 16 224 9 0 
0 96 355 6 0 
0 15 273 41 0 
0 81 213 73 0 
0 38 362 40 0 
0 42 246 9 0 
0 33 402 60 0 
1 49 342 41 0 
0 23 233 22 0 
0 11 356 56 0 
5 9 327 8 0 
1 1 426 17 0 
0 2 306 113 0 
0 34 428 5 0 
0 51 320 47 0 
0 124 319 35 0 
0 34 289 2 0 
0 51 237 15 0 
3 18 446 5 4 
0 97 368 57 0 
1 60 202 52 0 
1 30 283 0 0 
0 34 365 52 0 
0 14 278 3 0 
0 13 467 7 0 
0 34 478 52 0 
0 45 226 112 0 
0 42 448 33 0 
1 20 480 9 0 
0 16 297 105 0 
0 78 301 39 0 
0 17 416 41 0 
1 113 218 55 0 
0 19 277 80 0 
0 55 172 75 0 
0 52 401 28 0 
0 82 169 46 0 
0 22 302 1 0 
6 49 134 109 0 
0 96 321 134 0 
0 8 414 124 0 
0 1 263 9 0 
0 70 281 16 0 
0 14 253 87 0 
14 30 324 6 0 
0 6 361 50 0 
0 53 369 1 0 
0 5 261 11 0 
0 47 263 18 0 
0 68 280 58 0 
12 37 271 7 0 
23 14 384 48 0 
0 40 361 83 0 
1 194 233 61 0 
0 109 347 41 0 
0 28 264 68 0 
0 16 363 31 0 
0 0 427 76 0 
0 60 364 32 0 
0 119 227 2 0 
0 37 344 20 0 
0 99 224 46 0 
0 52 397 20 0 
1 0 554 20 0 
2 44 312 16 0 
1 20 263 77 0 
0 33 220 29 0 
2 65 365 82 0 
0 63 306 0 0 
0 25 321 49 0 
0 38 197 237 0 
0 30 333 75 0 
2 56 252 83 0 
0 16 233 10 0 
0 35 236 10 0 
0 31 375 36 0 
0 13 352 31 0 
0 0 344 67 0 
0 5 340 6 0 
0 47 331 38 0 
0 36 231 34 0 
0 0 346 103 0 
0 38 381 44 0 
0 27 447 36 0 
0 38 494 49 0 
0 28 362 13 0 
3 1 233 66 0 
0 6 475 8 0 
0 52 432 38 0 
0 12 291 10 0 
0 28 286 111 0 
0 27 377 123 0 
0 10 241 34 0 
0 32 321 10 0 
0 24 401 15 0 
0 62 395 17 0 
0 87 308 23 0 
0 67 315 3 0 
0 199 281 21 0 
0 9 272 28 0 
0 36 324 5 0 
1 12 269 40 0 
2 32 284 60 0 
0 5 168 77 0 
0 35 266 10 0 
0 28 329 17 0 
0 103 398 11 0 
5 18 282 50 0 
0 23 318 208 0 
2 37 428 7 0 
0 91 324 6 0 
0 52 392 4 0 
0 12 340 60 0 
1 15 314 18 0 
0 11 359 8 0 
1 36 268 91 0 
10 46 252 16 0 
8 59 303 11 0 
0 12 315 74 0 
0 8 309 52 0 
0 64 264 39 0 
0 1 417 47 0 
2 44 296 11 0 
0 28 277 15 0 
0 43 247 26 0 
2 62 353 68 0 
0 38 358 6 0 
0 50 314 51 0 
21 67 133 53 0 
0 24 301 15 0 
0 22 343 57 0 
0 9 262 115 0 
0 49 304 3 0 
0 8 325 32 0 
0 16 417 52 0 
0 0 444 23 0 
0 31 388 10 0 
1 102 126 36 0 
0 27 318 25 0 
0 24 240 3 0 
0 16 296 90 0 
0 12 305 39 0 
0 53 322 6 0 
0 69 314 57 0 
0 25 248 147 0 
0 2 310 138 0 
0 17 316 3 0 
4 36 346 9 0 
0 45 369 46 0 
1 26 279 20 0 
0 10 373 11 0 
0 41 398 4 0 
0 5 339 139 0 
0 30 158 19 0 
0 19 383 68 0 
1 40 383 46 0 
0 8 311 36 0 
0 14 285 35 0 
0 21 345 14 0 
0 42 346 38 0 
0 82 194 53 0 
