0 23 177 
0 30 189 
0 14 226 
0 32 188 
0 9 206 
0 3 179 
0 3 143 
0 12 203 
0 18 167 
0 20 168 
0 27 113 
0 10 164 
0 30 208 
0 1 144 
0 0 178 
0 15 211 
0 32 237 
0 18 197 
0 25 124 
0 0 202 
0 10 165 
0 23 172 
0 16 165 
0 19 274 
0 13 216 
0 20 120 
0 32 173 
0 18 177 
0 7 212 
0 3 174 
0 34 225 
0 5 201 
0 26 172 
0 4 114 
0 18 218 
0 18 201 
0 18 244 
0 9 185 
0 17 112 
0 20 215 
0 9 216 
0 19 166 
0 17 178 
0 11 238 
0 8 152 
0 24 162 
0 14 149 
0 30 187 
0 10 192 
0 5 125 
0 27 230 
0 12 188 
0 21 179 
0 19 194 
0 24 201 
0 13 235 
0 3 224 
0 27 200 
0 30 218 
0 7 187 
0 26 194 
0 23 151 
0 22 179 
0 5 200 
0 37 223 
0 11 183 
0 5 120 
0 17 194 
0 22 205 
0 29 162 
0 5 180 
0 5 217 
0 8 199 
0 32 250 
0 19 217 
0 15 195 
0 20 195 
0 44 165 
0 10 157 
0 24 178 
0 25 207 
0 42 135 
0 14 187 
0 7 118 
0 11 147 
0 0 137 
0 9 229 
0 33 113 
0 12 180 
0 5 201 
0 1 147 
0 25 180 
0 14 67 
0 8 182 
0 7 223 
0 19 181 
0 14 118 
0 9 214 
0 17 205 
0 4 181 
0 19 144 
0 19 150 
0 6 185 
0 13 149 
0 29 214 
0 7 161 
0 7 148 
0 8 169 
0 7 184 
0 3 236 
0 5 234 
0 9 185 
0 15 177 
0 11 93 
0 13 201 
0 20 207 
0 10 187 
0 44 137 
0 20 228 
0 18 114 
0 3 178 
0 16 172 
0 26 160 
0 11 172 
0 48 179 
0 9 161 
0 21 148 
0 16 197 
0 29 202 
0 11 160 
0 11 192 
0 11 185 
0 9 194 
0 3 176 
0 4 225 
0 19 261 
0 16 193 
0 5 168 
0 22 151 
0 9 162 
0 38 186 
0 9 206 
0 0 108 
0 0 169 
0 4 210 
0 30 153 
0 23 185 
0 2 178 
0 11 262 
0 6 139 
0 20 188 
0 10 225 
0 7 177 
0 10 122 
0 22 183 
0 21 119 
0 10 268 
0 2 252 
0 24 289 
0 18 187 
0 22 232 
0 11 210 
0 7 123 
0 20 270 
0 11 240 
0 23 171 
0 10 169 
0 1 133 
0 12 221 
0 10 91 
0 30 188 
0 32 224 
0 1 165 
0 2 248 
0 17 199 
0 3 166 
0 7 178 
0 30 160 
0 12 147 
0 16 137 
0 8 164 
0 17 178 
0 13 206 
0 18 238 
0 0 232 
0 12 123 
0 5 155 
0 15 222 
0 3 271 
0 11 169 
0 12 160 
0 19 142 
0 1 190 
0 18 177 
0 24 139 
0 12 225 
0 11 227 
0 18 206 
0 9 221 
0 5 176 
0 24 97 
0 11 157 
0 12 189 
0 18 236 
0 11 230 
0 16 216 
0 17 135 
0 26 213 
0 18 163 
0 23 173 
0 24 178 
0 3 132 
0 35 212 
0 13 170 
0 22 243 
0 12 130 
0 16 229 
0 14 280 
0 26 150 
0 14 132 
0 34 224 
0 2 119 
0 5 234 
0 4 250 
0 8 207 
0 1 193 
0 7 134 
0 19 141 
0 21 199 
0 16 203 
0 31 234 
0 9 93 
0 21 198 
0 14 162 
0 16 147 
0 19 125 
0 7 143 
0 29 144 
0 16 156 
0 5 274 
0 31 219 
0 37 142 
0 14 191 
0 1 178 
0 6 167 
0 9 137 
0 6 201 
0 6 158 
0 14 212 
0 16 97 
0 12 190 
0 9 178 
0 37 115 
0 18 200 
0 25 188 
0 14 205 
0 28 214 
0 18 184 
0 5 203 
0 9 206 
0 19 199 
0 6 258 
0 7 194 
0 6 205 
0 14 165 
0 5 158 
0 7 186 
0 25 219 
0 8 170 
0 14 181 
0 16 148 
0 4 171 
0 12 158 
0 7 179 
0 8 280 
0 3 101 
0 9 173 
0 26 207 
0 15 178 
0 3 153 
0 13 156 
0 8 163 
0 6 184 
0 51 210 
0 15 242 
0 13 166 
0 31 190 
0 8 174 
0 6 279 
0 15 281 
0 17 145 
0 3 133 
0 16 223 
0 17 151 
0 7 263 
0 16 192 
0 10 194 
0 0 130 
0 19 171 
0 26 141 
0 6 177 
0 19 168 
0 3 147 
0 13 184 
0 14 204 
0 8 207 
0 17 135 
0 11 145 
0 24 181 
0 19 157 
0 28 130 
0 9 168 
0 9 226 
0 14 213 
0 21 317 
0 14 169 
0 9 188 
0 16 162 
0 30 144 
0 39 165 
0 16 231 
0 4 229 
0 12 237 
0 3 222 
0 12 164 
0 17 162 
0 1 257 
0 33 275 
0 13 183 
0 57 155 
0 3 152 
0 6 177 
0 19 69 
0 13 187 
0 12 151 
0 22 174 
0 3 125 
0 29 180 
0 17 150 
0 0 240 
0 22 197 
0 13 198 
0 21 207 
0 8 224 
0 14 188 
0 3 276 
0 16 222 
0 7 194 
0 14 219 
0 25 125 
0 7 191 
0 9 366 
0 16 287 
0 28 221 
0 0 308 
0 14 149 
0 6 253 
0 17 178 
0 5 255 
0 12 106 
0 20 232 
0 1 138 
0 16 167 
0 2 189 
0 5 214 
0 53 162 
0 26 195 
0 27 237 
0 20 158 
0 19 251 
0 22 180 
0 5 189 
0 28 186 
0 1 267 
0 13 139 
0 0 160 
0 9 169 
0 8 235 
0 17 168 
0 23 172 
0 10 203 
0 26 196 
0 8 195 
0 26 172 
0 18 127 
0 26 152 
0 9 196 
0 25 193 
0 35 153 
0 14 235 
0 4 192 
0 17 188 
0 38 263 
0 12 168 
0 18 142 
0 24 241 
0 32 214 
0 32 210 
0 34 197 
0 8 186 
0 27 226 
0 27 175 
0 13 191 
0 22 179 
0 16 136 
0 23 152 
0 11 224 
0 8 185 
0 18 170 
0 38 235 
0 18 148 
0 21 184 
0 1 174 
0 7 256 
0 27 197 
0 9 215 
0 9 177 
0 49 170 
0 12 168 
0 11 153 
0 11 278 
0 30 188 
0 5 112 
0 11 166 
0 19 155 
0 8 166 
0 17 190 
0 1 277 
0 30 217 
0 10 172 
0 42 183 
0 17 174 
0 19 199 
0 11 148 
0 9 167 
0 22 139 
0 22 240 
0 25 199 
0 6 168 
0 7 143 
0 6 176 
0 5 165 
0 20 270 
0 13 189 
0 19 145 
0 5 149 
0 13 196 
0 12 213 
0 12 187 
0 7 226 
0 15 195 
0 25 263 
0 13 147 
0 3 364 
0 31 171 
0 9 156 
0 9 293 
0 19 189 
0 17 143 
0 0 136 
0 6 220 
0 21 167 
0 27 134 
0 24 205 
0 15 252 
0 15 172 
0 17 157 
0 25 190 
0 10 202 
0 5 241 
0 22 213 
0 33 117 
0 17 221 
0 19 136 
0 9 272 
0 10 193 
0 18 205 
0 6 197 
0 19 222 
0 21 116 
0 1 173 
0 13 175 
0 4 176 
0 16 190 
0 42 195 
0 5 252 
0 10 152 
0 9 127 
0 6 152 
0 33 219 
0 20 124 
0 19 193 
0 11 199 
0 5 270 
0 43 194 
0 14 259 
0 30 208 
0 22 181 
0 7 133 
0 17 140 
0 4 152 
0 17 137 
0 9 186 
0 42 147 
0 16 164 
0 11 203 
0 3 219 
0 5 238 
0 5 202 
0 10 242 
0 6 215 
0 12 141 
0 6 178 
0 22 151 
0 38 146 
0 31 145 
0 3 197 
0 25 164 
0 24 161 
0 6 206 
0 5 182 
0 4 181 
0 29 182 
0 14 150 
0 7 179 
0 6 189 
0 38 168 
0 13 181 
0 25 181 
0 14 146 
0 24 135 
0 23 244 
0 2 165 
0 9 232 
0 22 156 
0 17 191 
0 19 142 
0 14 296 
0 2 226 
0 20 215 
0 9 241 
0 9 150 
0 18 123 
0 29 163 
0 14 174 
0 21 160 
0 10 141 
0 1 196 
0 10 210 
0 34 221 
0 36 175 
0 16 248 
0 11 152 
0 47 213 
0 25 195 
0 12 146 
0 22 218 
0 29 146 
0 21 201 
0 3 195 
0 32 100 
0 21 151 
0 29 121 
0 4 199 
0 12 245 
0 32 197 
0 19 240 
0 12 205 
0 23 145 
0 15 176 
0 17 82 
0 43 185 
0 41 159 
0 12 239 
0 11 172 
0 6 267 
0 9 130 
0 11 163 
0 6 236 
0 25 144 
0 12 141 
0 12 202 
0 17 174 
0 22 289 
0 15 158 
0 27 167 
0 1 269 
0 17 204 
0 1 180 
0 1 158 
0 6 216 
0 16 170 
0 23 188 
0 25 178 
0 5 133 
0 1 236 
0 5 194 
0 32 134 
0 9 181 
0 24 230 
0 38 172 
0 5 122 
0 19 167 
0 7 101 
0 26 154 
0 18 113 
0 18 136 
0 2 219 
0 32 233 
0 7 200 
0 13 155 
0 11 173 
0 11 159 
0 14 193 
0 10 154 
0 14 232 
0 11 191 
0 22 180 
0 23 165 
0 22 156 
0 5 223 
0 10 145 
0 24 207 
0 4 175 
0 10 288 
0 10 128 
0 8 246 
0 11 182 
0 2 258 
0 25 153 
0 38 280 
0 12 237 
0 18 197 
0 3 150 
0 8 175 
0 2 205 
0 0 198 
0 10 132 
0 20 176 
0 17 183 
0 30 134 
0 17 166 
0 23 170 
0 16 146 
0 21 246 
0 15 228 
0 0 194 
0 29 205 
0 15 237 
0 5 212 
0 19 191 
0 5 207 
0 8 169 
0 4 137 
0 5 198 
0 14 210 
0 10 182 
0 35 209 
0 5 258 
0 12 173 
0 7 173 
0 24 215 
0 39 165 
0 20 268 
0 6 208 
0 27 194 
0 23 293 
0 15 167 
0 13 220 
0 21 200 
0 12 135 
0 29 149 
0 40 141 
0 28 295 
0 51 224 
0 22 165 
0 23 168 
0 3 166 
0 14 168 
0 13 193 
0 20 248 
0 20 222 
0 11 157 
0 14 212 
0 2 166 
0 20 209 
0 7 182 
0 21 159 
0 17 249 
0 26 166 
0 17 201 
0 23 237 
0 5 190 
0 40 142 
0 8 237 
0 31 175 
0 14 179 
0 11 182 
0 21 142 
0 7 201 
0 51 228 
0 15 131 
0 23 182 
0 11 175 
0 2 199 
0 3 144 
0 19 182 
0 11 193 
0 3 208 
0 5 196 
0 9 165 
0 5 212 
0 12 204 
0 10 169 
0 14 278 
0 5 186 
0 11 174 
0 15 215 
0 24 216 
0 12 169 
0 16 142 
0 8 324 
0 3 145 
0 16 121 
0 3 248 
0 36 158 
0 8 160 
0 6 167 
0 8 234 
0 10 218 
0 7 137 
0 21 130 
0 0 229 
0 10 203 
0 10 275 
0 22 128 
0 5 171 
0 28 175 
0 31 146 
0 16 222 
0 6 189 
0 2 146 
0 37 109 
0 4 188 
0 8 184 
0 20 265 
0 27 139 
0 10 192 
0 20 237 
0 3 197 
0 2 172 
0 7 153 
0 13 255 
0 11 140 
0 14 169 
0 10 186 
0 7 188 
0 10 190 
0 13 178 
0 10 190 
0 10 190 
0 20 215 
0 2 207 
0 5 207 
0 13 225 
0 8 134 
0 12 95 
0 25 224 
0 5 190 
0 28 127 
0 25 185 
0 8 200 
0 12 223 
0 14 183 
0 23 181 
0 20 155 
0 9 194 
0 23 134 
0 43 174 
0 4 203 
0 11 186 
0 17 178 
0 13 155 
0 23 185 
0 16 199 
0 16 221 
0 8 139 
0 13 221 
0 21 110 
0 20 161 
0 19 198 
0 9 164 
0 14 115 
0 18 118 
0 12 300 
0 24 165 
0 17 249 
0 12 197 
0 20 192 
0 10 237 
0 37 187 
0 21 159 
0 20 175 
0 27 215 
0 28 248 
0 9 163 
0 9 157 
0 8 201 
0 22 205 
0 17 257 
0 30 147 
0 29 160 
0 27 148 
0 18 168 
0 39 261 
0 14 190 
0 23 205 
0 24 144 
0 14 198 
0 12 156 
0 20 234 
0 15 146 
0 7 159 
0 6 159 
0 17 136 
0 51 150 
0 13 253 
0 17 192 
0 4 177 
0 19 170 
0 11 174 
0 24 183 
0 17 242 
0 16 136 
0 32 239 
0 18 162 
0 10 269 
0 0 115 
0 20 229 
0 0 209 
0 4 240 
0 8 208 
0 14 234 
0 0 124 
0 13 181 
0 29 236 
0 1 254 
0 9 186 
0 20 159 
0 4 143 
0 3 154 
0 7 129 
0 15 234 
0 13 170 
0 12 180 
0 45 225 
0 24 132 
0 25 237 
0 35 176 
0 35 241 
0 13 215 
0 13 232 
0 22 217 
0 12 184 
0 47 160 
0 7 158 
0 6 166 
0 70 213 
0 17 279 
0 12 197 
0 33 199 
0 5 270 
0 2 172 
0 7 187 
0 4 217 
0 8 166 
0 27 198 
0 14 210 
0 5 159 
0 6 183 
0 23 242 
0 2 164 
0 9 144 
0 1 200 
0 28 294 
0 28 211 
0 9 231 
0 9 206 
0 11 161 
0 20 207 
0 11 186 
0 15 221 
0 17 168 
0 12 215 
0 38 115 
0 5 210 
0 39 217 
0 18 170 
0 10 148 
0 13 218 
0 9 240 
0 15 194 
0 11 218 
0 16 181 
0 7 181 
0 17 131 
0 6 161 
0 18 231 
0 27 222 
0 3 140 
0 3 277 
0 14 192 
0 14 187 
0 47 200 
0 0 234 
0 27 211 
0 23 149 
0 22 111 
0 9 158 
0 6 207 
0 14 192 
0 18 306 
0 75 122 
0 10 160 
0 36 162 
0 28 150 
0 18 150 
0 3 167 
0 19 183 
0 12 174 
0 17 169 
0 20 207 
0 4 162 
0 18 167 
0 49 145 
0 16 168 
0 0 213 
0 16 208 
0 22 157 
0 45 163 
0 17 177 
0 11 229 
0 16 212 
0 12 135 
0 16 110 
0 3 191 
0 13 150 
0 25 163 
0 2 239 
0 19 192 
0 21 149 
0 57 93 
0 17 216 
0 8 184 
0 5 208 
0 30 149 
0 2 297 
0 10 163 
0 10 153 
0 11 242 
0 6 160 
0 9 225 
0 16 219 
0 16 233 
0 19 177 
0 7 184 
0 11 258 
0 14 157 
0 32 244 
0 30 142 
0 18 183 
0 21 147 
0 13 155 
0 9 299 
0 22 208 
0 7 239 
0 17 142 
0 17 185 
0 6 167 
0 12 121 
0 6 305 
0 36 199 
0 42 178 
0 6 155 
0 8 167 
0 5 236 
0 12 258 
0 9 142 
0 17 202 
0 27 230 
0 25 153 
0 11 182 
0 20 147 
0 28 210 
0 9 232 
0 11 195 
0 9 193 
0 5 233 
0 5 160 
0 19 151 
