0 10 224 
0 6 235 
0 0 255 
0 27 139 
0 15 175 
0 25 211 
0 9 171 
0 0 139 
0 7 164 
0 13 150 
0 1 207 
0 8 204 
0 20 167 
0 11 140 
0 16 216 
0 8 216 
0 12 207 
0 34 117 
0 10 231 
0 27 227 
0 7 194 
0 6 140 
0 9 186 
0 7 233 
0 7 183 
0 6 236 
0 3 210 
0 5 200 
0 14 101 
0 15 143 
0 10 129 
0 12 160 
0 1 262 
0 4 182 
0 37 212 
0 4 258 
0 1 154 
0 28 103 
0 6 194 
0 36 164 
0 0 152 
0 13 184 
0 1 146 
0 12 121 
0 1 231 
0 14 111 
0 45 159 
0 29 211 
0 18 195 
0 0 159 
0 10 223 
0 1 249 
0 21 195 
0 19 167 
0 15 146 
0 24 152 
0 4 138 
0 2 142 
0 13 170 
0 30 145 
0 29 157 
0 19 185 
0 20 243 
0 33 196 
0 29 160 
0 6 94 
0 4 293 
0 24 176 
0 18 140 
0 3 150 
0 15 158 
0 15 179 
0 8 127 
0 14 157 
0 13 168 
0 16 103 
0 6 206 
0 2 275 
0 19 190 
0 11 179 
0 43 119 
0 12 208 
0 25 177 
0 20 206 
0 15 209 
0 3 187 
0 8 131 
0 4 131 
0 23 197 
0 23 167 
0 2 180 
0 10 235 
0 8 172 
0 5 171 
0 0 164 
0 12 146 
0 3 209 
0 9 193 
0 22 182 
0 28 309 
0 8 159 
0 16 159 
0 4 201 
0 6 181 
0 10 146 
0 13 129 
0 28 127 
0 17 298 
0 15 187 
0 13 145 
0 14 120 
0 16 199 
0 17 101 
0 7 203 
0 22 197 
0 22 170 
0 1 152 
0 15 131 
0 9 190 
0 14 158 
0 27 257 
0 17 244 
0 14 178 
0 32 134 
0 32 189 
0 22 138 
0 11 168 
0 23 181 
0 23 168 
0 2 192 
0 13 82 
0 2 140 
0 12 174 
0 11 184 
0 11 183 
0 12 131 
0 24 263 
0 28 181 
0 10 157 
0 8 146 
0 8 202 
0 25 208 
0 25 191 
0 5 194 
0 19 229 
0 11 129 
0 4 251 
0 16 160 
0 21 214 
0 20 174 
0 33 135 
0 14 183 
0 16 130 
0 4 224 
0 9 197 
0 7 179 
0 1 286 
0 6 169 
0 6 149 
0 12 212 
0 1 280 
0 32 114 
0 15 192 
0 32 137 
0 56 206 
0 10 141 
0 11 183 
0 7 149 
0 5 220 
0 5 181 
0 44 162 
0 11 151 
0 9 197 
0 13 151 
0 10 342 
0 16 215 
0 3 178 
0 28 118 
0 25 180 
0 13 156 
0 3 148 
0 15 116 
0 29 218 
0 7 156 
0 16 182 
0 0 213 
0 10 116 
0 7 143 
0 25 267 
0 2 123 
0 0 155 
0 37 282 
0 4 120 
0 16 136 
0 3 227 
0 0 222 
0 0 215 
0 10 206 
0 4 79 
0 18 161 
0 26 119 
0 41 177 
0 5 188 
0 28 235 
0 18 193 
0 27 326 
0 9 129 
0 46 167 
0 12 208 
0 50 163 
0 22 114 
0 6 205 
0 12 178 
0 18 142 
0 6 158 
0 13 100 
0 23 235 
0 35 159 
0 8 206 
0 3 122 
0 24 168 
0 10 171 
0 11 212 
0 15 145 
0 12 171 
0 14 211 
0 47 239 
0 30 117 
0 10 195 
0 6 158 
0 16 178 
0 42 121 
0 4 197 
0 36 146 
0 0 178 
0 8 203 
0 1 271 
0 4 123 
0 9 228 
0 20 208 
0 10 128 
0 3 197 
0 30 76 
0 14 205 
0 6 141 
0 7 187 
0 2 120 
0 21 181 
0 23 125 
0 5 216 
0 13 140 
0 39 174 
0 45 191 
0 24 232 
0 19 193 
0 30 145 
0 18 236 
0 21 142 
0 21 136 
0 15 191 
0 13 121 
0 4 154 
0 13 130 
0 27 112 
0 2 169 
0 9 148 
0 16 148 
0 20 196 
0 27 193 
0 10 187 
0 23 146 
0 19 188 
0 19 221 
0 13 152 
0 8 116 
0 5 241 
0 7 197 
0 13 120 
0 9 119 
0 31 179 
0 10 210 
0 5 98 
0 2 254 
0 1 208 
0 16 188 
0 16 172 
0 18 225 
0 11 158 
0 6 198 
0 5 179 
0 8 161 
0 31 149 
0 10 234 
0 16 193 
0 11 191 
0 11 202 
0 12 242 
0 5 176 
0 17 194 
0 8 221 
0 10 206 
0 16 237 
0 13 88 
0 8 205 
0 22 214 
0 15 167 
0 18 249 
0 8 226 
0 4 270 
0 31 185 
0 11 203 
0 4 191 
0 21 177 
0 31 213 
0 44 224 
0 25 163 
0 13 118 
0 8 200 
0 16 273 
0 5 136 
0 27 101 
0 15 140 
0 29 114 
0 48 158 
0 4 313 
0 18 145 
0 9 152 
0 4 261 
0 19 162 
0 32 238 
0 11 174 
0 5 111 
0 8 123 
0 5 94 
0 27 166 
0 9 143 
0 3 171 
0 14 170 
0 18 219 
0 15 160 
0 14 181 
0 38 177 
0 5 220 
0 5 237 
0 2 187 
0 12 213 
0 6 275 
0 10 217 
0 4 192 
0 15 250 
0 28 282 
0 11 207 
0 18 228 
0 11 163 
0 18 126 
0 10 164 
0 3 193 
0 20 138 
0 40 180 
0 6 223 
0 22 163 
0 33 190 
0 19 185 
0 17 248 
0 48 121 
0 9 213 
0 22 151 
0 1 213 
0 4 171 
0 31 150 
0 20 208 
0 9 236 
0 11 198 
0 9 158 
0 11 128 
0 7 151 
0 24 122 
0 10 176 
0 6 191 
0 3 118 
0 6 160 
0 29 257 
0 3 313 
0 5 229 
0 9 115 
0 23 129 
0 7 118 
0 37 176 
0 17 184 
0 27 176 
0 32 164 
0 24 208 
0 5 135 
0 9 170 
0 13 158 
0 36 84 
0 26 191 
0 24 155 
0 36 250 
0 13 214 
0 77 148 
0 31 155 
0 23 175 
0 17 210 
0 6 194 
0 11 176 
0 23 151 
0 19 249 
0 2 242 
0 16 176 
0 18 143 
0 18 102 
0 11 191 
0 28 173 
0 0 214 
0 10 220 
0 22 169 
0 6 163 
0 10 151 
0 22 111 
0 54 239 
0 15 181 
0 22 103 
0 6 211 
0 11 193 
0 20 190 
0 21 130 
0 8 214 
0 10 95 
0 22 216 
0 18 142 
0 11 203 
0 4 288 
0 8 166 
0 34 144 
0 16 169 
0 29 173 
0 7 259 
0 25 161 
0 4 157 
0 0 179 
0 16 213 
0 19 148 
0 37 84 
0 28 114 
0 27 143 
0 15 191 
0 25 136 
0 14 138 
0 19 200 
0 4 134 
0 15 133 
0 16 178 
0 24 314 
0 35 221 
0 62 141 
0 12 188 
0 5 190 
0 21 216 
0 23 186 
0 7 214 
0 19 160 
0 16 197 
0 24 318 
0 8 188 
0 15 267 
0 15 185 
0 4 167 
0 13 136 
0 8 180 
0 10 229 
0 11 190 
0 14 192 
0 27 213 
0 20 148 
0 10 276 
0 2 131 
0 36 165 
0 2 205 
0 2 150 
0 17 228 
0 9 149 
0 10 146 
0 1 164 
0 19 136 
0 7 151 
0 12 176 
0 23 207 
0 0 138 
0 0 244 
0 40 209 
0 30 195 
0 10 196 
0 15 187 
0 9 168 
0 6 292 
0 4 194 
0 6 139 
0 13 267 
0 9 183 
0 3 248 
0 23 201 
0 9 226 
0 8 200 
0 9 185 
0 0 196 
0 1 234 
0 11 225 
0 18 132 
0 9 137 
0 10 192 
0 21 150 
0 25 136 
0 3 177 
0 0 234 
0 21 210 
0 23 166 
0 2 143 
0 10 102 
0 14 112 
0 10 116 
0 10 140 
0 14 183 
0 25 190 
0 14 131 
0 34 276 
0 4 213 
0 32 144 
0 7 248 
0 32 89 
0 18 184 
0 28 179 
0 11 186 
0 24 154 
0 5 107 
0 34 226 
0 12 226 
0 5 106 
0 5 193 
0 12 135 
0 6 204 
0 4 147 
0 19 146 
0 5 143 
0 20 141 
0 12 231 
0 4 133 
0 43 240 
0 18 168 
0 9 175 
0 12 231 
0 27 147 
0 49 254 
0 7 252 
0 26 220 
0 36 146 
0 21 178 
0 20 102 
0 12 230 
0 2 195 
0 14 122 
0 5 183 
0 4 151 
0 32 128 
0 10 220 
0 8 303 
0 12 216 
0 8 207 
0 45 180 
0 9 187 
0 23 183 
0 5 200 
0 20 205 
0 18 137 
0 8 195 
0 14 194 
0 27 124 
0 2 338 
0 35 130 
0 6 152 
0 22 251 
0 20 192 
0 0 143 
0 26 145 
0 21 236 
0 29 143 
0 19 172 
0 17 163 
0 11 178 
0 72 126 
0 12 245 
0 40 230 
0 11 183 
0 0 166 
0 10 261 
0 12 192 
0 0 194 
0 19 160 
0 31 99 
0 37 197 
0 19 263 
0 11 130 
0 8 233 
0 23 188 
0 19 210 
0 18 178 
0 18 197 
0 8 210 
0 22 162 
0 12 187 
0 30 181 
0 43 131 
0 14 196 
0 2 324 
0 19 186 
0 39 133 
0 10 127 
0 10 203 
0 16 168 
0 2 177 
0 52 166 
0 12 135 
0 26 143 
0 4 284 
0 24 169 
0 6 154 
0 24 114 
0 10 174 
0 22 174 
0 25 251 
0 4 162 
0 15 125 
0 0 184 
0 1 184 
0 8 193 
0 33 125 
0 2 154 
0 25 132 
0 18 112 
0 2 189 
0 12 201 
0 3 298 
0 10 136 
0 9 171 
0 36 251 
0 6 290 
0 7 202 
0 23 204 
0 3 205 
0 10 127 
0 22 134 
0 43 124 
0 22 158 
0 17 262 
0 22 225 
0 40 127 
0 12 171 
0 28 218 
0 0 158 
0 14 193 
0 7 168 
0 3 218 
0 16 207 
0 2 186 
0 23 262 
0 11 103 
0 16 226 
0 16 114 
0 18 102 
0 17 220 
0 26 175 
0 5 248 
0 17 158 
0 4 207 
0 14 157 
0 16 176 
0 0 257 
0 11 172 
0 21 212 
0 33 240 
0 1 340 
0 8 213 
0 43 114 
0 8 244 
0 51 326 
0 10 163 
0 12 207 
0 12 187 
0 8 92 
0 10 154 
0 12 109 
0 9 143 
0 6 153 
0 17 292 
0 1 182 
0 7 243 
0 18 188 
0 21 129 
0 4 196 
0 13 135 
0 17 169 
0 24 192 
0 19 148 
0 21 120 
0 0 218 
0 0 143 
0 4 223 
0 11 214 
0 11 271 
0 23 217 
0 12 166 
0 19 111 
0 4 142 
0 35 234 
0 17 151 
0 0 226 
0 13 193 
0 35 182 
0 15 157 
0 32 154 
0 21 215 
0 11 271 
0 5 167 
0 9 209 
0 61 175 
0 36 196 
0 6 185 
0 8 197 
0 15 123 
0 14 184 
0 4 236 
0 24 176 
0 15 141 
0 16 141 
0 15 217 
0 23 202 
0 9 167 
0 22 147 
0 7 230 
0 4 181 
0 23 145 
0 8 132 
0 16 175 
0 45 192 
0 6 221 
0 21 165 
0 7 209 
0 1 322 
0 1 236 
0 14 227 
0 26 191 
0 3 187 
0 3 169 
0 1 159 
0 35 138 
0 0 174 
0 2 230 
0 19 132 
0 21 300 
0 11 178 
0 11 263 
0 11 263 
0 4 185 
0 30 102 
0 9 161 
0 7 165 
0 11 297 
0 11 166 
0 10 151 
0 4 181 
0 5 155 
0 28 172 
0 4 147 
0 12 167 
0 11 244 
0 17 113 
0 52 174 
0 13 202 
0 20 194 
0 6 181 
0 26 174 
0 7 170 
0 14 201 
0 22 164 
0 3 158 
0 17 226 
0 14 195 
0 3 254 
0 25 139 
0 1 325 
0 7 230 
0 5 235 
0 15 181 
0 1 146 
0 10 266 
0 37 153 
0 33 207 
0 12 270 
0 15 195 
0 10 234 
0 26 122 
0 29 231 
0 6 183 
0 0 227 
0 19 154 
0 14 129 
0 21 207 
0 20 190 
0 39 232 
0 30 177 
0 19 123 
0 13 185 
0 15 158 
0 0 172 
0 0 190 
0 7 215 
0 14 238 
0 36 243 
0 4 150 
0 7 149 
0 10 174 
0 17 182 
0 9 274 
0 48 117 
0 31 123 
0 4 163 
0 3 183 
0 13 161 
0 12 149 
0 16 178 
0 6 156 
0 0 161 
0 1 248 
0 6 161 
0 8 241 
0 5 237 
0 4 172 
0 23 204 
0 16 129 
0 1 150 
0 57 160 
0 8 213 
0 2 136 
0 5 199 
0 7 215 
0 9 215 
0 8 243 
0 43 151 
0 0 141 
0 8 334 
0 20 137 
0 7 149 
0 12 199 
0 2 207 
0 5 184 
0 9 196 
0 8 137 
0 24 219 
0 4 220 
0 0 199 
0 19 158 
0 10 230 
0 30 152 
0 40 128 
0 3 265 
0 4 321 
0 4 179 
0 7 211 
0 28 199 
0 1 142 
0 18 208 
0 13 214 
0 27 280 
0 14 167 
0 23 253 
0 8 121 
0 10 218 
0 20 134 
0 51 141 
0 8 213 
0 23 208 
0 45 130 
0 33 165 
0 4 170 
0 13 186 
0 13 162 
0 31 105 
0 29 269 
0 14 250 
0 14 154 
0 19 244 
0 7 200 
0 5 181 
0 1 211 
0 0 308 
0 37 158 
0 60 170 
0 7 154 
0 22 157 
0 16 164 
0 13 164 
0 36 161 
0 21 114 
0 27 174 
0 14 217 
0 31 201 
0 5 251 
0 14 152 
0 28 213 
0 9 166 
0 13 195 
0 7 198 
0 8 258 
0 3 301 
0 27 140 
0 44 199 
0 9 123 
0 9 186 
0 6 117 
0 8 216 
0 21 112 
0 22 193 
0 6 191 
0 20 101 
0 1 192 
0 23 376 
0 3 148 
0 8 102 
0 12 202 
0 9 185 
0 7 224 
0 18 147 
0 17 169 
0 8 161 
0 11 129 
0 4 253 
0 10 151 
0 8 232 
0 26 162 
0 18 150 
0 33 121 
0 20 252 
0 3 220 
0 7 236 
0 26 161 
0 3 234 
0 17 285 
0 22 208 
0 10 148 
0 9 191 
0 17 288 
0 11 163 
0 17 231 
0 28 165 
0 35 151 
0 30 272 
0 14 230 
0 17 159 
0 28 208 
0 26 197 
0 2 155 
0 4 200 
0 0 134 
0 19 156 
0 22 195 
0 8 146 
0 23 184 
0 8 165 
0 7 126 
0 12 253 
0 1 216 
0 13 118 
0 30 182 
0 27 157 
0 8 192 
0 1 222 
0 19 175 
0 45 165 
0 21 126 
0 29 126 
0 0 140 
0 11 218 
0 38 143 
0 20 273 
0 12 280 
0 13 192 
0 26 220 
0 7 162 
0 8 240 
0 8 223 
0 21 199 
0 9 234 
0 4 125 
0 22 258 
0 8 230 
0 23 155 
0 8 155 
0 25 157 
0 7 135 
0 15 178 
