427 235 338 
577 286 137 
596 188 216 
519 226 255 
554 308 138 
551 259 190 
461 286 253 
583 265 152 
503 252 245 
496 220 284 
503 310 187 
524 227 249 
499 265 236 
431 242 327 
451 241 308 
640 222 138 
381 203 416 
574 295 131 
444 294 262 
577 212 211 
510 224 266 
593 182 225 
527 210 263 
537 251 212 
633 218 149 
553 244 203 
608 218 174 
541 262 197 
498 280 222 
503 264 233 
488 253 259 
456 264 280 
446 228 326 
590 280 130 
480 310 210 
574 278 148 
610 216 174 
549 225 226 
560 221 219 
534 236 230 
555 228 217 
494 187 319 
566 279 155 
591 238 171 
590 249 161 
478 254 268 
446 205 349 
623 207 170 
595 242 163 
501 175 324 
574 257 169 
558 242 200 
528 260 212 
624 236 140 
595 206 199 
538 226 236 
505 227 268 
545 267 188 
519 288 193 
518 180 302 
557 275 168 
568 255 177 
483 220 297 
517 202 281 
546 181 273 
585 226 189 
558 256 186 
568 204 228 
598 207 195 
488 187 325 
496 251 253 
507 303 190 
571 269 160 
509 262 229 
591 222 187 
540 188 272 
460 167 373 
557 252 191 
572 216 212 
501 346 153 
476 244 280 
572 222 206 
478 292 230 
567 254 179 
530 248 222 
553 257 190 
564 242 194 
517 326 157 
579 219 202 
500 302 198 
571 239 190 
564 267 169 
576 218 206 
562 278 160 
544 282 174 
525 298 177 
479 288 233 
523 226 251 
572 265 163 
588 232 180 
580 292 128 
518 140 342 
659 190 151 
592 260 148 
534 254 212 
518 288 194 
560 260 180 
532 268 200 
517 210 273 
523 265 212 
562 169 269 
507 281 212 
557 232 211 
543 279 178 
607 250 143 
591 213 196 
572 212 216 
602 255 143 
579 234 187 
522 288 190 
576 263 161 
604 211 185 
552 294 154 
588 258 154 
581 226 193 
513 260 227 
488 256 256 
596 278 126 
505 246 249 
646 227 127 
511 234 255 
481 243 276 
661 191 148 
562 206 232 
539 288 173 
722 177 101 
583 207 210 
548 285 167 
610 260 130 
543 248 209 
574 264 162 
633 275 92 
543 291 166 
605 263 132 
541 265 194 
572 294 134 
488 262 250 
434 258 308 
554 223 223 
601 202 197 
608 232 160 
556 224 220 
499 181 320 
629 239 132 
527 290 183 
511 230 259 
504 213 283 
496 239 265 
495 296 209 
510 173 317 
518 299 183 
595 241 164 
554 241 205 
573 269 158 
473 268 259 
396 304 300 
605 223 172 
571 212 217 
580 199 221 
526 308 166 
498 221 281 
551 330 119 
524 245 231 
523 225 252 
628 183 189 
482 266 252 
501 248 251 
522 183 295 
469 253 278 
519 229 252 
559 256 185 
582 260 158 
563 256 181 
632 265 103 
391 238 371 
580 230 190 
492 302 206 
459 232 309 
604 182 214 
534 181 285 
465 256 279 
532 322 146 
422 276 302 
481 270 249 
528 210 262 
586 256 158 
489 213 298 
567 278 155 
505 252 243 
577 277 146 
588 267 145 
385 234 381 
569 194 237 
587 257 156 
546 275 179 
579 190 231 
533 219 248 
614 268 118 
528 310 162 
542 187 271 
681 201 118 
531 273 196 
522 230 248 
640 201 159 
418 282 300 
580 267 153 
475 233 292 
554 249 197 
528 250 222 
607 243 150 
657 160 183 
654 185 161 
567 236 197 
598 196 206 
727 157 116 
566 256 178 
500 260 240 
508 204 288 
536 248 216 
523 281 196 
547 294 159 
502 247 251 
534 218 248 
574 231 195 
499 251 250 
525 280 195 
551 238 211 
527 224 249 
542 210 248 
587 219 194 
598 225 177 
625 188 187 
570 254 176 
474 255 271 
556 310 134 
589 226 185 
553 237 210 
542 265 193 
633 260 107 
572 202 226 
579 189 232 
566 239 195 
568 281 151 
515 216 269 
491 232 277 
585 173 242 
504 250 246 
577 257 166 
552 194 254 
504 207 289 
568 282 150 
485 264 251 
598 218 184 
471 266 263 
492 304 204 
531 192 277 
436 198 366 
477 202 321 
517 214 269 
616 252 132 
553 256 191 
571 262 167 
535 193 272 
449 314 237 
594 253 153 
603 201 196 
537 222 241 
562 178 260 
535 246 219 
519 301 180 
517 225 258 
495 261 244 
486 189 325 
541 246 213 
510 290 200 
663 250 87 
567 267 166 
504 253 243 
605 197 198 
605 219 176 
571 251 178 
610 221 169 
474 200 326 
540 255 205 
430 239 331 
455 243 302 
566 199 235 
604 240 156 
537 285 178 
523 299 178 
538 309 153 
499 224 277 
518 172 310 
495 263 242 
524 273 203 
509 245 246 
521 261 218 
679 200 121 
654 257 89 
506 317 177 
473 200 327 
552 228 220 
561 210 229 
605 228 167 
519 254 227 
512 223 265 
600 196 204 
488 322 190 
555 252 193 
535 198 267 
548 307 145 
639 204 157 
596 246 158 
522 193 285 
619 205 176 
519 234 247 
503 242 255 
460 225 315 
569 232 199 
603 248 149 
630 243 127 
421 287 292 
590 235 175 
550 276 174 
581 246 173 
483 294 223 
526 267 207 
565 260 175 
641 176 183 
601 217 182 
538 283 179 
458 278 264 
538 211 251 
578 239 183 
550 252 198 
661 209 130 
519 207 274 
501 300 199 
582 186 232 
549 275 176 
524 191 285 
594 247 159 
519 229 252 
567 280 153 
513 293 194 
733 144 123 
633 179 188 
527 245 228 
498 218 284 
630 261 109 
593 229 178 
578 222 200 
579 224 197 
607 230 163 
556 246 198 
540 233 227 
472 293 235 
471 234 295 
671 183 146 
608 269 123 
460 227 313 
578 222 200 
525 230 245 
556 232 212 
575 268 157 
561 267 172 
541 180 279 
533 249 218 
503 221 276 
401 255 344 
387 257 356 
552 234 214 
492 228 280 
609 228 163 
605 249 146 
416 289 295 
642 193 165 
525 247 228 
501 245 254 
532 216 252 
526 250 224 
553 262 185 
559 255 186 
548 216 236 
542 285 173 
582 233 185 
655 198 147 
617 199 184 
587 231 182 
560 274 166 
539 250 211 
532 278 190 
463 266 271 
490 194 316 
561 213 226 
358 224 418 
549 276 175 
532 304 164 
589 230 181 
564 301 135 
534 213 253 
594 236 170 
558 234 208 
682 196 122 
611 196 193 
603 232 165 
439 204 357 
515 246 239 
504 234 262 
498 257 245 
606 232 162 
543 195 262 
493 214 293 
600 211 189 
541 211 248 
462 176 362 
576 187 237 
574 272 154 
620 295 85 
585 216 199 
531 214 255 
530 275 195 
543 261 196 
636 213 151 
492 274 234 
619 261 120 
604 258 138 
554 299 147 
503 280 217 
548 252 200 
570 263 167 
534 284 182 
554 273 173 
524 274 202 
555 307 138 
484 248 268 
584 183 233 
548 248 204 
521 185 294 
551 189 260 
547 238 215 
571 261 168 
515 262 223 
471 224 305 
536 218 246 
494 230 276 
494 305 201 
499 201 300 
675 217 108 
578 245 177 
491 263 246 
592 234 174 
470 221 309 
617 223 160 
507 310 183 
595 222 183 
556 247 197 
518 300 182 
436 259 305 
542 236 222 
505 240 255 
606 256 138 
553 267 180 
564 253 183 
547 212 241 
490 259 251 
498 288 214 
477 220 303 
530 192 278 
552 249 199 
529 280 191 
605 158 237 
591 233 176 
665 189 146 
469 247 284 
570 215 215 
509 272 219 
596 265 139 
623 150 227 
472 236 292 
598 223 179 
511 294 195 
559 248 193 
570 230 200 
560 232 208 
544 251 205 
507 246 247 
480 170 350 
496 203 301 
504 248 248 
375 213 412 
552 208 240 
448 266 286 
481 215 304 
380 186 434 
575 272 153 
404 233 363 
469 261 270 
550 254 196 
534 276 190 
506 239 255 
514 313 173 
589 243 168 
599 222 179 
569 174 257 
505 222 273 
590 200 210 
556 201 243 
532 234 234 
642 238 120 
543 284 173 
483 249 268 
536 235 229 
544 283 173 
492 277 231 
562 224 214 
573 246 181 
575 288 137 
496 277 227 
508 230 262 
479 298 223 
507 253 240 
522 244 234 
614 216 170 
519 197 284 
541 245 214 
588 178 234 
513 299 188 
565 218 217 
524 238 238 
548 196 256 
493 276 231 
588 273 139 
606 225 169 
583 218 199 
593 180 227 
544 265 191 
518 215 267 
609 201 190 
520 243 237 
581 249 170 
536 250 214 
424 251 325 
505 223 272 
531 179 290 
548 262 190 
536 170 294 
647 209 144 
432 241 327 
548 302 150 
599 170 231 
589 201 210 
490 259 251 
618 220 162 
479 227 294 
542 229 229 
482 258 260 
497 226 277 
484 275 241 
521 207 272 
490 183 327 
546 303 151 
531 231 238 
511 255 234 
397 211 392 
593 289 118 
619 259 122 
587 228 185 
583 241 176 
535 276 189 
559 177 264 
564 225 211 
494 255 251 
605 252 143 
574 208 218 
469 308 223 
549 256 195 
524 281 195 
586 227 187 
578 238 184 
518 266 216 
580 252 168 
600 216 184 
514 307 179 
534 282 184 
614 196 190 
557 253 190 
401 186 413 
486 314 200 
588 289 123 
502 291 207 
517 247 236 
550 243 207 
547 175 278 
511 290 199 
566 271 163 
555 272 173 
541 254 205 
481 287 232 
555 179 266 
627 179 194 
462 301 237 
588 247 165 
437 261 302 
625 238 137 
544 250 206 
507 220 273 
568 286 146 
497 241 262 
434 284 282 
545 309 146 
561 284 155 
492 253 255 
552 251 197 
543 250 207 
535 201 264 
512 262 226 
557 229 214 
414 214 372 
587 248 165 
551 251 198 
538 197 265 
580 225 195 
537 201 262 
536 295 169 
529 245 226 
545 291 164 
500 251 249 
597 189 214 
572 246 182 
512 240 248 
412 208 380 
455 260 285 
508 264 228 
650 232 118 
579 227 194 
572 287 141 
478 209 313 
516 287 197 
620 209 171 
509 282 209 
444 313 243 
570 280 150 
550 193 257 
489 248 263 
559 253 188 
579 259 162 
462 251 287 
539 247 214 
622 264 114 
598 221 181 
517 308 175 
539 231 230 
449 243 308 
592 220 188 
466 233 301 
482 302 216 
519 200 281 
549 203 248 
496 161 343 
488 195 317 
481 231 288 
577 271 152 
445 264 291 
455 295 250 
547 238 215 
574 212 214 
566 271 163 
573 300 127 
544 261 195 
576 259 165 
521 281 198 
471 265 264 
645 176 179 
530 211 259 
504 254 242 
552 282 166 
640 241 119 
590 210 200 
489 278 233 
451 202 347 
555 240 205 
532 231 237 
580 227 193 
540 268 192 
501 186 313 
532 252 216 
498 265 237 
499 300 201 
660 217 123 
482 281 237 
502 264 234 
686 182 132 
551 278 171 
532 225 243 
656 194 150 
599 245 156 
658 232 110 
589 249 162 
550 279 171 
583 244 173 
480 219 301 
585 234 181 
571 191 238 
493 292 215 
544 185 271 
403 240 357 
652 225 123 
513 276 211 
599 250 151 
584 275 141 
558 319 123 
490 235 275 
519 188 293 
530 215 255 
620 214 166 
537 292 171 
562 216 222 
458 233 309 
557 190 253 
515 306 179 
502 347 151 
539 214 247 
606 203 191 
495 302 203 
464 275 261 
499 275 226 
475 275 250 
626 215 159 
588 208 204 
611 260 129 
601 127 272 
576 204 220 
556 233 211 
441 256 303 
524 306 170 
505 231 264 
535 195 270 
478 231 291 
499 181 320 
484 339 177 
545 290 165 
519 247 234 
492 243 265 
621 194 185 
531 275 194 
533 231 236 
554 232 214 
582 274 144 
491 244 265 
518 247 235 
527 264 209 
585 221 194 
538 258 204 
557 251 192 
522 272 206 
488 290 222 
552 198 250 
540 238 222 
556 255 189 
521 286 193 
542 242 216 
613 221 166 
673 167 160 
436 257 307 
553 238 209 
571 263 166 
605 234 161 
538 286 176 
573 216 211 
499 266 235 
525 319 156 
590 311 99 
589 257 154 
703 181 116 
462 285 253 
559 230 211 
578 245 177 
607 236 157 
560 234 206 
580 217 203 
502 252 246 
618 241 141 
494 269 237 
471 191 338 
478 274 248 
656 212 132 
517 243 240 
648 193 159 
524 278 198 
587 197 216 
504 300 196 
602 224 174 
580 240 180 
514 277 209 
623 206 171 
458 244 298 
504 228 268 
513 258 229 
570 250 180 
543 259 198 
548 248 204 
538 265 197 
622 224 154 
565 216 219 
534 250 216 
506 270 224 
553 220 227 
536 297 167 
519 210 271 
555 260 185 
542 291 167 
589 218 193 
481 217 302 
502 289 209 
563 207 230 
550 254 196 
539 238 223 
592 263 145 
526 238 236 
529 212 259 
593 238 169 
636 248 116 
550 279 171 
474 291 235 
470 257 273 
438 246 316 
406 176 418 
534 208 258 
603 242 155 
594 218 188 
508 305 187 
518 263 219 
591 216 193 
622 240 138 
629 212 159 
476 185 339 
570 283 147 
527 255 218 
498 284 218 
533 232 235 
633 238 129 
545 268 187 
607 229 164 
641 220 139 
514 236 250 
506 303 191 
490 233 277 
503 256 241 
422 229 349 
539 243 218 
568 273 159 
456 301 243 
593 173 234 
523 316 161 
494 256 250 
509 267 224 
571 238 191 
618 224 158 
474 254 272 
431 321 248 
584 245 171 
567 279 154 
430 262 308 
512 255 233 
578 281 141 
381 247 372 
473 264 263 
473 228 299 
570 226 204 
582 153 265 
545 311 144 
503 216 281 
514 227 259 
600 235 165 
633 265 102 
587 222 191 
533 222 245 
608 248 144 
502 317 181 
473 286 241 
492 309 199 
491 308 201 
538 267 195 
491 235 274 
515 269 216 
613 216 171 
548 267 185 
520 204 276 
668 221 111 
624 227 149 
431 270 299 
444 276 280 
481 255 264 
546 269 185 
558 262 180 
579 210 211 
656 214 130 
658 208 134 
496 203 301 
545 274 181 
593 284 123 
497 215 288 
513 190 297 
551 218 231 
479 199 322 
538 259 203 
503 284 213 
479 278 243 
504 268 228 
577 314 109 
556 217 227 
575 267 158 
561 235 204 
582 283 135 
280 218 502 
530 168 302 
540 238 222 
559 246 195 
479 298 223 
535 259 206 
583 214 203 
444 207 349 
561 281 158 
554 258 188 
545 244 211 
531 246 223 
499 226 275 
475 254 271 
579 253 168 
508 295 197 
567 195 238 
586 202 212 
422 229 349 
555 246 199 
534 234 232 
586 246 168 
556 246 198 
539 250 211 
447 246 307 
536 325 139 
590 295 115 
550 237 213 
543 312 145 
538 231 231 
538 270 192 
456 227 317 
517 249 234 
611 231 158 
485 241 274 
636 220 144 
542 277 181 
561 252 187 
610 186 204 
482 252 266 
599 230 171 
519 259 222 
465 256 279 
492 273 235 
569 272 159 
520 239 241 
556 269 175 
546 300 154 
617 271 112 
580 212 208 
427 256 317 
458 276 266 
534 206 260 
489 209 302 
512 189 299 
553 281 166 
546 262 192 
586 198 216 
532 218 250 
602 231 167 
564 309 127 
444 233 323 
476 248 276 
458 339 203 
622 168 210 
504 234 262 
494 242 264 
650 211 139 
520 256 224 
483 274 243 
444 186 370 
492 261 247 
609 210 181 
603 204 193 
556 288 156 
