0 235 11 
0 167 52 
0 174 6 
0 223 19 
0 299 9 
0 212 31 
0 257 27 
0 180 44 
0 203 2 
0 229 0 
0 229 5 
0 212 10 
0 218 29 
0 209 37 
0 137 4 
0 208 46 
0 212 8 
0 231 27 
0 220 29 
0 220 7 
0 248 14 
0 164 42 
0 196 18 
0 222 43 
0 195 27 
0 223 3 
0 252 15 
0 192 1 
0 213 0 
0 231 21 
0 226 1 
0 247 27 
0 229 7 
0 228 11 
0 153 4 
0 239 1 
0 145 67 
0 274 10 
0 266 14 
0 238 14 
0 212 24 
0 209 22 
0 223 22 
0 217 32 
0 243 4 
0 205 13 
0 201 2 
0 206 14 
0 200 9 
0 150 3 
0 225 6 
0 186 86 
0 210 4 
0 201 19 
0 258 22 
0 231 23 
0 177 37 
0 245 19 
0 212 28 
0 202 0 
0 195 15 
0 171 9 
0 247 8 
0 263 6 
0 181 25 
0 227 25 
0 192 9 
0 207 52 
0 227 21 
0 149 13 
0 233 29 
0 197 86 
0 235 19 
0 202 13 
0 215 3 
0 195 56 
0 199 3 
0 267 1 
0 228 7 
0 218 9 
0 213 24 
0 200 25 
0 173 16 
0 251 13 
0 229 2 
0 199 4 
0 248 11 
0 213 1 
0 158 18 
0 226 19 
0 216 2 
0 206 2 
0 246 29 
0 244 20 
0 141 19 
0 219 4 
0 176 18 
0 219 4 
0 198 19 
0 184 100 
0 252 26 
0 181 29 
0 145 10 
0 210 23 
0 183 22 
0 207 13 
0 236 7 
0 250 15 
0 236 22 
0 204 22 
0 197 2 
0 218 27 
0 228 13 
0 226 10 
0 187 30 
0 174 26 
0 172 18 
0 195 33 
0 238 23 
0 213 25 
0 248 19 
0 218 3 
0 214 24 
0 200 8 
0 235 43 
0 217 1 
0 215 34 
0 247 8 
0 272 19 
0 191 9 
0 128 8 
0 191 3 
0 166 14 
0 235 27 
0 150 10 
0 186 17 
0 156 34 
0 238 22 
0 214 28 
0 199 35 
0 136 13 
0 259 24 
0 216 28 
0 191 16 
0 189 29 
0 233 32 
0 282 17 
0 232 4 
0 227 6 
0 215 1 
0 220 20 
0 235 6 
0 251 28 
0 206 23 
0 223 0 
0 191 44 
0 285 7 
0 254 0 
0 226 24 
0 202 12 
0 233 30 
0 253 17 
0 261 4 
0 197 85 
0 266 69 
0 222 31 
0 257 24 
0 179 35 
0 231 22 
0 195 13 
0 204 15 
0 193 7 
0 254 15 
0 177 6 
0 198 26 
0 180 31 
0 246 9 
0 220 7 
0 251 14 
0 262 3 
0 255 38 
0 264 23 
0 155 6 
0 231 11 
0 215 68 
0 242 12 
0 200 31 
0 271 4 
0 240 14 
0 244 30 
0 181 5 
0 187 38 
0 173 23 
0 183 11 
0 255 21 
0 201 8 
0 259 37 
0 255 13 
0 150 16 
0 227 36 
0 170 34 
0 215 0 
0 228 29 
0 304 0 
0 247 35 
0 217 7 
0 218 28 
0 191 29 
0 173 3 
0 224 5 
0 245 32 
0 267 13 
0 214 12 
0 168 10 
0 231 12 
0 236 15 
0 211 8 
0 181 50 
0 183 0 
0 200 2 
0 188 14 
0 216 44 
0 202 20 
0 194 2 
0 224 22 
0 234 3 
0 181 0 
0 155 70 
0 189 0 
0 242 5 
0 268 10 
0 194 15 
0 194 10 
0 221 35 
0 176 35 
0 161 51 
0 202 23 
0 238 16 
0 235 8 
0 188 19 
0 247 7 
0 213 36 
0 276 26 
0 256 24 
0 198 35 
0 224 1 
0 228 12 
0 232 13 
0 274 5 
0 206 11 
0 158 10 
0 224 64 
0 199 19 
0 151 39 
0 211 6 
0 203 16 
0 188 23 
0 196 0 
0 244 8 
0 221 9 
0 259 6 
0 164 13 
0 210 14 
0 257 18 
0 222 35 
0 190 7 
0 260 1 
0 180 31 
0 188 3 
0 276 24 
0 201 36 
0 200 46 
0 204 8 
0 253 8 
0 209 8 
0 228 9 
0 189 11 
0 266 3 
0 166 7 
0 198 25 
0 227 5 
0 231 12 
0 225 3 
0 167 31 
0 255 21 
0 197 0 
0 222 2 
0 211 28 
0 199 10 
0 204 9 
0 198 27 
0 156 64 
0 217 20 
0 223 84 
0 196 14 
0 223 21 
0 247 25 
0 226 29 
0 221 3 
0 187 46 
0 266 29 
0 179 10 
0 232 13 
0 230 30 
0 203 31 
0 272 0 
0 229 66 
0 202 37 
0 248 10 
0 207 9 
0 168 23 
0 236 11 
0 225 13 
0 184 11 
0 246 45 
0 213 24 
0 249 38 
0 208 6 
0 226 48 
0 223 28 
0 215 29 
0 178 35 
0 234 26 
0 242 13 
0 197 1 
0 165 17 
0 248 6 
0 255 11 
0 212 28 
0 197 25 
0 226 3 
0 236 56 
0 248 62 
0 234 35 
0 189 1 
0 205 34 
0 194 36 
0 184 74 
0 203 2 
0 198 21 
0 209 1 
0 187 20 
0 188 8 
0 250 36 
0 194 9 
0 198 18 
0 185 3 
0 198 12 
0 269 29 
0 234 17 
0 231 4 
0 147 7 
0 187 19 
0 234 11 
0 235 13 
0 171 60 
0 193 7 
0 190 10 
0 262 18 
0 259 6 
0 231 18 
0 200 86 
0 169 21 
0 198 28 
0 201 15 
0 259 4 
0 169 32 
0 219 14 
0 174 0 
0 200 34 
0 250 5 
0 254 0 
0 250 5 
0 167 8 
0 180 8 
0 185 21 
0 240 2 
0 243 27 
0 221 5 
0 212 36 
0 284 0 
0 212 2 
0 114 90 
0 180 10 
0 247 19 
0 175 15 
0 156 26 
0 236 8 
0 233 10 
0 242 21 
0 210 21 
0 243 11 
0 230 3 
0 173 21 
0 203 8 
0 193 10 
0 202 9 
0 201 14 
0 224 25 
0 212 47 
0 234 12 
0 207 6 
0 251 18 
0 179 30 
0 159 7 
0 224 1 
0 244 71 
0 217 4 
0 233 0 
0 201 34 
0 189 34 
0 255 31 
0 173 17 
0 187 8 
0 185 41 
0 280 8 
0 246 44 
0 246 4 
0 184 24 
0 199 11 
0 174 43 
0 149 2 
0 248 15 
0 145 48 
0 233 21 
0 237 18 
0 236 8 
0 243 19 
0 200 7 
0 263 43 
0 162 35 
0 232 5 
0 241 3 
0 227 33 
0 199 12 
0 237 40 
0 172 10 
0 247 5 
0 235 40 
0 252 2 
0 231 1 
0 188 11 
0 198 67 
0 185 22 
0 205 18 
0 187 4 
0 231 35 
0 230 16 
0 212 1 
0 281 16 
0 179 3 
0 221 32 
0 209 28 
0 278 11 
0 197 14 
0 169 46 
0 197 100 
0 211 69 
0 245 0 
0 231 26 
0 223 60 
0 155 41 
0 236 14 
0 145 14 
0 232 1 
0 212 17 
0 214 26 
0 184 0 
0 214 5 
0 179 9 
0 159 22 
0 181 4 
0 271 6 
0 207 7 
0 222 9 
0 176 0 
0 165 16 
0 244 31 
0 220 72 
0 169 17 
0 253 17 
0 231 5 
0 223 14 
0 234 17 
0 173 28 
0 227 9 
0 271 6 
0 275 34 
0 163 56 
0 206 106 
0 213 27 
0 240 9 
0 244 1 
0 218 13 
0 205 25 
0 226 17 
0 203 4 
0 263 5 
0 262 16 
0 247 21 
0 188 1 
0 254 24 
0 265 19 
0 219 5 
0 184 16 
0 161 14 
0 233 3 
0 215 10 
0 264 31 
0 227 14 
0 282 1 
0 234 1 
0 197 32 
0 180 27 
0 252 23 
0 187 14 
0 234 35 
0 243 26 
0 215 13 
0 160 35 
0 256 9 
0 190 3 
0 193 8 
0 209 11 
0 171 5 
0 173 35 
0 204 46 
0 230 26 
0 165 44 
0 212 33 
0 205 27 
0 255 17 
0 162 20 
0 234 49 
0 165 21 
0 184 42 
0 257 14 
0 210 76 
0 219 11 
0 196 3 
0 239 0 
0 180 2 
0 161 12 
0 207 23 
0 159 10 
0 235 16 
0 217 7 
0 221 30 
0 256 7 
0 181 12 
0 182 19 
0 206 79 
0 213 21 
0 210 14 
0 205 12 
0 199 12 
0 203 2 
0 227 13 
0 171 29 
0 200 25 
0 243 11 
0 260 10 
0 193 8 
0 199 8 
0 187 21 
0 247 15 
0 206 3 
0 267 6 
0 234 18 
0 194 51 
0 176 7 
0 209 3 
0 254 0 
0 233 10 
0 236 3 
0 263 11 
0 190 40 
0 227 40 
0 226 52 
0 205 51 
0 276 12 
0 183 55 
0 235 12 
0 194 19 
0 250 15 
0 229 2 
0 231 16 
0 159 70 
0 220 8 
0 221 15 
0 166 6 
0 261 0 
0 216 0 
0 225 13 
0 247 8 
0 189 3 
0 220 10 
0 216 0 
0 245 8 
0 194 2 
0 243 43 
0 228 26 
0 223 1 
0 242 8 
0 171 109 
0 238 19 
0 216 43 
0 180 24 
0 200 8 
0 256 24 
0 207 2 
0 223 4 
0 204 29 
0 189 22 
0 163 70 
0 230 10 
0 135 10 
0 227 25 
0 212 13 
0 177 10 
0 284 21 
0 203 2 
0 147 3 
0 213 4 
0 251 10 
0 210 8 
0 250 10 
0 238 3 
0 240 21 
0 288 21 
0 182 3 
0 163 35 
0 217 20 
0 193 6 
0 143 45 
0 186 56 
0 209 13 
0 214 66 
0 267 3 
0 273 68 
0 218 18 
0 211 17 
0 255 5 
0 187 3 
0 213 24 
0 187 15 
0 196 12 
0 163 34 
0 245 15 
0 271 8 
0 175 13 
0 236 5 
0 200 47 
0 219 5 
0 226 28 
0 232 7 
0 212 27 
0 190 29 
0 222 13 
0 224 11 
0 198 2 
0 187 53 
0 204 20 
0 210 19 
0 164 22 
0 160 56 
0 207 1 
0 204 4 
0 273 4 
0 170 21 
0 246 55 
0 207 7 
0 251 8 
0 207 80 
0 160 8 
0 250 13 
0 225 22 
0 231 36 
0 240 17 
0 190 12 
0 205 34 
0 257 24 
0 244 12 
0 202 0 
0 195 49 
0 194 23 
0 175 43 
0 232 3 
0 230 19 
0 178 8 
0 119 1 
0 264 5 
0 232 74 
0 225 0 
0 224 28 
0 177 40 
0 215 30 
0 198 7 
0 222 2 
0 231 4 
0 245 6 
0 170 1 
0 220 16 
0 146 12 
0 134 8 
0 188 82 
0 195 36 
0 208 50 
0 141 28 
0 270 45 
0 178 37 
0 229 7 
0 176 22 
0 231 11 
0 208 3 
0 157 26 
0 187 21 
0 142 12 
0 199 15 
0 173 17 
0 185 0 
0 247 21 
0 215 1 
0 191 5 
0 165 26 
0 219 34 
0 192 12 
0 254 13 
0 198 2 
0 228 7 
0 241 4 
0 236 0 
0 266 9 
0 148 16 
0 239 54 
0 202 3 
0 243 24 
0 223 14 
0 214 18 
0 167 5 
0 181 11 
0 222 14 
0 239 15 
0 210 29 
0 231 12 
0 210 50 
0 201 49 
0 192 2 
0 253 18 
0 324 4 
0 217 23 
0 167 46 
0 122 15 
0 207 15 
0 239 10 
0 260 22 
0 246 10 
0 258 13 
0 239 14 
0 205 21 
0 200 16 
0 193 22 
0 238 27 
0 209 13 
0 221 62 
0 231 8 
0 183 7 
0 292 5 
0 236 18 
0 210 7 
0 257 17 
0 228 1 
0 181 21 
0 249 20 
0 262 18 
0 266 25 
0 209 47 
0 183 22 
0 223 13 
0 267 3 
0 289 1 
0 185 25 
0 212 14 
0 184 17 
0 225 19 
0 217 0 
0 179 2 
0 224 15 
0 201 24 
0 216 1 
0 187 14 
0 222 21 
0 236 10 
0 190 6 
0 176 37 
0 175 16 
0 183 2 
0 187 26 
0 163 62 
0 249 13 
0 209 17 
0 238 4 
0 237 11 
0 219 18 
0 219 22 
0 239 33 
0 199 5 
0 149 6 
0 176 25 
0 199 30 
0 161 48 
0 232 29 
0 294 0 
0 195 31 
0 195 4 
0 174 11 
0 217 65 
0 259 12 
0 138 51 
0 178 82 
0 186 3 
0 204 19 
0 255 15 
0 182 0 
0 220 6 
0 216 18 
0 264 28 
0 192 8 
0 241 3 
0 223 8 
0 181 13 
0 250 36 
0 203 1 
0 207 25 
0 183 10 
0 226 8 
0 222 11 
0 273 13 
0 222 4 
0 251 3 
0 160 19 
0 221 22 
0 193 23 
0 288 43 
0 202 19 
0 281 22 
0 210 29 
0 204 55 
0 214 8 
0 230 21 
0 175 9 
0 242 23 
0 283 21 
0 239 46 
0 252 52 
0 180 27 
0 202 5 
0 239 18 
0 214 13 
0 191 21 
0 249 7 
0 197 17 
0 135 9 
0 289 44 
0 226 10 
0 163 11 
0 175 30 
0 236 5 
0 237 9 
0 256 7 
0 219 40 
0 229 5 
0 245 0 
0 193 40 
0 187 29 
0 184 39 
0 186 28 
0 208 1 
0 300 23 
0 228 16 
0 187 7 
0 190 25 
0 147 31 
0 210 41 
0 205 10 
0 217 13 
0 257 3 
0 279 33 
0 206 20 
0 212 32 
0 236 39 
0 175 8 
0 253 19 
0 202 29 
0 191 54 
0 255 13 
0 222 1 
0 225 15 
0 216 19 
0 159 4 
0 178 6 
0 265 1 
0 176 20 
0 229 7 
0 242 12 
0 256 28 
0 230 55 
0 231 8 
0 237 7 
0 238 35 
0 180 10 
0 181 90 
0 213 13 
0 176 1 
0 238 5 
0 229 50 
0 200 13 
0 258 20 
0 234 16 
0 191 3 
0 294 2 
0 171 11 
0 263 9 
0 241 36 
0 204 48 
0 224 33 
0 143 36 
0 200 74 
0 148 22 
0 222 16 
0 230 7 
0 275 19 
0 189 7 
0 238 36 
0 228 29 
0 215 11 
0 220 28 
0 310 6 
0 245 1 
0 163 19 
0 239 2 
0 242 0 
0 245 2 
0 163 16 
0 243 16 
0 219 11 
0 209 11 
0 264 18 
0 208 22 
0 219 10 
0 223 47 
0 261 26 
0 169 41 
0 159 6 
0 217 43 
0 209 29 
0 186 4 
0 226 10 
0 157 71 
0 144 15 
0 201 26 
0 250 24 
0 114 14 
0 216 14 
0 161 13 
0 208 18 
0 206 47 
0 164 29 
0 234 68 
0 182 16 
0 211 43 
0 253 6 
0 205 16 
0 193 26 
0 226 6 
0 169 32 
0 233 29 
0 211 11 
0 170 10 
0 182 80 
0 258 13 
0 164 23 
0 188 7 
0 196 11 
0 227 1 
0 217 31 
0 206 42 
0 290 24 
0 212 2 
0 224 28 
0 190 10 
0 233 14 
0 184 28 
0 221 45 
0 178 34 
0 201 1 
0 162 2 
0 270 13 
0 286 8 
0 227 33 
