0 151 64 
0 82 22 
0 64 42 
0 74 38 
0 154 17 
0 122 52 
0 96 30 
0 147 37 
0 162 34 
0 97 134 
0 105 171 
0 69 45 
0 159 77 
0 154 63 
0 76 119 
0 102 28 
0 149 118 
0 76 30 
0 140 12 
0 141 16 
0 72 13 
0 72 68 
0 109 103 
0 96 47 
0 78 70 
0 76 34 
0 80 106 
0 126 55 
0 172 13 
0 46 14 
0 71 93 
0 73 19 
0 96 17 
0 155 24 
0 75 58 
0 115 63 
0 141 1 
0 121 0 
0 130 20 
0 117 49 
0 89 24 
0 129 11 
0 143 16 
0 142 16 
0 129 28 
0 76 0 
0 152 37 
0 111 19 
0 65 24 
0 165 37 
0 100 29 
0 120 25 
0 69 98 
0 117 90 
0 167 52 
0 105 38 
0 141 73 
0 172 7 
0 174 43 
0 114 42 
0 41 64 
0 90 17 
0 106 39 
0 129 76 
0 113 18 
0 129 46 
0 115 25 
0 177 13 
0 78 43 
0 59 134 
0 80 27 
0 124 44 
0 107 48 
0 116 23 
0 104 90 
0 112 50 
0 102 14 
0 137 84 
0 100 9 
0 143 50 
0 119 12 
0 92 27 
0 96 84 
0 116 62 
0 129 44 
0 102 23 
0 111 34 
0 126 37 
0 93 39 
0 140 37 
0 86 90 
0 122 61 
0 93 42 
0 129 64 
0 199 36 
0 149 28 
0 138 19 
0 112 33 
0 109 34 
0 105 27 
0 136 22 
0 52 56 
0 121 36 
0 65 35 
0 149 22 
0 88 28 
0 153 78 
0 58 3 
0 64 33 
0 71 13 
0 105 54 
0 144 39 
0 120 57 
0 123 34 
0 99 99 
0 99 44 
0 60 88 
0 123 3 
0 141 59 
0 61 19 
0 163 20 
0 96 68 
0 120 41 
0 164 13 
0 118 64 
0 148 49 
0 47 45 
0 98 22 
0 93 19 
0 136 32 
0 117 57 
0 48 14 
0 126 13 
0 117 95 
0 54 54 
0 127 23 
0 131 35 
0 65 34 
0 147 31 
0 114 21 
0 123 15 
0 73 8 
0 83 50 
0 156 47 
0 111 20 
0 54 31 
0 143 56 
0 126 41 
0 135 26 
0 97 38 
0 166 10 
0 97 63 
0 138 51 
0 95 62 
0 105 22 
0 102 118 
0 187 30 
0 146 7 
0 136 38 
0 65 32 
0 113 77 
0 126 34 
0 113 56 
0 177 17 
0 75 16 
0 113 115 
0 165 49 
0 150 48 
0 121 39 
0 85 81 
0 142 208 
0 165 2 
0 83 42 
0 99 14 
0 76 15 
0 120 46 
0 119 64 
0 92 21 
0 121 12 
0 61 18 
0 68 38 
0 116 78 
0 108 123 
0 116 23 
0 47 94 
0 115 16 
0 82 27 
0 145 53 
0 88 52 
0 159 34 
0 111 64 
0 104 163 
0 92 30 
0 81 8 
0 128 12 
0 179 76 
0 105 30 
0 101 44 
0 148 51 
0 122 65 
0 59 42 
0 151 10 
0 133 15 
0 100 67 
0 76 36 
0 100 15 
0 113 13 
0 101 28 
0 52 29 
0 101 29 
0 119 21 
0 53 9 
0 95 140 
0 68 34 
0 128 24 
0 129 27 
0 145 100 
0 129 47 
0 134 28 
0 123 39 
0 120 31 
0 119 14 
0 126 31 
0 114 129 
0 149 34 
0 106 61 
0 135 113 
0 160 62 
0 87 44 
0 93 37 
0 151 87 
0 279 20 
0 101 1 
0 95 25 
0 63 87 
0 150 13 
0 133 42 
0 89 77 
0 100 84 
0 92 92 
0 94 36 
0 83 41 
0 107 53 
0 168 34 
0 79 6 
0 104 32 
0 104 60 
0 104 50 
0 127 65 
0 66 37 
0 122 23 
0 133 20 
0 140 73 
0 130 16 
0 121 27 
0 77 19 
0 108 123 
0 164 9 
0 132 77 
0 116 14 
0 59 12 
0 154 70 
0 137 44 
0 100 94 
0 106 14 
0 47 25 
0 156 25 
0 98 37 
0 74 15 
0 132 28 
0 166 15 
0 105 23 
0 76 21 
0 121 21 
0 113 49 
0 106 10 
0 156 53 
0 97 91 
0 121 24 
0 128 59 
0 121 24 
0 130 46 
0 150 13 
0 72 48 
0 38 6 
0 43 49 
0 141 27 
0 144 3 
0 80 27 
0 73 23 
0 157 16 
0 95 45 
0 49 11 
0 110 5 
0 85 27 
0 36 38 
0 105 51 
0 127 50 
0 132 25 
0 79 83 
0 149 37 
0 64 56 
0 114 37 
0 58 164 
0 137 4 
0 123 38 
0 149 21 
0 98 25 
0 69 17 
0 89 57 
0 165 23 
0 102 7 
0 40 37 
0 69 31 
0 108 47 
0 132 20 
0 136 23 
0 36 9 
0 118 16 
0 91 64 
0 86 15 
0 97 21 
0 89 32 
0 111 60 
0 172 5 
0 160 17 
0 127 38 
0 89 27 
0 125 48 
0 109 16 
0 106 106 
0 98 51 
0 140 69 
0 113 61 
0 74 66 
0 80 44 
0 77 68 
0 73 35 
0 74 21 
0 108 37 
0 160 20 
0 153 21 
0 114 36 
0 134 100 
0 90 39 
0 107 35 
0 134 119 
0 53 26 
0 50 52 
0 90 32 
0 141 69 
0 117 40 
0 103 41 
0 155 35 
0 64 44 
0 113 40 
0 99 28 
0 133 1 
0 144 37 
0 99 47 
0 86 49 
0 159 27 
0 200 38 
0 89 19 
0 75 36 
0 75 22 
0 173 28 
0 109 11 
0 70 159 
0 168 83 
0 171 12 
0 128 11 
0 100 24 
0 167 1 
0 101 24 
0 73 38 
0 95 15 
0 55 22 
0 76 33 
0 134 28 
0 183 32 
0 113 38 
0 128 24 
0 102 28 
0 136 25 
0 123 67 
0 104 43 
0 71 28 
0 74 12 
0 99 25 
0 51 50 
0 90 55 
0 118 34 
0 78 38 
0 101 12 
0 151 12 
0 99 55 
0 100 33 
0 54 129 
0 82 77 
0 141 35 
0 93 34 
0 175 10 
0 76 8 
0 86 37 
0 104 67 
0 112 20 
0 89 24 
0 183 51 
0 54 27 
0 118 28 
0 80 58 
0 86 50 
0 41 48 
0 84 82 
0 169 17 
0 153 81 
0 102 47 
0 97 26 
0 105 32 
0 76 21 
0 133 23 
0 126 33 
0 87 134 
0 71 23 
0 124 41 
0 99 22 
0 109 13 
0 178 28 
0 69 15 
0 202 13 
0 92 16 
0 134 25 
0 99 35 
0 74 42 
0 133 15 
0 126 20 
0 78 42 
0 110 17 
0 130 14 
0 101 33 
0 125 29 
0 148 28 
0 76 31 
0 62 43 
0 133 72 
0 76 47 
0 93 14 
0 115 65 
0 167 19 
0 130 23 
0 145 25 
0 41 14 
0 92 23 
0 142 5 
0 69 21 
0 130 12 
0 142 23 
0 136 43 
0 126 21 
0 112 56 
0 153 26 
0 121 44 
0 90 12 
0 145 46 
0 65 22 
0 129 23 
0 175 18 
0 102 39 
0 28 14 
0 106 23 
0 112 30 
0 102 74 
0 83 3 
0 132 19 
0 119 65 
0 82 51 
0 145 4 
0 149 36 
0 108 82 
0 74 14 
0 160 11 
0 137 53 
0 88 49 
0 81 57 
0 96 73 
0 143 82 
0 71 24 
0 95 56 
0 83 55 
0 61 55 
0 84 53 
0 166 0 
0 95 3 
0 126 52 
0 113 5 
0 99 69 
0 18 8 
0 124 92 
0 86 4 
0 76 75 
0 140 17 
0 69 47 
0 127 4 
0 133 38 
0 99 84 
0 80 68 
0 137 16 
0 95 37 
0 101 68 
0 132 22 
0 92 9 
0 118 20 
0 92 39 
0 125 61 
0 105 19 
0 73 88 
0 88 30 
0 91 17 
0 113 38 
0 189 64 
0 122 30 
0 135 30 
0 113 27 
0 62 31 
0 78 52 
0 73 28 
0 170 14 
0 170 3 
0 97 64 
0 114 15 
0 50 23 
0 136 30 
0 82 144 
0 133 98 
0 109 116 
0 101 38 
0 95 53 
0 119 65 
0 106 19 
0 168 86 
0 101 28 
0 56 31 
0 118 26 
0 105 80 
0 84 29 
0 97 16 
0 152 50 
0 131 34 
0 102 31 
0 104 30 
0 148 29 
0 86 53 
0 139 96 
0 115 26 
0 82 74 
0 51 12 
0 122 83 
0 107 22 
0 46 105 
0 168 38 
0 101 7 
0 113 48 
0 133 49 
0 105 99 
0 47 52 
0 106 31 
0 123 16 
0 137 22 
0 149 27 
0 177 17 
0 76 15 
0 204 55 
0 78 52 
0 49 82 
0 66 44 
0 136 20 
0 90 6 
0 177 14 
0 133 66 
0 104 82 
0 65 202 
0 128 36 
0 133 23 
0 68 45 
0 42 41 
0 108 25 
0 86 56 
0 109 64 
0 146 38 
0 106 24 
0 100 25 
0 80 27 
0 157 12 
0 133 37 
0 131 45 
0 144 53 
0 81 59 
0 123 20 
0 166 27 
0 89 6 
0 145 110 
0 103 35 
0 178 20 
0 109 38 
0 87 52 
0 81 54 
0 31 96 
0 128 12 
0 120 19 
0 119 70 
0 118 15 
0 130 78 
0 108 110 
0 103 40 
0 204 34 
0 79 23 
0 108 43 
0 153 25 
0 94 8 
0 100 16 
0 131 45 
0 159 27 
0 154 37 
0 115 22 
0 77 51 
0 70 34 
0 93 11 
0 114 23 
0 49 58 
0 119 52 
0 125 31 
0 61 15 
0 59 16 
0 86 35 
0 209 15 
0 165 45 
0 144 14 
0 122 81 
0 174 47 
0 114 25 
0 144 40 
0 136 58 
0 132 46 
0 115 7 
0 107 15 
0 86 57 
0 117 27 
0 82 6 
0 112 26 
0 112 17 
0 78 52 
0 40 46 
0 44 32 
0 123 60 
0 120 21 
0 111 15 
0 82 60 
0 128 25 
0 145 1 
0 180 18 
0 147 24 
0 169 10 
0 119 11 
0 96 20 
0 83 22 
0 108 13 
0 187 37 
0 128 53 
0 57 57 
0 83 28 
0 134 50 
0 104 60 
0 174 94 
0 169 73 
0 125 22 
0 32 39 
0 97 105 
0 160 20 
0 97 18 
0 62 12 
0 82 46 
0 81 100 
0 108 16 
0 134 23 
0 136 73 
0 64 18 
0 99 26 
0 130 17 
0 64 11 
0 80 34 
0 132 0 
0 108 6 
0 232 11 
0 141 37 
0 114 55 
0 77 63 
0 77 28 
0 115 27 
0 80 41 
0 72 59 
0 132 42 
0 153 19 
0 82 35 
0 44 42 
0 54 77 
0 82 107 
0 99 52 
0 50 42 
0 60 39 
0 129 12 
0 93 27 
0 105 29 
0 94 83 
0 95 26 
0 118 82 
0 97 17 
0 107 21 
0 73 1 
0 118 16 
0 80 26 
0 153 1 
0 146 14 
0 141 11 
0 125 40 
0 49 64 
0 115 20 
0 98 55 
0 77 31 
0 182 25 
0 55 14 
0 135 64 
0 190 62 
0 128 132 
0 161 85 
0 105 47 
0 112 143 
0 164 81 
0 102 24 
0 58 28 
0 95 8 
0 98 21 
0 86 16 
0 72 14 
0 72 21 
0 111 19 
0 146 3 
0 84 26 
0 84 7 
0 125 78 
0 141 17 
0 101 78 
0 157 107 
0 142 14 
0 98 15 
0 101 28 
0 123 26 
0 129 10 
0 86 75 
0 54 93 
0 180 43 
0 157 12 
0 113 18 
0 103 20 
0 121 41 
0 99 13 
0 119 34 
0 109 10 
0 131 53 
0 139 18 
0 75 5 
0 114 65 
0 92 13 
0 42 34 
0 142 36 
0 87 86 
0 74 52 
0 42 22 
0 115 15 
0 165 145 
0 120 47 
0 75 134 
0 173 29 
0 159 19 
0 151 19 
0 180 37 
0 111 27 
0 101 62 
0 123 26 
0 47 44 
0 154 63 
0 90 70 
0 87 56 
0 134 67 
0 80 48 
0 75 16 
0 150 26 
0 167 28 
0 142 33 
0 132 12 
0 119 94 
0 71 8 
0 52 27 
0 116 68 
0 122 75 
0 49 20 
0 172 18 
0 143 31 
0 85 10 
0 177 33 
0 99 12 
0 82 66 
0 72 81 
0 81 28 
0 135 4 
0 105 28 
0 97 42 
0 75 63 
0 90 36 
0 140 18 
0 118 71 
0 137 55 
0 116 25 
0 121 2 
0 76 21 
0 115 9 
0 105 87 
0 73 77 
0 90 88 
0 95 36 
0 111 15 
0 119 29 
0 86 130 
0 64 134 
0 84 18 
0 100 41 
0 96 70 
0 184 40 
0 125 19 
0 68 4 
0 69 47 
0 157 10 
0 118 26 
0 64 49 
0 165 2 
0 129 43 
0 104 30 
0 160 15 
0 73 17 
0 98 32 
0 114 0 
0 37 18 
0 141 19 
0 126 21 
0 110 69 
0 117 19 
0 93 9 
0 116 19 
0 109 118 
0 139 21 
0 104 131 
0 134 22 
0 125 52 
0 170 25 
0 58 46 
0 62 15 
0 155 58 
0 91 24 
0 78 41 
0 97 62 
0 159 89 
0 155 28 
0 100 34 
0 61 58 
0 86 53 
0 74 45 
0 107 111 
0 76 49 
0 137 7 
0 147 6 
0 97 71 
0 84 64 
0 68 76 
0 94 11 
0 96 44 
0 73 52 
0 121 38 
0 119 57 
0 152 9 
0 113 7 
0 96 21 
0 137 36 
0 63 22 
0 144 18 
0 73 10 
0 85 59 
0 142 97 
0 115 20 
0 94 6 
0 175 32 
0 102 68 
0 87 17 
0 118 25 
0 110 4 
0 145 64 
0 103 21 
0 94 56 
0 107 40 
0 174 37 
0 161 20 
0 44 39 
0 104 60 
0 67 18 
0 104 40 
0 66 29 
0 61 9 
0 146 9 
0 93 24 
0 83 69 
0 102 31 
0 171 87 
0 126 5 
0 85 54 
0 124 111 
0 124 18 
0 84 55 
0 81 27 
0 100 52 
0 17 29 
0 73 27 
0 45 79 
0 121 47 
0 94 2 
0 119 17 
0 146 26 
0 165 36 
0 100 61 
0 67 3 
0 115 10 
0 96 43 
0 51 26 
0 63 91 
0 141 45 
0 124 73 
0 58 43 
0 165 1 
0 69 42 
0 127 14 
0 111 21 
0 155 19 
0 87 31 
0 96 17 
0 163 35 
0 137 35 
0 125 66 
0 73 20 
0 169 30 
0 95 92 
0 90 7 
0 82 86 
0 137 22 
0 92 8 
0 137 29 
0 119 17 
0 129 19 
0 110 88 
0 153 25 
0 132 32 
0 93 41 
0 99 19 
0 126 23 
0 161 1 
0 105 45 
0 104 52 
0 67 16 
0 108 73 
0 139 30 
0 95 101 
0 129 4 
0 146 12 
0 74 16 
0 66 48 
0 76 12 
0 127 48 
0 140 144 
0 84 19 
0 83 57 
0 116 6 
0 90 13 
0 92 7 
0 45 27 
0 75 39 
0 103 42 
0 78 36 
0 76 14 
0 67 64 
0 89 35 
0 152 6 
0 111 9 
0 96 26 
