5 121 229 64 0 
4 86 119 14 1 
11 36 255 9 13 
5 30 116 78 0 
7 118 187 41 0 
1 106 152 130 0 
20 50 194 74 0 
5 81 124 152 15 
0 107 99 138 2 
2 55 186 39 10 
0 49 137 78 0 
6 137 91 75 0 
17 23 123 43 0 
13 202 103 128 8 
9 67 103 38 0 
4 208 91 76 1 
24 19 135 63 0 
4 38 272 109 0 
41 87 72 98 0 
0 37 231 38 23 
1 117 179 106 0 
0 37 241 75 0 
0 113 104 10 0 
31 96 105 113 0 
16 23 191 35 0 
0 76 140 69 0 
4 96 218 125 2 
5 115 185 14 0 
16 35 202 81 0 
3 161 284 92 2 
60 91 242 24 0 
19 83 203 95 0 
7 71 198 90 0 
29 44 211 68 0 
23 140 253 144 0 
0 18 377 63 8 
12 22 293 100 26 
4 26 251 98 50 
18 67 210 232 0 
8 58 198 73 0 
6 44 181 125 6 
20 60 94 59 0 
49 61 52 42 0 
11 42 257 45 0 
50 43 26 28 0 
2 51 193 127 0 
15 26 141 68 0 
4 23 230 67 0 
58 91 210 10 0 
35 67 158 39 2 
1 51 272 113 22 
25 5 124 37 0 
7 21 74 279 0 
1 57 153 96 0 
13 93 84 178 0 
1 55 207 39 0 
3 62 190 41 0 
14 89 97 27 0 
0 116 159 71 0 
8 28 129 28 0 
9 79 186 15 0 
36 182 151 282 0 
4 23 126 48 0 
16 39 55 65 3 
0 85 187 186 2 
3 61 97 116 0 
1 66 60 150 0 
16 28 199 58 0 
1 68 157 18 3 
9 21 160 69 0 
2 7 111 209 54 
1 50 176 100 0 
6 125 229 87 0 
3 154 50 89 0 
8 32 164 76 0 
0 58 69 12 0 
1 63 70 82 0 
11 73 59 22 0 
3 77 185 95 0 
15 33 167 173 2 
55 85 163 3 0 
22 39 180 195 1 
9 88 268 47 0 
5 53 277 16 0 
2 140 190 52 0 
22 57 251 0 0 
3 194 116 26 2 
8 66 326 82 0 
0 63 230 49 1 
25 50 38 36 0 
5 13 342 45 0 
7 24 122 31 0 
14 95 79 109 71 
16 15 202 16 1 
2 65 139 63 13 
6 122 108 111 0 
8 42 127 193 59 
0 51 191 68 0 
12 40 180 66 0 
0 32 91 40 2 
4 161 113 45 0 
29 67 105 134 28 
1 74 65 140 2 
0 32 222 4 25 
29 82 132 2 0 
4 46 204 55 0 
11 39 217 54 0 
10 101 126 118 0 
7 43 188 63 0 
0 50 186 4 0 
0 166 109 53 0 
8 101 101 170 0 
0 35 139 177 0 
34 16 207 59 0 
3 45 181 37 0 
7 118 203 23 0 
12 134 324 30 0 
6 91 94 9 0 
3 38 129 79 10 
0 270 148 61 0 
10 50 267 3 0 
13 28 118 55 0 
0 122 67 66 0 
0 57 164 18 3 
5 105 60 23 3 
8 30 110 128 2 
25 121 87 71 0 
3 21 108 48 0 
4 42 180 66 54 
6 120 52 152 0 
0 42 255 115 0 
5 35 201 99 24 
0 87 246 17 0 
2 112 114 77 0 
14 30 93 40 0 
0 16 191 28 0 
6 114 127 22 0 
20 58 303 38 0 
59 83 55 44 0 
0 26 261 23 0 
0 61 98 44 0 
34 73 89 35 1 
6 21 114 158 11 
0 28 143 334 22 
21 143 98 72 1 
6 64 113 165 0 
50 149 159 23 0 
79 75 251 3 0 
1 193 209 42 0 
4 26 271 16 6 
1 20 240 11 7 
9 30 239 128 0 
7 79 107 31 0 
2 17 162 57 0 
18 4 143 129 0 
7 165 161 25 8 
3 43 187 57 0 
11 148 253 11 2 
4 183 60 129 4 
13 46 138 50 0 
3 53 161 87 0 
6 57 27 307 0 
31 34 59 156 6 
4 265 81 30 0 
4 75 80 77 12 
0 43 204 125 0 
19 147 53 23 0 
17 62 39 24 0 
47 94 65 100 0 
27 100 152 126 0 
6 50 61 81 5 
8 45 40 92 19 
42 45 83 95 0 
0 45 206 28 20 
5 103 160 24 0 
5 120 129 17 5 
6 52 94 117 0 
4 87 115 116 23 
11 27 123 5 0 
12 82 205 147 0 
5 143 150 108 0 
20 21 135 25 0 
30 37 249 92 0 
9 64 306 17 0 
1 4 297 23 0 
52 9 107 288 0 
103 6 137 92 0 
2 100 108 136 0 
6 16 26 124 0 
13 110 83 72 0 
24 61 136 35 0 
0 40 179 51 83 
6 10 192 70 0 
39 70 164 57 0 
1 111 167 73 0 
13 63 181 17 0 
17 105 153 30 20 
15 243 80 4 0 
3 8 195 60 1 
1 33 233 73 0 
46 17 186 37 3 
21 42 41 145 0 
0 38 141 57 0 
0 31 138 29 0 
4 37 395 115 0 
34 64 207 39 0 
4 153 27 191 0 
14 58 135 40 0 
0 79 170 16 0 
6 120 205 87 0 
1 32 279 16 0 
23 29 195 95 0 
2 155 69 86 0 
4 104 70 202 0 
3 11 67 99 0 
1 13 117 174 0 
1 67 189 63 2 
3 91 217 24 0 
1 60 205 14 0 
29 94 102 159 1 
7 57 196 57 0 
6 113 114 56 0 
2 45 347 9 0 
19 133 88 39 1 
0 94 83 118 0 
6 79 181 71 0 
0 174 136 116 0 
7 141 204 58 1 
2 128 147 86 0 
1 97 221 142 0 
4 114 383 27 0 
20 55 158 46 0 
1 46 248 43 6 
0 36 79 46 9 
6 79 144 24 0 
0 157 158 40 0 
3 47 86 38 0 
14 92 91 59 0 
17 72 67 73 0 
7 118 27 120 0 
5 68 207 156 1 
11 78 160 70 11 
5 21 173 103 0 
23 88 149 28 1 
9 69 147 43 0 
34 21 73 58 0 
11 70 218 64 26 
0 110 85 48 18 
26 44 181 102 0 
13 76 156 29 33 
6 64 173 94 0 
8 114 118 38 0 
1 9 300 193 0 
14 58 79 86 0 
11 38 244 13 0 
10 30 257 12 0 
0 54 254 146 0 
2 114 224 141 0 
0 99 147 27 1 
0 68 193 53 0 
7 72 68 138 0 
1 33 305 118 2 
0 46 395 43 20 
2 145 116 274 0 
24 40 206 40 0 
5 53 171 17 4 
25 47 470 26 0 
37 38 66 44 0 
14 31 173 64 24 
13 93 144 13 0 
12 54 147 104 0 
0 44 242 114 0 
0 152 114 29 0 
12 25 179 14 0 
0 52 179 107 1 
3 64 102 54 0 
5 86 204 76 0 
53 72 160 31 0 
9 25 252 63 0 
9 25 174 190 0 
55 37 246 35 0 
15 81 160 53 0 
2 120 162 64 9 
20 85 70 165 3 
1 69 133 28 19 
14 28 154 39 2 
1 34 148 108 8 
38 76 174 97 1 
20 70 188 7 0 
2 143 130 89 0 
12 29 172 14 0 
4 1 224 172 24 
6 96 96 82 19 
24 45 143 60 17 
10 20 187 41 17 
4 52 136 4 0 
7 56 149 127 0 
4 72 93 26 0 
5 74 164 109 15 
39 198 67 51 0 
25 22 183 65 3 
31 35 43 114 11 
1 188 174 18 31 
16 32 135 252 0 
60 78 83 100 100 
3 35 207 44 0 
1 97 288 23 0 
8 93 216 206 0 
10 34 159 48 0 
0 59 86 93 25 
11 55 235 31 0 
0 105 220 75 36 
1 52 220 17 1 
0 73 210 32 0 
18 78 283 173 0 
5 34 137 45 3 
23 94 137 5 3 
1 45 75 56 25 
22 231 128 68 0 
14 52 147 96 0 
12 69 141 72 0 
1 75 238 187 0 
8 72 299 60 0 
6 82 161 82 0 
0 76 213 144 4 
0 181 116 60 0 
8 6 195 148 2 
24 147 121 29 3 
4 68 363 10 3 
6 63 221 0 0 
1 31 162 91 0 
6 55 234 59 0 
4 86 126 58 0 
0 65 141 17 0 
0 92 141 48 0 
34 55 148 76 0 
0 100 82 44 0 
61 99 147 17 0 
14 151 189 63 0 
3 157 231 0 1 
5 116 103 47 0 
19 154 108 28 0 
5 73 255 33 0 
13 201 47 9 1 
13 11 150 15 3 
52 22 92 78 0 
30 79 148 217 1 
1 4 174 70 0 
2 2 275 190 7 
1 120 256 15 0 
0 44 43 107 0 
3 171 225 109 0 
15 128 106 80 0 
14 168 273 1 0 
6 26 208 34 10 
2 75 78 24 0 
1 66 248 20 0 
4 34 305 209 13 
0 143 45 224 9 
5 66 174 53 0 
19 207 151 44 2 
2 6 244 144 14 
12 31 229 69 0 
4 81 301 101 0 
3 54 110 108 15 
2 154 127 21 1 
2 161 109 91 0 
0 20 141 130 42 
4 114 135 49 14 
17 65 37 165 0 
1 74 39 71 0 
14 97 158 32 0 
0 61 132 99 13 
2 77 131 63 0 
7 6 116 77 82 
9 28 99 118 18 
1 27 109 63 0 
18 61 130 59 0 
1 97 181 131 0 
2 38 120 115 0 
32 23 208 5 0 
14 146 34 63 0 
0 29 211 94 7 
32 88 255 54 0 
17 65 130 73 25 
2 2 143 12 0 
2 84 144 26 0 
23 31 185 59 28 
0 158 83 69 6 
9 32 111 96 0 
0 66 54 103 12 
9 129 125 33 1 
5 91 298 50 0 
23 67 165 21 5 
8 73 35 200 0 
0 149 160 55 0 
6 81 103 61 0 
11 42 284 66 0 
24 25 207 46 65 
0 52 224 45 0 
0 124 147 109 0 
0 9 64 37 0 
34 52 196 350 0 
76 27 272 54 0 
1 58 181 60 23 
11 79 129 4 0 
0 37 74 37 0 
16 84 185 25 0 
20 38 240 176 0 
24 194 146 105 0 
3 57 214 113 1 
22 95 90 46 3 
0 89 111 64 0 
2 45 125 98 0 
19 107 211 88 1 
0 49 302 45 0 
6 43 61 105 8 
11 39 170 101 0 
2 47 275 222 55 
1 207 39 232 0 
1 31 170 89 0 
25 27 119 110 1 
12 29 126 58 0 
0 57 233 12 0 
22 302 88 69 14 
1 141 73 62 5 
6 39 24 68 0 
7 59 168 26 3 
23 127 169 143 0 
10 89 239 135 0 
20 95 82 4 1 
65 20 123 138 0 
4 33 115 57 6 
11 222 135 14 0 
10 41 331 107 13 
0 19 255 85 0 
4 69 160 49 0 
23 109 141 63 2 
3 47 154 39 0 
18 12 180 13 0 
13 71 148 99 0 
24 106 238 13 0 
4 71 86 53 0 
4 146 316 11 0 
27 24 217 76 0 
8 113 36 10 0 
13 56 157 41 0 
12 27 262 132 0 
3 10 132 121 0 
5 191 74 43 0 
11 33 56 134 0 
4 33 196 98 0 
9 65 298 44 0 
38 34 92 50 0 
2 14 182 21 0 
4 14 112 47 0 
16 174 166 13 0 
1 57 177 30 1 
12 30 278 37 0 
5 15 97 44 0 
7 78 249 39 1 
0 8 162 98 2 
3 92 144 80 0 
10 63 147 40 0 
23 83 103 68 0 
13 73 106 47 0 
0 75 131 167 0 
11 91 72 65 0 
8 61 235 51 1 
22 134 110 25 0 
15 95 138 102 0 
42 50 153 12 0 
9 37 253 63 4 
0 56 255 126 1 
11 75 191 25 5 
21 109 97 12 0 
8 85 97 6 0 
1 37 167 31 6 
4 21 68 180 8 
26 129 73 71 0 
5 99 143 112 1 
8 66 225 186 0 
0 5 133 39 0 
14 16 157 3 0 
15 91 299 41 0 
2 60 113 217 0 
99 32 56 71 0 
4 58 263 104 0 
1 20 264 24 0 
6 4 77 53 0 
6 85 80 91 18 
3 113 41 62 107 
10 12 156 109 0 
14 114 286 39 0 
4 87 112 43 1 
4 48 115 130 18 
0 261 98 70 121 
3 7 346 26 0 
7 189 77 50 0 
11 7 169 130 0 
0 54 279 30 0 
1 78 133 18 0 
26 79 129 24 0 
31 103 95 56 30 
2 125 141 113 11 
15 73 190 47 0 
17 93 92 10 0 
51 48 67 25 0 
7 115 194 72 3 
14 79 318 45 16 
1 3 229 87 24 
11 148 50 56 0 
19 81 249 79 6 
7 166 106 59 18 
8 70 135 104 1 
5 109 90 128 0 
1 24 198 312 0 
2 11 177 98 5 
8 103 167 186 0 
1 90 344 2 0 
4 37 166 74 0 
3 35 238 73 24 
1 22 165 58 0 
5 13 120 104 3 
8 118 184 13 0 
18 58 327 13 0 
5 20 212 36 0 
17 58 207 13 1 
0 48 236 56 0 
0 66 266 22 0 
0 116 209 74 33 
3 74 82 90 2 
7 40 168 40 0 
0 62 175 49 0 
13 7 227 183 0 
4 125 151 20 8 
0 192 292 206 3 
2 177 175 74 2 
0 55 154 21 15 
15 203 40 72 0 
10 84 117 75 7 
1 56 225 153 18 
0 41 177 33 0 
9 96 53 31 0 
1 36 261 101 0 
0 17 81 67 4 
1 22 118 59 0 
9 4 119 333 0 
8 1 364 31 0 
1 126 156 66 1 
33 129 168 25 0 
5 88 117 339 0 
0 33 165 119 0 
9 52 81 96 0 
9 146 235 100 9 
3 40 68 49 73 
25 58 97 119 0 
13 128 81 100 0 
14 113 45 88 54 
22 176 128 136 9 
37 18 185 169 0 
15 50 341 36 0 
1 87 154 133 0 
0 45 266 102 0 
2 38 134 108 49 
27 47 66 54 64 
6 17 205 192 0 
17 51 205 4 0 
4 162 124 53 0 
0 69 190 14 0 
10 6 97 56 0 
0 12 113 172 0 
3 45 96 19 5 
7 27 126 25 19 
7 7 246 158 19 
1 31 348 53 0 
6 40 96 120 3 
25 17 93 22 0 
4 70 99 38 0 
2 109 144 80 0 
14 217 102 41 211 
13 124 85 17 0 
0 36 224 86 13 
29 12 103 115 5 
18 20 106 122 0 
9 32 220 40 0 
18 29 140 37 0 
17 16 79 126 0 
12 52 118 50 2 
1 9 376 120 0 
4 69 48 19 0 
9 18 104 197 1 
11 144 162 10 0 
20 114 232 113 3 
1 10 237 162 0 
26 127 316 75 0 
17 157 144 64 0 
1 62 230 112 0 
4 62 78 188 0 
12 125 102 7 0 
2 28 61 39 1 
28 48 38 149 0 
17 30 151 95 0 
4 43 62 171 0 
2 60 144 49 0 
12 72 296 35 0 
3 39 128 84 0 
0 132 115 79 103 
0 86 63 42 0 
4 33 215 92 2 
28 34 79 127 0 
18 147 114 218 0 
16 35 178 94 1 
5 110 100 324 1 
19 77 125 55 0 
18 35 74 110 4 
6 185 233 15 0 
1 61 166 8 0 
16 70 203 14 0 
5 63 236 135 0 
9 73 138 50 0 
26 9 101 61 0 
25 53 137 47 61 
11 27 162 120 25 
23 60 29 130 0 
23 41 112 45 0 
10 83 192 47 0 
0 65 78 197 0 
8 48 155 103 0 
19 175 76 67 0 
14 64 49 15 8 
3 147 137 25 0 
15 62 102 24 0 
25 160 219 167 0 
1 2 453 17 12 
0 11 91 66 2 
14 74 289 88 7 
15 82 230 12 14 
2 84 186 144 0 
4 200 198 103 15 
10 22 124 111 14 
7 108 161 59 0 
11 33 136 112 0 
2 127 178 46 0 
11 52 145 51 0 
2 46 125 101 0 
2 163 174 32 0 
16 9 91 137 0 
4 63 111 175 0 
2 24 243 132 0 
7 9 150 182 0 
14 60 193 75 3 
2 150 245 99 0 
12 113 172 26 0 
10 80 94 30 0 
1 59 118 57 0 
0 5 194 88 1 
2 122 99 37 0 
29 44 169 25 0 
4 137 125 19 0 
15 83 75 42 0 
0 31 205 88 0 
0 33 120 35 1 
1 32 286 2 0 
7 210 181 58 0 
14 58 128 0 0 
3 191 217 190 1 
41 128 124 87 25 
39 101 94 117 0 
29 43 152 31 7 
20 87 153 324 0 
0 115 152 46 0 
9 109 111 47 0 
14 94 122 34 0 
9 131 98 78 17 
6 52 115 113 0 
1 56 88 87 6 
1 93 104 184 0 
19 16 81 21 0 
27 109 133 78 0 
68 57 103 317 0 
5 45 213 39 0 
10 209 100 79 0 
0 244 173 91 0 
21 74 104 18 22 
19 49 103 10 0 
11 12 213 42 0 
15 100 34 94 46 
4 69 209 70 0 
7 42 52 36 10 
4 98 170 264 5 
14 62 111 35 0 
8 63 220 94 23 
44 39 185 214 0 
10 26 168 135 13 
8 121 86 28 0 
1 18 77 123 0 
9 179 229 38 0 
0 9 149 18 0 
17 17 197 102 17 
4 56 142 130 0 
8 37 156 39 5 
30 20 65 66 0 
5 2 305 29 75 
13 71 49 33 1 
4 35 154 236 1 
12 98 163 18 0 
2 54 128 93 9 
12 84 131 83 0 
11 158 142 100 1 
10 63 62 184 0 
8 73 124 108 0 
0 50 131 69 0 
0 44 136 85 0 
24 156 53 65 1 
9 114 67 28 0 
16 43 116 24 12 
15 41 244 71 0 
10 74 64 11 0 
1 27 55 173 0 
6 93 110 32 0 
13 20 340 116 3 
1 100 281 62 0 
21 12 245 41 0 
32 93 198 52 0 
4 16 140 7 1 
11 64 257 52 0 
18 48 183 167 0 
18 87 120 16 0 
32 47 152 36 0 
3 8 242 23 7 
9 80 50 28 0 
1 329 118 80 0 
11 43 82 178 0 
7 10 139 64 0 
4 121 65 171 0 
0 27 67 108 0 
2 36 158 74 0 
19 98 98 10 0 
8 147 112 43 10 
0 77 82 129 0 
25 170 161 16 0 
5 70 181 25 0 
1 78 144 67 25 
3 152 100 14 0 
4 15 187 73 0 
9 23 166 23 1 
1 37 182 33 0 
4 81 180 45 10 
3 60 143 67 3 
22 49 112 28 0 
12 59 241 105 0 
0 79 262 118 0 
23 55 249 31 0 
23 54 196 19 0 
10 36 135 120 0 
4 27 455 50 0 
39 8 101 22 0 
12 176 55 55 0 
29 53 127 74 0 
10 37 171 57 0 
0 108 94 77 0 
3 81 144 63 17 
51 47 74 211 5 
7 38 284 50 0 
7 63 128 80 0 
30 94 188 67 12 
34 158 123 45 0 
37 123 84 43 0 
16 37 256 117 52 
11 35 125 91 0 
0 53 116 140 0 
1 119 287 23 0 
6 103 164 49 0 
9 163 53 19 0 
29 14 235 46 0 
1 15 159 54 10 
9 42 214 4 0 
1 9 139 81 0 
9 121 62 89 11 
3 233 304 51 16 
1 75 157 26 30 
12 36 95 56 0 
1 39 166 132 0 
14 103 118 14 3 
15 173 274 35 0 
2 37 101 48 37 
4 35 197 85 0 
48 237 260 30 0 
0 43 260 162 0 
1 60 123 75 0 
23 52 74 72 0 
9 82 148 69 0 
2 75 75 122 50 
11 44 246 31 5 
7 118 238 117 0 
3 20 200 146 1 
1 41 59 60 0 
75 81 180 55 0 
9 74 255 94 7 
17 66 108 45 0 
73 109 198 51 0 
2 86 55 18 0 
14 32 125 23 0 
3 49 137 51 9 
1 106 188 11 0 
5 62 106 125 0 
1 22 165 52 0 
2 197 253 40 0 
21 31 207 163 0 
3 1 122 77 0 
0 43 56 5 0 
5 44 133 29 0 
6 53 111 212 4 
16 89 95 42 0 
48 49 286 159 0 
5 39 128 41 0 
4 70 75 179 91 
26 85 140 122 10 
22 133 92 32 0 
7 177 102 73 6 
5 59 287 41 0 
16 54 303 5 0 
22 55 130 75 0 
11 106 140 33 0 
6 118 157 15 0 
36 16 166 0 0 
1 21 105 54 0 
4 32 145 43 0 
11 80 225 86 1 
0 98 122 67 0 
0 53 270 67 0 
0 31 55 195 0 
2 93 77 51 0 
1 29 173 252 0 
29 67 130 32 0 
5 4 221 48 0 
7 29 169 38 0 
11 107 299 67 99 
0 9 151 44 21 
12 45 144 15 2 
1 42 201 53 40 
40 77 130 115 38 
1 107 78 39 20 
12 79 226 76 0 
5 139 155 11 0 
22 82 101 33 7 
0 12 138 60 97 
15 22 187 33 0 
7 53 164 23 40 
0 79 30 52 13 
0 65 292 55 14 
21 81 138 107 0 
9 29 164 58 13 
5 63 84 37 10 
2 33 89 101 0 
10 202 114 35 0 
0 3 137 109 0 
4 75 135 22 1 
60 79 188 79 0 
4 154 28 231 0 
10 33 146 157 9 
31 116 143 7 0 
5 38 86 191 1 
5 99 208 32 0 
0 13 62 145 0 
7 65 75 3 0 
31 18 114 168 0 
17 137 229 11 0 
2 109 102 43 0 
15 86 208 86 5 
0 79 64 177 11 
6 73 83 42 0 
4 16 301 44 1 
10 177 185 43 16 
7 166 107 9 0 
7 76 206 88 0 
1 5 107 126 0 
3 115 158 83 28 
3 47 135 10 0 
4 62 82 110 0 
6 51 186 65 0 
29 19 132 84 0 
14 75 47 34 0 
22 86 246 36 1 
8 39 168 255 0 
21 12 47 69 1 
0 63 251 43 3 
6 83 146 11 2 
40 109 225 21 1 
4 83 235 115 27 
3 24 82 110 0 
3 57 194 72 6 
4 66 157 49 13 
24 34 87 155 12 
6 78 92 12 0 
0 43 246 79 17 
83 40 91 39 1 
1 24 143 105 20 
22 28 72 163 21 
6 184 218 76 0 
15 207 135 3 0 
8 214 152 143 0 
3 89 121 63 4 
23 102 132 45 0 
1 23 169 80 1 
32 66 60 88 18 
10 43 42 43 0 
21 17 200 211 0 
0 96 107 22 6 
6 170 254 201 11 
11 34 142 158 102 
15 133 60 60 1 
6 76 121 80 16 
1 60 249 131 1 
68 20 141 97 0 
1 31 322 211 3 
5 97 97 8 0 
23 75 136 65 1 
1 56 171 80 7 
0 118 157 75 79 
3 100 85 32 0 
14 51 138 62 0 
5 48 173 26 0 
1 24 335 81 1 
7 61 186 8 0 
3 68 127 86 0 
14 113 189 88 0 
0 67 108 71 0 
17 130 45 43 0 
26 67 154 32 0 
0 20 188 227 0 
5 72 91 11 2 
7 76 192 11 15 
9 81 100 32 0 
19 85 116 34 0 
2 28 155 105 0 
23 105 230 69 0 
13 46 332 154 0 
0 49 263 16 10 
4 195 170 20 0 
8 50 256 54 0 
7 125 28 94 0 
33 49 137 29 1 
3 91 267 88 122 
21 96 213 58 0 
0 4 201 207 1 
8 84 77 50 0 
2 46 134 66 0 
2 20 44 47 0 
82 136 76 13 0 
16 91 119 27 0 
6 49 272 24 0 
0 114 171 64 3 
12 122 102 88 0 
10 45 184 58 0 
4 18 287 124 0 
14 37 210 21 0 
0 47 141 71 44 
0 70 190 66 54 
13 38 170 44 0 
0 153 301 45 0 
3 65 299 70 0 
0 60 107 75 0 
15 53 105 145 1 
10 50 147 59 0 
1 239 59 52 0 
0 65 277 97 0 
32 107 125 19 0 
1 39 60 225 0 
24 17 117 12 0 
1 57 98 14 31 
5 117 83 14 1 
7 75 115 195 0 
3 27 194 130 0 
15 44 102 34 0 
17 119 83 64 0 
4 1 279 44 0 
11 101 291 67 8 
8 73 204 77 0 
1 10 256 185 0 
9 4 181 85 13 
35 10 122 42 0 
4 75 129 37 0 
23 79 277 24 0 
11 130 84 33 1 
9 118 112 122 26 
8 33 223 216 0 
3 70 201 59 0 
7 98 237 23 5 
11 54 164 112 0 
17 81 121 49 15 
0 44 100 36 0 
1 42 135 93 29 
16 54 254 18 0 
40 21 141 31 0 
3 110 124 104 0 
1 50 143 0 12 
11 123 142 104 0 
9 13 291 56 0 
