79 244 96 5 0 
72 226 91 0 0 
108 250 47 2 0 
92 353 47 14 0 
170 243 27 3 0 
111 227 88 0 0 
148 281 37 11 0 
151 192 60 0 0 
133 246 33 0 0 
85 176 80 0 0 
76 251 13 0 0 
110 170 78 0 0 
129 234 9 6 0 
113 293 79 0 0 
163 204 28 8 0 
173 252 46 0 0 
95 214 114 0 0 
114 235 55 0 0 
45 146 95 0 0 
119 265 41 0 0 
154 238 86 0 0 
86 136 86 0 0 
70 190 87 1 0 
117 241 92 35 0 
138 297 24 6 0 
171 241 61 1 0 
134 180 165 9 0 
87 298 29 0 0 
158 267 61 0 0 
101 259 8 0 0 
142 181 78 0 0 
84 254 49 1 0 
108 247 62 16 0 
71 185 23 0 0 
137 151 88 0 0 
156 179 29 0 0 
122 293 66 0 0 
179 223 14 24 0 
167 199 59 0 0 
148 265 12 0 0 
92 226 137 0 0 
96 133 136 0 0 
216 252 99 10 0 
145 229 18 0 0 
134 243 60 0 0 
102 227 62 1 0 
81 209 71 0 0 
91 185 17 0 0 
129 279 37 3 0 
164 173 66 11 0 
68 306 71 0 0 
154 165 116 0 0 
169 132 52 7 0 
80 317 143 11 0 
78 239 59 0 0 
23 249 69 0 0 
118 239 96 0 0 
60 243 104 16 0 
68 232 84 0 0 
116 247 29 1 0 
78 211 56 0 0 
158 243 41 4 0 
90 324 11 1 0 
189 152 63 0 0 
150 238 33 0 0 
103 335 41 9 0 
307 188 16 0 0 
139 339 44 0 0 
57 239 85 0 0 
202 131 61 0 0 
95 237 65 0 0 
158 174 59 31 0 
114 214 14 58 0 
77 276 15 0 0 
143 165 35 0 0 
132 199 79 0 0 
213 125 84 0 0 
44 249 64 4 0 
30 346 52 0 0 
49 288 86 0 0 
122 219 35 0 0 
100 157 49 2 0 
110 219 37 0 0 
144 286 58 0 0 
104 350 57 7 0 
156 352 20 0 0 
100 210 45 0 0 
189 239 22 0 0 
186 238 14 0 0 
48 256 130 9 0 
95 244 75 0 0 
171 192 80 0 0 
144 167 51 2 0 
132 272 64 0 0 
87 179 142 0 0 
172 254 63 0 0 
60 265 49 4 0 
138 101 113 1 0 
127 155 35 4 0 
140 160 78 0 0 
108 234 76 0 0 
169 198 61 0 0 
126 319 78 4 0 
30 248 53 0 0 
57 243 78 0 0 
62 232 66 0 0 
196 143 73 4 0 
145 218 30 0 0 
108 241 65 0 0 
160 147 59 0 0 
112 232 81 0 0 
119 249 72 0 0 
73 225 65 0 0 
146 214 36 1 0 
179 263 42 0 0 
109 244 71 1 0 
151 261 22 0 0 
79 265 38 0 0 
81 187 46 1 0 
186 281 45 0 0 
114 205 45 0 0 
57 207 69 2 0 
133 341 30 0 0 
89 223 17 12 0 
128 270 31 0 0 
154 290 26 0 0 
107 329 12 0 0 
163 252 23 0 0 
65 317 19 0 0 
32 323 43 2 0 
147 232 35 1 0 
163 235 11 0 0 
122 328 51 0 0 
127 192 47 0 0 
134 138 87 3 0 
90 361 2 0 0 
112 321 22 0 0 
100 280 47 0 0 
98 353 114 2 0 
137 212 23 0 0 
136 168 146 0 0 
130 251 56 0 0 
94 171 45 0 0 
132 286 42 0 0 
118 316 33 0 0 
35 245 58 0 0 
134 304 18 0 0 
163 134 39 0 0 
114 230 79 0 0 
83 237 36 0 0 
158 212 10 5 0 
77 273 47 0 0 
98 223 58 19 0 
160 196 58 0 0 
183 210 33 0 0 
97 199 23 0 0 
126 217 46 0 0 
143 249 58 0 0 
174 240 41 0 0 
96 230 106 0 0 
72 246 42 1 0 
111 167 44 0 0 
89 314 20 1 0 
192 246 21 0 0 
101 213 65 0 0 
112 188 54 0 0 
131 298 4 9 0 
83 244 114 0 0 
106 196 35 0 0 
181 165 56 22 0 
68 183 11 0 0 
105 252 48 0 0 
160 235 77 35 0 
75 262 41 12 0 
201 238 25 0 0 
110 163 38 0 0 
51 296 61 0 0 
183 234 51 1 0 
90 177 16 0 0 
130 273 63 0 0 
122 256 61 30 0 
87 304 18 7 0 
104 210 60 0 0 
134 211 64 0 0 
256 167 35 0 0 
135 274 54 8 0 
123 183 54 0 0 
156 364 56 0 0 
92 236 104 0 0 
127 346 45 0 0 
99 238 65 0 0 
156 310 30 1 0 
153 281 32 0 0 
53 259 62 1 0 
37 283 13 18 0 
147 211 44 0 0 
37 242 58 0 0 
124 260 39 0 0 
88 132 41 0 0 
124 265 51 0 0 
116 231 48 0 0 
197 166 36 0 0 
239 255 33 0 0 
103 230 103 3 0 
92 326 37 0 0 
124 222 95 4 0 
95 296 38 0 0 
149 192 45 0 0 
79 196 66 0 0 
150 311 21 4 0 
79 212 31 22 0 
136 210 46 0 0 
70 343 13 0 0 
135 240 57 0 0 
51 261 103 10 0 
97 151 48 0 0 
146 288 29 0 0 
109 230 79 0 0 
186 283 34 0 0 
191 251 20 0 0 
143 267 67 1 0 
92 304 59 0 0 
25 339 18 0 0 
123 284 61 0 0 
53 296 43 13 0 
132 149 112 0 0 
100 277 52 0 0 
104 179 38 0 0 
121 177 47 0 0 
155 209 51 0 0 
51 238 42 0 0 
87 206 32 0 0 
113 238 91 0 0 
143 228 79 0 0 
45 154 42 0 0 
114 198 29 0 0 
82 188 66 10 0 
175 249 30 2 0 
130 193 75 0 0 
70 227 103 0 0 
186 218 83 3 0 
162 198 33 0 0 
99 287 61 0 0 
145 221 30 0 0 
51 342 51 0 0 
153 293 112 1 0 
189 249 85 19 0 
220 225 29 0 0 
117 264 58 1 0 
153 251 47 0 0 
120 201 39 0 0 
107 267 58 8 0 
83 333 29 0 0 
167 206 23 0 0 
65 243 94 0 0 
150 281 24 1 0 
95 284 50 0 0 
143 181 69 0 0 
96 179 27 0 0 
94 264 3 0 0 
140 230 32 0 0 
192 206 15 0 0 
71 200 90 1 0 
123 154 31 0 0 
95 218 31 0 0 
222 245 52 0 0 
79 260 24 0 0 
181 234 60 0 0 
128 208 71 1 0 
91 147 76 0 0 
73 268 75 22 0 
36 177 69 0 0 
100 197 57 0 0 
90 214 68 16 0 
205 227 102 0 0 
89 220 65 0 0 
252 236 32 13 0 
111 261 57 0 0 
110 213 75 0 0 
34 255 88 0 0 
87 271 13 0 0 
104 146 113 0 0 
78 215 23 0 0 
155 219 38 1 0 
75 269 50 0 0 
120 279 34 1 0 
148 284 15 9 0 
127 297 34 4 0 
168 94 124 9 0 
104 166 68 22 0 
101 246 43 0 0 
125 247 72 0 0 
55 281 22 0 0 
58 264 78 1 0 
100 203 16 0 0 
185 99 78 0 0 
136 238 39 0 0 
26 418 6 4 0 
112 260 32 21 0 
137 294 44 0 0 
61 178 98 1 0 
98 126 33 1 0 
117 158 43 7 0 
103 311 25 0 0 
183 247 36 0 0 
92 255 65 7 0 
144 189 81 0 0 
109 246 89 0 0 
262 129 70 0 0 
71 192 28 4 0 
116 214 33 2 0 
68 261 17 0 0 
67 223 87 0 0 
111 239 29 2 0 
200 120 68 0 0 
190 289 50 0 0 
161 228 67 0 0 
170 204 40 1 0 
157 183 56 0 0 
92 233 56 0 0 
152 185 21 0 0 
184 133 47 0 0 
91 281 69 0 0 
166 231 16 0 0 
93 270 65 0 0 
138 207 20 0 0 
227 108 72 0 0 
131 228 71 0 0 
166 293 41 2 0 
87 185 75 0 0 
182 197 67 0 0 
89 312 52 0 0 
49 253 41 0 0 
97 240 31 0 0 
100 301 24 0 0 
80 289 64 0 0 
113 187 17 0 0 
95 291 22 3 0 
193 170 80 2 0 
127 287 63 16 0 
119 231 83 0 0 
81 311 22 0 0 
37 316 92 0 0 
189 236 43 0 0 
225 321 30 0 0 
111 217 38 0 0 
97 212 29 1 0 
176 244 4 12 0 
157 169 86 0 0 
176 203 57 0 0 
187 196 62 0 0 
93 225 44 1 0 
167 179 21 0 0 
201 182 63 0 0 
108 381 39 0 0 
25 189 101 5 0 
127 185 30 0 0 
67 283 82 1 0 
119 310 53 0 0 
99 257 45 0 0 
98 282 27 0 0 
94 286 84 1 0 
131 228 15 0 0 
93 140 43 0 0 
220 216 16 0 0 
79 293 79 0 0 
198 168 72 0 0 
72 149 61 0 0 
223 361 39 4 0 
151 245 30 0 0 
63 141 37 4 0 
61 310 64 0 0 
145 226 60 0 0 
26 249 118 0 0 
129 254 51 11 0 
112 236 26 0 0 
71 256 86 2 0 
175 251 10 0 0 
164 243 34 0 0 
152 220 82 0 0 
92 175 39 0 0 
132 170 72 0 0 
197 164 22 0 0 
188 224 13 4 0 
90 194 91 0 0 
143 276 14 0 0 
209 202 79 0 0 
264 205 30 2 0 
105 125 108 0 0 
202 237 51 0 0 
37 251 63 9 0 
146 169 48 0 0 
112 261 33 0 0 
130 202 68 0 0 
100 152 95 0 0 
132 100 72 2 0 
187 217 47 0 0 
96 287 16 0 0 
135 252 25 4 0 
114 299 27 1 0 
114 121 125 10 0 
117 176 49 19 0 
137 141 45 0 0 
261 230 21 0 0 
136 281 65 3 0 
140 213 53 0 0 
96 167 13 0 0 
169 251 0 0 0 
148 301 10 0 0 
165 240 58 0 0 
147 210 48 0 0 
107 247 85 0 0 
216 218 16 0 0 
107 255 13 0 0 
98 196 51 0 0 
34 229 50 0 0 
169 245 86 0 0 
90 164 22 0 0 
128 238 26 0 0 
115 230 23 6 0 
143 172 25 0 0 
55 253 49 0 0 
83 233 35 1 0 
105 289 53 0 0 
100 210 26 0 0 
136 277 1 0 0 
160 256 66 0 0 
180 203 43 0 0 
66 323 68 0 0 
211 225 26 0 0 
71 203 56 25 0 
145 148 116 1 0 
124 260 84 0 0 
76 135 77 0 0 
162 221 49 0 0 
150 173 42 0 0 
71 215 98 0 0 
135 133 71 1 0 
144 252 49 1 0 
197 254 64 6 0 
177 211 33 3 0 
199 132 16 0 0 
139 219 30 0 0 
102 218 17 0 0 
48 161 69 0 0 
67 112 67 0 0 
76 183 104 1 0 
77 153 143 0 0 
119 219 25 23 0 
132 191 83 0 0 
99 282 51 0 0 
150 276 11 0 0 
151 253 89 0 0 
130 169 98 0 0 
111 233 33 0 0 
139 254 43 0 0 
73 166 20 24 0 
192 187 43 0 0 
165 191 95 0 0 
121 312 15 0 0 
209 203 44 0 0 
100 320 15 0 0 
62 211 66 0 0 
150 225 79 0 0 
246 273 10 0 0 
93 251 44 0 0 
153 256 92 24 0 
196 172 69 0 0 
72 192 46 0 0 
156 194 17 0 0 
117 227 24 3 0 
108 166 32 1 0 
130 203 25 0 0 
118 280 51 3 0 
102 197 36 0 0 
130 212 40 0 0 
139 322 37 0 0 
64 260 54 0 0 
187 116 45 17 0 
154 243 109 2 0 
87 212 41 0 0 
34 290 104 0 0 
115 173 11 0 0 
39 160 76 0 0 
74 246 14 0 0 
87 342 28 0 0 
102 188 17 1 0 
83 303 111 0 0 
71 375 67 1 0 
111 215 66 0 0 
105 268 64 24 0 
138 335 35 15 0 
125 194 35 10 0 
179 267 34 12 0 
113 222 45 0 0 
156 288 50 0 0 
159 258 30 0 0 
108 206 39 0 0 
133 204 49 15 0 
133 132 43 11 0 
88 210 70 7 0 
130 166 28 1 0 
109 205 68 20 0 
93 225 65 1 0 
127 236 19 0 0 
115 170 29 1 0 
67 350 19 3 0 
95 194 138 0 0 
196 221 20 2 0 
96 275 50 0 0 
130 310 82 0 0 
192 117 44 0 0 
114 171 82 3 0 
169 274 66 0 0 
113 124 132 0 0 
143 248 80 0 0 
141 350 10 1 0 
113 240 16 8 0 
131 218 28 0 0 
89 382 61 10 0 
168 198 22 0 0 
109 178 14 0 0 
172 109 100 0 0 
147 163 79 0 0 
98 253 77 0 0 
175 165 67 0 0 
44 207 80 4 0 
165 251 34 0 0 
44 322 72 0 0 
174 183 53 0 0 
202 204 36 0 0 
96 223 103 0 0 
69 257 34 0 0 
78 214 114 0 0 
84 239 39 3 0 
134 188 26 0 0 
200 270 10 0 0 
150 273 45 0 0 
129 255 61 0 0 
147 239 19 0 0 
123 170 59 0 0 
116 344 94 0 0 
136 247 60 1 0 
154 293 53 8 0 
135 174 63 11 0 
138 169 49 0 0 
124 216 60 1 0 
71 171 142 16 0 
77 233 134 0 0 
170 244 34 10 0 
104 244 57 0 0 
55 265 2 0 0 
68 380 53 0 0 
168 271 34 0 0 
13 396 53 0 0 
89 190 38 0 0 
108 110 30 0 0 
104 242 67 22 0 
204 154 27 0 0 
72 253 39 1 0 
100 200 87 0 0 
168 331 40 0 0 
106 197 13 1 0 
175 158 69 0 0 
58 229 65 0 0 
104 367 38 0 0 
274 179 48 7 0 
169 195 63 4 0 
85 213 37 24 0 
113 266 58 0 0 
228 209 47 0 0 
136 251 44 0 0 
119 190 22 0 0 
235 245 42 0 0 
59 271 24 0 0 
129 283 38 14 0 
175 261 34 0 0 
81 247 51 0 0 
200 223 59 0 0 
122 272 37 15 0 
150 297 31 0 0 
215 143 67 0 0 
75 294 10 0 0 
111 174 138 1 0 
150 271 32 0 0 
47 221 35 0 0 
72 188 111 4 0 
163 300 63 0 0 
106 253 14 0 0 
118 262 16 0 0 
59 285 43 0 0 
81 205 21 0 0 
101 171 28 0 0 
140 212 61 0 0 
138 170 80 0 0 
108 186 100 0 0 
162 216 42 0 0 
168 229 6 0 0 
132 309 41 16 0 
92 295 4 2 0 
141 285 44 0 0 
115 228 71 29 0 
84 284 59 0 0 
128 173 51 0 0 
75 282 70 0 0 
62 223 68 0 0 
181 184 91 0 0 
131 97 91 0 0 
127 303 48 8 0 
130 224 97 0 0 
200 174 85 0 0 
196 233 88 0 0 
236 215 94 0 0 
98 256 40 1 0 
73 288 47 0 0 
150 270 33 0 0 
51 274 46 12 0 
159 218 45 0 0 
73 328 13 0 0 
186 247 30 4 0 
111 256 40 0 0 
97 267 99 0 0 
75 326 25 0 0 
96 158 58 1 0 
138 191 61 0 0 
52 209 89 0 0 
146 268 85 3 0 
142 254 43 2 0 
169 224 93 8 0 
177 246 60 0 0 
118 182 43 0 0 
133 207 4 0 0 
78 253 15 0 0 
100 314 76 0 0 
144 210 38 0 0 
154 248 51 0 0 
88 263 59 0 0 
33 252 51 1 0 
126 143 31 0 0 
93 206 59 1 0 
189 193 57 0 0 
150 263 72 2 0 
97 192 58 8 0 
118 306 79 0 0 
204 273 13 0 0 
102 305 82 0 0 
75 254 89 0 0 
54 215 30 1 0 
138 288 74 0 0 
108 180 65 0 0 
87 218 24 0 0 
39 272 34 0 0 
94 210 28 0 0 
125 277 51 0 0 
85 210 121 10 0 
78 249 68 0 0 
99 171 36 0 0 
138 296 54 1 0 
114 273 46 0 0 
52 324 58 0 0 
63 274 17 0 0 
98 276 63 0 0 
100 232 28 0 0 
194 204 136 0 0 
82 206 135 57 0 
190 166 23 0 0 
222 281 39 1 0 
142 166 55 1 0 
45 253 23 0 0 
66 244 24 2 0 
79 306 63 0 0 
47 299 71 0 0 
139 230 26 0 0 
85 241 76 2 0 
259 185 48 4 0 
82 270 123 1 0 
222 163 55 11 0 
166 199 47 0 0 
122 168 38 0 0 
55 196 42 0 0 
87 198 86 0 0 
60 311 63 0 0 
189 180 96 0 0 
127 213 36 0 0 
137 234 61 0 0 
96 211 37 0 0 
54 275 40 6 0 
36 190 52 39 0 
133 146 111 0 0 
188 104 38 0 0 
166 236 31 0 0 
149 193 45 33 0 
50 306 43 1 0 
52 157 60 1 0 
161 289 104 0 0 
161 178 54 13 0 
138 347 29 0 0 
68 315 20 0 0 
163 265 10 3 0 
155 217 50 0 0 
60 252 32 0 0 
141 326 26 0 0 
130 262 12 0 0 
73 186 74 0 0 
186 178 38 0 0 
144 216 37 0 0 
212 225 31 0 0 
192 188 40 21 0 
151 143 79 5 0 
185 252 8 0 0 
70 375 34 0 0 
189 233 46 12 0 
226 256 65 0 0 
162 249 27 0 0 
123 259 49 4 0 
119 222 58 26 0 
41 223 131 0 0 
79 233 66 0 0 
100 157 158 0 0 
64 273 71 1 0 
129 257 67 0 0 
135 219 67 0 0 
73 148 77 2 0 
99 244 56 0 0 
222 225 26 0 0 
153 164 41 17 0 
124 276 66 0 0 
141 260 14 0 0 
99 239 55 0 0 
91 304 14 2 0 
93 169 43 4 0 
118 222 64 0 0 
157 144 70 0 0 
145 184 118 18 0 
91 267 66 0 0 
53 215 90 0 0 
47 199 95 0 0 
87 191 81 0 0 
106 289 50 0 0 
153 199 57 0 0 
122 271 82 0 0 
68 218 110 2 0 
90 285 83 0 0 
85 227 24 0 0 
124 144 77 0 0 
170 252 23 0 0 
139 183 27 0 0 
76 301 12 13 0 
88 226 56 0 0 
101 269 54 0 0 
132 187 194 30 0 
202 253 34 5 0 
110 297 67 0 0 
161 132 32 0 0 
83 307 28 1 0 
86 217 8 0 0 
114 191 99 0 0 
175 216 61 0 0 
94 253 73 0 0 
122 246 25 1 0 
65 221 61 11 0 
78 166 39 0 0 
119 249 99 0 0 
139 137 63 0 0 
98 238 52 0 0 
140 252 107 0 0 
164 264 8 1 0 
130 203 85 3 0 
45 286 78 0 0 
176 167 61 0 0 
122 186 105 0 0 
189 262 26 0 0 
109 406 31 0 0 
49 192 34 0 0 
114 196 51 0 0 
63 281 116 0 0 
115 173 65 0 0 
182 205 34 1 0 
154 200 40 0 0 
164 106 66 10 0 
113 243 24 0 0 
156 130 94 6 0 
158 142 62 26 0 
184 154 57 0 0 
101 316 33 0 0 
151 225 47 0 0 
139 283 43 2 0 
99 207 49 0 0 
147 155 35 4 0 
73 241 86 0 0 
103 266 26 0 0 
85 251 35 0 0 
78 260 94 0 0 
191 235 13 5 0 
141 252 15 0 0 
122 256 59 0 0 
126 152 129 0 0 
128 251 93 0 0 
97 267 45 0 0 
76 222 57 4 0 
76 282 88 0 0 
66 271 85 17 0 
114 177 36 0 0 
93 203 73 0 0 
190 184 38 0 0 
21 254 53 0 0 
77 283 102 0 0 
99 307 28 13 0 
81 218 73 0 0 
61 250 49 0 0 
130 213 166 7 0 
159 184 109 0 0 
183 236 14 8 0 
86 138 55 0 0 
118 222 32 23 0 
101 162 144 5 0 
76 201 49 0 0 
115 263 38 0 0 
108 194 58 9 0 
93 275 88 0 0 
103 221 75 0 0 
63 286 58 0 0 
104 339 91 9 0 
165 218 73 0 0 
173 276 43 0 0 
93 223 23 1 0 
115 238 27 6 0 
106 316 60 3 0 
259 231 38 0 0 
161 259 46 1 0 
184 393 19 0 0 
177 189 28 13 0 
94 268 31 0 0 
149 177 39 0 0 
188 241 82 0 0 
135 241 46 0 0 
83 238 68 0 0 
148 248 79 20 0 
162 210 53 0 0 
77 210 74 0 0 
153 271 75 1 0 
84 366 28 0 0 
104 230 101 0 0 
40 324 61 7 0 
110 217 71 0 0 
124 184 77 0 0 
60 262 20 0 0 
119 259 52 3 0 
51 205 135 5 0 
108 198 45 18 0 
108 211 32 0 0 
90 287 79 0 0 
54 223 57 0 0 
52 247 21 5 0 
190 151 52 0 0 
123 284 64 0 0 
73 265 47 0 0 
75 269 44 0 0 
114 171 57 0 0 
90 240 41 0 0 
77 238 111 0 0 
97 182 92 0 0 
111 262 80 0 0 
146 159 61 7 0 
155 180 57 0 0 
221 244 61 0 0 
197 241 12 6 0 
170 164 97 0 0 
102 118 26 0 0 
98 293 40 0 0 
163 209 111 0 0 
102 210 101 0 0 
138 301 47 0 0 
67 266 46 0 0 
96 255 83 0 0 
102 234 62 0 0 
219 211 132 0 0 
119 127 39 1 0 
156 164 94 0 0 
60 332 50 0 0 
90 270 39 0 0 
151 207 34 0 0 
146 274 9 0 0 
102 271 14 0 0 
149 219 1 0 0 
112 248 19 0 0 
172 144 43 30 0 
109 302 65 0 0 
161 276 52 0 0 
153 250 73 0 0 
124 215 33 0 0 
110 191 29 0 0 
95 296 19 0 0 
159 197 39 0 0 
97 292 19 0 0 
121 219 28 10 0 
99 194 86 1 0 
117 273 58 0 0 
164 141 59 8 0 
79 332 43 0 0 
199 263 40 0 0 
177 155 3 0 0 
128 185 26 1 0 
165 288 58 0 0 
143 212 30 0 0 
80 324 51 0 0 
137 153 36 9 0 
59 221 91 2 0 
184 196 72 0 0 
86 227 27 0 0 
105 212 33 0 0 
73 225 120 8 0 
133 168 52 4 0 
121 286 32 0 0 
76 307 60 0 0 
100 197 78 0 0 
158 259 13 0 0 
83 173 119 0 0 
69 232 39 2 0 
121 224 41 4 0 
117 174 30 6 0 
90 205 79 0 0 
131 167 40 4 0 
149 320 74 0 0 
107 181 26 0 0 
91 221 126 0 0 
143 230 57 0 0 
138 260 27 0 0 
152 219 58 11 0 
70 250 149 13 0 
63 241 73 1 0 
152 255 22 2 0 
85 273 29 0 0 
86 310 66 0 0 
214 219 17 4 0 
115 205 121 0 0 
67 323 72 0 0 
153 265 21 1 0 
130 159 27 0 0 
121 170 95 0 0 
260 227 30 0 0 
70 343 106 0 0 
100 184 55 4 0 
80 260 48 1 0 
103 307 95 0 0 
105 294 20 0 0 
112 227 53 0 0 
181 155 53 5 0 
256 166 79 0 0 
93 230 44 0 0 
72 239 44 0 0 
33 210 85 0 0 
112 177 87 8 0 
113 227 52 0 0 
150 263 36 0 0 
73 154 124 13 0 
80 160 45 0 0 
74 340 51 0 0 
82 209 68 0 0 
157 289 78 28 0 
208 285 12 0 0 
153 245 79 0 0 
93 225 26 0 0 
161 212 82 0 0 
70 258 27 1 0 
83 270 93 0 0 
203 219 46 0 0 
84 328 43 0 0 
169 214 57 2 0 
184 153 58 0 0 
59 246 81 0 0 
151 197 90 0 0 
122 163 103 0 0 
89 269 17 2 0 
94 206 86 0 0 
46 337 46 0 0 
131 338 30 0 0 
172 167 37 11 0 
108 156 51 0 0 
159 200 38 0 0 
57 207 118 0 0 
88 264 67 0 0 
172 278 21 19 0 
128 195 54 1 0 
81 238 60 0 0 
143 273 15 0 0 
65 158 75 0 0 
110 224 73 0 0 
120 135 59 9 0 
158 274 65 0 0 
109 247 52 0 0 
85 254 38 0 0 
52 335 37 3 0 
112 255 109 0 0 
133 185 65 0 0 
186 260 64 0 0 
74 167 63 0 0 
74 132 149 23 0 
176 162 18 0 0 
56 204 28 0 0 
