122 299 38 0 0 
76 372 43 0 0 
48 427 30 0 0 
20 380 7 0 0 
24 373 45 0 0 
59 442 20 0 0 
18 308 24 0 0 
46 287 13 0 0 
66 405 99 0 0 
16 382 26 0 0 
12 458 36 0 0 
72 379 25 0 0 
41 401 29 0 0 
17 472 45 0 0 
41 520 16 0 0 
34 423 51 0 0 
19 404 100 0 0 
1 380 56 0 0 
36 423 32 0 0 
9 433 13 0 0 
14 560 24 0 0 
43 479 48 0 0 
33 375 33 0 0 
22 416 72 0 0 
67 443 22 0 0 
88 465 18 0 0 
36 349 45 0 0 
20 471 7 0 0 
25 531 14 0 0 
3 397 25 0 0 
18 440 99 0 0 
32 446 37 0 0 
12 441 64 0 0 
23 424 51 0 0 
27 442 105 0 0 
56 412 13 0 0 
114 420 23 0 0 
36 374 64 0 0 
31 423 32 0 0 
33 342 51 0 0 
39 454 5 0 0 
7 474 40 0 0 
33 332 4 0 0 
36 396 38 0 0 
20 449 8 0 0 
68 459 25 0 0 
10 475 45 0 0 
45 465 22 0 0 
86 422 42 0 0 
84 344 41 0 0 
21 358 15 0 0 
14 493 70 0 0 
36 460 73 0 0 
27 444 24 0 0 
41 417 16 0 0 
5 407 2 0 0 
16 423 100 0 0 
15 507 12 0 0 
54 431 41 0 0 
19 349 18 0 0 
97 421 31 0 0 
22 408 51 0 0 
146 432 1 0 0 
66 387 15 0 0 
15 438 14 0 0 
40 438 16 0 0 
48 443 5 0 0 
75 484 17 0 0 
12 491 38 0 0 
4 555 7 0 0 
10 446 42 0 0 
25 438 26 0 0 
38 353 17 0 0 
28 387 18 0 0 
11 505 11 0 0 
70 380 26 0 0 
20 464 61 0 0 
6 455 25 0 0 
0 535 88 0 0 
48 339 75 0 0 
62 318 68 0 0 
18 448 53 0 0 
40 409 45 0 0 
38 467 57 0 0 
30 399 20 0 0 
30 371 33 0 0 
27 424 25 0 0 
17 455 41 0 0 
21 392 54 0 0 
35 382 71 0 0 
17 509 5 0 0 
5 375 21 0 0 
29 496 14 0 0 
25 403 28 0 0 
11 547 3 0 0 
14 414 43 0 0 
78 375 6 0 0 
102 435 22 0 0 
16 486 6 0 0 
9 521 10 0 0 
55 381 44 0 0 
7 421 39 0 0 
29 411 70 0 0 
48 319 39 0 0 
53 479 33 0 0 
61 340 26 0 0 
13 534 1 0 0 
34 405 11 0 0 
52 419 32 0 0 
25 457 5 0 0 
90 410 5 0 0 
81 352 125 0 0 
44 498 6 0 0 
12 493 30 0 0 
17 412 70 0 0 
59 507 35 0 0 
30 531 22 0 0 
40 363 73 1 0 
66 450 12 0 0 
14 473 9 0 0 
31 398 37 0 0 
7 440 77 0 0 
75 412 62 0 0 
42 470 15 0 0 
28 333 67 0 0 
28 355 62 0 0 
18 346 58 0 0 
21 449 17 0 0 
0 499 45 0 0 
69 411 17 0 0 
1 539 23 0 0 
20 493 8 0 0 
39 397 21 0 0 
3 550 22 0 0 
26 438 77 0 0 
20 293 82 0 0 
33 434 24 0 0 
0 469 23 0 0 
23 494 7 0 0 
57 307 39 0 0 
21 476 6 0 0 
57 515 10 0 0 
3 388 35 0 0 
23 373 20 0 0 
45 435 46 0 0 
6 479 43 0 0 
70 411 29 0 0 
7 507 61 0 0 
56 447 18 0 0 
60 399 46 0 0 
38 339 21 0 0 
17 495 12 0 0 
40 385 49 0 0 
80 296 4 0 0 
58 371 13 0 0 
17 372 5 0 0 
11 400 84 0 0 
49 374 62 0 0 
6 535 3 0 0 
79 439 24 0 0 
29 419 4 0 0 
43 477 27 0 0 
25 432 26 0 0 
25 456 15 0 0 
31 490 57 0 0 
11 421 21 0 0 
41 479 15 0 0 
57 442 23 0 0 
51 361 18 0 0 
16 451 28 0 0 
8 531 4 0 0 
43 532 51 0 0 
22 407 64 0 0 
5 485 18 6 0 
9 473 66 0 0 
28 503 4 0 0 
77 379 31 0 0 
19 452 24 0 0 
19 332 114 0 0 
40 362 0 0 0 
66 402 10 0 0 
20 471 2 0 0 
50 434 22 0 0 
81 366 60 0 0 
43 471 21 0 0 
7 415 17 0 0 
40 434 40 0 0 
10 527 80 0 0 
29 423 36 0 0 
5 347 6 0 0 
30 524 42 0 0 
32 439 68 0 0 
41 435 29 0 0 
78 377 49 0 0 
13 588 20 0 0 
98 427 13 0 0 
15 531 8 0 0 
40 349 11 0 0 
40 423 124 0 0 
20 610 2 0 0 
0 372 22 0 0 
48 326 19 0 0 
18 515 3 0 0 
27 503 40 0 0 
32 280 6 0 0 
55 395 110 0 0 
1 457 31 0 0 
17 361 27 0 0 
3 619 34 0 0 
34 445 43 0 0 
13 453 62 0 0 
24 500 41 0 0 
27 406 38 0 0 
33 528 27 0 0 
22 367 20 0 0 
23 364 41 0 0 
16 548 15 0 0 
30 440 48 0 0 
82 410 35 0 0 
63 374 1 0 0 
45 368 62 0 0 
25 410 20 0 0 
46 370 30 0 0 
40 354 13 0 0 
49 439 25 0 0 
42 356 30 0 0 
59 374 15 0 0 
54 464 7 0 0 
49 436 6 0 0 
62 443 35 0 0 
16 476 19 0 0 
72 384 19 0 0 
33 504 0 0 0 
31 522 1 0 0 
17 354 53 0 0 
24 403 33 0 0 
41 512 8 0 0 
57 319 1 0 0 
21 360 65 0 0 
21 379 56 0 0 
45 431 34 0 0 
0 534 29 0 0 
15 429 14 0 0 
55 349 14 0 0 
84 349 22 0 0 
39 480 19 0 0 
2 438 13 0 0 
20 458 7 0 0 
66 484 18 0 0 
36 439 15 0 0 
24 510 57 0 0 
39 334 29 0 0 
61 413 22 0 0 
30 359 28 0 0 
36 267 137 0 0 
29 474 31 0 0 
32 375 19 0 0 
24 397 11 0 0 
35 439 14 0 0 
113 331 66 0 0 
25 417 12 0 0 
8 342 61 6 0 
3 577 26 0 0 
21 373 45 0 0 
44 387 32 0 0 
25 386 105 0 0 
20 438 30 0 0 
98 340 37 0 0 
1 518 31 0 0 
10 385 13 0 0 
78 439 9 0 0 
39 415 3 0 0 
3 386 31 0 0 
23 379 2 0 0 
36 422 57 0 0 
12 441 12 0 0 
35 354 53 0 0 
65 465 23 0 0 
23 427 44 5 0 
84 370 14 0 0 
48 410 8 7 0 
58 354 55 0 0 
1 438 43 0 0 
50 388 36 0 0 
9 504 40 0 0 
26 421 73 0 0 
87 417 30 0 0 
48 382 1 0 0 
40 372 33 0 0 
8 588 30 0 0 
51 430 78 0 0 
1 468 13 0 0 
74 453 3 0 0 
14 417 25 0 0 
67 379 7 0 0 
19 381 36 0 0 
28 505 25 0 0 
11 475 18 0 0 
44 417 23 0 0 
59 389 19 0 0 
19 383 47 0 0 
21 465 18 0 0 
46 353 26 0 0 
5 515 1 0 0 
54 480 25 0 0 
54 462 35 0 0 
40 496 14 0 0 
24 334 70 0 0 
15 485 44 0 0 
40 382 67 0 0 
45 451 21 0 0 
48 423 41 0 0 
26 410 2 0 0 
89 410 1 0 0 
12 421 23 0 0 
60 398 1 0 0 
54 420 27 2 0 
4 439 44 0 0 
57 387 48 0 0 
29 494 17 0 0 
45 493 11 0 0 
4 393 34 0 0 
23 407 8 0 0 
53 378 44 0 0 
10 498 17 0 0 
94 376 18 0 0 
7 484 13 0 0 
38 400 28 0 0 
51 526 51 0 0 
20 409 13 0 0 
10 390 64 0 0 
32 564 2 0 0 
9 496 12 0 0 
47 356 51 0 0 
10 402 21 0 0 
19 354 58 0 0 
29 381 46 0 0 
31 403 1 0 0 
60 478 3 0 0 
106 354 9 0 0 
18 451 27 0 0 
22 512 23 0 0 
10 509 25 0 0 
94 409 49 0 0 
49 443 9 0 0 
99 408 28 0 0 
110 321 40 0 0 
28 301 99 0 0 
19 373 17 0 0 
35 405 79 0 0 
37 428 10 0 0 
3 435 16 0 0 
18 498 20 0 0 
60 459 7 0 0 
51 480 10 0 0 
25 567 29 0 0 
22 501 33 0 0 
36 458 17 0 0 
46 368 7 0 0 
31 330 15 0 0 
4 553 29 0 0 
27 486 23 0 0 
22 458 36 0 0 
30 429 44 0 0 
1 450 16 0 0 
41 434 15 0 0 
4 424 93 0 0 
37 491 71 0 0 
48 294 33 0 0 
40 396 13 0 0 
73 477 20 0 0 
16 497 62 0 0 
54 368 7 0 0 
51 425 25 0 0 
58 425 18 0 0 
69 436 38 0 0 
56 476 4 0 0 
100 450 35 0 0 
10 475 7 0 0 
28 530 12 0 0 
33 569 27 0 0 
14 465 10 0 0 
16 499 30 0 0 
58 330 28 0 0 
25 428 27 0 0 
3 535 15 0 0 
38 392 32 0 0 
2 438 63 0 0 
78 369 9 0 0 
26 344 37 0 0 
14 352 3 0 0 
32 366 15 0 0 
90 383 73 0 0 
36 478 83 0 0 
35 405 10 0 0 
55 482 18 0 0 
25 515 56 0 0 
16 449 16 0 0 
51 359 51 0 0 
47 406 26 0 0 
47 403 8 0 0 
36 475 15 0 0 
27 347 31 2 0 
57 381 55 0 0 
29 435 117 0 0 
98 524 8 0 0 
39 486 6 0 0 
62 437 50 0 0 
106 440 20 0 0 
68 529 30 0 0 
76 458 31 0 0 
14 328 25 0 0 
15 423 3 0 0 
34 420 31 0 0 
61 506 26 0 0 
106 464 19 0 0 
24 434 37 0 0 
65 410 31 0 0 
49 339 21 0 0 
63 368 40 0 0 
38 432 9 0 0 
37 357 48 0 0 
34 468 4 0 0 
24 382 5 0 0 
36 529 15 0 0 
23 537 27 0 0 
10 464 32 0 0 
29 439 38 0 0 
63 432 27 0 0 
42 255 21 0 0 
47 395 32 0 0 
92 303 39 0 0 
15 542 6 0 0 
37 412 27 0 0 
24 399 10 0 0 
13 502 4 0 0 
55 500 14 0 0 
130 534 2 0 0 
65 411 43 0 0 
89 291 26 0 0 
74 418 48 0 0 
77 388 13 0 0 
28 380 17 0 0 
16 386 58 0 0 
65 403 60 0 0 
4 519 22 0 0 
50 565 9 0 0 
48 499 5 0 0 
8 469 25 0 0 
30 540 15 0 0 
33 443 71 0 0 
85 427 1 0 0 
87 386 43 0 0 
27 463 44 0 0 
0 391 93 0 0 
51 484 4 0 0 
29 397 24 0 0 
5 457 22 0 0 
32 459 15 0 0 
12 496 24 0 0 
49 454 14 0 0 
72 435 37 0 0 
51 314 45 0 0 
22 453 31 0 0 
37 408 17 0 0 
34 410 18 0 0 
51 457 35 0 0 
15 398 15 4 0 
9 394 32 0 0 
39 367 18 0 0 
33 462 11 0 0 
36 448 32 0 0 
57 476 5 0 0 
37 463 13 0 0 
21 497 10 0 0 
20 495 40 0 0 
56 415 52 0 0 
35 317 83 0 0 
18 437 34 0 0 
43 282 35 0 0 
19 529 15 0 0 
84 455 7 0 0 
48 460 2 0 0 
55 519 41 0 0 
25 409 15 0 0 
44 431 11 0 0 
20 493 27 0 0 
33 510 51 0 0 
1 414 23 0 0 
19 421 25 0 0 
19 535 5 0 0 
30 502 35 0 0 
34 412 35 0 0 
89 394 37 0 0 
28 469 23 0 0 
18 345 20 0 0 
36 472 19 0 0 
15 342 61 0 0 
45 396 121 0 0 
23 497 6 0 0 
13 409 21 0 0 
53 352 16 0 0 
30 435 20 0 0 
66 440 17 0 0 
16 469 28 0 0 
23 387 36 0 0 
56 389 41 0 0 
49 472 12 0 0 
103 440 1 0 0 
30 437 17 0 0 
63 448 15 0 0 
72 301 11 0 0 
28 548 16 0 0 
9 423 25 0 0 
11 499 49 0 0 
27 456 28 0 0 
69 452 30 0 0 
27 509 65 0 0 
68 467 45 0 0 
4 506 21 0 0 
23 383 55 0 0 
30 480 10 0 0 
10 485 18 0 0 
4 364 63 0 0 
27 596 36 0 0 
87 327 39 0 0 
40 430 11 0 0 
22 455 7 0 0 
6 419 3 0 0 
24 464 6 0 0 
28 475 22 0 0 
73 440 44 0 0 
40 353 62 0 0 
40 550 10 0 0 
20 508 35 0 0 
41 437 10 0 0 
38 421 26 0 0 
61 415 8 0 0 
19 407 13 0 0 
33 496 63 0 0 
27 335 32 0 0 
21 370 53 0 0 
43 434 37 0 0 
1 331 50 1 0 
34 393 26 0 0 
68 391 36 0 0 
7 535 26 0 0 
54 523 41 0 0 
31 471 21 0 0 
14 313 29 0 0 
3 434 41 0 0 
21 466 14 0 0 
18 434 31 0 0 
17 411 23 0 0 
31 398 23 0 0 
39 512 36 0 0 
115 340 39 0 0 
76 517 18 0 0 
21 503 51 0 0 
74 348 13 0 0 
21 454 20 0 0 
30 344 12 0 0 
15 536 17 0 0 
34 451 14 0 0 
9 521 20 0 0 
29 443 34 0 0 
130 351 45 0 0 
21 424 53 0 0 
5 413 43 0 0 
15 469 62 0 0 
40 376 42 0 0 
16 626 7 0 0 
35 438 47 0 0 
31 403 32 0 0 
19 458 19 0 0 
60 358 68 0 0 
26 498 65 0 0 
40 427 30 0 0 
29 480 31 0 0 
69 412 55 0 0 
7 450 20 0 0 
69 450 15 0 0 
76 349 15 0 0 
56 378 5 0 0 
25 492 17 0 0 
12 457 60 0 0 
4 483 45 0 0 
6 355 59 0 0 
33 484 48 0 0 
54 432 32 0 0 
30 374 42 0 0 
59 486 54 0 0 
21 453 80 0 0 
9 534 4 0 0 
31 366 19 0 0 
55 371 45 0 0 
23 350 65 0 0 
4 458 30 0 0 
27 457 28 0 0 
78 411 51 0 0 
41 339 37 0 0 
26 505 26 0 0 
49 462 24 0 0 
27 399 95 0 0 
37 405 59 0 0 
46 354 53 0 0 
7 389 26 0 0 
20 400 92 0 0 
14 471 20 0 0 
19 583 21 0 0 
23 293 66 0 0 
80 357 42 0 0 
15 383 4 0 0 
31 405 44 0 0 
11 331 82 0 0 
62 411 0 0 0 
58 440 18 0 0 
2 487 50 0 0 
15 398 63 0 0 
75 448 0 0 0 
53 460 40 0 0 
8 317 55 0 0 
19 391 32 0 0 
58 477 23 0 0 
15 418 12 0 0 
43 457 16 0 0 
38 429 24 0 0 
24 479 43 0 0 
32 466 19 0 0 
76 419 20 0 0 
5 469 33 0 0 
38 533 9 0 0 
11 420 37 0 0 
30 441 14 0 0 
18 405 74 0 0 
21 374 69 0 0 
37 442 85 0 0 
16 481 10 0 0 
23 363 19 0 0 
13 409 32 0 0 
13 464 23 0 0 
21 462 4 0 0 
11 462 56 0 0 
21 542 29 0 0 
19 365 2 0 0 
112 401 1 0 0 
12 405 102 0 0 
21 464 14 0 0 
14 353 33 0 0 
20 394 73 0 0 
34 475 21 0 0 
36 251 98 0 0 
107 466 14 0 0 
36 446 14 0 0 
34 323 13 0 0 
35 391 3 0 0 
15 390 29 0 0 
34 423 20 0 0 
51 519 3 0 0 
3 487 16 0 0 
84 334 108 0 0 
3 491 2 0 0 
64 394 87 0 0 
17 344 33 0 0 
69 468 88 0 0 
31 462 24 0 0 
13 460 34 0 0 
46 424 51 0 0 
37 496 30 0 0 
60 364 33 0 0 
64 471 16 0 0 
59 368 28 0 0 
12 392 35 0 0 
25 327 32 0 0 
6 453 41 0 0 
157 229 49 0 0 
12 438 24 0 0 
26 572 13 0 0 
25 404 19 0 0 
62 316 48 0 0 
19 440 42 0 0 
16 442 61 0 0 
33 336 71 0 0 
72 456 58 0 0 
60 462 58 0 0 
23 395 38 0 0 
27 360 42 0 0 
12 472 7 0 0 
110 314 16 0 0 
34 523 4 0 0 
31 560 3 0 0 
12 519 18 0 0 
30 396 20 0 0 
22 460 6 0 0 
34 421 2 0 0 
19 476 27 0 0 
45 401 17 0 0 
95 404 33 0 0 
47 505 1 0 0 
75 341 40 0 0 
20 397 1 0 0 
27 431 29 0 0 
25 447 89 0 0 
5 368 28 0 0 
6 535 73 0 0 
32 367 1 0 0 
23 592 16 0 0 
30 410 40 0 0 
76 430 62 0 0 
57 428 19 0 0 
46 356 27 0 0 
11 505 50 0 0 
49 574 15 0 0 
31 480 5 0 0 
20 460 58 0 0 
38 333 5 0 0 
38 476 54 0 0 
45 416 65 0 0 
67 350 48 0 0 
83 400 7 0 0 
5 492 19 0 0 
7 455 47 0 0 
41 475 59 0 0 
55 390 26 0 0 
22 441 38 0 0 
29 436 48 0 0 
23 460 49 0 0 
44 421 36 0 0 
26 533 3 0 0 
38 470 12 0 0 
20 475 25 0 0 
72 419 18 0 0 
35 487 45 0 0 
28 421 47 0 0 
39 436 31 0 0 
62 447 32 0 0 
35 467 20 0 0 
37 427 19 0 0 
16 489 3 0 0 
45 538 19 0 0 
38 497 11 0 0 
72 375 32 0 0 
12 394 11 0 0 
53 336 21 0 0 
22 434 41 0 0 
32 450 16 0 0 
40 470 8 0 0 
34 396 33 12 0 
131 272 10 0 0 
1 479 32 0 0 
27 456 13 0 0 
68 381 25 0 0 
12 458 26 0 0 
13 489 6 0 0 
43 448 3 0 0 
19 400 85 0 0 
10 437 61 0 0 
57 388 28 0 0 
13 404 89 0 0 
15 471 6 0 0 
73 390 50 0 0 
24 499 9 0 0 
4 414 52 0 0 
12 521 25 0 0 
57 479 11 0 0 
25 478 13 0 0 
9 466 97 0 0 
13 394 30 0 0 
91 483 11 0 0 
27 445 16 0 0 
33 464 53 0 0 
66 386 40 0 0 
7 440 36 0 0 
24 448 19 0 0 
23 474 8 0 0 
57 431 29 0 0 
46 442 43 0 0 
35 424 38 0 0 
67 427 36 0 0 
25 299 64 0 0 
13 382 12 0 0 
18 403 3 0 0 
34 540 30 0 0 
31 458 52 0 0 
23 536 7 0 0 
33 380 7 0 0 
19 396 48 0 0 
10 454 21 0 0 
8 446 51 0 0 
39 476 23 0 0 
37 481 57 0 0 
18 508 14 0 0 
10 375 16 0 0 
32 388 45 0 0 
43 519 25 0 0 
58 358 29 0 0 
10 395 23 0 0 
12 447 45 0 0 
35 294 16 0 0 
61 300 67 0 0 
87 335 23 0 0 
22 416 85 0 0 
25 575 6 0 0 
39 455 12 0 0 
19 473 69 0 0 
35 441 21 0 0 
27 418 86 0 0 
39 375 54 0 0 
51 404 52 0 0 
65 406 8 0 0 
9 489 31 0 0 
23 495 59 0 0 
44 411 37 0 0 
25 470 37 0 0 
96 376 23 0 0 
29 387 18 0 0 
32 444 33 0 0 
10 496 33 0 0 
27 447 49 0 0 
92 414 9 0 0 
49 410 25 0 0 
17 471 36 0 0 
75 519 16 0 0 
29 480 2 0 0 
22 346 17 0 0 
77 420 10 0 0 
80 392 24 0 0 
5 482 16 0 0 
46 477 29 0 0 
59 368 60 0 0 
39 484 64 0 0 
21 487 10 0 0 
30 485 29 0 0 
7 526 35 0 0 
33 456 19 0 0 
28 539 14 0 0 
38 436 46 0 0 
10 398 60 0 0 
76 437 0 0 0 
60 437 23 0 0 
25 421 1 0 0 
25 595 7 0 0 
35 410 33 0 0 
36 385 54 0 0 
18 442 17 0 0 
18 434 13 0 0 
41 340 24 0 0 
48 396 34 0 0 
7 431 42 0 0 
0 445 50 0 0 
29 475 54 0 0 
27 458 16 0 0 
20 466 18 0 0 
21 428 40 0 0 
40 463 18 0 0 
14 594 24 0 0 
39 468 14 0 0 
16 465 40 0 0 
19 402 54 0 0 
15 445 37 0 0 
16 471 35 0 0 
25 366 23 0 0 
69 434 36 0 0 
32 448 14 0 0 
32 532 37 0 0 
3 458 73 0 0 
12 443 21 0 0 
90 392 9 0 0 
15 567 7 0 0 
19 475 16 0 0 
48 468 48 0 0 
65 324 17 0 0 
27 496 27 0 0 
34 463 16 0 0 
34 501 32 0 0 
20 540 17 0 0 
38 458 7 6 0 
87 371 44 0 0 
43 484 15 0 0 
81 372 29 0 0 
19 434 34 0 0 
17 479 15 0 0 
11 451 28 0 0 
94 361 1 0 0 
20 489 8 0 0 
36 521 8 0 0 
20 455 18 0 0 
45 473 7 0 0 
81 289 105 0 0 
28 481 14 0 0 
33 433 19 0 0 
22 521 35 0 0 
42 507 34 0 0 
37 378 14 0 0 
107 381 32 0 0 
52 411 27 0 0 
5 426 64 0 0 
34 417 11 0 0 
37 291 63 0 0 
12 427 40 0 0 
117 554 8 0 0 
40 422 34 6 0 
10 462 51 0 0 
9 422 46 0 0 
20 364 16 0 0 
7 491 23 0 0 
56 406 38 0 0 
20 407 5 0 0 
13 554 13 0 0 
15 497 10 0 0 
119 360 39 0 0 
19 456 62 0 0 
34 343 24 0 0 
4 460 20 0 0 
31 359 11 0 0 
65 427 25 0 0 
9 459 50 0 0 
26 347 8 0 0 
18 443 36 0 0 
60 520 7 0 0 
22 504 49 0 0 
16 481 23 0 0 
9 418 26 0 0 
28 438 49 0 0 
18 445 26 0 0 
17 527 67 0 0 
19 470 19 0 0 
37 347 52 0 0 
50 482 4 0 0 
72 390 24 0 0 
64 326 32 0 0 
39 492 22 0 0 
15 460 44 0 0 
56 386 58 0 0 
6 428 10 0 0 
63 405 8 0 0 
31 453 30 0 0 
26 313 85 0 0 
101 415 41 0 0 
25 466 32 0 0 
25 526 13 0 0 
87 448 13 0 0 
33 455 27 0 0 
69 405 50 0 0 
28 515 32 0 0 
85 322 80 0 0 
50 484 0 0 0 
62 418 25 0 0 
22 480 49 0 0 
8 405 24 0 0 
65 341 47 0 0 
20 359 26 0 0 
74 454 40 0 0 
67 439 33 0 0 
14 448 18 0 0 
19 528 27 0 0 
53 441 2 0 0 
20 441 34 0 0 
36 382 50 0 0 
17 462 32 0 0 
70 472 48 0 0 
22 553 4 0 0 
35 431 11 0 0 
46 477 20 0 0 
104 383 56 0 0 
16 432 36 0 0 
64 461 26 0 0 
104 363 3 0 0 
27 402 8 0 0 
26 465 38 0 0 
28 397 79 0 0 
22 465 5 0 0 
68 506 3 0 0 
45 456 72 0 0 
103 342 29 0 0 
59 357 118 0 0 
47 450 32 0 0 
62 509 20 0 0 
20 394 1 0 0 
12 426 11 0 0 
58 380 12 0 0 
26 508 7 0 0 
72 464 20 0 0 
30 396 10 0 0 
22 334 30 0 0 
49 434 1 0 0 
19 453 13 0 0 
10 477 20 0 0 
40 410 74 0 0 
23 392 4 0 0 
14 385 27 0 0 
22 483 2 0 0 
39 405 7 0 0 
47 380 52 0 0 
45 379 108 0 0 
13 439 43 0 0 
50 430 21 0 0 
71 422 35 0 0 
97 362 40 0 0 
50 505 31 0 0 
