0 0 24 
0 0 31 
0 13 70 
0 0 2 
0 0 16 
0 3 92 
0 1 49 
0 0 47 
0 0 1 
0 2 7 
0 6 104 
0 0 0 
0 0 4 
0 0 24 
0 0 10 
0 0 64 
0 2 27 
0 0 16 
0 0 84 
0 0 86 
0 0 21 
0 0 32 
0 0 16 
0 0 97 
0 0 53 
0 0 30 
0 0 0 
0 0 17 
0 0 25 
0 2 0 
0 4 47 
0 0 49 
0 0 0 
0 0 39 
0 0 81 
0 0 1 
0 0 35 
0 0 60 
0 0 80 
0 0 56 
0 0 2 
0 0 72 
0 0 145 
0 0 58 
0 0 63 
0 0 59 
0 0 13 
0 0 7 
0 0 56 
0 0 23 
0 0 110 
0 4 5 
0 0 29 
0 0 39 
0 0 0 
0 0 9 
0 0 27 
0 0 27 
0 0 31 
0 0 59 
0 0 35 
0 0 26 
0 0 24 
0 0 57 
0 0 45 
0 0 9 
0 4 17 
0 0 35 
0 0 0 
0 0 48 
0 0 100 
0 0 8 
0 0 39 
0 0 101 
0 0 50 
0 0 16 
0 0 90 
0 0 68 
0 25 22 
0 0 23 
0 0 26 
0 0 40 
0 0 22 
0 0 18 
0 1 20 
0 0 25 
0 0 43 
0 0 3 
0 0 8 
0 7 42 
0 0 35 
0 0 5 
0 0 9 
0 0 23 
0 0 49 
0 0 73 
0 0 20 
0 7 50 
0 0 1 
0 0 104 
0 0 24 
0 11 30 
0 0 33 
0 0 119 
0 0 53 
0 0 34 
0 0 31 
0 0 12 
0 0 72 
0 0 153 
0 0 15 
0 0 0 
0 0 27 
0 3 27 
0 0 38 
0 0 50 
0 0 76 
0 1 27 
0 0 15 
0 0 7 
0 0 40 
0 0 1 
0 0 30 
0 0 1 
0 0 6 
0 0 5 
0 5 4 
0 6 97 
0 7 18 
0 3 103 
0 0 113 
0 0 14 
0 0 55 
0 5 13 
0 0 6 
0 0 91 
0 0 53 
0 0 1 
0 8 39 
0 0 25 
0 0 15 
0 0 172 
0 0 26 
0 15 29 
0 23 31 
0 0 53 
0 12 91 
0 0 10 
0 0 9 
0 0 74 
0 0 178 
0 0 99 
0 10 45 
0 11 11 
0 0 25 
0 9 13 
0 0 1 
0 0 21 
0 5 17 
0 0 4 
0 0 10 
0 1 66 
0 0 11 
0 0 14 
0 15 64 
0 0 17 
0 0 23 
0 0 5 
0 1 26 
0 0 32 
0 0 27 
0 0 13 
0 0 10 
0 0 36 
0 0 98 
0 2 24 
0 0 222 
0 0 93 
0 0 74 
0 1 33 
0 0 45 
0 0 11 
0 0 27 
0 0 15 
0 0 26 
0 1 33 
0 0 29 
0 0 168 
0 0 2 
0 0 0 
0 0 40 
0 0 83 
0 0 113 
0 0 56 
0 0 21 
0 0 12 
0 0 26 
0 0 59 
0 0 53 
0 0 48 
0 2 75 
0 0 26 
0 4 9 
0 0 21 
0 0 21 
0 14 23 
0 0 21 
0 0 29 
0 0 6 
0 0 26 
0 0 23 
0 0 81 
0 0 81 
0 0 72 
0 0 63 
0 0 0 
0 0 15 
0 0 16 
0 11 16 
0 0 0 
0 0 4 
0 0 117 
0 0 57 
0 0 10 
0 0 68 
0 0 13 
0 0 51 
0 0 75 
0 0 50 
0 0 28 
0 0 19 
0 0 76 
0 0 74 
0 16 27 
0 0 9 
0 0 84 
0 1 2 
0 0 43 
0 0 41 
0 0 18 
0 0 38 
0 0 51 
0 0 39 
0 1 70 
0 0 34 
0 0 135 
0 0 27 
0 12 72 
0 0 21 
0 0 29 
0 0 50 
0 0 91 
0 0 14 
0 0 9 
0 0 39 
0 5 3 
0 0 2 
0 0 58 
0 0 64 
0 0 31 
0 13 10 
0 0 14 
0 0 19 
0 0 62 
0 7 81 
0 0 24 
0 0 15 
0 0 24 
0 0 32 
0 0 77 
0 0 24 
0 0 12 
0 0 31 
0 0 1 
0 0 8 
0 0 14 
0 0 29 
0 0 1 
0 0 19 
0 0 31 
0 0 69 
0 0 37 
0 0 48 
0 0 173 
0 0 0 
0 0 2 
0 4 104 
0 0 29 
0 0 70 
0 0 20 
0 0 11 
0 0 33 
0 0 11 
0 0 42 
0 0 41 
0 0 17 
0 7 17 
0 2 96 
0 0 178 
0 0 11 
0 0 27 
0 0 44 
0 0 49 
0 0 4 
0 0 36 
0 17 21 
0 0 23 
0 0 30 
0 0 24 
0 0 23 
0 0 6 
0 0 53 
0 0 12 
0 1 53 
0 0 10 
0 0 42 
0 0 41 
0 0 17 
0 0 99 
0 4 27 
0 3 38 
0 0 127 
0 15 95 
0 2 23 
0 0 89 
0 0 70 
0 0 84 
0 26 10 
0 0 28 
0 0 19 
0 0 32 
0 0 38 
0 0 57 
0 0 43 
0 0 25 
0 2 17 
0 0 9 
0 0 33 
0 0 20 
0 0 38 
0 0 9 
0 0 14 
0 0 19 
0 0 38 
0 6 40 
0 0 25 
0 0 86 
0 1 1 
0 2 22 
0 0 18 
0 0 48 
0 0 43 
0 0 1 
0 0 102 
0 1 88 
0 0 83 
0 0 22 
0 0 0 
0 0 5 
0 0 49 
0 0 32 
0 0 57 
0 0 49 
0 0 0 
0 0 27 
0 0 141 
0 0 5 
0 0 49 
0 0 10 
0 0 16 
0 0 18 
0 0 2 
0 0 14 
0 0 88 
0 0 12 
0 0 29 
0 0 56 
0 0 20 
0 6 140 
0 5 3 
0 0 12 
0 0 34 
0 0 5 
0 0 62 
0 0 33 
0 0 37 
0 0 28 
0 3 38 
0 0 14 
0 0 135 
0 0 100 
0 0 22 
0 0 1 
0 0 8 
0 0 26 
0 0 32 
0 0 51 
0 0 46 
0 0 11 
0 0 5 
0 6 16 
0 0 13 
0 0 147 
0 8 20 
0 0 9 
0 0 9 
0 0 15 
0 0 10 
0 0 2 
0 0 46 
0 17 24 
0 4 99 
0 2 60 
0 8 44 
0 0 28 
0 0 100 
0 1 65 
0 0 22 
0 0 44 
0 0 72 
0 0 47 
0 3 109 
0 0 80 
0 4 65 
0 0 40 
0 0 52 
0 0 60 
0 0 37 
0 0 41 
0 0 16 
0 0 274 
0 0 97 
0 0 13 
0 0 66 
0 0 66 
0 0 35 
0 0 65 
0 0 38 
0 0 21 
0 0 16 
0 0 40 
0 0 22 
0 0 107 
0 5 2 
0 0 16 
0 0 27 
0 0 63 
0 0 11 
0 0 8 
0 0 81 
0 1 70 
0 0 276 
0 0 45 
0 0 9 
0 0 97 
0 0 168 
0 3 15 
0 0 20 
0 4 49 
0 0 16 
0 0 17 
0 0 20 
0 0 40 
0 0 59 
0 0 19 
0 0 49 
0 0 86 
0 0 77 
0 1 50 
0 0 4 
0 0 49 
0 0 37 
0 0 26 
0 0 16 
0 0 11 
0 0 28 
0 0 9 
0 5 42 
0 0 0 
0 0 3 
0 0 59 
0 0 21 
0 0 23 
0 0 31 
0 0 9 
0 0 26 
0 0 22 
0 0 29 
0 0 7 
0 0 42 
0 0 110 
0 0 9 
0 0 14 
0 0 125 
0 0 58 
0 0 8 
0 0 7 
0 2 35 
0 2 20 
0 0 13 
0 0 52 
0 0 14 
0 0 13 
0 8 71 
0 0 2 
0 0 32 
0 0 83 
0 0 16 
0 0 43 
0 0 83 
0 0 102 
0 0 13 
0 2 57 
0 0 23 
0 0 18 
0 0 19 
0 0 102 
0 0 17 
0 0 19 
0 0 23 
0 0 0 
0 0 10 
0 0 7 
0 0 105 
0 0 55 
0 0 0 
0 4 19 
0 0 82 
0 0 78 
0 0 62 
0 0 30 
0 0 22 
0 0 40 
0 0 21 
0 0 19 
0 2 67 
0 0 37 
0 0 48 
0 0 16 
0 0 24 
0 15 65 
0 0 52 
0 0 38 
0 16 5 
0 0 16 
0 0 69 
0 0 135 
0 0 32 
0 0 4 
0 0 54 
0 12 17 
0 0 2 
0 0 18 
0 0 40 
0 0 6 
0 0 6 
0 21 25 
0 0 5 
0 0 25 
0 0 65 
0 0 35 
0 1 43 
0 0 100 
0 0 19 
0 0 76 
0 0 73 
0 0 56 
0 0 17 
0 0 32 
0 0 30 
0 0 15 
0 0 79 
0 0 76 
0 19 42 
0 0 41 
0 0 26 
0 0 2 
0 0 18 
0 0 37 
0 0 6 
0 0 19 
0 0 6 
0 0 65 
0 0 60 
0 0 40 
0 0 48 
0 7 33 
0 0 111 
0 0 2 
0 0 41 
0 2 4 
0 0 3 
0 0 103 
0 0 76 
0 0 60 
0 0 57 
0 0 2 
0 0 14 
0 0 5 
0 0 4 
0 0 34 
0 6 41 
0 0 8 
0 0 8 
0 0 22 
0 0 133 
0 0 27 
0 1 35 
0 0 2 
0 0 20 
0 7 75 
0 0 32 
0 0 6 
0 5 5 
0 0 10 
0 0 10 
0 0 87 
0 0 17 
0 0 29 
0 0 14 
0 0 9 
0 0 64 
0 0 10 
0 0 1 
0 0 8 
0 0 111 
0 0 25 
0 0 45 
0 0 50 
0 0 59 
0 0 55 
0 0 60 
0 0 31 
0 0 57 
0 18 8 
0 0 29 
0 0 32 
0 0 17 
0 0 33 
0 5 42 
0 0 34 
0 0 151 
0 0 25 
0 0 29 
0 0 87 
0 0 9 
0 0 98 
0 0 65 
0 0 33 
0 1 44 
0 0 8 
0 0 65 
0 0 133 
0 0 16 
0 0 27 
0 0 27 
0 0 36 
0 0 4 
0 11 6 
0 7 65 
0 0 8 
0 0 20 
0 0 38 
0 0 12 
0 0 54 
0 0 44 
0 0 24 
0 0 99 
0 0 27 
0 0 53 
0 0 56 
0 0 19 
0 0 29 
0 0 131 
0 0 0 
0 0 161 
0 0 22 
0 0 11 
0 10 62 
0 0 43 
0 2 44 
0 0 46 
0 0 11 
0 0 71 
0 0 30 
0 0 17 
0 0 13 
0 0 13 
0 2 25 
0 0 23 
0 0 7 
0 16 68 
0 0 35 
0 0 14 
0 0 103 
0 0 0 
0 0 15 
0 0 42 
0 0 76 
0 0 22 
0 0 0 
0 0 81 
0 0 26 
0 0 1 
0 4 41 
0 8 22 
0 0 9 
0 0 54 
0 9 65 
0 0 77 
0 0 14 
0 0 114 
0 0 30 
0 3 42 
0 13 22 
0 0 165 
0 0 12 
0 0 6 
0 10 37 
0 0 46 
0 0 13 
0 0 26 
0 0 54 
0 0 17 
0 0 63 
0 0 52 
0 0 41 
0 0 10 
0 14 65 
0 0 37 
0 0 44 
0 0 5 
0 0 75 
0 0 33 
0 0 24 
0 0 16 
0 0 35 
0 0 8 
0 0 91 
0 0 32 
0 0 4 
0 0 33 
0 0 1 
0 0 28 
0 0 44 
0 0 38 
0 0 13 
0 0 2 
0 0 120 
0 0 93 
0 0 45 
0 0 39 
0 0 2 
0 0 34 
0 0 62 
0 0 5 
0 0 62 
0 0 24 
0 15 24 
0 0 10 
0 0 85 
0 0 0 
0 0 6 
0 0 49 
0 0 26 
0 0 9 
0 0 78 
0 0 7 
0 0 33 
0 0 97 
0 0 9 
0 0 45 
0 0 8 
0 5 61 
0 0 16 
0 1 27 
0 0 46 
0 0 20 
0 4 39 
0 0 18 
0 0 9 
0 0 7 
0 0 0 
0 0 39 
0 0 82 
0 0 20 
0 0 14 
0 0 23 
0 3 57 
0 0 54 
0 0 3 
0 12 184 
0 5 19 
0 0 66 
0 0 17 
0 0 26 
0 0 24 
0 1 58 
0 10 13 
0 0 54 
0 0 72 
0 19 65 
0 0 70 
0 0 12 
0 5 21 
0 0 23 
0 0 0 
0 0 102 
0 0 9 
0 0 16 
0 0 18 
0 0 25 
0 0 103 
0 0 67 
0 0 4 
0 0 9 
0 0 42 
0 21 20 
0 15 26 
0 0 3 
0 0 25 
0 0 0 
0 0 30 
0 0 39 
0 0 81 
0 0 18 
0 0 8 
0 0 18 
0 0 18 
0 0 49 
0 0 16 
0 0 76 
0 0 8 
0 0 3 
0 0 3 
0 11 36 
0 0 27 
0 0 58 
0 0 17 
0 0 14 
0 0 12 
0 0 105 
0 1 74 
0 0 8 
0 1 37 
0 0 56 
0 0 10 
0 0 67 
0 0 9 
0 0 5 
0 0 18 
0 0 33 
0 0 19 
0 0 19 
0 0 54 
0 0 55 
0 0 108 
0 0 10 
0 0 65 
0 0 20 
0 0 54 
0 0 45 
0 0 56 
0 0 14 
0 0 13 
0 0 18 
0 0 14 
0 0 46 
0 0 16 
0 0 36 
0 0 93 
0 21 25 
0 0 59 
0 0 56 
0 0 71 
0 0 34 
0 0 63 
0 0 58 
0 0 13 
0 0 13 
0 0 86 
0 0 57 
0 0 0 
0 0 57 
0 0 9 
0 0 43 
0 0 61 
0 0 3 
0 0 143 
0 2 23 
0 0 32 
0 0 13 
0 0 8 
0 0 31 
0 0 27 
0 0 3 
0 0 17 
0 0 15 
0 0 15 
0 0 22 
0 0 43 
0 0 40 
0 1 93 
0 0 12 
0 0 22 
0 0 84 
0 0 0 
0 0 12 
0 0 73 
0 0 93 
0 0 27 
0 0 43 
0 0 3 
0 0 5 
0 0 106 
0 0 8 
0 0 13 
0 0 58 
0 0 80 
0 0 10 
0 0 18 
0 0 22 
0 0 28 
0 0 12 
0 0 41 
0 0 3 
0 0 30 
0 0 98 
0 11 21 
0 0 35 
0 0 34 
0 3 46 
0 0 22 
0 0 22 
0 0 29 
0 0 7 
0 0 107 
0 0 16 
0 0 10 
0 0 23 
0 0 33 
0 0 0 
0 2 74 
0 29 13 
0 0 3 
0 0 48 
0 3 6 
0 0 33 
0 0 75 
0 0 7 
0 4 41 
0 0 27 
0 0 17 
0 5 91 
0 0 55 
0 0 18 
0 0 22 
0 0 36 
0 0 51 
0 0 13 
0 2 44 
0 3 36 
0 0 20 
0 0 40 
0 0 12 
0 0 39 
0 0 39 
0 0 50 
0 18 87 
0 0 34 
0 0 35 
0 0 97 
0 0 37 
0 0 33 
0 0 15 
0 0 45 
0 0 11 
0 0 30 
0 0 21 
0 0 25 
0 0 39 
0 0 26 
0 0 17 
0 4 9 
0 0 29 
0 0 55 
0 0 47 
0 0 113 
0 0 20 
0 0 37 
0 0 31 
0 0 71 
0 0 55 
0 0 14 
0 0 23 
0 0 34 
0 0 31 
0 0 71 
0 0 2 
0 0 63 
