18 3 160 215 0 
1 80 111 60 8 
1 65 91 41 0 
30 91 67 149 0 
28 69 98 75 46 
1 9 196 69 52 
27 36 43 66 2 
32 36 205 337 0 
1 18 116 93 27 
48 116 22 13 0 
1 90 59 33 0 
6 184 121 40 0 
0 58 75 105 5 
1 35 59 77 0 
3 19 257 164 0 
16 30 174 17 0 
3 7 139 19 10 
0 68 186 79 54 
32 24 160 70 20 
0 134 118 141 0 
1 78 257 93 1 
11 21 148 20 14 
12 6 236 26 0 
31 153 140 29 0 
22 198 115 51 0 
4 27 139 43 2 
8 53 176 55 0 
12 16 159 170 0 
0 103 199 33 0 
17 127 139 131 0 
1 61 181 80 1 
2 27 252 27 0 
21 56 84 122 0 
3 87 203 9 0 
3 43 155 48 0 
12 88 111 27 2 
16 85 68 23 0 
1 1 125 64 0 
0 112 155 38 0 
5 111 168 88 0 
19 39 292 60 0 
19 15 143 73 0 
0 74 135 30 0 
2 34 287 7 0 
13 29 54 48 0 
23 211 119 59 0 
1 107 113 23 3 
7 6 206 161 0 
4 49 103 27 1 
13 101 61 52 0 
5 207 95 67 0 
14 42 106 156 22 
11 119 174 122 1 
4 107 100 68 0 
16 163 120 70 0 
7 37 83 43 0 
4 19 49 114 0 
7 3 193 93 40 
1 64 285 27 3 
0 45 148 172 25 
31 70 81 52 1 
15 56 135 108 3 
41 45 42 80 0 
0 7 223 154 2 
25 82 210 116 0 
3 73 155 3 0 
5 96 135 80 0 
5 21 282 65 0 
2 66 276 25 0 
40 88 104 86 26 
1 40 157 88 0 
2 86 133 50 0 
29 2 77 43 0 
2 41 128 136 55 
6 44 193 61 0 
2 219 184 21 0 
20 36 80 339 0 
41 185 97 46 0 
5 202 122 120 16 
18 8 129 38 4 
9 26 150 8 0 
24 36 79 14 0 
3 57 205 53 124 
32 18 208 24 0 
0 50 95 62 0 
70 22 280 4 27 
7 102 221 214 1 
7 16 149 70 47 
9 147 156 48 0 
1 114 95 113 0 
7 41 97 39 0 
3 22 113 15 1 
17 42 353 0 0 
2 82 167 52 0 
8 47 74 115 0 
3 82 161 92 0 
38 69 288 60 0 
3 54 66 51 0 
28 92 117 152 23 
40 55 146 163 0 
5 32 107 82 1 
0 31 128 84 5 
9 11 236 139 0 
3 120 92 7 0 
18 108 129 33 1 
0 25 270 34 0 
5 47 242 101 0 
0 81 183 69 0 
15 25 222 27 0 
8 43 84 82 0 
11 52 174 3 0 
12 20 298 74 0 
0 70 120 69 0 
13 87 54 66 0 
1 47 262 32 0 
7 41 75 42 62 
3 79 74 126 0 
14 172 175 35 0 
0 42 157 58 3 
1 36 207 84 12 
11 62 123 35 0 
17 50 88 42 0 
15 126 181 29 0 
8 56 74 74 6 
15 49 59 40 3 
11 28 199 142 0 
0 63 205 61 0 
6 4 51 152 0 
0 20 278 31 0 
4 56 158 78 0 
0 12 75 15 4 
0 83 163 52 0 
11 89 184 118 0 
12 15 140 28 3 
3 83 123 91 0 
23 7 134 161 0 
11 19 150 116 0 
25 95 239 153 0 
15 109 94 114 0 
3 133 66 55 0 
9 47 217 35 0 
6 71 30 73 9 
5 102 169 47 0 
0 109 120 84 0 
95 94 61 35 0 
0 64 172 14 0 
8 8 202 46 0 
13 20 60 30 0 
11 68 86 61 0 
8 53 134 1 0 
13 161 21 28 0 
7 77 158 99 9 
13 27 152 64 1 
2 17 267 35 0 
15 47 79 152 0 
53 72 130 14 23 
11 116 403 130 16 
6 9 161 122 0 
0 12 212 70 18 
60 42 179 30 0 
0 2 91 36 0 
9 45 284 58 0 
36 67 271 93 0 
5 58 203 139 0 
4 70 38 106 0 
22 14 76 70 0 
0 119 104 52 0 
16 55 91 81 0 
2 52 189 66 0 
20 25 224 30 0 
34 42 91 173 0 
10 74 149 51 0 
36 89 228 34 0 
0 65 167 35 9 
0 10 110 30 26 
8 104 109 123 8 
5 32 33 73 42 
1 78 74 113 23 
0 36 128 52 0 
13 150 81 70 0 
19 38 275 23 0 
6 38 131 57 1 
25 137 69 155 12 
14 41 228 68 0 
8 59 129 178 0 
23 57 144 95 0 
0 56 163 108 11 
30 23 178 144 0 
6 38 185 55 1 
28 19 197 75 0 
12 19 170 48 3 
2 44 194 72 0 
55 24 151 30 0 
11 87 226 87 0 
4 45 91 12 0 
41 30 178 29 0 
14 70 125 63 0 
18 113 210 56 0 
9 54 158 29 7 
0 8 298 116 6 
14 201 136 80 3 
2 42 348 72 9 
8 42 86 33 0 
25 175 84 2 0 
6 27 139 67 2 
19 8 105 60 0 
67 16 62 66 0 
4 125 139 67 0 
10 56 125 101 9 
1 8 117 45 0 
1 56 248 41 60 
7 46 118 29 0 
20 48 219 49 0 
10 68 46 122 5 
1 29 180 115 0 
7 67 143 116 1 
22 49 232 58 66 
113 82 45 52 0 
2 21 79 55 0 
2 142 138 19 0 
16 68 110 55 1 
62 14 147 155 1 
0 15 221 45 0 
0 152 194 17 0 
9 60 108 66 0 
1 34 66 119 0 
28 22 312 12 3 
15 43 193 83 2 
49 12 131 1 0 
8 100 150 21 0 
3 23 222 28 43 
3 72 59 75 6 
15 121 68 98 0 
5 72 94 33 0 
19 28 148 104 0 
1 81 174 15 0 
2 8 122 66 0 
6 15 90 30 0 
23 38 137 71 25 
2 42 194 134 0 
9 118 233 131 0 
1 90 97 69 44 
43 37 52 72 0 
2 110 138 14 4 
5 44 97 88 0 
0 80 155 18 0 
12 17 219 56 4 
122 57 158 50 0 
12 116 102 14 0 
23 55 97 74 0 
15 95 187 89 0 
28 82 145 102 0 
3 25 178 76 1 
5 40 112 87 0 
1 122 149 56 0 
8 83 170 56 0 
22 76 127 58 7 
21 92 51 27 3 
0 38 207 107 0 
1 60 84 103 21 
0 18 118 70 0 
16 102 150 129 0 
2 215 180 60 0 
4 29 145 73 0 
9 52 116 41 5 
14 55 50 106 17 
0 105 89 30 2 
15 42 100 108 136 
7 136 216 47 0 
1 42 150 58 0 
9 20 248 16 1 
2 61 238 32 0 
3 67 51 1 1 
11 35 151 77 4 
2 162 55 1 0 
12 205 55 154 2 
1 50 189 64 0 
12 56 260 146 18 
11 41 36 118 29 
4 49 287 31 0 
20 105 65 28 0 
4 21 101 117 0 
1 59 130 20 1 
7 90 197 218 1 
7 138 62 97 0 
1 58 110 201 2 
6 114 146 35 1 
10 64 195 114 0 
1 43 192 144 0 
21 137 112 50 0 
0 79 285 22 0 
26 15 150 41 0 
22 245 24 13 0 
54 19 183 63 0 
7 137 110 90 1 
23 218 108 53 29 
28 144 83 17 9 
8 63 213 56 0 
5 37 128 110 0 
8 97 67 5 4 
20 99 204 51 14 
20 44 160 38 0 
8 40 173 0 0 
2 49 70 37 0 
8 52 221 13 0 
12 66 320 75 0 
1 32 288 25 0 
1 151 185 63 1 
26 272 82 59 0 
2 27 280 101 0 
17 51 193 51 0 
28 50 61 111 19 
8 79 26 163 144 
0 125 50 84 0 
6 68 295 226 15 
5 138 175 87 0 
0 25 85 17 0 
12 98 256 73 0 
4 83 263 249 7 
2 52 421 194 0 
21 58 46 77 0 
24 105 85 86 0 
6 133 150 57 1 
2 132 322 40 0 
0 31 48 106 4 
5 60 226 28 0 
8 15 84 95 0 
10 10 127 179 1 
15 32 125 62 0 
0 71 137 74 89 
32 19 197 28 48 
15 87 87 15 0 
7 79 213 149 0 
7 4 425 288 0 
10 131 42 104 0 
20 56 93 54 16 
3 35 167 19 0 
26 135 464 66 0 
0 93 119 29 0 
1 149 95 122 0 
20 23 181 210 11 
3 71 276 33 0 
5 30 107 86 0 
0 148 211 0 0 
0 14 226 178 0 
1 148 138 9 0 
13 85 164 52 4 
3 60 194 219 0 
14 218 73 19 0 
26 61 137 17 0 
23 19 126 150 0 
1 126 70 181 0 
2 69 156 29 0 
3 11 213 110 0 
4 145 92 34 0 
71 12 82 29 0 
8 34 96 163 0 
15 164 278 59 0 
28 27 122 168 26 
6 88 155 64 0 
5 20 78 91 8 
7 28 81 154 0 
2 51 184 25 0 
18 134 162 144 0 
7 87 174 157 0 
7 104 144 36 2 
5 160 110 156 12 
12 44 151 20 6 
1 67 34 145 0 
2 72 201 199 4 
6 51 155 118 11 
6 75 210 15 0 
2 49 174 155 0 
7 70 28 131 19 
6 87 178 52 0 
1 98 80 86 18 
1 25 204 207 35 
12 142 192 4 0 
0 42 254 51 0 
15 108 218 45 0 
23 73 141 56 0 
6 38 86 31 0 
11 43 76 97 3 
0 56 76 139 0 
5 61 494 63 3 
5 164 151 79 7 
0 26 99 117 1 
3 61 159 77 0 
5 88 197 67 4 
0 37 334 49 0 
8 52 98 34 0 
12 26 181 94 0 
28 31 253 13 16 
6 40 177 145 0 
16 165 101 219 0 
10 21 252 62 0 
44 53 81 42 0 
1 190 222 26 0 
2 40 111 62 26 
22 65 141 59 0 
22 53 151 10 32 
5 45 168 64 0 
6 59 175 42 0 
46 163 153 0 0 
7 219 91 130 0 
3 65 85 70 0 
5 38 150 57 0 
17 219 88 75 0 
13 113 225 68 0 
1 96 304 111 7 
8 8 163 98 0 
7 76 104 150 2 
43 31 138 124 1 
11 50 108 23 2 
12 93 103 18 1 
30 80 94 5 7 
6 34 121 50 0 
22 54 171 42 0 
23 56 118 52 0 
11 104 215 257 0 
13 116 69 51 0 
3 74 168 84 4 
0 141 133 29 0 
1 46 103 140 8 
4 146 173 157 1 
3 26 115 119 0 
0 103 177 44 0 
3 47 119 47 0 
5 62 155 94 0 
8 75 207 27 65 
0 61 149 93 0 
0 58 178 59 0 
7 86 96 75 0 
3 15 165 94 13 
14 36 95 123 32 
98 7 117 61 11 
12 140 141 32 0 
6 59 169 14 0 
26 69 94 122 13 
15 106 50 157 0 
1 183 153 53 67 
4 35 221 52 0 
1 68 221 21 0 
0 106 125 20 0 
16 20 184 40 0 
9 123 70 76 0 
10 44 135 13 1 
14 56 205 10 2 
1 64 105 57 0 
22 147 44 11 0 
13 85 77 115 9 
3 102 233 39 0 
1 15 188 61 15 
2 62 106 62 0 
12 75 183 0 0 
1 11 190 80 3 
4 127 144 64 3 
12 267 93 82 0 
1 74 126 145 1 
3 147 145 31 1 
19 38 250 137 0 
5 10 84 415 0 
27 89 54 63 18 
5 52 134 84 0 
16 90 217 33 0 
17 104 223 147 0 
14 50 79 76 0 
12 7 180 88 0 
10 26 90 86 5 
5 55 120 82 0 
5 104 137 36 0 
13 26 125 76 0 
4 87 65 16 1 
28 228 366 56 21 
7 115 66 52 0 
8 41 70 19 0 
2 92 116 66 0 
0 37 147 207 0 
5 43 165 48 0 
49 53 35 64 8 
13 61 64 140 2 
0 97 39 77 0 
4 24 218 21 18 
2 38 132 91 1 
1 40 182 33 0 
0 16 137 63 0 
0 97 123 71 0 
16 150 156 49 14 
0 61 45 29 0 
3 3 148 149 0 
1 89 66 101 15 
2 262 141 61 10 
48 19 132 51 0 
13 22 190 29 4 
0 18 320 34 0 
1 2 89 125 0 
12 115 163 45 0 
9 69 119 95 2 
41 3 87 86 8 
3 71 105 42 0 
32 114 146 31 0 
1 92 154 144 0 
10 25 194 2 0 
23 52 172 135 0 
11 52 103 88 3 
4 59 224 76 0 
53 75 328 31 0 
0 40 230 23 0 
9 125 37 242 14 
0 81 184 58 0 
3 50 235 107 0 
0 57 159 78 0 
4 37 136 127 0 
14 75 169 88 0 
5 57 122 122 0 
4 30 198 213 4 
8 15 158 165 0 
17 16 198 1 0 
1 84 103 53 5 
13 55 27 95 1 
7 22 120 85 17 
1 41 108 133 1 
48 80 278 25 0 
1 47 139 28 6 
2 63 300 54 10 
28 30 133 78 0 
21 145 107 84 0 
22 78 193 56 1 
12 56 195 30 0 
3 103 180 93 0 
9 49 75 50 0 
2 7 114 150 0 
23 200 180 48 0 
9 182 150 32 0 
3 67 104 72 19 
14 21 186 38 2 
5 92 135 53 0 
17 181 68 123 1 
10 113 90 104 16 
58 47 25 383 0 
1 40 212 43 0 
8 87 259 64 0 
0 66 196 8 0 
26 29 182 11 0 
13 58 151 25 0 
2 48 169 234 1 
24 47 351 2 8 
30 161 186 28 16 
7 47 190 109 1 
8 32 138 26 0 
7 79 204 3 25 
2 48 127 141 0 
0 56 184 30 0 
2 64 123 77 11 
38 26 204 131 19 
24 52 75 43 0 
1 22 69 34 6 
4 123 125 23 0 
7 37 150 92 1 
17 29 80 36 0 
2 159 190 133 0 
5 20 135 125 20 
1 22 283 19 0 
2 169 211 84 0 
6 35 87 115 0 
0 75 103 20 0 
1 35 97 78 14 
1 112 177 71 0 
38 100 89 17 0 
6 90 125 100 0 
3 89 152 74 0 
19 78 209 26 0 
2 42 102 107 15 
1 10 84 42 0 
16 27 187 19 0 
1 131 394 139 0 
2 65 157 76 0 
28 145 79 248 9 
6 39 170 58 21 
2 37 146 83 0 
2 55 55 13 0 
15 15 205 121 0 
0 48 264 70 0 
0 20 200 75 7 
12 56 184 45 1 
12 80 175 14 0 
0 67 231 37 0 
0 70 63 62 0 
3 115 155 24 0 
3 67 199 155 16 
10 20 133 50 2 
8 109 237 6 0 
5 125 189 182 0 
0 127 103 121 0 
41 39 109 32 0 
13 164 158 182 0 
3 99 185 96 17 
4 35 99 109 3 
3 62 195 1 0 
24 87 123 63 0 
8 44 287 68 0 
4 60 243 25 0 
5 87 160 70 0 
9 39 180 131 4 
30 68 242 57 4 
3 12 283 101 15 
11 141 216 34 0 
2 131 100 12 0 
34 45 191 10 6 
5 119 142 20 0 
6 131 129 55 0 
5 91 113 36 1 
17 263 157 18 0 
10 8 258 275 0 
2 28 184 19 0 
36 111 138 58 1 
6 172 133 92 4 
6 116 142 115 11 
3 190 114 1 0 
9 78 165 23 0 
12 87 79 199 0 
7 72 139 104 34 
17 23 337 38 0 
0 54 129 66 0 
51 139 84 19 15 
28 42 308 103 0 
3 65 79 93 5 
0 44 283 111 36 
30 78 89 88 0 
2 76 140 33 0 
0 15 232 12 0 
2 48 158 193 1 
7 36 186 49 0 
0 25 87 51 0 
14 107 78 55 0 
8 40 97 236 4 
0 41 158 44 8 
26 4 98 138 0 
30 2 213 285 35 
10 74 152 75 0 
0 174 214 56 0 
6 60 225 66 9 
2 163 131 20 0 
0 149 229 134 0 
10 101 101 77 22 
0 23 100 18 0 
16 124 144 165 0 
3 3 154 308 0 
3 12 195 132 0 
2 107 107 177 0 
6 79 196 3 0 
2 71 275 56 0 
0 73 22 164 0 
23 32 163 120 0 
0 106 133 14 0 
1 37 188 86 0 
8 15 99 158 4 
0 83 140 110 2 
2 39 180 89 0 
16 99 118 134 0 
12 16 241 41 15 
96 27 145 65 0 
17 37 313 5 1 
14 53 97 130 0 
7 45 118 17 9 
11 65 162 10 0 
12 205 108 117 0 
15 10 174 43 0 
18 61 168 109 1 
8 69 167 70 5 
2 96 183 47 0 
87 4 145 23 0 
12 16 191 89 0 
8 34 140 101 0 
16 51 182 23 0 
29 42 248 22 0 
1 71 142 77 0 
3 159 107 19 0 
63 69 133 128 94 
2 84 171 19 0 
13 76 180 117 8 
1 55 123 56 0 
0 44 219 57 0 
9 20 191 106 0 
17 37 259 61 0 
1 71 299 52 1 
18 37 98 136 25 
1 41 115 244 0 
6 98 182 73 8 
10 312 187 21 0 
9 60 200 57 0 
7 21 143 53 0 
4 175 115 113 0 
10 118 88 27 0 
21 130 159 67 1 
1 68 63 89 0 
8 70 35 117 7 
1 12 69 67 0 
9 112 102 218 0 
30 58 123 0 0 
1 84 194 5 0 
2 33 268 60 23 
5 40 165 51 0 
7 8 260 123 0 
10 88 97 167 0 
9 36 59 112 1 
8 55 176 31 0 
20 53 134 124 0 
0 27 106 161 0 
5 67 65 136 0 
12 117 140 36 1 
8 111 88 8 0 
5 82 75 54 0 
24 75 306 41 1 
4 16 256 65 0 
6 91 85 63 0 
15 45 197 20 0 
1 90 114 47 0 
9 47 202 245 20 
6 57 133 15 3 
26 228 129 6 0 
4 113 135 95 10 
0 102 71 13 0 
22 45 156 55 0 
2 75 136 6 15 
3 56 230 79 0 
17 42 209 28 0 
1 26 155 187 0 
13 38 313 14 0 
2 84 212 144 0 
0 16 245 56 6 
5 34 170 36 0 
11 41 184 4 3 
4 20 109 75 0 
13 137 107 129 0 
2 129 91 7 0 
19 54 231 142 0 
1 18 218 15 0 
22 72 67 42 0 
0 49 182 236 0 
12 48 154 62 0 
5 101 97 39 1 
5 94 81 86 76 
1 108 145 183 0 
6 76 73 42 0 
49 48 237 10 0 
0 138 112 72 0 
0 38 139 71 0 
12 113 163 96 0 
5 40 80 77 1 
4 107 124 22 0 
1 61 99 128 0 
47 94 191 10 0 
3 117 175 59 0 
18 10 347 94 0 
2 77 211 44 2 
2 70 98 30 0 
6 8 262 130 0 
10 77 523 56 0 
20 17 174 101 14 
15 35 158 71 0 
11 109 148 102 40 
1 54 241 14 0 
12 70 164 29 92 
21 6 142 42 0 
12 120 156 54 0 
18 42 200 94 1 
7 91 207 91 0 
10 48 107 109 0 
6 42 106 34 0 
8 153 85 84 0 
19 10 184 174 3 
9 44 240 23 0 
1 117 117 62 2 
3 31 171 125 17 
17 47 96 80 0 
44 93 136 119 0 
0 72 144 131 116 
13 136 182 13 2 
26 78 116 176 0 
2 12 133 204 1 
4 58 142 24 0 
18 77 174 397 0 
16 144 57 40 0 
8 142 174 20 7 
7 83 353 130 0 
11 35 198 57 2 
9 65 242 28 0 
4 42 206 49 7 
2 60 169 149 1 
2 92 174 74 4 
22 227 53 38 1 
9 90 240 18 0 
2 73 112 110 2 
4 265 133 14 17 
6 64 65 47 0 
1 15 184 159 16 
5 4 175 49 50 
11 166 452 83 0 
4 143 169 33 0 
12 130 94 36 0 
10 114 163 129 0 
18 245 88 16 28 
0 151 125 75 0 
7 194 100 140 0 
0 68 184 10 0 
6 11 123 173 0 
19 46 151 35 0 
1 92 108 108 2 
21 120 70 82 14 
14 89 131 24 0 
12 86 165 74 1 
24 27 190 64 0 
5 64 137 65 0 
39 54 181 16 0 
3 32 24 70 1 
27 119 65 23 0 
20 183 227 40 0 
15 236 216 99 3 
10 188 177 52 39 
16 19 69 97 1 
26 86 169 87 0 
1 89 187 79 0 
1 17 82 158 0 
3 88 217 27 0 
5 43 190 61 0 
5 38 130 106 0 
31 33 245 60 10 
8 52 204 69 0 
7 34 125 158 0 
17 47 116 121 0 
22 27 150 37 0 
11 153 157 37 0 
7 72 76 28 0 
29 48 47 46 0 
26 96 204 40 0 
20 116 87 87 0 
0 83 241 96 99 
1 44 98 74 12 
2 75 399 59 94 
17 41 171 81 196 
0 11 216 57 8 
0 46 85 119 0 
0 51 298 48 12 
13 11 298 53 69 
18 31 125 74 0 
7 99 60 41 0 
41 331 111 39 0 
1 69 113 240 4 
21 67 173 52 11 
0 42 65 67 0 
7 47 135 10 130 
5 91 92 58 22 
0 18 271 28 12 
21 91 182 94 13 
12 59 95 16 0 
18 74 233 44 0 
10 54 128 28 0 
11 86 133 112 0 
16 111 117 5 0 
4 44 250 121 0 
16 13 110 146 0 
3 40 102 185 13 
3 96 96 47 0 
1 88 216 51 0 
4 112 192 22 0 
0 85 55 84 0 
2 31 152 35 0 
49 121 104 211 4 
11 42 206 127 0 
18 33 194 22 0 
22 39 183 43 63 
6 15 183 115 3 
3 72 73 166 0 
23 32 219 94 1 
6 27 170 68 5 
18 54 137 22 0 
17 30 205 96 7 
6 42 266 39 0 
13 92 230 66 0 
2 97 227 5 0 
0 57 312 67 0 
3 39 160 33 0 
2 21 88 27 0 
2 47 69 87 0 
9 45 147 61 0 
31 130 88 27 7 
1 87 181 67 0 
7 55 144 27 0 
6 17 181 95 18 
4 156 140 47 0 
1 178 343 14 19 
27 92 201 25 0 
28 32 110 62 162 
28 124 232 69 0 
7 56 154 53 0 
0 56 183 156 44 
35 46 186 39 0 
0 31 276 91 1 
0 61 180 61 22 
10 65 166 157 0 
1 27 149 114 1 
8 31 274 106 0 
4 27 186 260 0 
39 47 145 69 44 
3 4 162 194 0 
12 69 136 58 0 
2 37 133 43 0 
2 87 176 160 9 
6 57 231 21 3 
0 61 88 18 0 
44 15 173 59 0 
1 83 141 163 0 
8 68 66 87 0 
15 49 162 49 16 
6 39 255 46 24 
10 84 220 51 0 
30 23 190 100 0 
11 58 122 24 0 
1 25 114 15 0 
11 104 140 19 7 
69 96 72 93 0 
1 140 218 46 1 
1 100 52 146 0 
9 76 169 63 0 
11 28 192 48 0 
5 102 222 26 0 
26 39 137 250 0 
29 93 187 67 8 
3 57 138 35 0 
4 95 262 29 0 
11 91 69 47 0 
13 116 96 109 0 
2 97 119 23 41 
6 70 68 181 19 
2 80 69 30 0 
2 71 183 90 15 
12 154 64 33 0 
6 99 227 97 0 
18 52 266 3 34 
2 108 66 92 0 
28 259 52 125 0 
4 30 303 16 48 
17 82 44 96 0 
9 64 221 22 24 
8 39 59 121 0 
9 14 310 28 9 
5 13 196 182 0 
10 50 145 59 0 
17 31 162 14 0 
18 53 260 74 3 
14 117 68 61 0 
1 4 107 245 0 
7 123 165 210 0 
3 61 175 19 0 
17 47 61 29 0 
7 105 134 19 0 
15 24 91 54 0 
25 39 152 23 15 
1 74 104 31 0 
6 8 356 19 0 
38 39 232 25 19 
3 48 146 154 3 
3 96 99 80 0 
26 22 69 133 1 
15 29 211 60 0 
5 61 210 76 0 
3 113 92 12 0 
1 60 202 14 0 
0 69 135 149 0 
19 121 200 80 1 
5 77 268 53 0 
1 84 184 94 0 
14 35 218 41 20 
5 65 292 34 0 
1 39 244 101 0 
3 13 279 19 1 
5 53 325 155 0 
3 95 91 31 0 
15 52 122 77 0 
2 95 118 24 0 
12 47 103 146 0 
1 43 146 50 9 
1 33 221 21 0 
0 73 155 7 5 
27 132 247 131 0 
0 182 151 52 5 
5 29 140 108 0 
5 13 241 151 11 
0 110 183 16 1 
10 77 130 26 0 
5 74 117 46 2 
17 96 63 63 1 
3 106 134 107 0 
14 68 69 22 0 
13 38 276 94 4 
15 44 105 27 14 
2 247 76 35 0 
0 73 170 3 2 
44 92 137 65 0 
