0 74 38 
0 129 30 
0 95 33 
0 117 47 
0 77 14 
0 92 20 
0 121 27 
0 115 87 
0 85 99 
0 119 21 
0 95 58 
0 90 36 
0 82 61 
0 138 76 
0 73 43 
0 97 20 
0 88 46 
0 73 37 
0 94 32 
0 109 14 
0 106 56 
0 112 33 
0 108 84 
0 133 43 
0 110 23 
0 107 46 
0 108 34 
0 131 15 
0 138 43 
0 147 22 
0 56 104 
0 98 12 
0 72 13 
0 51 74 
0 65 86 
0 93 35 
0 138 11 
0 128 12 
0 48 8 
0 103 46 
0 86 20 
0 151 28 
0 102 35 
0 105 19 
0 97 22 
0 101 49 
0 132 57 
0 102 35 
0 143 34 
0 82 33 
0 123 17 
0 134 61 
0 89 31 
0 117 37 
0 94 11 
0 123 47 
0 150 50 
0 150 20 
0 82 13 
0 160 40 
0 90 26 
0 87 39 
0 166 10 
0 150 37 
0 113 59 
0 148 33 
0 97 46 
0 156 27 
0 121 33 
0 191 54 
0 150 19 
0 127 45 
0 89 42 
0 142 57 
0 124 14 
0 88 31 
0 115 58 
0 147 50 
0 134 59 
0 70 17 
0 185 26 
0 137 70 
0 83 11 
0 97 39 
0 136 70 
0 173 24 
0 97 40 
0 100 48 
0 118 45 
0 126 29 
0 126 36 
0 133 30 
0 133 19 
0 147 44 
0 122 6 
0 118 7 
0 74 27 
0 130 69 
0 107 59 
0 123 63 
0 86 27 
0 127 22 
0 106 20 
0 114 28 
0 99 59 
0 59 26 
0 130 35 
0 102 47 
0 102 79 
0 67 15 
0 119 48 
0 115 20 
0 98 66 
0 173 88 
0 121 47 
0 110 23 
0 122 19 
0 109 40 
0 68 58 
0 118 26 
0 126 28 
0 111 35 
0 139 34 
0 81 66 
0 99 63 
0 160 13 
0 90 31 
0 113 11 
0 123 82 
0 99 27 
0 144 73 
0 110 32 
0 132 43 
0 144 34 
0 86 32 
0 169 91 
0 93 50 
0 45 31 
0 128 32 
0 151 16 
0 127 59 
0 166 51 
0 120 42 
0 99 23 
0 111 54 
0 139 81 
0 148 16 
0 132 95 
0 89 52 
0 151 19 
0 112 67 
0 68 39 
0 143 14 
0 145 48 
0 111 40 
0 112 55 
0 116 54 
0 89 27 
0 156 10 
0 146 19 
0 111 50 
0 94 52 
0 124 56 
0 107 21 
0 121 44 
0 147 23 
0 93 63 
0 137 48 
0 139 29 
0 157 14 
0 92 36 
0 134 30 
0 129 8 
0 144 72 
0 151 96 
0 103 79 
0 132 26 
0 136 43 
0 146 39 
0 96 26 
0 78 24 
0 107 17 
0 162 42 
0 123 32 
0 152 75 
0 111 33 
0 111 21 
0 126 24 
0 172 38 
0 155 44 
0 110 49 
0 111 32 
0 128 77 
0 116 25 
0 143 17 
0 149 41 
0 106 94 
0 152 9 
0 156 27 
0 78 22 
0 102 64 
0 72 40 
0 92 15 
0 129 50 
0 132 20 
0 141 34 
0 143 28 
0 109 10 
0 106 65 
0 150 55 
0 136 31 
0 97 23 
0 149 30 
0 122 76 
0 115 23 
0 111 66 
0 122 47 
0 125 38 
0 138 33 
0 72 19 
0 135 32 
0 112 44 
0 170 36 
0 114 47 
0 152 80 
0 102 26 
0 80 39 
0 108 46 
0 131 41 
0 140 26 
0 92 69 
0 121 17 
0 123 50 
0 139 57 
0 69 14 
0 96 44 
0 155 26 
0 75 50 
0 164 35 
0 119 68 
0 83 29 
0 88 57 
0 144 51 
0 119 33 
0 133 17 
0 132 39 
0 140 33 
0 109 36 
0 102 41 
0 90 83 
0 107 35 
0 124 46 
0 104 54 
0 127 13 
0 70 13 
0 134 20 
0 143 4 
0 100 45 
0 124 24 
0 86 31 
0 109 19 
0 111 76 
0 104 9 
0 145 27 
0 165 48 
0 109 38 
0 83 34 
0 122 43 
0 161 24 
0 94 43 
0 126 30 
0 107 17 
0 107 72 
0 93 37 
0 101 43 
0 125 23 
0 78 48 
0 86 52 
0 129 35 
0 127 10 
0 78 32 
0 89 8 
0 179 59 
0 69 47 
0 108 2 
0 139 54 
0 130 43 
0 141 66 
0 118 37 
0 122 49 
0 106 65 
0 126 56 
0 94 12 
0 106 43 
0 100 22 
0 108 74 
0 126 26 
0 111 40 
0 137 46 
0 98 25 
0 132 18 
0 102 22 
0 124 35 
0 139 80 
0 90 13 
0 105 7 
0 95 71 
0 116 4 
0 122 45 
0 158 50 
0 102 14 
0 106 41 
0 115 37 
0 76 54 
0 102 64 
0 64 82 
0 113 39 
0 139 49 
0 90 25 
0 149 23 
0 145 46 
0 123 23 
0 100 59 
0 127 37 
0 72 49 
0 66 19 
0 108 22 
0 102 44 
0 121 39 
0 123 32 
0 137 26 
0 102 141 
0 92 21 
0 115 38 
0 147 54 
0 140 31 
0 128 99 
0 117 48 
0 126 11 
0 192 41 
0 166 10 
0 118 24 
0 154 48 
0 141 23 
0 89 49 
0 133 1 
0 107 21 
0 121 78 
0 100 16 
0 83 30 
0 137 25 
0 106 26 
0 116 12 
0 136 48 
0 144 21 
0 101 95 
0 133 52 
0 146 40 
0 104 34 
0 103 26 
0 98 20 
0 136 91 
0 149 45 
0 111 107 
0 91 28 
0 104 17 
0 104 49 
0 118 50 
0 120 50 
0 98 51 
0 112 26 
0 134 75 
0 131 14 
0 111 57 
0 110 19 
0 88 63 
0 139 11 
0 112 62 
0 95 128 
0 110 56 
0 100 40 
0 123 27 
0 160 48 
0 85 7 
0 136 7 
0 74 45 
0 77 75 
0 152 43 
0 71 98 
0 108 70 
0 81 31 
0 77 6 
0 131 29 
0 128 25 
0 118 70 
0 106 8 
0 190 27 
0 85 51 
0 120 24 
0 108 62 
0 104 24 
0 97 16 
0 156 69 
0 50 93 
0 128 11 
0 85 44 
0 112 20 
0 105 34 
0 111 50 
0 110 42 
0 88 31 
0 101 29 
0 108 30 
0 128 38 
0 118 18 
0 109 10 
0 149 54 
0 163 43 
0 91 26 
0 109 33 
0 75 11 
0 140 24 
0 134 50 
0 82 62 
0 94 19 
0 78 26 
0 105 29 
0 105 36 
0 82 195 
0 170 33 
0 81 41 
0 96 27 
0 108 31 
0 96 32 
0 119 107 
0 109 50 
0 166 38 
0 107 81 
0 85 45 
0 61 34 
0 132 78 
0 63 17 
0 135 29 
0 156 9 
0 94 8 
0 166 21 
0 86 31 
0 103 108 
0 148 22 
0 78 33 
0 83 35 
0 115 33 
0 94 16 
0 130 33 
0 56 16 
0 105 40 
0 149 22 
0 108 21 
0 73 41 
0 127 30 
0 121 39 
0 112 12 
0 103 34 
0 85 67 
0 136 33 
0 155 49 
0 155 21 
0 79 46 
0 93 42 
0 106 45 
0 141 45 
0 183 26 
0 155 59 
0 117 62 
0 110 33 
0 138 32 
0 98 18 
0 113 45 
0 90 41 
0 160 18 
0 92 35 
0 108 21 
0 101 17 
0 101 43 
0 76 71 
0 132 17 
0 82 16 
0 124 75 
0 128 76 
0 130 6 
0 77 29 
0 148 11 
0 140 29 
0 122 29 
0 159 17 
0 147 71 
0 166 32 
0 103 25 
0 49 50 
0 133 16 
0 149 9 
0 159 30 
0 171 17 
0 174 25 
0 135 56 
0 125 61 
0 85 35 
0 122 25 
0 108 13 
0 146 18 
0 102 28 
0 97 40 
0 114 62 
0 126 20 
0 83 60 
0 161 42 
0 128 49 
0 88 69 
0 127 102 
0 117 50 
0 88 79 
0 118 17 
0 84 132 
0 176 38 
0 103 7 
0 138 38 
0 146 35 
0 74 48 
0 110 39 
0 131 53 
0 148 30 
0 118 128 
0 132 77 
0 152 11 
0 110 11 
0 94 42 
0 121 72 
0 88 13 
0 85 23 
0 94 23 
0 111 34 
0 64 52 
0 106 39 
0 118 66 
0 79 43 
0 126 27 
0 76 59 
0 146 32 
0 165 53 
0 116 13 
0 135 113 
0 150 47 
0 126 41 
0 148 70 
0 90 35 
0 126 27 
0 139 14 
0 138 29 
0 154 36 
0 118 10 
0 107 25 
0 128 60 
0 137 31 
0 105 72 
0 133 21 
0 72 52 
0 123 97 
0 119 12 
0 54 46 
0 144 31 
0 133 54 
0 93 9 
0 93 59 
0 184 11 
0 87 52 
0 99 33 
0 75 32 
0 136 52 
0 103 161 
0 95 77 
0 107 21 
0 109 0 
0 123 16 
0 86 7 
0 75 25 
0 130 88 
0 140 41 
0 92 27 
0 107 29 
0 106 30 
0 95 56 
0 103 38 
0 95 19 
0 126 19 
0 107 27 
0 63 35 
0 175 50 
0 131 65 
0 137 72 
0 101 38 
0 173 67 
0 113 42 
0 109 22 
0 154 30 
0 145 42 
0 77 17 
0 107 13 
0 129 21 
0 149 79 
0 148 40 
0 101 38 
0 99 10 
0 144 28 
0 125 58 
0 70 44 
0 113 11 
0 176 38 
0 178 38 
0 128 32 
0 124 51 
0 107 34 
0 141 49 
0 141 23 
0 150 64 
0 105 19 
0 170 21 
0 115 52 
0 56 36 
0 71 58 
0 125 39 
0 122 39 
0 130 9 
0 135 51 
0 112 26 
0 104 65 
0 63 87 
0 165 17 
0 83 35 
0 106 55 
0 87 79 
0 117 35 
0 80 28 
0 104 23 
0 131 10 
0 125 51 
0 47 39 
0 121 10 
0 177 17 
0 122 60 
0 128 45 
0 117 35 
0 134 68 
0 107 50 
0 121 71 
0 145 100 
0 106 49 
0 157 34 
0 113 48 
0 124 25 
0 155 17 
0 97 29 
0 144 60 
0 99 77 
0 111 34 
0 72 34 
0 77 44 
0 109 66 
0 79 85 
0 52 34 
0 106 33 
0 110 31 
0 87 8 
0 181 39 
0 140 26 
0 141 98 
0 78 57 
0 139 50 
0 144 35 
0 148 24 
0 122 67 
0 121 48 
0 75 29 
0 133 59 
0 114 50 
0 153 15 
0 98 39 
0 123 48 
0 146 29 
0 49 51 
0 167 38 
0 131 44 
0 102 8 
0 111 66 
0 161 5 
0 156 99 
0 138 5 
0 114 64 
0 95 47 
0 68 61 
0 98 60 
0 141 35 
0 144 4 
0 105 33 
0 133 30 
0 90 6 
0 60 29 
0 154 1 
0 74 24 
0 129 26 
0 92 47 
0 72 46 
0 132 25 
0 140 20 
0 100 54 
0 81 38 
0 84 50 
0 139 13 
0 181 37 
0 135 11 
0 111 4 
0 96 63 
0 138 12 
0 152 31 
0 137 59 
0 108 51 
0 92 62 
0 107 50 
0 135 69 
0 123 36 
0 138 41 
0 143 73 
0 139 19 
0 122 39 
0 84 46 
0 123 82 
0 140 15 
0 106 72 
0 70 22 
0 122 43 
0 107 5 
0 112 38 
0 104 39 
0 148 78 
0 48 14 
0 109 12 
0 92 22 
0 127 50 
0 128 26 
0 77 90 
0 146 49 
0 105 33 
0 150 11 
0 74 17 
0 144 36 
0 121 82 
0 107 11 
0 157 24 
0 142 13 
0 91 20 
0 154 40 
0 126 18 
0 80 19 
0 127 49 
0 62 17 
0 136 81 
0 123 15 
0 137 22 
0 113 93 
0 98 88 
0 85 9 
0 113 34 
0 141 81 
0 84 17 
0 170 24 
0 112 30 
0 175 5 
0 120 40 
0 154 68 
0 98 43 
0 131 24 
0 142 20 
0 122 73 
0 141 41 
0 93 32 
0 101 105 
0 85 23 
0 116 63 
0 70 62 
0 92 54 
0 99 23 
0 91 31 
0 106 22 
0 104 18 
0 93 34 
0 109 36 
0 108 39 
0 97 20 
0 119 50 
0 70 58 
0 74 78 
0 85 53 
0 153 29 
0 94 19 
0 109 51 
0 103 42 
0 98 52 
0 107 22 
0 125 64 
0 125 31 
0 123 36 
0 131 12 
0 132 36 
0 113 17 
0 75 29 
0 136 25 
0 116 60 
0 138 35 
0 92 80 
0 102 50 
0 121 22 
0 83 36 
0 106 26 
0 91 12 
0 127 37 
0 142 83 
0 141 21 
0 145 22 
0 155 26 
0 146 63 
0 127 68 
0 210 15 
0 114 28 
0 78 29 
0 153 16 
0 121 48 
0 113 29 
0 111 27 
0 119 40 
0 102 35 
0 117 68 
0 120 59 
0 125 37 
0 82 28 
0 164 29 
0 123 46 
0 154 22 
0 107 43 
0 169 19 
0 82 91 
0 107 38 
0 103 19 
0 93 12 
0 92 25 
0 165 18 
0 73 55 
0 78 19 
0 143 54 
0 124 32 
0 131 18 
0 153 38 
0 128 58 
0 159 34 
0 152 12 
0 121 31 
0 119 52 
0 108 49 
0 147 21 
0 99 17 
0 133 23 
0 140 5 
0 121 34 
0 76 25 
0 146 26 
0 125 74 
0 110 23 
0 140 19 
0 106 42 
0 108 9 
0 115 71 
0 98 43 
0 124 25 
0 154 59 
0 180 42 
0 105 68 
0 157 41 
0 186 14 
0 155 12 
0 120 37 
0 119 14 
0 113 20 
0 82 21 
0 132 27 
0 142 23 
0 124 26 
0 159 48 
0 127 51 
0 114 15 
0 121 40 
0 138 28 
0 152 71 
0 98 59 
0 78 159 
0 101 44 
0 115 45 
0 158 59 
0 84 28 
0 136 40 
0 104 15 
0 97 64 
0 104 65 
0 92 32 
0 86 57 
0 98 55 
0 74 27 
0 104 15 
0 114 28 
0 103 68 
0 117 46 
0 100 31 
0 132 68 
0 82 59 
0 115 55 
0 95 34 
0 96 30 
0 73 9 
0 122 22 
0 163 23 
0 106 95 
0 136 47 
0 77 31 
0 91 59 
0 121 69 
0 111 36 
0 90 22 
0 106 44 
0 101 14 
0 130 49 
0 74 27 
0 85 26 
0 132 88 
0 114 26 
0 99 46 
0 131 19 
0 97 14 
0 126 49 
0 136 33 
0 130 22 
0 75 46 
0 157 10 
0 150 28 
0 119 38 
0 140 8 
0 89 18 
0 104 62 
0 124 22 
0 106 32 
0 107 34 
0 108 6 
0 64 12 
0 120 52 
0 93 18 
0 57 89 
0 135 74 
0 109 51 
0 81 33 
0 86 67 
0 88 15 
0 112 20 
0 128 46 
0 104 20 
0 127 53 
0 135 24 
0 145 20 
0 107 9 
0 154 38 
0 147 58 
0 107 23 
0 179 17 
0 127 23 
0 114 49 
0 129 102 
0 145 6 
0 107 20 
0 77 22 
0 95 45 
0 99 28 
0 152 6 
0 119 25 
0 94 32 
0 144 45 
0 90 21 
0 93 12 
0 120 39 
0 120 17 
0 108 41 
0 105 60 
0 105 46 
0 149 40 
0 115 25 
0 121 42 
