0 73 3 
0 16 4 
0 89 5 
0 50 0 
0 63 2 
0 45 0 
0 64 1 
0 62 2 
0 33 0 
0 77 1 
0 72 1 
0 57 4 
0 37 0 
0 53 2 
0 60 0 
0 108 0 
0 49 0 
0 69 0 
0 28 1 
0 32 0 
0 81 0 
0 91 0 
0 79 0 
0 91 8 
0 35 0 
0 53 4 
0 75 3 
0 46 4 
0 46 0 
0 77 3 
0 39 0 
0 36 0 
0 34 0 
0 64 2 
0 69 8 
0 92 0 
0 52 0 
0 62 4 
0 23 0 
0 55 19 
0 33 4 
0 90 0 
0 26 0 
0 63 0 
0 65 4 
0 52 0 
0 60 0 
0 11 1 
0 86 0 
0 97 4 
0 49 0 
0 88 2 
0 40 0 
0 57 2 
0 47 0 
0 80 0 
0 63 0 
0 46 0 
0 74 5 
0 71 0 
0 49 0 
0 45 0 
0 49 0 
0 45 0 
0 42 4 
0 31 0 
0 59 8 
0 76 0 
0 44 0 
0 67 0 
0 30 0 
0 66 13 
0 49 0 
0 35 0 
0 85 9 
0 50 7 
0 48 0 
0 109 2 
0 43 0 
0 59 2 
0 87 13 
0 58 2 
0 45 8 
0 39 0 
0 51 0 
0 61 0 
0 62 0 
0 40 6 
0 92 0 
0 47 2 
0 55 0 
0 92 10 
0 55 0 
0 83 0 
0 35 0 
0 68 0 
0 36 0 
0 56 6 
0 49 0 
0 100 15 
0 50 4 
0 87 0 
0 86 1 
0 82 0 
0 59 3 
0 58 4 
0 61 0 
0 101 0 
0 40 2 
0 69 12 
0 85 10 
0 85 6 
0 86 0 
0 70 2 
0 59 10 
0 60 12 
0 50 0 
0 44 3 
0 29 4 
0 44 0 
0 38 0 
0 61 1 
0 61 11 
0 68 0 
0 57 0 
0 70 0 
0 75 0 
0 33 0 
0 57 0 
0 66 5 
0 37 0 
0 28 0 
0 66 14 
0 39 9 
0 73 1 
0 58 0 
0 44 0 
0 47 0 
0 44 0 
0 79 1 
0 78 3 
0 71 13 
0 71 1 
0 40 1 
0 40 0 
0 34 4 
0 43 3 
0 47 0 
0 68 7 
0 59 0 
0 57 5 
0 44 0 
0 48 8 
0 54 0 
0 73 0 
0 49 1 
0 74 17 
0 43 0 
0 49 7 
0 94 4 
0 59 5 
0 68 1 
0 55 0 
0 74 2 
0 52 0 
0 90 0 
0 82 2 
0 69 0 
0 16 0 
0 92 0 
0 43 0 
0 64 5 
0 39 0 
0 111 0 
0 88 0 
0 87 1 
0 46 4 
0 64 2 
0 56 0 
0 61 1 
0 92 0 
0 81 0 
0 25 0 
0 53 3 
0 27 0 
0 59 0 
0 97 0 
0 34 0 
0 73 3 
0 56 5 
0 63 0 
0 73 0 
0 78 0 
0 43 0 
0 84 0 
0 44 0 
0 45 3 
0 93 0 
0 70 4 
0 64 0 
0 48 0 
0 63 0 
0 58 0 
0 42 8 
0 68 4 
0 29 3 
0 60 0 
0 27 0 
0 71 7 
0 44 0 
0 53 11 
0 57 0 
0 56 2 
0 45 0 
0 63 0 
0 77 2 
0 79 5 
0 51 1 
0 24 0 
0 51 0 
0 90 0 
0 58 0 
0 23 0 
0 91 0 
0 29 1 
0 58 0 
0 37 5 
0 50 0 
0 69 0 
0 72 0 
0 63 0 
0 35 0 
0 74 0 
0 89 0 
0 82 0 
0 27 0 
0 48 5 
0 51 1 
0 33 12 
0 48 15 
0 37 0 
0 59 0 
0 39 0 
0 84 7 
0 49 0 
0 101 8 
0 84 0 
0 67 2 
0 49 12 
0 35 0 
0 121 1 
0 76 7 
0 63 0 
0 87 5 
0 23 0 
0 57 0 
0 68 0 
0 57 0 
0 40 0 
0 32 4 
0 42 0 
0 37 0 
0 113 0 
0 76 0 
0 32 7 
0 76 0 
0 73 1 
0 39 0 
0 72 0 
0 30 0 
0 48 0 
0 28 0 
0 38 7 
0 62 6 
0 72 7 
0 70 0 
0 20 0 
0 88 0 
0 54 8 
0 52 6 
0 84 0 
0 56 0 
0 52 0 
0 31 0 
0 67 1 
0 86 5 
0 50 6 
0 37 2 
0 55 0 
0 59 0 
0 49 0 
0 59 2 
0 32 0 
0 69 0 
0 20 2 
0 16 2 
0 54 0 
0 48 0 
0 42 0 
0 36 0 
0 67 0 
0 47 0 
0 61 3 
0 22 0 
0 58 0 
0 51 1 
0 47 6 
0 118 2 
0 62 0 
0 17 0 
0 37 1 
0 35 1 
0 68 1 
0 122 19 
0 78 4 
0 49 5 
0 80 0 
0 25 3 
0 60 1 
0 54 7 
0 66 10 
0 41 3 
0 66 4 
0 94 0 
0 66 0 
0 37 0 
0 68 3 
0 29 0 
0 63 10 
0 33 11 
0 120 0 
0 30 0 
0 89 0 
0 42 0 
0 61 0 
0 23 0 
0 46 10 
0 50 0 
0 64 1 
0 44 6 
0 67 1 
0 39 20 
0 64 0 
0 107 2 
0 101 0 
0 66 0 
0 43 0 
0 61 6 
0 87 1 
0 82 0 
0 80 4 
0 80 1 
0 53 3 
0 53 0 
0 45 0 
0 41 0 
0 107 0 
0 54 1 
0 36 0 
0 78 0 
0 12 0 
0 35 0 
0 41 0 
0 42 0 
0 81 0 
0 46 0 
0 57 0 
0 60 0 
0 21 0 
0 64 2 
0 64 4 
0 56 0 
0 46 0 
0 74 0 
0 67 0 
0 63 1 
0 55 0 
0 35 0 
0 23 0 
0 45 4 
0 75 5 
0 51 0 
0 119 2 
0 63 0 
0 42 0 
0 42 0 
0 39 5 
0 65 7 
0 57 3 
0 112 0 
0 52 0 
0 91 0 
0 81 0 
0 95 0 
0 85 0 
0 52 0 
0 85 1 
0 64 7 
0 56 0 
0 45 0 
0 28 4 
0 105 0 
0 78 0 
0 57 0 
0 73 1 
0 85 2 
0 52 7 
0 46 0 
0 44 1 
0 35 0 
0 82 2 
0 58 9 
0 110 12 
0 51 6 
0 54 0 
0 66 1 
0 48 18 
0 91 5 
0 101 0 
0 44 0 
0 30 0 
0 35 0 
0 49 0 
0 64 5 
0 54 14 
0 88 1 
0 27 0 
0 76 2 
0 62 3 
0 62 3 
0 99 0 
0 94 0 
0 87 0 
0 25 4 
0 62 6 
0 89 0 
0 99 13 
0 66 0 
0 80 0 
0 65 17 
0 46 4 
0 40 0 
0 79 3 
0 34 1 
0 69 0 
0 93 0 
0 81 0 
0 55 0 
0 55 0 
0 56 7 
0 51 0 
0 46 0 
0 69 1 
0 83 0 
0 59 0 
0 68 0 
0 60 3 
0 43 2 
0 41 7 
0 47 1 
0 18 0 
0 79 0 
0 63 0 
0 59 0 
0 85 12 
0 102 12 
0 36 0 
0 62 1 
0 67 6 
0 23 0 
0 52 9 
0 87 0 
0 49 0 
0 43 0 
0 49 2 
0 78 0 
0 105 6 
0 67 2 
0 67 0 
0 45 0 
0 69 3 
0 45 1 
0 41 0 
0 75 0 
0 75 0 
0 66 1 
0 20 0 
0 74 6 
0 73 0 
0 38 0 
0 63 0 
0 50 0 
0 41 0 
0 25 0 
0 48 0 
0 39 0 
0 42 0 
0 65 1 
0 109 3 
0 43 0 
0 27 0 
0 36 0 
0 42 4 
0 48 13 
0 81 0 
0 39 0 
0 48 4 
0 41 5 
0 55 0 
0 38 0 
0 64 0 
0 51 0 
0 35 0 
0 46 4 
0 45 0 
0 37 1 
0 71 0 
0 51 0 
0 90 1 
0 99 0 
0 77 0 
0 49 2 
0 78 2 
0 85 3 
0 58 5 
0 35 0 
0 101 0 
0 70 13 
0 43 0 
0 64 0 
0 49 3 
0 125 5 
0 76 0 
0 58 2 
0 51 1 
0 35 0 
0 77 0 
0 58 0 
0 22 1 
0 94 0 
0 75 4 
0 59 1 
0 121 3 
0 71 0 
0 51 0 
0 60 0 
0 44 0 
0 105 0 
0 48 0 
0 45 0 
0 52 0 
0 72 2 
0 87 3 
0 43 5 
0 77 15 
0 20 4 
0 85 2 
0 89 2 
0 61 0 
0 59 1 
0 62 2 
0 11 0 
0 33 0 
0 50 1 
0 67 0 
0 24 0 
0 73 0 
0 41 9 
0 31 0 
0 78 0 
0 46 0 
0 14 2 
0 59 0 
0 36 5 
0 69 9 
0 73 0 
0 23 0 
0 56 3 
0 55 0 
0 51 0 
0 53 0 
0 55 5 
0 43 0 
0 39 3 
0 37 0 
0 33 0 
0 62 1 
0 25 1 
0 38 0 
0 46 0 
0 61 0 
0 111 1 
0 53 0 
0 47 0 
0 75 0 
0 76 1 
0 48 0 
0 32 1 
0 74 0 
0 60 6 
0 74 7 
0 72 0 
0 72 0 
0 67 0 
0 50 0 
0 80 6 
0 76 0 
0 34 4 
0 60 0 
0 27 0 
0 56 0 
0 52 0 
0 53 0 
0 36 0 
0 51 4 
0 32 0 
0 33 0 
0 35 0 
0 59 3 
0 65 1 
0 73 10 
0 46 0 
0 85 16 
0 29 0 
0 43 8 
0 33 2 
0 110 0 
0 84 5 
0 41 0 
0 45 2 
0 48 0 
0 67 2 
0 69 1 
0 51 1 
0 62 0 
0 62 0 
0 39 0 
0 37 12 
0 52 5 
0 54 0 
0 72 0 
0 37 0 
0 54 1 
0 51 0 
0 88 5 
0 67 0 
0 95 0 
0 14 0 
0 52 3 
0 54 0 
0 54 0 
0 34 0 
0 65 1 
0 78 14 
0 72 0 
0 87 18 
0 58 9 
0 57 6 
0 32 0 
0 79 1 
0 92 7 
0 80 0 
0 72 5 
0 64 5 
0 116 3 
0 69 2 
0 48 0 
0 17 3 
0 82 12 
0 69 18 
0 47 0 
0 46 0 
0 66 0 
0 45 0 
0 47 0 
0 60 0 
0 49 3 
0 26 0 
0 56 9 
0 73 0 
0 56 0 
0 70 4 
0 33 0 
0 73 0 
0 85 0 
0 99 0 
0 36 0 
0 53 0 
0 70 1 
0 44 1 
0 85 4 
0 131 0 
0 63 0 
0 37 2 
0 57 2 
0 120 1 
0 40 0 
0 77 0 
0 69 0 
0 54 0 
0 90 3 
0 44 0 
0 57 2 
0 58 0 
0 32 1 
0 50 0 
0 45 0 
0 60 6 
0 59 0 
0 62 0 
0 39 0 
0 47 0 
0 55 0 
0 66 0 
0 73 0 
0 74 2 
0 37 1 
0 87 0 
0 59 4 
0 75 0 
0 33 0 
0 68 3 
0 37 10 
0 75 0 
0 98 4 
0 69 2 
0 81 4 
0 46 12 
0 90 31 
0 60 0 
0 46 0 
0 48 0 
0 70 5 
0 81 0 
0 53 0 
0 59 1 
0 101 0 
0 26 1 
0 58 0 
0 46 12 
0 28 0 
0 108 0 
0 102 0 
0 80 0 
0 58 0 
0 55 0 
0 64 0 
0 50 7 
0 78 1 
0 98 0 
0 50 4 
0 63 2 
0 55 6 
0 73 0 
0 78 5 
0 52 0 
0 29 4 
0 41 4 
0 55 0 
0 48 0 
0 51 0 
0 59 0 
0 95 5 
0 43 0 
0 42 2 
0 34 0 
0 51 0 
0 78 0 
0 65 0 
0 55 8 
0 88 0 
0 45 0 
0 46 3 
0 39 5 
0 68 0 
0 80 2 
0 54 0 
0 78 1 
0 68 6 
0 43 12 
0 51 2 
0 38 2 
0 41 0 
0 80 9 
0 31 0 
0 92 0 
0 39 9 
0 35 0 
0 48 5 
0 49 1 
0 42 0 
0 34 2 
0 66 1 
0 33 0 
0 83 0 
0 15 2 
0 39 0 
0 70 1 
0 96 0 
0 79 5 
0 47 0 
0 40 0 
0 31 0 
0 56 0 
0 66 0 
0 68 0 
0 68 0 
0 53 0 
0 90 0 
0 64 0 
0 71 12 
0 59 1 
0 44 2 
0 39 0 
0 75 2 
0 48 0 
0 78 0 
0 49 0 
0 41 1 
0 57 0 
0 52 1 
0 49 0 
0 44 0 
0 85 4 
0 72 0 
0 114 2 
0 80 2 
0 86 8 
0 130 0 
0 33 7 
0 80 6 
0 96 0 
0 67 2 
0 72 10 
0 63 11 
0 49 0 
0 68 8 
0 109 7 
0 32 0 
0 111 20 
0 52 0 
0 56 7 
0 54 0 
0 27 3 
0 92 0 
0 83 0 
0 89 0 
0 65 0 
0 45 0 
0 30 0 
0 80 0 
0 108 0 
0 77 0 
0 115 0 
0 67 0 
0 65 0 
0 68 1 
0 89 2 
0 50 4 
0 45 0 
0 78 0 
0 61 1 
0 26 1 
0 72 0 
0 69 0 
0 46 1 
0 59 2 
0 64 0 
0 70 0 
0 84 0 
0 27 0 
0 67 0 
0 59 0 
0 44 17 
0 55 17 
0 41 1 
0 48 0 
0 40 0 
0 32 5 
0 20 0 
0 41 0 
0 101 0 
0 58 0 
0 80 4 
0 61 12 
0 70 0 
0 44 2 
0 29 0 
0 15 0 
0 70 2 
0 58 0 
0 23 0 
0 92 5 
0 59 0 
0 27 0 
0 49 0 
0 54 0 
0 30 0 
0 57 0 
0 86 0 
0 57 0 
0 73 7 
0 57 0 
0 69 0 
0 48 2 
0 72 0 
0 44 3 
0 72 0 
0 60 0 
0 73 33 
0 40 4 
0 40 13 
0 51 0 
0 55 0 
0 68 0 
0 63 0 
0 51 0 
0 94 0 
0 33 0 
0 43 0 
0 113 2 
0 36 0 
0 54 0 
0 50 0 
0 90 7 
0 63 0 
0 33 0 
0 101 4 
0 81 0 
0 83 10 
0 62 2 
0 91 0 
0 79 8 
0 70 3 
0 45 6 
0 67 1 
0 61 0 
0 37 0 
0 39 2 
0 53 0 
0 56 3 
0 31 0 
0 70 0 
0 43 0 
0 73 4 
0 72 0 
0 93 0 
0 92 6 
0 53 1 
0 50 2 
0 40 0 
0 72 0 
0 32 0 
0 32 0 
0 36 0 
0 31 0 
0 42 0 
0 55 0 
0 54 1 
0 64 0 
0 45 0 
0 51 11 
0 70 2 
0 69 4 
0 46 5 
0 89 5 
0 83 0 
0 33 0 
0 58 1 
0 58 0 
0 53 3 
0 59 0 
0 43 0 
0 107 1 
0 77 6 
0 53 0 
0 68 0 
0 82 5 
0 67 0 
0 29 5 
0 92 0 
0 40 7 
0 66 2 
0 78 1 
0 100 2 
0 36 0 
0 67 8 
0 59 0 
0 102 5 
0 62 2 
0 69 2 
0 26 0 
0 84 0 
0 104 0 
0 58 27 
0 27 0 
0 58 3 
0 93 4 
0 67 4 
0 88 0 
