1 431 92 0 0 
21 413 17 0 0 
40 481 41 0 0 
43 392 16 0 0 
50 410 3 0 0 
29 384 38 0 0 
27 401 19 0 0 
19 462 22 0 0 
39 553 34 0 0 
13 543 15 0 0 
18 445 1 0 0 
71 359 56 0 0 
17 458 46 0 0 
18 393 21 0 0 
70 452 20 0 0 
29 398 24 0 0 
30 424 7 0 0 
42 430 8 0 0 
17 435 32 0 0 
19 492 42 0 0 
5 482 42 0 0 
10 449 25 0 0 
22 343 7 0 0 
35 442 10 0 0 
22 633 11 0 0 
18 495 26 0 0 
14 402 63 0 0 
28 423 58 0 0 
10 480 17 0 0 
125 335 43 0 0 
39 401 20 0 0 
32 480 24 0 0 
72 383 25 0 0 
61 372 44 0 0 
94 442 8 0 0 
9 430 15 0 0 
33 442 63 0 0 
39 498 51 0 0 
69 435 44 0 0 
9 430 21 0 0 
7 425 15 0 0 
27 443 40 0 0 
16 309 31 0 0 
17 473 15 0 0 
35 354 31 0 0 
30 384 43 0 0 
22 487 68 0 0 
32 356 8 0 0 
62 440 1 0 0 
40 396 20 0 0 
47 430 8 0 0 
35 411 17 0 0 
31 464 10 0 0 
56 399 40 0 0 
5 500 19 0 0 
23 402 30 2 0 
25 428 7 0 0 
19 388 58 0 0 
53 514 23 0 0 
91 461 17 0 0 
26 435 43 0 0 
41 356 5 0 0 
34 423 43 0 0 
16 500 44 0 0 
45 456 24 0 0 
23 352 13 0 0 
51 484 24 0 0 
19 556 9 0 0 
30 373 40 0 0 
51 473 39 0 0 
9 552 22 0 0 
17 420 75 0 0 
31 430 33 0 0 
33 441 16 0 0 
23 434 6 0 0 
40 488 23 0 0 
87 469 12 0 0 
33 393 48 0 0 
47 418 12 0 0 
23 409 45 0 0 
26 333 89 0 0 
85 473 21 0 0 
11 407 50 0 0 
16 510 10 0 0 
66 492 20 0 0 
7 338 35 0 0 
53 485 50 0 0 
39 407 70 0 0 
57 508 48 0 0 
76 315 16 0 0 
45 448 39 0 0 
15 447 35 0 0 
37 361 1 0 0 
12 414 15 0 0 
24 501 18 0 0 
75 442 37 0 0 
39 455 0 0 0 
61 406 27 0 0 
26 323 10 0 0 
29 393 16 0 0 
5 428 65 0 0 
45 508 5 0 0 
13 335 62 0 0 
7 404 28 0 0 
134 338 34 0 0 
53 500 12 0 0 
66 454 28 0 0 
56 415 13 0 0 
5 408 3 0 0 
1 432 37 0 0 
28 360 27 0 0 
63 424 15 0 0 
55 388 33 0 0 
32 383 47 0 0 
54 472 9 0 0 
34 403 5 0 0 
22 348 42 0 0 
65 414 45 0 0 
20 445 35 0 0 
15 471 25 0 0 
33 440 8 0 0 
62 475 20 0 0 
61 459 39 0 0 
77 433 13 0 0 
29 402 22 0 0 
28 341 25 0 0 
30 375 18 0 0 
94 382 20 0 0 
22 471 37 0 0 
15 473 66 0 0 
9 425 37 0 0 
67 446 49 0 0 
12 661 23 0 0 
16 381 26 0 0 
31 473 45 0 0 
13 403 16 0 0 
28 477 15 0 0 
10 385 26 0 0 
67 390 50 0 0 
39 378 18 0 0 
23 532 46 0 0 
39 455 83 0 0 
49 349 48 0 0 
47 451 61 0 0 
27 365 80 0 0 
16 341 18 0 0 
78 387 64 0 0 
38 323 31 0 0 
33 441 43 0 0 
14 494 3 0 0 
35 390 71 0 0 
21 449 66 0 0 
29 451 11 0 0 
26 428 34 0 0 
31 458 97 0 0 
40 329 69 0 0 
44 467 23 0 0 
35 500 20 0 0 
3 464 17 0 0 
16 482 62 0 0 
54 462 9 0 0 
79 505 18 0 0 
30 457 6 0 0 
6 507 36 0 0 
78 338 44 0 0 
60 296 33 1 0 
43 473 3 0 0 
25 451 19 0 0 
13 532 40 0 0 
22 464 32 0 0 
22 478 77 0 0 
8 437 54 0 0 
11 423 36 0 0 
69 378 54 0 0 
24 393 50 0 0 
36 384 56 0 0 
47 377 33 0 0 
5 483 32 0 0 
16 538 24 0 0 
37 336 91 0 0 
76 466 72 0 0 
15 439 30 0 0 
20 467 36 0 0 
44 438 3 0 0 
20 494 33 0 0 
26 425 20 0 0 
94 445 20 0 0 
6 571 31 0 0 
94 433 2 0 0 
37 480 16 0 0 
63 420 21 0 0 
2 477 47 0 0 
5 454 55 0 0 
24 425 35 0 0 
57 390 36 0 0 
15 452 22 0 0 
40 419 14 0 0 
21 406 7 0 0 
7 485 30 0 0 
39 441 12 0 0 
22 422 63 0 0 
28 422 3 0 0 
28 375 20 0 0 
56 511 6 0 0 
22 390 52 0 0 
27 469 25 0 0 
18 299 50 0 0 
8 393 25 0 0 
66 400 14 0 0 
89 404 21 0 0 
37 399 34 0 0 
4 399 10 0 0 
57 517 28 0 0 
14 406 58 0 0 
45 368 44 0 0 
17 425 39 0 0 
43 415 31 0 0 
42 452 3 0 0 
13 573 6 0 0 
11 453 41 0 0 
21 437 55 0 0 
50 439 61 0 0 
13 445 59 0 0 
57 407 18 0 0 
30 414 19 0 0 
14 501 14 0 0 
97 452 4 0 0 
44 480 9 0 0 
40 340 16 0 0 
65 416 46 0 0 
8 380 42 0 0 
53 322 30 0 0 
61 346 47 0 0 
50 429 33 0 0 
45 485 8 0 0 
8 422 55 0 0 
17 497 37 0 0 
53 415 52 0 0 
41 412 55 0 0 
54 480 29 0 0 
31 461 15 0 0 
6 443 22 0 0 
21 467 26 0 0 
15 512 5 0 0 
38 425 52 0 0 
79 442 4 0 0 
4 416 41 0 0 
40 456 34 0 0 
12 356 41 0 0 
37 412 40 0 0 
36 474 4 0 0 
43 394 30 0 0 
47 419 26 0 0 
11 535 10 0 0 
59 462 33 0 0 
45 598 13 0 0 
31 457 35 0 0 
18 539 23 0 0 
55 426 20 0 0 
23 430 13 0 0 
55 398 5 0 0 
32 485 12 0 0 
57 400 12 0 0 
80 487 22 0 0 
23 588 6 0 0 
23 455 23 0 0 
75 355 8 0 0 
16 434 45 0 0 
27 411 32 0 0 
39 416 36 0 0 
16 297 30 0 0 
9 408 70 0 0 
75 393 35 0 0 
11 406 13 0 0 
11 474 28 0 0 
52 402 51 0 0 
55 517 56 0 0 
29 336 28 0 0 
43 384 28 0 0 
33 463 44 0 0 
41 513 6 0 0 
28 322 13 0 0 
22 535 19 0 0 
57 423 43 0 0 
40 396 36 0 0 
20 385 7 0 0 
26 392 36 0 0 
24 423 17 0 0 
48 322 20 0 0 
49 455 57 0 0 
29 430 6 0 0 
7 438 14 0 0 
45 490 14 0 0 
28 516 9 0 0 
27 465 14 0 0 
29 494 15 0 0 
106 370 11 0 0 
4 499 66 0 0 
22 427 16 0 0 
16 423 7 0 0 
62 502 6 0 0 
44 366 24 0 0 
11 492 17 0 0 
18 508 24 0 0 
52 537 8 0 0 
53 464 11 0 0 
41 473 19 0 0 
25 354 30 0 0 
97 319 49 0 0 
58 397 23 0 0 
10 522 13 0 0 
55 389 53 0 0 
27 507 31 0 0 
21 421 31 0 0 
90 455 11 0 0 
10 507 19 0 0 
27 542 18 0 0 
44 466 10 0 0 
63 445 12 0 0 
65 373 21 0 0 
47 432 11 0 0 
13 445 0 0 0 
24 396 32 0 0 
40 390 62 0 0 
17 491 24 0 0 
58 451 11 0 0 
97 425 17 0 0 
23 426 13 0 0 
75 404 21 0 0 
26 474 42 0 0 
28 466 64 0 0 
75 377 32 0 0 
23 479 9 0 0 
63 397 22 0 0 
6 339 57 0 0 
9 470 1 0 0 
27 407 24 0 0 
21 517 30 0 0 
1 442 57 0 0 
56 328 37 0 0 
47 324 25 0 0 
7 437 4 0 0 
5 342 31 0 0 
74 364 36 0 0 
15 420 13 0 0 
23 453 23 0 0 
1 506 31 0 0 
4 440 27 0 0 
20 588 9 0 0 
58 490 29 0 0 
9 408 26 0 0 
23 465 4 0 0 
6 495 4 0 0 
94 462 21 0 0 
29 508 6 0 0 
73 465 17 0 0 
42 480 36 0 0 
11 435 13 0 0 
14 466 4 0 0 
17 514 32 0 0 
73 443 20 0 0 
10 360 35 0 0 
36 575 42 0 0 
9 433 80 0 0 
31 371 41 0 0 
20 434 2 0 0 
32 432 40 0 0 
40 452 11 0 0 
24 441 43 0 0 
64 459 32 0 0 
14 561 8 0 0 
110 455 31 0 0 
51 448 11 0 0 
10 407 57 0 0 
28 442 13 0 0 
35 449 47 0 0 
9 285 81 0 0 
29 422 42 0 0 
117 380 32 0 0 
21 404 33 0 0 
34 462 28 0 0 
7 549 21 0 0 
9 418 40 0 0 
20 356 51 0 0 
37 353 66 0 0 
64 340 59 0 0 
35 456 41 0 0 
42 377 47 0 0 
12 534 36 0 0 
25 476 31 0 0 
7 530 9 0 0 
25 420 19 0 0 
39 450 11 0 0 
25 402 9 0 0 
73 438 24 0 0 
69 349 21 0 0 
56 402 12 0 0 
68 329 45 0 0 
38 323 61 0 0 
10 386 67 0 0 
32 466 26 0 0 
28 431 13 0 0 
25 426 56 0 0 
51 357 1 0 0 
18 469 68 0 0 
43 391 22 0 0 
70 244 91 0 0 
14 477 9 0 0 
6 442 24 0 0 
7 304 25 0 0 
26 456 29 0 0 
36 532 25 0 0 
52 473 49 0 0 
26 518 7 0 0 
41 300 10 0 0 
94 447 2 0 0 
30 373 26 0 0 
2 417 38 0 0 
6 447 46 0 0 
75 420 14 0 0 
31 476 29 0 0 
6 523 40 0 0 
25 379 20 0 0 
36 433 19 0 0 
12 474 46 0 0 
87 456 23 0 0 
44 490 7 0 0 
24 415 22 0 0 
54 378 30 0 0 
26 455 22 0 0 
13 404 53 0 0 
8 326 29 0 0 
56 531 11 0 0 
45 458 6 0 0 
36 338 8 0 0 
53 460 8 0 0 
54 322 30 0 0 
10 601 19 0 0 
24 427 31 0 0 
20 351 30 0 0 
5 479 63 0 0 
3 418 61 0 0 
23 437 17 0 0 
61 439 18 0 0 
14 403 56 0 0 
28 406 3 0 0 
46 378 2 0 0 
6 569 19 0 0 
51 428 15 0 0 
41 377 13 0 0 
51 384 18 0 0 
8 509 13 0 0 
24 404 11 0 0 
15 530 46 0 0 
93 442 26 0 0 
32 451 25 0 0 
8 486 15 0 0 
27 354 34 0 0 
52 390 4 0 0 
52 417 33 0 0 
29 486 46 0 0 
46 441 31 0 0 
46 427 33 0 0 
18 474 29 0 0 
38 413 55 0 0 
59 420 11 0 0 
33 536 20 0 0 
18 349 36 0 0 
73 398 13 0 0 
7 361 67 0 0 
5 422 29 0 0 
34 358 20 0 0 
63 335 53 0 0 
17 462 48 0 0 
89 441 8 0 0 
15 496 10 0 0 
30 352 6 0 0 
17 480 51 0 0 
8 475 18 0 0 
63 290 81 0 0 
69 391 58 0 0 
25 525 38 0 0 
57 424 6 0 0 
2 520 24 0 0 
12 417 85 0 0 
9 405 98 0 0 
112 432 8 0 0 
50 424 23 0 0 
60 408 39 0 0 
28 443 40 0 0 
56 412 46 0 0 
6 444 18 0 0 
54 379 46 0 0 
37 370 30 0 0 
33 465 18 0 0 
21 476 30 0 0 
34 403 35 0 0 
25 402 20 0 0 
38 467 24 0 0 
10 354 39 0 0 
12 377 46 0 0 
33 478 44 0 0 
43 453 11 0 0 
10 481 43 0 0 
32 470 15 0 0 
32 434 44 0 0 
32 442 11 29 0 
47 385 15 0 0 
137 409 4 0 0 
15 484 43 0 0 
37 478 8 0 0 
16 430 24 0 0 
29 360 34 0 0 
54 428 31 0 0 
18 481 27 0 0 
39 347 33 0 0 
35 487 23 0 0 
19 531 37 0 0 
73 441 38 0 0 
37 443 32 0 0 
60 439 20 0 0 
21 450 24 0 0 
14 495 9 0 0 
54 474 43 0 0 
17 438 21 0 0 
22 452 15 0 0 
39 415 16 0 0 
48 452 33 0 0 
54 389 71 0 0 
45 409 46 0 0 
21 428 41 0 0 
26 436 45 0 0 
14 416 66 0 0 
16 390 52 0 0 
0 449 4 0 0 
48 511 8 0 0 
20 401 28 0 0 
10 492 29 0 0 
36 538 34 0 0 
18 356 67 0 0 
34 442 4 0 0 
9 402 30 0 0 
25 451 21 0 0 
26 388 16 0 0 
49 454 6 0 0 
30 478 34 0 0 
14 406 38 0 0 
35 374 40 0 0 
40 400 58 0 0 
21 451 78 0 0 
50 434 26 0 0 
9 380 19 0 0 
67 387 2 0 0 
25 491 11 0 0 
7 361 73 0 0 
42 404 37 0 0 
40 539 15 0 0 
2 452 87 0 0 
59 381 30 0 0 
66 297 57 0 0 
32 489 27 0 0 
2 445 37 0 0 
21 411 51 0 0 
49 477 4 0 0 
32 423 43 0 0 
8 501 38 0 0 
43 406 21 0 0 
24 481 8 0 0 
64 479 41 0 0 
31 276 25 0 0 
14 439 23 0 0 
73 386 34 0 0 
81 414 18 0 0 
68 360 24 0 0 
42 459 12 0 0 
21 319 50 0 0 
14 430 17 0 0 
4 548 11 0 0 
35 419 5 0 0 
47 543 35 0 0 
41 411 15 0 0 
70 410 37 0 0 
24 351 50 0 0 
43 493 24 0 0 
25 476 102 0 0 
28 472 11 0 0 
27 358 12 0 0 
24 512 45 0 0 
28 411 52 0 0 
35 431 59 0 0 
38 341 7 0 0 
44 394 48 0 0 
40 311 20 0 0 
34 463 13 0 0 
43 465 14 0 0 
45 377 30 0 0 
70 349 48 0 0 
36 372 52 0 0 
19 551 11 0 0 
71 394 8 0 0 
51 411 21 0 0 
17 359 36 0 0 
35 479 39 0 0 
46 432 66 0 0 
16 463 9 0 0 
24 472 31 0 0 
22 411 40 0 0 
26 446 10 0 0 
75 501 2 0 0 
25 412 25 0 0 
12 474 35 0 0 
18 501 55 0 0 
43 437 2 0 0 
9 428 104 0 0 
17 355 23 0 0 
13 453 30 0 0 
25 481 27 0 0 
55 390 25 0 0 
94 453 9 0 0 
36 408 66 0 0 
12 466 31 0 0 
30 361 22 0 0 
15 564 2 0 0 
22 374 28 0 0 
59 378 45 0 0 
27 486 45 0 0 
63 372 87 0 0 
9 492 36 0 0 
60 435 79 0 0 
40 482 45 0 0 
34 437 9 0 0 
27 528 6 0 0 
15 473 31 0 0 
25 468 19 0 0 
30 405 5 0 0 
24 514 33 0 0 
52 480 21 0 0 
16 437 36 0 0 
35 550 59 0 0 
78 438 20 0 0 
101 383 4 0 0 
29 414 11 0 0 
71 363 8 0 0 
113 395 37 0 0 
19 494 30 0 0 
25 380 8 0 0 
24 439 51 0 0 
51 579 55 0 0 
60 474 30 0 0 
33 568 11 0 0 
45 441 32 0 0 
50 391 11 0 0 
46 443 20 0 0 
38 377 68 0 0 
23 442 37 0 0 
29 508 18 0 0 
72 383 62 0 0 
42 392 56 0 0 
28 417 20 0 0 
52 449 11 0 0 
66 586 46 0 0 
16 422 34 0 0 
5 376 26 0 0 
36 497 31 0 0 
56 426 34 0 0 
12 305 21 0 0 
21 442 31 0 0 
27 448 28 0 0 
45 419 1 0 0 
24 406 22 0 0 
86 378 21 0 0 
55 399 11 0 0 
22 546 3 0 0 
21 389 71 0 0 
39 440 18 0 0 
34 482 53 0 0 
55 408 24 0 0 
63 415 17 0 0 
65 466 44 0 0 
16 386 36 0 0 
3 483 5 0 0 
10 487 16 0 0 
105 320 43 0 0 
55 493 12 0 0 
2 458 49 0 0 
72 360 58 0 0 
57 402 3 0 0 
26 507 38 0 0 
0 454 36 0 0 
59 502 11 0 0 
31 421 49 0 0 
19 478 26 0 0 
59 279 77 0 0 
32 341 64 0 0 
59 502 9 10 0 
17 498 22 0 0 
29 497 13 0 0 
36 449 21 0 0 
41 488 11 0 0 
31 515 51 0 0 
7 365 24 0 0 
29 446 29 0 0 
21 530 3 0 0 
30 340 95 0 0 
44 333 89 0 0 
53 469 28 0 0 
59 432 18 0 0 
5 501 37 0 0 
26 464 48 0 0 
35 480 23 0 0 
12 426 38 0 0 
37 414 37 0 0 
111 416 50 1 0 
68 455 23 0 0 
83 392 19 0 0 
31 389 54 0 0 
22 420 20 0 0 
20 383 12 0 0 
15 428 28 0 0 
20 475 30 0 0 
76 412 32 0 0 
57 427 10 0 0 
48 492 42 0 0 
3 510 21 0 0 
32 452 8 0 0 
102 447 12 0 0 
35 390 7 0 0 
7 555 17 0 0 
45 392 5 0 0 
33 522 40 0 0 
48 441 59 0 0 
60 424 42 0 0 
53 416 0 0 0 
17 488 7 0 0 
39 424 46 0 0 
74 327 54 0 0 
33 320 40 0 0 
35 407 27 0 0 
72 456 7 0 0 
57 342 42 0 0 
20 528 6 0 0 
20 345 21 0 0 
1 551 44 0 0 
37 369 65 0 0 
31 430 13 0 0 
6 519 17 0 0 
25 491 3 0 0 
32 475 14 0 0 
8 408 9 0 0 
77 486 25 0 0 
13 437 33 0 0 
29 490 21 0 0 
44 407 25 0 0 
35 447 44 0 0 
11 366 34 0 0 
83 403 21 0 0 
16 393 23 0 0 
86 399 77 0 0 
2 531 54 0 0 
26 427 0 0 0 
32 462 89 2 0 
76 415 30 0 0 
7 419 26 0 0 
25 504 4 0 0 
48 457 34 0 0 
26 452 35 0 0 
57 479 6 0 0 
50 399 35 0 0 
61 292 7 0 0 
60 458 28 0 0 
82 484 24 0 0 
24 461 20 0 0 
33 497 34 0 0 
50 307 45 0 0 
12 426 37 0 0 
32 398 64 0 0 
86 439 22 0 0 
66 354 6 0 0 
11 411 25 0 0 
17 396 30 0 0 
100 336 55 0 0 
64 378 17 0 0 
6 478 16 0 0 
73 395 27 0 0 
18 449 22 0 0 
59 411 35 0 0 
49 342 22 0 0 
14 429 69 0 0 
59 375 13 0 0 
52 368 25 0 0 
63 391 16 0 0 
19 457 27 0 0 
62 412 14 0 0 
36 430 29 0 0 
46 427 48 0 0 
36 369 39 0 0 
38 363 43 0 0 
28 495 19 0 0 
21 443 30 0 0 
8 350 35 0 0 
20 431 39 0 0 
12 356 81 0 0 
62 419 29 2 0 
12 452 23 0 0 
35 385 23 0 0 
23 455 73 0 0 
3 432 18 0 0 
14 492 25 0 0 
43 369 42 0 0 
35 355 25 0 0 
47 499 16 0 0 
20 465 0 0 0 
69 343 44 0 0 
12 500 65 0 0 
31 484 21 0 0 
41 468 8 0 0 
49 487 67 0 0 
50 437 3 0 0 
81 543 9 0 0 
63 392 18 0 0 
1 382 49 0 0 
25 403 10 0 0 
17 418 10 0 0 
47 451 21 0 0 
6 438 64 0 0 
5 409 32 0 0 
57 440 64 0 0 
70 428 65 0 0 
29 461 4 0 0 
27 440 10 0 0 
25 498 4 0 0 
11 403 56 0 0 
33 504 32 0 0 
74 413 50 0 0 
40 565 32 0 0 
18 522 29 13 0 
30 507 50 0 0 
30 431 101 0 0 
78 365 25 0 0 
50 423 20 0 0 
25 395 55 0 0 
34 404 24 0 0 
18 363 41 0 0 
53 437 5 0 0 
43 386 97 0 0 
125 456 6 0 0 
47 433 24 0 0 
35 486 6 0 0 
23 387 16 0 0 
15 458 5 0 0 
93 419 22 0 0 
14 454 39 0 0 
38 440 44 0 0 
34 291 89 0 0 
19 422 9 0 0 
22 373 54 0 0 
12 356 85 0 0 
64 436 7 0 0 
36 456 34 0 0 
27 450 15 0 0 
74 328 41 0 0 
70 386 2 0 0 
36 375 54 0 0 
33 564 12 0 0 
49 428 25 0 0 
20 453 14 0 0 
41 387 41 0 0 
40 447 14 0 0 
32 398 22 0 0 
22 413 63 0 0 
54 396 59 0 0 
30 447 11 0 0 
54 529 30 0 0 
5 357 29 0 0 
62 420 24 0 0 
27 326 99 0 0 
45 408 81 0 0 
76 564 7 0 0 
38 408 18 0 0 
27 361 13 0 0 
11 449 22 0 0 
19 492 34 0 0 
37 500 25 0 0 
15 469 57 0 0 
11 431 59 0 0 
62 390 25 0 0 
17 483 31 0 0 
55 416 18 0 0 
11 399 44 0 0 
54 363 54 0 0 
79 370 40 0 0 
38 478 15 0 0 
20 401 41 0 0 
28 431 29 0 0 
31 368 16 0 0 
54 474 45 0 0 
21 443 53 0 0 
40 481 26 0 0 
78 355 18 0 0 
38 436 8 0 0 
64 528 10 0 0 
34 397 94 0 0 
20 467 11 0 0 
46 418 4 0 0 
43 441 21 0 0 
23 394 30 0 0 
13 414 77 0 0 
66 396 24 0 0 
134 356 7 0 0 
23 478 20 0 0 
78 391 54 0 0 
35 474 40 0 0 
5 496 35 0 0 
32 318 28 0 0 
51 458 14 0 0 
50 502 0 0 0 
20 359 20 0 0 
70 448 2 0 0 
10 478 10 0 0 
18 456 53 0 0 
11 595 27 0 0 
66 378 14 0 0 
47 432 30 0 0 
28 435 40 0 0 
34 427 31 0 0 
31 436 29 0 0 
19 397 107 0 0 
4 433 16 0 0 
19 526 57 0 0 
33 420 7 0 0 
21 360 64 0 0 
11 431 68 0 0 
25 431 27 0 0 
35 408 40 0 0 
38 367 28 0 0 
33 342 46 0 0 
18 475 10 0 0 
41 545 11 0 0 
47 373 12 0 0 
37 344 69 0 0 
68 332 10 0 0 
44 416 50 0 0 
21 440 23 0 0 
53 419 41 0 0 
38 410 49 0 0 
1 485 10 0 0 
7 455 22 0 0 
45 423 33 0 0 
23 335 26 0 0 
19 380 44 0 0 
28 412 29 0 0 
33 416 15 0 0 
13 433 16 0 0 
46 450 23 0 0 
4 313 40 0 0 
23 412 25 0 0 
42 400 29 0 0 
39 334 20 0 0 
56 387 5 0 0 
74 453 24 0 0 
24 354 40 0 0 
30 448 6 0 0 
68 390 14 0 0 
40 364 100 0 0 
21 429 61 0 0 
24 358 5 0 0 
40 362 57 0 0 
3 510 39 0 0 
29 443 13 0 0 
67 433 17 0 0 
17 523 51 0 0 
23 391 60 0 0 
54 519 7 0 0 
53 341 36 0 0 
32 443 26 0 0 
41 390 26 0 0 
17 477 53 0 0 
32 402 45 0 0 
34 411 56 21 0 
27 472 23 0 0 
47 464 24 0 0 
8 452 41 0 0 
107 477 38 0 0 
18 411 56 0 0 
31 463 33 0 0 
41 454 22 0 0 
26 457 18 0 0 
42 368 20 0 0 
38 487 10 0 0 
16 380 33 0 0 
50 417 45 0 0 
21 568 17 0 0 
30 402 31 0 0 
14 438 26 0 0 
21 430 26 0 0 
14 505 32 0 0 
60 436 51 0 0 
67 459 8 0 0 
32 467 27 0 0 
15 391 47 0 0 
