8 689 0 0 0 
0 558 0 0 0 
2 602 0 0 0 
0 590 0 0 0 
23 585 2 0 0 
0 579 2 0 0 
1 624 0 0 0 
0 618 0 0 0 
1 640 2 0 0 
0 679 1 0 0 
0 563 0 0 0 
0 677 1 0 0 
0 686 0 0 0 
0 636 0 0 0 
5 598 0 0 0 
0 602 0 0 0 
0 695 0 0 0 
1 567 0 0 0 
0 631 0 0 0 
0 653 2 0 0 
0 608 0 0 0 
0 613 0 0 0 
0 694 0 0 0 
0 593 7 0 0 
7 624 5 0 0 
0 639 5 0 0 
0 586 4 0 0 
1 703 0 0 0 
9 690 0 0 0 
0 614 0 0 0 
0 657 0 0 0 
0 642 0 0 0 
1 554 0 0 0 
0 658 0 0 0 
0 660 5 0 0 
0 669 0 0 0 
1 653 3 0 0 
0 635 3 0 0 
15 606 0 0 0 
0 575 0 0 0 
19 662 1 0 0 
0 607 0 0 0 
0 610 1 0 0 
1 620 8 0 0 
4 669 2 0 0 
0 627 0 0 0 
1 615 2 0 0 
1 579 2 0 0 
0 654 0 0 0 
4 595 0 0 0 
0 638 0 0 0 
0 718 0 0 0 
0 643 9 0 0 
0 616 3 0 0 
0 623 5 0 0 
0 693 2 0 0 
0 625 0 0 0 
0 592 0 0 0 
0 644 0 0 0 
2 670 0 0 0 
0 611 2 0 0 
0 628 3 0 0 
7 649 0 0 0 
3 540 0 0 0 
0 574 0 0 0 
2 635 1 0 0 
4 592 1 0 0 
0 618 0 0 0 
0 524 3 0 0 
3 669 0 0 0 
0 617 0 0 0 
0 610 4 0 0 
0 608 0 0 0 
0 611 0 0 0 
0 614 0 0 0 
4 613 0 0 0 
0 602 0 0 0 
1 639 0 0 0 
0 587 0 0 0 
12 675 0 0 0 
0 651 5 0 0 
0 647 1 0 0 
0 663 0 0 0 
0 584 0 0 0 
7 638 6 0 0 
8 652 0 0 0 
0 576 0 0 0 
0 684 0 0 0 
0 655 0 0 0 
13 662 0 0 0 
3 671 0 0 0 
0 640 0 0 0 
0 635 0 0 0 
0 613 0 0 0 
0 675 0 0 0 
4 599 0 0 0 
0 649 1 0 0 
0 583 0 0 0 
16 642 0 0 0 
0 641 0 0 0 
0 677 1 0 0 
4 621 0 0 0 
0 578 0 0 0 
0 681 3 0 0 
1 615 0 0 0 
0 588 0 0 0 
0 584 0 0 0 
0 594 4 0 0 
0 618 1 0 0 
0 635 0 0 0 
0 609 14 0 0 
0 580 0 0 0 
2 655 0 0 0 
0 593 0 0 0 
1 604 0 0 0 
0 679 0 0 0 
0 593 0 0 0 
1 578 43 0 0 
0 679 2 0 0 
2 618 12 0 0 
0 640 3 0 0 
0 624 1 0 0 
3 601 0 0 0 
2 614 5 0 0 
5 610 0 0 0 
0 577 0 0 0 
0 598 0 0 0 
8 670 0 0 0 
0 642 0 0 0 
1 640 0 0 0 
0 644 0 0 0 
0 619 3 0 0 
0 577 0 0 0 
0 614 0 0 0 
0 530 0 0 0 
0 589 0 0 0 
0 638 6 0 0 
0 628 4 0 0 
0 658 0 0 0 
4 633 1 0 0 
0 612 0 0 0 
0 625 0 0 0 
6 689 0 0 0 
4 654 5 0 0 
11 552 2 0 0 
0 578 0 0 0 
3 649 0 0 0 
0 637 0 0 0 
0 658 4 0 0 
0 638 0 0 0 
3 632 0 0 0 
0 619 0 0 0 
0 642 0 0 0 
0 608 0 0 0 
0 670 3 0 0 
0 681 0 0 0 
0 630 0 0 0 
0 627 0 0 0 
0 660 0 0 0 
0 678 0 0 0 
0 630 0 0 0 
9 577 5 0 0 
0 604 0 0 0 
0 659 0 0 0 
0 649 6 0 0 
0 602 0 0 0 
0 589 0 0 0 
1 631 0 0 0 
1 567 8 0 0 
0 651 0 0 0 
0 609 0 0 0 
0 624 0 0 0 
1 664 0 0 0 
23 624 0 0 0 
0 632 0 0 0 
10 641 0 0 0 
0 595 0 0 0 
0 634 0 0 0 
0 622 0 0 0 
0 626 6 0 0 
26 626 3 0 0 
6 607 0 0 0 
0 704 0 0 0 
0 636 0 0 0 
0 649 0 0 0 
1 635 0 0 0 
0 605 0 0 0 
0 625 0 0 0 
0 688 0 0 0 
2 606 0 0 0 
0 629 1 0 0 
15 570 12 0 0 
0 633 0 0 0 
0 677 0 0 0 
1 657 2 0 0 
0 585 1 0 0 
0 663 4 0 0 
0 647 0 0 0 
0 646 0 0 0 
0 666 0 0 0 
0 641 0 0 0 
0 662 1 0 0 
0 632 0 0 0 
0 694 9 0 0 
10 618 2 0 0 
0 604 0 0 0 
0 631 0 0 0 
0 687 0 0 0 
0 676 1 0 0 
0 604 1 0 0 
0 573 0 0 0 
0 649 0 0 0 
1 598 11 0 0 
0 648 0 0 0 
0 661 0 0 0 
0 692 0 0 0 
0 627 0 0 0 
1 579 0 0 0 
0 631 0 0 0 
6 607 0 0 0 
0 682 0 0 0 
4 682 0 0 0 
0 611 0 0 0 
0 649 0 0 0 
2 687 7 0 0 
0 613 35 0 0 
0 608 0 0 0 
1 593 0 0 0 
2 564 0 0 0 
0 657 8 0 0 
1 596 0 0 0 
0 583 2 0 0 
1 595 0 0 0 
0 614 0 0 0 
2 607 1 0 0 
6 591 0 0 0 
0 581 0 0 0 
1 612 0 0 0 
9 646 0 0 0 
3 683 0 0 0 
0 533 0 0 0 
19 602 0 0 0 
0 591 0 0 0 
3 636 0 0 0 
7 650 4 0 0 
0 652 1 0 0 
2 629 1 0 0 
0 624 2 0 0 
0 675 28 0 0 
0 618 0 0 0 
0 614 2 0 0 
0 602 0 0 0 
0 574 0 0 0 
1 631 0 0 0 
8 588 0 0 0 
0 609 0 0 0 
1 604 0 0 0 
1 606 0 0 0 
0 635 0 0 0 
1 690 0 0 0 
0 597 0 0 0 
17 563 3 0 0 
0 658 4 0 0 
1 556 0 0 0 
2 640 0 0 0 
0 582 0 0 0 
0 670 2 0 0 
0 598 0 0 0 
0 606 6 0 0 
0 601 21 0 0 
13 573 0 0 0 
3 588 2 0 0 
0 585 25 0 0 
0 620 0 0 0 
0 666 0 0 0 
0 655 0 0 0 
0 618 0 0 0 
0 645 0 0 0 
0 616 1 0 0 
0 656 0 0 0 
0 612 0 0 0 
0 642 0 0 0 
0 548 0 0 0 
0 640 0 0 0 
0 582 0 0 0 
1 619 0 0 0 
0 628 0 0 0 
0 632 0 0 0 
0 610 1 0 0 
0 608 0 0 0 
0 692 0 0 0 
0 639 0 0 0 
12 607 4 0 0 
0 666 0 0 0 
0 654 0 0 0 
0 700 0 0 0 
0 592 2 0 0 
1 600 1 0 0 
0 614 0 0 0 
0 635 0 0 0 
0 669 1 0 0 
7 588 0 0 0 
0 619 0 0 0 
0 616 0 0 0 
0 698 0 0 0 
12 692 0 0 0 
0 678 0 0 0 
2 612 25 0 0 
0 634 0 0 0 
3 599 0 0 0 
0 605 0 0 0 
0 578 1 0 0 
0 677 0 0 0 
0 630 0 0 0 
9 595 2 0 0 
0 648 3 0 0 
1 560 9 0 0 
0 674 0 0 0 
0 647 0 0 0 
0 636 0 0 0 
0 673 0 0 0 
0 552 0 0 0 
0 596 0 0 0 
0 640 8 0 0 
0 618 0 0 0 
3 604 0 0 0 
0 644 2 0 0 
0 650 0 0 0 
2 652 0 0 0 
0 629 0 0 0 
0 612 7 0 0 
0 563 2 0 0 
0 691 0 0 0 
0 623 0 0 0 
0 657 4 0 0 
0 586 0 0 0 
0 590 1 0 0 
0 622 0 0 0 
22 627 0 0 0 
0 589 10 0 0 
0 636 0 0 0 
7 570 0 0 0 
1 657 0 0 0 
0 716 0 0 0 
0 678 2 0 0 
0 642 0 0 0 
0 608 1 0 0 
2 643 0 0 0 
2 666 3 0 0 
0 640 1 0 0 
0 618 1 0 0 
4 680 4 0 0 
0 620 2 0 0 
7 603 0 0 0 
0 695 6 0 0 
0 647 0 0 0 
1 621 0 0 0 
0 631 14 0 0 
0 612 0 0 0 
1 565 5 0 0 
1 639 0 0 0 
6 650 0 0 0 
0 649 0 0 0 
0 695 0 0 0 
5 541 0 0 0 
0 628 8 0 0 
7 629 0 0 0 
0 643 0 0 0 
1 593 0 0 0 
0 625 0 0 0 
6 624 0 0 0 
0 642 0 0 0 
1 587 0 0 0 
0 629 1 0 0 
5 667 1 0 0 
2 636 0 0 0 
6 644 0 0 0 
10 593 0 0 0 
0 648 0 0 0 
0 646 8 0 0 
0 632 0 0 0 
0 622 0 0 0 
0 646 0 0 0 
0 612 0 0 0 
0 705 2 0 0 
0 648 0 0 0 
0 610 0 0 0 
0 640 0 0 0 
3 610 4 0 0 
0 638 0 0 0 
0 626 0 0 0 
1 645 0 0 0 
2 612 8 0 0 
2 646 6 0 0 
3 591 0 0 0 
0 552 0 0 0 
0 630 5 0 0 
0 617 5 0 0 
0 653 0 0 0 
0 629 0 0 0 
0 595 0 0 0 
3 599 0 0 0 
1 616 0 0 0 
8 670 0 0 0 
0 593 0 0 0 
0 681 0 0 0 
0 626 1 0 0 
0 679 0 0 0 
1 606 0 0 0 
0 579 0 0 0 
0 607 0 0 0 
0 613 0 0 0 
0 631 2 0 0 
0 671 1 0 0 
0 661 0 0 0 
8 612 12 0 0 
0 695 0 0 0 
0 655 0 0 0 
0 609 0 0 0 
0 565 0 0 0 
0 662 0 0 0 
0 694 0 0 0 
0 557 0 0 0 
3 651 2 0 0 
11 637 0 0 0 
0 575 0 0 0 
0 597 0 0 0 
2 630 2 0 0 
0 699 0 0 0 
1 638 0 0 0 
3 647 0 0 0 
1 645 0 0 0 
0 630 0 0 0 
13 569 0 0 0 
1 586 0 0 0 
15 590 0 0 0 
2 660 0 0 0 
0 642 0 0 0 
0 667 3 0 0 
0 734 0 0 0 
1 587 0 0 0 
0 597 0 0 0 
0 623 6 0 0 
0 650 0 0 0 
0 599 5 0 0 
9 667 4 0 0 
0 614 0 0 0 
0 657 0 0 0 
1 685 1 0 0 
0 715 0 0 0 
0 601 0 0 0 
2 616 0 0 0 
0 661 0 0 0 
1 667 0 0 0 
13 642 0 0 0 
0 609 0 0 0 
2 656 0 0 0 
0 689 5 0 0 
0 674 0 0 0 
0 659 3 0 0 
0 631 0 0 0 
6 591 2 0 0 
0 614 1 0 0 
0 620 0 0 0 
9 560 0 0 0 
0 639 7 0 0 
4 581 0 0 0 
0 695 0 0 0 
6 622 0 0 0 
0 620 0 0 0 
2 651 0 0 0 
0 624 0 0 0 
0 629 0 0 0 
0 643 1 0 0 
0 604 0 0 0 
0 596 0 0 0 
2 622 0 0 0 
0 587 0 0 0 
0 670 0 0 0 
3 658 0 0 0 
0 646 1 0 0 
0 553 2 0 0 
6 630 0 0 0 
0 635 0 0 0 
1 753 0 0 0 
0 612 0 0 0 
0 682 7 0 0 
7 575 0 0 0 
0 648 0 0 0 
15 660 1 0 0 
0 614 0 0 0 
0 676 0 0 0 
0 604 0 0 0 
0 555 0 0 0 
0 602 0 0 0 
0 653 11 0 0 
0 712 0 0 0 
0 631 0 0 0 
0 616 0 0 0 
2 677 0 0 0 
0 643 0 0 0 
0 607 0 0 0 
0 627 0 0 0 
0 625 0 0 0 
0 625 0 0 0 
4 582 0 0 0 
3 686 1 0 0 
0 591 0 0 0 
0 651 0 0 0 
1 589 0 0 0 
0 564 7 0 0 
0 627 0 0 0 
0 602 0 0 0 
0 571 0 0 0 
1 595 9 0 0 
0 641 3 0 0 
18 604 0 0 0 
6 572 6 0 0 
0 679 0 0 0 
0 670 1 0 0 
6 615 0 0 0 
0 597 0 0 0 
0 620 2 0 0 
0 612 0 0 0 
0 691 0 0 0 
0 643 0 0 0 
0 671 0 0 0 
0 595 12 0 0 
0 602 0 0 0 
0 637 0 0 0 
0 606 0 0 0 
1 691 1 0 0 
15 679 0 0 0 
0 591 0 0 0 
0 675 14 0 0 
9 627 0 0 0 
0 638 0 0 0 
0 731 0 0 0 
1 602 0 0 0 
0 582 0 0 0 
0 632 5 0 0 
0 591 2 0 0 
0 648 0 0 0 
0 604 0 0 0 
1 654 0 0 0 
3 652 0 0 0 
0 574 0 0 0 
0 571 0 0 0 
0 594 1 0 0 
0 687 0 0 0 
1 597 0 0 0 
0 615 7 0 0 
0 674 0 0 0 
0 623 0 0 0 
3 576 5 0 0 
0 633 0 0 0 
0 648 5 0 0 
4 607 0 0 0 
9 581 1 0 0 
0 553 0 0 0 
4 628 0 0 0 
0 652 5 0 0 
0 592 0 0 0 
3 603 0 0 0 
0 651 4 0 0 
0 640 0 0 0 
0 644 0 0 0 
1 508 0 0 0 
0 652 0 0 0 
8 609 2 0 0 
0 620 0 0 0 
0 572 0 0 0 
0 615 2 0 0 
6 639 0 0 0 
4 629 0 0 0 
0 643 6 0 0 
8 622 1 0 0 
0 586 0 0 0 
0 641 0 0 0 
1 637 0 0 0 
0 647 2 0 0 
0 710 5 0 0 
8 624 0 0 0 
0 683 0 0 0 
0 684 0 0 0 
1 569 6 0 0 
12 650 0 0 0 
0 633 0 0 0 
3 659 0 0 0 
0 679 0 0 0 
1 672 44 0 0 
0 636 6 0 0 
0 627 2 0 0 
0 649 0 0 0 
19 693 1 0 0 
0 668 0 0 0 
0 574 0 0 0 
0 650 5 0 0 
5 641 8 0 0 
0 602 1 0 0 
0 635 0 0 0 
0 640 0 0 0 
2 601 0 0 0 
0 619 0 0 0 
0 664 3 0 0 
0 603 0 0 0 
0 615 0 0 0 
0 611 0 0 0 
0 568 2 0 0 
1 636 0 0 0 
0 640 3 0 0 
0 569 0 0 0 
0 617 0 0 0 
0 562 0 0 0 
0 629 0 0 0 
0 596 0 0 0 
0 533 1 0 0 
0 609 0 0 0 
0 592 1 0 0 
0 634 0 0 0 
0 658 0 0 0 
0 645 0 0 0 
0 656 0 0 0 
0 622 0 0 0 
2 575 0 0 0 
0 609 0 0 0 
0 543 7 0 0 
2 592 0 0 0 
0 636 2 0 0 
0 603 0 0 0 
8 647 0 0 0 
0 680 0 0 0 
0 578 2 0 0 
0 663 0 0 0 
4 680 0 0 0 
0 682 1 0 0 
2 610 0 0 0 
4 650 1 0 0 
0 594 0 0 0 
0 670 0 0 0 
2 649 0 0 0 
0 602 0 0 0 
0 605 0 0 0 
0 606 2 0 0 
1 577 0 0 0 
0 640 0 0 0 
0 563 0 0 0 
0 639 5 0 0 
15 660 0 0 0 
4 576 1 0 0 
0 603 0 0 0 
4 575 7 0 0 
0 658 0 0 0 
0 696 0 0 0 
0 698 2 0 0 
0 708 0 0 0 
0 665 0 0 0 
0 607 10 0 0 
0 553 2 0 0 
0 600 0 0 0 
0 580 0 0 0 
0 625 0 0 0 
1 564 0 0 0 
0 593 1 0 0 
0 669 0 0 0 
0 595 0 0 0 
0 601 8 0 0 
1 604 5 0 0 
8 628 0 0 0 
3 676 3 0 0 
0 559 16 0 0 
0 611 0 0 0 
0 581 0 0 0 
0 589 0 0 0 
1 640 0 0 0 
0 600 0 0 0 
5 608 0 0 0 
0 660 0 0 0 
10 693 0 0 0 
0 621 1 0 0 
0 715 0 0 0 
0 593 0 0 0 
0 633 1 0 0 
0 656 4 0 0 
0 649 0 0 0 
2 661 1 0 0 
0 602 6 0 0 
0 593 0 0 0 
1 611 0 0 0 
0 628 1 0 0 
2 645 2 0 0 
0 653 0 0 0 
0 647 0 0 0 
0 677 0 0 0 
0 615 0 0 0 
0 625 0 0 0 
0 607 0 0 0 
0 653 0 0 0 
0 625 0 0 0 
6 636 0 0 0 
0 551 0 0 0 
0 654 0 0 0 
0 581 1 0 0 
0 595 0 0 0 
0 667 0 0 0 
0 590 5 0 0 
0 626 0 0 0 
0 634 0 0 0 
0 651 0 0 0 
2 581 0 0 0 
0 581 1 0 0 
0 537 0 0 0 
0 640 0 0 0 
0 633 0 0 0 
0 660 0 0 0 
1 612 0 0 0 
0 612 0 0 0 
13 561 0 0 0 
0 643 0 0 0 
0 675 0 0 0 
0 618 0 0 0 
0 679 0 0 0 
0 645 5 0 0 
0 602 0 0 0 
1 677 17 0 0 
0 616 0 0 0 
0 629 0 0 0 
0 627 0 0 0 
0 595 1 0 0 
0 659 6 0 0 
0 634 2 0 0 
0 691 0 0 0 
1 648 0 0 0 
0 615 0 0 0 
0 642 0 0 0 
0 635 0 0 0 
0 612 1 0 0 
27 571 0 0 0 
9 634 0 0 0 
0 662 0 0 0 
4 578 0 0 0 
3 692 0 0 0 
0 580 17 0 0 
0 622 0 0 0 
0 597 0 0 0 
0 687 6 0 0 
0 562 0 0 0 
0 616 1 0 0 
0 575 0 0 0 
4 592 0 0 0 
0 618 0 0 0 
0 651 0 0 0 
0 667 1 0 0 
0 623 0 0 0 
0 602 1 0 0 
1 641 0 0 0 
0 597 0 0 0 
0 665 11 0 0 
0 622 34 0 0 
0 650 0 0 0 
0 685 8 0 0 
6 618 0 0 0 
0 698 0 0 0 
12 639 8 0 0 
0 629 4 0 0 
0 584 0 0 0 
0 678 0 0 0 
0 646 0 0 0 
0 648 0 0 0 
0 635 0 0 0 
0 654 0 0 0 
8 665 3 0 0 
0 623 0 0 0 
0 661 0 0 0 
0 606 0 0 0 
0 646 0 0 0 
0 546 0 0 0 
0 589 0 0 0 
0 711 0 0 0 
3 612 0 0 0 
3 542 1 0 0 
1 641 0 0 0 
0 608 0 0 0 
0 630 0 0 0 
0 643 0 0 0 
1 631 0 0 0 
0 729 0 0 0 
0 641 0 0 0 
0 619 0 0 0 
0 617 0 0 0 
0 684 0 0 0 
0 671 0 0 0 
0 594 2 0 0 
0 622 0 0 0 
0 607 2 0 0 
0 665 0 0 0 
0 593 2 0 0 
0 620 0 0 0 
3 667 3 0 0 
0 685 0 0 0 
0 654 0 0 0 
0 603 0 0 0 
0 673 0 0 0 
0 592 0 0 0 
4 624 0 0 0 
0 645 0 0 0 
28 598 3 0 0 
0 646 0 0 0 
10 629 0 0 0 
0 590 0 0 0 
0 623 0 0 0 
2 577 0 0 0 
0 599 6 0 0 
2 653 0 0 0 
21 597 0 0 0 
0 657 2 0 0 
0 607 0 0 0 
2 625 0 0 0 
0 667 0 0 0 
15 618 0 0 0 
11 653 9 0 0 
4 616 0 0 0 
0 678 0 0 0 
0 666 0 0 0 
0 597 0 0 0 
0 597 0 0 0 
5 717 0 0 0 
0 655 0 0 0 
5 656 0 0 0 
0 665 0 0 0 
0 629 0 0 0 
0 574 0 0 0 
10 638 0 0 0 
0 639 0 0 0 
0 636 1 0 0 
1 683 0 0 0 
0 612 0 0 0 
0 631 0 0 0 
0 567 0 0 0 
2 538 11 0 0 
0 628 0 0 0 
0 617 0 0 0 
4 638 7 0 0 
0 641 0 0 0 
0 632 0 0 0 
0 582 0 0 0 
0 631 8 0 0 
0 628 16 0 0 
0 606 0 0 0 
12 622 0 0 0 
5 627 0 0 0 
1 651 0 0 0 
0 702 8 0 0 
4 666 3 0 0 
0 637 0 0 0 
1 680 0 0 0 
0 719 0 0 0 
0 656 0 0 0 
0 618 0 0 0 
17 627 0 0 0 
5 593 0 0 0 
0 635 8 0 0 
5 586 0 0 0 
0 599 0 0 0 
0 628 0 0 0 
0 598 14 0 0 
0 626 3 0 0 
1 593 3 0 0 
0 604 0 0 0 
1 668 0 0 0 
0 631 3 0 0 
1 562 1 0 0 
0 608 7 0 0 
1 556 0 0 0 
0 631 0 0 0 
10 666 2 0 0 
0 596 0 0 0 
0 630 0 0 0 
27 645 0 0 0 
2 579 0 0 0 
0 641 0 0 0 
4 617 0 0 0 
0 584 0 0 0 
1 611 0 0 0 
0 556 5 0 0 
0 591 0 0 0 
0 636 0 0 0 
0 622 15 0 0 
0 673 1 0 0 
0 636 0 0 0 
0 566 0 0 0 
6 646 0 0 0 
1 630 0 0 0 
1 659 1 0 0 
0 586 2 0 0 
1 704 0 0 0 
0 632 7 0 0 
0 628 1 0 0 
26 592 0 0 0 
0 684 3 0 0 
0 616 0 0 0 
0 612 0 0 0 
0 652 0 0 0 
2 606 0 0 0 
0 627 0 0 0 
0 661 0 0 0 
15 639 0 0 0 
7 687 0 0 0 
0 571 4 0 0 
4 604 0 0 0 
3 550 0 0 0 
0 695 1 0 0 
0 613 2 0 0 
0 611 0 0 0 
1 686 0 0 0 
0 622 3 0 0 
0 590 4 0 0 
0 622 0 0 0 
3 610 1 0 0 
0 647 0 0 0 
0 641 0 0 0 
8 592 1 0 0 
6 634 0 0 0 
1 607 0 0 0 
0 591 0 0 0 
0 620 3 0 0 
0 611 0 0 0 
0 582 0 0 0 
0 695 0 0 0 
0 636 0 0 0 
0 594 0 0 0 
1 587 0 0 0 
6 642 0 0 0 
0 723 0 0 0 
0 656 0 0 0 
4 619 0 0 0 
1 564 1 0 0 
0 707 1 0 0 
0 585 0 0 0 
0 602 2 0 0 
6 615 2 0 0 
3 673 0 0 0 
0 664 2 0 0 
0 610 0 0 0 
0 606 0 0 0 
0 603 12 0 0 
0 614 0 0 0 
0 703 0 0 0 
1 611 6 0 0 
0 665 0 0 0 
0 672 0 0 0 
8 636 0 0 0 
0 581 0 0 0 
0 581 0 0 0 
7 588 0 0 0 
0 605 1 0 0 
12 598 0 0 0 
3 606 0 0 0 
19 587 0 0 0 
1 652 0 0 0 
0 603 0 0 0 
2 626 0 0 0 
1 614 0 0 0 
0 603 0 0 0 
12 639 2 0 0 
16 550 22 0 0 
0 694 0 0 0 
0 564 0 0 0 
0 703 0 0 0 
0 602 0 0 0 
2 636 0 0 0 
0 557 0 0 0 
3 668 0 0 0 
0 612 3 0 0 
5 594 2 0 0 
6 612 8 0 0 
6 560 2 0 0 
0 651 0 0 0 
0 620 7 0 0 
0 585 0 0 0 
0 632 0 0 0 
0 667 4 0 0 
0 670 9 0 0 
0 671 1 0 0 
0 650 14 0 0 
0 593 2 0 0 
3 634 0 0 0 
0 636 0 0 0 
0 672 0 0 0 
0 656 1 0 0 
0 608 0 0 0 
3 640 15 0 0 
0 632 0 0 0 
0 575 0 0 0 
0 618 0 0 0 
0 589 4 0 0 
0 649 0 0 0 
0 641 0 0 0 
0 563 14 0 0 
0 615 0 0 0 
