561 230 209 
500 329 171 
479 250 271 
518 239 243 
582 252 166 
547 276 177 
495 249 256 
508 240 252 
518 263 219 
476 256 268 
509 279 212 
573 242 185 
530 293 177 
495 288 217 
552 254 194 
427 273 300 
536 254 210 
537 256 207 
519 256 225 
515 263 222 
563 240 197 
535 241 224 
539 247 214 
514 287 199 
578 237 185 
512 228 260 
520 222 258 
506 196 298 
540 241 219 
576 217 207 
542 231 227 
587 246 167 
528 211 261 
456 277 267 
574 242 184 
534 251 215 
599 293 108 
519 224 257 
462 190 348 
506 245 249 
585 191 224 
560 208 232 
550 232 218 
542 280 178 
591 215 194 
503 270 227 
480 259 261 
587 259 154 
453 255 292 
554 251 195 
576 228 196 
579 222 199 
481 312 207 
574 252 174 
554 277 169 
586 246 168 
555 240 205 
554 226 220 
547 227 226 
498 231 271 
569 264 167 
556 252 192 
509 222 269 
578 199 223 
564 236 200 
545 288 167 
498 271 231 
497 316 187 
506 267 227 
645 216 139 
573 182 245 
433 269 298 
495 261 244 
551 246 203 
513 205 282 
528 241 231 
553 284 163 
534 239 227 
507 283 210 
373 268 359 
569 272 159 
530 245 225 
508 266 226 
602 251 147 
529 237 234 
576 284 140 
532 199 269 
413 244 343 
535 243 222 
533 240 227 
574 241 185 
576 239 185 
635 219 146 
591 256 153 
522 226 252 
524 260 216 
452 211 337 
433 311 256 
559 236 205 
497 261 242 
531 237 232 
603 253 144 
537 273 190 
538 236 226 
555 245 200 
565 265 170 
543 272 185 
577 242 181 
510 259 231 
492 283 225 
509 243 248 
501 270 229 
497 261 242 
509 280 211 
497 251 252 
631 191 178 
530 264 206 
557 246 197 
534 212 254 
543 242 215 
498 257 245 
566 274 160 
446 260 294 
530 260 210 
510 261 229 
379 210 411 
569 257 174 
543 254 203 
489 223 288 
494 291 215 
500 184 316 
539 204 257 
489 233 278 
533 251 216 
449 287 264 
552 281 167 
525 264 211 
493 232 275 
505 257 238 
649 211 140 
417 261 322 
599 222 179 
535 272 193 
570 174 256 
533 269 198 
564 273 163 
475 288 237 
512 224 264 
478 230 292 
534 278 188 
569 270 161 
525 258 217 
537 293 170 
448 232 320 
500 252 248 
492 267 241 
447 269 284 
571 246 183 
563 240 197 
551 239 210 
481 255 264 
506 255 239 
512 254 234 
559 275 166 
529 258 213 
455 289 256 
520 273 207 
460 262 278 
515 285 200 
548 259 193 
460 274 266 
554 213 233 
533 235 232 
519 223 258 
474 238 288 
530 253 217 
465 210 325 
559 236 205 
476 231 293 
587 269 144 
537 247 216 
521 253 226 
546 224 230 
503 285 212 
521 282 197 
564 250 186 
601 155 244 
529 229 242 
525 221 254 
528 226 246 
539 244 217 
510 207 283 
503 241 256 
458 260 282 
545 210 245 
632 237 131 
549 268 183 
502 254 244 
515 235 250 
486 245 269 
470 270 260 
583 212 205 
583 213 204 
488 262 250 
526 264 210 
535 301 164 
501 241 258 
513 260 227 
555 224 221 
568 234 198 
528 192 280 
473 249 278 
575 254 171 
489 173 338 
530 289 181 
547 248 205 
532 242 226 
473 295 232 
526 242 232 
481 294 225 
544 263 193 
449 276 275 
505 261 234 
485 220 295 
518 267 215 
514 198 288 
578 213 209 
482 238 280 
593 212 195 
504 260 236 
517 230 253 
505 253 242 
616 207 177 
589 237 174 
500 224 276 
581 230 189 
523 275 202 
548 222 230 
560 244 196 
530 246 224 
487 236 277 
543 261 196 
468 273 259 
534 271 195 
502 291 207 
431 229 340 
489 253 258 
534 266 200 
524 243 233 
452 310 238 
459 242 299 
531 246 223 
523 251 226 
611 226 163 
436 169 395 
565 267 168 
521 252 227 
533 228 239 
476 221 303 
516 260 224 
547 264 189 
503 252 245 
565 277 158 
600 222 178 
502 261 237 
552 236 212 
505 240 255 
516 235 249 
535 315 150 
526 215 259 
524 217 259 
504 272 224 
519 236 245 
589 224 187 
491 270 239 
575 207 218 
567 232 201 
579 256 165 
449 272 279 
599 231 170 
543 190 267 
522 255 223 
562 258 180 
518 283 199 
550 260 190 
574 293 133 
532 255 213 
556 249 195 
503 310 187 
551 259 190 
589 248 163 
520 226 254 
477 238 285 
525 311 164 
510 245 245 
507 270 223 
497 231 272 
512 274 214 
451 246 303 
574 192 234 
540 271 189 
546 243 211 
504 261 235 
533 242 225 
537 211 252 
581 196 223 
498 269 233 
498 225 277 
486 279 235 
570 279 151 
585 257 158 
615 240 145 
528 222 250 
542 262 196 
574 189 237 
575 232 193 
511 276 213 
491 271 238 
508 190 302 
502 257 241 
498 229 273 
551 267 182 
552 233 215 
561 194 245 
489 294 217 
509 271 220 
496 230 274 
444 234 322 
578 234 188 
463 234 303 
551 272 177 
591 263 146 
575 201 224 
584 248 168 
587 211 202 
503 282 215 
549 234 217 
499 239 262 
514 255 231 
548 277 175 
591 236 173 
541 216 243 
463 264 273 
524 263 213 
456 296 248 
525 262 213 
580 237 183 
526 229 245 
571 236 193 
528 250 222 
517 240 243 
564 272 164 
551 252 197 
563 246 191 
489 208 303 
545 275 180 
511 274 215 
590 228 182 
497 277 226 
545 214 241 
552 281 167 
613 242 145 
527 265 208 
515 287 198 
536 199 265 
582 237 181 
536 236 228 
484 219 297 
570 244 186 
523 247 230 
538 261 201 
505 235 260 
540 228 232 
595 224 181 
554 253 193 
565 270 165 
460 252 288 
518 307 175 
505 301 194 
442 296 262 
577 186 237 
572 241 187 
526 197 277 
598 234 168 
496 199 305 
562 258 180 
552 232 216 
531 256 213 
603 212 185 
521 273 206 
619 227 154 
438 201 361 
559 238 203 
477 218 305 
508 243 249 
494 250 256 
554 304 142 
535 264 201 
584 231 185 
486 252 262 
538 219 243 
608 227 165 
573 237 190 
578 238 184 
551 243 206 
539 226 235 
489 260 251 
466 255 279 
537 224 239 
549 282 169 
521 207 272 
555 268 177 
558 241 201 
579 258 163 
577 250 173 
539 258 203 
584 215 201 
533 267 200 
542 185 273 
454 239 307 
543 295 162 
497 204 299 
502 283 215 
461 295 244 
472 228 300 
614 201 185 
535 305 160 
479 269 252 
466 258 276 
518 229 253 
519 223 258 
448 215 337 
448 283 269 
483 259 258 
475 232 293 
549 266 185 
515 239 246 
470 273 257 
527 266 207 
525 216 259 
563 250 187 
605 220 175 
485 259 256 
567 182 251 
549 190 261 
554 229 217 
539 239 222 
537 245 218 
497 167 336 
491 269 240 
562 258 180 
523 268 209 
433 325 242 
546 275 179 
534 239 227 
530 252 218 
617 247 136 
496 195 309 
564 252 184 
519 260 221 
512 282 206 
512 198 290 
506 280 214 
456 227 317 
375 210 415 
544 265 191 
454 255 291 
549 275 176 
508 270 222 
547 229 224 
506 248 246 
544 208 248 
556 240 204 
517 260 223 
504 252 244 
522 238 240 
533 303 164 
533 232 235 
516 248 236 
475 225 300 
569 281 150 
497 254 249 
581 252 167 
389 230 381 
590 219 191 
486 287 227 
543 278 179 
516 241 243 
519 264 217 
592 218 190 
522 253 225 
594 243 163 
490 276 234 
533 234 233 
636 217 147 
550 271 179 
459 258 283 
470 231 299 
527 260 213 
558 182 260 
580 221 199 
497 252 251 
557 235 208 
566 257 177 
557 212 231 
509 273 218 
545 218 237 
483 241 276 
545 305 150 
525 266 209 
557 244 199 
529 279 192 
549 225 226 
452 275 273 
573 218 209 
542 271 187 
539 207 254 
576 236 188 
534 291 175 
577 254 169 
491 261 248 
495 280 225 
540 232 228 
571 192 237 
459 250 291 
503 265 232 
424 321 255 
412 233 355 
577 242 181 
596 256 148 
531 248 221 
556 239 205 
508 234 258 
474 256 270 
460 219 321 
381 287 332 
602 195 203 
565 235 200 
499 246 255 
534 216 250 
476 275 249 
449 251 300 
497 257 246 
489 205 306 
591 252 157 
465 274 261 
581 210 209 
538 243 219 
619 224 157 
561 238 201 
645 214 141 
552 251 197 
547 199 254 
533 271 196 
556 255 189 
508 242 250 
549 265 186 
609 228 163 
591 208 201 
587 244 169 
587 222 191 
621 202 177 
627 205 168 
524 236 240 
600 239 161 
564 227 209 
454 209 337 
619 216 165 
555 273 172 
583 229 188 
555 232 213 
508 241 251 
539 241 220 
546 265 189 
561 283 156 
582 200 218 
453 252 295 
431 230 339 
559 282 159 
541 266 193 
521 247 232 
512 227 261 
576 273 151 
455 266 279 
543 227 230 
562 225 213 
572 242 186 
551 241 208 
558 246 196 
519 221 260 
544 291 165 
554 226 220 
550 232 218 
606 202 192 
568 300 132 
479 231 290 
554 265 181 
543 267 190 
630 254 116 
522 241 237 
584 217 199 
519 260 221 
515 239 246 
570 200 230 
502 273 225 
535 279 186 
503 288 209 
573 252 175 
555 249 196 
585 232 183 
480 211 309 
453 268 279 
541 246 213 
522 278 200 
577 232 191 
541 261 198 
492 306 202 
501 307 192 
589 196 215 
490 228 282 
595 240 165 
528 259 213 
543 269 188 
534 283 183 
534 220 246 
539 221 240 
523 256 221 
569 199 232 
481 263 256 
542 257 201 
589 239 172 
532 279 189 
557 311 132 
476 233 291 
557 252 191 
510 256 234 
551 248 201 
558 248 194 
505 279 216 
543 239 218 
506 205 289 
508 242 250 
536 238 226 
532 257 211 
529 215 256 
492 253 255 
574 256 170 
520 242 238 
527 229 244 
563 208 229 
502 207 291 
549 211 240 
505 247 248 
594 286 120 
559 223 218 
526 210 264 
465 257 278 
524 295 181 
485 258 257 
570 260 170 
500 225 275 
536 290 174 
567 296 137 
451 236 313 
587 297 116 
478 233 289 
460 247 293 
499 279 222 
540 270 190 
501 230 269 
556 232 212 
529 259 212 
547 245 208 
528 263 209 
476 245 279 
477 201 322 
525 271 204 
463 271 266 
459 261 280 
572 256 172 
538 259 203 
557 254 189 
504 261 235 
543 253 204 
512 293 195 
495 247 258 
543 240 217 
512 281 207 
566 227 207 
522 281 197 
508 226 266 
539 250 211 
574 232 194 
481 298 221 
542 256 202 
526 294 180 
512 229 259 
505 227 268 
513 248 239 
590 229 181 
566 248 186 
462 223 315 
518 270 212 
563 223 214 
537 239 224 
502 292 206 
475 223 302 
481 259 260 
529 293 178 
493 297 210 
563 262 175 
509 266 225 
458 301 241 
530 242 228 
515 243 242 
592 238 170 
533 245 222 
469 232 299 
516 240 244 
462 216 322 
574 225 201 
570 225 205 
539 297 164 
513 250 237 
524 263 213 
519 272 209 
635 234 131 
443 248 309 
526 240 234 
520 243 237 
576 261 163 
551 255 194 
465 227 308 
543 247 210 
506 215 279 
482 293 225 
508 226 266 
597 229 174 
532 233 235 
519 252 229 
520 245 235 
482 214 304 
609 238 153 
552 258 190 
483 300 217 
557 262 181 
552 222 226 
564 243 193 
534 284 182 
561 212 227 
567 242 191 
533 216 251 
497 286 217 
546 268 186 
513 347 140 
548 279 173 
592 231 177 
493 208 299 
511 242 247 
448 262 290 
544 286 170 
510 264 226 
494 239 267 
532 267 201 
569 226 205 
471 257 272 
610 179 211 
541 277 182 
513 206 281 
519 286 195 
536 232 232 
439 264 297 
483 279 238 
550 229 221 
585 261 154 
550 257 193 
445 263 292 
578 235 187 
596 241 163 
585 194 221 
616 228 156 
571 249 180 
490 234 276 
526 237 237 
653 229 118 
502 243 255 
522 262 216 
495 305 200 
526 269 205 
591 251 158 
513 266 221 
530 242 228 
566 290 144 
610 227 163 
578 266 156 
530 254 216 
605 204 191 
498 249 253 
487 185 328 
557 315 128 
516 250 234 
506 239 255 
537 274 189 
519 230 251 
519 218 263 
522 264 214 
537 223 240 
572 250 178 
553 287 160 
523 253 224 
518 269 213 
593 241 166 
543 257 200 
488 317 195 
504 203 293 
447 254 299 
509 274 217 
593 256 151 
422 250 328 
536 229 235 
533 243 224 
492 287 221 
594 226 180 
540 216 244 
559 243 198 
551 303 146 
608 238 154 
468 260 272 
471 259 270 
513 277 210 
566 229 205 
547 236 217 
533 224 243 
575 255 170 
586 237 177 
500 300 200 
616 243 141 
533 241 226 
561 256 183 
595 245 160 
478 245 277 
519 275 206 
584 256 160 
556 206 238 
496 237 267 
470 220 310 
486 314 200 
569 265 166 
528 271 201 
529 233 238 
507 272 221 
558 254 188 
487 225 288 
533 254 213 
528 261 211 
599 223 178 
464 248 288 
547 249 204 
512 267 221 
431 275 294 
552 231 217 
521 273 206 
427 282 291 
579 298 123 
544 253 203 
469 263 268 
472 283 245 
512 281 207 
565 207 228 
479 273 248 
561 287 152 
527 198 275 
558 245 197 
555 240 205 
450 310 240 
581 255 164 
484 218 298 
525 252 223 
546 260 194 
455 272 273 
519 240 241 
593 265 142 
475 230 295 
433 285 282 
607 198 195 
501 255 244 
534 254 212 
515 278 207 
436 273 291 
630 175 195 
527 246 227 
542 251 207 
512 261 227 
471 245 284 
460 248 292 
428 211 361 
482 276 242 
539 264 197 
528 238 234 
479 219 302 
456 289 255 
471 279 250 
491 275 234 
568 256 176 
490 261 249 
528 256 216 
511 240 249 
525 244 231 
538 302 160 
485 231 284 
455 270 275 
577 228 195 
481 275 244 
547 264 189 
574 261 165 
523 314 163 
462 278 260 
586 241 173 
568 218 214 
519 334 147 
514 292 194 
479 288 233 
563 170 267 
609 199 192 
474 283 243 
546 254 200 
537 202 261 
475 226 299 
530 283 187 
625 232 143 
506 262 232 
554 211 235 
537 226 237 
492 249 259 
489 245 266 
548 206 246 
599 236 165 
569 231 200 
540 274 186 
513 231 256 
506 271 223 
506 287 207 
431 216 353 
535 267 198 
527 232 241 
580 263 157 
628 220 152 
555 214 231 
490 203 307 
566 173 261 
607 214 179 
431 262 307 
537 207 256 
570 282 148 
550 258 192 
468 241 291 
568 224 208 
466 257 277 
542 182 276 
516 195 289 
520 260 220 
504 247 249 
543 217 240 
479 270 251 
565 233 202 
523 254 223 
553 269 178 
562 275 163 
543 270 187 
512 256 232 
558 240 202 
532 243 225 
491 262 247 
532 245 223 
552 242 206 
484 251 265 
478 288 234 
521 252 227 
506 250 244 
559 261 180 
432 247 321 
531 184 285 
539 272 189 
621 222 157 
511 271 218 
541 274 185 
566 222 212 
585 195 220 
486 225 289 
578 195 227 
579 223 198 
555 266 179 
622 235 143 
440 243 317 
413 253 334 
505 221 274 
468 254 278 
585 230 185 
557 223 220 
495 310 195 
