0 0 17 
0 0 28 
0 4 15 
0 3 12 
0 0 45 
0 4 64 
0 0 121 
0 0 23 
0 0 18 
0 0 13 
0 0 15 
0 0 27 
0 0 81 
0 0 48 
0 0 50 
0 0 8 
0 0 13 
0 0 17 
0 0 24 
0 0 67 
0 0 10 
0 3 19 
0 2 38 
0 0 67 
0 0 15 
0 0 12 
0 7 31 
0 0 48 
0 10 50 
0 0 11 
0 0 84 
0 0 39 
0 0 31 
0 0 28 
0 0 28 
0 0 8 
0 0 13 
0 0 75 
0 0 54 
0 0 23 
0 10 31 
0 0 7 
0 3 4 
0 5 21 
0 0 17 
0 0 91 
0 7 9 
0 0 28 
0 0 37 
0 0 24 
0 0 20 
0 7 150 
0 17 89 
0 0 41 
0 0 82 
0 0 11 
0 0 32 
0 0 48 
0 0 7 
0 1 71 
0 1 31 
0 0 32 
0 0 117 
0 0 69 
0 0 51 
0 0 32 
0 0 12 
0 0 107 
0 2 14 
0 1 33 
0 0 45 
0 0 47 
0 0 26 
0 0 41 
0 0 67 
0 0 68 
0 0 33 
0 0 24 
0 5 38 
0 0 10 
0 0 27 
0 0 56 
0 8 10 
0 0 36 
0 0 16 
0 0 10 
0 0 29 
0 0 62 
0 3 69 
0 0 28 
0 2 61 
0 0 86 
0 4 56 
0 0 14 
0 0 33 
0 4 34 
0 0 40 
0 0 108 
0 13 26 
0 0 7 
0 9 14 
0 0 52 
0 0 10 
0 0 14 
0 0 14 
0 0 7 
0 0 51 
0 1 63 
0 0 83 
0 0 33 
0 0 36 
0 1 10 
0 0 152 
0 0 66 
0 6 18 
0 0 12 
0 0 16 
0 2 55 
0 0 52 
0 1 12 
0 19 32 
0 2 63 
0 0 14 
0 0 11 
0 0 28 
0 1 12 
0 1 29 
0 0 34 
0 0 46 
0 0 28 
0 0 7 
0 0 9 
0 0 34 
0 2 69 
0 0 3 
0 0 44 
0 0 37 
0 3 21 
0 0 20 
0 0 12 
0 0 2 
0 0 15 
0 1 95 
0 0 36 
0 1 38 
0 0 65 
0 0 73 
0 0 61 
0 0 122 
0 0 44 
0 0 31 
0 0 16 
0 0 58 
0 0 67 
0 0 5 
0 0 17 
0 0 14 
0 0 55 
0 1 21 
0 1 20 
0 0 10 
0 0 43 
0 0 60 
0 0 18 
0 0 71 
0 0 78 
0 0 52 
0 0 41 
0 0 38 
0 3 25 
0 0 40 
0 0 16 
0 0 36 
0 3 66 
0 0 71 
0 7 34 
0 0 20 
0 0 54 
0 0 39 
0 0 53 
0 0 112 
0 0 63 
0 0 27 
0 0 3 
0 0 28 
0 6 31 
0 0 36 
0 2 24 
0 0 37 
0 0 130 
0 0 60 
0 0 85 
0 0 59 
0 4 18 
0 0 35 
0 0 27 
0 0 24 
0 0 18 
0 0 47 
0 0 21 
0 0 65 
0 0 54 
0 0 35 
0 8 67 
0 0 40 
0 0 57 
0 0 7 
0 0 60 
0 0 27 
0 0 73 
0 0 20 
0 0 25 
0 0 54 
0 11 76 
0 0 32 
0 1 13 
0 4 18 
0 0 133 
0 0 12 
0 0 9 
0 5 55 
0 0 68 
0 4 11 
0 0 33 
0 9 21 
0 7 38 
0 0 45 
0 3 82 
0 0 9 
0 0 48 
0 0 27 
0 0 46 
0 0 63 
0 0 42 
0 0 49 
0 4 9 
0 12 35 
0 9 44 
0 0 39 
0 0 19 
0 3 37 
0 0 33 
0 0 39 
0 0 65 
0 0 46 
0 0 99 
0 0 1 
0 0 16 
0 0 49 
0 0 29 
0 4 1 
0 16 5 
0 0 43 
0 0 40 
0 0 84 
0 0 27 
0 0 18 
0 0 17 
0 0 32 
0 0 15 
0 0 58 
0 0 158 
0 0 45 
0 4 48 
0 11 48 
0 0 10 
0 0 199 
0 0 67 
0 0 46 
0 10 25 
0 0 28 
0 0 50 
0 0 33 
0 9 31 
0 0 32 
0 0 23 
0 0 5 
0 0 87 
0 0 15 
0 0 78 
0 9 54 
0 0 13 
0 0 29 
0 1 59 
0 0 21 
0 2 44 
0 6 27 
0 11 54 
0 3 16 
0 1 31 
0 7 41 
0 0 26 
0 4 28 
0 0 19 
0 0 36 
0 0 15 
0 0 24 
0 0 47 
0 0 26 
0 0 49 
0 0 66 
0 0 23 
0 3 13 
0 0 204 
0 0 18 
0 2 38 
0 10 18 
0 0 114 
0 4 46 
0 0 40 
0 7 43 
0 0 5 
0 7 24 
0 0 19 
0 0 15 
0 7 40 
0 1 110 
0 3 22 
0 7 55 
0 0 35 
0 3 58 
0 0 23 
0 0 16 
0 0 26 
0 0 25 
0 5 46 
0 0 31 
0 0 63 
0 0 31 
0 0 59 
0 0 122 
0 0 39 
0 0 34 
0 0 25 
0 0 26 
0 0 63 
0 0 35 
0 0 9 
0 0 34 
0 0 80 
0 0 8 
0 0 34 
0 0 27 
0 1 53 
0 0 46 
0 0 59 
0 0 8 
0 0 41 
0 0 48 
0 1 21 
0 0 32 
0 0 42 
0 0 21 
0 0 121 
0 3 119 
0 0 19 
0 1 35 
0 0 108 
0 0 70 
0 0 23 
0 0 41 
0 0 69 
0 0 24 
0 0 13 
0 0 36 
0 0 88 
0 0 14 
0 0 111 
0 0 9 
0 6 57 
0 0 171 
0 6 38 
0 0 56 
0 1 53 
0 0 71 
0 0 121 
0 0 136 
0 0 1 
0 0 3 
0 1 14 
0 0 77 
0 0 98 
0 0 92 
0 0 60 
0 3 79 
0 0 59 
0 5 54 
0 12 20 
0 0 33 
0 0 27 
0 0 16 
0 0 41 
0 0 10 
0 0 56 
0 0 53 
0 0 78 
0 0 9 
0 4 20 
0 0 62 
0 0 46 
0 0 69 
0 0 35 
0 0 60 
0 0 80 
0 0 29 
0 0 127 
0 0 23 
0 3 13 
0 2 21 
0 0 20 
0 0 62 
0 0 53 
0 0 30 
0 0 42 
0 26 26 
0 14 17 
0 2 9 
0 0 38 
0 2 115 
0 0 26 
0 0 40 
0 1 51 
0 0 33 
0 0 75 
0 0 13 
0 0 48 
0 3 52 
0 0 4 
0 0 74 
0 0 109 
0 0 34 
0 0 50 
0 0 11 
0 0 45 
0 0 26 
0 3 12 
0 0 79 
0 0 63 
0 0 18 
0 0 40 
0 0 48 
0 0 21 
0 0 65 
0 0 56 
0 3 31 
0 0 77 
0 0 29 
0 7 21 
0 4 61 
0 1 13 
0 0 47 
0 2 50 
0 0 30 
0 0 39 
0 0 6 
0 0 22 
0 0 67 
0 0 74 
0 5 75 
0 1 17 
0 7 39 
0 0 8 
0 0 30 
0 0 47 
0 0 41 
0 7 61 
0 3 53 
0 0 36 
0 0 61 
0 0 55 
0 0 23 
0 0 56 
0 0 25 
0 0 10 
0 0 50 
0 0 25 
0 0 7 
0 0 50 
0 0 12 
0 0 31 
0 0 61 
0 0 39 
0 0 45 
0 21 36 
0 0 21 
0 0 20 
0 4 53 
0 1 13 
0 1 62 
0 0 19 
0 0 13 
0 5 33 
0 0 36 
0 0 27 
0 0 7 
0 0 13 
0 0 29 
0 0 36 
0 0 34 
0 0 11 
0 0 88 
0 0 18 
0 0 43 
0 0 41 
0 0 10 
0 0 48 
0 0 49 
0 0 46 
0 0 12 
0 0 51 
0 0 27 
0 0 34 
0 0 13 
0 0 26 
0 0 73 
0 0 135 
0 0 10 
0 0 116 
0 0 172 
0 0 30 
0 3 54 
0 0 153 
0 0 66 
0 0 30 
0 0 18 
0 0 17 
0 15 40 
0 0 137 
0 0 48 
0 0 27 
0 0 126 
0 0 37 
0 0 36 
0 0 10 
0 0 29 
0 0 55 
0 11 47 
0 5 19 
0 1 12 
0 0 36 
0 0 1 
0 3 30 
0 0 49 
0 0 91 
0 0 1 
0 0 51 
0 0 28 
0 0 39 
0 0 80 
0 0 40 
0 0 12 
0 0 5 
0 0 38 
0 0 69 
0 5 2 
0 0 21 
0 0 40 
0 0 0 
0 3 7 
0 0 27 
0 0 25 
0 1 19 
0 0 59 
0 0 10 
0 0 142 
0 0 40 
0 3 34 
0 0 20 
0 1 34 
0 0 166 
0 0 77 
0 0 69 
0 0 141 
0 0 13 
0 2 28 
0 0 43 
0 0 0 
0 0 72 
0 0 38 
0 0 160 
0 0 50 
0 0 56 
0 0 30 
0 0 27 
0 0 31 
0 0 64 
0 0 33 
0 0 49 
0 0 22 
0 0 17 
0 0 29 
0 0 47 
0 0 23 
0 0 25 
0 1 60 
0 1 15 
0 2 13 
0 3 85 
0 0 9 
0 0 66 
0 0 26 
0 0 80 
0 0 5 
0 6 21 
0 0 23 
0 3 63 
0 0 78 
0 0 44 
0 3 49 
0 0 43 
0 0 14 
0 0 27 
0 0 67 
0 0 56 
0 9 51 
0 0 17 
0 0 32 
0 0 54 
0 0 28 
0 0 48 
0 0 48 
0 17 30 
0 0 45 
0 0 37 
0 0 7 
0 0 26 
0 3 9 
0 0 28 
0 0 14 
0 0 32 
0 0 16 
0 0 54 
0 0 44 
0 0 23 
0 0 24 
0 0 35 
0 4 13 
0 0 17 
0 6 61 
0 0 70 
0 0 7 
0 0 6 
0 0 2 
0 0 70 
0 0 28 
0 0 115 
0 0 83 
0 0 46 
0 0 75 
0 0 16 
0 0 85 
0 0 47 
0 0 16 
0 19 7 
0 2 22 
0 2 9 
0 0 8 
0 0 22 
0 4 33 
0 0 17 
0 2 30 
0 0 30 
0 0 38 
0 0 57 
0 0 37 
0 0 20 
0 0 37 
0 3 22 
0 0 75 
0 0 35 
0 15 61 
0 5 10 
0 0 71 
0 0 34 
0 0 63 
0 0 40 
0 2 106 
0 0 17 
0 16 44 
0 0 64 
0 0 25 
0 0 73 
0 0 10 
0 0 12 
0 0 42 
0 4 65 
0 0 27 
0 10 41 
0 0 13 
0 0 57 
0 0 110 
0 2 24 
0 5 39 
0 0 27 
0 0 78 
0 0 33 
0 2 55 
0 11 92 
0 0 54 
0 0 12 
0 0 46 
0 0 62 
0 6 10 
0 0 15 
0 0 21 
0 0 89 
0 0 39 
0 4 55 
0 0 44 
0 1 19 
0 0 29 
0 0 1 
0 0 25 
0 0 9 
0 0 15 
0 0 61 
0 3 48 
0 0 18 
0 0 55 
0 16 67 
0 0 16 
0 4 56 
0 12 22 
0 0 59 
0 1 34 
0 0 66 
0 0 7 
0 5 5 
0 0 15 
0 0 99 
0 0 48 
0 0 11 
0 24 40 
0 4 18 
0 0 52 
0 0 27 
0 0 23 
0 0 21 
0 4 58 
0 2 81 
0 1 32 
0 10 24 
0 0 73 
0 0 111 
0 0 10 
0 0 21 
0 0 48 
0 0 25 
0 0 34 
0 0 12 
0 7 10 
0 10 14 
0 0 66 
0 3 19 
0 0 66 
0 0 23 
0 0 78 
0 0 63 
0 0 12 
0 0 21 
0 0 30 
0 0 19 
0 0 16 
0 14 26 
0 0 32 
0 0 36 
0 3 125 
0 0 24 
0 0 47 
0 0 36 
0 0 42 
0 0 32 
0 0 62 
0 0 9 
0 0 60 
0 5 15 
0 0 27 
0 0 55 
0 0 103 
0 0 27 
0 0 41 
0 0 19 
0 0 30 
0 0 15 
0 0 17 
0 3 87 
0 0 13 
0 0 33 
0 0 61 
0 0 55 
0 0 93 
0 3 64 
0 0 22 
0 0 18 
0 0 72 
0 5 21 
0 0 54 
0 8 67 
0 0 41 
0 0 12 
0 0 25 
0 0 127 
0 0 27 
0 0 104 
0 0 16 
0 0 45 
0 4 5 
0 0 19 
0 0 46 
0 0 78 
0 0 56 
0 0 2 
0 0 32 
0 1 79 
0 0 9 
0 0 30 
0 0 15 
0 10 27 
0 0 49 
0 0 20 
0 0 29 
0 0 0 
0 0 41 
0 1 3 
0 15 29 
0 0 81 
0 0 35 
0 0 87 
0 0 11 
0 0 16 
0 0 8 
0 0 11 
0 0 43 
0 0 30 
0 0 51 
0 0 93 
0 0 36 
0 0 14 
0 0 16 
0 0 72 
0 0 30 
0 2 17 
0 0 44 
0 3 22 
0 0 23 
0 0 41 
0 0 19 
0 24 27 
0 0 60 
0 0 64 
0 2 21 
0 0 50 
0 0 59 
0 0 67 
0 0 15 
0 0 61 
0 4 86 
0 0 26 
0 1 16 
0 0 18 
0 1 20 
0 0 20 
0 0 33 
0 3 19 
0 0 51 
0 0 42 
0 0 24 
0 0 12 
0 0 59 
0 0 74 
0 0 34 
0 0 74 
0 0 13 
0 0 29 
0 4 35 
0 0 58 
0 0 15 
0 0 18 
0 0 80 
0 3 94 
0 0 40 
0 0 13 
0 5 80 
0 0 50 
0 18 6 
0 0 15 
0 0 33 
0 0 34 
0 0 51 
0 0 28 
0 7 32 
0 0 23 
0 0 3 
0 2 11 
0 3 27 
0 0 67 
0 1 59 
0 0 28 
0 0 26 
0 0 3 
0 0 87 
0 0 39 
0 0 40 
0 22 73 
0 0 70 
0 0 36 
0 0 8 
0 0 9 
0 0 61 
0 0 40 
0 0 35 
0 0 30 
0 0 15 
0 10 146 
0 3 10 
0 0 19 
0 0 74 
0 0 22 
0 0 77 
0 0 48 
0 0 20 
0 0 14 
0 0 11 
0 0 64 
0 0 71 
0 3 59 
0 0 26 
0 0 21 
0 0 25 
0 0 45 
0 8 101 
0 0 15 
0 1 32 
0 0 54 
0 0 5 
0 0 56 
0 0 27 
0 0 10 
0 0 32 
0 0 17 
0 17 47 
0 0 19 
0 0 105 
0 0 20 
0 0 52 
0 0 58 
0 1 16 
0 0 56 
0 3 49 
0 0 47 
0 0 16 
0 2 45 
0 0 38 
0 0 7 
0 0 42 
0 0 35 
0 0 100 
0 0 65 
0 0 19 
0 8 17 
0 0 18 
0 0 28 
0 0 87 
0 0 25 
0 0 53 
0 0 37 
0 0 100 
0 0 44 
0 0 4 
0 0 16 
0 9 8 
0 5 22 
0 0 40 
0 0 24 
0 7 75 
0 2 54 
0 0 15 
0 0 15 
0 0 56 
0 0 3 
0 0 20 
0 0 16 
0 0 25 
0 0 29 
0 6 21 
0 0 53 
0 18 14 
0 0 30 
0 0 32 
0 0 29 
0 0 42 
0 0 84 
0 0 20 
0 0 50 
0 0 32 
0 0 18 
0 0 153 
0 0 36 
0 0 13 
0 1 39 
