0 21 183 
0 10 195 
0 17 178 
0 6 180 
0 8 128 
0 9 145 
0 20 172 
0 3 141 
0 24 180 
0 17 199 
0 23 146 
0 10 272 
0 32 150 
0 12 168 
0 14 142 
0 2 174 
0 15 260 
0 11 218 
0 6 118 
0 32 207 
0 17 203 
0 7 132 
0 17 203 
0 9 210 
0 1 227 
0 2 193 
0 2 194 
0 19 188 
0 4 208 
0 7 196 
0 22 189 
0 5 205 
0 12 132 
0 20 135 
0 10 253 
0 19 216 
0 3 162 
0 7 195 
0 28 188 
0 33 213 
0 14 254 
0 17 175 
0 5 193 
0 15 153 
0 48 200 
0 14 193 
0 6 177 
0 33 194 
0 22 130 
0 16 235 
0 27 176 
0 11 170 
0 26 188 
0 17 161 
0 14 300 
0 20 163 
0 11 185 
0 8 165 
0 25 195 
0 15 218 
0 14 146 
0 20 235 
0 17 197 
0 23 124 
0 24 229 
0 1 217 
0 33 174 
0 11 132 
0 10 209 
0 33 254 
0 7 253 
0 7 186 
0 16 125 
0 12 155 
0 29 248 
0 19 190 
0 0 191 
0 10 145 
0 34 176 
0 8 238 
0 22 137 
0 12 183 
0 14 129 
0 36 152 
0 4 177 
0 4 140 
0 9 271 
0 24 158 
0 19 144 
0 8 155 
0 18 146 
0 9 154 
0 16 196 
0 11 235 
0 18 141 
0 12 131 
0 42 225 
0 6 256 
0 15 160 
0 24 249 
0 4 244 
0 18 189 
0 14 160 
0 17 160 
0 17 144 
0 8 263 
0 10 150 
0 12 257 
0 15 222 
0 11 189 
0 12 133 
0 29 100 
0 17 243 
0 4 182 
0 8 193 
0 38 157 
0 3 178 
0 4 226 
0 13 133 
0 21 235 
0 8 165 
0 18 132 
0 17 207 
0 12 148 
0 16 233 
0 13 215 
0 28 184 
0 20 181 
0 3 159 
0 10 148 
0 41 118 
0 33 190 
0 19 169 
0 19 162 
0 4 211 
0 14 207 
0 12 221 
0 25 155 
0 5 173 
0 8 207 
0 22 256 
0 17 215 
0 3 228 
0 15 200 
0 16 209 
0 6 232 
0 18 145 
0 1 232 
0 14 170 
0 11 168 
0 31 179 
0 27 190 
0 11 176 
0 6 207 
0 12 253 
0 22 276 
0 11 156 
0 28 126 
0 69 110 
0 17 267 
0 22 170 
0 19 211 
0 12 176 
0 26 199 
0 16 139 
0 15 124 
0 20 150 
0 4 245 
0 8 271 
0 8 179 
0 42 172 
0 18 181 
0 4 148 
0 14 203 
0 3 173 
0 26 177 
0 2 156 
0 2 300 
0 23 172 
0 22 196 
0 12 188 
0 15 167 
0 22 203 
0 12 134 
0 8 171 
0 42 200 
0 5 190 
0 22 160 
0 33 133 
0 19 163 
0 17 136 
0 3 193 
0 18 150 
0 22 116 
0 15 187 
0 30 178 
0 42 140 
0 16 129 
0 23 133 
0 3 151 
0 15 162 
0 62 174 
0 12 191 
0 30 258 
0 20 132 
0 20 186 
0 23 116 
0 21 178 
0 6 195 
0 23 181 
0 31 187 
0 12 165 
0 6 238 
0 3 176 
0 18 176 
0 31 208 
0 11 215 
0 13 217 
0 29 187 
0 7 146 
0 5 175 
0 14 251 
0 1 249 
0 16 210 
0 31 212 
0 11 203 
0 12 217 
0 4 191 
0 4 208 
0 5 174 
0 7 205 
0 12 198 
0 8 173 
0 30 121 
0 24 173 
0 10 233 
0 43 135 
0 10 230 
0 8 188 
0 21 228 
0 10 158 
0 23 191 
0 7 129 
0 13 167 
0 18 168 
0 27 118 
0 17 204 
0 2 188 
0 8 104 
0 2 200 
0 13 200 
0 1 194 
0 8 235 
0 42 159 
0 7 182 
0 18 165 
0 15 144 
0 28 138 
0 16 270 
0 15 233 
0 5 207 
0 14 166 
0 10 179 
0 24 181 
0 30 215 
0 13 134 
0 39 122 
0 10 155 
0 7 216 
0 16 171 
0 41 204 
0 6 254 
0 1 187 
0 19 137 
0 9 199 
0 11 181 
0 19 242 
0 15 182 
0 15 227 
0 12 175 
0 10 151 
0 11 185 
0 14 236 
0 38 171 
0 30 140 
0 39 190 
0 19 158 
0 12 178 
0 8 175 
0 6 195 
0 7 155 
0 14 184 
0 19 199 
0 4 145 
0 6 267 
0 16 132 
0 15 153 
0 6 234 
0 2 187 
0 10 179 
0 9 292 
0 8 242 
0 16 260 
0 2 237 
0 24 142 
0 28 218 
0 34 187 
0 11 198 
0 27 121 
0 15 202 
0 17 133 
0 5 160 
0 29 212 
0 15 227 
0 7 170 
0 24 133 
0 13 174 
0 1 189 
0 14 277 
0 10 149 
0 8 171 
0 16 176 
0 25 161 
0 31 175 
0 18 213 
0 31 193 
0 20 127 
0 10 177 
0 7 208 
0 11 216 
0 16 148 
0 11 146 
0 12 191 
0 24 151 
0 2 205 
0 6 198 
0 10 142 
0 17 168 
0 16 184 
0 7 199 
0 10 239 
0 27 157 
0 23 199 
0 4 182 
0 10 234 
0 6 165 
0 14 163 
0 21 202 
0 9 201 
0 16 170 
0 21 203 
0 16 210 
0 9 179 
0 9 239 
0 6 170 
0 19 175 
0 6 165 
0 13 242 
0 16 203 
0 14 97 
0 8 140 
0 15 263 
0 9 116 
0 12 210 
0 31 156 
0 8 208 
0 14 201 
0 16 161 
0 4 124 
0 10 143 
0 15 184 
0 10 244 
0 12 132 
0 4 172 
0 2 182 
0 12 180 
0 11 226 
0 18 217 
0 30 215 
0 15 170 
0 13 180 
0 14 208 
0 11 263 
0 16 215 
0 25 259 
0 3 156 
0 8 199 
0 10 167 
0 11 145 
0 9 163 
0 39 129 
0 20 194 
0 22 268 
0 22 189 
0 16 221 
0 16 192 
0 42 118 
0 17 102 
0 5 230 
0 42 163 
0 7 241 
0 2 118 
0 12 101 
0 7 201 
0 16 261 
0 4 192 
0 10 228 
0 14 161 
0 22 127 
0 10 139 
0 25 108 
0 17 208 
0 14 142 
0 10 188 
0 27 207 
0 9 169 
0 11 194 
0 7 201 
0 15 175 
0 2 186 
0 20 206 
0 4 240 
0 19 195 
0 14 212 
0 16 223 
0 6 142 
0 17 204 
0 16 170 
0 6 349 
0 9 218 
0 20 176 
0 18 231 
0 0 197 
0 20 164 
0 22 163 
0 24 182 
0 12 173 
0 11 196 
0 9 164 
0 13 168 
0 16 153 
0 17 182 
0 16 166 
0 6 193 
0 13 211 
0 24 115 
0 5 222 
0 24 221 
0 6 193 
0 33 203 
0 11 122 
0 4 125 
0 20 169 
0 13 209 
0 3 235 
0 3 219 
0 9 192 
0 11 175 
0 11 237 
0 20 229 
0 11 189 
0 15 147 
0 33 151 
0 15 212 
0 28 171 
0 14 161 
0 2 176 
0 3 261 
0 9 245 
0 17 127 
0 6 258 
0 31 127 
0 13 236 
0 9 192 
0 18 172 
0 26 162 
0 2 217 
0 12 143 
0 9 223 
0 5 142 
0 38 188 
0 2 158 
0 30 203 
0 1 170 
0 8 166 
0 6 193 
0 15 194 
0 38 152 
0 15 187 
0 32 151 
0 7 143 
0 27 170 
0 9 163 
0 15 180 
0 7 111 
0 30 131 
0 11 183 
0 34 162 
0 31 261 
0 1 239 
0 13 182 
0 11 209 
0 11 172 
0 26 220 
0 15 243 
0 29 232 
0 16 150 
0 9 207 
0 19 150 
0 6 202 
0 1 229 
0 35 157 
0 15 156 
0 15 92 
0 1 210 
0 21 185 
0 12 153 
0 16 206 
0 14 175 
0 17 219 
0 5 146 
0 25 169 
0 16 186 
0 43 151 
0 7 150 
0 15 188 
0 5 182 
0 18 211 
0 14 131 
0 3 142 
0 5 182 
0 7 162 
0 27 181 
0 17 178 
0 6 126 
0 9 224 
0 32 185 
0 13 172 
0 14 204 
0 19 158 
0 29 204 
0 9 230 
0 9 190 
0 8 178 
0 6 159 
0 13 221 
0 5 107 
0 10 263 
0 9 145 
0 4 147 
0 10 176 
0 35 197 
0 9 206 
0 18 147 
0 6 184 
0 9 188 
0 9 211 
0 17 142 
0 13 136 
0 14 142 
0 6 200 
0 4 221 
0 6 163 
0 14 154 
0 9 179 
0 15 211 
0 14 272 
0 9 280 
0 23 191 
0 10 174 
0 25 212 
0 7 118 
0 4 223 
0 26 221 
0 33 136 
0 21 144 
0 9 153 
0 27 203 
0 2 192 
0 56 178 
0 5 214 
0 18 135 
0 20 143 
0 25 115 
0 22 167 
0 22 217 
0 47 164 
0 23 127 
0 5 186 
0 24 90 
0 19 199 
0 11 304 
0 29 126 
0 4 177 
0 14 291 
0 8 143 
0 11 326 
0 6 149 
0 37 156 
0 73 162 
0 11 146 
0 25 181 
0 16 185 
0 26 124 
0 14 218 
0 35 155 
0 13 132 
0 15 171 
0 30 187 
0 21 231 
0 58 136 
0 15 131 
0 10 139 
0 6 207 
0 27 144 
0 29 194 
0 13 107 
0 20 236 
0 14 172 
0 25 128 
0 11 174 
0 9 245 
0 13 163 
0 19 189 
0 18 198 
0 3 211 
0 7 161 
0 25 148 
0 34 129 
0 13 139 
0 10 236 
0 7 135 
0 13 208 
0 26 165 
0 26 156 
0 11 239 
0 15 166 
0 22 129 
0 68 152 
0 12 193 
0 18 164 
0 26 186 
0 9 169 
0 6 215 
0 7 193 
0 3 183 
0 43 205 
0 27 174 
0 26 109 
0 14 207 
0 20 121 
0 42 175 
0 0 133 
0 17 134 
0 3 156 
0 17 151 
0 53 112 
0 14 328 
0 21 177 
0 6 157 
0 6 110 
0 13 122 
0 17 213 
0 29 166 
0 21 211 
0 1 166 
0 35 229 
0 22 189 
0 20 173 
0 13 208 
0 6 229 
0 4 188 
0 3 102 
0 10 116 
0 6 195 
0 15 212 
0 8 193 
0 2 150 
0 11 199 
0 36 152 
0 8 151 
0 14 223 
0 5 145 
0 22 152 
0 11 165 
0 2 137 
0 8 177 
0 19 142 
0 8 169 
0 6 222 
0 4 166 
0 17 228 
0 22 143 
0 7 148 
0 9 229 
0 7 189 
0 5 108 
0 15 178 
0 7 137 
0 27 178 
0 8 177 
0 13 255 
0 17 223 
0 20 219 
0 7 228 
0 14 172 
0 8 239 
0 9 206 
0 20 207 
0 23 187 
0 29 263 
0 9 271 
0 2 224 
0 8 209 
0 0 175 
0 5 143 
0 13 189 
0 16 286 
0 5 149 
0 18 150 
0 28 175 
0 8 121 
0 41 197 
0 3 163 
0 4 135 
0 33 149 
0 7 175 
0 16 234 
0 6 190 
0 22 195 
0 13 123 
0 2 198 
0 21 165 
0 9 194 
0 17 234 
0 15 228 
0 19 129 
0 19 179 
0 30 139 
0 23 169 
0 6 148 
0 15 208 
0 20 242 
0 29 192 
0 21 179 
0 3 136 
0 7 172 
0 6 163 
0 11 170 
0 19 159 
0 1 118 
0 0 186 
0 22 212 
0 19 185 
0 8 147 
0 9 192 
0 26 188 
0 13 192 
0 1 220 
0 24 171 
0 11 160 
0 7 217 
0 31 171 
0 27 203 
0 26 132 
0 28 134 
0 20 154 
0 4 251 
0 24 156 
0 10 203 
0 7 206 
0 23 148 
0 13 148 
0 19 162 
0 1 185 
0 16 221 
0 13 240 
0 22 241 
0 31 149 
0 25 185 
0 27 174 
0 37 108 
0 26 219 
0 22 193 
0 9 214 
0 0 156 
0 5 281 
0 49 158 
0 30 155 
0 14 236 
0 11 237 
0 10 205 
0 41 143 
0 16 183 
0 3 245 
0 20 133 
0 10 217 
0 15 197 
0 12 155 
0 7 213 
0 29 169 
0 24 136 
0 3 209 
0 16 171 
0 14 209 
0 22 143 
0 9 234 
0 0 168 
0 25 241 
0 7 176 
0 30 211 
0 5 191 
0 9 122 
0 16 153 
0 22 264 
0 3 181 
0 8 137 
0 24 199 
0 24 211 
0 3 214 
0 13 189 
0 4 251 
0 34 162 
0 18 190 
0 2 216 
0 3 188 
0 30 198 
0 20 133 
0 32 196 
0 5 214 
0 11 237 
0 2 205 
0 16 141 
0 3 231 
0 21 180 
0 17 162 
0 20 181 
0 19 139 
0 14 202 
0 39 210 
0 7 245 
0 26 141 
0 24 219 
0 21 236 
0 14 192 
0 15 147 
0 26 162 
0 24 152 
0 30 129 
0 7 199 
0 10 241 
0 20 278 
0 22 153 
0 8 199 
0 17 173 
0 13 181 
0 1 254 
0 9 151 
0 27 166 
0 14 200 
0 12 160 
0 22 267 
0 18 176 
0 19 211 
0 1 210 
0 22 231 
0 16 152 
0 24 241 
0 15 215 
0 10 131 
0 14 129 
0 12 287 
0 5 150 
0 29 152 
0 24 137 
0 22 157 
0 8 168 
0 11 278 
0 20 100 
0 9 147 
0 7 124 
0 14 160 
0 14 222 
0 18 174 
0 9 146 
0 5 169 
0 6 146 
0 4 227 
0 19 165 
0 0 284 
0 24 180 
0 1 247 
0 4 195 
0 18 154 
0 9 122 
0 1 118 
0 18 221 
0 15 108 
0 29 183 
0 3 132 
0 14 252 
0 19 246 
0 3 244 
0 9 216 
0 0 222 
0 8 187 
0 18 175 
0 4 200 
0 16 136 
0 19 222 
0 25 119 
0 49 148 
0 18 173 
0 23 153 
0 7 183 
0 16 194 
0 14 130 
0 29 149 
0 7 204 
0 5 175 
0 1 180 
0 7 197 
0 12 122 
0 22 189 
0 12 161 
0 11 214 
0 3 108 
0 6 196 
0 10 155 
0 2 142 
0 30 156 
0 17 142 
0 25 145 
0 17 170 
0 21 212 
0 30 122 
0 4 222 
0 15 184 
0 5 264 
0 19 193 
0 1 208 
0 20 225 
0 22 195 
0 19 148 
0 10 206 
0 13 202 
0 24 180 
0 5 165 
0 15 224 
0 16 162 
0 36 234 
0 17 169 
0 18 178 
0 5 221 
0 13 105 
0 4 191 
0 16 168 
0 23 248 
0 7 222 
0 34 176 
0 26 174 
0 26 215 
0 6 150 
0 14 133 
0 20 164 
0 6 259 
0 8 135 
0 11 229 
0 5 221 
0 21 157 
0 17 165 
0 8 173 
0 10 124 
0 8 229 
0 33 147 
0 16 159 
0 9 183 
0 12 220 
0 13 220 
0 7 145 
0 3 236 
0 16 183 
0 6 222 
0 21 142 
0 22 152 
0 26 164 
0 11 245 
0 3 158 
0 16 182 
0 20 138 
0 3 217 
0 15 176 
0 20 180 
0 10 222 
0 1 209 
0 13 185 
0 18 226 
0 14 204 
0 3 180 
0 28 157 
