0 9 164 
0 0 129 
0 41 133 
0 10 103 
0 41 185 
0 14 248 
0 1 161 
0 15 139 
0 24 118 
0 20 190 
0 15 161 
0 10 169 
0 30 189 
0 15 157 
0 19 172 
0 23 215 
0 31 144 
0 3 162 
0 13 140 
0 29 174 
0 34 110 
0 4 288 
0 62 142 
0 17 142 
0 19 254 
0 11 168 
0 13 201 
0 36 144 
0 12 209 
0 12 164 
0 34 190 
0 1 124 
0 22 141 
0 5 201 
0 0 193 
0 8 182 
0 12 189 
0 10 259 
0 16 153 
0 20 161 
0 12 331 
0 14 281 
0 8 283 
0 5 167 
0 20 216 
0 35 205 
0 8 189 
0 19 171 
0 4 247 
0 27 163 
0 2 157 
0 23 233 
0 15 239 
0 3 136 
0 20 148 
0 12 162 
0 18 131 
0 3 128 
0 16 125 
0 5 258 
0 2 195 
0 13 204 
0 10 180 
0 18 223 
0 19 272 
0 10 220 
0 7 152 
0 4 161 
0 4 264 
0 29 216 
0 14 138 
0 28 204 
0 9 219 
0 23 207 
0 4 205 
0 17 213 
0 15 173 
0 12 223 
0 1 180 
0 0 154 
0 10 214 
0 34 86 
0 25 236 
0 23 240 
0 39 259 
0 60 202 
0 21 116 
0 28 184 
0 41 160 
0 8 293 
0 19 228 
0 2 230 
0 8 181 
0 18 135 
0 17 180 
0 13 147 
0 1 159 
0 35 207 
0 23 196 
0 2 287 
0 3 222 
0 19 181 
0 7 145 
0 29 134 
0 28 141 
0 8 268 
0 17 160 
0 13 146 
0 3 194 
0 11 217 
0 14 143 
0 0 157 
0 6 167 
0 19 166 
0 8 191 
0 33 136 
0 35 254 
0 4 205 
0 6 187 
0 40 180 
0 8 133 
0 5 175 
0 20 160 
0 14 161 
0 6 270 
0 1 112 
0 22 148 
0 8 138 
0 11 232 
0 20 195 
0 55 142 
0 3 208 
0 7 129 
0 16 146 
0 2 239 
0 15 133 
0 6 221 
0 12 263 
0 3 230 
0 11 269 
0 35 160 
0 9 191 
0 1 164 
0 3 152 
0 17 248 
0 35 101 
0 21 132 
0 31 149 
0 3 202 
0 11 186 
0 18 231 
0 17 174 
0 43 223 
0 16 287 
0 10 207 
0 52 187 
0 12 155 
0 18 158 
0 4 157 
0 18 198 
0 13 298 
0 10 219 
0 14 146 
0 2 179 
0 27 203 
0 8 238 
0 23 122 
0 21 229 
0 11 146 
0 12 269 
0 6 170 
0 7 189 
0 0 141 
0 9 144 
0 9 121 
0 32 194 
0 6 148 
0 17 183 
0 40 168 
0 4 97 
0 24 150 
0 8 272 
0 8 286 
0 6 169 
0 10 188 
0 22 288 
0 12 172 
0 7 161 
0 30 171 
0 24 170 
0 36 192 
0 25 149 
0 29 300 
0 24 155 
0 4 161 
0 13 148 
0 34 198 
0 16 170 
0 39 238 
0 17 195 
0 8 237 
0 9 237 
0 29 124 
0 3 308 
0 12 229 
0 7 131 
0 24 186 
0 13 202 
0 20 198 
0 7 259 
0 18 199 
0 5 189 
0 7 142 
0 4 159 
0 7 135 
0 17 114 
0 0 172 
0 3 175 
0 3 258 
0 18 154 
0 26 201 
0 0 143 
0 22 194 
0 0 122 
0 8 210 
0 10 165 
0 27 207 
0 8 200 
0 2 226 
0 11 206 
0 13 217 
0 40 148 
0 9 195 
0 9 171 
0 29 147 
0 18 181 
0 16 196 
0 7 188 
0 25 212 
0 11 151 
0 16 123 
0 20 273 
0 8 174 
0 12 143 
0 2 144 
0 43 220 
0 15 172 
0 8 160 
0 7 215 
0 9 220 
0 13 203 
0 0 191 
0 17 148 
0 17 174 
0 31 162 
0 29 192 
0 20 184 
0 13 174 
0 33 230 
0 2 264 
0 9 203 
0 28 159 
0 7 128 
0 10 204 
0 23 128 
0 0 279 
0 7 211 
0 5 181 
0 5 142 
0 5 266 
0 5 172 
0 28 288 
0 14 141 
0 10 202 
0 13 203 
0 1 152 
0 11 82 
0 20 162 
0 13 194 
0 6 136 
0 19 231 
0 2 327 
0 42 226 
0 4 427 
0 4 284 
0 8 147 
0 32 100 
0 51 180 
0 35 185 
0 3 150 
0 31 167 
0 0 179 
0 6 121 
0 35 147 
0 5 112 
0 8 225 
0 9 138 
0 6 131 
0 21 204 
0 9 166 
0 6 169 
0 14 192 
0 16 154 
0 6 182 
0 6 178 
0 13 254 
0 7 116 
0 25 177 
0 12 204 
0 28 177 
0 19 164 
0 29 182 
0 13 223 
0 19 165 
0 10 195 
0 31 170 
0 22 204 
0 42 182 
0 4 166 
0 17 141 
0 12 312 
0 21 167 
0 29 198 
0 23 192 
0 14 175 
0 2 228 
0 4 226 
0 17 129 
0 14 296 
0 33 139 
0 3 275 
0 5 222 
0 5 146 
0 16 195 
0 14 258 
0 13 182 
0 27 219 
0 3 222 
0 10 115 
0 2 191 
0 17 189 
0 20 190 
0 18 242 
0 5 193 
0 6 232 
0 13 137 
0 28 157 
0 3 192 
0 10 142 
0 13 193 
0 17 159 
0 0 232 
0 17 203 
0 11 137 
0 8 210 
0 0 136 
0 6 258 
0 0 183 
0 48 218 
0 6 124 
0 18 178 
0 25 199 
0 22 162 
0 10 171 
0 8 210 
0 27 261 
0 0 249 
0 2 152 
0 9 151 
0 4 132 
0 18 123 
0 17 195 
0 43 156 
0 10 152 
0 2 146 
0 34 129 
0 18 131 
0 65 201 
0 14 139 
0 7 229 
0 4 153 
0 11 132 
0 29 85 
0 23 133 
0 16 329 
0 17 253 
0 29 206 
0 11 235 
0 27 164 
0 9 223 
0 17 193 
0 15 197 
0 5 279 
0 5 215 
0 12 107 
0 7 172 
0 8 152 
0 4 199 
0 28 180 
0 17 168 
0 9 164 
0 22 165 
0 10 157 
0 13 182 
0 47 268 
0 5 162 
0 21 172 
0 4 223 
0 12 141 
0 6 211 
0 6 208 
0 9 162 
0 31 186 
0 5 234 
0 1 137 
0 17 193 
0 25 154 
0 10 284 
0 10 127 
0 19 185 
0 10 149 
0 35 192 
0 43 134 
0 14 204 
0 19 182 
0 26 216 
0 29 228 
0 8 194 
0 33 169 
0 29 147 
0 3 195 
0 1 83 
0 5 173 
0 16 158 
0 3 291 
0 36 303 
0 19 214 
0 2 192 
0 0 248 
0 6 166 
0 9 147 
0 11 181 
0 33 128 
0 24 191 
0 13 198 
0 36 167 
0 7 216 
0 17 150 
0 31 128 
0 0 188 
0 0 93 
0 12 152 
0 15 264 
0 13 176 
0 0 105 
0 23 174 
0 38 252 
0 3 239 
0 2 310 
0 9 118 
0 17 240 
0 19 171 
0 15 142 
0 9 73 
0 2 205 
0 7 172 
0 0 168 
0 27 243 
0 10 236 
0 17 298 
0 4 201 
0 29 154 
0 24 250 
0 36 245 
0 13 183 
0 62 139 
0 11 150 
0 0 92 
0 1 105 
0 24 246 
0 13 231 
0 7 136 
0 24 157 
0 8 237 
0 17 157 
0 7 228 
0 8 233 
0 0 210 
0 16 268 
0 12 140 
0 7 211 
0 0 248 
0 0 211 
0 17 236 
0 21 172 
0 37 173 
0 16 230 
0 14 109 
0 6 110 
0 30 249 
0 47 152 
0 16 140 
0 30 199 
0 9 194 
0 35 222 
0 19 135 
0 24 133 
0 14 270 
0 11 154 
0 6 148 
0 7 153 
0 50 154 
0 3 266 
0 21 157 
0 25 264 
0 15 224 
0 22 208 
0 14 181 
0 8 191 
0 33 123 
0 0 188 
0 18 230 
0 14 151 
0 5 207 
0 11 201 
0 30 218 
0 2 149 
0 22 228 
0 21 103 
0 26 226 
0 33 160 
0 5 146 
0 5 183 
0 2 156 
0 15 113 
0 14 142 
0 32 189 
0 4 96 
0 0 193 
0 6 141 
0 9 169 
0 12 249 
0 24 157 
0 20 174 
0 32 149 
0 26 176 
0 26 190 
0 32 192 
0 4 317 
0 7 159 
0 24 236 
0 18 237 
0 16 179 
0 17 178 
0 15 200 
0 1 154 
0 9 253 
0 0 226 
0 3 147 
0 22 158 
0 2 151 
0 20 101 
0 6 309 
0 8 115 
0 12 278 
0 10 170 
0 7 166 
0 3 221 
0 16 198 
0 13 246 
0 3 163 
0 14 197 
0 19 161 
0 0 179 
0 15 300 
0 15 183 
0 13 136 
0 10 187 
0 22 225 
0 3 180 
0 12 290 
0 18 236 
0 28 177 
0 21 167 
0 38 172 
0 3 135 
0 24 194 
0 14 234 
0 1 129 
0 20 95 
0 19 186 
0 30 250 
0 2 148 
0 8 123 
0 19 217 
0 26 183 
0 4 140 
0 8 215 
0 13 182 
0 5 202 
0 14 181 
0 18 225 
0 10 243 
0 2 163 
0 10 83 
0 48 221 
0 3 171 
0 8 187 
0 18 228 
0 11 218 
0 19 155 
0 13 225 
0 20 264 
0 19 125 
0 9 233 
0 19 174 
0 7 135 
0 23 138 
0 14 223 
0 13 126 
0 3 203 
0 31 225 
0 22 192 
0 3 201 
0 5 191 
0 9 213 
0 10 159 
0 6 181 
0 3 162 
0 14 176 
0 12 148 
0 42 152 
0 15 124 
0 17 228 
0 40 130 
0 8 126 
0 5 212 
0 42 122 
0 3 135 
0 11 134 
0 17 122 
0 20 168 
0 6 117 
0 19 210 
0 10 190 
0 12 398 
0 37 158 
0 2 144 
0 6 187 
0 6 174 
0 6 131 
0 22 269 
0 7 182 
0 8 145 
0 4 239 
0 12 151 
0 18 220 
0 1 155 
0 9 145 
0 22 173 
0 2 222 
0 30 189 
0 6 198 
0 38 129 
0 16 136 
0 16 169 
0 6 171 
0 7 107 
0 27 140 
0 8 165 
0 7 309 
0 3 220 
0 17 139 
0 12 207 
0 25 154 
0 16 236 
0 20 225 
0 8 145 
0 8 137 
0 9 156 
0 1 268 
0 18 184 
0 6 154 
0 46 165 
0 16 188 
0 4 150 
0 12 124 
0 7 141 
0 16 112 
0 48 175 
0 24 137 
0 17 225 
0 11 203 
0 6 112 
0 2 198 
0 36 194 
0 17 250 
0 56 184 
0 16 144 
0 7 152 
0 12 248 
0 3 194 
0 6 149 
0 32 164 
0 13 132 
0 30 167 
0 14 185 
0 19 228 
0 0 89 
0 6 130 
0 10 188 
0 11 209 
0 15 163 
0 4 181 
0 12 315 
0 24 135 
0 36 128 
0 0 263 
0 9 111 
0 11 122 
0 1 158 
0 2 199 
0 22 248 
0 10 180 
0 29 190 
0 0 271 
0 15 172 
0 4 262 
0 27 161 
0 28 220 
0 2 190 
0 6 243 
0 13 205 
0 4 121 
0 24 197 
0 24 186 
0 8 167 
0 6 171 
0 23 221 
0 0 276 
0 4 152 
0 8 193 
0 8 207 
0 0 167 
0 38 298 
0 12 162 
0 5 145 
0 7 261 
0 5 194 
0 13 129 
0 58 194 
0 18 230 
0 41 210 
0 0 156 
0 8 146 
0 4 164 
0 20 245 
0 7 207 
0 24 176 
0 18 185 
0 11 190 
0 8 143 
0 0 191 
0 19 140 
0 10 147 
0 13 216 
0 28 115 
0 26 197 
0 20 132 
0 7 156 
0 28 166 
0 3 130 
0 13 246 
0 11 100 
0 3 205 
0 6 149 
0 17 193 
0 7 181 
0 22 194 
0 26 191 
0 21 318 
0 7 173 
0 5 197 
0 7 222 
0 12 119 
0 4 114 
0 11 196 
0 17 209 
0 17 275 
0 23 110 
0 33 153 
0 6 222 
0 37 235 
0 2 205 
0 1 118 
0 0 159 
0 14 235 
0 4 197 
0 2 233 
0 14 258 
0 1 251 
0 36 218 
0 7 243 
0 17 112 
0 34 147 
0 25 187 
0 5 233 
0 31 183 
0 13 249 
0 3 158 
0 13 173 
0 3 122 
0 7 279 
0 14 271 
0 19 240 
0 21 141 
0 11 171 
0 0 233 
0 0 183 
0 3 113 
0 23 151 
0 17 209 
0 17 145 
0 11 225 
0 10 173 
0 51 122 
0 16 214 
0 15 209 
0 30 153 
0 1 179 
0 8 244 
0 26 299 
0 13 154 
0 12 238 
0 9 249 
0 22 169 
0 16 124 
0 8 171 
0 8 65 
0 5 142 
0 3 159 
0 29 261 
0 11 205 
0 10 121 
0 5 158 
0 4 136 
0 10 236 
0 12 206 
0 1 148 
0 31 245 
0 10 192 
0 33 220 
0 0 173 
0 15 239 
0 1 168 
0 8 275 
0 10 210 
0 21 230 
0 17 228 
0 36 232 
0 22 194 
0 6 242 
0 10 189 
0 33 260 
0 2 178 
0 4 154 
0 17 109 
0 18 167 
0 15 148 
0 7 201 
0 7 225 
0 15 230 
0 16 136 
0 14 152 
0 11 216 
0 15 259 
0 18 186 
0 56 149 
0 5 161 
0 7 180 
0 6 170 
0 23 174 
0 8 106 
0 16 229 
0 22 201 
0 8 168 
0 29 215 
0 0 242 
0 0 144 
0 34 165 
0 2 202 
0 2 191 
0 21 143 
0 31 192 
0 10 219 
0 25 137 
0 8 104 
0 17 148 
0 9 189 
0 10 218 
0 10 84 
0 7 172 
0 8 152 
0 6 135 
0 20 232 
0 9 110 
0 17 177 
0 20 267 
0 17 175 
0 32 195 
0 4 123 
0 2 146 
0 16 203 
0 9 210 
0 21 221 
0 18 205 
0 36 121 
0 3 222 
0 27 188 
0 28 100 
0 16 83 
0 3 156 
0 16 116 
0 26 183 
0 10 155 
0 16 236 
0 23 190 
0 0 167 
0 18 301 
0 18 215 
0 2 173 
0 35 162 
0 6 129 
0 10 248 
0 6 139 
0 11 252 
0 37 197 
0 30 285 
0 2 202 
0 11 262 
0 23 214 
0 3 191 
0 16 128 
0 20 191 
0 11 150 
0 16 193 
0 8 147 
0 19 175 
0 2 215 
0 17 245 
0 5 255 
0 9 71 
0 19 347 
0 19 179 
0 17 143 
0 19 101 
0 9 177 
0 8 235 
0 8 215 
0 14 247 
0 24 178 
0 29 232 
0 26 119 
0 4 161 
0 10 147 
0 3 254 
0 34 186 
0 28 180 
0 27 111 
0 43 213 
0 20 236 
0 24 247 
0 22 195 
0 22 117 
0 30 171 
0 1 190 
0 2 90 
0 0 215 
0 13 190 
0 24 138 
0 35 164 
0 6 81 
0 8 216 
0 14 161 
0 0 326 
0 27 186 
0 10 305 
0 31 168 
0 1 143 
0 12 176 
0 5 204 
0 3 195 
0 0 276 
0 7 198 
0 44 105 
0 6 212 
0 27 106 
0 27 147 
0 9 96 
0 7 131 
