6 67 120 23 0 
9 46 163 63 0 
27 76 173 88 29 
7 50 113 83 0 
35 9 224 84 0 
15 75 192 38 0 
1 24 242 205 0 
3 60 90 93 1 
2 68 259 19 0 
9 55 191 51 0 
20 76 99 98 19 
0 73 60 60 0 
14 53 122 71 0 
1 40 138 141 0 
4 96 253 51 0 
1 71 178 25 0 
5 82 163 76 0 
0 83 147 4 0 
13 42 252 21 1 
4 42 190 146 0 
23 158 141 105 0 
0 147 65 160 4 
2 160 210 119 0 
2 38 36 164 0 
0 40 128 130 1 
12 49 243 131 0 
28 22 152 53 1 
5 113 107 132 25 
11 58 174 33 1 
0 44 202 129 1 
7 20 312 56 0 
2 101 88 46 1 
17 165 161 103 0 
19 56 186 29 2 
4 41 119 26 6 
8 34 177 86 0 
1 40 286 66 0 
1 114 215 96 0 
9 84 271 22 5 
0 89 177 127 3 
4 79 82 104 5 
4 80 185 52 7 
8 83 192 51 2 
8 91 99 117 0 
5 84 206 82 0 
10 62 102 40 0 
4 60 198 83 0 
19 113 150 57 0 
23 88 129 10 0 
12 56 142 27 0 
1 69 123 144 0 
5 57 150 70 0 
14 51 204 49 2 
7 109 105 27 16 
0 105 231 158 1 
6 140 224 86 1 
10 104 72 80 0 
9 147 205 36 2 
14 32 83 34 0 
2 45 223 120 8 
3 61 82 69 1 
17 37 187 18 0 
2 68 157 74 0 
4 109 122 98 0 
2 59 205 91 0 
1 121 189 388 0 
0 97 157 52 1 
4 54 126 16 0 
5 109 114 17 0 
4 104 101 67 0 
7 68 105 30 0 
2 62 152 118 15 
18 67 247 63 11 
12 68 81 79 2 
34 28 186 64 2 
0 58 277 130 0 
1 38 154 89 2 
5 7 320 26 0 
31 40 111 75 0 
6 77 193 43 0 
5 39 102 120 1 
14 93 161 61 0 
17 65 156 55 3 
5 107 157 20 0 
5 76 243 20 5 
5 51 157 49 2 
11 92 142 48 0 
1 31 320 51 0 
7 59 264 39 7 
0 76 189 9 1 
0 63 183 33 0 
7 84 145 66 0 
1 192 81 16 1 
11 55 269 97 44 
3 41 178 140 85 
0 17 240 63 0 
19 44 185 60 0 
10 79 149 176 0 
4 79 178 135 3 
5 133 90 126 76 
4 150 134 95 51 
12 80 208 40 4 
8 49 204 40 0 
2 43 175 84 20 
2 38 189 8 0 
8 89 281 146 0 
3 158 151 77 0 
10 83 128 37 0 
1 72 299 37 0 
5 79 121 85 0 
16 75 176 42 0 
11 89 240 117 30 
1 53 205 98 0 
9 41 148 25 1 
2 110 199 136 0 
8 98 156 68 7 
1 141 163 112 0 
11 150 97 53 0 
1 138 114 55 5 
7 29 202 86 0 
0 49 188 42 0 
14 54 195 60 0 
5 71 97 112 0 
7 49 293 52 0 
9 61 268 16 0 
0 42 130 111 0 
8 21 231 35 15 
2 82 362 64 21 
2 29 204 45 2 
23 51 211 58 88 
1 56 173 103 0 
8 15 91 48 0 
4 36 131 20 1 
10 91 151 81 1 
4 36 165 75 0 
4 94 187 32 0 
3 19 190 52 0 
4 41 225 50 0 
8 96 219 77 0 
7 14 58 36 0 
8 89 177 32 0 
13 97 249 93 0 
3 47 281 232 0 
12 30 186 73 0 
6 94 200 53 20 
5 64 178 158 0 
3 101 141 39 7 
9 66 207 136 30 
0 41 310 27 0 
8 24 137 60 0 
7 96 176 68 0 
9 27 83 62 0 
20 55 207 87 1 
6 93 91 66 0 
2 40 168 76 9 
8 30 103 14 0 
2 47 136 77 0 
5 82 129 53 0 
1 116 143 170 2 
3 99 167 32 3 
20 105 157 40 0 
8 91 195 54 61 
2 75 306 10 1 
35 26 167 134 0 
2 73 264 65 0 
17 74 205 47 6 
0 81 51 83 17 
10 64 216 37 0 
10 68 273 11 0 
21 79 88 99 4 
6 131 153 83 0 
10 67 199 59 1 
3 91 246 80 0 
18 85 127 63 0 
5 72 170 45 1 
4 75 128 63 0 
0 106 107 22 0 
13 44 158 14 0 
23 59 192 124 6 
0 205 196 113 0 
1 88 258 33 0 
1 56 185 166 0 
0 56 150 30 0 
8 42 117 68 0 
3 46 154 129 0 
0 86 405 25 44 
6 56 287 97 1 
2 47 196 90 1 
3 130 102 49 10 
11 96 200 65 3 
4 85 124 62 18 
3 65 126 70 0 
3 72 213 31 0 
13 26 336 42 0 
6 92 236 66 0 
2 107 125 90 3 
8 84 208 36 0 
21 93 375 49 0 
5 68 203 34 12 
2 61 92 54 5 
0 103 192 30 0 
12 83 186 46 12 
11 170 165 98 0 
9 84 194 120 0 
8 43 193 7 0 
17 46 140 71 0 
4 124 96 109 0 
8 50 177 68 0 
11 88 156 31 0 
10 69 144 86 0 
7 160 115 13 25 
0 92 95 37 1 
9 59 183 57 0 
26 117 117 20 0 
5 35 118 78 0 
19 114 242 44 0 
6 48 196 23 0 
7 140 176 117 1 
5 72 171 44 19 
24 100 139 144 2 
18 42 123 91 2 
18 27 262 65 1 
21 96 159 180 0 
34 82 273 26 0 
2 41 164 115 3 
6 31 150 40 0 
8 33 211 72 0 
17 81 182 30 6 
20 52 107 94 0 
14 87 137 52 0 
5 103 155 99 0 
8 99 228 80 0 
10 67 133 82 0 
18 109 286 143 0 
1 69 179 55 5 
4 68 118 114 0 
8 41 191 63 0 
9 15 107 104 0 
2 34 260 34 0 
11 68 121 158 0 
4 38 204 64 1 
7 67 172 62 3 
0 127 335 58 30 
6 48 146 45 0 
8 44 166 53 1 
5 106 247 86 31 
9 95 178 153 0 
12 106 93 102 1 
3 98 71 89 61 
5 68 228 25 0 
2 65 174 28 0 
12 60 92 64 0 
26 89 104 32 0 
1 68 243 43 0 
4 16 288 90 2 
3 103 179 171 0 
10 80 76 174 5 
14 43 157 70 0 
0 54 285 123 1 
11 34 322 48 5 
5 70 193 36 0 
6 37 115 62 0 
8 74 216 32 0 
2 68 162 42 0 
30 76 147 135 21 
9 31 208 51 0 
4 87 192 106 0 
9 99 209 97 13 
32 77 184 55 0 
0 56 205 84 0 
9 55 179 31 11 
1 75 156 86 0 
12 73 148 24 0 
4 52 195 123 1 
0 75 207 113 0 
35 80 112 69 0 
8 71 225 35 2 
4 47 123 193 6 
7 41 176 189 1 
5 68 213 138 0 
39 119 176 82 0 
23 60 157 49 0 
10 113 154 63 3 
6 107 222 102 1 
2 76 171 97 0 
4 155 270 31 0 
4 21 118 153 0 
2 59 167 82 1 
3 72 146 111 0 
7 149 312 66 0 
29 46 74 18 0 
6 26 129 34 0 
9 64 157 33 0 
4 92 122 92 1 
7 129 96 32 0 
2 102 126 63 0 
9 47 94 92 0 
1 44 175 126 0 
7 145 159 66 0 
1 76 180 66 14 
17 16 121 64 0 
3 101 107 80 8 
5 156 180 47 0 
16 116 248 16 0 
9 68 97 78 0 
0 109 187 71 0 
5 71 162 51 0 
5 76 136 60 0 
8 89 170 135 15 
8 105 99 37 0 
1 28 266 84 1 
15 87 177 116 26 
7 11 181 85 1 
0 43 121 36 80 
1 27 183 160 7 
0 53 251 56 16 
12 63 142 89 1 
38 39 167 28 0 
4 79 168 56 1 
7 160 203 68 0 
6 125 164 7 0 
9 47 133 119 0 
7 147 124 36 0 
5 122 293 72 2 
9 61 167 91 0 
7 98 149 51 4 
17 148 186 102 2 
2 58 131 97 35 
12 73 53 159 0 
3 148 198 79 0 
16 52 172 59 0 
14 61 180 44 0 
21 47 234 38 23 
1 45 213 102 1 
17 43 204 37 0 
3 82 210 74 0 
8 49 130 6 24 
12 87 179 42 0 
6 33 146 31 6 
19 191 176 40 0 
9 49 137 69 0 
7 58 179 48 5 
3 91 134 110 0 
10 66 169 30 0 
2 115 212 49 0 
11 68 167 44 0 
6 89 276 44 4 
3 171 227 62 0 
9 82 182 37 0 
14 47 283 41 0 
5 86 177 40 0 
2 13 262 150 0 
10 57 117 74 0 
12 23 221 90 0 
23 138 222 76 0 
7 64 144 66 0 
8 84 179 64 0 
2 106 53 52 0 
8 55 282 66 0 
3 39 270 24 0 
6 51 178 181 0 
4 96 251 32 0 
3 54 158 35 9 
1 97 146 74 0 
4 180 124 103 5 
15 101 167 188 0 
12 18 369 36 1 
2 21 173 56 0 
20 63 220 136 11 
6 39 178 103 4 
15 16 151 140 0 
11 99 102 42 0 
20 71 117 65 1 
10 93 107 79 0 
11 35 245 74 1 
25 19 275 58 0 
5 122 178 98 0 
5 58 83 55 0 
18 72 182 35 0 
3 48 114 92 0 
9 131 139 114 0 
22 32 70 59 41 
10 85 212 93 0 
8 66 191 51 26 
10 77 136 65 22 
5 14 168 122 0 
19 91 94 145 7 
11 35 132 116 1 
0 61 175 102 0 
3 109 141 123 0 
3 110 205 109 0 
6 140 222 32 7 
18 126 92 105 0 
0 155 141 165 0 
16 17 180 109 0 
2 130 216 89 0 
2 137 234 83 0 
25 73 109 81 1 
19 71 144 22 10 
8 96 219 2 0 
6 98 108 19 1 
0 86 118 65 0 
22 26 122 67 0 
11 65 173 22 1 
13 117 101 81 0 
2 64 270 46 0 
11 90 276 27 1 
3 90 194 45 0 
5 114 117 171 0 
18 49 125 60 0 
3 28 134 86 9 
18 41 226 42 0 
14 54 200 68 11 
8 39 108 59 3 
31 80 218 107 0 
6 45 188 48 4 
3 107 69 24 13 
3 74 161 56 0 
17 111 153 95 0 
6 66 265 16 19 
15 144 131 93 1 
9 36 163 100 0 
7 42 153 115 0 
45 232 242 45 0 
7 112 145 81 0 
2 68 124 105 29 
11 25 167 40 8 
15 42 238 30 0 
7 81 106 63 0 
6 61 303 132 0 
6 48 152 113 3 
20 63 112 58 0 
3 41 168 31 6 
23 124 87 99 1 
14 76 302 152 0 
0 45 146 72 0 
11 12 183 75 0 
2 82 224 3 6 
10 125 79 46 0 
33 135 113 88 6 
10 103 104 103 0 
16 38 262 103 0 
2 75 182 143 2 
15 44 176 34 1 
1 138 110 97 0 
3 60 157 230 0 
2 66 215 49 61 
4 113 173 73 0 
1 36 122 6 0 
4 45 182 62 0 
13 60 198 33 0 
5 64 136 32 18 
17 23 157 90 0 
8 44 147 92 5 
12 66 245 48 37 
14 68 217 34 0 
11 43 182 42 0 
72 101 88 91 12 
17 58 205 28 0 
15 31 161 117 4 
18 169 263 57 1 
5 133 94 56 0 
2 77 154 17 0 
1 49 86 86 0 
0 132 286 75 0 
4 26 153 217 0 
5 65 203 113 0 
3 38 166 69 2 
13 27 184 72 0 
14 88 126 53 0 
3 71 156 44 0 
17 75 109 81 0 
2 45 172 39 0 
5 10 99 61 0 
6 79 238 110 0 
29 220 218 60 0 
26 107 194 71 0 
8 23 143 186 23 
28 65 144 43 0 
23 39 139 65 0 
1 65 257 87 0 
0 90 239 36 0 
2 74 175 55 0 
34 92 124 50 0 
1 131 102 106 7 
12 126 203 13 10 
1 72 57 88 0 
7 56 225 42 0 
3 106 153 41 0 
6 142 183 17 0 
13 43 245 58 0 
12 97 259 59 2 
13 8 232 42 0 
3 70 155 28 0 
21 101 147 76 0 
5 4 271 91 0 
8 38 146 37 6 
12 28 128 82 0 
2 59 129 101 0 
2 141 256 69 1 
0 35 160 49 1 
10 31 293 129 0 
7 84 332 18 0 
7 137 159 80 0 
19 39 94 87 0 
18 110 168 41 0 
0 78 72 80 0 
0 43 107 114 1 
18 110 189 14 0 
4 41 194 63 0 
8 96 116 47 10 
16 46 43 154 32 
14 27 227 54 0 
16 59 249 119 0 
1 84 189 204 0 
15 78 162 44 2 
0 56 240 44 1 
6 60 107 153 0 
5 69 121 57 24 
8 25 152 155 0 
21 45 235 119 0 
27 101 98 51 0 
5 118 98 65 0 
7 158 209 75 1 
0 88 162 161 84 
3 49 87 70 0 
25 120 105 73 5 
13 41 208 90 0 
7 56 257 64 0 
2 63 188 110 13 
3 27 116 54 1 
13 75 155 38 0 
8 57 268 87 0 
6 69 200 91 0 
6 145 157 141 0 
23 51 264 127 0 
26 67 149 39 0 
4 45 216 57 0 
3 86 111 81 0 
4 49 104 76 0 
2 57 187 74 6 
7 118 148 68 0 
6 101 123 12 0 
2 37 167 110 0 
1 62 91 42 3 
18 25 221 54 0 
1 30 162 76 11 
0 62 229 41 0 
10 154 205 101 13 
3 81 188 60 124 
7 66 129 117 0 
1 57 57 47 0 
1 83 83 95 0 
15 120 147 111 0 
4 68 161 57 0 
2 62 271 49 0 
7 76 296 35 0 
10 50 196 74 1 
35 27 135 70 0 
19 40 119 66 14 
5 83 96 58 0 
7 55 165 90 2 
12 103 149 103 0 
9 96 180 18 5 
2 25 176 60 1 
1 76 71 37 0 
0 92 151 150 0 
26 93 151 43 1 
9 45 136 54 0 
0 123 94 103 0 
9 18 207 108 0 
7 65 251 63 0 
6 108 201 124 0 
4 75 316 31 1 
21 117 111 41 0 
11 59 175 18 1 
3 37 234 149 0 
14 51 148 34 0 
4 94 115 42 0 
8 32 174 89 1 
23 83 145 94 0 
42 64 149 162 0 
1 14 208 101 0 
10 112 284 35 0 
2 58 98 98 13 
9 52 129 30 0 
0 100 281 95 0 
28 112 258 4 0 
2 177 165 96 0 
20 75 111 141 0 
5 75 139 93 0 
7 105 116 111 0 
6 144 83 26 0 
8 64 185 99 0 
19 87 149 44 1 
0 25 178 84 0 
22 182 119 33 0 
3 77 163 135 0 
18 65 258 79 1 
10 100 180 41 1 
4 60 213 73 0 
6 20 176 62 0 
18 84 196 30 0 
5 41 158 11 0 
1 94 191 192 0 
5 142 164 41 49 
0 126 106 64 1 
14 84 142 57 0 
8 46 167 43 0 
9 92 261 23 0 
12 88 223 47 0 
5 97 142 52 17 
9 33 203 65 0 
0 71 166 76 0 
18 91 244 55 0 
4 54 165 116 1 
18 42 177 136 0 
17 31 185 84 0 
2 54 343 12 0 
2 94 159 29 4 
13 62 167 108 0 
17 15 195 110 0 
43 17 127 58 14 
1 61 197 8 0 
18 110 154 48 25 
11 41 163 4 1 
21 52 142 73 8 
30 40 229 120 0 
3 36 170 99 0 
1 115 265 89 6 
5 46 161 55 5 
6 41 160 90 0 
11 74 163 57 0 
5 62 88 199 0 
11 54 163 102 0 
10 50 78 58 7 
14 81 180 17 0 
4 109 200 39 0 
3 48 70 72 0 
15 60 130 98 0 
11 59 173 72 0 
4 95 112 92 11 
10 46 138 69 0 
10 127 199 147 16 
7 61 146 80 0 
10 84 174 85 0 
20 29 190 88 2 
15 65 71 60 0 
4 35 190 55 2 
9 100 96 32 0 
10 65 176 36 0 
1 37 109 57 0 
0 99 246 94 37 
7 24 210 87 15 
69 47 180 67 0 
1 151 186 68 0 
2 24 187 101 9 
8 61 233 27 0 
14 40 208 107 0 
2 31 171 134 3 
22 8 173 153 4 
14 48 187 14 0 
6 74 209 28 0 
10 9 203 57 0 
5 38 233 52 0 
9 50 251 47 52 
7 72 199 73 0 
21 39 161 63 1 
2 108 133 48 0 
13 114 137 12 0 
11 85 238 65 1 
14 52 119 64 3 
6 176 164 124 0 
10 46 172 67 0 
4 77 180 84 0 
1 75 203 132 0 
14 129 152 96 1 
21 66 168 122 25 
9 136 123 59 0 
9 46 158 96 0 
6 13 146 26 0 
21 140 147 176 2 
0 102 144 115 0 
7 30 131 72 0 
22 75 205 22 0 
4 65 133 35 0 
3 25 237 163 0 
12 111 165 58 26 
24 65 54 80 19 
22 45 130 118 22 
2 57 179 19 0 
1 47 180 137 7 
20 106 117 69 0 
2 71 104 52 0 
2 16 124 61 0 
2 33 79 104 0 
0 48 302 42 0 
12 48 112 84 0 
4 52 202 34 1 
4 29 107 67 1 
7 48 214 94 0 
4 80 73 37 0 
2 78 259 55 4 
6 99 171 168 1 
5 58 128 102 1 
4 89 175 28 2 
8 90 131 44 1 
3 125 160 17 5 
0 81 217 45 0 
14 42 261 99 1 
7 42 82 73 0 
40 44 83 50 1 
4 76 234 89 1 
6 51 238 47 4 
5 83 76 51 0 
1 15 202 111 0 
7 95 98 90 0 
5 45 254 32 0 
4 174 80 146 10 
0 27 100 140 1 
15 101 109 25 0 
4 189 99 164 1 
1 18 111 34 12 
8 177 104 48 0 
15 49 126 78 0 
2 71 189 70 4 
13 97 121 100 0 
2 98 93 102 1 
10 96 110 157 16 
2 140 95 74 4 
4 119 104 122 0 
4 33 326 96 16 
4 55 276 83 9 
7 92 97 60 0 
2 30 195 88 44 
8 89 130 38 0 
5 129 83 107 0 
4 133 106 20 0 
11 47 236 19 0 
3 78 200 62 0 
15 100 168 52 0 
24 63 156 94 0 
10 50 253 38 19 
7 143 158 54 0 
8 99 213 28 2 
17 94 192 112 11 
7 47 121 33 0 
11 127 245 96 0 
2 158 189 58 0 
9 83 166 113 0 
4 106 194 117 0 
22 126 164 34 0 
1 8 135 86 0 
10 71 160 35 4 
9 26 301 46 37 
14 69 157 29 0 
13 73 258 106 0 
13 215 133 50 9 
6 76 223 75 0 
1 88 213 30 0 
1 98 232 85 1 
3 87 163 49 0 
0 58 326 174 1 
2 71 221 46 0 
1 82 136 69 7 
11 78 172 31 4 
3 57 207 45 0 
3 92 128 82 0 
0 76 183 109 0 
17 135 184 37 0 
11 54 143 37 0 
7 46 198 82 9 
30 101 114 122 0 
17 39 166 160 0 
5 113 250 126 0 
2 132 123 140 0 
18 88 228 90 0 
6 17 152 82 0 
4 106 197 21 27 
8 85 135 138 6 
6 69 240 37 0 
14 7 328 49 14 
7 20 177 98 4 
1 152 91 24 0 
1 112 86 35 16 
21 22 61 82 0 
19 51 167 102 1 
2 62 230 71 4 
9 81 257 156 0 
27 97 130 49 0 
11 55 229 2 0 
5 24 115 115 0 
4 54 150 47 0 
15 77 140 99 0 
0 2 112 54 0 
31 86 146 71 1 
10 34 169 90 13 
0 100 148 158 18 
0 110 132 165 0 
0 67 310 30 0 
14 131 230 122 0 
1 3 188 79 0 
1 122 126 43 1 
13 104 168 96 0 
15 92 289 96 0 
7 26 160 127 0 
7 75 125 40 1 
6 86 97 107 0 
7 48 125 51 0 
1 35 165 86 0 
2 158 85 58 1 
3 38 130 93 0 
4 128 129 50 0 
16 53 97 76 17 
4 127 185 53 84 
14 192 180 57 0 
5 45 281 122 6 
14 49 106 47 0 
3 132 167 77 10 
24 106 194 89 0 
7 78 206 94 30 
10 144 122 30 0 
46 103 167 137 0 
8 79 73 87 0 
7 24 171 146 65 
2 102 168 30 0 
36 22 123 30 0 
5 83 205 184 0 
2 46 115 36 19 
17 128 144 57 36 
6 10 284 67 0 
7 36 260 16 0 
8 18 175 111 0 
4 62 240 85 1 
13 66 170 85 0 
20 25 123 91 0 
10 60 113 35 2 
5 68 124 75 103 
1 79 168 52 1 
10 85 166 177 0 
11 84 183 107 1 
16 67 143 110 0 
21 18 123 59 0 
1 23 202 19 0 
14 52 212 57 2 
14 63 46 123 7 
8 36 224 149 0 
1 38 205 79 0 
3 81 295 16 0 
11 43 123 114 0 
18 148 85 79 0 
13 59 230 4 0 
4 77 218 3 28 
14 127 123 97 0 
1 37 113 67 4 
8 43 140 105 0 
20 46 146 54 0 
0 104 213 40 1 
10 63 114 73 0 
15 104 198 70 2 
3 77 181 77 0 
7 105 223 110 0 
25 62 171 119 0 
18 30 200 83 0 
7 91 200 37 0 
2 100 102 66 0 
0 157 179 82 0 
4 107 216 44 0 
9 22 150 53 0 
4 121 129 54 1 
22 103 113 79 9 
27 107 150 69 0 
36 62 159 76 0 
5 87 191 86 0 
11 84 98 185 0 
2 35 162 72 1 
6 107 208 42 0 
38 91 279 33 15 
14 51 176 50 1 
7 88 167 23 18 
16 36 229 13 0 
2 86 173 134 49 
55 47 175 87 3 
7 111 166 103 21 
20 167 107 6 0 
16 63 131 62 0 
4 38 120 71 0 
4 74 181 115 0 
0 97 97 81 0 
4 26 311 34 1 
8 92 316 17 0 
2 85 185 38 0 
12 75 186 43 0 
2 6 195 52 0 
3 56 153 36 0 
2 37 184 86 22 
20 54 111 46 0 
6 81 108 59 0 
17 164 92 41 0 
15 26 223 36 1 
5 41 203 43 28 
8 37 192 95 1 
8 6 227 142 0 
5 103 96 90 0 
10 38 186 6 26 
6 148 93 100 1 
21 35 108 21 0 
4 75 73 43 9 
21 95 132 14 0 
2 64 167 71 6 
10 72 75 56 4 
5 103 160 17 6 
1 96 102 79 0 
3 130 209 19 0 
6 35 132 155 1 
18 91 67 45 0 
10 99 136 17 1 
3 61 197 113 0 
0 32 385 70 0 
7 64 98 40 0 
23 72 109 43 0 
6 62 295 86 56 
27 91 155 53 3 
4 40 166 42 0 
11 63 202 84 21 
2 178 118 104 3 
1 133 263 35 13 
38 77 77 42 0 
11 92 266 25 0 
9 139 139 56 13 
3 161 109 65 0 
6 47 136 100 0 
1 109 210 115 23 
2 39 230 72 15 
1 106 173 41 0 
9 155 150 89 0 
9 50 228 68 33 
54 59 142 122 0 
6 47 161 147 0 
1 13 76 117 7 
7 41 72 59 0 
2 16 134 77 0 
28 47 203 96 1 
8 16 136 27 0 
7 80 261 41 0 
1 117 147 107 0 
18 70 110 73 0 
5 53 57 159 0 
3 12 128 107 27 
6 41 162 58 36 
0 13 183 43 0 
5 152 89 77 0 
5 59 162 40 0 
0 45 228 67 16 
8 70 126 105 0 
2 51 235 56 0 
6 58 259 19 0 
2 48 141 17 0 
1 77 148 89 0 
9 28 167 64 15 
13 87 163 91 0 
8 76 160 171 1 
46 84 131 83 0 
1 123 188 76 23 
8 112 157 96 29 
0 66 190 68 0 
9 13 264 139 0 
2 23 197 52 0 
2 54 302 5 3 
0 54 218 55 0 
5 163 125 52 0 
13 109 129 37 18 
7 125 158 59 0 
11 86 186 106 0 
25 116 221 162 0 
3 79 125 62 0 
2 57 179 13 1 
8 16 214 54 0 
6 53 138 88 6 
10 35 178 145 0 
20 61 231 59 0 
7 55 166 27 0 
11 94 268 14 0 
3 54 149 148 0 
4 73 279 213 0 
18 170 226 53 0 
17 19 204 51 0 
4 56 165 56 0 
5 109 162 91 0 
9 129 205 52 0 
9 89 194 35 4 
3 20 282 139 5 
18 43 241 86 6 
30 23 225 107 0 
1 60 184 27 0 
5 41 175 106 0 
17 121 172 26 0 
15 64 167 150 2 
0 82 157 22 0 
14 32 162 43 0 
