0 197 12 
0 202 56 
0 231 37 
0 148 35 
0 165 8 
0 172 52 
0 233 11 
0 158 11 
0 220 21 
0 164 48 
0 241 23 
0 194 31 
0 190 2 
0 227 27 
0 293 45 
0 143 12 
0 187 3 
0 227 23 
0 239 5 
0 105 132 
0 222 36 
0 250 55 
0 278 16 
0 216 66 
0 257 4 
0 239 11 
0 254 1 
0 243 63 
0 273 55 
0 157 117 
0 146 18 
0 219 41 
0 253 4 
0 270 9 
0 154 15 
0 194 4 
0 212 43 
0 190 4 
0 163 46 
0 168 21 
0 202 115 
0 286 12 
0 199 9 
0 247 0 
0 198 26 
0 176 21 
0 228 6 
0 253 4 
0 183 28 
0 210 21 
0 259 35 
0 233 10 
0 259 2 
0 221 1 
0 157 6 
0 252 9 
0 198 5 
0 248 12 
0 220 10 
0 241 17 
0 232 12 
0 193 60 
0 163 10 
0 256 18 
0 159 6 
0 224 20 
0 234 0 
0 179 29 
0 226 20 
0 193 7 
0 160 28 
0 222 15 
0 169 24 
0 278 26 
0 263 5 
0 168 41 
0 218 15 
0 318 12 
0 201 31 
0 161 11 
0 227 8 
0 238 14 
0 161 23 
0 214 0 
0 178 30 
0 163 35 
0 180 18 
0 135 3 
0 213 8 
0 204 33 
0 212 3 
0 249 24 
0 234 5 
0 205 19 
0 242 7 
0 183 15 
0 186 30 
0 254 6 
0 255 50 
0 180 86 
0 261 4 
0 204 14 
0 161 11 
0 144 10 
0 154 22 
0 171 1 
0 244 16 
0 149 6 
0 225 4 
0 208 8 
0 154 32 
0 175 1 
0 186 18 
0 213 5 
0 219 6 
0 202 2 
0 252 10 
0 171 43 
0 194 31 
0 186 0 
0 225 24 
0 174 23 
0 225 27 
0 196 13 
0 249 12 
0 230 36 
0 166 5 
0 200 36 
0 157 98 
0 251 44 
0 213 15 
0 137 13 
0 177 11 
0 210 78 
0 208 50 
0 200 10 
0 247 6 
0 194 24 
0 241 91 
0 287 65 
0 223 93 
0 172 4 
0 221 16 
0 179 0 
0 237 0 
0 165 21 
0 262 7 
0 179 17 
0 209 17 
0 217 19 
0 172 15 
0 184 15 
0 173 19 
0 175 160 
0 212 64 
0 169 5 
0 248 3 
0 181 0 
0 261 30 
0 181 38 
0 188 9 
0 220 16 
0 235 12 
0 190 44 
0 193 32 
0 200 45 
0 174 54 
0 223 8 
0 231 16 
0 228 12 
0 183 3 
0 215 15 
0 190 21 
0 264 10 
0 149 24 
0 230 10 
0 282 40 
0 184 29 
0 201 45 
0 161 58 
0 171 11 
0 168 0 
0 240 1 
0 170 47 
0 227 3 
0 187 7 
0 198 26 
0 199 6 
0 183 67 
0 188 26 
0 197 33 
0 237 66 
0 175 14 
0 187 33 
0 203 7 
0 188 0 
0 219 17 
0 231 8 
0 192 30 
0 227 24 
0 237 24 
0 252 36 
0 241 41 
0 245 12 
0 250 13 
0 102 25 
0 271 8 
0 236 2 
0 193 11 
0 191 20 
0 211 4 
0 187 32 
0 222 19 
0 202 4 
0 197 45 
0 151 3 
0 190 15 
0 200 1 
0 180 20 
0 221 0 
0 281 36 
0 202 17 
0 185 34 
0 222 7 
0 240 42 
0 135 0 
0 162 26 
0 261 12 
0 206 15 
0 178 58 
0 181 8 
0 233 51 
0 158 4 
0 273 11 
0 192 49 
0 184 27 
0 199 25 
0 204 5 
0 204 0 
0 184 2 
0 190 5 
0 159 13 
0 168 38 
0 127 17 
0 220 7 
0 259 5 
0 132 42 
0 244 19 
0 261 2 
0 181 9 
0 158 1 
0 293 2 
0 274 19 
0 207 34 
0 191 9 
0 236 47 
0 220 20 
0 172 81 
0 142 33 
0 138 5 
0 208 35 
0 164 21 
0 191 26 
0 174 12 
0 227 2 
0 290 70 
0 236 37 
0 182 73 
0 154 17 
0 159 43 
0 270 21 
0 188 11 
0 208 39 
0 123 19 
0 150 16 
0 229 18 
0 171 27 
0 196 22 
0 166 19 
0 243 8 
0 246 24 
0 229 11 
0 214 28 
0 227 7 
0 215 63 
0 204 11 
0 233 9 
0 158 8 
0 170 53 
0 169 34 
0 275 17 
0 235 32 
0 232 11 
0 250 8 
0 284 56 
0 161 40 
0 200 33 
0 159 56 
0 218 4 
0 230 19 
0 218 5 
0 190 5 
0 225 0 
0 156 76 
0 191 23 
0 210 102 
0 245 9 
0 186 18 
0 182 29 
0 238 12 
0 222 18 
0 171 16 
0 153 18 
0 223 34 
0 155 17 
0 249 42 
0 162 18 
0 201 23 
0 272 2 
0 218 4 
0 215 6 
0 253 16 
0 211 29 
0 227 17 
0 181 24 
0 229 8 
0 246 2 
0 202 10 
0 135 60 
0 195 16 
0 227 10 
0 261 4 
0 120 6 
0 283 13 
0 249 51 
0 201 3 
0 176 24 
0 199 8 
0 180 0 
0 251 4 
0 223 2 
0 208 14 
0 240 13 
0 288 31 
0 131 0 
0 249 0 
0 175 57 
0 248 5 
0 244 26 
0 163 2 
0 183 2 
0 215 12 
0 216 29 
0 187 4 
0 187 3 
0 218 22 
0 196 3 
0 158 34 
0 199 0 
0 264 8 
0 205 12 
0 273 14 
0 186 17 
0 156 35 
0 177 0 
0 180 101 
0 229 24 
0 164 31 
0 169 0 
0 237 16 
0 189 64 
0 230 28 
0 197 32 
0 212 16 
0 194 33 
0 172 4 
0 231 46 
0 235 45 
0 216 8 
0 236 0 
0 241 89 
0 221 4 
0 160 14 
0 226 73 
0 234 9 
0 151 10 
0 199 4 
0 113 73 
0 227 7 
0 184 10 
0 182 1 
0 266 13 
0 178 66 
0 176 43 
0 216 32 
0 228 8 
0 150 32 
0 246 29 
0 221 7 
0 156 40 
0 203 23 
0 215 0 
0 245 6 
0 215 8 
0 141 12 
0 260 7 
0 187 15 
0 176 60 
0 206 18 
0 207 14 
0 232 27 
0 205 36 
0 113 46 
0 190 9 
0 191 50 
0 205 17 
0 227 16 
0 255 16 
0 200 19 
0 266 31 
0 198 50 
0 191 8 
0 186 13 
0 214 12 
0 180 23 
0 223 58 
0 216 11 
0 226 6 
0 142 24 
0 152 12 
0 246 17 
0 146 11 
0 216 26 
0 241 8 
0 233 26 
0 197 9 
0 295 17 
0 139 6 
0 215 42 
0 165 10 
0 112 50 
0 197 17 
0 226 15 
0 184 8 
0 211 6 
0 128 7 
0 248 20 
0 250 9 
0 208 2 
0 172 75 
0 258 60 
0 164 35 
0 113 38 
0 202 27 
0 191 6 
0 150 8 
0 192 12 
0 208 26 
0 197 42 
0 180 14 
0 209 2 
0 188 6 
0 257 11 
0 166 10 
0 165 29 
0 154 47 
0 208 3 
0 159 13 
0 194 53 
0 201 22 
0 196 49 
0 239 3 
0 203 21 
0 202 9 
0 288 11 
0 194 1 
0 210 28 
0 275 0 
0 190 20 
0 246 10 
0 201 41 
0 188 43 
0 226 14 
0 235 7 
0 224 3 
0 238 0 
0 124 55 
0 247 13 
0 172 20 
0 246 23 
0 183 10 
0 221 48 
0 289 26 
0 201 32 
0 228 6 
0 175 12 
0 142 32 
0 185 2 
0 276 8 
0 226 11 
0 259 7 
0 219 59 
0 210 63 
0 211 10 
0 224 32 
0 240 26 
0 238 3 
0 231 1 
0 192 41 
0 229 39 
0 147 90 
0 229 7 
0 187 16 
0 193 32 
0 212 41 
0 206 7 
0 200 48 
0 213 144 
0 205 66 
0 250 14 
0 209 13 
0 193 30 
0 203 25 
0 195 23 
0 226 20 
0 251 34 
0 171 75 
0 233 16 
0 238 10 
0 255 79 
0 272 4 
0 158 2 
0 215 53 
0 246 0 
0 194 6 
0 150 69 
0 134 3 
0 201 42 
0 191 24 
0 249 66 
0 186 37 
0 181 26 
0 175 14 
0 204 12 
0 178 9 
0 252 5 
0 260 10 
0 198 74 
0 135 33 
0 265 64 
0 241 25 
0 155 7 
0 238 30 
0 179 9 
0 144 36 
0 239 31 
0 247 28 
0 254 16 
0 178 13 
0 269 20 
0 232 25 
0 220 44 
0 193 36 
0 213 5 
0 168 39 
0 172 7 
0 216 50 
0 258 16 
0 241 16 
0 236 4 
0 194 57 
0 168 40 
0 173 8 
0 190 12 
0 192 0 
0 238 7 
0 144 3 
0 180 80 
0 214 1 
0 239 18 
0 204 16 
0 219 22 
0 181 60 
0 134 40 
0 221 5 
0 240 28 
0 214 8 
0 233 14 
0 191 3 
0 184 1 
0 180 40 
0 215 30 
0 146 4 
0 153 6 
0 174 33 
0 179 6 
0 308 28 
0 198 0 
0 178 30 
0 146 125 
0 176 58 
0 197 9 
0 146 81 
0 242 23 
0 132 0 
0 180 28 
0 230 6 
0 229 6 
0 162 12 
0 190 17 
0 225 17 
0 185 19 
0 199 57 
0 224 14 
0 288 21 
0 132 0 
0 214 14 
0 291 6 
0 235 34 
0 169 11 
0 208 40 
0 216 0 
0 191 16 
0 219 5 
0 148 41 
0 194 20 
0 195 37 
0 185 27 
0 212 6 
0 237 0 
0 184 67 
0 145 153 
0 217 21 
0 157 21 
0 221 8 
0 202 12 
0 157 8 
0 196 5 
0 234 14 
0 240 8 
0 245 61 
0 246 20 
0 270 8 
0 114 47 
0 227 25 
0 201 5 
0 220 11 
0 206 29 
0 160 1 
0 164 27 
0 177 4 
0 174 101 
0 239 12 
0 211 21 
0 176 7 
0 282 10 
0 165 4 
0 263 9 
0 174 16 
0 183 32 
0 192 34 
0 181 48 
0 197 72 
0 216 33 
0 256 14 
0 252 30 
0 169 15 
0 182 50 
0 150 34 
0 199 29 
0 207 55 
0 190 88 
0 206 14 
0 220 16 
0 245 52 
0 268 17 
0 118 8 
0 246 4 
0 227 13 
0 166 7 
0 242 11 
0 165 61 
0 178 27 
0 231 44 
0 194 15 
0 152 6 
0 178 1 
0 194 114 
0 190 10 
0 230 30 
0 248 5 
0 157 8 
0 233 0 
0 198 19 
0 220 1 
0 138 10 
0 209 2 
0 252 1 
0 281 5 
0 184 14 
0 196 55 
0 213 1 
0 266 14 
0 197 9 
0 242 3 
0 200 54 
0 207 34 
0 166 28 
0 193 12 
0 217 73 
0 245 21 
0 180 72 
0 149 21 
0 245 30 
0 226 0 
0 233 7 
0 216 14 
0 240 26 
0 233 18 
0 245 16 
0 231 2 
0 217 0 
0 276 4 
0 177 15 
0 216 23 
0 229 15 
0 229 8 
0 264 8 
0 271 27 
0 276 26 
0 138 52 
0 199 39 
0 171 20 
0 207 78 
0 201 2 
0 159 15 
0 277 9 
0 164 18 
0 178 7 
0 189 14 
0 195 31 
0 184 21 
0 197 229 
0 177 3 
0 156 20 
0 140 23 
0 236 24 
0 281 0 
0 170 19 
0 166 75 
0 199 59 
0 215 14 
0 191 16 
0 185 27 
0 167 4 
0 207 10 
0 189 32 
0 168 7 
0 209 27 
0 172 12 
0 170 11 
0 267 12 
0 225 3 
0 175 10 
0 177 15 
0 211 8 
0 164 5 
0 186 0 
0 165 0 
0 195 3 
0 195 48 
0 207 11 
0 259 1 
0 221 105 
0 228 17 
0 176 8 
0 235 35 
0 196 0 
0 180 1 
0 149 4 
0 175 29 
0 256 24 
0 206 6 
0 185 7 
0 248 27 
0 275 8 
0 200 5 
0 214 25 
0 194 28 
0 219 16 
0 224 31 
0 224 23 
0 168 14 
0 188 3 
0 186 24 
0 236 2 
0 271 5 
0 174 40 
0 213 15 
0 183 13 
0 157 0 
0 187 9 
0 233 26 
0 143 27 
0 244 37 
0 169 21 
0 203 58 
0 181 19 
0 230 10 
0 185 2 
0 192 46 
0 205 4 
0 230 10 
0 289 9 
0 189 48 
0 219 37 
0 122 45 
0 165 29 
0 255 4 
0 229 10 
0 196 21 
0 180 2 
0 147 34 
0 177 10 
0 288 0 
0 230 33 
0 146 64 
0 156 5 
0 242 10 
0 241 17 
0 157 39 
0 190 14 
0 213 16 
0 269 10 
0 169 3 
0 168 4 
0 208 22 
0 156 7 
0 161 15 
0 182 47 
0 198 0 
0 199 58 
0 210 49 
0 221 18 
0 184 47 
0 225 46 
0 189 13 
0 255 45 
0 189 51 
0 230 0 
0 188 2 
0 278 16 
0 184 13 
0 220 14 
0 142 2 
0 147 57 
0 189 10 
0 158 24 
0 170 19 
0 165 30 
0 194 25 
0 264 17 
0 235 7 
0 207 23 
0 163 82 
0 208 4 
0 242 23 
0 232 0 
0 203 17 
0 207 8 
0 228 4 
0 251 3 
0 202 39 
0 178 52 
0 263 16 
0 217 16 
0 202 32 
0 182 7 
0 171 29 
0 202 10 
0 215 19 
0 175 51 
0 188 23 
0 223 2 
0 232 2 
0 230 80 
0 167 6 
0 195 16 
0 180 4 
0 277 9 
0 237 0 
0 185 13 
0 124 10 
0 171 1 
0 229 15 
0 217 16 
0 214 9 
0 209 30 
0 218 12 
0 230 49 
0 201 16 
0 228 16 
0 129 11 
0 200 19 
0 192 63 
0 175 4 
0 242 11 
0 195 27 
0 179 3 
0 196 35 
0 210 13 
0 188 34 
0 195 25 
0 185 15 
0 184 29 
0 173 3 
0 189 10 
0 181 8 
0 188 20 
0 283 34 
0 287 10 
0 190 19 
0 204 22 
0 203 40 
0 201 71 
0 219 8 
0 269 86 
0 208 14 
0 210 27 
0 200 15 
0 193 98 
0 185 22 
0 161 1 
0 172 23 
0 299 14 
0 244 8 
0 187 9 
0 262 10 
0 245 23 
0 182 15 
0 163 7 
0 207 31 
0 270 3 
0 213 30 
0 152 27 
0 202 7 
0 189 2 
0 267 11 
0 178 18 
0 223 0 
0 249 14 
0 175 12 
0 217 33 
0 201 38 
0 238 13 
0 174 2 
0 240 3 
0 123 13 
0 189 8 
0 207 7 
0 233 1 
0 248 5 
0 154 20 
0 180 19 
0 292 11 
0 211 14 
0 197 4 
0 188 25 
0 173 40 
0 231 14 
0 194 48 
0 244 12 
0 223 55 
0 209 23 
0 148 36 
0 190 3 
0 178 10 
0 231 21 
0 249 28 
0 137 15 
0 210 13 
0 192 21 
0 178 4 
0 234 22 
0 168 43 
0 190 0 
0 141 8 
0 205 70 
0 219 24 
0 188 28 
0 215 27 
0 148 15 
0 168 13 
0 236 4 
0 173 8 
0 182 6 
0 148 31 
0 221 7 
0 220 66 
0 189 4 
