0 3 193 
0 21 175 
0 11 151 
0 21 179 
0 23 170 
0 0 154 
0 9 120 
0 16 300 
0 2 245 
0 24 275 
0 22 235 
0 0 199 
0 13 181 
0 26 136 
0 65 143 
0 46 142 
0 36 166 
0 12 173 
0 8 157 
0 30 111 
0 10 148 
0 1 243 
0 8 152 
0 11 144 
0 3 172 
0 11 163 
0 14 129 
0 43 221 
0 22 148 
0 13 266 
0 30 187 
0 22 275 
0 26 166 
0 39 153 
0 3 269 
0 5 129 
0 8 232 
0 18 141 
0 4 169 
0 22 157 
0 34 165 
0 3 106 
0 30 175 
0 18 153 
0 7 248 
0 16 238 
0 42 184 
0 8 237 
0 6 137 
0 6 211 
0 10 278 
0 0 248 
0 27 122 
0 25 146 
0 13 206 
0 15 123 
0 13 162 
0 13 336 
0 18 189 
0 9 164 
0 61 142 
0 3 173 
0 12 121 
0 42 172 
0 8 149 
0 4 111 
0 14 236 
0 13 117 
0 13 163 
0 3 145 
0 22 170 
0 4 210 
0 35 129 
0 15 131 
0 16 243 
0 21 216 
0 1 186 
0 1 243 
0 6 184 
0 12 135 
0 14 264 
0 24 146 
0 9 114 
0 18 153 
0 9 262 
0 30 90 
0 16 140 
0 1 189 
0 9 136 
0 0 148 
0 13 180 
0 47 214 
0 33 128 
0 28 149 
0 16 198 
0 1 180 
0 27 189 
0 12 189 
0 17 320 
0 22 235 
0 16 217 
0 11 168 
0 8 138 
0 8 202 
0 16 230 
0 12 150 
0 2 200 
0 7 277 
0 0 168 
0 15 139 
0 50 136 
0 17 179 
0 1 257 
0 15 114 
0 42 160 
0 3 163 
0 6 292 
0 0 198 
0 8 113 
0 10 189 
0 16 222 
0 25 159 
0 18 103 
0 14 170 
0 15 151 
0 8 160 
0 3 198 
0 14 182 
0 18 234 
0 11 105 
0 18 188 
0 16 137 
0 14 239 
0 60 206 
0 6 129 
0 16 201 
0 4 213 
0 0 167 
0 9 141 
0 6 186 
0 17 207 
0 9 184 
0 10 154 
0 14 126 
0 4 165 
0 8 173 
0 18 270 
0 10 291 
0 10 154 
0 13 202 
0 25 218 
0 30 69 
0 35 156 
0 15 193 
0 4 150 
0 8 219 
0 6 167 
0 2 137 
0 9 180 
0 35 152 
0 5 162 
0 24 186 
0 5 155 
0 2 149 
0 28 228 
0 56 146 
0 21 127 
0 14 242 
0 31 123 
0 3 186 
0 20 182 
0 23 273 
0 15 216 
0 7 285 
0 3 198 
0 18 191 
0 9 202 
0 28 158 
0 0 231 
0 5 264 
0 0 133 
0 14 239 
0 13 235 
0 13 215 
0 2 216 
0 25 214 
0 11 177 
0 9 275 
0 5 308 
0 8 166 
0 1 256 
0 15 223 
0 10 99 
0 14 215 
0 27 228 
0 26 188 
0 24 146 
0 5 255 
0 21 219 
0 4 134 
0 21 166 
0 2 133 
0 11 198 
0 17 129 
0 30 139 
0 25 156 
0 18 221 
0 6 383 
0 14 205 
0 14 229 
0 10 141 
0 22 120 
0 19 200 
0 11 180 
0 2 263 
0 8 195 
0 14 242 
0 30 169 
0 8 199 
0 11 244 
0 29 154 
0 7 152 
0 24 152 
0 6 158 
0 16 223 
0 27 116 
0 11 115 
0 26 210 
0 11 262 
0 0 232 
0 12 121 
0 20 130 
0 26 190 
0 25 159 
0 11 312 
0 0 159 
0 3 170 
0 27 238 
0 22 259 
0 13 178 
0 18 114 
0 30 148 
0 7 143 
0 14 235 
0 13 95 
0 27 138 
0 3 195 
0 10 279 
0 9 142 
0 0 117 
0 11 156 
0 12 156 
0 18 263 
0 8 79 
0 0 184 
0 33 190 
0 1 203 
0 9 205 
0 7 209 
0 13 134 
0 18 239 
0 7 126 
0 16 136 
0 0 173 
0 11 145 
0 11 198 
0 3 192 
0 25 168 
0 37 173 
0 18 206 
0 6 200 
0 37 148 
0 21 319 
0 19 173 
0 20 211 
0 12 233 
0 9 176 
0 0 167 
0 10 179 
0 14 199 
0 30 212 
0 31 149 
0 11 144 
0 13 265 
0 20 282 
0 16 257 
0 23 173 
0 3 119 
0 35 233 
0 29 255 
0 14 317 
0 28 180 
0 10 229 
0 0 162 
0 1 259 
0 13 206 
0 13 210 
0 0 201 
0 3 223 
0 30 233 
0 7 149 
0 0 192 
0 19 200 
0 37 186 
0 21 104 
0 11 130 
0 20 141 
0 2 92 
0 6 177 
0 12 191 
0 12 160 
0 10 175 
0 0 168 
0 0 215 
0 9 109 
0 8 196 
0 3 122 
0 15 153 
0 25 150 
0 22 131 
0 6 154 
0 16 141 
0 14 253 
0 3 133 
0 40 228 
0 8 200 
0 23 215 
0 9 163 
0 45 168 
0 10 274 
0 3 304 
0 20 159 
0 7 208 
0 5 211 
0 11 184 
0 11 181 
0 1 175 
0 1 210 
0 13 154 
0 7 141 
0 2 141 
0 7 215 
0 9 161 
0 12 151 
0 6 185 
0 74 95 
0 0 192 
0 41 119 
0 29 186 
0 22 232 
0 17 204 
0 22 162 
0 10 193 
0 13 170 
0 14 225 
0 50 172 
0 11 253 
0 6 134 
0 34 163 
0 7 130 
0 22 213 
0 26 113 
0 0 163 
0 17 237 
0 20 259 
0 19 213 
0 3 169 
0 8 215 
0 20 173 
0 21 162 
0 16 132 
0 22 174 
0 1 208 
0 5 124 
0 8 284 
0 0 220 
0 19 233 
0 2 172 
0 5 253 
0 13 172 
0 2 136 
0 4 148 
0 3 178 
0 13 118 
0 5 129 
0 6 168 
0 29 298 
0 6 295 
0 3 180 
0 32 164 
0 15 148 
0 15 182 
0 22 152 
0 18 155 
0 10 133 
0 21 134 
0 10 206 
0 15 253 
0 1 128 
0 9 229 
0 11 126 
0 8 144 
0 7 120 
0 21 184 
0 7 178 
0 7 181 
0 10 119 
0 6 187 
0 19 237 
0 7 192 
0 18 165 
0 21 198 
0 33 195 
0 24 152 
0 4 210 
0 38 202 
0 0 200 
0 3 156 
0 9 152 
0 3 208 
0 14 99 
0 7 264 
0 17 160 
0 25 191 
0 0 156 
0 10 191 
0 12 168 
0 1 158 
0 30 237 
0 5 197 
0 3 187 
0 11 99 
0 36 228 
0 4 211 
0 16 175 
0 1 225 
0 23 189 
0 7 220 
0 17 191 
0 17 236 
0 10 154 
0 5 181 
0 9 219 
0 14 229 
0 24 137 
0 6 183 
0 12 212 
0 23 133 
0 31 237 
0 37 188 
0 19 123 
0 10 174 
0 11 260 
0 11 159 
0 56 209 
0 5 230 
0 22 190 
0 9 147 
0 15 131 
0 15 188 
0 48 239 
0 23 198 
0 28 249 
0 14 176 
0 3 190 
0 15 254 
0 7 119 
0 32 253 
0 5 308 
0 24 212 
0 5 190 
0 6 216 
0 5 180 
0 27 149 
0 16 167 
0 49 194 
0 26 193 
0 19 222 
0 15 218 
0 7 159 
0 57 112 
0 0 188 
0 1 235 
0 17 192 
0 1 145 
0 0 212 
0 22 185 
0 21 251 
0 32 206 
0 12 176 
0 14 159 
0 42 137 
0 59 205 
0 3 134 
0 7 188 
0 36 215 
0 16 136 
0 18 214 
0 15 211 
0 24 110 
0 3 275 
0 16 119 
0 4 278 
0 13 196 
0 19 223 
0 19 224 
0 9 96 
0 20 189 
0 17 206 
0 11 155 
0 16 130 
0 10 252 
0 13 137 
0 3 196 
0 13 190 
0 8 168 
0 6 203 
0 7 161 
0 17 191 
0 10 128 
0 25 191 
0 32 158 
0 0 170 
0 13 177 
0 6 210 
0 13 119 
0 9 213 
0 16 167 
0 20 195 
0 4 287 
0 13 221 
0 26 135 
0 42 145 
0 18 115 
0 45 222 
0 6 255 
0 41 196 
0 10 194 
0 19 167 
0 13 242 
0 27 133 
0 10 259 
0 9 144 
0 3 303 
0 22 182 
0 20 209 
0 0 155 
0 11 139 
0 34 138 
0 7 128 
0 3 192 
0 5 275 
0 11 150 
0 18 172 
0 0 108 
0 17 175 
0 6 166 
0 25 170 
0 30 171 
0 25 159 
0 10 221 
0 8 125 
0 13 156 
0 2 243 
0 10 165 
0 2 333 
0 20 133 
0 10 109 
0 3 94 
0 11 171 
0 5 162 
0 37 284 
0 32 199 
0 25 165 
0 13 143 
0 5 164 
0 4 218 
0 10 92 
0 18 173 
0 13 213 
0 21 135 
0 6 270 
0 3 164 
0 7 255 
0 37 213 
0 8 250 
0 9 136 
0 4 130 
0 0 171 
0 11 114 
0 7 220 
0 33 177 
0 30 158 
0 7 134 
0 4 203 
0 19 196 
0 5 138 
0 11 245 
0 8 180 
0 12 182 
0 33 162 
0 10 173 
0 6 201 
0 2 202 
0 19 184 
0 32 253 
0 0 279 
0 1 234 
0 7 206 
0 21 152 
0 11 187 
0 12 155 
0 0 178 
0 27 276 
0 9 175 
0 23 224 
0 6 267 
0 12 285 
0 2 203 
0 40 291 
0 52 160 
0 6 239 
0 26 191 
0 2 172 
0 16 203 
0 0 230 
0 12 210 
0 28 117 
0 8 130 
0 19 146 
0 4 195 
0 13 136 
0 6 207 
0 6 237 
0 17 221 
0 40 160 
0 12 184 
0 24 162 
0 19 121 
0 8 157 
0 1 244 
0 0 221 
0 21 306 
0 19 211 
0 8 190 
0 7 209 
0 19 115 
0 11 220 
0 22 171 
0 37 185 
0 49 133 
0 17 231 
0 31 94 
0 23 110 
0 7 189 
0 37 112 
0 2 306 
0 1 236 
0 29 211 
0 18 307 
0 7 180 
0 13 195 
0 0 235 
0 6 295 
0 10 216 
0 25 155 
0 22 144 
0 17 120 
0 24 269 
0 8 223 
0 19 205 
0 14 244 
0 16 258 
0 4 165 
0 2 303 
0 26 104 
0 20 195 
0 13 146 
0 12 134 
0 30 157 
0 16 104 
0 15 209 
0 41 152 
0 4 195 
0 23 104 
0 31 140 
0 3 220 
0 17 196 
0 82 137 
0 22 187 
0 28 178 
0 6 175 
0 0 222 
0 3 147 
0 26 221 
0 15 136 
0 8 188 
0 6 253 
0 6 203 
0 6 232 
0 2 273 
0 26 209 
0 12 214 
0 20 148 
0 4 244 
0 34 187 
0 52 158 
0 2 215 
0 5 219 
0 0 166 
0 14 228 
0 5 200 
0 22 148 
0 9 160 
0 16 168 
0 7 216 
0 1 136 
0 23 126 
0 8 244 
0 12 178 
0 11 110 
0 9 121 
0 14 225 
0 5 106 
0 12 211 
0 0 189 
0 10 148 
0 16 159 
0 16 103 
0 22 175 
0 1 263 
0 7 182 
0 4 113 
0 15 213 
0 15 156 
0 14 173 
0 18 244 
0 4 180 
0 6 160 
0 1 316 
0 10 173 
0 24 189 
0 19 174 
0 13 232 
0 0 225 
0 8 284 
0 29 172 
0 33 108 
0 7 133 
0 17 137 
0 6 203 
0 8 259 
0 2 209 
0 14 164 
0 13 156 
0 8 164 
0 10 163 
0 27 193 
0 12 211 
0 22 192 
0 8 162 
0 11 135 
0 25 160 
0 32 256 
0 16 260 
0 54 179 
0 9 216 
0 13 158 
0 5 170 
0 4 111 
0 17 168 
0 8 164 
0 9 247 
0 18 279 
0 29 231 
0 25 171 
0 7 179 
0 10 171 
0 19 168 
0 8 130 
0 5 260 
0 5 201 
0 8 313 
0 15 217 
0 7 188 
0 16 145 
0 14 234 
0 6 171 
0 7 159 
0 17 191 
0 10 187 
0 45 203 
0 5 195 
0 0 196 
0 2 158 
0 32 226 
0 11 127 
0 47 94 
0 15 164 
0 13 157 
0 5 139 
0 8 140 
0 3 188 
0 20 236 
0 21 147 
0 26 164 
0 24 207 
0 3 181 
0 16 274 
0 29 194 
0 17 164 
0 23 259 
0 22 188 
0 0 147 
0 15 199 
0 16 190 
0 7 126 
0 8 198 
0 4 110 
0 34 129 
0 9 158 
0 50 252 
0 4 267 
0 17 159 
0 26 250 
0 6 255 
0 14 130 
0 21 133 
0 6 212 
0 4 167 
0 21 139 
0 28 160 
0 26 173 
0 20 233 
0 73 155 
0 15 222 
0 32 126 
0 20 166 
0 39 216 
0 9 177 
0 23 130 
0 29 187 
0 12 226 
0 9 203 
0 6 166 
0 2 97 
0 9 192 
0 25 140 
0 16 201 
0 11 217 
0 22 184 
0 19 236 
0 24 181 
0 45 134 
0 25 192 
0 40 161 
0 46 218 
0 9 152 
0 2 221 
0 7 202 
0 33 180 
0 1 167 
0 7 154 
0 12 228 
0 11 163 
0 2 184 
0 2 121 
0 9 175 
0 20 197 
0 18 266 
0 3 205 
0 19 196 
0 0 149 
0 5 160 
0 22 210 
0 6 135 
0 5 179 
0 6 242 
0 16 119 
0 38 164 
0 3 169 
0 10 118 
0 6 143 
0 23 107 
0 13 187 
0 28 170 
0 10 154 
0 16 129 
0 27 204 
0 42 143 
0 12 148 
0 7 196 
0 1 207 
0 8 200 
0 65 185 
0 8 175 
0 11 171 
0 26 138 
0 0 257 
0 15 193 
0 6 250 
0 7 173 
0 6 121 
0 36 201 
0 24 143 
0 7 191 
0 18 202 
0 31 184 
0 49 97 
0 9 182 
0 12 141 
0 32 130 
0 0 266 
0 4 96 
0 19 151 
0 10 210 
0 30 184 
0 50 218 
0 24 131 
0 30 232 
0 12 275 
0 8 176 
0 19 140 
0 9 154 
0 26 183 
0 53 138 
0 22 158 
0 4 175 
0 19 210 
0 11 196 
0 11 296 
0 7 205 
0 12 236 
0 6 197 
0 36 196 
0 17 142 
0 11 133 
0 28 152 
0 13 193 
0 7 229 
0 4 113 
0 8 154 
0 19 173 
0 3 187 
0 36 235 
0 11 141 
0 26 149 
0 49 167 
0 19 200 
0 14 133 
0 7 180 
0 28 161 
0 5 249 
0 37 129 
0 10 97 
0 28 118 
0 20 181 
0 10 227 
0 20 165 
0 1 168 
0 42 150 
0 5 139 
0 7 165 
0 30 190 
0 2 217 
0 6 140 
0 1 135 
0 39 216 
0 23 175 
0 3 112 
0 45 143 
0 15 165 
0 4 296 
0 7 143 
0 24 154 
0 29 126 
0 4 221 
0 23 157 
0 4 120 
0 16 181 
0 46 145 
0 2 184 
0 5 219 
0 10 190 
0 14 152 
0 37 259 
0 16 226 
0 6 161 
0 42 179 
0 36 159 
0 6 157 
0 19 171 
0 7 223 
0 11 314 
0 6 210 
0 3 180 
0 7 95 
0 13 141 
0 17 237 
0 19 158 
