0 19 149 
0 5 83 
0 4 224 
0 52 190 
0 9 155 
0 17 216 
0 2 185 
0 6 284 
0 36 263 
0 8 222 
0 52 132 
0 47 139 
0 1 158 
0 43 108 
0 22 296 
0 19 154 
0 22 120 
0 39 140 
0 4 229 
0 12 207 
0 17 239 
0 21 144 
0 2 182 
0 6 124 
0 16 275 
0 23 229 
0 18 89 
0 9 160 
0 19 124 
0 10 184 
0 38 185 
0 10 150 
0 10 166 
0 0 114 
0 31 187 
0 7 181 
0 40 145 
0 23 108 
0 26 177 
0 0 198 
0 16 168 
0 12 202 
0 3 160 
0 15 189 
0 14 142 
0 22 207 
0 19 113 
0 41 133 
0 8 205 
0 31 132 
0 10 143 
0 8 121 
0 4 120 
0 3 175 
0 2 180 
0 5 261 
0 21 146 
0 18 118 
0 3 150 
0 13 187 
0 7 132 
0 32 165 
0 5 198 
0 21 178 
0 7 256 
0 26 213 
0 26 86 
0 9 183 
0 10 236 
0 3 121 
0 20 81 
0 17 168 
0 86 254 
0 16 143 
0 4 126 
0 3 231 
0 30 139 
0 4 184 
0 3 66 
0 15 70 
0 14 168 
0 2 164 
0 1 125 
0 20 192 
0 11 126 
0 1 179 
0 23 177 
0 4 195 
0 23 190 
0 4 195 
0 30 159 
0 10 257 
0 3 184 
0 83 93 
0 14 228 
0 13 186 
0 10 166 
0 10 158 
0 16 241 
0 3 127 
0 1 151 
0 7 161 
0 23 117 
0 17 132 
0 14 213 
0 19 99 
0 28 190 
0 40 197 
0 1 108 
0 18 224 
0 1 149 
0 78 151 
0 17 172 
0 1 87 
0 12 132 
0 17 238 
0 3 185 
0 9 314 
0 27 238 
0 11 126 
0 12 231 
0 9 135 
0 16 206 
0 2 218 
0 12 95 
0 3 275 
0 9 146 
0 18 115 
0 0 118 
0 26 170 
0 16 289 
0 27 99 
0 8 199 
0 13 161 
0 5 157 
0 25 172 
0 12 247 
0 36 178 
0 11 138 
0 8 222 
0 10 210 
0 22 159 
0 9 135 
0 15 113 
0 20 157 
0 20 211 
0 36 152 
0 3 296 
0 6 107 
0 6 275 
0 12 171 
0 17 192 
0 12 121 
0 2 95 
0 19 311 
0 0 128 
0 3 172 
0 39 169 
0 8 171 
0 9 142 
0 3 278 
0 9 156 
0 8 181 
0 21 110 
0 8 114 
0 68 122 
0 47 190 
0 9 124 
0 6 174 
0 34 117 
0 8 215 
0 7 279 
0 4 162 
0 0 214 
0 8 124 
0 18 300 
0 11 134 
0 3 321 
0 0 149 
0 18 154 
0 10 138 
0 19 141 
0 9 171 
0 29 109 
0 36 79 
0 31 138 
0 0 361 
0 17 185 
0 5 99 
0 33 157 
0 16 216 
0 7 261 
0 11 160 
0 52 254 
0 45 150 
0 2 211 
0 20 281 
0 5 249 
0 11 315 
0 81 142 
0 18 137 
0 39 76 
0 8 149 
0 44 112 
0 15 326 
0 39 182 
0 26 151 
0 25 101 
0 22 193 
0 11 167 
0 17 80 
0 17 39 
0 12 225 
0 8 143 
0 42 160 
0 52 182 
0 7 198 
0 20 125 
0 10 115 
0 16 245 
0 5 133 
0 6 121 
0 23 162 
0 9 175 
0 28 100 
0 4 130 
0 10 145 
0 9 163 
0 29 138 
0 1 137 
0 17 142 
0 20 125 
0 2 129 
0 19 219 
0 40 290 
0 23 160 
0 5 204 
0 51 245 
0 26 188 
0 31 133 
0 21 202 
0 5 129 
0 22 247 
0 34 115 
0 0 225 
0 25 162 
0 9 195 
0 27 149 
0 17 160 
0 14 251 
0 12 200 
0 11 159 
0 7 250 
0 29 151 
0 11 215 
0 20 185 
0 15 130 
0 12 127 
0 13 160 
0 73 147 
0 4 118 
0 7 221 
0 5 158 
0 17 102 
0 10 218 
0 4 199 
0 21 190 
0 0 133 
0 15 266 
0 15 258 
0 17 277 
0 9 164 
0 1 185 
0 24 141 
0 25 238 
0 1 174 
0 11 297 
0 10 155 
0 9 149 
0 5 153 
0 1 254 
0 18 142 
0 22 172 
0 12 89 
0 15 223 
0 5 103 
0 9 254 
0 27 165 
0 6 140 
0 26 165 
0 7 203 
0 13 152 
0 10 165 
0 16 182 
0 49 181 
0 41 158 
0 0 232 
0 21 244 
0 41 124 
0 38 258 
0 18 236 
0 15 109 
0 20 202 
0 38 306 
0 37 263 
0 13 262 
0 16 236 
0 30 165 
0 2 158 
0 15 100 
0 15 229 
0 5 239 
0 27 123 
0 45 162 
0 7 153 
0 8 162 
0 0 176 
0 19 87 
0 0 142 
0 25 149 
0 25 187 
0 20 226 
0 26 97 
0 10 203 
0 38 134 
0 20 127 
0 9 136 
0 14 76 
0 5 165 
0 16 259 
0 9 215 
0 27 146 
0 35 179 
0 15 78 
0 47 106 
0 41 137 
0 90 159 
0 17 219 
0 10 165 
0 28 114 
0 10 206 
0 22 230 
0 6 108 
0 10 128 
0 20 208 
0 15 154 
0 3 130 
0 8 134 
0 16 163 
0 8 159 
0 11 151 
0 35 215 
0 6 163 
0 7 231 
0 23 120 
0 36 101 
0 7 250 
0 10 227 
0 22 181 
0 25 138 
0 7 218 
0 5 155 
0 7 147 
0 38 137 
0 14 269 
0 14 242 
0 45 220 
0 17 257 
0 10 182 
0 21 116 
0 6 107 
0 20 192 
0 73 150 
0 33 147 
0 34 183 
0 16 113 
0 30 176 
0 28 272 
0 42 185 
0 4 260 
0 7 177 
0 34 189 
0 24 231 
0 36 204 
0 24 141 
0 22 176 
0 8 183 
0 32 178 
0 7 133 
0 57 134 
0 19 209 
0 7 114 
0 4 222 
0 8 190 
0 0 145 
0 3 156 
0 16 102 
0 11 123 
0 51 95 
0 9 211 
0 11 194 
0 6 104 
0 5 143 
0 13 207 
0 7 171 
0 50 144 
0 1 182 
0 10 165 
0 7 216 
0 23 104 
0 13 123 
0 14 123 
0 18 271 
0 4 195 
0 45 264 
0 41 153 
0 42 257 
0 4 160 
0 12 121 
0 13 215 
0 38 98 
0 6 160 
0 19 134 
0 9 134 
0 0 169 
0 9 223 
0 60 127 
0 23 257 
0 23 65 
0 24 240 
0 20 193 
0 19 95 
0 23 192 
0 13 210 
0 3 88 
0 46 152 
0 6 158 
0 31 192 
0 39 275 
0 23 149 
0 64 170 
0 12 170 
0 9 174 
0 11 216 
0 17 184 
0 10 111 
0 21 147 
0 15 133 
0 74 138 
0 10 93 
0 36 175 
0 59 219 
0 14 134 
0 5 132 
0 7 94 
0 11 179 
0 16 107 
0 13 236 
0 3 194 
0 0 137 
0 2 89 
0 11 208 
0 2 119 
0 44 211 
0 5 182 
0 2 164 
0 19 123 
0 11 180 
0 17 191 
0 18 181 
0 23 196 
0 9 162 
0 9 141 
0 10 116 
0 31 318 
0 13 147 
0 1 255 
0 7 213 
0 0 150 
0 4 269 
0 9 152 
0 8 114 
0 5 176 
0 13 180 
0 0 192 
0 10 147 
0 17 92 
0 15 149 
0 58 113 
0 23 107 
0 7 164 
0 11 162 
0 8 129 
0 10 116 
0 16 160 
0 7 155 
0 21 171 
0 13 230 
0 16 163 
0 49 146 
0 11 359 
0 8 188 
0 31 151 
0 9 195 
0 26 221 
0 23 165 
0 4 127 
0 31 145 
0 48 143 
0 8 151 
0 20 120 
0 17 170 
0 29 157 
0 29 120 
0 16 200 
0 23 206 
0 14 344 
0 27 154 
0 38 173 
0 29 173 
0 5 246 
0 30 132 
0 26 113 
0 17 96 
0 6 213 
0 0 161 
0 6 107 
0 4 109 
0 2 225 
0 11 157 
0 17 137 
0 0 219 
0 1 166 
0 6 128 
0 15 184 
0 37 113 
0 19 240 
0 0 255 
0 3 147 
0 6 124 
0 29 203 
0 0 149 
0 7 143 
0 18 264 
0 72 148 
0 25 140 
0 10 226 
0 15 149 
0 21 112 
0 16 127 
0 5 237 
0 36 173 
0 29 146 
0 33 180 
0 29 324 
0 10 232 
0 26 89 
0 9 162 
0 17 148 
0 8 247 
0 50 132 
0 5 104 
0 8 223 
0 15 212 
0 22 152 
0 8 134 
0 11 222 
0 16 250 
0 14 175 
0 7 261 
0 1 119 
0 18 173 
0 44 141 
0 23 217 
0 11 274 
0 14 182 
0 0 78 
0 4 103 
0 0 310 
0 20 186 
0 47 144 
0 19 227 
0 5 93 
0 5 226 
0 37 229 
0 9 186 
0 39 127 
0 11 209 
0 9 152 
0 8 135 
0 42 145 
0 26 274 
0 4 161 
0 36 225 
0 0 129 
0 22 158 
0 13 211 
0 23 58 
0 5 137 
0 35 120 
0 7 136 
0 0 161 
0 13 186 
0 11 203 
0 5 162 
0 29 198 
0 17 218 
0 14 79 
0 38 98 
0 23 208 
0 11 130 
0 38 174 
0 40 131 
0 19 119 
0 48 139 
0 3 295 
0 6 269 
0 4 176 
0 18 193 
0 6 259 
0 49 185 
0 24 217 
0 5 151 
0 21 143 
0 35 135 
0 21 203 
0 13 191 
0 7 240 
0 64 120 
0 46 170 
0 11 202 
0 29 179 
0 11 178 
0 14 128 
0 3 268 
0 16 361 
0 11 143 
0 21 197 
0 7 136 
0 26 230 
0 27 123 
0 6 138 
0 5 146 
0 7 182 
0 0 102 
0 20 180 
0 33 95 
0 1 193 
0 25 268 
0 5 202 
0 21 206 
0 73 140 
0 0 109 
0 21 127 
0 6 364 
0 18 109 
0 0 156 
0 11 81 
0 16 168 
0 6 198 
0 22 231 
0 11 193 
0 5 195 
0 3 181 
0 16 98 
0 22 138 
0 8 92 
0 29 161 
0 9 210 
0 52 199 
0 15 116 
0 35 134 
0 5 110 
0 0 149 
0 4 295 
0 22 112 
0 18 124 
0 29 167 
0 53 189 
0 5 158 
0 24 80 
0 23 81 
0 20 199 
0 52 195 
0 19 267 
0 23 183 
0 7 226 
0 43 185 
0 3 198 
0 7 163 
0 19 193 
0 35 131 
0 20 99 
0 10 132 
0 6 155 
0 34 108 
0 19 157 
0 58 229 
0 25 242 
0 36 162 
0 15 120 
0 22 214 
0 20 97 
0 4 245 
0 8 207 
0 16 199 
0 9 103 
0 32 86 
0 0 152 
0 24 201 
0 32 146 
0 14 179 
0 18 160 
0 20 121 
0 8 231 
0 12 100 
0 1 128 
0 1 162 
0 8 167 
0 35 276 
0 0 268 
0 10 247 
0 7 171 
0 10 286 
0 17 119 
0 21 154 
0 12 143 
0 20 166 
0 27 185 
0 3 167 
0 0 190 
0 18 112 
0 5 244 
0 31 135 
0 14 140 
0 5 249 
0 4 199 
0 17 169 
0 1 134 
0 16 107 
0 27 335 
0 26 135 
0 28 142 
0 7 163 
0 24 196 
0 36 164 
0 0 120 
0 12 179 
0 3 228 
0 17 165 
0 7 55 
0 20 171 
0 5 101 
0 27 121 
0 12 158 
0 0 152 
0 9 115 
0 17 257 
0 55 168 
0 17 215 
0 18 176 
0 85 123 
0 5 298 
0 19 176 
0 6 199 
0 1 74 
0 30 129 
0 13 154 
0 21 291 
0 7 254 
0 35 236 
0 10 161 
0 11 176 
0 10 166 
0 35 255 
0 13 133 
0 6 138 
0 5 180 
0 25 202 
0 5 109 
0 23 120 
0 14 331 
0 4 181 
0 10 75 
0 2 202 
0 28 97 
0 25 168 
0 2 247 
0 15 126 
0 12 187 
0 23 191 
0 29 211 
0 7 177 
0 4 161 
0 3 184 
0 2 192 
0 28 107 
0 8 181 
0 5 157 
0 21 235 
0 35 161 
0 22 128 
0 28 146 
0 38 116 
0 29 140 
0 44 120 
0 6 167 
0 47 87 
0 0 194 
0 19 222 
0 31 145 
0 55 139 
0 16 102 
0 4 243 
0 16 165 
0 25 148 
0 28 185 
0 30 136 
0 12 188 
0 41 244 
0 24 181 
0 23 172 
0 45 149 
0 5 178 
0 17 170 
0 11 128 
0 12 117 
0 4 109 
0 9 159 
0 15 107 
0 39 156 
0 28 118 
0 13 147 
0 22 157 
0 47 108 
0 7 177 
0 59 124 
0 30 109 
0 50 181 
0 60 163 
0 18 174 
0 6 197 
0 11 139 
0 6 165 
0 13 146 
0 3 235 
0 38 135 
0 31 135 
0 8 124 
0 7 159 
0 16 223 
0 6 205 
0 32 257 
0 0 187 
0 1 214 
0 16 103 
0 15 205 
0 4 96 
0 51 103 
0 12 125 
0 26 96 
0 9 251 
0 25 164 
0 1 203 
0 53 164 
0 11 248 
0 4 197 
0 42 229 
0 10 178 
0 86 73 
0 2 165 
0 7 162 
0 3 156 
0 14 112 
0 38 126 
0 30 226 
0 0 202 
0 12 343 
0 10 280 
0 4 164 
0 19 118 
0 4 100 
0 1 124 
0 10 141 
0 30 147 
0 39 161 
0 44 192 
0 14 158 
0 9 201 
0 18 172 
0 31 102 
0 28 159 
0 10 201 
0 24 122 
0 3 177 
0 19 282 
0 41 115 
0 4 186 
0 7 93 
0 18 202 
0 21 130 
0 45 154 
0 3 130 
0 13 149 
0 22 112 
0 14 177 
0 24 149 
0 5 213 
0 11 309 
0 39 79 
0 10 262 
0 21 81 
0 3 195 
0 19 200 
0 6 179 
0 20 141 
0 6 148 
0 1 167 
0 33 213 
0 1 206 
0 18 224 
0 9 215 
0 9 187 
0 8 171 
0 8 155 
0 27 181 
0 25 249 
0 13 294 
0 19 196 
0 25 160 
0 25 95 
0 20 106 
0 13 113 
0 6 158 
0 5 181 
0 3 218 
0 9 140 
0 45 171 
0 9 226 
0 17 310 
0 12 139 
0 30 157 
0 0 112 
0 12 187 
0 4 145 
0 16 240 
0 17 254 
0 13 159 
0 2 305 
0 7 222 
0 0 290 
0 0 97 
0 3 156 
0 4 199 
0 0 125 
0 19 283 
0 7 175 
0 3 171 
0 8 221 
0 2 291 
0 34 204 
0 1 210 
0 8 87 
0 26 151 
0 7 104 
0 10 139 
0 1 103 
0 35 272 
0 23 134 
0 5 97 
0 25 216 
0 25 168 
0 22 127 
0 9 225 
0 11 145 
0 38 77 
0 4 128 
0 19 116 
0 10 245 
0 9 135 
0 12 137 
0 43 161 
0 14 143 
0 15 148 
0 7 129 
0 3 185 
0 6 148 
0 12 165 
0 10 172 
0 29 192 
0 16 93 
0 34 223 
0 4 134 
0 19 186 
0 25 188 
0 14 185 
0 5 225 
0 57 184 
0 12 234 
0 0 159 
