0 200 94 
0 238 15 
0 168 19 
0 199 27 
0 264 1 
0 227 37 
0 243 11 
0 221 24 
0 215 13 
0 179 52 
0 305 11 
0 205 27 
0 237 30 
0 174 55 
0 215 1 
0 184 18 
0 174 41 
0 260 0 
0 251 5 
0 194 18 
0 201 8 
0 170 18 
0 168 12 
0 203 32 
0 161 3 
0 222 3 
0 157 25 
0 232 4 
0 256 3 
0 175 47 
0 230 5 
0 233 10 
0 188 11 
0 256 27 
0 285 8 
0 229 1 
0 153 41 
0 187 8 
0 150 15 
0 166 20 
0 179 40 
0 142 45 
0 241 16 
0 185 16 
0 229 17 
0 233 13 
0 186 24 
0 154 11 
0 179 37 
0 146 17 
0 216 10 
0 213 17 
0 239 4 
0 211 5 
0 178 0 
0 191 16 
0 161 24 
0 223 30 
0 234 8 
0 163 34 
0 209 2 
0 192 4 
0 153 14 
0 167 10 
0 168 6 
0 195 6 
0 238 5 
0 185 1 
0 180 5 
0 142 28 
0 224 22 
0 297 40 
0 220 1 
0 227 10 
0 184 10 
0 144 5 
0 126 3 
0 194 31 
0 200 7 
0 311 2 
0 190 3 
0 207 22 
0 266 18 
0 180 35 
0 219 16 
0 245 2 
0 217 4 
0 243 45 
0 189 6 
0 244 41 
0 202 8 
0 207 33 
0 197 66 
0 215 14 
0 188 18 
0 276 27 
0 258 26 
0 173 2 
0 218 48 
0 201 5 
0 245 6 
0 121 31 
0 124 5 
0 233 13 
0 245 14 
0 240 20 
0 235 37 
0 235 12 
0 207 42 
0 221 24 
0 159 45 
0 230 10 
0 157 36 
0 239 10 
0 227 0 
0 163 0 
0 179 33 
0 219 15 
0 212 45 
0 262 0 
0 201 3 
0 181 7 
0 222 10 
0 205 25 
0 180 8 
0 245 41 
0 206 14 
0 233 5 
0 211 46 
0 193 26 
0 224 21 
0 228 22 
0 104 16 
0 160 40 
0 244 11 
0 153 1 
0 195 93 
0 210 1 
0 233 1 
0 229 5 
0 217 22 
0 230 8 
0 171 12 
0 161 32 
0 258 33 
0 275 17 
0 216 39 
0 234 24 
0 165 49 
0 156 10 
0 204 47 
0 157 11 
0 172 9 
0 196 19 
0 234 30 
0 206 24 
0 185 10 
0 153 25 
0 272 10 
0 151 3 
0 292 17 
0 194 8 
0 196 26 
0 261 18 
0 227 12 
0 282 33 
0 193 8 
0 170 0 
0 162 24 
0 229 29 
0 214 74 
0 270 7 
0 221 4 
0 201 3 
0 170 38 
0 245 36 
0 213 38 
0 142 15 
0 172 42 
0 200 29 
0 208 22 
0 224 39 
0 251 23 
0 199 19 
0 233 8 
0 185 21 
0 277 1 
0 207 50 
0 91 1 
0 143 65 
0 208 18 
0 283 19 
0 211 55 
0 234 4 
0 179 3 
0 229 12 
0 179 26 
0 255 43 
0 233 61 
0 233 6 
0 244 24 
0 203 4 
0 135 9 
0 238 0 
0 258 1 
0 176 45 
0 191 40 
0 232 9 
0 282 17 
0 163 68 
0 164 43 
0 235 32 
0 212 24 
0 164 33 
0 172 0 
0 200 15 
0 188 14 
0 226 7 
0 224 11 
0 217 16 
0 125 6 
0 160 12 
0 181 32 
0 151 56 
0 107 8 
0 229 1 
0 196 9 
0 168 30 
0 206 45 
0 253 0 
0 248 9 
0 185 36 
0 187 1 
0 191 0 
0 169 17 
0 254 28 
0 212 14 
0 186 45 
0 155 19 
0 183 11 
0 199 15 
0 162 15 
0 204 6 
0 208 27 
0 262 12 
0 183 19 
0 190 5 
0 209 41 
0 202 16 
0 166 8 
0 178 3 
0 179 7 
0 262 47 
0 187 54 
0 221 42 
0 146 32 
0 213 7 
0 194 4 
0 155 12 
0 175 34 
0 235 4 
0 236 66 
0 191 98 
0 227 8 
0 282 42 
0 166 7 
0 149 45 
0 167 5 
0 188 13 
0 212 8 
0 215 2 
0 200 18 
0 166 32 
0 292 43 
0 214 8 
0 149 10 
0 183 17 
0 158 64 
0 239 18 
0 224 4 
0 206 19 
0 222 50 
0 144 11 
0 211 25 
0 256 10 
0 171 28 
0 238 8 
0 227 42 
0 176 40 
0 193 20 
0 190 9 
0 206 6 
0 168 9 
0 232 0 
0 220 17 
0 208 28 
0 166 63 
0 217 5 
0 252 17 
0 281 25 
0 273 9 
0 208 116 
0 122 11 
0 225 38 
0 229 27 
0 171 73 
0 237 13 
0 172 14 
0 127 5 
0 284 10 
0 170 5 
0 202 0 
0 185 8 
0 226 32 
0 234 12 
0 178 21 
0 172 33 
0 314 34 
0 220 13 
0 188 24 
0 268 0 
0 156 16 
0 199 16 
0 173 43 
0 114 12 
0 227 10 
0 196 33 
0 203 32 
0 219 21 
0 213 13 
0 216 11 
0 237 90 
0 189 27 
0 233 22 
0 182 33 
0 209 7 
0 229 4 
0 204 4 
0 158 91 
0 159 29 
0 221 14 
0 271 30 
0 175 55 
0 222 0 
0 204 13 
0 195 0 
0 181 12 
0 288 0 
0 155 10 
0 247 8 
0 160 86 
0 229 6 
0 221 10 
0 237 12 
0 242 48 
0 122 1 
0 96 32 
0 215 24 
0 175 33 
0 236 13 
0 196 14 
0 169 53 
0 191 34 
0 213 16 
0 188 20 
0 160 24 
0 282 6 
0 190 43 
0 147 35 
0 224 21 
0 181 14 
0 172 37 
0 214 51 
0 202 4 
0 222 27 
0 211 28 
0 161 4 
0 217 15 
0 201 3 
0 240 110 
0 205 27 
0 199 24 
0 182 7 
0 205 13 
0 216 6 
0 246 21 
0 162 13 
0 205 23 
0 187 28 
0 192 7 
0 228 4 
0 230 23 
0 171 25 
0 175 0 
0 227 0 
0 202 2 
0 140 16 
0 181 8 
0 204 40 
0 242 45 
0 208 22 
0 241 1 
0 211 5 
0 131 42 
0 182 28 
0 199 1 
0 212 9 
0 280 7 
0 206 21 
0 255 14 
0 175 16 
0 192 28 
0 201 8 
0 145 21 
0 173 5 
0 184 19 
0 174 116 
0 218 43 
0 179 20 
0 228 19 
0 223 1 
0 164 25 
0 189 14 
0 175 17 
0 176 15 
0 126 7 
0 175 7 
0 226 2 
0 276 8 
0 155 45 
0 166 34 
0 200 23 
0 247 3 
0 163 11 
0 259 20 
0 234 15 
0 226 7 
0 258 62 
0 257 40 
0 209 9 
0 233 16 
0 256 5 
0 255 1 
0 250 0 
0 258 25 
0 223 24 
0 147 11 
0 239 16 
0 172 3 
0 171 9 
0 217 4 
0 219 6 
0 148 43 
0 208 19 
0 174 26 
0 227 9 
0 296 9 
0 168 3 
0 180 2 
0 207 2 
0 258 13 
0 220 10 
0 147 44 
0 189 11 
0 239 21 
0 206 4 
0 220 17 
0 261 6 
0 216 49 
0 208 38 
0 233 27 
0 191 14 
0 240 28 
0 236 22 
0 182 47 
0 203 61 
0 248 21 
0 171 2 
0 175 8 
0 222 8 
0 243 51 
0 134 10 
0 185 16 
0 164 12 
0 199 13 
0 175 46 
0 246 12 
0 218 6 
0 134 12 
0 195 0 
0 188 38 
0 245 42 
0 213 11 
0 211 13 
0 163 77 
0 224 17 
0 167 59 
0 159 12 
0 194 0 
0 231 28 
0 152 35 
0 181 53 
0 247 3 
0 188 19 
0 159 46 
0 240 11 
0 199 107 
0 230 13 
0 218 8 
0 254 30 
0 184 22 
0 296 9 
0 205 7 
0 197 30 
0 147 25 
0 186 7 
0 191 17 
0 170 6 
0 178 12 
0 157 26 
0 243 0 
0 207 8 
0 215 15 
0 263 19 
0 227 28 
0 191 16 
0 227 3 
0 231 22 
0 226 38 
0 181 61 
0 273 53 
0 229 46 
0 209 17 
0 169 38 
0 168 21 
0 225 32 
0 142 55 
0 251 32 
0 186 3 
0 175 18 
0 145 8 
0 245 18 
0 213 16 
0 162 26 
0 186 5 
0 165 1 
0 238 5 
0 199 24 
0 167 33 
0 227 2 
0 194 19 
0 201 32 
0 221 4 
0 201 66 
0 147 25 
0 224 7 
0 112 12 
0 160 47 
0 155 7 
0 258 4 
0 143 5 
0 189 20 
0 213 26 
0 153 15 
0 183 25 
0 169 35 
0 192 25 
0 140 32 
0 269 27 
0 128 34 
0 145 22 
0 217 12 
0 146 11 
0 231 8 
0 187 43 
0 212 7 
0 222 0 
0 193 2 
0 208 2 
0 248 16 
0 134 9 
0 187 15 
0 185 11 
0 157 18 
0 159 60 
0 272 14 
0 209 0 
0 261 22 
0 165 17 
0 225 33 
0 236 47 
0 207 21 
0 211 3 
0 268 27 
0 265 11 
0 159 4 
0 173 32 
0 177 4 
0 289 5 
0 232 32 
0 216 60 
0 218 22 
0 196 12 
0 133 17 
0 225 45 
0 222 24 
0 195 43 
0 206 4 
0 243 15 
0 168 63 
0 162 15 
0 266 37 
0 204 4 
0 216 8 
0 180 22 
0 220 7 
0 206 39 
0 220 9 
0 144 31 
0 256 22 
0 270 7 
0 216 10 
0 213 51 
0 244 6 
0 187 16 
0 179 1 
0 214 34 
0 160 4 
0 171 11 
0 204 31 
0 219 20 
0 142 47 
0 189 12 
0 157 71 
0 231 25 
0 199 65 
0 273 7 
0 229 44 
0 156 15 
0 183 4 
0 206 10 
0 195 62 
0 222 35 
0 224 57 
0 185 0 
0 211 1 
0 194 11 
0 168 8 
0 259 23 
0 174 14 
0 232 25 
0 234 24 
0 224 9 
0 155 0 
0 195 11 
0 235 30 
0 192 14 
0 217 26 
0 213 28 
0 251 11 
0 183 12 
0 287 4 
0 195 6 
0 180 22 
0 186 10 
0 204 32 
0 225 40 
0 188 78 
0 174 60 
0 117 2 
0 149 23 
0 202 3 
0 211 6 
0 248 2 
0 268 10 
0 204 21 
0 176 63 
0 217 59 
0 239 7 
0 211 24 
0 221 23 
0 241 25 
0 252 51 
0 109 21 
0 166 25 
0 222 2 
0 242 27 
0 213 1 
0 150 17 
0 213 12 
0 169 30 
0 229 13 
0 192 7 
0 181 3 
0 245 29 
0 140 36 
0 196 17 
0 217 13 
0 259 14 
0 195 17 
0 280 14 
0 234 4 
0 114 4 
0 254 19 
0 209 28 
0 187 3 
0 177 2 
0 192 4 
0 225 18 
0 276 24 
0 207 35 
0 185 82 
0 178 8 
0 167 28 
0 257 36 
0 159 8 
0 204 4 
0 196 1 
0 187 29 
0 153 3 
0 256 12 
0 252 7 
0 133 43 
0 147 69 
0 176 44 
0 176 37 
0 251 21 
0 173 4 
0 215 4 
0 138 48 
0 302 3 
0 327 34 
0 176 9 
0 186 7 
0 259 24 
0 251 4 
0 248 0 
0 253 38 
0 158 5 
0 178 24 
0 167 34 
0 118 61 
0 187 26 
0 195 8 
0 207 16 
0 268 0 
0 186 40 
0 147 35 
0 209 14 
0 143 32 
0 331 8 
0 239 6 
0 224 25 
0 212 36 
0 171 31 
0 223 20 
0 184 58 
0 172 77 
0 229 19 
0 205 46 
0 206 48 
0 207 36 
0 203 5 
0 246 18 
0 235 12 
0 261 11 
0 241 22 
0 164 24 
0 199 9 
0 227 6 
0 249 39 
0 219 12 
0 212 27 
0 137 23 
0 190 3 
0 190 9 
0 228 8 
0 204 2 
0 235 30 
0 189 6 
0 227 1 
0 267 10 
0 236 15 
0 188 5 
0 161 8 
0 217 14 
0 187 39 
0 190 24 
0 197 41 
0 220 34 
0 207 8 
0 218 17 
0 205 5 
0 168 23 
0 154 1 
0 235 14 
0 200 5 
0 209 41 
0 143 23 
0 213 31 
0 158 0 
0 288 23 
0 195 11 
0 208 12 
0 231 30 
0 196 41 
0 199 1 
0 182 106 
0 225 1 
0 207 38 
0 242 8 
0 239 12 
0 241 12 
0 206 23 
0 191 21 
0 228 0 
0 206 7 
0 210 11 
0 243 14 
0 164 37 
0 224 12 
0 240 29 
0 188 24 
0 198 1 
0 234 39 
0 154 26 
0 231 18 
0 216 10 
0 213 15 
0 204 33 
0 140 50 
0 211 18 
0 194 2 
0 251 8 
0 275 16 
0 144 72 
0 219 0 
0 149 58 
0 184 13 
0 206 8 
0 184 12 
0 247 21 
0 243 20 
0 202 15 
0 185 4 
0 157 22 
0 146 7 
0 225 7 
0 229 14 
0 235 6 
0 187 13 
0 214 7 
0 239 7 
0 204 7 
0 195 2 
0 204 32 
0 189 3 
0 208 14 
0 201 3 
0 220 9 
0 229 55 
0 264 12 
0 278 1 
0 165 4 
0 269 5 
0 223 31 
0 233 15 
0 190 21 
0 189 53 
0 201 37 
0 285 11 
0 219 8 
0 219 18 
0 222 6 
0 232 30 
0 264 10 
0 205 30 
0 214 42 
0 182 18 
0 157 83 
0 125 21 
0 261 33 
0 160 29 
0 168 8 
0 202 5 
0 206 9 
0 176 6 
0 187 45 
0 232 23 
0 273 8 
0 228 46 
0 299 4 
0 262 30 
0 235 15 
0 196 65 
0 185 25 
0 150 6 
0 236 46 
0 180 67 
0 174 16 
0 221 15 
0 214 21 
0 238 26 
0 234 34 
0 223 4 
0 226 7 
0 199 1 
0 206 3 
0 175 21 
0 186 11 
0 212 6 
0 221 4 
0 195 45 
0 184 29 
0 173 35 
0 180 13 
0 173 69 
0 218 11 
0 228 13 
0 250 18 
0 261 26 
0 175 23 
0 231 14 
0 216 4 
0 257 23 
0 193 23 
0 143 17 
0 191 4 
0 230 9 
0 281 65 
0 190 28 
0 158 7 
0 167 50 
0 210 29 
0 182 14 
0 215 54 
0 207 7 
0 204 4 
0 173 29 
0 187 8 
0 259 10 
0 176 45 
0 198 50 
0 216 13 
0 204 31 
0 153 25 
0 180 26 
0 216 7 
0 219 21 
0 200 83 
0 292 46 
0 256 2 
0 187 27 
0 243 13 
0 210 47 
0 231 14 
0 192 8 
0 212 12 
0 195 10 
0 220 15 
0 194 11 
0 240 0 
0 235 9 
0 145 76 
0 185 48 
0 202 23 
0 207 3 
0 246 2 
0 243 45 
0 268 14 
0 227 2 
0 192 40 
0 188 19 
0 240 40 
0 193 6 
0 242 22 
0 245 6 
0 193 19 
0 189 81 
0 133 26 
0 236 15 
0 220 14 
0 129 42 
0 176 16 
0 217 2 
0 221 27 
0 224 119 
0 211 18 
0 334 9 
0 143 15 
0 196 13 
0 196 38 
0 175 19 
0 244 3 
0 247 43 
0 161 128 
0 232 37 
0 195 15 
0 165 0 
0 249 20 
