0 142 69 
0 171 38 
0 127 34 
0 104 66 
0 167 28 
0 66 18 
0 82 45 
0 112 32 
0 135 64 
0 137 40 
0 134 18 
0 111 40 
0 114 51 
0 126 43 
0 130 31 
0 120 74 
0 132 19 
0 94 40 
0 135 39 
0 138 24 
0 151 36 
0 122 33 
0 106 50 
0 122 64 
0 116 51 
0 99 46 
0 112 46 
0 123 41 
0 195 66 
0 129 27 
0 79 56 
0 103 13 
0 111 34 
0 104 63 
0 95 22 
0 155 24 
0 185 44 
0 137 53 
0 134 52 
0 130 61 
0 118 56 
0 94 28 
0 100 23 
0 124 44 
0 121 22 
0 126 37 
0 167 24 
0 119 9 
0 74 27 
0 108 30 
0 128 71 
0 75 30 
0 87 56 
0 144 12 
0 130 28 
0 88 25 
0 96 56 
0 162 28 
0 129 27 
0 153 56 
0 176 63 
0 142 44 
0 177 24 
0 95 44 
0 128 22 
0 85 13 
0 140 63 
0 120 16 
0 102 30 
0 126 42 
0 120 53 
0 116 29 
0 79 68 
0 127 23 
0 148 47 
0 120 60 
0 90 51 
0 160 29 
0 130 30 
0 109 99 
0 109 39 
0 129 67 
0 91 45 
0 97 27 
0 93 24 
0 108 22 
0 95 57 
0 104 61 
0 84 56 
0 87 37 
0 130 15 
0 104 35 
0 160 54 
0 82 14 
0 143 14 
0 105 13 
0 171 23 
0 136 25 
0 106 21 
0 100 18 
0 130 27 
0 91 86 
0 117 28 
0 77 38 
0 122 47 
0 129 24 
0 81 67 
0 211 32 
0 115 51 
0 96 61 
0 83 30 
0 130 28 
0 112 24 
0 98 29 
0 88 56 
0 99 41 
0 96 37 
0 147 48 
0 115 66 
0 100 36 
0 182 48 
0 87 72 
0 141 85 
0 87 34 
0 125 41 
0 124 44 
0 111 50 
0 121 81 
0 145 45 
0 114 29 
0 153 4 
0 82 11 
0 128 21 
0 108 30 
0 121 41 
0 111 58 
0 111 34 
0 114 42 
0 59 41 
0 105 19 
0 97 6 
0 91 50 
0 177 23 
0 141 23 
0 135 36 
0 124 7 
0 139 30 
0 111 46 
0 93 12 
0 103 16 
0 87 30 
0 129 23 
0 107 17 
0 152 33 
0 81 19 
0 101 21 
0 135 68 
0 119 34 
0 103 16 
0 109 49 
0 90 46 
0 181 72 
0 124 143 
0 106 50 
0 75 30 
0 95 67 
0 99 25 
0 150 40 
0 117 32 
0 87 26 
0 149 52 
0 114 43 
0 100 6 
0 80 28 
0 86 26 
0 130 46 
0 101 103 
0 110 84 
0 118 20 
0 99 24 
0 109 54 
0 167 36 
0 117 80 
0 155 71 
0 162 20 
0 126 57 
0 151 29 
0 121 86 
0 103 37 
0 77 56 
0 107 30 
0 92 24 
0 113 24 
0 135 17 
0 136 53 
0 108 62 
0 101 60 
0 88 11 
0 105 24 
0 150 24 
0 160 43 
0 111 41 
0 128 33 
0 110 30 
0 153 29 
0 113 13 
0 94 34 
0 144 9 
0 120 41 
0 118 26 
0 162 23 
0 122 21 
0 81 25 
0 113 34 
0 113 32 
0 102 114 
0 126 55 
0 100 14 
0 125 34 
0 90 14 
0 89 28 
0 112 35 
0 85 47 
0 103 60 
0 112 17 
0 121 47 
0 127 31 
0 137 37 
0 83 32 
0 148 32 
0 115 46 
0 86 24 
0 119 66 
0 70 25 
0 111 36 
0 104 24 
0 155 55 
0 67 41 
0 79 60 
0 94 41 
0 93 17 
0 132 6 
0 117 28 
0 109 16 
0 92 13 
0 142 49 
0 128 39 
0 130 35 
0 114 66 
0 107 42 
0 108 98 
0 137 15 
0 110 9 
0 50 56 
0 123 30 
0 170 29 
0 109 35 
0 115 33 
0 132 22 
0 122 81 
0 136 58 
0 91 27 
0 103 20 
0 132 38 
0 111 21 
0 151 81 
0 116 90 
0 149 28 
0 93 46 
0 142 56 
0 159 17 
0 117 31 
0 85 41 
0 161 82 
0 130 17 
0 84 45 
0 109 30 
0 99 17 
0 177 42 
0 122 85 
0 135 42 
0 168 11 
0 98 54 
0 145 18 
0 157 43 
0 92 18 
0 162 36 
0 99 23 
0 107 21 
0 191 22 
0 170 48 
0 117 23 
0 138 22 
0 118 26 
0 101 45 
0 97 64 
0 116 70 
0 157 49 
0 112 25 
0 112 23 
0 192 33 
0 202 28 
0 116 18 
0 146 11 
0 113 63 
0 160 25 
0 157 29 
0 134 63 
0 103 22 
0 91 33 
0 117 30 
0 61 45 
0 136 24 
0 113 17 
0 85 58 
0 102 69 
0 91 28 
0 113 29 
0 72 89 
0 98 75 
0 114 23 
0 144 42 
0 143 19 
0 85 53 
0 131 21 
0 116 48 
0 101 27 
0 127 26 
0 108 21 
0 136 95 
0 135 27 
0 112 22 
0 126 16 
0 75 37 
0 111 34 
0 120 54 
0 113 65 
0 117 42 
0 131 34 
0 146 60 
0 127 29 
0 91 54 
0 63 15 
0 85 19 
0 91 54 
0 187 30 
0 125 28 
0 132 12 
0 123 40 
0 140 28 
0 160 147 
0 89 12 
0 118 16 
0 143 21 
0 128 31 
0 145 35 
0 139 28 
0 154 14 
0 134 24 
0 128 28 
0 58 55 
0 106 26 
0 101 43 
0 118 28 
0 138 39 
0 107 23 
0 161 29 
0 71 35 
0 93 21 
0 110 35 
0 80 55 
0 77 26 
0 141 44 
0 140 6 
0 122 65 
0 101 22 
0 123 25 
0 117 90 
0 127 36 
0 105 31 
0 89 80 
0 158 44 
0 117 61 
0 115 14 
0 131 37 
0 92 29 
0 93 48 
0 142 45 
0 142 31 
0 111 37 
0 95 38 
0 137 31 
0 99 60 
0 102 41 
0 122 46 
0 96 63 
0 99 14 
0 112 14 
0 127 70 
0 165 14 
0 121 20 
0 99 80 
0 146 89 
0 121 38 
0 121 26 
0 110 51 
0 58 46 
0 158 7 
0 145 42 
0 126 43 
0 143 120 
0 94 20 
0 134 38 
0 146 40 
0 140 33 
0 137 12 
0 129 30 
0 76 14 
0 103 32 
0 100 36 
0 172 19 
0 83 35 
0 73 11 
0 151 52 
0 158 32 
0 124 37 
0 159 11 
0 133 53 
0 124 21 
0 128 63 
0 116 15 
0 90 39 
0 109 34 
0 113 68 
0 126 48 
0 89 22 
0 85 50 
0 123 40 
0 109 51 
0 133 66 
0 109 69 
0 140 43 
0 118 24 
0 90 51 
0 125 27 
0 116 42 
0 108 19 
0 106 56 
0 138 12 
0 144 40 
0 85 39 
0 138 57 
0 115 42 
0 85 12 
0 103 38 
0 95 14 
0 145 11 
0 105 81 
0 107 56 
0 76 42 
0 106 13 
0 165 57 
0 111 39 
0 168 40 
0 71 39 
0 111 36 
0 81 16 
0 124 25 
0 78 34 
0 99 48 
0 115 51 
0 120 50 
0 112 22 
0 92 6 
0 106 29 
0 86 7 
0 91 15 
0 83 55 
0 117 12 
0 93 24 
0 89 27 
0 78 21 
0 89 22 
0 102 14 
0 154 30 
0 149 30 
0 104 55 
0 122 80 
0 74 136 
0 105 52 
0 96 26 
0 80 34 
0 92 14 
0 90 27 
0 104 53 
0 129 33 
0 84 46 
0 141 5 
0 88 21 
0 105 18 
0 105 14 
0 124 53 
0 92 38 
0 71 11 
0 102 82 
0 103 38 
0 109 37 
0 113 41 
0 146 81 
0 130 38 
0 80 28 
0 98 14 
0 113 24 
0 99 32 
0 121 61 
0 114 31 
0 133 65 
0 119 47 
0 79 55 
0 114 23 
0 131 32 
0 166 33 
0 169 20 
0 171 21 
0 122 25 
0 126 32 
0 96 60 
0 97 55 
0 109 88 
0 88 48 
0 140 14 
0 110 58 
0 149 55 
0 67 13 
0 144 42 
0 115 27 
0 89 31 
0 62 15 
0 114 38 
0 91 58 
0 101 49 
0 94 26 
0 152 9 
0 120 31 
0 83 28 
0 127 24 
0 97 26 
0 110 72 
0 76 80 
0 151 78 
0 90 38 
0 127 31 
0 179 46 
0 140 69 
0 117 34 
0 117 30 
0 143 20 
0 98 57 
0 123 39 
0 100 39 
0 110 81 
0 104 58 
0 101 60 
0 103 43 
0 107 33 
0 100 52 
0 81 17 
0 151 24 
0 75 80 
0 165 19 
0 121 28 
0 139 40 
0 80 47 
0 136 38 
0 60 40 
0 151 61 
0 79 34 
0 80 22 
0 146 60 
0 108 19 
0 129 32 
0 86 62 
0 78 23 
0 121 31 
0 81 46 
0 134 76 
0 64 54 
0 116 20 
0 95 61 
0 121 37 
0 134 83 
0 123 46 
0 132 27 
0 156 58 
0 159 32 
0 135 61 
0 131 21 
0 107 69 
0 107 25 
0 82 27 
0 100 13 
0 120 34 
0 126 29 
0 123 36 
0 132 36 
0 100 47 
0 132 21 
0 77 23 
0 117 22 
0 80 67 
0 50 103 
0 111 31 
0 160 17 
0 160 15 
0 112 97 
0 137 38 
0 139 17 
0 109 102 
0 131 96 
0 149 48 
0 97 20 
0 111 19 
0 120 54 
0 105 33 
0 108 34 
0 96 44 
0 116 23 
0 128 34 
0 115 15 
0 98 58 
0 122 46 
0 134 44 
0 104 47 
0 146 15 
0 135 25 
0 139 41 
0 127 67 
0 72 33 
0 134 53 
0 142 60 
0 155 25 
0 118 24 
0 101 13 
0 93 22 
0 62 45 
0 93 16 
0 148 31 
0 152 35 
0 96 33 
0 118 17 
0 141 18 
0 90 32 
0 101 57 
0 88 4 
0 116 23 
0 127 42 
0 130 47 
0 91 16 
0 111 12 
0 141 63 
0 153 22 
0 101 17 
0 121 77 
0 101 24 
0 91 31 
0 123 25 
0 52 17 
0 115 61 
0 88 63 
0 129 70 
0 73 108 
0 121 26 
0 99 49 
0 111 64 
0 161 13 
0 131 19 
0 118 28 
0 106 25 
0 111 14 
0 112 21 
0 148 26 
0 155 51 
0 99 10 
0 123 26 
0 101 16 
0 169 63 
0 126 36 
0 99 63 
0 114 35 
0 107 51 
0 106 16 
0 143 24 
0 103 63 
0 127 52 
0 122 45 
0 105 15 
0 159 30 
0 119 41 
0 115 18 
0 90 72 
0 115 43 
0 114 89 
0 131 33 
0 110 23 
0 110 111 
0 115 49 
0 72 108 
0 112 41 
0 117 47 
0 136 18 
0 91 60 
0 116 28 
0 126 34 
0 111 37 
0 80 30 
0 129 33 
0 116 6 
0 127 118 
0 149 44 
0 122 33 
0 120 30 
0 137 13 
0 99 88 
0 107 16 
0 169 63 
0 116 36 
0 125 27 
0 90 32 
0 142 16 
0 107 31 
0 100 43 
0 43 33 
0 77 43 
0 143 31 
0 140 33 
0 81 45 
0 123 15 
0 136 28 
0 123 60 
0 90 27 
0 103 26 
0 117 32 
0 74 27 
0 86 31 
0 92 40 
0 81 19 
0 78 39 
0 101 57 
0 112 19 
0 137 21 
0 96 11 
0 111 29 
0 101 15 
0 94 116 
0 111 27 
0 106 21 
0 86 19 
0 140 24 
0 77 21 
0 144 43 
0 104 44 
0 92 33 
0 110 13 
0 95 22 
0 132 120 
0 104 37 
0 74 68 
0 96 50 
0 107 19 
0 97 71 
0 108 28 
0 106 36 
0 81 38 
0 120 34 
0 123 31 
0 81 44 
0 54 44 
0 85 59 
0 122 25 
0 113 28 
0 119 41 
0 79 26 
0 144 29 
0 85 45 
0 141 34 
0 96 61 
0 83 49 
0 111 34 
0 114 60 
0 107 54 
0 91 45 
0 100 51 
0 136 56 
0 170 80 
0 98 59 
0 129 36 
0 123 68 
0 58 47 
0 87 38 
0 115 28 
0 164 28 
0 131 59 
0 98 58 
0 92 60 
0 101 35 
0 139 30 
0 88 35 
0 87 70 
0 108 37 
0 89 31 
0 85 27 
0 72 91 
0 104 37 
0 100 53 
0 142 44 
0 136 24 
0 124 12 
0 85 30 
0 135 20 
0 127 42 
0 174 13 
0 159 14 
0 122 46 
0 129 47 
0 147 50 
0 107 58 
0 122 29 
0 111 38 
0 131 19 
0 117 42 
0 75 44 
0 103 21 
0 138 34 
0 106 57 
0 104 17 
0 110 14 
0 126 67 
0 102 119 
0 83 25 
0 121 54 
0 111 36 
0 139 57 
0 136 34 
0 140 34 
0 120 51 
0 131 44 
0 152 17 
0 104 14 
0 130 53 
0 165 54 
0 114 38 
0 143 33 
0 112 20 
0 115 6 
0 120 7 
0 98 33 
0 133 43 
0 138 40 
0 92 53 
0 69 8 
0 110 36 
0 76 70 
0 142 42 
0 127 59 
0 103 33 
0 130 43 
0 83 44 
0 133 43 
0 117 31 
0 116 38 
0 105 45 
0 111 58 
0 120 15 
0 101 26 
0 99 25 
0 137 59 
0 123 69 
0 107 21 
0 113 83 
0 123 36 
0 148 64 
0 165 10 
0 110 35 
0 135 90 
0 120 26 
0 75 49 
0 117 54 
0 144 27 
0 58 54 
0 115 23 
0 108 23 
0 167 69 
0 97 34 
0 96 49 
0 123 45 
0 73 97 
0 69 24 
0 131 72 
0 140 19 
0 119 32 
0 125 59 
0 140 82 
0 144 39 
0 112 33 
0 136 54 
0 73 37 
0 156 32 
0 148 15 
0 91 39 
0 132 4 
0 73 56 
0 113 40 
0 108 20 
0 94 5 
0 103 32 
0 79 40 
0 108 13 
0 164 76 
0 116 7 
0 117 28 
0 124 40 
0 129 22 
0 110 45 
0 78 42 
0 95 25 
0 131 42 
0 98 52 
0 133 14 
0 105 9 
0 115 17 
0 143 46 
0 174 35 
0 121 77 
0 154 21 
0 144 39 
0 106 56 
0 88 25 
0 82 81 
0 101 49 
0 99 28 
0 72 39 
0 110 19 
0 81 52 
0 131 68 
0 150 16 
0 126 21 
0 90 3 
0 78 24 
0 106 25 
0 78 79 
0 164 29 
0 108 63 
0 191 37 
0 84 30 
0 125 18 
0 158 22 
0 64 11 
0 131 22 
0 105 31 
0 59 74 
0 117 37 
0 113 9 
0 109 39 
0 159 19 
0 114 44 
0 77 30 
0 114 21 
0 131 46 
0 141 35 
0 116 43 
0 84 25 
0 121 40 
0 118 58 
0 125 33 
0 84 54 
0 97 19 
0 95 24 
0 119 37 
0 72 28 
0 76 50 
0 70 44 
0 129 36 
0 128 21 
0 148 43 
0 98 54 
0 122 31 
0 68 19 
0 60 19 
0 99 13 
0 110 25 
0 118 21 
0 118 24 
0 145 61 
0 83 17 
0 93 92 
0 91 40 
0 102 73 
0 90 15 
0 95 25 
0 90 12 
