631 213 156 
658 212 130 
635 205 160 
629 254 117 
628 161 211 
664 259 77 
706 183 111 
615 271 114 
545 282 173 
554 289 157 
614 224 162 
538 214 248 
614 235 151 
688 180 132 
545 252 203 
587 182 231 
643 223 134 
649 236 115 
627 189 184 
660 218 122 
685 168 147 
616 241 143 
541 208 251 
660 174 166 
647 191 162 
591 232 177 
618 254 128 
631 196 173 
643 191 166 
641 206 153 
707 183 110 
673 180 147 
641 117 242 
647 233 120 
588 187 225 
641 179 180 
651 223 126 
603 216 181 
626 221 153 
631 232 137 
692 176 132 
641 212 147 
633 200 167 
673 180 147 
637 149 214 
623 216 161 
560 270 170 
608 197 195 
563 170 267 
625 228 147 
617 228 155 
621 173 206 
622 236 142 
669 245 86 
628 216 156 
646 191 163 
753 190 57 
642 203 155 
654 231 115 
602 247 151 
645 191 164 
625 247 128 
586 173 241 
651 228 121 
629 262 109 
695 167 138 
640 246 114 
617 203 180 
569 166 265 
575 267 158 
684 187 129 
592 216 192 
607 165 228 
591 199 210 
583 212 205 
642 232 126 
674 169 157 
542 220 238 
577 235 188 
618 213 169 
575 237 188 
698 191 111 
568 191 241 
651 210 139 
611 202 187 
530 207 263 
674 207 119 
606 242 152 
604 233 163 
619 211 170 
609 200 191 
536 181 283 
642 205 153 
525 183 292 
652 170 178 
660 145 195 
615 234 151 
634 174 192 
664 201 135 
573 207 220 
598 193 209 
618 219 163 
684 183 133 
610 209 181 
671 163 166 
593 181 226 
552 231 217 
603 227 170 
679 194 127 
532 144 324 
658 218 124 
668 209 123 
629 177 194 
612 161 227 
635 204 161 
675 192 133 
552 249 199 
525 200 275 
533 216 251 
688 192 120 
589 199 212 
589 264 147 
627 237 136 
601 188 211 
590 266 144 
676 217 107 
565 264 171 
512 263 225 
637 227 136 
610 223 167 
620 208 172 
641 217 142 
686 152 162 
595 216 189 
597 168 235 
620 211 169 
591 253 156 
613 210 177 
706 208 86 
744 136 120 
632 209 159 
642 204 154 
561 208 231 
615 190 195 
628 205 167 
679 193 128 
679 165 156 
614 184 202 
637 231 132 
558 201 241 
625 218 157 
531 217 252 
566 234 200 
612 241 147 
677 155 168 
638 186 176 
597 160 243 
527 312 161 
627 170 203 
681 160 159 
595 176 229 
576 254 170 
603 217 180 
643 182 175 
571 180 249 
648 214 138 
606 230 164 
610 203 187 
633 175 192 
626 227 147 
652 189 159 
663 216 121 
718 110 172 
685 167 148 
594 238 168 
573 211 216 
643 197 160 
588 233 179 
590 220 190 
677 189 134 
626 238 136 
626 182 192 
724 180 96 
658 216 126 
680 186 134 
713 170 117 
702 212 86 
687 199 114 
623 226 151 
672 181 147 
689 214 97 
501 227 272 
500 221 279 
680 165 155 
693 208 99 
665 173 162 
619 238 143 
658 214 128 
669 162 169 
602 207 191 
672 200 128 
687 176 137 
553 162 285 
615 206 179 
732 132 136 
622 246 132 
506 191 303 
626 221 153 
742 129 129 
596 229 175 
609 170 221 
675 207 118 
509 198 293 
691 166 143 
634 243 123 
586 212 202 
630 191 179 
608 233 159 
607 213 180 
673 175 152 
507 166 327 
623 189 188 
573 261 166 
619 148 233 
678 238 84 
620 163 217 
610 174 216 
619 201 180 
731 146 123 
582 210 208 
662 229 109 
565 146 289 
660 221 119 
567 205 228 
595 261 144 
578 225 197 
621 201 178 
687 176 137 
576 210 214 
642 216 142 
721 145 134 
692 187 121 
672 210 118 
603 253 144 
702 218 80 
572 266 162 
605 256 139 
709 198 93 
670 198 132 
602 191 207 
556 154 290 
681 219 100 
634 220 146 
624 167 209 
663 152 185 
619 227 154 
594 221 185 
684 168 148 
663 182 155 
666 184 150 
588 229 183 
647 196 157 
671 196 133 
510 175 315 
551 223 226 
616 236 148 
612 206 182 
773 159 68 
693 186 121 
667 196 137 
607 236 157 
627 182 191 
733 181 86 
538 226 236 
571 186 243 
546 185 269 
605 264 131 
530 246 224 
587 229 184 
614 198 188 
610 183 207 
601 193 206 
629 154 217 
623 191 186 
646 185 169 
621 195 184 
689 161 150 
596 161 243 
633 179 188 
545 252 203 
687 209 104 
692 193 115 
655 150 195 
552 240 208 
604 203 193 
599 217 184 
571 217 212 
523 253 224 
531 262 207 
639 219 142 
656 174 170 
667 249 84 
613 218 169 
554 206 240 
666 176 158 
655 202 143 
651 199 150 
547 241 212 
672 189 139 
624 182 194 
569 197 234 
647 192 161 
637 223 140 
674 198 128 
633 232 135 
609 174 217 
663 192 145 
617 202 181 
628 244 128 
665 181 154 
629 166 205 
575 209 216 
644 198 158 
646 189 165 
673 177 150 
571 159 270 
567 272 161 
670 172 158 
632 182 186 
663 184 153 
690 177 133 
553 248 199 
585 223 192 
567 261 172 
648 191 161 
518 292 190 
583 250 167 
644 202 154 
612 168 220 
659 206 135 
606 254 140 
573 213 214 
626 228 146 
614 225 161 
571 174 255 
572 232 196 
649 161 190 
452 239 309 
644 241 115 
696 192 112 
706 189 105 
573 158 269 
617 199 184 
640 163 197 
515 236 249 
662 166 172 
605 262 133 
595 241 164 
570 218 212 
615 226 159 
615 175 210 
637 247 116 
679 159 162 
621 162 217 
678 213 109 
584 213 203 
579 211 210 
540 308 152 
634 211 155 
729 190 81 
708 163 129 
646 169 185 
658 102 240 
613 213 174 
769 147 84 
740 158 102 
584 258 158 
719 139 142 
654 168 178 
600 195 205 
606 237 157 
617 208 175 
512 245 243 
675 215 110 
627 195 178 
622 233 145 
671 185 144 
649 167 184 
597 191 212 
642 197 161 
674 202 124 
622 235 143 
660 228 112 
434 256 310 
580 212 208 
569 265 166 
569 185 246 
476 196 328 
745 200 55 
569 200 231 
656 201 143 
679 148 173 
618 201 181 
660 161 179 
635 225 140 
729 218 53 
722 176 102 
594 212 194 
602 244 154 
709 175 116 
605 252 143 
569 245 186 
643 213 144 
631 211 158 
653 208 139 
479 267 254 
614 213 173 
599 248 153 
661 158 181 
624 167 209 
568 197 235 
574 209 217 
718 171 111 
574 227 199 
694 134 172 
615 222 163 
630 174 196 
468 204 328 
552 192 256 
596 210 194 
707 172 121 
587 190 223 
511 272 217 
646 209 145 
636 238 126 
674 190 136 
634 158 208 
632 227 141 
661 244 95 
627 202 171 
605 227 168 
650 209 141 
576 244 180 
660 188 152 
618 257 125 
660 149 191 
639 184 177 
647 143 210 
619 216 165 
607 269 124 
638 219 143 
640 230 130 
615 184 201 
630 157 213 
678 203 119 
681 165 154 
575 235 190 
628 207 165 
621 238 141 
636 190 174 
579 214 207 
659 209 132 
717 116 167 
539 233 228 
632 227 141 
610 202 188 
613 227 160 
661 190 149 
595 150 255 
705 168 127 
673 167 160 
607 233 160 
609 247 144 
622 238 140 
655 175 170 
555 205 240 
558 234 208 
664 230 106 
545 178 277 
583 203 214 
662 130 208 
552 262 186 
649 214 137 
585 203 212 
514 202 284 
654 203 143 
629 207 164 
593 221 186 
618 151 231 
608 241 151 
560 238 202 
648 162 190 
632 191 177 
638 216 146 
626 200 174 
605 207 188 
728 184 88 
652 138 210 
706 199 95 
614 187 199 
718 154 128 
674 171 155 
580 272 148 
564 178 258 
623 217 160 
599 177 224 
600 210 190 
626 254 120 
613 212 175 
588 180 232 
595 176 229 
698 192 110 
647 172 181 
657 210 133 
605 170 225 
632 241 127 
658 207 135 
558 242 200 
557 227 216 
646 213 141 
604 230 166 
524 270 206 
603 163 234 
577 291 132 
521 227 252 
537 247 216 
529 212 259 
573 193 234 
661 183 156 
649 192 159 
672 172 156 
622 151 227 
664 228 108 
628 179 193 
634 215 151 
639 187 174 
651 228 121 
538 164 298 
657 201 142 
640 225 135 
585 205 210 
576 206 218 
570 250 180 
637 186 177 
575 247 178 
569 142 289 
752 148 100 
658 222 120 
646 171 183 
697 194 109 
642 225 133 
572 260 168 
532 285 183 
504 175 321 
674 182 144 
702 183 115 
636 248 116 
581 195 224 
673 193 134 
589 247 164 
567 170 263 
570 191 239 
688 204 108 
546 196 258 
699 187 114 
627 218 155 
577 204 219 
755 172 73 
621 218 161 
548 209 243 
565 157 278 
655 197 148 
622 169 209 
601 186 213 
670 226 104 
500 216 284 
691 212 97 
592 177 231 
553 230 217 
589 273 138 
628 166 206 
641 199 160 
634 199 167 
639 234 127 
638 186 176 
540 206 254 
602 222 176 
625 152 223 
610 188 202 
579 232 189 
608 253 139 
616 248 136 
632 190 178 
625 179 196 
642 200 158 
610 193 197 
616 192 192 
718 209 73 
656 228 116 
547 154 299 
658 163 179 
717 150 133 
607 207 186 
631 182 187 
628 221 151 
696 158 146 
601 159 240 
723 198 79 
597 246 157 
677 173 150 
538 219 243 
581 174 245 
587 162 251 
639 169 192 
611 194 195 
587 139 274 
673 191 136 
688 212 100 
577 247 176 
670 154 176 
646 205 149 
599 245 156 
668 208 124 
586 214 200 
623 219 158 
633 190 177 
725 205 70 
632 219 149 
649 166 185 
641 138 221 
637 170 193 
506 212 282 
595 230 175 
627 163 210 
593 235 172 
588 260 152 
620 218 162 
570 231 199 
661 228 111 
645 195 160 
598 247 155 
654 222 124 
630 237 133 
576 227 197 
630 176 194 
698 212 90 
666 175 159 
657 147 196 
544 198 258 
687 171 142 
636 238 126 
642 197 161 
657 201 142 
595 271 134 
645 176 179 
800 139 61 
642 140 218 
637 185 178 
604 178 218 
680 186 134 
644 157 199 
649 178 173 
652 185 163 
747 166 87 
522 249 229 
690 154 156 
631 223 146 
669 192 139 
662 145 193 
630 182 188 
691 192 117 
688 163 149 
696 178 126 
595 258 147 
566 228 206 
577 238 185 
487 275 238 
674 219 107 
639 221 140 
623 249 128 
690 182 128 
669 173 158 
724 179 97 
578 167 255 
682 169 149 
705 184 111 
636 224 140 
489 212 299 
581 220 199 
559 204 237 
655 206 139 
592 228 180 
551 209 240 
648 168 184 
646 189 165 
652 204 144 
609 204 187 
641 191 168 
675 210 115 
709 180 111 
660 236 104 
703 162 135 
659 155 186 
672 153 175 
640 181 179 
568 214 218 
608 244 148 
644 203 153 
637 183 180 
736 186 78 
683 214 103 
595 205 200 
571 225 204 
646 208 146 
626 190 184 
722 191 87 
690 185 125 
691 178 131 
668 190 142 
569 238 193 
679 156 165 
684 198 118 
694 182 124 
561 249 190 
604 204 192 
718 157 125 
572 187 241 
728 197 75 
577 224 199 
580 175 245 
560 193 247 
683 214 103 
626 197 177 
584 253 163 
568 234 198 
618 176 206 
531 227 242 
663 174 163 
706 178 116 
677 178 145 
650 161 189 
598 194 208 
624 230 146 
604 196 200 
644 188 168 
629 158 213 
678 168 154 
668 191 141 
548 270 182 
577 200 223 
648 171 181 
628 203 169 
601 226 173 
507 207 286 
606 221 173 
615 262 123 
656 183 161 
562 238 200 
554 222 224 
659 179 162 
587 200 213 
659 198 143 
550 228 222 
576 273 151 
656 174 170 
622 150 228 
614 249 137 
577 221 202 
536 192 272 
626 163 211 
654 193 153 
586 243 171 
631 239 130 
664 196 140 
614 189 197 
695 177 128 
733 151 116 
673 152 175 
526 205 269 
627 275 98 
578 226 196 
616 180 204 
600 193 207 
637 171 192 
615 183 202 
591 241 168 
529 259 212 
571 196 233 
646 265 89 
678 193 129 
557 265 178 
610 200 190 
701 199 100 
634 211 155 
637 197 166 
628 211 161 
556 268 176 
618 253 129 
657 186 157 
588 249 163 
611 217 172 
646 232 122 
528 251 221 
685 169 146 
646 203 151 
570 205 225 
661 141 198 
559 215 226 
663 168 169 
688 140 172 
641 210 149 
536 257 207 
629 187 184 
734 185 81 
619 222 159 
645 244 111 
554 185 261 
612 194 194 
581 200 219 
631 172 197 
577 254 169 
531 165 304 
599 198 203 
585 210 205 
531 194 275 
598 217 185 
631 197 172 
603 234 163 
622 151 227 
485 247 268 
636 196 168 
614 206 180 
559 213 228 
606 247 147 
560 224 216 
737 210 53 
677 182 141 
546 171 283 
736 181 83 
673 181 146 
723 140 137 
593 231 176 
659 167 174 
651 210 139 
618 205 177 
557 261 182 
679 195 126 
733 182 85 
668 198 134 
625 185 190 
581 182 237 
439 245 316 
710 221 69 
621 216 163 
609 197 194 
609 190 201 
588 159 253 
670 187 143 
674 174 152 
581 230 189 
674 236 90 
644 198 158 
620 231 149 
604 223 173 
667 205 128 
644 188 168 
669 191 140 
673 216 111 
550 249 201 
600 186 214 
638 148 214 
627 156 217 
582 208 210 
655 181 164 
646 221 133 
538 253 209 
624 201 175 
595 271 134 
583 256 161 
643 182 175 
648 209 143 
590 236 174 
678 199 123 
568 258 174 
581 199 220 
717 176 107 
661 211 128 
639 191 170 
621 241 138 
620 241 139 
617 224 159 
567 244 189 
572 307 121 
631 219 150 
631 240 129 
701 246 53 
642 213 145 
661 223 116 
663 192 145 
656 238 106 
754 164 82 
698 183 119 
583 266 151 
633 194 173 
696 190 114 
618 176 206 
643 210 147 
689 163 148 
597 261 142 
583 285 132 
601 197 202 
608 194 198 
618 221 161 
598 207 195 
643 203 154 
608 186 206 
569 192 239 
643 226 131 
542 270 188 
589 225 186 
579 244 177 
672 209 119 
646 130 224 
573 230 197 
635 188 177 
623 196 181 
669 206 125 
657 230 113 
645 233 122 
641 219 140 
610 230 160 
635 227 138 
561 193 246 
681 163 156 
606 218 176 
632 130 238 
664 165 171 
639 200 161 
611 129 260 
621 183 196 
602 179 219 
606 204 190 
699 170 131 
618 196 186 
571 207 222 
596 230 174 
663 200 137 
630 159 211 
664 168 168 
680 237 83 
649 178 173 
523 198 279 
614 201 185 
673 148 179 
597 202 201 
594 223 183 
621 241 138 
539 224 237 
661 180 159 
591 250 159 
605 228 167 
617 192 191 
595 248 157 
671 205 124 
665 209 126 
640 147 213 
636 187 177 
671 208 121 
621 252 127 
610 212 178 
703 171 126 
698 193 109 
627 166 207 
599 158 243 
613 169 218 
697 164 139 
551 202 247 
679 200 121 
671 205 124 
657 193 150 
616 224 160 
575 266 159 
572 212 216 
648 196 156 
631 186 183 
676 148 176 
627 234 139 
701 173 126 
580 259 161 
679 214 107 
639 186 175 
598 257 145 
592 198 210 
608 242 150 
665 174 161 
638 223 139 
599 224 177 
669 165 166 
491 270 239 
672 160 168 
