0 6 114 
0 59 78 
0 33 74 
0 10 71 
0 35 159 
0 56 72 
0 38 146 
0 15 45 
0 21 52 
0 27 112 
0 33 96 
0 34 59 
0 22 66 
0 11 12 
0 1 157 
0 29 94 
0 38 167 
0 13 96 
0 29 32 
0 47 77 
0 66 69 
0 19 60 
0 18 95 
0 26 51 
0 12 57 
0 47 21 
0 21 173 
0 50 81 
0 7 171 
0 23 111 
0 24 38 
0 44 99 
0 28 132 
0 19 192 
0 37 136 
0 25 107 
0 24 66 
0 19 169 
0 34 119 
0 9 149 
0 10 184 
0 16 57 
0 19 63 
0 30 87 
0 47 107 
0 53 68 
0 41 42 
0 27 29 
0 35 45 
0 28 45 
0 46 74 
0 35 77 
0 11 73 
0 32 66 
0 58 86 
0 39 29 
0 19 85 
0 25 74 
0 28 114 
0 0 84 
0 34 102 
0 22 54 
0 13 100 
0 57 71 
0 39 31 
0 13 36 
0 13 81 
0 31 62 
0 16 64 
0 31 87 
0 15 97 
0 43 60 
0 6 70 
0 11 79 
0 9 49 
0 6 96 
0 30 63 
0 23 53 
0 73 133 
0 74 45 
0 46 117 
0 19 132 
0 3 80 
0 17 67 
0 10 44 
0 32 99 
0 39 65 
0 19 98 
0 37 190 
0 10 74 
0 44 61 
0 42 83 
0 54 35 
0 39 137 
0 33 121 
0 20 56 
0 42 22 
0 41 91 
0 24 68 
0 38 66 
0 43 104 
0 56 99 
0 10 38 
0 36 114 
0 12 116 
0 32 81 
0 40 95 
0 25 53 
0 23 59 
0 54 60 
0 5 39 
0 8 157 
0 34 91 
0 26 43 
0 41 134 
0 38 116 
0 27 38 
0 44 41 
0 37 28 
0 7 54 
0 38 84 
0 19 54 
0 66 47 
0 17 93 
0 16 61 
0 19 42 
0 32 100 
0 31 61 
0 14 33 
0 31 117 
0 9 92 
0 24 75 
0 21 119 
0 5 31 
0 38 105 
0 36 171 
0 21 154 
0 8 131 
0 14 54 
0 14 122 
0 50 51 
0 14 72 
0 20 55 
0 29 118 
0 41 192 
0 4 122 
0 41 87 
0 13 64 
0 17 117 
0 18 43 
0 70 81 
0 21 80 
0 20 53 
0 45 156 
0 23 73 
0 51 67 
0 27 27 
0 32 154 
0 30 61 
0 37 58 
0 7 62 
0 22 70 
0 34 57 
0 62 61 
0 10 128 
0 17 81 
0 11 146 
0 28 77 
0 56 62 
0 11 67 
0 15 104 
0 36 70 
0 48 120 
0 42 47 
0 9 54 
0 25 62 
0 65 89 
0 33 74 
0 7 144 
0 19 73 
0 15 78 
0 9 156 
0 16 119 
0 45 66 
0 31 132 
0 21 91 
0 38 68 
0 65 21 
0 25 81 
0 24 52 
0 26 143 
0 27 77 
0 28 61 
0 54 107 
0 29 75 
0 13 89 
0 65 117 
0 26 177 
0 12 87 
0 6 52 
0 22 268 
0 23 74 
0 9 62 
0 68 9 
0 9 80 
0 25 41 
0 20 62 
0 45 82 
0 59 52 
0 28 81 
0 25 54 
0 29 115 
0 10 141 
0 23 143 
0 26 79 
0 26 130 
0 27 45 
0 21 107 
0 13 66 
0 13 169 
0 12 58 
0 45 70 
0 49 31 
0 18 56 
0 9 75 
0 44 107 
0 40 83 
0 38 151 
0 66 100 
0 17 151 
0 18 56 
0 6 34 
0 10 155 
0 41 157 
0 25 85 
0 23 44 
0 13 50 
0 27 36 
0 15 98 
0 24 111 
0 26 196 
0 32 50 
0 27 59 
0 21 89 
0 27 154 
0 29 79 
0 53 166 
0 2 84 
0 49 65 
0 11 65 
0 25 119 
0 8 59 
0 13 39 
0 28 209 
0 56 98 
0 37 92 
0 20 37 
0 31 86 
0 1 113 
0 22 115 
0 7 106 
0 57 74 
0 15 188 
0 6 80 
0 29 120 
0 32 51 
0 41 46 
0 25 77 
0 21 71 
0 30 101 
0 10 12 
0 43 52 
0 16 81 
0 25 57 
0 28 60 
0 16 80 
0 0 79 
0 48 120 
0 21 173 
0 17 61 
0 25 79 
0 36 70 
0 14 41 
0 31 93 
0 47 81 
0 31 75 
0 45 43 
0 26 88 
0 35 65 
0 3 104 
0 11 33 
0 11 109 
0 20 187 
0 9 157 
0 27 129 
0 51 45 
0 109 80 
0 38 60 
0 84 76 
0 17 75 
0 25 168 
0 21 45 
0 23 54 
0 32 43 
0 19 77 
0 3 66 
0 17 60 
0 30 153 
0 41 40 
0 91 118 
0 36 80 
0 36 71 
0 31 90 
0 6 63 
0 23 53 
0 72 47 
0 32 44 
0 26 143 
0 80 52 
0 22 66 
0 5 158 
0 16 65 
0 27 95 
0 12 105 
0 17 102 
0 36 91 
0 16 114 
0 26 65 
0 32 74 
0 48 78 
0 61 135 
0 11 105 
0 33 26 
0 20 92 
0 32 78 
0 26 188 
0 25 122 
0 8 335 
0 31 75 
0 47 76 
0 25 69 
0 27 32 
0 14 94 
0 22 59 
0 4 74 
0 12 66 
0 54 99 
0 44 175 
0 38 45 
0 18 68 
0 9 53 
0 29 65 
0 17 44 
0 20 163 
0 16 60 
0 7 152 
0 13 71 
0 9 48 
0 16 64 
0 20 110 
0 48 93 
0 3 138 
0 14 48 
0 34 84 
0 39 57 
0 75 59 
0 27 75 
0 20 61 
0 14 144 
0 17 61 
0 43 10 
0 9 36 
0 23 91 
0 17 65 
0 22 84 
0 23 64 
0 20 84 
0 9 102 
0 16 24 
0 35 70 
0 21 186 
0 22 88 
0 29 61 
0 29 181 
0 37 101 
0 36 51 
0 15 149 
0 26 69 
0 9 97 
0 20 49 
0 22 115 
0 20 31 
0 17 104 
0 26 105 
0 51 84 
0 34 93 
0 38 44 
0 19 56 
0 10 78 
0 55 69 
0 30 109 
0 35 83 
0 17 22 
0 69 108 
0 24 88 
0 34 85 
0 31 74 
0 5 62 
0 33 33 
0 23 66 
0 60 163 
0 52 16 
0 28 134 
0 38 178 
0 14 97 
0 24 65 
0 25 100 
0 22 151 
0 28 120 
0 6 52 
0 61 68 
0 38 160 
0 23 166 
0 11 185 
0 78 48 
0 22 161 
0 51 129 
0 11 100 
0 8 16 
0 20 91 
0 46 101 
0 23 63 
0 21 66 
0 32 148 
0 33 49 
0 24 91 
0 23 68 
0 39 56 
0 33 118 
0 53 81 
0 23 38 
0 19 43 
0 9 86 
0 52 144 
0 30 75 
0 35 163 
0 23 95 
0 31 129 
0 14 81 
0 40 115 
0 35 57 
0 26 151 
0 23 68 
0 28 105 
0 37 45 
0 18 98 
0 44 139 
0 10 151 
0 28 165 
0 28 66 
0 42 63 
0 75 51 
0 23 24 
0 25 77 
0 18 103 
0 41 92 
0 33 74 
0 3 42 
0 31 130 
0 23 70 
0 12 107 
0 27 88 
0 23 20 
0 13 115 
0 28 77 
0 21 50 
0 22 95 
0 25 56 
0 38 69 
0 33 104 
0 38 134 
0 21 88 
0 16 127 
0 36 67 
0 36 149 
0 18 148 
0 15 60 
0 25 26 
0 15 126 
0 44 41 
0 16 65 
0 14 65 
0 76 135 
0 20 133 
0 19 116 
0 19 106 
0 70 87 
0 38 124 
0 11 154 
0 15 26 
0 41 118 
0 13 131 
0 29 45 
0 15 133 
0 47 70 
0 29 74 
0 4 122 
0 33 33 
0 4 50 
0 30 31 
0 16 76 
0 81 66 
0 61 43 
0 24 55 
0 11 86 
0 13 147 
0 34 90 
0 12 41 
0 32 37 
0 13 76 
0 13 120 
0 46 69 
0 26 80 
0 75 65 
0 15 95 
0 21 85 
0 2 173 
0 20 26 
0 30 92 
0 39 82 
0 19 106 
0 16 22 
0 30 43 
0 29 83 
0 27 36 
0 21 185 
0 18 153 
0 21 89 
0 7 112 
0 16 67 
0 10 137 
0 53 76 
0 15 89 
0 30 75 
0 8 161 
0 70 58 
0 28 191 
0 17 82 
0 52 143 
0 8 110 
0 12 90 
0 23 62 
0 27 91 
0 15 134 
0 21 114 
0 45 44 
0 12 62 
0 12 50 
0 27 44 
0 35 47 
0 13 86 
0 26 153 
0 36 88 
0 21 79 
0 13 102 
0 23 34 
0 7 55 
0 43 64 
0 4 129 
0 31 136 
0 47 122 
0 19 182 
0 31 43 
0 31 130 
0 23 56 
0 11 144 
0 14 102 
0 50 89 
0 30 126 
0 36 101 
0 13 159 
0 6 169 
0 27 47 
0 58 98 
0 28 73 
0 27 59 
0 45 65 
0 34 54 
0 5 78 
0 28 162 
0 23 72 
0 21 161 
0 16 49 
0 30 183 
0 14 109 
0 40 37 
0 19 114 
0 12 52 
0 39 105 
0 55 55 
0 17 165 
0 46 52 
0 15 134 
0 29 81 
0 51 151 
0 20 85 
0 35 95 
0 27 113 
0 34 123 
0 16 46 
0 27 55 
0 34 73 
0 19 134 
0 32 100 
0 25 90 
0 20 105 
0 38 58 
0 43 59 
0 7 72 
0 25 136 
0 26 94 
0 32 49 
0 51 44 
0 44 137 
0 38 53 
0 35 56 
0 28 59 
0 14 118 
0 13 135 
0 81 145 
0 3 167 
0 15 103 
0 40 69 
0 30 24 
0 33 93 
0 12 84 
0 41 49 
0 30 79 
0 21 111 
0 68 45 
0 11 128 
0 48 88 
0 49 104 
0 31 64 
0 4 97 
0 22 48 
0 36 94 
0 53 99 
0 15 99 
0 21 65 
0 19 67 
0 21 55 
0 5 97 
0 29 116 
0 33 71 
0 25 87 
0 42 148 
0 33 96 
0 6 85 
0 13 61 
0 26 39 
0 3 159 
0 35 85 
0 11 54 
0 14 55 
0 84 49 
0 62 51 
0 48 78 
0 10 112 
0 30 133 
0 41 67 
0 18 104 
0 8 69 
0 37 91 
0 16 38 
0 25 98 
0 25 92 
0 16 96 
0 41 105 
0 16 81 
0 42 102 
0 24 53 
0 34 128 
0 17 64 
0 8 28 
0 17 108 
0 14 143 
0 5 159 
0 16 42 
0 19 61 
0 31 84 
0 4 75 
0 29 74 
0 17 146 
0 11 61 
0 44 17 
0 53 135 
0 10 88 
0 38 97 
0 61 37 
0 28 120 
0 19 71 
0 37 57 
0 26 82 
0 4 185 
0 22 101 
0 56 70 
0 53 130 
0 31 62 
0 27 77 
0 11 110 
0 88 54 
0 31 62 
0 31 151 
0 33 92 
0 3 154 
0 31 54 
0 12 36 
0 28 94 
0 16 114 
0 36 79 
0 9 62 
0 22 131 
0 13 112 
0 36 23 
0 33 33 
0 36 81 
0 58 79 
0 13 156 
0 33 78 
0 19 107 
0 10 163 
0 47 180 
0 38 25 
0 9 55 
0 14 92 
0 32 63 
0 21 64 
0 39 57 
0 20 68 
0 37 102 
0 35 84 
0 50 86 
0 30 119 
0 24 176 
0 24 156 
0 47 63 
0 49 61 
0 12 81 
0 25 75 
0 21 40 
0 27 77 
0 51 43 
0 19 13 
0 29 54 
0 28 124 
0 20 50 
0 36 60 
0 5 69 
0 7 136 
0 44 109 
0 32 45 
0 44 84 
0 8 68 
0 25 154 
0 40 128 
0 24 139 
0 23 180 
0 11 71 
0 32 82 
0 11 64 
0 24 57 
0 48 79 
0 12 131 
0 1 91 
0 12 58 
0 25 139 
0 16 72 
0 5 15 
0 34 19 
0 28 49 
0 28 34 
0 26 89 
0 31 152 
0 13 62 
0 42 60 
0 17 79 
0 2 87 
0 37 192 
0 21 114 
0 48 122 
0 61 78 
0 21 224 
0 61 92 
0 44 36 
0 13 85 
0 17 101 
0 51 44 
0 1 96 
0 24 190 
0 9 85 
0 34 112 
0 20 128 
0 19 48 
0 15 93 
0 18 34 
0 46 43 
0 29 40 
0 18 163 
0 35 35 
0 48 52 
0 66 114 
0 28 79 
0 13 127 
0 40 36 
0 9 79 
0 26 72 
0 48 89 
0 41 82 
0 8 80 
0 13 38 
0 31 114 
0 16 105 
0 13 56 
0 48 132 
0 36 75 
0 31 248 
0 11 92 
0 9 87 
0 45 91 
0 15 53 
0 17 90 
0 9 49 
0 28 118 
0 36 78 
0 14 54 
0 54 70 
0 63 110 
0 41 60 
0 24 23 
0 19 69 
0 15 124 
0 29 110 
0 76 67 
0 3 71 
0 61 102 
0 39 134 
0 20 137 
0 34 102 
0 40 72 
0 8 82 
0 15 101 
0 48 69 
0 39 120 
0 36 85 
0 27 95 
0 3 82 
0 4 45 
0 39 119 
0 11 128 
0 8 47 
0 20 150 
0 0 31 
0 7 77 
0 10 143 
0 54 28 
0 33 116 
0 34 146 
0 15 73 
0 22 82 
0 63 116 
0 27 102 
0 32 123 
0 34 94 
0 43 166 
0 10 128 
0 60 98 
0 36 103 
0 11 131 
0 39 79 
0 17 109 
0 71 144 
0 27 98 
0 8 46 
0 30 122 
0 25 89 
0 3 203 
0 39 37 
0 29 98 
0 16 42 
0 74 52 
0 63 36 
0 47 122 
0 15 73 
0 29 104 
0 15 48 
0 17 151 
0 31 28 
0 2 65 
0 66 39 
0 24 140 
0 14 134 
0 23 125 
0 21 26 
0 29 55 
0 37 61 
0 44 73 
0 49 63 
0 39 114 
0 2 118 
0 10 96 
0 26 156 
0 35 73 
0 29 135 
0 9 85 
0 27 35 
0 28 51 
0 7 88 
0 53 181 
0 2 199 
0 12 54 
0 46 60 
0 51 87 
0 33 94 
0 31 141 
0 17 89 
0 7 71 
0 4 121 
0 22 140 
0 8 76 
0 39 108 
0 25 88 
0 36 94 
0 27 134 
0 29 72 
0 10 110 
0 47 141 
0 29 33 
0 28 64 
0 13 120 
0 37 25 
0 50 78 
0 20 77 
0 54 92 
0 45 60 
0 38 81 
0 18 113 
0 53 51 
0 47 92 
0 13 91 
0 27 94 
0 11 78 
0 24 89 
0 32 76 
0 14 91 
0 46 76 
0 33 139 
0 44 80 
0 29 57 
0 52 109 
0 20 157 
0 0 58 
0 14 44 
0 39 88 
0 3 84 
0 14 63 
0 30 37 
0 17 197 
0 56 137 
0 11 89 
0 27 80 
0 38 64 
0 52 57 
0 28 73 
0 9 24 
0 10 109 
0 19 75 
0 40 48 
0 11 65 
0 56 132 
0 13 102 
0 13 144 
0 28 188 
0 9 62 
0 10 142 
0 13 113 
0 15 139 
0 6 120 
0 44 213 
0 17 171 
0 44 73 
0 13 216 
0 25 110 
0 16 78 
0 21 55 
0 12 212 
0 18 56 
0 20 52 
0 3 126 
0 24 57 
