18 414 83 0 0 
45 473 11 0 0 
58 342 92 0 0 
62 216 9 0 0 
30 360 4 0 0 
41 556 20 0 0 
26 547 1 0 0 
16 446 19 0 0 
93 289 130 0 0 
41 447 42 0 0 
18 404 52 0 0 
35 504 9 0 0 
67 278 28 0 0 
2 423 48 0 0 
50 417 1 0 0 
50 485 36 0 0 
43 462 31 0 0 
27 454 30 0 0 
33 424 31 0 0 
47 334 61 0 0 
41 462 5 0 0 
33 472 50 0 0 
57 394 12 0 0 
22 459 30 0 0 
42 317 12 0 0 
28 482 34 0 0 
200 396 3 0 0 
24 412 29 0 0 
40 433 78 0 0 
14 305 73 0 0 
15 371 68 0 0 
68 405 79 0 0 
18 312 68 0 0 
79 470 29 0 0 
64 300 59 0 0 
78 360 9 0 0 
13 325 6 0 0 
31 328 20 0 0 
142 264 0 0 0 
5 439 14 0 0 
24 397 1 0 0 
52 297 77 0 0 
116 310 5 0 0 
92 281 6 0 0 
109 423 3 0 0 
8 519 15 0 0 
6 483 39 0 0 
15 441 14 0 0 
35 395 46 0 0 
14 368 12 0 0 
133 341 24 0 0 
11 432 25 0 0 
55 443 31 0 0 
6 495 6 0 0 
38 348 124 0 0 
28 396 51 0 0 
47 512 0 0 0 
30 310 47 0 0 
15 459 60 0 0 
19 437 49 0 0 
108 384 30 0 0 
48 492 16 0 0 
48 369 38 0 0 
54 366 16 0 0 
39 422 38 0 0 
23 360 70 0 0 
32 435 5 0 0 
45 390 42 0 0 
26 351 2 0 0 
8 471 56 0 0 
6 349 52 0 0 
12 412 58 0 0 
35 366 21 0 0 
60 555 15 0 0 
31 475 39 0 0 
4 422 37 0 0 
61 496 11 0 0 
32 293 59 0 0 
61 398 24 0 0 
70 285 44 0 0 
35 419 50 0 0 
128 413 54 0 0 
28 533 46 0 0 
35 361 18 0 0 
22 284 74 0 0 
26 337 77 0 0 
21 407 85 0 0 
125 354 10 0 0 
94 475 13 0 0 
18 502 50 0 0 
129 285 36 0 0 
39 413 40 0 0 
97 314 24 0 0 
24 478 32 0 0 
9 528 67 0 0 
146 418 15 0 0 
67 499 11 0 0 
63 229 68 0 0 
31 340 35 0 0 
8 433 99 0 0 
42 544 18 0 0 
83 356 28 0 0 
27 485 1 0 0 
86 404 17 0 0 
44 438 52 0 0 
73 349 26 0 0 
80 389 35 0 0 
64 483 8 0 0 
11 380 71 0 0 
31 461 22 0 0 
6 514 31 0 0 
20 492 25 0 0 
13 536 27 0 0 
32 411 30 0 0 
9 464 41 0 0 
7 450 6 0 0 
43 395 17 0 0 
19 339 36 0 0 
55 402 5 0 0 
67 426 12 0 0 
58 541 27 0 0 
90 498 14 0 0 
59 410 10 0 0 
0 395 56 0 0 
105 500 27 0 0 
29 613 19 0 0 
34 493 70 0 0 
58 531 10 0 0 
44 450 10 0 0 
32 447 18 0 0 
30 390 38 0 0 
34 482 129 0 0 
56 367 16 0 0 
20 403 42 0 0 
49 466 39 0 0 
86 279 79 0 0 
64 533 28 0 0 
48 385 31 0 0 
20 423 7 0 0 
35 537 25 0 0 
8 364 27 0 0 
17 433 14 0 0 
8 470 55 0 0 
45 395 34 0 0 
27 523 37 0 0 
25 374 40 0 0 
19 474 2 0 0 
23 311 65 0 0 
19 386 30 0 0 
157 273 7 0 0 
33 516 26 0 0 
78 454 4 0 0 
37 294 22 0 0 
2 322 28 0 0 
18 489 63 0 0 
71 243 55 0 0 
18 329 106 0 0 
28 419 25 0 0 
41 485 35 0 0 
19 400 41 0 0 
3 515 32 0 0 
29 404 55 0 0 
22 487 34 0 0 
38 420 11 0 0 
40 304 46 0 0 
6 334 53 0 0 
57 425 11 1 0 
43 435 78 0 0 
70 352 69 0 0 
27 370 66 0 0 
31 423 6 0 0 
57 310 42 0 0 
127 301 29 0 0 
48 468 24 0 0 
7 567 16 0 0 
65 437 24 0 0 
51 314 50 0 0 
69 426 28 0 0 
30 475 48 0 0 
24 374 7 0 0 
28 411 144 0 0 
0 402 27 0 0 
6 326 42 0 0 
46 524 25 0 0 
54 505 25 0 0 
1 352 47 0 0 
37 514 4 0 0 
32 401 0 0 0 
27 506 41 0 0 
11 438 63 0 0 
51 440 32 0 0 
114 288 8 0 0 
14 403 83 0 0 
10 505 39 0 0 
19 426 23 0 0 
30 360 32 0 0 
58 370 7 0 0 
7 467 66 0 0 
12 334 22 0 0 
64 493 12 0 0 
39 466 1 0 0 
74 418 44 0 0 
17 491 30 0 0 
72 471 16 0 0 
11 435 60 0 0 
2 444 0 0 0 
40 498 19 0 0 
33 344 17 0 0 
56 437 32 0 0 
14 375 54 0 0 
41 308 25 0 0 
44 391 37 0 0 
79 434 0 0 0 
61 340 42 0 0 
20 351 16 0 0 
81 394 85 0 0 
17 429 57 0 0 
7 552 19 0 0 
0 542 9 0 0 
82 321 38 0 0 
44 367 39 0 0 
13 256 3 0 0 
9 497 8 0 0 
51 438 62 0 0 
90 393 7 0 0 
25 486 33 0 0 
48 523 3 0 0 
70 309 28 0 0 
18 344 47 0 0 
39 444 2 0 0 
25 378 43 0 0 
2 306 56 0 0 
20 283 35 0 0 
92 435 17 0 0 
32 357 35 0 0 
66 342 36 0 0 
43 476 7 0 0 
35 529 24 0 0 
64 271 104 0 0 
97 342 69 0 0 
60 444 5 0 0 
16 313 54 0 0 
44 398 12 0 0 
7 431 28 0 0 
30 412 13 0 0 
74 455 20 0 0 
16 413 38 0 0 
29 281 50 0 0 
41 410 4 0 0 
70 373 52 0 0 
40 504 19 0 0 
19 394 130 0 0 
23 340 119 0 0 
12 466 0 0 0 
3 336 82 0 0 
15 422 82 0 0 
85 405 21 0 0 
27 439 70 0 0 
71 293 40 0 0 
124 433 16 0 0 
55 379 45 0 0 
10 448 14 0 0 
31 455 38 0 0 
118 426 51 0 0 
31 258 18 0 0 
48 305 9 0 0 
36 385 14 0 0 
49 380 6 0 0 
27 472 49 0 0 
79 416 0 0 0 
10 382 71 0 0 
1 497 5 0 0 
21 402 25 0 0 
76 384 24 0 0 
23 393 41 0 0 
57 482 21 0 0 
59 462 0 0 0 
24 368 52 0 0 
36 438 20 0 0 
56 418 37 0 0 
17 503 17 0 0 
20 553 5 0 0 
73 402 47 0 0 
65 402 0 0 0 
140 415 17 0 0 
31 438 12 0 0 
102 323 29 0 0 
46 420 44 0 0 
24 567 42 0 0 
110 269 9 0 0 
32 415 33 0 0 
14 510 29 0 0 
11 537 25 0 0 
0 416 95 0 0 
11 460 35 0 0 
31 354 14 0 0 
47 257 91 0 0 
95 375 22 0 0 
8 398 34 0 0 
5 446 88 0 0 
35 353 30 0 0 
29 472 107 0 0 
2 552 46 0 0 
23 278 17 0 0 
16 442 44 0 0 
41 495 17 0 0 
20 543 3 0 0 
8 483 23 0 0 
39 336 3 0 0 
23 539 104 0 0 
29 414 45 0 0 
25 415 27 0 0 
63 386 71 0 0 
6 448 39 0 0 
33 434 27 0 0 
27 474 13 0 0 
44 350 78 0 0 
16 297 48 0 0 
42 450 19 0 0 
23 290 17 0 0 
27 321 136 0 0 
3 429 25 0 0 
14 488 15 0 0 
32 330 77 0 0 
69 523 13 0 0 
87 494 87 0 0 
48 360 46 0 0 
66 289 34 0 0 
9 364 5 0 0 
3 373 40 0 0 
6 542 15 0 0 
54 458 15 0 0 
7 526 25 0 0 
31 290 40 0 0 
29 437 92 0 0 
91 424 28 0 0 
45 417 5 0 0 
126 382 22 0 0 
50 473 65 0 0 
45 302 77 0 0 
30 540 30 0 0 
17 412 17 0 0 
123 566 7 0 0 
29 356 11 0 0 
67 423 125 0 0 
25 342 51 0 0 
50 425 27 0 0 
37 373 10 0 0 
29 305 114 0 0 
47 382 10 0 0 
29 366 66 0 0 
21 362 28 0 0 
29 357 52 0 0 
20 376 66 0 0 
52 423 30 0 0 
82 395 40 0 0 
68 385 10 0 0 
92 349 25 0 0 
58 393 5 0 0 
61 589 2 0 0 
115 380 29 0 0 
49 525 15 0 0 
59 370 22 0 0 
7 418 53 0 0 
3 459 50 0 0 
18 334 39 0 0 
4 568 24 0 0 
31 355 61 0 0 
52 455 13 0 0 
54 414 36 0 0 
81 268 0 0 0 
78 370 78 0 0 
35 443 27 0 0 
25 450 43 0 0 
22 369 33 0 0 
77 471 49 0 0 
56 286 6 0 0 
79 473 12 0 0 
26 428 67 0 0 
22 553 9 0 0 
69 426 11 0 0 
36 410 52 0 0 
39 374 59 0 0 
52 397 38 0 0 
78 375 64 0 0 
24 340 52 0 0 
54 450 28 0 0 
47 304 3 0 0 
111 371 8 0 0 
48 239 130 0 0 
43 233 110 0 0 
8 545 24 0 0 
6 521 49 0 0 
69 339 4 0 0 
86 331 45 0 0 
66 408 62 0 0 
27 355 9 0 0 
2 422 4 0 0 
24 319 53 0 0 
48 402 41 0 0 
29 498 0 0 0 
64 347 26 0 0 
27 444 13 0 0 
36 510 57 0 0 
31 301 68 0 0 
128 423 16 0 0 
6 514 12 0 0 
27 391 4 0 0 
32 367 59 0 0 
41 419 26 0 0 
36 409 3 0 0 
95 331 23 0 0 
22 489 31 0 0 
99 378 2 0 0 
9 435 5 0 0 
8 571 9 0 0 
36 345 24 0 0 
43 438 37 0 0 
0 431 79 0 0 
93 396 44 0 0 
0 399 30 0 0 
9 411 14 0 0 
17 380 54 0 0 
97 338 21 0 0 
17 374 82 0 0 
17 464 58 0 0 
15 446 29 0 0 
53 519 16 19 0 
63 417 57 0 0 
20 433 48 0 0 
75 449 30 0 0 
29 368 117 0 0 
9 423 57 0 0 
19 537 42 0 0 
20 418 49 0 0 
46 453 14 0 0 
6 427 137 0 0 
11 476 11 0 0 
30 312 25 0 0 
61 488 14 0 0 
62 407 55 0 0 
218 423 26 0 0 
55 342 17 0 0 
35 615 1 0 0 
4 549 10 0 0 
105 421 1 0 0 
10 435 19 0 0 
23 430 21 0 0 
20 384 46 0 0 
8 421 23 0 0 
58 503 6 0 0 
50 334 28 0 0 
12 519 67 0 0 
84 361 14 0 0 
53 482 28 0 0 
7 465 24 0 0 
5 517 26 0 0 
30 365 16 0 0 
22 493 46 18 0 
22 408 8 0 0 
81 431 12 0 0 
25 448 10 0 0 
66 464 23 0 0 
26 409 30 0 0 
25 480 2 0 0 
14 468 6 0 0 
23 544 12 0 0 
120 464 3 0 0 
41 430 64 0 0 
67 405 53 0 0 
102 429 19 0 0 
6 381 59 0 0 
26 365 8 0 0 
25 375 16 0 0 
39 424 25 0 0 
49 436 14 0 0 
18 328 121 0 0 
65 389 33 0 0 
31 295 132 0 0 
160 357 18 0 0 
70 333 13 0 0 
43 522 1 0 0 
40 364 52 0 0 
63 496 1 0 0 
33 440 27 0 0 
73 350 10 0 0 
24 285 39 0 0 
27 484 52 0 0 
22 522 32 0 0 
14 324 78 0 0 
30 550 1 0 0 
53 407 65 0 0 
100 467 21 0 0 
36 397 71 0 0 
69 325 42 0 0 
19 500 22 0 0 
81 391 1 0 0 
63 414 18 0 0 
74 351 17 0 0 
16 389 43 0 0 
0 463 5 0 0 
29 420 1 0 0 
16 495 1 0 0 
42 370 47 0 0 
43 422 29 0 0 
51 388 22 0 0 
37 336 6 0 0 
105 428 16 0 0 
19 556 8 0 0 
87 509 28 0 0 
31 310 135 0 0 
13 336 18 0 0 
45 369 41 0 0 
23 376 32 0 0 
37 451 33 0 0 
89 322 27 0 0 
25 356 21 0 0 
20 456 12 0 0 
17 414 13 0 0 
57 362 9 0 0 
41 448 17 0 0 
23 561 17 0 0 
52 346 26 0 0 
22 341 71 0 0 
30 357 35 0 0 
57 407 27 0 0 
29 276 3 0 0 
50 350 20 0 0 
110 319 14 0 0 
22 426 91 0 0 
20 475 6 0 0 
0 566 6 0 0 
86 468 42 0 0 
82 459 20 0 0 
36 510 2 0 0 
40 617 5 0 0 
49 550 51 0 0 
126 403 18 0 0 
27 648 15 0 0 
52 289 14 0 0 
20 385 41 0 0 
36 358 83 0 0 
13 302 32 0 0 
46 263 41 0 0 
49 450 6 0 0 
36 425 74 0 0 
19 421 77 0 0 
20 385 30 0 0 
18 470 2 0 0 
19 375 29 0 0 
33 421 17 0 0 
16 610 6 0 0 
18 516 23 0 0 
48 280 6 0 0 
45 329 21 0 0 
21 464 31 0 0 
121 296 41 0 0 
36 462 42 0 0 
124 375 12 0 0 
78 310 62 0 0 
14 316 34 0 0 
16 269 25 0 0 
51 396 52 0 0 
10 436 3 0 0 
44 391 17 0 0 
69 382 17 0 0 
61 431 42 0 0 
8 453 59 0 0 
102 370 61 0 0 
34 500 12 0 0 
3 453 66 0 0 
20 443 41 0 0 
102 404 12 0 0 
27 351 94 0 0 
2 592 25 0 0 
13 432 8 0 0 
37 399 23 0 0 
79 347 34 0 0 
34 305 50 0 0 
5 412 40 0 0 
34 456 3 0 0 
8 451 38 0 0 
29 447 21 0 0 
46 419 32 0 0 
0 393 13 0 0 
13 450 70 0 0 
4 541 24 0 0 
9 459 51 0 0 
39 362 22 0 0 
55 306 52 0 0 
38 382 23 0 0 
32 423 16 0 0 
31 404 28 0 0 
48 419 1 0 0 
11 340 39 0 0 
2 363 71 0 0 
44 364 43 0 0 
12 424 34 0 0 
34 451 43 0 0 
7 500 55 0 0 
26 470 19 0 0 
31 364 17 0 0 
84 418 48 0 0 
50 281 88 0 0 
17 506 40 0 0 
38 467 4 0 0 
68 372 14 0 0 
23 440 32 0 0 
55 456 6 0 0 
22 379 22 0 0 
92 292 1 0 0 
105 404 28 0 0 
26 486 57 0 0 
23 211 25 0 0 
19 453 39 0 0 
19 430 47 0 0 
134 430 0 0 0 
28 326 40 0 0 
4 410 32 0 0 
27 463 12 0 0 
40 396 39 0 0 
37 414 7 0 0 
53 370 52 0 0 
11 539 2 0 0 
9 401 48 0 0 
53 389 24 0 0 
127 378 12 0 0 
14 475 16 0 0 
38 428 20 0 0 
77 508 46 0 0 
11 475 54 0 0 
66 365 111 0 0 
31 361 45 0 0 
54 412 31 0 0 
22 471 60 0 0 
0 479 7 0 0 
11 443 26 0 0 
47 380 11 0 0 
70 275 105 0 0 
34 385 50 0 0 
7 329 43 1 0 
20 511 26 0 0 
82 389 7 0 0 
32 310 13 0 0 
38 358 0 0 0 
34 398 17 0 0 
37 507 5 0 0 
37 479 10 0 0 
99 311 21 0 0 
10 344 52 0 0 
67 313 120 0 0 
49 530 1 0 0 
25 607 9 0 0 
147 336 32 0 0 
17 366 87 0 0 
42 506 16 0 0 
30 437 22 0 0 
25 347 98 0 0 
5 416 35 0 0 
25 416 70 0 0 
39 446 6 0 0 
0 332 72 0 0 
4 460 26 0 0 
7 521 16 0 0 
5 417 9 0 0 
20 475 13 0 0 
13 572 118 0 0 
52 368 34 0 0 
33 438 38 0 0 
16 289 32 0 0 
63 387 22 0 0 
28 387 29 0 0 
53 380 8 0 0 
16 380 50 0 0 
42 415 28 0 0 
68 326 44 0 0 
88 355 65 0 0 
66 389 10 0 0 
43 348 60 0 0 
13 325 78 0 0 
9 398 34 0 0 
68 435 35 0 0 
26 341 128 0 0 
23 457 23 0 0 
66 429 6 7 0 
5 543 46 0 0 
23 667 9 0 0 
15 471 12 0 0 
23 489 23 0 0 
28 421 61 0 0 
74 476 20 0 0 
59 285 26 0 0 
46 499 0 0 0 
19 340 79 0 0 
71 454 36 0 0 
17 347 12 0 0 
34 367 24 0 0 
32 291 88 0 0 
0 515 18 0 0 
20 361 15 0 0 
11 524 50 0 0 
32 470 27 0 0 
0 486 27 0 0 
2 479 6 0 0 
15 429 60 0 0 
11 347 48 0 0 
92 351 43 0 0 
7 334 14 0 0 
40 537 43 0 0 
58 313 47 0 0 
9 533 44 0 0 
51 447 0 0 0 
0 437 48 0 0 
8 364 19 0 0 
47 377 27 0 0 
19 426 29 0 0 
38 470 1 0 0 
51 406 3 0 0 
14 435 23 0 0 
72 323 142 0 0 
52 460 18 0 0 
82 380 3 0 0 
28 290 18 0 0 
14 483 8 0 0 
3 488 37 0 0 
46 343 52 0 0 
31 478 14 0 0 
38 445 24 0 0 
60 413 17 0 0 
84 536 23 0 0 
68 347 1 0 0 
26 315 23 0 0 
21 416 29 0 0 
47 432 31 0 0 
87 433 39 0 0 
28 385 29 0 0 
21 547 8 8 0 
27 515 1 0 0 
63 389 63 0 0 
19 444 2 0 0 
79 255 98 0 0 
94 433 22 0 0 
5 569 21 0 0 
101 360 51 0 0 
60 351 25 0 0 
62 364 2 0 0 
22 460 50 0 0 
51 482 35 0 0 
40 478 2 0 0 
3 324 86 0 0 
46 503 32 0 0 
24 429 62 0 0 
18 345 63 0 0 
30 466 49 0 0 
65 426 13 0 0 
108 300 16 0 0 
152 484 3 0 0 
80 294 25 0 0 
41 437 13 0 0 
9 391 14 0 0 
25 473 30 0 0 
55 446 13 0 0 
12 331 57 0 0 
35 339 85 0 0 
75 283 70 0 0 
70 401 21 0 0 
10 371 32 0 0 
25 389 34 0 0 
23 456 19 0 0 
80 464 12 0 0 
6 395 66 0 0 
78 314 37 0 0 
8 421 42 0 0 
51 340 25 0 0 
20 250 2 0 0 
54 372 82 0 0 
13 394 3 0 0 
17 579 62 0 0 
16 513 7 0 0 
35 320 24 0 0 
14 440 51 0 0 
6 444 75 0 0 
23 454 4 0 0 
28 490 64 0 0 
16 478 66 0 0 
43 391 93 0 0 
18 450 3 0 0 
33 574 1 0 0 
78 506 14 0 0 
86 361 8 0 0 
17 448 2 0 0 
2 465 44 0 0 
44 350 18 0 0 
54 422 0 0 0 
16 303 12 0 0 
84 412 8 0 0 
43 418 2 0 0 
46 394 4 0 0 
21 432 50 0 0 
52 513 14 0 0 
9 398 78 0 0 
73 526 0 0 0 
39 427 5 0 0 
26 466 1 0 0 
50 323 37 0 0 
62 400 21 0 0 
111 421 4 0 0 
37 368 54 0 0 
23 316 135 0 0 
18 436 0 0 0 
25 391 14 0 0 
15 419 8 0 0 
2 490 15 0 0 
49 477 5 0 0 
13 390 26 0 0 
14 409 19 0 0 
29 347 118 0 0 
9 471 23 0 0 
108 350 38 0 0 
31 486 24 0 0 
115 292 21 0 0 
123 493 1 0 0 
101 492 22 0 0 
93 456 35 0 0 
42 350 30 0 0 
143 261 10 0 0 
55 377 19 0 0 
7 478 61 0 0 
32 396 36 0 0 
27 361 97 0 0 
35 501 27 0 0 
4 395 8 0 0 
58 353 57 0 0 
70 368 65 0 0 
16 487 2 0 0 
65 428 31 0 0 
21 358 6 0 0 
61 323 55 0 0 
7 399 37 0 0 
44 400 55 0 0 
1 556 5 0 0 
62 419 12 0 0 
30 466 15 0 0 
14 451 52 0 0 
19 581 3 0 0 
22 475 38 0 0 
43 368 11 0 0 
34 553 5 0 0 
11 278 26 0 0 
63 512 0 0 0 
58 329 13 0 0 
76 262 116 0 0 
78 317 6 0 0 
34 512 36 0 0 
41 525 78 0 0 
36 465 15 0 0 
2 579 16 0 0 
24 513 23 0 0 
13 454 42 0 0 
24 496 71 0 0 
5 343 162 0 0 
75 350 46 0 0 
110 352 17 0 0 
19 417 47 0 0 
38 348 63 0 0 
19 471 36 0 0 
41 443 51 0 0 
20 408 2 0 0 
23 483 9 0 0 
51 301 8 0 0 
30 389 38 0 0 
33 392 15 0 0 
62 375 72 0 0 
34 454 4 0 0 
70 394 9 0 0 
17 520 20 0 0 
24 498 21 0 0 
9 508 18 0 0 
25 476 42 0 0 
8 535 32 0 0 
27 278 70 0 0 
9 404 26 0 0 
4 447 20 0 0 
15 292 13 1 0 
37 479 88 0 0 
20 415 42 0 0 
90 332 1 0 0 
73 304 10 0 0 
49 379 59 0 0 
14 250 39 0 0 
11 525 6 0 0 
41 338 10 0 0 
5 462 12 0 0 
53 519 23 0 0 
41 390 45 0 0 
106 509 14 0 0 
103 261 18 0 0 
35 441 68 0 0 
33 422 20 0 0 
20 414 64 0 0 
8 406 33 0 0 
80 403 59 0 0 
48 504 8 0 0 
26 405 4 0 0 
36 302 25 0 0 
96 388 11 0 0 
66 404 13 0 0 
61 418 25 0 0 
33 487 9 0 0 
5 385 58 0 0 
20 381 31 0 0 
28 342 43 0 0 
47 462 7 0 0 
10 550 15 0 0 
22 488 19 0 0 
53 377 24 0 0 
1 510 76 0 0 
3 517 21 0 0 
80 324 53 0 0 
107 368 58 0 0 
32 401 52 0 0 
12 424 91 0 0 
17 349 6 0 0 
48 457 19 0 0 
27 433 13 0 0 
2 405 28 0 0 
21 314 77 0 0 
32 455 13 0 0 
55 326 64 0 0 
47 361 67 0 0 
39 439 32 0 0 
27 435 54 0 0 
19 514 0 0 0 
12 417 6 0 0 
19 306 17 0 0 
23 523 8 0 0 
18 313 10 0 0 
36 453 14 0 0 
76 437 17 0 0 
76 350 31 0 0 
64 394 11 0 0 
56 374 44 0 0 
71 426 39 0 0 
46 370 13 0 0 
6 530 23 0 0 
55 426 53 0 0 
37 404 31 0 0 
2 347 6 0 0 
21 368 26 0 0 
104 298 26 0 0 
61 306 71 0 0 
1 491 4 0 0 
50 480 7 0 0 
28 403 86 0 0 
50 535 37 0 0 
6 402 18 0 0 
48 497 77 0 0 
13 427 82 0 0 
70 415 33 0 0 
6 490 36 0 0 
46 433 32 0 0 
44 448 49 0 0 
41 370 27 0 0 
21 536 1 0 0 
14 419 37 0 0 
66 415 1 0 0 
28 512 15 0 0 
25 340 76 0 0 
41 468 79 0 0 
66 425 34 0 0 
121 332 12 0 0 
43 475 47 0 0 
73 466 45 0 0 
33 388 23 0 0 
57 312 47 0 0 
46 418 19 0 0 
24 391 47 0 0 
33 376 15 0 0 
69 485 46 0 0 
36 567 12 0 0 
28 449 33 0 0 
59 300 24 0 0 
32 482 20 0 0 
32 327 16 0 0 
27 343 61 0 0 
49 388 9 0 0 
12 374 12 0 0 
12 511 19 0 0 
44 500 22 0 0 
65 455 42 0 0 
27 443 51 0 0 
25 509 3 0 0 
14 296 80 0 0 
24 416 23 0 0 
25 369 48 0 0 
45 364 5 0 0 
5 501 69 0 0 
24 480 23 0 0 
11 356 29 0 0 
6 440 39 0 0 
