469 309 222 
549 185 266 
440 254 306 
530 202 268 
461 239 300 
547 247 206 
443 260 297 
508 285 207 
546 279 175 
614 215 171 
488 258 254 
661 202 137 
529 272 199 
526 258 216 
626 203 171 
536 273 191 
464 253 283 
413 238 349 
605 197 198 
560 203 237 
510 253 237 
498 246 256 
520 246 234 
479 237 284 
589 264 147 
514 223 263 
535 260 205 
493 303 204 
583 236 181 
450 209 341 
571 198 231 
456 179 365 
541 232 227 
440 254 306 
385 170 445 
501 250 249 
593 253 154 
511 235 254 
624 205 171 
538 284 178 
607 258 135 
461 309 230 
484 221 295 
521 309 170 
645 191 164 
543 258 199 
563 214 223 
520 227 253 
616 207 177 
542 227 231 
595 278 127 
601 218 181 
518 217 265 
490 194 316 
563 323 114 
594 204 202 
511 257 232 
499 296 205 
530 197 273 
543 303 154 
449 205 346 
677 223 100 
625 213 162 
553 282 165 
582 247 171 
487 275 238 
419 262 319 
602 227 171 
551 245 204 
569 209 222 
553 279 168 
624 222 154 
463 292 245 
523 201 276 
602 240 158 
540 288 172 
568 271 161 
550 244 206 
622 198 180 
572 251 177 
490 274 236 
533 256 211 
579 180 241 
443 227 330 
576 259 165 
471 250 279 
560 272 168 
473 222 305 
524 290 186 
528 274 198 
648 202 150 
575 261 164 
485 245 270 
564 225 211 
492 228 280 
565 215 220 
504 309 187 
519 270 211 
613 239 148 
552 160 288 
550 230 220 
470 225 305 
424 292 284 
552 260 188 
666 184 150 
436 250 314 
497 214 289 
523 274 203 
579 235 186 
578 266 156 
477 233 290 
438 228 334 
555 228 217 
521 273 206 
499 278 223 
547 221 232 
550 291 159 
479 236 285 
562 229 209 
543 190 267 
630 196 174 
516 262 222 
503 202 295 
522 273 205 
455 203 342 
495 365 140 
492 282 226 
532 239 229 
578 214 208 
594 220 186 
504 223 273 
546 275 179 
552 235 213 
639 153 208 
587 235 178 
459 300 241 
516 306 178 
585 221 194 
594 224 182 
417 312 271 
638 225 137 
623 282 95 
545 202 253 
481 281 238 
629 263 108 
501 286 213 
638 247 115 
524 239 237 
497 313 190 
537 197 266 
539 265 196 
429 281 290 
565 249 186 
523 276 201 
524 224 252 
531 294 175 
503 246 251 
461 276 263 
601 228 171 
648 207 145 
603 188 209 
532 236 232 
490 275 235 
585 297 118 
574 241 185 
521 309 170 
572 222 206 
590 172 238 
566 265 169 
579 188 233 
563 287 150 
583 240 177 
491 216 293 
495 262 243 
499 275 226 
579 217 204 
553 226 221 
587 255 158 
455 256 289 
592 293 115 
435 215 350 
743 178 79 
504 243 253 
578 236 186 
521 307 172 
552 259 189 
474 234 292 
566 233 201 
438 300 262 
502 249 249 
579 227 194 
438 246 316 
500 307 193 
526 205 269 
592 270 138 
439 225 336 
504 237 259 
591 218 191 
591 263 146 
579 234 187 
506 285 209 
513 219 268 
478 233 289 
586 232 182 
564 237 199 
549 260 191 
477 248 275 
510 237 253 
492 263 245 
538 222 240 
558 293 149 
507 275 218 
554 292 154 
601 215 184 
572 303 125 
494 258 248 
466 264 270 
681 189 130 
529 255 216 
581 211 208 
534 264 202 
452 266 282 
613 184 203 
665 211 124 
552 279 169 
555 247 198 
554 282 164 
533 293 174 
511 185 304 
492 238 270 
589 233 178 
616 233 151 
596 203 201 
540 292 168 
531 236 233 
576 266 158 
531 276 193 
559 263 178 
577 248 175 
582 265 153 
542 205 253 
613 230 157 
536 237 227 
577 270 153 
609 173 218 
539 262 199 
561 262 177 
559 201 240 
511 317 172 
553 231 216 
561 185 254 
426 245 329 
489 213 298 
605 213 182 
451 293 256 
522 218 260 
422 314 264 
577 233 190 
473 266 261 
585 271 144 
607 214 179 
562 227 211 
681 219 100 
616 261 123 
557 264 179 
504 238 258 
611 230 159 
548 254 198 
578 213 209 
592 194 214 
620 243 137 
508 286 206 
525 218 257 
576 248 176 
575 222 203 
444 215 341 
493 258 249 
596 224 180 
568 240 192 
514 300 186 
481 236 283 
550 251 199 
460 321 219 
628 188 184 
485 215 300 
442 262 296 
591 241 168 
523 316 161 
581 239 180 
588 257 155 
631 187 182 
538 259 203 
581 209 210 
493 256 251 
474 193 333 
538 229 233 
518 273 209 
627 235 138 
531 296 173 
549 188 263 
516 219 265 
618 250 132 
526 275 199 
638 230 132 
536 182 282 
578 274 148 
552 217 231 
521 324 155 
612 212 176 
524 292 184 
580 252 168 
594 217 189 
552 229 219 
619 222 159 
498 234 268 
530 248 222 
538 255 207 
579 203 218 
439 207 354 
459 335 206 
451 258 291 
633 237 130 
569 231 200 
524 190 286 
525 293 182 
584 276 140 
483 257 260 
543 264 193 
501 225 274 
598 262 140 
577 235 188 
562 249 189 
461 238 301 
463 282 255 
518 253 229 
494 236 270 
665 186 149 
630 207 163 
537 259 204 
450 253 297 
423 277 300 
475 313 212 
468 268 264 
480 280 240 
435 255 310 
541 272 187 
526 279 195 
503 272 225 
505 311 184 
500 341 159 
555 267 178 
568 213 219 
566 242 192 
452 299 249 
572 251 177 
555 184 261 
615 183 202 
603 213 184 
642 225 133 
535 283 182 
477 291 232 
499 181 320 
501 255 244 
559 278 163 
548 230 222 
547 193 260 
612 191 197 
616 259 125 
538 260 202 
433 263 304 
544 252 204 
521 253 226 
438 294 268 
453 304 243 
520 274 206 
577 259 164 
685 195 120 
598 198 204 
685 220 95 
520 294 186 
653 219 128 
586 214 200 
516 263 221 
554 291 155 
666 185 149 
587 223 190 
481 334 185 
529 268 203 
522 251 227 
550 278 172 
432 215 353 
491 253 256 
530 209 261 
488 259 253 
489 259 252 
481 259 260 
600 263 137 
562 218 220 
527 229 244 
546 224 230 
502 218 280 
489 227 284 
536 279 185 
535 249 216 
449 234 317 
511 294 195 
518 259 223 
449 273 278 
453 242 305 
537 143 320 
554 238 208 
633 213 154 
546 252 202 
400 241 359 
506 234 260 
549 225 226 
595 252 153 
525 219 256 
556 228 216 
552 257 191 
549 203 248 
547 253 200 
554 231 215 
527 270 203 
531 220 249 
570 247 183 
421 255 324 
538 215 247 
589 231 180 
585 189 226 
584 227 189 
486 233 281 
424 223 353 
449 263 288 
437 280 283 
532 209 259 
439 240 321 
564 221 215 
503 234 263 
522 207 271 
576 274 150 
460 327 213 
572 233 195 
501 215 284 
538 246 216 
581 216 203 
501 249 250 
546 236 218 
651 215 134 
580 248 172 
536 268 196 
550 290 160 
522 227 251 
590 272 138 
490 257 253 
599 237 164 
625 221 154 
572 308 120 
550 255 195 
487 274 239 
510 225 265 
522 251 227 
495 274 231 
547 222 231 
579 230 191 
524 284 192 
496 266 238 
514 237 249 
495 265 240 
574 229 197 
567 257 176 
440 276 284 
553 186 261 
501 292 207 
481 257 262 
665 174 161 
508 242 250 
434 256 310 
440 258 302 
577 145 278 
499 304 197 
538 284 178 
466 241 293 
503 211 286 
468 236 296 
504 263 233 
631 250 119 
517 262 221 
444 235 321 
604 246 150 
491 274 235 
503 243 254 
658 193 149 
564 281 155 
570 236 194 
560 293 147 
443 211 346 
487 250 263 
584 211 205 
575 231 194 
475 194 331 
604 245 151 
551 245 204 
607 245 148 
520 209 271 
604 208 188 
542 238 220 
474 202 324 
453 240 307 
578 180 242 
528 280 192 
574 199 227 
557 279 164 
596 244 160 
491 257 252 
623 226 151 
602 199 199 
562 256 182 
532 249 219 
538 232 230 
386 228 386 
459 297 244 
510 208 282 
506 286 208 
569 157 274 
513 257 230 
576 223 201 
603 205 192 
549 256 195 
499 241 260 
458 235 307 
516 303 181 
489 259 252 
480 258 262 
560 240 200 
624 214 162 
531 181 288 
552 262 186 
503 203 294 
443 255 302 
585 232 183 
503 215 282 
482 271 247 
628 226 146 
462 246 292 
537 281 182 
439 193 368 
508 276 216 
553 220 227 
484 208 308 
584 260 156 
493 224 283 
589 273 138 
591 225 184 
565 275 160 
510 258 232 
588 214 198 
495 215 290 
445 323 232 
616 222 162 
544 287 169 
483 314 203 
598 214 188 
499 250 251 
554 212 234 
561 224 215 
513 257 230 
524 259 217 
599 213 188 
576 240 184 
480 220 300 
506 206 288 
492 243 265 
572 199 229 
631 219 150 
551 257 192 
526 324 150 
566 277 157 
598 217 185 
566 276 158 
398 197 405 
561 259 180 
623 220 157 
544 238 218 
595 233 172 
563 211 226 
505 241 254 
658 194 148 
586 247 167 
598 239 163 
504 249 247 
531 158 311 
495 276 229 
416 273 311 
544 241 215 
514 205 281 
485 268 247 
582 253 165 
583 185 232 
553 252 195 
459 192 349 
521 288 191 
661 217 122 
532 305 163 
513 247 240 
571 272 157 
517 284 199 
516 270 214 
503 252 245 
521 272 207 
565 229 206 
450 331 219 
544 307 149 
551 219 230 
503 201 296 
583 256 161 
529 259 212 
440 222 338 
575 268 157 
652 217 131 
511 214 275 
555 256 189 
519 285 196 
464 227 309 
635 240 125 
572 253 175 
498 226 276 
598 260 142 
490 261 249 
583 249 168 
507 213 280 
529 238 233 
576 266 158 
621 235 144 
628 247 125 
416 297 287 
567 239 194 
534 166 300 
494 222 284 
487 245 268 
464 248 288 
484 236 280 
618 230 152 
501 254 245 
583 248 169 
576 227 197 
552 287 161 
464 289 247 
541 301 158 
536 233 231 
538 267 195 
609 247 144 
492 279 229 
456 304 240 
578 221 201 
543 229 228 
458 298 244 
548 238 214 
597 278 125 
600 209 191 
594 199 207 
514 259 227 
635 215 150 
499 296 205 
520 294 186 
480 195 325 
507 277 216 
516 229 255 
535 214 251 
617 222 161 
573 224 203 
495 276 229 
604 275 121 
344 196 460 
563 224 213 
566 262 172 
630 198 172 
406 273 321 
449 234 317 
473 214 313 
524 288 188 
526 264 210 
572 238 190 
561 182 257 
484 267 249 
473 257 270 
548 229 223 
550 255 195 
578 230 192 
534 177 289 
492 190 318 
644 231 125 
600 216 184 
613 206 181 
544 293 163 
447 204 349 
505 290 205 
457 238 305 
633 238 129 
571 240 189 
557 191 252 
486 307 207 
572 262 166 
525 246 229 
549 265 186 
433 263 304 
582 217 201 
628 165 207 
486 265 249 
466 254 280 
608 228 164 
564 261 175 
557 222 221 
562 226 212 
602 222 176 
558 227 215 
577 232 191 
595 275 130 
464 297 239 
610 295 95 
523 278 199 
528 268 204 
591 207 202 
529 257 214 
610 237 153 
492 269 239 
612 227 161 
508 214 278 
459 263 278 
492 304 204 
516 278 206 
463 268 269 
588 276 136 
632 243 125 
512 298 190 
602 212 186 
467 270 263 
561 268 171 
611 218 171 
579 208 213 
502 255 243 
555 251 194 
562 242 196 
610 279 111 
459 312 229 
448 256 296 
614 257 129 
428 257 315 
638 216 146 
497 257 246 
512 196 292 
568 235 197 
423 208 369 
638 219 143 
491 276 233 
569 256 175 
562 216 222 
406 217 377 
516 283 201 
536 281 183 
676 175 149 
576 243 181 
537 252 211 
527 289 184 
402 257 341 
593 236 171 
529 246 225 
564 252 184 
477 265 258 
574 222 204 
507 177 316 
484 182 334 
461 245 294 
515 244 241 
496 329 175 
506 214 280 
709 210 81 
651 222 127 
544 241 215 
573 219 208 
540 249 211 
554 276 170 
455 252 293 
498 222 280 
555 228 217 
583 276 141 
497 303 200 
597 248 155 
536 188 276 
490 187 323 
488 252 260 
498 340 162 
510 296 194 
509 281 210 
564 224 212 
618 216 166 
533 287 180 
594 238 168 
579 263 158 
582 235 183 
448 233 319 
524 247 229 
510 274 216 
501 268 231 
541 248 211 
544 221 235 
559 229 212 
523 259 218 
575 274 151 
560 221 219 
577 253 170 
520 261 219 
471 242 287 
480 287 233 
576 319 105 
582 168 250 
500 266 234 
500 196 304 
504 243 253 
448 293 259 
493 251 256 
577 217 206 
523 235 242 
591 288 121 
545 273 182 
475 211 314 
565 253 182 
574 256 170 
569 248 183 
571 236 193 
662 149 189 
580 294 126 
498 195 307 
617 243 140 
522 198 280 
536 257 207 
518 259 223 
464 217 319 
549 195 256 
552 264 184 
592 190 218 
444 189 367 
591 214 195 
467 260 273 
453 262 285 
610 241 149 
464 207 329 
617 187 196 
603 243 154 
478 226 296 
558 174 268 
581 221 198 
544 217 239 
503 272 225 
520 271 209 
538 247 215 
519 229 252 
534 293 173 
473 173 354 
452 244 304 
556 225 219 
624 245 131 
551 218 231 
392 225 383 
505 266 229 
533 225 242 
506 284 210 
547 258 195 
567 207 226 
500 272 228 
469 198 333 
500 278 222 
543 273 184 
513 248 239 
659 220 121 
624 214 162 
464 216 320 
451 183 366 
577 277 146 
692 183 125 
601 210 189 
617 188 195 
524 265 211 
579 234 187 
617 186 197 
567 256 177 
511 228 261 
581 212 207 
504 243 253 
563 266 171 
561 221 218 
575 293 132 
604 234 162 
475 241 284 
570 243 187 
546 258 196 
526 311 163 
511 255 234 
580 265 155 
508 252 240 
568 279 153 
541 223 236 
562 280 158 
468 264 268 
460 259 281 
498 299 203 
510 259 231 
476 232 292 
564 235 201 
482 268 250 
509 217 274 
630 191 179 
414 216 370 
540 302 158 
519 289 192 
510 214 276 
526 228 246 
496 280 224 
503 267 230 
338 180 482 
533 275 192 
566 237 197 
518 239 243 
546 247 207 
579 227 194 
554 273 173 
465 225 310 
525 227 248 
440 300 260 
527 283 190 
459 220 321 
555 233 212 
472 239 289 
496 288 216 
494 227 279 
626 241 133 
528 249 223 
528 244 228 
512 270 218 
586 282 132 
530 289 181 
608 241 151 
560 242 198 
527 230 243 
522 274 204 
471 224 305 
605 214 181 
550 272 178 
481 237 282 
416 270 314 
303 127 570 
441 228 331 
516 249 235 
522 294 184 
606 176 218 
539 213 248 
599 200 201 
474 282 244 
501 232 267 
408 272 320 
471 257 272 
602 281 117 
532 274 194 
473 269 258 
575 223 202 
605 253 142 
488 236 276 
518 216 266 
563 291 146 
538 252 210 
512 250 238 
602 199 199 
487 225 288 
526 258 216 
577 204 219 
543 230 227 
534 263 203 
573 220 207 
503 213 284 
513 319 168 
575 270 155 
403 181 416 
650 176 174 
635 193 172 
556 224 220 
407 187 406 
492 197 311 
599 246 155 
535 261 204 
519 258 223 
571 190 239 
514 231 255 
618 289 93 
656 167 177 
521 170 309 
570 214 216 
521 218 261 
527 197 276 
660 210 130 
550 250 200 
