0 176 0 
0 213 17 
0 195 21 
0 202 10 
0 198 2 
0 177 9 
0 203 7 
0 258 6 
0 244 68 
0 233 28 
0 209 26 
0 231 7 
0 184 31 
0 186 8 
0 187 23 
0 202 6 
0 179 11 
0 188 15 
0 182 14 
0 229 28 
0 248 14 
0 218 15 
0 217 1 
0 192 2 
0 208 58 
0 201 7 
0 308 14 
0 242 39 
0 212 38 
0 175 13 
0 219 2 
0 199 24 
0 185 1 
0 280 47 
0 199 92 
0 197 26 
0 201 13 
0 192 16 
0 193 32 
0 201 15 
0 217 25 
0 227 10 
0 214 1 
0 191 31 
0 220 17 
0 202 39 
0 201 12 
0 203 12 
0 256 10 
0 233 24 
0 226 9 
0 240 16 
0 252 5 
0 204 4 
0 215 3 
0 184 14 
0 233 15 
0 152 33 
0 214 12 
0 215 4 
0 182 9 
0 190 7 
0 232 2 
0 197 13 
0 197 71 
0 172 38 
0 171 9 
0 199 21 
0 188 17 
0 205 20 
0 267 16 
0 210 5 
0 219 10 
0 197 40 
0 196 35 
0 178 30 
0 180 15 
0 166 0 
0 201 11 
0 247 7 
0 267 10 
0 198 5 
0 224 9 
0 232 62 
0 240 20 
0 213 5 
0 227 42 
0 284 2 
0 204 22 
0 208 14 
0 261 15 
0 130 8 
0 214 16 
0 186 9 
0 210 35 
0 196 8 
0 199 57 
0 238 82 
0 193 35 
0 247 61 
0 176 34 
0 231 20 
0 184 13 
0 218 9 
0 201 34 
0 231 9 
0 182 3 
0 205 3 
0 234 16 
0 244 29 
0 228 24 
0 215 19 
0 206 16 
0 210 22 
0 178 4 
0 215 22 
0 209 11 
0 225 15 
0 237 12 
0 221 31 
0 293 1 
0 270 1 
0 212 45 
0 242 33 
0 183 5 
0 147 16 
0 265 5 
0 196 17 
0 229 39 
0 258 8 
0 235 52 
0 228 45 
0 207 12 
0 193 61 
0 182 20 
0 229 47 
0 241 4 
0 174 26 
0 263 2 
0 170 0 
0 226 19 
0 192 28 
0 257 7 
0 183 30 
0 216 19 
0 217 3 
0 192 47 
0 221 18 
0 202 56 
0 236 4 
0 163 57 
0 202 6 
0 209 4 
0 205 55 
0 263 9 
0 259 19 
0 262 6 
0 154 124 
0 206 16 
0 241 3 
0 234 11 
0 194 21 
0 190 27 
0 188 14 
0 194 21 
0 182 16 
0 197 15 
0 277 9 
0 168 18 
0 260 12 
0 213 11 
0 179 7 
0 252 3 
0 210 7 
0 232 58 
0 209 48 
0 201 40 
0 149 5 
0 246 9 
0 185 19 
0 230 26 
0 259 26 
0 237 11 
0 229 17 
0 153 68 
0 257 3 
0 215 23 
0 203 32 
0 229 4 
0 204 22 
0 235 17 
0 198 15 
0 283 12 
0 217 12 
0 221 41 
0 227 30 
0 208 21 
0 221 16 
0 202 2 
0 238 12 
0 236 8 
0 249 33 
0 189 61 
0 215 20 
0 218 8 
0 224 12 
0 193 5 
0 215 34 
0 222 20 
0 242 4 
0 264 17 
0 220 68 
0 205 2 
0 183 11 
0 252 2 
0 209 0 
0 236 6 
0 216 7 
0 237 12 
0 171 20 
0 256 39 
0 240 45 
0 192 18 
0 248 23 
0 194 10 
0 206 11 
0 193 28 
0 225 6 
0 203 7 
0 237 33 
0 212 8 
0 224 12 
0 238 15 
0 196 7 
0 210 10 
0 260 25 
0 238 1 
0 170 6 
0 237 31 
0 235 6 
0 174 9 
0 221 32 
0 177 12 
0 241 6 
0 245 4 
0 213 15 
0 216 9 
0 219 20 
0 230 39 
0 209 8 
0 196 15 
0 217 14 
0 243 24 
0 226 4 
0 163 16 
0 205 46 
0 168 7 
0 207 12 
0 235 10 
0 316 24 
0 232 34 
0 284 18 
0 214 50 
0 188 6 
0 295 5 
0 215 14 
0 213 5 
0 199 13 
0 193 34 
0 193 7 
0 199 14 
0 195 5 
0 189 11 
0 246 1 
0 196 25 
0 178 31 
0 220 28 
0 237 18 
0 228 10 
0 249 8 
0 209 38 
0 212 4 
0 222 5 
0 164 52 
0 220 21 
0 255 26 
0 235 20 
0 244 31 
0 202 39 
0 273 3 
0 234 20 
0 197 48 
0 221 40 
0 157 29 
0 211 27 
0 166 46 
0 227 19 
0 232 23 
0 255 13 
0 238 28 
0 194 17 
0 188 47 
0 182 88 
0 235 3 
0 190 12 
0 200 17 
0 180 2 
0 200 22 
0 251 6 
0 195 15 
0 171 9 
0 241 23 
0 240 27 
0 245 4 
0 213 30 
0 190 26 
0 182 26 
0 263 9 
0 205 45 
0 181 11 
0 236 11 
0 176 36 
0 172 13 
0 214 18 
0 245 9 
0 206 8 
0 221 8 
0 186 8 
0 199 43 
0 181 6 
0 185 51 
0 239 10 
0 184 9 
0 234 14 
0 219 1 
0 207 92 
0 214 3 
0 202 1 
0 213 13 
0 215 43 
0 272 12 
0 274 10 
0 190 21 
0 189 47 
0 190 6 
0 246 4 
0 191 32 
0 227 48 
0 225 23 
0 200 9 
0 173 6 
0 243 15 
0 193 10 
0 193 20 
0 177 69 
0 261 18 
0 239 24 
0 244 2 
0 190 20 
0 161 4 
0 227 37 
0 168 23 
0 223 4 
0 184 1 
0 225 35 
0 228 81 
0 179 40 
0 234 15 
0 249 46 
0 189 2 
0 197 31 
0 204 5 
0 247 12 
0 174 17 
0 196 18 
0 205 31 
0 213 29 
0 192 19 
0 205 16 
0 151 0 
0 237 40 
0 235 19 
0 227 19 
0 276 12 
0 199 16 
0 210 70 
0 203 15 
0 176 6 
0 232 38 
0 222 15 
0 187 12 
0 173 23 
0 226 35 
0 235 14 
0 187 26 
0 234 5 
0 232 12 
0 208 29 
0 278 25 
0 194 35 
0 221 19 
0 233 6 
0 240 6 
0 212 19 
0 203 120 
0 229 73 
0 187 27 
0 181 2 
0 204 39 
0 188 21 
0 209 14 
0 198 36 
0 228 9 
0 249 12 
0 237 14 
0 194 50 
0 215 57 
0 239 23 
0 261 16 
0 238 9 
0 258 37 
0 203 61 
0 215 8 
0 204 6 
0 262 11 
0 216 25 
0 275 12 
0 218 4 
0 279 22 
0 233 13 
0 237 19 
0 207 16 
0 240 3 
0 187 27 
0 207 6 
0 217 31 
0 157 8 
0 191 3 
0 238 0 
0 185 7 
0 262 12 
0 196 41 
0 201 35 
0 177 3 
0 183 11 
0 219 20 
0 243 3 
0 242 5 
0 189 7 
0 254 10 
0 259 11 
0 197 29 
0 225 10 
0 187 7 
0 241 24 
0 157 15 
0 181 22 
0 242 0 
0 245 22 
0 193 3 
0 186 13 
0 251 16 
0 257 21 
0 269 13 
0 163 23 
0 270 9 
0 206 19 
0 219 46 
0 236 60 
0 155 7 
0 233 16 
0 210 19 
0 213 37 
0 166 25 
0 208 21 
0 141 3 
0 161 29 
0 228 6 
0 279 8 
0 210 38 
0 193 25 
0 216 28 
0 243 13 
0 235 34 
0 184 6 
0 206 7 
0 208 4 
0 244 6 
0 198 7 
0 247 5 
0 231 83 
0 211 9 
0 225 23 
0 237 16 
0 143 21 
0 288 6 
0 211 8 
0 215 5 
0 231 26 
0 228 19 
0 190 10 
0 195 8 
0 224 19 
0 244 9 
0 205 27 
0 174 9 
0 213 4 
0 200 10 
0 178 26 
0 202 18 
0 230 13 
0 156 34 
0 178 37 
0 171 4 
0 213 25 
0 220 11 
0 213 9 
0 183 7 
0 215 48 
0 163 3 
0 218 24 
0 166 36 
0 233 15 
0 246 35 
0 251 10 
0 231 9 
0 201 18 
0 215 117 
0 214 37 
0 173 20 
0 209 41 
0 239 22 
0 179 10 
0 251 33 
0 190 39 
0 232 22 
0 185 34 
0 199 21 
0 202 19 
0 203 53 
0 163 24 
0 253 25 
0 196 35 
0 187 10 
0 207 38 
0 224 18 
0 173 17 
0 201 16 
0 247 14 
0 233 19 
0 166 14 
0 217 18 
0 196 51 
0 226 23 
0 228 4 
0 183 25 
0 200 29 
0 230 10 
0 229 11 
0 205 9 
0 217 13 
0 183 11 
0 209 40 
0 189 5 
0 234 16 
0 185 22 
0 218 7 
0 230 21 
0 242 7 
0 142 6 
0 202 4 
0 210 68 
0 217 33 
0 226 7 
0 201 18 
0 221 14 
0 213 8 
0 192 14 
0 176 5 
0 187 2 
0 211 34 
0 260 12 
0 206 8 
0 199 51 
0 238 17 
0 219 35 
0 213 29 
0 236 14 
0 252 18 
0 198 12 
0 230 6 
0 206 11 
0 257 11 
0 218 3 
0 242 35 
0 159 34 
0 225 19 
0 246 20 
0 222 7 
0 243 39 
0 146 8 
0 200 57 
0 234 33 
0 216 17 
0 226 17 
0 190 9 
0 271 19 
0 203 10 
0 178 45 
0 179 22 
0 183 26 
0 175 13 
0 176 29 
0 180 19 
0 184 7 
0 221 19 
0 158 25 
0 247 42 
0 224 99 
0 169 12 
0 189 11 
0 204 0 
0 160 0 
0 254 38 
0 252 8 
0 228 5 
0 224 17 
0 186 12 
0 210 5 
0 210 9 
0 183 11 
0 242 3 
0 228 30 
0 259 15 
0 186 2 
0 245 11 
0 183 4 
0 222 10 
0 256 22 
0 237 11 
0 237 6 
0 242 41 
0 241 21 
0 172 9 
0 218 14 
0 193 11 
0 193 10 
0 254 7 
0 192 21 
0 186 35 
0 213 18 
0 185 48 
0 194 8 
0 238 22 
0 220 14 
0 226 3 
0 238 0 
0 234 28 
0 193 2 
0 267 20 
0 236 7 
0 219 16 
0 164 36 
0 171 43 
0 203 3 
0 189 14 
0 190 10 
0 220 0 
0 247 23 
0 247 24 
0 223 2 
0 253 10 
0 228 20 
0 223 9 
0 190 12 
0 231 17 
0 206 10 
0 276 12 
0 229 17 
0 228 16 
0 217 0 
0 251 12 
0 215 12 
0 245 4 
0 261 19 
0 212 24 
0 225 12 
0 251 28 
0 243 11 
0 163 27 
0 174 4 
0 163 17 
0 191 12 
0 242 30 
0 235 25 
0 237 2 
0 234 2 
0 225 7 
0 157 6 
0 222 28 
0 194 5 
0 236 15 
0 186 10 
0 194 24 
0 180 13 
0 205 70 
0 184 5 
0 238 17 
0 219 13 
0 217 15 
0 258 7 
0 251 17 
0 243 36 
0 237 12 
0 147 13 
0 207 28 
0 188 5 
0 257 0 
0 203 6 
0 252 14 
0 251 17 
0 194 71 
0 268 40 
0 241 25 
0 224 9 
0 247 23 
0 224 43 
0 166 53 
0 209 13 
0 231 31 
0 181 0 
0 160 9 
0 223 77 
0 174 34 
0 204 0 
0 184 32 
0 162 19 
0 171 39 
0 197 6 
0 219 27 
0 287 4 
0 184 11 
0 191 11 
0 301 10 
0 165 30 
0 140 50 
0 180 26 
0 250 28 
0 235 8 
0 191 18 
0 247 21 
0 196 13 
0 171 6 
0 185 12 
0 272 8 
0 200 9 
0 231 3 
0 229 6 
0 224 12 
0 160 62 
0 173 21 
0 165 102 
0 197 18 
0 196 5 
0 271 51 
0 172 25 
0 193 28 
0 209 10 
0 253 16 
0 202 8 
0 224 47 
0 184 62 
0 207 2 
0 202 35 
0 176 45 
0 225 20 
0 182 21 
0 263 12 
0 226 31 
0 205 12 
0 207 28 
0 184 19 
0 272 59 
0 217 28 
0 245 6 
0 152 42 
0 197 14 
0 219 18 
0 256 7 
0 239 30 
0 216 28 
0 208 14 
0 266 26 
0 200 33 
0 192 17 
0 210 11 
0 143 15 
0 210 18 
0 183 36 
0 239 31 
0 216 22 
0 191 10 
0 231 25 
0 278 8 
0 174 40 
0 229 9 
0 218 10 
0 204 5 
0 205 26 
0 228 43 
0 225 51 
0 156 5 
0 186 25 
0 239 1 
0 186 43 
0 227 7 
0 231 4 
0 226 29 
0 256 6 
0 198 47 
0 194 11 
0 213 31 
0 174 48 
0 218 24 
0 209 12 
0 225 4 
0 248 13 
0 218 24 
0 235 45 
0 189 27 
0 217 3 
0 233 8 
0 154 25 
0 175 33 
0 211 20 
0 259 1 
0 241 13 
0 183 23 
0 282 5 
0 225 2 
0 257 16 
0 204 41 
0 239 10 
0 138 18 
0 183 10 
0 220 20 
0 203 32 
0 201 16 
0 203 17 
0 202 19 
0 240 22 
0 231 9 
0 170 19 
0 196 6 
0 179 35 
0 213 29 
0 200 28 
0 184 59 
0 176 25 
0 213 2 
0 204 15 
0 198 6 
0 204 29 
0 215 48 
0 252 60 
0 257 35 
0 204 5 
0 264 4 
0 203 13 
0 210 51 
0 247 7 
0 218 7 
0 238 10 
0 235 70 
0 233 39 
0 198 7 
0 196 8 
0 204 0 
0 241 19 
0 195 48 
0 167 32 
0 252 10 
0 249 15 
0 172 9 
0 260 44 
0 216 5 
0 209 8 
0 158 16 
0 175 0 
0 221 1 
0 242 23 
0 176 35 
0 208 1 
0 159 6 
0 303 17 
0 176 27 
0 163 9 
0 222 2 
0 134 45 
0 206 20 
0 207 34 
0 195 27 
0 225 24 
0 210 14 
0 204 8 
0 189 15 
0 170 16 
0 169 2 
0 163 29 
0 256 10 
0 192 6 
0 237 5 
0 243 37 
0 211 28 
0 258 15 
0 276 18 
0 219 10 
0 145 24 
0 247 20 
0 203 22 
0 238 1 
0 203 30 
0 205 22 
0 228 3 
0 177 27 
0 232 10 
0 259 14 
0 201 10 
0 170 29 
0 226 9 
0 235 9 
0 217 24 
0 169 6 
0 240 26 
0 186 14 
0 178 18 
0 273 16 
0 210 10 
0 178 49 
0 258 13 
0 207 38 
0 285 9 
0 203 26 
0 168 70 
0 158 41 
0 279 37 
0 202 30 
0 254 6 
0 253 16 
0 169 67 
0 216 6 
0 246 21 
0 272 12 
0 190 15 
0 165 13 
0 194 49 
0 144 13 
0 245 19 
0 189 6 
0 230 14 
0 231 18 
0 153 7 
0 212 9 
0 177 6 
0 186 29 
0 139 27 
0 196 35 
0 225 12 
0 239 16 
0 249 15 
0 220 26 
0 187 48 
0 175 21 
0 194 19 
0 225 14 
0 216 35 
0 240 15 
0 169 19 
0 226 65 
0 245 18 
0 187 17 
0 230 39 
0 166 7 
0 174 11 
0 187 37 
0 155 26 
0 227 5 
0 240 51 
0 236 11 
0 206 12 
0 233 18 
0 183 20 
0 218 4 
0 185 6 
0 210 1 
0 233 24 
0 200 1 
0 253 24 
0 208 28 
0 218 78 
