497 260 243 
483 300 217 
549 235 216 
540 266 194 
454 249 297 
508 308 184 
538 290 172 
513 260 227 
540 252 208 
547 249 204 
574 286 140 
561 235 204 
478 246 276 
457 197 346 
511 327 162 
540 196 264 
552 251 197 
454 249 297 
541 244 215 
556 219 225 
524 240 236 
598 245 157 
488 279 233 
459 281 260 
529 307 164 
612 172 216 
518 304 178 
487 274 239 
508 254 238 
543 206 251 
537 275 188 
648 221 131 
546 269 185 
488 265 247 
590 227 183 
537 251 212 
564 272 164 
471 310 219 
529 265 206 
610 218 172 
489 268 243 
575 222 203 
640 209 151 
503 279 218 
580 226 194 
614 224 162 
587 213 200 
589 235 176 
560 268 172 
558 244 198 
416 251 333 
467 231 302 
610 235 155 
530 261 209 
572 251 177 
579 196 225 
546 255 199 
609 173 218 
622 231 147 
647 166 187 
542 251 207 
495 279 226 
467 267 266 
595 273 132 
498 305 197 
539 187 274 
577 265 158 
487 276 237 
520 197 283 
440 268 292 
486 225 289 
429 281 290 
488 334 178 
552 215 233 
499 243 258 
543 249 208 
480 215 305 
531 237 232 
556 232 212 
486 237 277 
470 282 248 
417 165 418 
514 179 307 
534 247 219 
564 239 197 
658 175 167 
521 220 259 
584 268 148 
595 272 133 
461 265 274 
528 253 219 
566 218 216 
500 246 254 
536 292 172 
459 311 230 
632 252 116 
489 207 304 
523 183 294 
504 282 214 
616 227 157 
506 291 203 
560 257 183 
474 248 278 
521 269 210 
477 186 337 
611 206 183 
484 296 220 
491 198 311 
547 185 268 
584 238 178 
440 280 280 
477 217 306 
513 193 294 
601 261 138 
535 221 244 
598 236 166 
456 293 251 
520 295 185 
517 232 251 
522 197 281 
598 267 135 
574 273 153 
465 262 273 
458 255 287 
598 247 155 
662 205 133 
478 335 187 
633 193 174 
459 295 246 
502 298 200 
522 242 236 
518 245 237 
559 238 203 
487 254 259 
555 239 206 
657 237 106 
549 227 224 
574 284 142 
527 241 232 
503 179 318 
481 261 258 
488 285 227 
508 231 261 
566 231 203 
488 271 241 
455 170 375 
448 249 303 
569 194 237 
475 230 295 
570 222 208 
604 261 135 
483 211 306 
557 267 176 
537 230 233 
547 233 220 
478 271 251 
531 267 202 
573 243 184 
607 255 138 
534 255 211 
574 226 200 
465 319 216 
540 271 189 
539 198 263 
518 260 222 
507 279 214 
562 258 180 
495 265 240 
465 307 228 
521 241 238 
487 266 247 
722 174 104 
550 258 192 
573 232 195 
552 264 184 
470 228 302 
540 268 192 
481 248 271 
625 261 114 
557 199 244 
575 230 195 
619 230 151 
484 200 316 
559 271 170 
498 286 216 
521 220 259 
552 224 224 
615 220 165 
483 278 239 
462 256 282 
592 302 106 
499 258 243 
462 238 300 
547 274 179 
472 286 242 
594 260 146 
494 281 225 
573 264 163 
465 297 238 
523 320 157 
539 278 183 
492 272 236 
489 293 218 
532 274 194 
544 242 214 
625 229 146 
551 230 219 
560 218 222 
585 248 167 
485 324 191 
526 243 231 
471 203 326 
495 214 291 
593 205 202 
496 190 314 
550 238 212 
515 282 203 
481 230 289 
531 285 184 
503 283 214 
555 213 232 
507 209 284 
498 292 210 
550 191 259 
444 276 280 
480 288 232 
601 237 162 
569 240 191 
559 229 212 
523 246 231 
480 286 234 
458 235 307 
498 225 277 
307 233 460 
438 241 321 
567 239 194 
674 205 121 
539 267 194 
529 243 228 
590 213 197 
451 207 342 
419 242 339 
442 264 294 
568 283 149 
487 306 207 
511 281 208 
513 306 181 
547 296 157 
430 236 334 
583 234 183 
423 277 300 
528 250 222 
472 211 317 
390 243 367 
615 218 167 
520 277 203 
553 281 166 
643 202 155 
645 217 138 
467 266 267 
560 238 202 
499 237 264 
513 244 243 
509 270 221 
570 263 167 
542 213 245 
570 251 179 
569 250 181 
541 300 159 
474 190 336 
510 256 234 
545 209 246 
550 211 239 
532 226 242 
526 278 196 
603 239 158 
550 180 270 
548 250 202 
556 211 233 
560 250 190 
523 245 232 
569 287 144 
494 253 253 
526 292 182 
553 223 224 
505 266 229 
574 169 257 
555 138 307 
539 232 229 
446 234 320 
589 226 185 
503 296 201 
578 248 174 
484 216 300 
452 289 259 
424 285 291 
490 302 208 
514 212 274 
617 199 184 
468 209 323 
373 248 379 
564 244 192 
494 227 279 
537 249 214 
556 278 166 
534 272 194 
418 221 361 
410 257 333 
622 251 127 
508 253 239 
615 230 155 
590 231 179 
526 260 214 
381 228 391 
538 245 217 
538 218 244 
439 293 268 
506 227 267 
603 182 215 
483 195 322 
539 175 286 
455 251 294 
478 260 262 
558 254 188 
556 285 159 
544 212 244 
531 221 248 
481 250 269 
469 264 267 
571 231 198 
489 271 240 
400 291 309 
545 272 183 
442 304 254 
466 182 352 
396 208 396 
563 266 171 
441 298 261 
583 208 209 
600 182 218 
581 268 151 
568 289 143 
496 326 178 
494 231 275 
484 282 234 
521 208 271 
467 260 273 
447 244 309 
531 237 232 
514 278 208 
495 290 215 
526 242 232 
569 311 120 
492 256 252 
620 186 194 
443 253 304 
556 241 203 
575 274 151 
596 257 147 
624 179 197 
583 243 174 
622 213 165 
514 291 195 
469 309 222 
571 229 200 
557 251 192 
495 255 250 
572 259 169 
547 248 205 
618 245 137 
470 347 183 
616 228 156 
535 243 222 
625 187 188 
484 284 232 
410 301 289 
521 202 277 
552 239 209 
458 259 283 
441 239 320 
504 250 246 
531 263 206 
491 195 314 
469 231 300 
540 307 153 
546 271 183 
488 296 216 
522 253 225 
639 187 174 
621 220 159 
584 203 213 
532 342 126 
454 295 251 
525 257 218 
582 219 199 
576 203 221 
551 283 166 
613 238 149 
475 230 295 
553 284 163 
491 295 214 
512 308 180 
599 234 167 
508 270 222 
458 259 283 
544 209 247 
438 205 357 
401 247 352 
546 240 214 
463 416 121 
566 240 194 
436 298 266 
545 191 264 
548 316 136 
558 278 164 
452 295 253 
523 250 227 
469 196 335 
511 198 291 
461 324 215 
589 262 149 
526 241 233 
487 342 171 
560 274 166 
548 244 208 
593 252 155 
553 283 164 
581 263 156 
527 232 241 
500 278 222 
570 242 188 
459 305 236 
564 261 175 
504 253 243 
487 287 226 
594 224 182 
452 285 263 
531 234 235 
513 213 274 
481 291 228 
629 210 161 
402 232 366 
552 261 187 
519 269 212 
490 345 165 
547 230 223 
545 279 176 
417 263 320 
569 239 192 
450 248 302 
480 270 250 
503 253 244 
440 292 268 
565 280 155 
392 308 300 
605 247 148 
530 270 200 
482 242 276 
483 298 219 
561 253 186 
576 230 194 
460 286 254 
534 273 193 
568 186 246 
592 258 150 
648 217 135 
553 232 215 
495 278 227 
606 234 160 
486 279 235 
518 276 206 
509 246 245 
554 224 222 
538 250 212 
505 208 287 
522 190 288 
599 221 180 
618 201 181 
549 221 230 
596 174 230 
648 245 107 
554 241 205 
523 251 226 
570 230 200 
366 214 420 
620 182 198 
596 259 145 
536 302 162 
483 237 280 
480 256 264 
596 206 198 
541 296 163 
493 245 262 
485 213 302 
544 203 253 
444 237 319 
453 242 305 
556 319 125 
542 252 206 
480 241 279 
562 257 181 
544 214 242 
507 270 223 
470 302 228 
579 182 239 
539 258 203 
423 242 335 
515 269 216 
517 317 166 
618 247 135 
456 245 299 
581 244 175 
558 242 200 
530 212 258 
478 274 248 
503 323 174 
470 212 318 
511 244 245 
641 212 147 
545 194 261 
582 243 175 
667 189 144 
611 209 180 
571 271 158 
554 265 181 
534 259 207 
607 218 175 
508 205 287 
574 285 141 
432 270 298 
505 190 305 
646 252 102 
576 279 145 
520 203 277 
434 306 260 
614 237 149 
488 292 220 
510 256 234 
497 283 220 
541 213 246 
501 316 183 
598 198 204 
548 223 229 
518 212 270 
413 198 389 
563 276 161 
486 283 231 
496 203 301 
538 266 196 
580 330 90 
509 248 243 
573 216 211 
353 288 359 
556 229 215 
573 263 164 
461 203 336 
533 257 210 
545 328 127 
647 223 130 
527 259 214 
619 237 144 
551 262 187 
502 197 301 
566 259 175 
482 271 247 
495 327 178 
620 234 146 
530 272 198 
577 236 187 
504 285 211 
508 252 240 
508 184 308 
485 285 230 
476 266 258 
518 302 180 
598 241 161 
477 283 240 
418 261 321 
685 203 112 
425 270 305 
516 241 243 
477 213 310 
466 238 296 
579 167 254 
423 216 361 
482 260 258 
680 220 100 
513 221 266 
575 215 210 
562 184 254 
468 269 263 
551 281 168 
565 239 196 
597 242 161 
499 330 171 
426 233 341 
499 265 236 
487 193 320 
464 258 278 
548 223 229 
610 210 180 
607 241 152 
536 218 246 
500 287 213 
536 257 207 
451 235 314 
434 308 258 
564 225 211 
559 203 238 
535 256 209 
499 303 198 
535 248 217 
506 253 241 
577 277 146 
496 269 235 
429 253 318 
548 259 193 
592 172 236 
498 230 272 
609 254 137 
507 249 244 
451 243 306 
486 243 271 
554 302 144 
524 288 188 
388 213 399 
566 232 202 
545 279 176 
536 305 159 
578 168 254 
536 250 214 
513 240 247 
512 255 233 
597 201 202 
464 259 277 
439 262 299 
550 234 216 
497 202 301 
482 276 242 
525 221 254 
480 245 275 
501 279 220 
557 253 190 
517 320 163 
568 263 169 
608 217 175 
515 207 278 
450 220 330 
604 237 159 
543 299 158 
495 244 261 
477 304 219 
514 315 171 
532 279 189 
639 181 180 
321 213 466 
499 268 233 
459 264 277 
550 284 166 
500 253 247 
425 233 342 
578 216 206 
548 253 199 
540 246 214 
510 207 283 
524 288 188 
485 277 238 
508 233 259 
505 272 223 
587 228 185 
601 188 211 
446 227 327 
477 281 242 
454 276 270 
470 271 259 
527 262 211 
537 237 226 
431 236 333 
491 288 221 
561 217 222 
374 258 368 
436 263 301 
566 257 177 
448 199 353 
468 283 249 
480 226 294 
548 227 225 
493 245 262 
586 226 188 
584 204 212 
574 266 160 
525 259 216 
526 261 213 
567 289 144 
463 306 231 
519 249 232 
520 284 196 
532 201 267 
546 260 194 
504 240 256 
617 263 120 
641 209 150 
445 297 258 
442 223 335 
414 276 310 
563 277 160 
493 308 199 
652 174 174 
578 248 174 
508 230 262 
527 288 185 
522 216 262 
512 276 212 
599 212 189 
621 132 247 
437 291 272 
443 307 250 
558 270 172 
563 248 189 
516 272 212 
472 311 217 
639 222 139 
529 279 192 
517 277 206 
463 273 264 
557 170 273 
655 161 184 
576 257 167 
466 292 242 
526 264 210 
540 273 187 
448 300 252 
568 246 186 
576 259 165 
508 217 275 
435 291 274 
570 209 221 
563 291 146 
506 236 258 
462 232 306 
489 308 203 
600 248 152 
578 286 136 
508 250 242 
540 259 201 
466 325 209 
448 176 376 
426 193 381 
615 239 146 
517 263 220 
506 246 248 
590 261 149 
497 258 245 
559 219 222 
544 275 181 
524 193 283 
578 200 222 
440 232 328 
469 158 373 
450 290 260 
455 251 294 
533 266 201 
582 214 204 
435 267 298 
573 255 172 
581 224 195 
344 164 492 
509 153 338 
585 269 146 
506 225 269 
539 295 166 
541 288 171 
565 222 213 
480 228 292 
474 303 223 
544 302 154 
435 242 323 
536 254 210 
492 246 262 
435 265 300 
561 258 181 
580 269 151 
535 246 219 
511 306 183 
483 276 241 
514 295 191 
513 206 281 
658 238 104 
641 262 97 
471 251 278 
552 264 184 
645 266 89 
613 243 144 
530 222 248 
523 255 222 
537 184 279 
483 295 222 
436 303 261 
572 254 174 
544 233 223 
567 229 204 
648 164 188 
490 258 252 
492 299 209 
391 234 375 
581 200 219 
458 279 263 
546 241 213 
496 176 328 
571 230 199 
573 215 212 
478 309 213 
649 210 141 
575 257 168 
534 264 202 
533 239 228 
495 304 201 
609 216 175 
553 310 137 
524 264 212 
623 244 133 
462 313 225 
582 307 111 
575 277 148 
523 242 235 
555 239 206 
522 215 263 
528 235 237 
516 321 163 
555 258 187 
638 206 156 
481 261 258 
481 242 277 
503 263 234 
423 261 316 
526 264 210 
588 228 184 
561 229 210 
586 227 187 
618 247 135 
474 255 271 
558 306 136 
510 242 248 
538 256 206 
695 180 125 
430 244 326 
469 200 331 
468 268 264 
589 255 156 
526 285 189 
465 274 261 
485 285 230 
480 211 309 
515 199 286 
569 239 192 
644 253 103 
596 249 155 
610 269 121 
489 235 276 
516 227 257 
523 244 233 
537 230 233 
538 185 277 
624 163 213 
575 217 208 
399 240 361 
623 200 177 
551 126 323 
575 311 114 
536 324 140 
641 239 120 
461 275 264 
456 235 309 
389 242 369 
633 207 160 
634 219 147 
579 182 239 
613 228 159 
521 230 249 
557 246 197 
626 211 163 
496 194 310 
483 250 267 
451 327 222 
537 217 246 
431 246 323 
591 228 181 
499 294 207 
555 263 182 
542 192 266 
600 218 182 
514 267 219 
506 277 217 
532 302 166 
489 272 239 
423 292 285 
538 195 267 
617 177 206 
519 252 229 
426 255 319 
559 265 176 
628 225 147 
556 202 242 
567 228 205 
481 223 296 
413 214 373 
556 260 184 
515 277 208 
426 243 331 
536 270 194 
497 270 233 
526 186 288 
525 264 211 
428 281 291 
564 253 183 
536 219 245 
449 304 247 
572 252 176 
579 243 178 
447 328 225 
589 277 134 
453 318 229 
636 200 164 
537 228 235 
361 222 417 
571 229 200 
581 228 191 
512 244 244 
486 287 227 
442 277 281 
489 291 220 
595 234 171 
542 189 269 
541 197 262 
436 256 308 
485 240 275 
564 234 202 
494 223 283 
495 199 306 
522 285 193 
526 240 234 
530 223 247 
514 237 249 
652 216 132 
456 314 230 
502 244 254 
514 283 203 
576 242 182 
486 221 293 
600 271 129 
493 227 280 
570 246 184 
539 283 178 
498 214 288 
507 209 284 
629 243 128 
568 213 219 
553 193 254 
618 250 132 
469 276 255 
475 271 254 
524 331 145 
521 227 252 
499 263 238 
556 200 244 
484 283 233 
548 303 149 
566 303 131 
485 219 296 
512 264 224 
490 207 303 
584 233 183 
532 293 175 
533 157 310 
384 236 380 
469 246 285 
579 204 217 
623 225 152 
527 270 203 
544 269 187 
583 232 185 
446 261 293 
482 232 286 
452 247 301 
602 277 121 
523 283 194 
509 193 298 
536 226 238 
642 207 151 
526 232 242 
525 187 288 
499 211 290 
561 260 179 
482 230 288 
534 277 189 
493 300 207 
441 316 243 
552 255 193 
474 225 301 
550 277 173 
