650 171 179 
656 271 73 
634 187 179 
595 196 209 
565 266 169 
594 240 166 
610 228 162 
642 207 151 
613 183 204 
690 173 137 
534 147 319 
618 218 164 
578 279 143 
621 214 165 
722 136 142 
645 185 170 
623 197 180 
668 239 93 
614 248 138 
612 227 161 
638 198 164 
666 198 136 
663 165 172 
649 252 99 
610 165 225 
728 170 102 
705 126 169 
685 144 171 
563 182 255 
648 235 117 
652 214 134 
662 177 161 
594 198 208 
677 189 134 
513 155 332 
549 240 211 
636 200 164 
641 250 109 
629 198 173 
649 233 118 
725 178 97 
623 237 140 
619 200 181 
616 226 158 
695 221 84 
596 203 201 
672 141 187 
632 184 184 
448 249 303 
588 216 196 
684 199 117 
701 192 107 
601 206 193 
661 183 156 
581 250 169 
646 142 212 
596 190 214 
628 227 145 
699 222 79 
578 139 283 
693 180 127 
645 245 110 
614 197 189 
624 116 260 
638 169 193 
594 194 212 
577 241 182 
651 226 123 
751 133 116 
739 178 83 
647 215 138 
503 227 270 
618 220 162 
741 127 132 
630 213 157 
702 198 100 
649 239 112 
681 186 133 
568 151 281 
561 206 233 
627 268 105 
684 184 132 
547 220 233 
643 219 138 
445 167 388 
704 186 110 
707 239 54 
608 158 234 
618 203 179 
685 155 160 
510 166 324 
635 219 146 
510 233 257 
514 198 288 
662 179 159 
712 191 97 
539 249 212 
730 183 87 
715 199 86 
698 174 128 
744 163 93 
510 166 324 
596 182 222 
693 180 127 
533 170 297 
685 207 108 
662 230 108 
705 176 119 
643 236 121 
526 157 317 
633 235 132 
596 192 212 
584 265 151 
671 247 82 
612 239 149 
652 144 204 
623 169 208 
548 252 200 
637 126 237 
680 188 132 
764 156 80 
717 96 187 
656 201 143 
504 228 268 
651 224 125 
661 186 153 
618 220 162 
645 270 85 
535 234 231 
640 233 127 
701 144 155 
785 149 66 
631 173 196 
642 211 147 
747 190 63 
640 200 160 
683 168 149 
651 252 97 
492 150 358 
654 184 162 
548 249 203 
602 246 152 
644 250 106 
581 199 220 
583 222 195 
734 191 75 
620 203 177 
636 257 107 
727 145 128 
627 257 116 
615 214 171 
617 219 164 
632 173 195 
534 244 222 
517 203 280 
649 189 162 
584 205 211 
493 200 307 
612 223 165 
598 170 232 
528 202 270 
688 167 145 
528 196 276 
667 143 190 
546 229 225 
437 202 361 
481 170 349 
721 198 81 
667 184 149 
530 221 249 
541 183 276 
615 189 196 
734 183 83 
589 201 210 
664 228 108 
786 100 114 
623 225 152 
684 213 103 
716 175 109 
653 242 105 
728 197 75 
630 182 188 
674 177 149 
545 217 238 
681 235 84 
563 194 243 
617 107 276 
731 186 83 
773 140 87 
490 236 274 
692 157 151 
665 186 149 
658 230 112 
623 193 184 
636 183 181 
714 148 138 
581 210 209 
638 244 118 
630 295 75 
686 145 169 
546 213 241 
653 200 147 
616 115 269 
673 234 93 
602 182 216 
686 229 85 
547 235 218 
667 170 163 
673 223 104 
612 223 165 
539 258 203 
602 181 217 
633 170 197 
610 211 179 
579 169 252 
673 232 95 
641 227 132 
726 167 107 
682 227 91 
712 188 100 
649 247 104 
676 185 139 
562 246 192 
576 206 218 
756 101 143 
602 147 251 
658 178 164 
697 180 123 
697 218 85 
650 190 160 
644 235 121 
664 163 173 
605 175 220 
635 156 209 
550 217 233 
454 187 359 
649 157 194 
595 245 160 
717 176 107 
635 228 137 
719 203 78 
590 186 224 
693 112 195 
596 186 218 
626 162 212 
735 166 99 
561 239 200 
572 236 192 
684 178 138 
528 210 262 
658 130 212 
661 216 123 
536 235 229 
500 148 352 
539 301 160 
496 229 275 
582 173 245 
678 191 131 
659 174 167 
597 227 176 
596 207 197 
654 155 191 
633 231 136 
633 195 172 
629 233 138 
557 231 212 
748 191 61 
530 186 284 
670 229 101 
648 256 96 
541 239 220 
679 148 173 
613 213 174 
690 199 111 
722 185 93 
582 211 207 
601 191 208 
574 291 135 
629 199 172 
651 169 180 
617 236 147 
542 167 291 
537 172 291 
667 257 76 
609 218 173 
712 163 125 
600 206 194 
668 217 115 
642 164 194 
614 227 159 
606 238 156 
627 231 142 
656 210 134 
534 209 257 
660 191 149 
533 147 320 
644 192 164 
733 103 164 
548 252 200 
643 204 153 
497 210 293 
587 233 180 
655 210 135 
696 147 157 
598 210 192 
680 188 132 
650 245 105 
630 264 106 
487 213 300 
691 169 140 
557 326 117 
549 192 259 
592 248 160 
566 284 150 
674 176 150 
616 194 190 
638 264 98 
656 153 191 
601 187 212 
672 197 131 
712 247 41 
586 243 171 
543 175 282 
564 158 278 
548 224 228 
617 228 155 
700 167 133 
608 262 130 
710 201 89 
628 139 233 
731 176 93 
666 187 147 
483 201 316 
598 249 153 
644 216 140 
685 138 177 
670 213 117 
527 196 277 
688 207 105 
593 167 240 
600 207 193 
657 217 126 
643 238 119 
693 209 98 
755 190 55 
638 175 187 
441 142 417 
548 194 258 
566 194 240 
700 170 130 
501 290 209 
603 269 128 
507 133 360 
582 185 233 
520 203 277 
616 181 203 
627 227 146 
630 172 198 
633 155 212 
631 208 161 
580 218 202 
751 139 110 
598 214 188 
529 223 248 
417 118 465 
700 188 112 
728 185 87 
673 233 94 
532 237 231 
628 198 174 
712 186 102 
742 143 115 
564 220 216 
656 157 187 
641 254 105 
554 200 246 
664 165 171 
719 204 77 
646 178 176 
577 224 199 
532 247 221 
578 192 230 
698 252 50 
520 227 253 
555 204 241 
604 180 216 
650 191 159 
599 200 201 
569 244 187 
619 262 119 
568 203 229 
653 153 194 
683 187 130 
671 229 100 
694 176 130 
620 187 193 
580 198 222 
630 265 105 
710 209 81 
606 173 221 
672 121 207 
607 264 129 
682 144 174 
734 185 81 
703 216 81 
720 164 116 
681 160 159 
559 204 237 
576 222 202 
696 232 72 
632 172 196 
720 160 120 
535 251 214 
580 233 187 
614 228 158 
634 227 139 
574 210 216 
530 240 230 
524 204 272 
691 198 111 
568 191 241 
587 224 189 
649 220 131 
678 222 100 
636 191 173 
641 239 120 
683 223 94 
706 161 133 
657 159 184 
679 215 106 
618 200 182 
706 234 60 
660 240 100 
642 219 139 
664 234 102 
784 155 61 
630 232 138 
645 172 183 
632 198 170 
575 228 197 
652 186 162 
676 208 116 
708 202 90 
594 156 250 
756 148 96 
677 168 155 
714 191 95 
567 156 277 
557 308 135 
597 170 233 
704 177 119 
610 161 229 
646 178 176 
644 251 105 
681 213 106 
826 91 83 
635 242 123 
703 212 85 
609 167 224 
729 190 81 
520 241 239 
710 166 124 
673 216 111 
550 181 269 
631 253 116 
579 170 251 
672 176 152 
622 183 195 
682 141 177 
748 91 161 
521 236 243 
600 215 185 
601 196 203 
624 201 175 
665 201 134 
698 199 103 
615 139 246 
597 168 235 
622 202 176 
668 184 148 
633 208 159 
596 273 131 
554 205 241 
589 284 127 
703 187 110 
694 124 182 
588 190 222 
624 199 177 
656 236 108 
623 250 127 
589 191 220 
633 210 157 
618 197 185 
663 184 153 
447 278 275 
630 242 128 
712 189 99 
601 224 175 
637 207 156 
771 150 79 
769 116 115 
634 252 114 
654 158 188 
561 215 224 
755 140 105 
624 249 127 
536 197 267 
652 257 91 
425 93 482 
649 202 149 
673 188 139 
579 321 100 
513 290 197 
531 149 320 
674 167 159 
602 168 230 
673 186 141 
742 186 72 
615 222 163 
542 211 247 
618 220 162 
648 145 207 
626 202 172 
522 164 314 
660 203 137 
605 211 184 
691 137 172 
658 206 136 
641 224 135 
508 273 219 
544 228 228 
715 134 151 
576 126 298 
622 214 164 
617 210 173 
728 159 113 
719 144 137 
634 202 164 
675 241 84 
667 197 136 
698 213 89 
553 175 272 
607 132 261 
677 184 139 
580 228 192 
645 212 143 
572 157 271 
691 165 144 
536 115 349 
575 192 233 
650 177 173 
533 220 247 
718 205 77 
718 235 47 
482 220 298 
633 224 143 
522 238 240 
546 246 208 
698 203 99 
660 223 117 
634 243 123 
576 246 178 
526 166 308 
659 120 221 
687 174 139 
594 231 175 
642 173 185 
706 163 131 
731 218 51 
589 191 220 
621 159 220 
559 218 223 
713 141 146 
735 180 85 
747 115 138 
673 169 158 
619 236 145 
584 287 129 
688 162 150 
696 157 147 
673 134 193 
682 116 202 
700 203 97 
664 181 155 
696 107 197 
613 219 168 
748 177 75 
640 138 222 
601 243 156 
606 241 153 
659 192 149 
729 180 91 
609 227 164 
660 225 115 
669 208 123 
642 215 143 
617 241 142 
643 121 236 
584 231 185 
642 196 162 
678 208 114 
562 206 232 
700 165 135 
654 200 146 
647 246 107 
680 193 127 
664 164 172 
637 223 140 
454 149 397 
647 174 179 
674 161 165 
751 140 109 
605 131 264 
478 222 300 
564 186 250 
691 187 122 
655 215 130 
720 191 89 
629 163 208 
717 189 94 
620 137 243 
614 276 110 
585 211 204 
503 215 282 
601 203 196 
668 156 176 
570 157 273 
625 195 180 
598 210 192 
670 212 118 
690 167 143 
604 201 195 
622 251 127 
547 217 236 
596 206 198 
671 182 147 
594 194 212 
532 182 286 
618 206 176 
621 246 133 
706 195 99 
661 111 228 
724 230 46 
515 231 254 
747 169 84 
683 170 147 
480 215 305 
584 172 244 
698 207 95 
641 224 135 
646 226 128 
396 161 443 
639 121 240 
692 191 117 
730 194 76 
696 191 113 
575 175 250 
547 204 249 
528 211 261 
631 202 167 
717 150 133 
702 208 90 
621 236 143 
544 246 210 
515 219 266 
604 249 147 
648 215 137 
626 183 191 
671 193 136 
683 193 124 
479 196 325 
711 172 117 
715 145 140 
655 170 175 
486 196 318 
654 205 141 
630 174 196 
720 144 136 
624 210 166 
722 151 127 
604 169 227 
643 202 155 
615 248 137 
522 180 298 
584 187 229 
657 235 108 
560 274 166 
626 198 176 
594 186 220 
700 167 133 
527 192 281 
710 142 148 
593 265 142 
810 134 56 
610 235 155 
584 215 201 
651 193 156 
759 188 53 
575 188 237 
566 236 198 
656 167 177 
636 149 215 
495 275 230 
705 218 77 
540 161 299 
694 154 152 
669 209 122 
705 181 114 
524 156 320 
635 225 140 
495 257 248 
641 226 133 
597 259 144 
655 201 144 
617 171 212 
574 283 143 
518 235 247 
615 167 218 
673 170 157 
677 190 133 
659 194 147 
561 299 140 
630 156 214 
676 233 91 
698 168 134 
736 180 84 
626 240 134 
614 211 175 
688 243 69 
675 191 134 
669 260 71 
584 263 153 
510 155 335 
596 301 103 
623 206 171 
640 259 101 
598 212 190 
707 191 102 
641 247 112 
636 178 186 
503 171 326 
554 199 247 
549 208 243 
651 139 210 
682 155 163 
518 221 261 
707 169 124 
588 215 197 
613 193 194 
736 157 107 
658 178 164 
576 225 199 
591 249 160 
579 208 213 
672 172 156 
714 184 102 
588 250 162 
566 192 242 
673 180 147 
559 208 233 
751 175 74 
568 224 208 
589 227 184 
589 212 199 
742 137 121 
679 175 146 
661 217 122 
548 244 208 
695 231 74 
616 286 98 
548 230 222 
555 247 198 
597 160 243 
720 173 107 
614 234 152 
582 259 159 
628 175 197 
584 241 175 
473 224 303 
491 323 186 
520 171 309 
620 186 194 
567 194 239 
591 267 142 
576 154 270 
698 139 163 
627 206 167 
669 211 120 
693 224 83 
596 179 225 
690 193 117 
621 251 128 
598 168 234 
762 163 75 
655 233 112 
642 235 123 
741 164 95 
648 162 190 
733 149 118 
584 218 198 
616 151 233 
674 217 109 
644 195 161 
575 244 181 
581 164 255 
736 153 111 
722 183 95 
568 253 179 
522 243 235 
746 191 63 
617 201 182 
594 167 239 
685 128 187 
566 239 195 
595 170 235 
511 201 288 
587 265 148 
684 204 112 
586 174 240 
572 240 188 
565 178 257 
745 172 83 
634 199 167 
685 210 105 
584 199 217 
679 146 175 
633 217 150 
601 210 189 
604 193 203 
719 187 94 
601 253 146 
659 200 141 
661 169 170 
715 209 76 
598 219 183 
555 225 220 
637 214 149 
631 248 121 
525 195 280 
698 203 99 
583 227 190 
640 169 191 
727 170 103 
634 202 164 
561 156 283 
635 143 222 
519 268 213 
666 246 88 
549 214 237 
610 200 190 
730 207 63 
588 224 188 
635 195 170 
514 203 283 
587 243 170 
572 196 232 
645 218 137 
620 182 198 
528 162 310 
752 147 101 
543 223 234 
533 190 277 
698 120 182 
712 117 171 
628 210 162 
686 143 171 
582 231 187 
680 201 119 
571 210 219 
503 189 308 
661 159 180 
494 144 362 
615 220 165 
577 158 265 
602 213 185 
573 163 264 
683 211 106 
623 152 225 
665 234 101 
593 226 181 
665 167 168 
758 167 75 
570 206 224 
646 209 145 
643 197 160 
628 189 183 
529 270 201 
732 199 69 
724 170 106 
577 197 226 
647 201 152 
611 214 175 
631 303 66 
598 297 105 
584 185 231 
657 242 101 
567 240 193 
510 194 296 
587 215 198 
716 185 99 
561 168 271 
622 197 181 
655 199 146 
638 211 151 
611 226 163 
669 241 90 
651 235 114 
693 230 77 
565 187 248 
620 189 191 
603 206 191 
610 209 181 
570 178 252 
544 200 256 
583 289 128 
650 184 166 
648 180 172 
638 230 132 
607 117 276 
686 228 86 
673 174 153 
604 274 122 
635 189 176 
520 164 316 
607 151 242 
456 193 351 
568 163 269 
598 264 138 
676 234 90 
575 280 145 
619 171 210 
657 187 156 
560 217 223 
707 144 149 
576 197 227 
689 179 132 
574 217 209 
652 224 124 
645 180 175 
715 190 95 
594 198 208 
742 134 124 
666 163 171 
689 178 133 
707 183 110 
701 207 92 
715 202 83 
656 269 75 
728 151 121 
758 144 98 
613 253 134 
687 174 139 
703 168 129 
567 230 203 
534 286 180 
642 158 200 
800 131 69 
722 212 66 
649 246 105 
706 207 87 
663 232 105 
680 184 136 
684 169 147 
617 137 246 
554 200 246 
663 195 142 
574 231 195 
570 223 207 
679 219 102 
633 227 140 
582 279 139 
539 189 272 
616 220 164 
741 155 104 
608 206 186 
639 205 156 
688 227 85 
573 287 140 
624 206 170 
692 260 48 
642 283 75 
703 182 115 
685 191 124 
593 221 186 
544 159 297 
715 197 88 
683 202 115 
516 283 201 
611 230 159 
628 241 131 
629 227 144 
616 267 117 
624 180 196 
687 125 188 
501 233 266 
618 196 186 
665 246 89 
585 231 184 
728 156 116 
631 154 215 
