0 635 8 0 0 
0 625 0 0 0 
0 709 0 0 0 
0 630 0 0 0 
0 655 3 0 0 
0 619 0 0 0 
0 663 0 0 0 
1 598 0 0 0 
1 668 0 0 0 
0 618 0 0 0 
0 549 0 0 0 
0 586 0 0 0 
0 603 11 0 0 
0 615 0 0 0 
0 473 0 0 0 
0 737 0 0 0 
12 604 0 0 0 
0 616 1 0 0 
0 674 0 0 0 
0 634 14 0 0 
0 704 0 0 0 
0 698 0 0 0 
0 498 35 0 0 
0 703 0 0 0 
0 563 0 0 0 
0 684 0 0 0 
0 574 0 0 0 
32 653 0 0 0 
0 553 12 0 0 
0 645 0 0 0 
0 662 25 0 0 
4 661 0 0 0 
0 661 0 0 0 
3 670 0 0 0 
0 574 0 0 0 
0 581 0 0 0 
0 594 0 0 0 
0 594 0 0 0 
0 644 0 0 0 
67 480 0 0 0 
0 714 0 0 0 
0 653 0 0 0 
0 535 0 0 0 
0 646 0 0 0 
0 653 0 0 0 
5 606 0 0 0 
0 647 0 0 0 
0 639 0 0 0 
0 686 0 0 0 
0 612 0 0 0 
0 512 24 0 0 
0 611 0 0 0 
0 498 28 0 0 
0 634 0 0 0 
11 547 0 0 0 
0 616 0 0 0 
0 649 0 0 0 
0 586 12 0 0 
0 592 0 0 0 
0 607 8 0 0 
0 610 0 0 0 
0 530 1 0 0 
14 605 28 0 0 
3 660 0 0 0 
4 593 15 0 0 
0 740 0 0 0 
0 653 7 0 0 
0 601 0 0 0 
9 611 0 0 0 
0 636 0 0 0 
0 687 0 0 0 
34 598 0 0 0 
0 495 0 0 0 
0 610 0 0 0 
0 652 0 0 0 
28 593 0 0 0 
33 587 0 0 0 
0 518 24 0 0 
0 560 0 0 0 
0 668 0 0 0 
0 632 0 0 0 
0 661 0 0 0 
0 598 0 0 0 
0 410 19 0 0 
0 554 0 0 0 
0 610 4 0 0 
0 534 0 0 0 
0 657 0 0 0 
0 666 0 0 0 
0 630 0 0 0 
0 680 0 0 0 
0 675 0 0 0 
7 620 1 0 0 
0 648 0 0 0 
2 725 0 0 0 
0 547 0 0 0 
0 564 0 0 0 
0 696 0 0 0 
0 593 0 0 0 
0 640 5 0 0 
0 630 0 0 0 
0 640 0 0 0 
0 604 0 0 0 
0 679 0 0 0 
0 672 0 0 0 
0 593 0 0 0 
0 507 0 0 0 
0 593 2 0 0 
0 620 0 0 0 
2 695 0 0 0 
0 687 0 0 0 
14 540 0 0 0 
1 694 0 0 0 
15 542 0 0 0 
0 600 0 0 0 
0 767 0 0 0 
0 658 0 0 0 
0 641 5 0 0 
0 646 0 0 0 
0 632 0 0 0 
43 564 0 0 0 
0 559 0 0 0 
0 657 0 0 0 
0 564 0 0 0 
0 643 0 0 0 
0 501 1 0 0 
0 289 0 0 0 
0 617 0 0 0 
0 660 0 0 0 
0 633 0 0 0 
0 608 0 0 0 
3 661 0 0 0 
0 640 0 0 0 
0 588 0 0 0 
2 657 0 0 0 
0 618 0 0 0 
0 568 0 0 0 
0 659 0 0 0 
0 692 0 0 0 
0 677 0 0 0 
0 606 19 0 0 
2 749 0 0 0 
0 614 0 0 0 
0 582 4 0 0 
0 601 0 0 0 
0 666 5 0 0 
0 638 0 0 0 
0 708 0 0 0 
0 651 0 0 0 
0 717 0 0 0 
0 716 0 0 0 
0 648 29 0 0 
0 628 0 0 0 
0 645 0 0 0 
0 688 0 0 0 
0 633 1 0 0 
0 662 0 0 0 
0 699 0 0 0 
0 626 0 0 0 
0 665 0 0 0 
0 669 0 0 0 
0 630 0 0 0 
0 549 0 0 0 
0 661 2 0 0 
0 460 0 0 0 
0 592 16 0 0 
0 551 22 0 0 
4 581 1 0 0 
0 585 21 0 0 
0 691 6 0 0 
0 654 0 0 0 
27 629 0 0 0 
0 665 0 0 0 
24 543 0 0 0 
0 477 0 0 0 
0 599 0 0 0 
0 606 0 0 0 
0 637 20 0 0 
0 623 0 0 0 
0 697 0 0 0 
0 625 19 0 0 
0 557 0 0 0 
0 682 0 0 0 
0 617 0 0 0 
0 628 3 0 0 
0 624 0 0 0 
0 589 3 0 0 
0 666 0 0 0 
0 575 0 0 0 
0 571 1 0 0 
0 612 0 0 0 
0 637 1 0 0 
0 608 0 0 0 
0 631 23 0 0 
0 651 0 0 0 
0 665 0 0 0 
0 585 16 0 0 
0 621 0 0 0 
0 559 0 0 0 
0 672 0 0 0 
0 730 0 0 0 
0 643 0 0 0 
0 660 0 0 0 
45 602 0 0 0 
0 620 0 0 0 
0 611 33 0 0 
0 634 0 0 0 
0 634 0 0 0 
0 657 0 0 0 
0 616 0 0 0 
0 677 0 0 0 
0 677 0 0 0 
0 702 0 0 0 
0 668 0 0 0 
0 576 0 0 0 
0 666 0 0 0 
1 601 0 0 0 
0 619 0 0 0 
0 616 0 0 0 
0 603 0 0 0 
0 583 0 0 0 
0 666 0 0 0 
0 699 0 0 0 
17 604 0 0 0 
0 702 0 0 0 
0 564 0 0 0 
0 580 0 0 0 
0 616 6 0 0 
0 635 0 0 0 
0 444 0 0 0 
0 628 9 0 0 
7 651 0 0 0 
0 609 1 0 0 
0 604 0 0 0 
0 618 0 0 0 
27 545 0 0 0 
0 609 0 0 0 
0 648 0 0 0 
0 504 19 0 0 
0 629 0 0 0 
0 664 0 0 0 
0 521 0 0 0 
0 645 0 0 0 
0 560 0 0 0 
0 619 0 0 0 
0 584 0 0 0 
0 553 0 0 0 
0 714 0 0 0 
0 675 0 0 0 
0 694 0 0 0 
2 591 0 0 0 
0 621 0 0 0 
28 480 0 0 0 
0 672 0 0 0 
0 691 0 0 0 
0 564 0 0 0 
0 624 0 0 0 
0 572 0 0 0 
0 672 0 0 0 
0 540 26 0 0 
0 576 0 0 0 
0 544 4 0 0 
0 547 0 0 0 
0 630 0 0 0 
0 677 0 0 0 
0 561 0 0 0 
14 529 0 0 0 
0 649 0 0 0 
0 611 10 0 0 
0 655 0 0 0 
0 477 0 0 0 
0 679 5 0 0 
0 668 0 0 0 
0 631 0 0 0 
32 580 4 0 0 
4 617 0 0 0 
0 657 0 0 0 
0 678 0 0 0 
0 664 9 0 0 
8 617 0 0 0 
0 562 28 0 0 
0 488 31 0 0 
10 536 0 0 0 
2 639 0 0 0 
0 654 0 0 0 
0 526 0 0 0 
0 627 0 0 0 
0 661 0 0 0 
0 704 0 0 0 
0 609 2 0 0 
0 603 0 0 0 
0 587 0 0 0 
0 641 0 0 0 
0 523 22 0 0 
0 501 0 0 0 
11 642 18 0 0 
0 466 0 0 0 
7 443 0 0 0 
0 622 2 0 0 
0 613 0 0 0 
1 541 14 0 0 
0 645 0 0 0 
1 653 0 0 0 
0 606 0 0 0 
6 609 6 0 0 
0 634 0 0 0 
0 685 0 0 0 
0 664 0 0 0 
0 626 0 0 0 
0 678 0 0 0 
1 592 0 0 0 
0 679 0 0 0 
0 586 32 0 0 
0 647 0 0 0 
0 652 0 0 0 
0 614 39 0 0 
0 609 0 0 0 
0 626 0 0 0 
0 683 0 0 0 
0 674 0 0 0 
0 659 0 0 0 
0 753 4 0 0 
0 492 0 0 0 
0 584 0 0 0 
0 692 0 0 0 
0 497 8 0 0 
0 685 0 0 0 
19 613 0 0 0 
0 604 0 0 0 
0 627 0 0 0 
0 711 0 0 0 
0 602 0 0 0 
14 569 0 0 0 
0 574 0 0 0 
0 604 0 0 0 
4 630 0 0 0 
0 678 0 0 0 
17 516 0 0 0 
0 700 0 0 0 
0 621 0 0 0 
0 631 12 0 0 
2 574 0 0 0 
0 676 0 0 0 
4 572 0 0 0 
0 631 1 0 0 
0 754 0 0 0 
0 639 0 0 0 
29 580 0 0 0 
0 656 0 0 0 
0 650 1 0 0 
0 647 0 0 0 
0 615 0 0 0 
1 603 0 0 0 
0 566 6 0 0 
0 679 0 0 0 
0 631 0 0 0 
0 650 0 0 0 
0 522 16 0 0 
0 485 0 0 0 
0 615 0 0 0 
0 604 0 0 0 
0 546 0 0 0 
2 670 0 0 0 
0 626 0 0 0 
0 546 0 0 0 
0 566 0 0 0 
0 617 0 0 0 
0 625 0 0 0 
0 672 13 0 0 
0 588 0 0 0 
2 682 0 0 0 
2 577 0 0 0 
0 550 24 0 0 
0 495 7 0 0 
0 582 0 0 0 
0 658 0 0 0 
0 648 0 0 0 
0 607 0 0 0 
18 604 0 0 0 
0 637 0 0 0 
0 674 0 0 0 
12 682 0 0 0 
0 646 0 0 0 
0 628 0 0 0 
0 541 2 0 0 
0 690 0 0 0 
0 641 0 0 0 
0 509 0 0 0 
0 623 0 0 0 
0 597 0 0 0 
0 586 0 0 0 
0 575 0 0 0 
1 654 0 0 0 
0 580 0 0 0 
0 689 0 0 0 
0 572 0 0 0 
0 674 0 0 0 
0 513 0 0 0 
0 713 0 0 0 
31 632 0 0 0 
0 494 0 0 0 
0 539 0 0 0 
8 536 0 0 0 
0 627 17 0 0 
0 700 0 0 0 
23 623 0 0 0 
0 636 0 0 0 
1 592 0 0 0 
0 654 0 0 0 
0 597 0 0 0 
3 650 0 0 0 
0 686 0 0 0 
0 684 0 0 0 
0 626 1 0 0 
0 621 0 0 0 
0 626 4 0 0 
0 608 0 0 0 
24 606 0 0 0 
12 555 0 0 0 
3 591 0 0 0 
0 649 0 0 0 
0 575 0 0 0 
0 576 0 0 0 
0 590 0 0 0 
0 652 0 0 0 
0 478 0 0 0 
36 536 0 0 0 
0 613 0 0 0 
3 589 0 0 0 
27 602 0 0 0 
0 587 7 0 0 
0 645 0 0 0 
1 512 0 0 0 
0 576 0 0 0 
0 566 0 0 0 
30 636 0 0 0 
0 696 0 0 0 
0 711 12 0 0 
0 621 0 0 0 
0 600 0 0 0 
4 591 0 0 0 
0 579 0 0 0 
0 588 7 0 0 
0 554 0 0 0 
0 637 0 0 0 
2 520 0 0 0 
0 658 0 0 0 
0 641 0 0 0 
0 591 5 0 0 
0 547 0 0 0 
0 698 0 0 0 
0 556 10 0 0 
0 641 7 0 0 
12 557 23 0 0 
0 615 0 0 0 
0 526 0 0 0 
0 560 0 0 0 
0 680 0 0 0 
1 603 8 0 0 
0 707 0 0 0 
0 616 0 0 0 
0 637 0 0 0 
0 628 0 0 0 
0 608 7 0 0 
0 591 0 0 0 
0 652 0 0 0 
0 657 0 0 0 
0 572 0 0 0 
0 460 0 0 0 
42 690 0 0 0 
0 699 0 0 0 
0 632 0 0 0 
7 604 0 0 0 
0 548 0 0 0 
0 644 0 0 0 
1 646 0 0 0 
0 620 0 0 0 
14 463 0 0 0 
0 378 0 0 0 
0 611 0 0 0 
0 638 0 0 0 
4 573 0 0 0 
4 579 3 0 0 
0 677 0 0 0 
0 603 0 0 0 
0 605 0 0 0 
0 574 0 0 0 
16 520 3 0 0 
7 570 0 0 0 
0 617 0 0 0 
0 677 0 0 0 
0 638 6 0 0 
0 717 0 0 0 
0 626 0 0 0 
0 705 0 0 0 
20 589 0 0 0 
0 655 0 0 0 
0 598 0 0 0 
0 627 0 0 0 
0 723 0 0 0 
1 632 0 0 0 
0 658 27 0 0 
0 582 0 0 0 
0 638 0 0 0 
0 692 0 0 0 
0 579 0 0 0 
0 655 0 0 0 
31 487 74 0 0 
0 687 0 0 0 
0 591 2 0 0 
20 614 0 0 0 
0 477 0 0 0 
0 549 0 0 0 
0 617 0 0 0 
12 560 0 0 0 
0 672 0 0 0 
0 526 0 0 0 
0 696 0 0 0 
0 555 7 0 0 
0 654 0 0 0 
0 665 0 0 0 
0 600 0 0 0 
0 640 0 0 0 
0 633 0 0 0 
0 644 0 0 0 
0 615 0 0 0 
5 629 0 0 0 
0 623 0 0 0 
0 620 0 0 0 
16 625 0 0 0 
0 524 0 0 0 
0 674 0 0 0 
8 541 0 0 0 
0 604 0 0 0 
0 637 0 0 0 
0 656 38 0 0 
0 515 0 0 0 
0 527 0 0 0 
0 698 0 0 0 
0 655 0 0 0 
0 556 1 0 0 
0 678 0 0 0 
0 612 0 0 0 
0 505 1 0 0 
0 702 0 0 0 
0 673 0 0 0 
0 601 0 0 0 
0 563 0 0 0 
0 524 0 0 0 
0 653 0 0 0 
0 607 0 0 0 
0 567 0 0 0 
1 670 0 0 0 
0 528 0 0 0 
0 621 0 0 0 
0 668 0 0 0 
0 612 5 0 0 
0 558 0 0 0 
0 694 0 0 0 
0 645 0 0 0 
0 731 0 0 0 
0 593 0 0 0 
2 630 0 0 0 
0 685 0 0 0 
6 639 0 0 0 
0 575 0 0 0 
0 597 0 0 0 
0 687 0 0 0 
0 594 0 0 0 
0 707 0 0 0 
0 694 0 0 0 
0 631 0 0 0 
34 525 1 0 0 
0 631 8 0 0 
0 624 13 0 0 
0 586 0 0 0 
16 638 0 0 0 
9 593 0 0 0 
0 567 0 0 0 
0 607 5 0 0 
0 653 0 0 0 
11 656 0 0 0 
0 688 3 0 0 
20 551 0 0 0 
0 522 15 0 0 
0 613 0 0 0 
0 590 0 0 0 
18 564 0 0 0 
0 602 0 0 0 
0 605 0 0 0 
0 628 0 0 0 
0 714 0 0 0 
1 649 0 0 0 
0 602 0 0 0 
0 684 0 0 0 
0 584 0 0 0 
0 667 0 0 0 
0 658 0 0 0 
0 634 0 0 0 
0 517 12 0 0 
22 561 0 0 0 
0 605 23 0 0 
8 675 0 0 0 
0 672 0 0 0 
0 629 0 0 0 
0 633 13 0 0 
0 631 0 0 0 
34 502 76 0 0 
0 598 0 0 0 
0 677 34 0 0 
0 606 0 0 0 
10 586 0 0 0 
0 494 0 0 0 
9 686 0 0 0 
0 536 0 0 0 
0 674 0 0 0 
0 625 2 0 0 
7 533 0 0 0 
0 655 0 0 0 
0 596 0 0 0 
0 655 0 0 0 
0 641 0 0 0 
2 610 0 0 0 
0 696 0 0 0 
0 725 0 0 0 
0 667 0 0 0 
0 618 0 0 0 
0 713 0 0 0 
0 669 0 0 0 
10 533 28 0 0 
0 514 0 0 0 
3 569 0 0 0 
0 621 0 0 0 
0 550 1 0 0 
0 587 0 0 0 
0 582 0 0 0 
0 610 50 0 0 
0 631 0 0 0 
0 608 0 0 0 
0 654 0 0 0 
0 723 0 0 0 
0 719 0 0 0 
0 647 0 0 0 
0 648 0 0 0 
0 593 0 0 0 
0 557 0 0 0 
0 667 0 0 0 
0 644 0 0 0 
0 667 0 0 0 
0 617 0 0 0 
20 584 0 0 0 
0 618 0 0 0 
0 619 0 0 0 
24 598 0 0 0 
0 721 0 0 0 
0 658 0 0 0 
0 739 0 0 0 
0 652 0 0 0 
0 611 0 0 0 
0 635 0 0 0 
0 639 0 0 0 
6 632 0 0 0 
0 650 0 0 0 
0 613 0 0 0 
0 691 0 0 0 
0 567 0 0 0 
0 630 0 0 0 
0 666 0 0 0 
0 721 0 0 0 
0 704 8 0 0 
0 685 0 0 0 
2 679 0 0 0 
0 624 0 0 0 
1 658 0 0 0 
19 608 1 0 0 
22 626 0 0 0 
0 599 0 0 0 
0 612 0 0 0 
4 615 0 0 0 
0 555 0 0 0 
0 620 0 0 0 
0 563 0 0 0 
0 630 0 0 0 
0 745 0 0 0 
1 582 38 0 0 
0 661 0 0 0 
0 656 0 0 0 
1 512 0 0 0 
0 650 0 0 0 
0 644 0 0 0 
0 529 0 0 0 
0 589 0 0 0 
2 604 0 0 0 
0 610 0 0 0 
0 746 0 0 0 
1 597 10 0 0 
0 576 0 0 0 
0 677 4 0 0 
0 605 0 0 0 
0 647 0 0 0 
0 726 0 0 0 
44 653 0 0 0 
0 701 0 0 0 
2 572 0 0 0 
0 635 3 0 0 
0 627 7 0 0 
12 699 0 0 0 
0 554 0 0 0 
0 629 25 0 0 
0 636 0 0 0 
36 462 32 0 0 
0 651 11 0 0 
0 664 0 0 0 
0 578 0 0 0 
0 487 0 0 0 
1 515 0 0 0 
0 564 9 0 0 
0 698 0 0 0 
0 678 0 0 0 
12 684 0 0 0 
0 671 0 0 0 
0 540 0 0 0 
0 667 0 0 0 
3 615 8 0 0 
0 685 0 0 0 
1 566 0 0 0 
0 618 0 0 0 
0 598 21 0 0 
26 651 0 0 0 
0 643 0 0 0 
0 681 0 0 0 
0 688 0 0 0 
0 429 0 0 0 
0 592 0 0 0 
0 686 0 0 0 
2 560 0 0 0 
0 604 0 0 0 
0 542 0 0 0 
0 638 0 0 0 
0 559 0 0 0 
0 549 0 0 0 
0 648 8 0 0 
92 432 0 0 0 
0 598 0 0 0 
2 680 0 0 0 
0 580 5 0 0 
0 628 0 0 0 
0 606 0 0 0 
0 560 0 0 0 
0 638 0 0 0 
0 618 8 0 0 
0 610 0 0 0 
0 638 0 0 0 
0 605 6 0 0 
6 690 0 0 0 
0 582 6 0 0 
41 576 0 0 0 
0 600 0 0 0 
0 590 0 0 0 
0 697 23 0 0 
0 578 2 0 0 
0 613 0 0 0 
1 612 0 0 0 
49 561 0 0 0 
0 648 0 0 0 
0 606 0 0 0 
0 628 0 0 0 
1 699 0 0 0 
0 654 0 0 0 
0 619 0 0 0 
0 563 0 0 0 
0 654 0 0 0 
0 616 0 0 0 
0 708 0 0 0 
0 595 0 0 0 
0 650 0 0 0 
0 703 0 0 0 
0 601 0 0 0 
0 636 0 0 0 
0 552 18 0 0 
0 704 0 0 0 
0 643 0 0 0 
0 699 0 0 0 
18 489 0 0 0 
0 667 0 0 0 
19 548 0 0 0 
0 593 0 0 0 
13 697 0 0 0 
0 592 0 0 0 
8 665 0 0 0 
0 647 0 0 0 
0 584 0 0 0 
7 648 0 0 0 
0 563 0 0 0 
0 648 0 0 0 
1 580 22 0 0 
0 586 12 0 0 
0 674 0 0 0 
0 605 0 0 0 
0 612 0 0 0 
0 581 0 0 0 
0 672 0 0 0 
0 560 0 0 0 
0 685 0 0 0 
0 599 7 0 0 
27 647 0 0 0 
0 603 0 0 0 
0 589 0 0 0 
0 641 0 0 0 
0 719 0 0 0 
0 604 0 0 0 
0 657 0 0 0 
0 459 0 0 0 
0 547 0 0 0 
17 604 0 0 0 
0 654 0 0 0 
0 596 0 0 0 
0 583 0 0 0 
0 656 0 0 0 
0 571 0 0 0 
12 595 0 0 0 
0 676 0 0 0 
0 679 0 0 0 
0 614 0 0 0 
0 618 0 0 0 
0 653 2 0 0 
8 625 0 0 0 
0 544 0 0 0 
6 586 0 0 0 
6 687 0 0 0 
0 653 0 0 0 
0 712 0 0 0 
8 656 0 0 0 
0 612 0 0 0 
0 658 0 0 0 
0 653 0 0 0 
0 639 0 0 0 
0 712 0 0 0 
0 658 0 0 0 
0 640 10 0 0 
0 648 0 0 0 
0 603 0 0 0 
0 572 0 0 0 
0 635 1 0 0 
0 574 0 0 0 
0 677 0 0 0 
0 617 10 0 0 
0 665 0 0 0 
0 628 0 0 0 
3 524 0 0 0 
0 649 0 0 0 
0 616 0 0 0 
0 720 0 0 0 
0 741 0 0 0 
0 669 4 0 0 
0 681 0 0 0 
3 614 0 0 0 
0 622 0 0 0 
0 606 33 0 0 
0 612 19 0 0 
0 600 0 0 0 
0 615 0 0 0 
2 582 1 0 0 
26 643 0 0 0 
0 611 0 0 0 
0 594 0 0 0 
0 603 0 0 0 
0 640 0 0 0 
2 648 0 0 0 
0 708 0 0 0 
0 631 0 0 0 
0 634 8 0 0 
0 637 0 0 0 
0 569 14 0 0 
0 561 0 0 0 
0 593 3 0 0 
0 600 0 0 0 
0 592 0 0 0 
0 533 1 0 0 
20 514 0 0 0 
0 569 0 0 0 
0 630 0 0 0 
0 703 0 0 0 
0 574 6 0 0 
0 740 0 0 0 
0 648 0 0 0 
0 601 0 0 0 
1 612 0 0 0 
0 592 0 0 0 
0 613 5 0 0 
0 630 65 0 0 
0 666 0 0 0 
18 606 0 0 0 
0 604 0 0 0 
0 611 0 0 0 
0 608 0 0 0 
0 551 22 0 0 
0 570 10 0 0 
0 688 0 0 0 
0 635 0 0 0 
0 677 0 0 0 
0 587 0 0 0 
0 661 1 0 0 
0 633 0 0 0 
0 589 0 0 0 
4 609 0 0 0 
0 584 0 0 0 
0 671 0 0 0 
0 695 8 0 0 
3 657 0 0 0 
0 686 0 0 0 
0 606 0 0 0 
0 549 36 0 0 
0 617 0 0 0 
0 648 0 0 0 
0 560 13 0 0 
0 596 0 0 0 
0 529 0 0 0 
0 501 25 0 0 
42 506 0 0 0 
0 705 0 0 0 
0 668 0 0 0 
0 597 0 0 0 
0 470 0 0 0 
0 692 0 0 0 
0 543 0 0 0 
0 605 1 0 0 
0 630 0 0 0 
0 588 13 0 0 
0 683 0 0 0 
0 443 17 0 0 
14 498 11 0 0 
0 549 0 0 0 
0 630 0 0 0 
0 688 0 0 0 
0 615 1 0 0 
0 560 0 0 0 
0 572 0 0 0 
25 562 0 0 0 
0 678 0 0 0 
0 583 0 0 0 
0 575 14 0 0 
0 686 6 0 0 
0 655 0 0 0 
0 633 0 0 0 
0 653 8 0 0 
0 636 0 0 0 
0 662 0 0 0 
0 652 1 0 0 
0 715 0 0 0 
0 691 0 0 0 
6 453 0 0 0 
0 716 0 0 0 
9 716 0 0 0 
0 715 5 0 0 
25 677 10 0 0 
22 624 0 0 0 
0 629 7 0 0 
0 603 0 0 0 
0 653 0 0 0 
0 685 0 0 0 
0 652 0 0 0 
0 681 0 0 0 
11 561 0 0 0 
0 615 0 0 0 
0 698 0 0 0 
0 584 0 0 0 
11 692 0 0 0 
0 662 0 0 0 
1 569 0 0 0 
0 662 0 0 0 
0 640 0 0 0 
13 538 10 0 0 
0 607 0 0 0 
0 639 0 0 0 
0 551 0 0 0 
0 653 0 0 0 
0 616 0 0 0 
19 547 1 0 0 
0 626 0 0 0 
0 644 0 0 0 
0 581 22 0 0 
0 580 0 0 0 
0 531 8 0 0 
1 630 0 0 0 
0 589 0 0 0 
0 653 2 0 0 
3 571 50 0 0 
0 669 0 0 0 
0 680 0 0 0 
0 587 0 0 0 
7 627 0 0 0 
10 636 0 0 0 
0 700 0 0 0 
0 706 0 0 0 
1 606 0 0 0 
14 557 5 0 0 
0 661 0 0 0 
0 636 1 0 0 
0 697 0 0 0 
