119 199 75 0 0 
151 336 15 0 0 
134 184 42 29 0 
41 226 38 0 0 
92 227 19 0 0 
76 244 1 20 0 
267 330 2 0 0 
95 228 36 0 0 
50 298 47 0 0 
58 223 67 22 0 
85 175 68 0 0 
235 70 66 0 0 
83 248 65 0 0 
101 278 46 0 0 
120 144 90 0 0 
145 359 9 0 0 
146 134 83 1 0 
86 280 32 9 0 
146 108 81 9 0 
40 303 48 0 0 
71 234 78 0 0 
174 182 44 0 0 
110 221 28 0 0 
53 190 73 0 0 
135 306 18 0 0 
83 266 11 2 0 
172 240 45 0 0 
80 365 85 0 0 
255 223 62 0 0 
96 274 49 0 0 
150 273 31 0 0 
86 210 75 4 0 
141 199 78 0 0 
39 208 69 0 0 
158 291 7 2 0 
54 287 63 0 0 
93 229 50 0 0 
35 184 75 0 0 
137 269 38 0 0 
135 192 50 0 0 
60 331 66 3 0 
98 221 5 0 0 
169 210 118 0 0 
29 215 82 0 0 
151 106 37 0 0 
142 184 3 0 0 
50 234 36 0 0 
79 255 67 0 0 
104 301 18 0 0 
118 276 29 6 0 
137 212 83 0 0 
79 387 52 0 0 
112 227 46 0 0 
136 249 30 5 0 
138 227 42 0 0 
179 215 50 0 0 
99 239 20 4 0 
171 116 29 0 0 
168 257 27 2 0 
69 306 33 3 0 
143 207 72 0 0 
96 270 33 0 0 
80 203 10 0 0 
143 196 69 23 0 
133 311 50 0 0 
53 217 65 0 0 
42 321 19 2 0 
32 368 38 4 0 
120 242 51 0 0 
68 218 135 0 0 
111 193 17 0 0 
66 325 33 0 0 
182 229 3 0 0 
112 208 51 0 0 
101 222 40 0 0 
138 253 95 0 0 
152 191 17 0 0 
150 167 26 0 0 
124 177 76 1 0 
105 245 20 0 0 
217 322 14 0 0 
114 298 131 8 0 
131 206 64 0 0 
172 175 160 0 0 
68 220 116 0 0 
56 223 89 0 0 
149 180 76 0 0 
151 299 29 0 0 
101 261 57 0 0 
88 267 105 0 0 
69 187 80 0 0 
218 154 81 0 0 
63 152 37 0 0 
109 233 17 0 0 
71 177 37 0 0 
113 252 74 0 0 
162 163 69 0 0 
144 202 66 0 0 
162 182 61 0 0 
114 289 36 0 0 
102 218 83 0 0 
136 215 44 5 0 
46 343 64 0 0 
144 262 61 0 0 
143 142 48 0 0 
160 293 46 1 0 
57 204 38 0 0 
119 394 3 0 0 
100 148 54 7 0 
70 195 141 10 0 
86 162 52 0 0 
161 232 43 0 0 
30 331 127 0 0 
149 251 52 0 0 
118 252 167 0 0 
128 256 47 0 0 
233 135 59 0 0 
112 229 41 0 0 
60 281 38 0 0 
122 259 30 0 0 
167 192 89 0 0 
156 297 24 0 0 
189 148 91 2 0 
60 232 72 0 0 
107 271 57 0 0 
150 181 70 0 0 
177 257 16 23 0 
65 178 129 4 0 
93 257 42 1 0 
135 263 94 0 0 
123 159 135 0 0 
91 226 54 0 0 
92 304 50 2 0 
72 250 36 3 0 
86 303 64 0 0 
146 245 121 0 0 
146 229 30 0 0 
133 174 23 5 0 
165 307 35 0 0 
102 203 45 0 0 
160 153 87 0 0 
37 303 15 0 0 
137 253 41 0 0 
80 276 64 0 0 
69 153 96 0 0 
86 131 93 0 0 
146 243 24 0 0 
80 326 43 0 0 
175 142 36 0 0 
67 266 84 4 0 
179 280 8 0 0 
121 175 23 1 0 
91 184 41 0 0 
71 239 64 0 0 
67 197 13 0 0 
91 144 38 0 0 
133 228 23 0 0 
140 224 40 0 0 
58 275 42 0 0 
154 260 38 0 0 
83 116 72 14 0 
131 222 59 0 0 
111 265 49 0 0 
134 175 34 8 0 
53 209 103 0 0 
72 134 32 0 0 
45 333 56 38 0 
21 262 78 0 0 
93 169 123 4 0 
39 181 81 0 0 
159 274 27 0 0 
243 254 58 0 0 
128 241 82 0 0 
137 389 24 0 0 
119 180 81 19 0 
70 192 84 0 0 
56 291 75 0 0 
143 217 70 0 0 
90 97 26 0 0 
127 193 32 0 0 
170 222 67 4 0 
58 263 152 0 0 
45 394 81 6 0 
117 219 52 0 0 
70 232 58 0 0 
133 294 85 0 0 
74 164 67 0 0 
119 130 74 0 0 
99 238 65 0 0 
154 185 100 0 0 
165 186 34 1 0 
91 357 90 0 0 
90 241 59 0 0 
211 109 43 0 0 
178 217 31 17 0 
111 163 116 0 0 
146 156 73 0 0 
130 241 36 2 0 
272 196 18 0 0 
88 206 16 0 0 
134 294 25 0 0 
113 331 23 0 0 
71 220 75 6 0 
98 143 20 0 0 
90 241 16 0 0 
93 310 37 0 0 
161 275 36 5 0 
76 224 108 6 0 
164 130 55 0 0 
129 223 15 0 0 
241 154 29 0 0 
144 211 20 5 0 
170 152 114 0 0 
111 289 45 0 0 
171 302 40 0 0 
177 220 72 0 0 
63 261 57 18 0 
131 216 59 1 0 
71 200 21 0 0 
46 218 39 0 0 
211 188 58 0 0 
95 254 36 0 0 
162 176 105 0 0 
162 299 32 0 0 
146 194 68 9 0 
146 233 24 0 0 
105 235 9 0 0 
100 223 61 0 0 
259 268 41 0 0 
187 111 55 0 0 
80 333 68 0 0 
133 247 93 0 0 
99 261 38 0 0 
72 173 45 2 0 
127 242 42 12 0 
144 300 53 0 0 
98 303 16 0 0 
196 162 12 1 0 
207 172 2 1 16 
182 177 35 0 0 
93 229 117 0 0 
66 225 28 0 0 
146 371 15 0 0 
122 158 60 0 2 
86 279 43 0 0 
154 163 81 0 0 
263 174 81 0 0 
96 195 70 0 0 
83 225 12 0 0 
176 262 53 0 0 
113 277 74 0 0 
82 185 81 0 0 
174 217 36 0 0 
112 158 50 0 0 
294 268 16 0 0 
46 219 36 0 0 
191 348 29 0 0 
102 214 122 0 0 
179 191 48 6 0 
130 109 84 0 0 
59 297 46 5 0 
136 180 7 0 0 
126 237 59 0 0 
81 272 138 0 0 
134 185 12 0 0 
131 303 97 0 0 
143 284 29 0 0 
150 191 87 0 0 
78 238 67 1 0 
180 207 35 0 0 
99 280 39 0 0 
47 293 47 0 0 
70 156 34 0 0 
122 274 56 0 0 
158 207 49 0 0 
108 171 97 0 0 
110 189 90 1 0 
146 286 33 0 0 
94 258 100 31 0 
123 207 47 0 0 
63 212 138 0 0 
194 182 96 0 0 
100 324 26 0 0 
104 290 46 0 0 
104 275 40 0 0 
168 108 75 0 0 
152 305 31 1 0 
172 276 77 0 0 
87 203 65 0 0 
84 394 33 0 0 
144 286 4 0 0 
164 241 79 0 0 
141 253 91 0 0 
120 208 115 0 0 
51 279 60 0 0 
54 305 71 0 0 
86 240 62 0 0 
134 314 75 8 0 
83 194 83 0 0 
198 183 37 0 0 
231 158 18 0 0 
186 185 24 0 0 
155 276 60 0 0 
111 106 11 0 0 
240 159 59 0 0 
140 201 1 0 0 
150 133 87 0 0 
173 300 54 0 0 
49 280 78 0 0 
123 254 50 0 0 
79 299 22 0 0 
138 183 122 0 0 
147 175 73 0 0 
78 237 56 0 0 
71 259 56 0 0 
133 224 79 0 0 
190 192 67 0 0 
34 257 36 1 0 
97 245 52 0 0 
111 290 86 0 0 
16 197 102 0 0 
172 214 46 0 0 
40 229 128 0 0 
128 244 77 0 0 
103 260 34 1 0 
102 230 118 0 0 
92 255 33 19 0 
96 332 20 0 0 
114 173 16 4 0 
162 322 49 1 0 
69 282 113 0 0 
34 147 125 0 0 
125 236 55 1 0 
87 214 49 0 0 
84 185 132 0 0 
86 179 44 4 0 
124 270 16 0 0 
158 226 86 0 0 
216 226 35 0 0 
80 172 92 0 0 
181 136 27 1 0 
140 123 73 0 0 
30 242 60 0 0 
182 248 30 0 0 
72 177 96 0 0 
56 290 70 0 0 
148 161 49 0 0 
116 117 57 0 0 
106 214 131 0 0 
158 190 13 0 0 
141 326 94 0 0 
23 305 61 0 0 
141 279 92 0 0 
75 271 47 0 0 
124 245 78 4 0 
186 236 70 0 0 
110 232 58 10 0 
79 322 73 0 0 
116 91 66 0 0 
96 249 120 0 0 
100 260 14 21 0 
80 177 68 0 0 
79 204 82 0 0 
161 269 89 0 0 
136 333 33 6 0 
152 306 86 0 0 
52 209 107 0 0 
263 201 53 0 0 
159 183 19 0 0 
237 202 58 1 0 
161 242 39 0 0 
29 342 20 0 0 
227 138 13 0 0 
115 241 35 0 0 
107 202 42 0 0 
106 287 103 0 0 
21 379 106 10 0 
124 166 24 0 0 
132 172 128 0 0 
142 133 75 0 0 
57 245 118 0 0 
120 168 17 0 0 
149 241 37 0 0 
180 157 46 0 0 
86 332 84 0 0 
91 270 126 0 0 
172 155 53 0 0 
227 208 90 0 0 
164 255 75 0 0 
100 225 67 6 0 
148 210 17 0 0 
93 248 45 1 0 
78 248 50 0 0 
80 213 79 0 0 
68 389 47 0 0 
23 289 88 0 0 
189 137 61 3 0 
125 282 67 0 0 
59 216 46 0 0 
181 148 74 23 0 
151 279 50 4 0 
190 209 94 0 0 
67 244 27 0 0 
157 124 25 0 0 
104 268 74 0 0 
65 326 58 0 0 
63 240 38 0 0 
135 186 91 4 0 
92 178 54 0 0 
60 238 129 25 0 
156 234 92 0 0 
35 133 56 0 0 
119 250 66 0 0 
143 213 69 0 0 
138 238 72 11 0 
112 213 95 0 0 
143 303 75 0 0 
105 255 116 0 0 
91 237 91 0 0 
30 249 78 0 0 
107 258 67 15 0 
53 206 82 0 0 
154 235 73 0 0 
66 283 114 0 0 
146 278 5 2 0 
162 163 68 7 0 
225 155 120 0 0 
82 378 13 0 0 
86 279 113 0 0 
144 296 68 0 0 
167 258 8 0 0 
48 300 73 0 0 
169 167 51 0 0 
230 192 42 0 0 
116 227 15 0 0 
131 353 37 0 0 
98 261 26 0 0 
141 354 37 0 0 
168 276 48 73 0 
89 235 17 0 0 
185 212 15 0 0 
165 211 54 0 0 
150 298 25 0 0 
63 284 52 6 0 
63 246 70 41 0 
103 284 35 0 0 
51 276 93 9 0 
143 217 22 0 0 
104 335 32 0 0 
147 195 32 1 0 
89 184 139 0 0 
85 266 73 2 0 
49 287 23 0 0 
83 266 39 4 0 
114 253 63 0 0 
119 221 41 0 0 
140 151 73 1 0 
113 187 29 0 0 
154 335 72 0 0 
91 267 46 0 0 
118 289 87 1 0 
166 262 9 0 0 
75 228 76 0 0 
27 191 65 0 0 
103 42 115 9 0 
121 218 53 0 0 
102 200 54 4 0 
151 140 70 0 0 
194 210 32 0 0 
100 196 168 1 0 
57 247 69 0 0 
117 223 32 0 0 
76 326 36 0 0 
144 299 44 0 0 
35 276 58 0 0 
155 235 10 0 0 
135 294 72 0 0 
95 315 26 0 0 
34 255 14 0 0 
78 190 79 3 0 
121 330 31 0 0 
111 315 60 0 0 
162 355 20 4 0 
62 309 42 0 0 
45 183 130 8 0 
86 344 79 0 0 
106 344 47 0 0 
158 287 98 0 0 
57 283 32 0 0 
373 145 78 1 0 
113 168 71 14 0 
92 227 24 0 0 
105 300 41 0 0 
219 209 34 1 0 
123 228 131 0 0 
213 235 21 0 0 
110 162 150 0 0 
160 169 35 0 0 
83 242 21 4 0 
118 242 39 0 0 
142 203 103 0 0 
78 364 20 0 0 
168 268 14 3 0 
81 238 41 0 0 
124 291 8 0 0 
98 312 56 0 0 
141 194 31 4 0 
105 206 52 0 0 
106 223 32 0 0 
122 221 69 0 0 
148 227 67 0 0 
136 189 108 2 0 
145 173 79 0 0 
254 269 32 41 0 
119 276 65 0 0 
151 225 25 0 0 
104 191 8 0 0 
100 314 49 0 0 
235 210 56 0 0 
126 193 102 0 0 
132 170 51 2 0 
149 206 23 1 0 
118 335 41 0 0 
108 261 39 0 0 
126 207 42 43 0 
120 197 92 0 0 
105 284 49 5 0 
238 194 79 0 0 
76 249 74 0 0 
104 221 38 0 0 
120 288 78 0 0 
52 261 28 14 0 
78 188 67 0 0 
120 227 66 0 0 
88 269 125 2 0 
146 325 19 0 0 
112 214 2 0 0 
184 309 48 0 0 
131 145 94 0 0 
73 361 41 0 0 
97 215 16 12 0 
114 356 25 0 0 
116 325 41 0 0 
164 89 9 0 0 
164 180 24 24 0 
127 222 25 0 0 
119 219 98 0 0 
183 106 108 0 0 
86 259 35 0 0 
280 307 11 0 0 
130 319 39 0 0 
304 199 24 0 0 
163 239 8 0 0 
206 227 73 0 0 
81 145 77 0 0 
170 124 132 0 0 
123 184 84 3 0 
118 323 36 0 0 
102 213 36 0 0 
165 266 27 2 0 
104 324 16 11 0 
169 230 19 0 0 
157 161 83 1 0 
24 165 62 2 0 
86 239 47 2 0 
61 290 102 4 0 
93 266 37 0 0 
88 257 39 0 0 
76 447 22 0 0 
56 254 70 10 0 
130 207 36 0 0 
112 343 27 0 0 
70 116 61 0 0 
37 188 80 0 0 
83 228 88 0 0 
120 240 53 0 0 
122 252 59 32 0 
96 267 39 0 0 
240 193 11 0 0 
148 241 46 0 0 
187 265 16 0 0 
90 230 61 0 0 
59 192 75 0 0 
80 259 47 0 0 
126 289 30 1 0 
50 260 51 0 0 
59 283 93 0 0 
138 241 65 2 0 
173 231 56 2 0 
112 299 35 2 0 
76 220 88 0 0 
122 198 105 0 0 
151 196 16 0 0 
108 163 100 0 0 
153 124 49 0 0 
126 234 29 1 0 
80 162 48 0 0 
157 170 79 1 0 
127 314 35 0 0 
107 231 75 0 0 
74 292 40 0 0 
151 176 91 0 0 
269 253 24 0 0 
71 199 16 1 0 
63 197 58 0 0 
127 217 66 0 0 
198 262 38 3 0 
125 152 33 23 0 
225 227 30 8 0 
162 232 56 0 0 
175 186 75 0 0 
93 218 93 0 0 
121 291 24 29 0 
141 191 95 0 0 
184 92 118 0 0 
108 230 41 0 0 
225 167 22 0 0 
68 205 17 0 0 
43 275 93 0 0 
99 272 97 0 0 
70 372 83 0 0 
166 159 111 0 0 
159 338 26 0 0 
119 243 27 0 0 
125 134 64 0 0 
137 179 112 0 0 
189 176 4 0 0 
312 188 0 0 0 
148 316 37 1 0 
59 233 81 0 0 
162 259 60 0 0 
159 156 28 38 0 
93 227 76 5 0 
124 333 26 2 0 
14 283 29 18 0 
118 210 62 0 0 
56 184 25 2 0 
58 185 133 0 0 
147 356 37 0 0 
109 154 142 0 0 
151 290 71 0 0 
186 149 44 0 0 
72 191 29 1 0 
38 301 28 0 0 
115 335 33 0 0 
122 293 94 0 0 
147 268 67 0 0 
93 133 142 0 0 
107 254 93 7 0 
174 158 46 4 0 
74 237 117 0 0 
101 264 31 0 0 
100 341 58 0 0 
86 205 70 1 0 
87 379 58 12 0 
98 268 92 0 0 
115 329 45 0 0 
161 220 72 0 0 
42 339 99 0 0 
161 250 74 0 0 
122 305 90 9 0 
143 179 42 0 0 
66 291 8 15 0 
92 245 89 0 0 
54 271 26 0 0 
126 238 94 0 0 
51 185 35 4 0 
49 340 53 1 0 
208 87 23 0 0 
123 139 41 0 0 
83 243 82 0 0 
106 202 96 0 0 
98 270 65 0 0 
51 212 63 0 0 
48 180 75 0 0 
71 335 6 0 0 
236 175 16 0 0 
97 301 50 2 0 
143 140 45 0 0 
123 205 74 0 0 
185 215 18 0 0 
130 382 15 1 0 
200 152 18 1 0 
103 276 72 0 0 
104 234 35 0 0 
161 248 98 0 0 
76 323 81 9 0 
108 397 20 0 0 
103 169 35 3 0 
130 251 77 0 0 
167 310 1 0 0 
157 208 65 43 0 
150 290 52 0 0 
89 300 19 0 0 
133 170 94 0 0 
137 328 17 0 0 
75 187 47 0 0 
117 240 74 0 0 
186 231 55 0 0 
76 225 65 0 0 
220 228 92 0 0 
76 290 39 0 0 
97 251 69 0 0 
101 246 27 0 0 
104 361 6 0 0 
50 203 35 0 0 
175 110 60 10 0 
167 266 4 0 0 
79 231 73 0 0 
34 243 116 4 0 
123 204 65 0 0 
98 197 30 0 0 
122 152 41 0 0 
82 235 31 13 0 
162 148 34 0 0 
65 231 54 0 0 
132 415 56 2 0 
64 336 47 0 0 
87 257 82 0 0 
108 334 74 0 0 
141 258 44 0 0 
150 252 26 2 0 
126 244 87 0 0 
130 171 61 0 0 
290 84 29 0 0 
82 265 23 42 0 
190 331 22 0 0 
144 197 87 0 0 
173 127 4 1 3 
177 324 26 7 0 
59 340 110 0 0 
160 228 58 0 0 
69 202 29 0 0 
46 240 75 0 0 
139 125 51 0 0 
109 286 67 0 0 
287 61 45 1 0 
161 192 73 1 0 
92 328 93 0 0 
150 167 9 0 0 
185 202 25 0 0 
191 183 24 38 0 
60 390 24 0 0 
75 178 48 19 0 
65 167 68 0 0 
141 214 28 0 0 
179 122 72 0 0 
127 170 103 0 0 
126 159 44 0 0 
194 239 26 0 0 
51 268 36 0 0 
141 217 47 0 0 
158 261 60 0 0 
108 226 44 0 0 
130 310 1 0 0 
134 248 28 0 0 
132 215 64 0 0 
294 214 67 0 0 
96 233 39 0 0 
115 241 66 0 0 
41 225 92 0 0 
138 169 38 0 0 
81 347 30 0 0 
34 297 25 0 0 
125 272 87 0 0 
118 423 23 1 0 
199 205 4 0 0 
248 151 18 14 0 
137 292 39 0 0 
102 241 156 0 0 
80 189 59 0 0 
106 297 55 1 0 
143 295 44 0 0 
123 226 42 0 0 
162 178 33 0 0 
148 105 126 0 0 
136 255 67 0 0 
113 147 3 0 0 
72 257 42 0 0 
140 248 6 0 0 
181 263 61 15 0 
149 220 98 0 0 
202 234 43 0 0 
126 242 15 0 0 
195 253 108 0 0 
115 262 24 0 0 
132 171 130 0 0 
115 189 29 8 0 
97 260 47 0 0 
74 301 49 1 0 
59 280 23 3 0 
147 128 135 0 0 
98 186 63 0 0 
119 241 86 0 0 
155 100 39 0 0 
98 176 63 0 0 
190 198 41 0 0 
103 278 33 0 0 
55 304 34 0 0 
86 188 106 18 0 
80 249 48 0 0 
142 290 42 0 0 
95 249 81 0 0 
312 252 71 0 0 
31 354 116 0 0 
97 252 101 1 0 
101 334 92 0 0 
113 252 120 0 0 
33 281 86 0 0 
68 229 66 0 0 
104 278 47 1 0 
155 344 74 0 0 
65 227 44 2 0 
81 225 85 0 0 
94 197 24 0 0 
126 198 74 1 0 
35 273 44 0 0 
121 161 48 0 0 
101 249 130 0 0 
110 320 19 0 0 
48 324 15 0 0 
35 237 56 0 0 
177 173 19 0 0 
123 204 48 0 0 
90 308 47 34 0 
147 232 26 0 0 
182 241 56 6 0 
89 187 41 0 0 
117 177 108 0 0 
229 262 38 2 0 
132 224 12 0 0 
56 230 81 4 0 
77 426 62 3 0 
152 296 91 1 0 
105 189 57 0 0 
67 441 10 0 0 
161 217 104 0 0 
127 165 22 0 0 
147 261 20 1 0 
72 266 38 8 0 
161 321 13 31 0 
148 258 89 0 0 
151 227 17 0 0 
103 256 21 0 0 
84 153 85 22 0 
203 193 14 0 0 
166 225 27 0 0 
111 288 52 0 0 
104 269 30 0 0 
166 195 37 0 0 
289 200 68 1 0 
63 317 20 0 0 
97 242 7 0 0 
76 169 12 0 0 
92 340 73 0 0 
59 405 48 0 0 
66 206 79 0 0 
50 214 112 0 0 
103 134 124 0 0 
69 190 99 0 0 
142 168 31 0 0 
70 276 29 0 0 
71 173 46 0 0 
85 224 57 0 0 
39 258 34 4 0 
154 169 16 2 0 
189 235 52 0 0 
142 319 33 0 0 
177 182 36 2 0 
126 199 43 0 0 
94 165 89 12 0 
120 259 45 5 0 
92 298 93 18 0 
133 214 16 0 0 
151 108 52 0 0 
75 315 55 1 0 
87 256 113 0 0 
133 194 66 0 0 
163 225 43 0 0 
141 195 88 0 0 
92 315 74 0 0 
100 196 117 0 0 
131 225 46 0 0 
63 207 88 0 0 
185 184 39 0 0 
127 268 54 0 0 
63 212 71 1 0 
169 169 32 0 0 
73 312 41 0 0 
129 173 5 0 0 
26 336 21 0 0 
197 191 134 0 0 
147 111 23 10 0 
172 315 5 0 0 
173 174 70 14 0 
116 304 15 0 0 
104 189 61 26 0 
140 332 110 12 0 
197 186 30 0 0 
75 187 119 0 0 
130 241 53 11 0 
71 237 95 0 0 
137 175 131 0 0 
109 258 27 0 0 
34 258 7 1 0 
71 225 47 0 0 
171 234 46 0 0 
59 280 43 0 0 
171 146 98 7 0 
89 369 47 0 0 
81 206 61 7 0 
125 216 56 0 0 
108 235 30 0 0 
183 172 121 10 0 
103 271 143 11 0 
113 166 12 8 0 
127 262 14 0 0 
97 270 74 0 0 
204 212 41 0 0 
66 179 86 0 0 
130 200 33 0 0 
128 144 28 0 0 
164 168 42 0 0 
133 192 53 1 0 
119 189 46 0 0 
98 278 23 0 0 
145 187 132 0 0 
116 268 62 14 0 
251 163 16 0 0 
89 187 81 0 0 
150 186 60 4 0 
116 221 69 0 0 
118 214 81 0 0 
148 206 34 1 0 
103 312 43 0 0 
67 271 19 0 0 
120 122 60 0 0 
185 135 103 31 0 
193 191 56 0 0 
245 258 2 1 0 
153 192 39 0 0 
131 158 44 0 0 
136 139 49 16 0 
189 184 39 0 0 
104 154 83 10 0 
143 245 25 2 0 
137 270 21 0 0 
106 219 36 1 0 
131 190 87 0 0 
195 223 28 0 0 
80 228 32 0 0 
96 185 41 0 0 
91 155 69 28 0 
218 191 6 0 0 
121 236 20 0 0 
110 190 31 0 0 
70 242 121 0 0 
87 333 33 0 0 
177 207 53 0 0 
140 155 78 0 0 
125 250 41 0 0 
81 376 57 0 0 
64 235 73 39 0 
109 164 115 0 0 
117 142 84 6 0 
112 171 32 0 0 
62 157 27 0 0 
183 268 17 0 0 
171 244 67 0 0 
95 235 9 0 0 
178 196 69 0 0 
102 184 50 0 0 
76 228 34 0 0 
137 266 154 0 0 
24 295 77 14 0 
103 169 35 3 0 
63 238 46 0 0 
85 179 87 0 0 
114 343 137 0 0 
110 216 51 0 0 
226 181 85 8 0 
75 215 103 0 0 
173 153 112 0 0 
101 185 132 22 0 
121 221 124 0 0 
102 271 85 6 0 
176 269 60 0 0 
72 270 56 0 0 
129 233 60 0 0 
152 138 76 20 0 
174 151 57 10 0 
114 215 19 0 0 
91 197 36 0 0 
141 190 3 5 0 
117 223 95 0 0 
122 180 51 0 0 
60 289 41 0 0 
85 232 52 0 0 
106 222 25 0 0 
218 180 3 15 0 
