0 172 5 
0 227 29 
0 203 11 
0 269 36 
0 171 21 
0 189 3 
0 235 17 
0 252 1 
0 182 6 
0 253 25 
0 202 6 
0 199 31 
0 237 7 
0 253 20 
0 250 15 
0 201 11 
0 216 17 
0 175 17 
0 243 18 
0 173 21 
0 243 4 
0 239 24 
0 212 1 
0 248 2 
0 203 8 
0 235 79 
0 208 15 
0 208 20 
0 245 24 
0 228 30 
0 253 7 
0 243 6 
0 209 13 
0 221 31 
0 217 17 
0 206 2 
0 270 8 
0 337 5 
0 217 39 
0 174 7 
0 215 15 
0 185 21 
0 180 6 
0 245 2 
0 200 44 
0 241 6 
0 263 4 
0 214 2 
0 170 17 
0 194 32 
0 219 10 
0 163 18 
0 233 22 
0 204 5 
0 262 65 
0 150 42 
0 186 34 
0 211 51 
0 146 29 
0 213 3 
0 199 5 
0 218 17 
0 227 14 
0 204 10 
0 236 10 
0 222 0 
0 185 51 
0 190 36 
0 235 5 
0 190 45 
0 226 38 
0 241 7 
0 214 11 
0 203 1 
0 237 3 
0 229 17 
0 210 18 
0 226 27 
0 240 10 
0 250 24 
0 179 38 
0 264 11 
0 230 14 
0 299 5 
0 183 4 
0 236 7 
0 263 0 
0 177 23 
0 185 3 
0 193 38 
0 192 52 
0 238 12 
0 150 1 
0 235 22 
0 146 19 
0 224 3 
0 237 18 
0 212 21 
0 192 0 
0 257 29 
0 181 53 
0 241 35 
0 224 23 
0 195 6 
0 211 18 
0 199 13 
0 205 13 
0 213 15 
0 190 88 
0 253 11 
0 253 8 
0 312 13 
0 169 28 
0 207 22 
0 238 3 
0 253 35 
0 204 42 
0 151 15 
0 247 22 
0 194 0 
0 179 7 
0 279 10 
0 206 48 
0 207 37 
0 177 23 
0 209 25 
0 276 4 
0 170 68 
0 226 43 
0 206 22 
0 210 12 
0 163 28 
0 236 14 
0 221 14 
0 259 29 
0 190 1 
0 176 21 
0 204 2 
0 271 19 
0 231 26 
0 230 12 
0 238 8 
0 232 18 
0 217 10 
0 158 31 
0 186 11 
0 206 20 
0 249 23 
0 209 6 
0 259 15 
0 203 51 
0 223 9 
0 250 39 
0 192 17 
0 225 48 
0 181 2 
0 232 7 
0 246 12 
0 224 30 
0 223 25 
0 191 40 
0 189 25 
0 174 11 
0 234 12 
0 224 15 
0 184 9 
0 250 10 
0 135 19 
0 223 14 
0 262 17 
0 183 9 
0 208 11 
0 233 0 
0 177 9 
0 205 11 
0 190 18 
0 196 15 
0 213 23 
0 193 12 
0 206 30 
0 211 59 
0 166 9 
0 209 22 
0 202 0 
0 155 26 
0 217 12 
0 209 32 
0 233 3 
0 235 6 
0 236 76 
0 215 16 
0 188 50 
0 226 54 
0 276 5 
0 227 5 
0 266 34 
0 204 8 
0 229 23 
0 318 13 
0 168 51 
0 215 67 
0 192 3 
0 211 30 
0 229 9 
0 263 1 
0 186 25 
0 164 7 
0 291 7 
0 212 24 
0 197 7 
0 196 6 
0 222 4 
0 226 6 
0 217 14 
0 245 13 
0 231 1 
0 244 2 
0 213 12 
0 180 0 
0 167 34 
0 194 50 
0 205 6 
0 248 12 
0 244 13 
0 223 8 
0 185 9 
0 189 28 
0 186 21 
0 206 56 
0 230 6 
0 230 2 
0 214 13 
0 193 15 
0 216 11 
0 190 38 
0 185 13 
0 159 5 
0 223 20 
0 249 10 
0 245 38 
0 193 20 
0 205 6 
0 189 18 
0 216 28 
0 214 23 
0 273 31 
0 198 24 
0 293 5 
0 250 7 
0 237 31 
0 276 5 
0 181 5 
0 199 11 
0 201 37 
0 234 2 
0 197 22 
0 249 14 
0 200 15 
0 204 11 
0 189 4 
0 272 6 
0 287 7 
0 205 19 
0 229 66 
0 228 11 
0 238 14 
0 216 66 
0 249 4 
0 185 9 
0 262 15 
0 252 1 
0 206 23 
0 209 32 
0 204 1 
0 235 16 
0 247 24 
0 185 37 
0 233 32 
0 205 13 
0 253 7 
0 259 1 
0 195 69 
0 234 22 
0 216 18 
0 175 3 
0 223 9 
0 252 11 
0 151 17 
0 193 56 
0 224 5 
0 229 17 
0 179 20 
0 231 19 
0 248 32 
0 180 12 
0 187 0 
0 208 16 
0 226 10 
0 222 14 
0 243 4 
0 195 10 
0 222 10 
0 221 1 
0 253 5 
0 196 18 
0 241 12 
0 228 13 
0 188 21 
0 235 0 
0 226 17 
0 204 7 
0 244 33 
0 231 71 
0 129 9 
0 242 13 
0 241 8 
0 210 8 
0 204 10 
0 248 25 
0 185 12 
0 241 17 
0 260 5 
0 193 6 
0 206 8 
0 191 50 
0 189 20 
0 198 1 
0 223 24 
0 181 18 
0 224 7 
0 266 3 
0 210 14 
0 170 10 
0 213 29 
0 183 30 
0 201 40 
0 220 24 
0 219 23 
0 210 22 
0 208 23 
0 220 22 
0 230 11 
0 236 18 
0 201 10 
0 212 40 
0 255 1 
0 248 20 
0 221 10 
0 226 8 
0 229 4 
0 234 29 
0 271 3 
0 194 8 
0 158 10 
0 226 15 
0 173 24 
0 201 4 
0 177 5 
0 210 43 
0 214 15 
0 224 6 
0 259 11 
0 201 8 
0 214 25 
0 176 7 
0 238 20 
0 181 12 
0 204 14 
0 232 30 
0 157 14 
0 207 9 
0 203 28 
0 195 96 
0 230 30 
0 185 18 
0 160 71 
0 270 13 
0 195 2 
0 153 0 
0 194 17 
0 181 5 
0 258 7 
0 180 27 
0 262 25 
0 137 15 
0 237 6 
0 212 34 
0 201 10 
0 253 17 
0 230 26 
0 233 15 
0 201 1 
0 232 90 
0 207 22 
0 246 3 
0 195 7 
0 144 29 
0 216 21 
0 292 6 
0 257 7 
0 202 17 
0 240 7 
0 249 10 
0 191 54 
0 210 12 
0 248 8 
0 187 31 
0 209 30 
0 199 33 
0 253 7 
0 213 41 
0 219 24 
0 199 26 
0 255 31 
0 188 6 
0 175 25 
0 176 45 
0 241 34 
0 229 11 
0 199 39 
0 174 41 
0 130 47 
0 206 16 
0 190 21 
0 205 5 
0 192 11 
0 214 31 
0 190 34 
0 241 26 
0 170 28 
0 222 33 
0 205 14 
0 184 38 
0 188 17 
0 232 0 
0 235 3 
0 280 0 
0 262 14 
0 200 34 
0 210 15 
0 242 30 
0 225 37 
0 259 10 
0 183 32 
0 231 22 
0 225 7 
0 209 29 
0 175 1 
0 185 5 
0 211 22 
0 215 7 
0 216 9 
0 241 25 
0 243 5 
0 249 4 
0 180 11 
0 219 32 
0 207 8 
0 255 29 
0 182 17 
0 170 13 
0 218 12 
0 201 30 
0 193 5 
0 226 11 
0 262 45 
0 246 3 
0 283 16 
0 159 127 
0 250 61 
0 185 8 
0 178 9 
0 252 19 
0 238 15 
0 213 16 
0 185 30 
0 211 74 
0 160 16 
0 214 11 
0 188 12 
0 219 15 
0 194 20 
0 264 32 
0 239 4 
0 190 33 
0 237 6 
0 216 26 
0 241 11 
0 207 24 
0 229 43 
0 163 12 
0 213 30 
0 188 40 
0 248 0 
0 165 30 
0 217 12 
0 273 15 
0 180 27 
0 166 66 
0 192 23 
0 165 15 
0 229 21 
0 288 27 
0 222 45 
0 163 16 
0 233 3 
0 211 53 
0 248 4 
0 222 1 
0 231 16 
0 253 19 
0 237 18 
0 229 12 
0 222 9 
0 209 9 
0 242 4 
0 224 10 
0 247 26 
0 209 5 
0 214 22 
0 229 21 
0 244 33 
0 206 0 
0 222 13 
0 243 32 
0 200 10 
0 232 13 
0 229 9 
0 163 22 
0 211 23 
0 240 12 
0 226 44 
0 233 7 
0 205 37 
0 124 53 
0 243 42 
0 223 11 
0 200 25 
0 138 13 
0 195 0 
0 232 12 
0 244 5 
0 209 0 
0 153 3 
0 231 15 
0 239 1 
0 240 4 
0 209 7 
0 216 22 
0 173 9 
0 279 51 
0 225 30 
0 218 23 
0 230 37 
0 223 23 
0 206 9 
0 209 5 
0 212 3 
0 194 35 
0 237 15 
0 199 7 
0 245 20 
0 205 41 
0 222 5 
0 240 15 
0 175 4 
0 287 13 
0 172 11 
0 143 7 
0 206 18 
0 248 26 
0 189 26 
0 184 54 
0 195 7 
0 266 29 
0 234 19 
0 197 90 
0 189 49 
0 165 39 
0 245 41 
0 258 27 
0 222 6 
0 180 0 
0 215 55 
0 212 26 
0 194 3 
0 215 8 
0 198 43 
0 175 36 
0 230 25 
0 204 17 
0 220 11 
0 209 13 
0 229 27 
0 210 25 
0 187 25 
0 189 5 
0 225 14 
0 241 14 
0 216 8 
0 151 10 
0 209 45 
0 164 22 
0 223 20 
0 192 8 
0 169 11 
0 263 35 
0 239 35 
0 208 36 
0 179 9 
0 230 6 
0 172 12 
0 233 38 
0 224 7 
0 155 28 
0 125 3 
0 205 14 
0 204 4 
0 131 12 
0 208 5 
0 280 22 
0 244 6 
0 292 2 
0 210 9 
0 261 22 
0 181 30 
0 215 11 
0 208 38 
0 185 16 
0 201 12 
0 233 5 
0 174 5 
0 185 9 
0 174 4 
0 161 39 
0 177 24 
0 256 12 
0 208 40 
0 180 1 
0 197 18 
0 228 28 
0 201 5 
0 174 23 
0 224 18 
0 211 34 
0 200 7 
0 257 33 
0 239 5 
0 186 9 
0 250 11 
0 255 21 
0 214 4 
0 228 10 
0 227 9 
0 215 2 
0 189 9 
0 251 32 
0 209 39 
0 268 27 
0 226 29 
0 208 5 
0 197 18 
0 188 7 
0 215 34 
0 252 0 
0 221 14 
0 208 6 
0 218 5 
0 201 27 
0 195 10 
0 200 1 
0 251 5 
0 162 5 
0 163 16 
0 192 8 
0 176 26 
0 218 13 
0 185 19 
0 190 1 
0 207 12 
0 215 7 
0 192 21 
0 185 18 
0 171 15 
0 274 24 
0 202 19 
0 175 14 
0 283 17 
0 242 9 
0 213 44 
0 202 15 
0 191 7 
0 249 28 
0 190 60 
0 170 24 
0 211 9 
0 212 26 
0 179 15 
0 164 19 
0 209 61 
0 191 2 
0 186 44 
0 249 11 
0 184 9 
0 181 8 
0 207 10 
0 220 12 
0 239 18 
0 179 31 
0 209 16 
0 194 10 
0 163 18 
0 260 5 
0 208 41 
0 283 66 
0 184 4 
0 197 8 
0 260 0 
0 170 1 
0 196 50 
0 210 3 
0 236 3 
0 243 26 
0 211 1 
0 236 16 
0 254 1 
0 215 11 
0 198 11 
0 203 12 
0 185 19 
0 186 3 
0 194 2 
0 226 7 
0 214 2 
0 171 20 
0 221 30 
0 183 16 
0 237 52 
0 224 47 
0 200 39 
0 259 58 
0 264 54 
0 245 61 
0 247 1 
0 214 9 
0 193 29 
0 186 9 
0 204 6 
0 158 13 
0 249 6 
0 149 9 
0 205 18 
0 226 20 
0 233 12 
0 173 5 
0 201 23 
0 196 13 
0 210 39 
0 218 20 
0 249 31 
0 219 12 
0 212 12 
0 193 9 
0 234 11 
0 258 30 
0 213 32 
0 219 41 
0 226 30 
0 188 13 
0 189 37 
0 254 13 
0 215 19 
0 209 38 
0 249 5 
0 163 4 
0 215 12 
0 215 41 
0 185 36 
0 237 10 
0 221 22 
0 245 15 
0 265 15 
0 222 13 
0 165 46 
0 224 19 
0 194 51 
0 238 27 
0 185 5 
0 237 24 
0 188 22 
0 216 15 
0 208 11 
0 280 7 
0 192 21 
0 211 10 
0 204 10 
0 211 10 
0 253 1 
0 176 3 
0 225 44 
0 173 4 
0 228 20 
0 247 11 
0 268 11 
0 145 7 
0 219 13 
0 219 5 
0 225 34 
0 170 21 
0 175 36 
0 172 38 
0 199 6 
0 202 13 
0 189 36 
0 147 20 
0 203 13 
0 230 16 
0 207 32 
0 225 4 
0 183 11 
0 204 4 
0 244 2 
0 185 15 
0 247 44 
0 208 7 
0 223 2 
0 158 15 
0 236 6 
0 202 11 
0 229 27 
0 209 14 
0 193 2 
0 204 4 
0 138 20 
0 255 8 
0 226 17 
0 191 14 
0 246 34 
0 212 88 
0 226 12 
0 231 22 
0 176 112 
0 205 22 
0 167 21 
0 267 8 
0 224 22 
0 195 48 
0 250 20 
0 204 24 
0 234 25 
0 208 63 
0 205 11 
0 197 28 
0 224 13 
0 180 22 
0 227 14 
0 211 27 
0 274 23 
0 205 63 
0 199 15 
0 250 12 
0 193 8 
0 208 15 
0 255 16 
0 194 44 
0 193 20 
0 256 10 
0 226 45 
0 151 9 
0 167 7 
0 227 20 
0 223 5 
0 187 62 
0 138 4 
0 221 22 
0 197 43 
0 237 20 
0 222 14 
0 201 26 
0 227 13 
0 167 4 
0 242 30 
0 202 14 
0 200 8 
0 200 18 
0 151 33 
0 187 20 
0 283 5 
0 244 12 
0 276 7 
0 196 11 
0 251 25 
0 199 33 
0 210 7 
0 173 52 
0 220 26 
0 219 65 
0 261 5 
0 175 40 
0 244 10 
0 215 22 
0 237 8 
0 174 22 
0 201 11 
0 190 19 
0 189 10 
0 184 9 
0 218 7 
0 201 8 
0 211 15 
0 242 6 
0 223 5 
0 198 17 
0 188 10 
0 209 1 
0 225 11 
0 201 13 
0 215 31 
0 208 7 
0 154 8 
0 251 9 
0 208 4 
0 197 25 
0 176 18 
0 248 11 
0 241 6 
0 272 40 
0 155 1 
0 198 5 
0 254 8 
0 177 6 
0 210 14 
0 218 70 
0 192 14 
0 220 35 
0 207 26 
0 205 27 
0 168 12 
0 202 26 
0 229 28 
0 187 13 
0 208 10 
0 260 21 
0 209 8 
0 197 4 
0 223 17 
0 209 8 
0 238 11 
0 193 9 
0 250 20 
0 194 16 
0 303 22 
0 148 12 
0 153 20 
0 209 9 
0 222 33 
0 162 15 
0 189 79 
0 210 7 
0 146 8 
0 212 8 
0 174 18 
0 255 4 
0 244 25 
0 211 5 
0 159 13 
0 269 28 
0 198 48 
0 212 5 
0 263 11 
0 283 15 
0 195 42 
0 205 9 
0 222 39 
0 194 11 
0 203 5 
0 270 15 
0 162 1 
0 220 1 
0 190 24 
0 207 44 
0 218 24 
0 142 5 
0 193 15 
0 215 65 
0 187 19 
0 219 108 
0 170 61 
0 226 13 
0 149 22 
0 230 20 
0 242 20 
0 253 16 
0 208 13 
0 229 8 
0 179 4 
0 187 29 
0 203 19 
0 243 75 
0 179 3 
