14 131 160 96 0 
17 52 111 41 1 
4 23 168 133 0 
2 96 104 97 0 
13 54 84 30 0 
3 33 95 77 0 
4 82 90 54 0 
26 58 170 34 0 
1 47 194 48 19 
27 90 233 96 0 
1 41 135 88 1 
26 195 103 163 0 
8 92 214 27 0 
0 64 177 32 0 
9 124 152 49 0 
8 63 118 48 0 
2 84 194 50 0 
14 61 172 165 0 
0 43 153 15 0 
15 67 186 54 0 
15 61 300 16 0 
15 41 180 28 0 
3 75 208 12 0 
5 25 238 105 0 
4 13 156 55 7 
11 50 192 81 0 
13 144 181 12 0 
6 67 151 93 0 
1 35 158 78 0 
11 118 100 17 0 
14 105 101 80 0 
20 84 229 49 0 
16 38 131 74 0 
1 50 196 38 0 
12 130 93 23 0 
2 66 288 161 1 
11 203 148 32 0 
34 129 142 80 0 
9 71 175 41 0 
0 77 185 62 0 
12 32 118 37 0 
5 86 183 72 0 
12 26 119 34 0 
4 36 375 80 0 
9 97 183 25 0 
2 23 166 36 0 
2 35 218 32 0 
15 93 161 21 0 
5 109 120 45 0 
8 74 188 49 0 
2 78 125 66 1 
11 122 132 65 36 
0 31 145 198 17 
1 35 285 55 0 
0 126 161 84 16 
6 100 96 79 0 
15 36 212 27 0 
5 167 260 13 0 
4 22 281 25 0 
3 80 200 133 0 
6 91 136 73 0 
1 74 131 75 0 
12 93 130 141 0 
3 83 188 41 0 
7 120 156 57 1 
5 112 88 61 0 
8 35 102 51 1 
13 50 298 62 0 
7 140 132 20 0 
15 51 177 9 3 
3 113 200 125 0 
7 88 144 40 0 
11 126 146 84 0 
13 102 171 9 0 
9 36 151 59 1 
27 42 210 46 3 
13 44 161 74 0 
9 149 147 103 0 
2 159 222 43 0 
12 47 239 40 3 
0 104 168 86 19 
2 75 201 91 1 
14 101 40 16 1 
0 21 256 38 0 
16 67 313 40 7 
10 10 330 90 0 
13 44 136 61 1 
4 25 115 162 0 
13 93 207 24 0 
1 41 177 51 6 
13 67 166 22 0 
1 159 150 205 0 
2 51 107 54 0 
4 25 134 93 0 
2 71 155 50 1 
22 82 135 81 0 
5 70 109 150 0 
4 74 276 92 0 
1 81 236 24 14 
5 98 181 18 0 
2 65 222 79 0 
5 146 205 73 11 
7 54 216 91 0 
10 55 109 49 0 
1 77 291 48 0 
6 85 170 105 6 
2 35 124 176 48 
2 61 169 30 0 
0 117 233 109 0 
7 41 161 59 1 
25 34 246 81 0 
13 133 150 73 0 
26 178 110 36 29 
4 102 210 76 0 
2 106 256 22 0 
5 66 158 37 0 
2 58 235 65 23 
7 131 220 65 0 
0 91 148 110 0 
7 113 169 36 0 
1 55 155 27 0 
24 104 85 65 0 
2 63 265 90 0 
13 25 140 153 0 
4 56 195 9 0 
8 14 220 60 114 
8 50 187 39 0 
6 46 243 81 1 
2 23 153 101 3 
0 48 132 108 0 
30 46 68 113 0 
2 81 210 94 0 
4 93 243 67 8 
3 54 156 37 0 
6 57 99 122 36 
4 54 162 81 0 
7 44 93 160 0 
2 173 176 50 0 
17 39 180 75 4 
2 130 203 120 0 
11 48 335 45 0 
11 113 176 33 0 
7 104 72 94 0 
4 47 233 76 0 
7 39 154 34 0 
20 59 99 83 3 
3 120 194 70 1 
13 40 161 35 0 
5 48 373 105 0 
9 86 209 32 0 
7 23 226 58 0 
3 76 133 37 11 
16 128 122 57 0 
11 60 181 16 1 
4 85 174 62 1 
27 31 116 105 0 
3 67 214 46 0 
16 116 248 65 0 
2 73 176 85 0 
10 95 235 101 0 
3 30 163 153 0 
15 47 146 101 0 
2 178 82 125 0 
0 149 282 39 0 
4 36 163 227 3 
1 65 137 59 0 
24 26 149 110 0 
51 34 95 58 0 
3 28 113 95 0 
2 33 148 173 1 
42 38 231 75 0 
4 45 244 159 0 
14 62 138 22 29 
13 110 151 47 0 
4 50 184 53 1 
13 95 129 29 0 
11 98 190 101 0 
4 41 133 45 31 
5 16 81 100 0 
15 27 208 66 30 
7 56 170 52 0 
1 107 173 63 0 
12 44 74 29 0 
11 99 137 45 0 
5 45 76 60 0 
12 121 182 42 5 
1 65 152 88 3 
8 44 219 54 0 
18 18 236 41 0 
9 72 185 57 2 
8 53 162 55 0 
1 143 91 108 0 
10 39 166 40 0 
7 109 246 47 1 
4 46 88 86 0 
10 48 159 49 0 
3 24 100 28 0 
5 27 126 93 12 
5 16 223 66 11 
5 22 177 120 0 
10 41 156 98 0 
23 114 147 29 1 
12 29 140 161 3 
12 80 110 57 7 
1 24 199 101 18 
20 44 99 44 0 
7 195 256 143 0 
22 78 165 41 0 
3 103 200 164 2 
15 81 130 156 0 
7 47 295 87 2 
11 22 313 57 1 
15 75 171 45 5 
47 122 91 19 0 
12 98 279 18 0 
1 26 243 30 0 
2 66 91 100 0 
6 29 162 154 0 
29 142 118 39 0 
5 104 152 18 0 
1 85 159 56 0 
11 54 252 69 1 
1 78 281 47 0 
6 120 305 50 0 
13 60 162 74 6 
3 72 108 93 0 
3 92 275 49 0 
18 88 252 8 5 
1 57 170 86 0 
12 43 175 120 0 
13 82 215 13 0 
3 113 141 32 0 
21 49 107 52 0 
22 45 147 37 17 
4 112 185 98 0 
3 61 196 25 4 
2 108 251 63 23 
2 43 189 49 0 
6 232 84 95 0 
11 128 166 80 0 
21 56 110 73 0 
2 101 113 65 3 
2 82 157 55 1 
1 36 157 159 1 
2 34 165 116 0 
14 99 164 87 0 
0 112 184 75 8 
14 126 101 87 0 
4 143 141 97 3 
19 48 162 61 0 
44 122 110 19 1 
7 49 159 47 1 
0 49 136 54 0 
15 94 169 97 0 
2 41 199 104 0 
2 77 308 5 0 
6 21 246 33 0 
19 71 74 173 0 
17 59 152 75 0 
15 22 63 105 31 
12 28 210 73 0 
13 55 147 22 18 
0 63 167 51 30 
7 100 197 148 9 
1 75 170 80 0 
16 51 307 9 0 
23 18 248 43 0 
0 42 228 29 0 
25 48 166 70 0 
8 56 310 71 7 
4 40 132 166 11 
14 88 176 119 0 
1 40 222 82 0 
9 162 210 221 17 
10 32 141 108 0 
29 40 52 81 0 
0 53 174 69 0 
2 36 161 127 5 
1 126 231 58 11 
19 68 156 25 123 
3 68 269 14 0 
7 24 169 65 0 
1 120 161 60 7 
17 40 84 43 10 
14 127 164 61 0 
2 72 93 141 1 
15 30 170 138 0 
4 31 322 66 1 
30 95 127 66 0 
0 145 193 109 26 
3 114 87 37 17 
7 23 208 51 0 
9 90 165 59 2 
24 72 140 38 2 
6 97 120 100 8 
8 46 204 62 2 
35 86 144 169 0 
1 30 160 68 7 
4 27 166 23 0 
14 158 233 112 0 
12 116 142 110 0 
3 142 190 68 0 
7 37 132 97 21 
7 59 202 73 21 
0 94 155 68 0 
50 69 171 47 7 
10 60 180 134 0 
12 27 157 7 1 
3 93 108 59 0 
5 49 177 57 2 
8 110 139 4 0 
8 39 135 68 0 
7 54 246 78 0 
6 130 250 129 0 
32 28 180 106 0 
8 85 138 64 0 
1 113 155 65 0 
3 124 116 104 0 
13 45 201 121 1 
6 26 228 48 0 
0 110 168 104 0 
4 71 169 136 0 
2 67 179 131 0 
2 91 143 17 0 
0 42 235 26 24 
5 98 114 72 0 
5 82 229 19 0 
13 69 197 5 0 
29 84 229 36 3 
7 74 283 59 0 
6 179 131 40 55 
3 57 178 106 0 
12 56 139 60 0 
17 74 102 107 0 
4 70 156 75 0 
6 91 134 95 0 
11 29 122 153 0 
1 77 174 103 0 
1 89 190 57 0 
6 56 204 41 0 
7 104 175 38 1 
2 124 232 25 33 
5 86 202 77 0 
1 59 109 58 14 
0 71 110 123 0 
17 162 232 29 0 
7 42 202 30 25 
5 90 86 76 0 
23 94 169 35 0 
39 218 115 142 0 
1 106 210 40 1 
53 104 147 18 1 
16 68 197 11 7 
11 58 132 44 0 
0 143 192 76 17 
5 41 167 88 43 
9 134 153 50 0 
12 62 139 93 0 
5 63 74 19 0 
6 26 244 184 0 
10 12 134 23 1 
31 38 186 91 0 
3 57 172 107 0 
5 59 146 73 0 
5 60 172 87 1 
3 142 149 86 2 
5 56 172 77 1 
2 21 142 109 0 
9 99 188 28 8 
43 43 138 52 7 
4 88 167 59 0 
6 9 348 68 0 
19 18 344 68 2 
4 86 210 73 0 
16 40 147 72 0 
2 83 277 78 0 
25 102 227 8 0 
0 56 159 98 31 
7 88 201 58 0 
3 82 177 19 23 
2 147 168 110 21 
4 66 163 52 11 
2 105 132 55 49 
7 111 354 55 0 
1 67 215 102 13 
8 41 217 14 1 
3 66 91 33 12 
3 111 108 43 0 
13 64 140 30 0 
3 85 245 70 0 
6 97 298 21 5 
2 75 82 73 0 
12 40 126 68 0 
18 150 132 103 0 
13 30 118 52 0 
2 68 323 72 1 
12 45 130 123 0 
14 45 201 104 37 
7 71 231 14 0 
6 68 138 64 11 
4 64 176 90 0 
0 53 140 22 0 
24 108 151 18 3 
14 76 139 110 10 
16 85 120 28 0 
2 50 196 24 16 
3 144 162 5 0 
3 78 182 107 0 
3 99 157 9 0 
4 63 252 56 5 
18 129 228 79 0 
3 67 114 224 0 
4 66 184 165 1 
0 148 122 130 0 
6 85 154 46 31 
7 75 78 123 1 
7 43 105 70 0 
4 153 152 133 0 
0 171 116 106 14 
11 52 246 88 0 
7 53 127 45 0 
12 61 190 51 0 
12 62 147 127 0 
13 74 167 48 1 
3 45 108 124 0 
1 38 195 212 0 
5 122 70 93 0 
5 48 210 60 7 
6 36 157 45 0 
3 90 131 17 0 
13 61 218 44 0 
21 46 340 22 0 
25 59 125 61 0 
4 75 264 36 13 
0 45 49 144 0 
2 59 153 49 0 
13 94 235 100 13 
11 132 241 32 7 
5 44 284 44 0 
14 17 181 18 0 
1 86 323 75 0 
2 122 64 81 0 
5 107 131 36 13 
0 18 231 120 0 
8 32 146 74 0 
1 36 136 80 1 
0 115 181 136 31 
3 34 120 93 0 
11 94 157 53 0 
1 32 201 32 0 
3 148 191 146 0 
16 30 219 95 0 
39 37 117 57 0 
3 43 266 25 0 
3 57 136 170 0 
1 29 58 124 0 
1 57 118 190 0 
10 105 180 26 27 
24 135 231 38 0 
12 108 120 77 0 
1 50 145 103 17 
7 58 169 64 0 
1 124 199 24 0 
8 50 206 52 30 
29 101 268 64 0 
6 90 190 177 0 
10 126 177 118 0 
11 14 83 166 3 
34 26 199 35 0 
1 62 115 82 0 
2 50 102 80 0 
16 69 192 82 0 
2 48 226 81 0 
4 79 218 83 0 
6 72 164 62 0 
28 71 176 93 15 
6 117 119 24 0 
10 65 260 107 1 
0 99 97 60 63 
8 66 130 50 0 
25 89 278 160 0 
1 70 193 40 16 
14 57 200 57 20 
6 133 196 77 0 
15 45 173 72 0 
18 23 171 171 0 
5 26 264 45 0 
8 22 171 74 0 
15 68 159 42 19 
15 94 116 112 2 
3 15 226 60 0 
8 44 161 80 0 
17 62 98 42 1 
26 2 220 37 0 
14 87 160 30 0 
15 86 244 47 0 
8 62 104 65 14 
16 43 159 109 19 
5 53 254 55 10 
6 122 269 50 0 
4 100 133 72 0 
2 67 166 44 1 
9 77 95 30 0 
4 26 206 30 0 
3 130 220 58 0 
11 51 98 122 0 
5 90 164 132 0 
9 108 188 48 0 
9 73 173 36 0 
9 102 111 37 0 
8 76 58 34 0 
1 143 144 132 46 
18 109 158 70 0 
21 69 295 27 30 
15 106 93 55 0 
7 80 107 107 0 
3 107 104 28 1 
28 94 252 85 1 
7 20 85 52 11 
17 24 190 34 21 
2 36 168 70 6 
8 124 106 79 1 
6 40 195 115 0 
2 82 169 77 0 
16 80 155 80 22 
6 67 222 68 1 
0 116 120 16 6 
5 36 180 107 0 
13 24 139 107 0 
2 39 139 61 0 
13 82 156 25 0 
23 169 165 44 0 
18 29 235 63 0 
9 86 217 53 0 
0 57 298 97 0 
14 34 156 189 4 
5 59 89 92 0 
7 118 126 62 1 
5 30 127 25 0 
16 63 194 64 14 
8 148 138 85 2 
17 164 132 147 0 
16 111 316 26 1 
11 27 171 93 0 
7 39 160 109 0 
3 95 233 47 1 
6 17 313 51 1 
10 99 126 44 1 
7 27 178 22 0 
4 41 259 55 0 
9 112 94 18 0 
29 38 195 46 8 
0 40 242 47 5 
2 90 159 120 3 
1 23 252 10 40 
0 40 144 54 7 
6 34 190 51 1 
28 97 171 114 1 
3 91 235 36 0 
3 106 227 3 1 
0 179 111 144 0 
9 54 142 136 0 
9 18 240 162 0 
5 98 254 29 0 
3 42 178 55 0 
7 23 89 111 1 
22 28 125 99 0 
32 102 249 52 0 
0 84 107 223 0 
0 52 264 91 0 
4 78 225 150 11 
4 21 130 77 0 
6 39 126 96 0 
9 147 165 17 0 
8 9 198 123 3 
21 22 99 98 1 
18 30 278 94 0 
13 66 102 97 38 
2 142 114 127 2 
7 75 163 29 0 
6 102 263 68 2 
24 165 188 12 0 
2 41 184 139 0 
10 54 238 101 0 
6 52 119 128 1 
22 32 243 144 5 
7 130 125 77 0 
0 71 223 61 1 
0 58 185 27 0 
63 94 167 54 0 
0 78 220 50 0 
6 96 204 29 0 
2 50 215 33 0 
24 73 126 53 0 
2 14 197 40 0 
1 70 220 35 0 
0 59 117 93 1 
1 62 93 64 2 
13 157 88 70 3 
9 94 171 10 0 
5 75 122 33 0 
11 41 95 46 0 
16 159 161 58 0 
6 79 151 98 0 
6 85 193 46 0 
13 63 111 46 0 
5 25 205 61 0 
16 35 98 102 0 
58 37 239 67 1 
20 118 224 58 0 
3 24 147 67 0 
5 31 188 133 53 
0 154 254 58 5 
12 44 243 48 3 
8 81 123 61 5 
8 60 236 83 0 
1 18 165 111 31 
33 278 107 61 1 
16 98 277 86 0 
14 47 141 61 12 
12 16 142 98 0 
6 63 168 70 0 
3 73 118 63 1 
21 96 112 19 0 
8 109 144 126 0 
1 40 271 83 19 
4 82 138 77 0 
12 55 78 52 0 
8 42 122 187 0 
3 145 204 64 0 
13 147 165 46 0 
5 78 241 88 0 
6 96 161 50 0 
1 24 295 66 0 
18 120 136 42 0 
14 134 226 34 4 
6 150 157 32 1 
0 69 194 28 1 
10 23 100 209 1 
6 99 176 115 0 
35 152 108 140 0 
12 15 137 116 1 
2 44 172 42 0 
9 156 84 94 0 
4 139 139 48 1 
14 149 85 79 0 
1 29 216 113 0 
5 47 200 133 0 
13 88 216 8 0 
22 68 185 52 0 
8 46 97 84 0 
20 97 203 121 6 
1 55 200 168 3 
2 77 214 136 0 
6 93 197 17 0 
1 47 175 52 0 
17 66 92 87 6 
8 21 224 94 0 
1 106 139 54 0 
12 51 130 66 0 
0 34 150 49 0 
0 45 108 164 14 
13 63 170 96 0 
3 69 90 89 0 
15 50 216 40 1 
11 57 199 79 4 
4 28 105 78 0 
10 117 115 44 0 
2 55 181 72 2 
6 61 171 55 7 
3 82 295 26 0 
9 102 92 76 2 
10 77 223 148 0 
9 39 152 93 0 
11 60 173 38 2 
10 95 142 42 5 
3 96 156 118 0 
6 95 140 70 5 
11 101 139 51 0 
10 99 411 19 27 
2 24 251 12 4 
15 100 177 70 0 
7 51 276 57 2 
3 95 198 58 23 
14 92 172 23 41 
2 46 161 140 4 
2 73 67 82 0 
9 122 140 108 0 
1 76 191 54 0 
27 62 81 93 0 
2 52 299 48 0 
7 79 143 67 2 
0 91 225 22 0 
5 104 215 59 0 
4 30 249 51 0 
15 85 177 56 0 
0 176 67 28 0 
8 131 226 91 1 
12 151 148 57 1 
7 34 279 140 0 
40 58 203 43 0 
4 34 169 230 0 
0 20 121 146 0 
39 85 272 32 0 
4 137 82 68 0 
8 21 204 90 27 
0 138 76 63 0 
2 39 146 137 0 
3 158 116 49 0 
14 154 145 77 0 
3 95 133 98 0 
2 65 191 218 7 
3 54 233 53 1 
8 105 190 82 0 
0 56 95 187 0 
3 61 349 27 7 
6 11 190 53 1 
3 63 195 118 0 
0 64 136 91 0 
4 78 113 61 0 
14 85 236 70 13 
13 120 150 57 4 
6 3 174 114 0 
22 125 107 112 9 
10 105 199 72 2 
1 92 181 53 0 
20 62 124 108 19 
5 56 262 129 4 
14 24 149 194 10 
24 70 176 34 1 
8 16 127 3 0 
9 39 216 17 0 
8 45 92 42 0 
3 43 286 66 0 
12 52 150 23 0 
4 38 266 72 0 
16 144 153 53 23 
2 90 163 58 0 
23 21 301 61 0 
0 56 200 62 0 
16 49 259 67 1 
7 88 201 77 20 
3 25 263 41 0 
5 47 284 70 0 
31 31 248 53 40 
2 59 128 59 5 
14 109 89 32 0 
3 32 228 100 1 
9 45 209 43 0 
4 71 209 10 0 
12 105 190 59 0 
6 36 288 150 0 
5 231 245 49 0 
2 61 185 83 0 
2 35 287 68 0 
6 89 197 28 1 
4 59 202 82 4 
1 60 167 97 0 
6 85 249 144 0 
0 34 160 71 1 
6 204 93 76 0 
11 104 177 20 1 
1 13 254 89 15 
2 43 272 102 0 
31 187 109 67 1 
1 75 100 204 0 
4 33 266 147 0 
15 60 171 57 0 
11 104 167 34 0 
13 65 276 66 1 
14 147 167 49 0 
14 51 174 111 7 
25 68 212 33 0 
6 27 217 92 0 
16 68 224 16 27 
4 69 191 77 18 
0 63 209 52 0 
18 39 203 17 0 
12 114 229 71 0 
12 49 169 34 0 
1 54 128 56 0 
10 66 200 27 0 
13 56 247 44 2 
1 61 189 76 0 
22 122 115 101 0 
3 43 84 34 0 
9 152 106 40 0 
2 35 93 61 0 
45 81 162 73 0 
7 33 250 46 0 
4 168 168 39 0 
11 90 222 38 0 
7 6 159 97 10 
5 82 124 13 3 
11 40 102 92 0 
6 77 163 30 0 
7 110 188 64 0 
13 66 200 30 0 
0 40 185 90 0 
2 44 146 129 0 
11 57 159 73 0 
11 109 202 40 1 
10 89 240 50 0 
0 107 355 57 1 
0 27 94 86 13 
14 40 158 17 1 
15 146 141 55 0 
2 116 158 50 0 
19 72 76 43 6 
4 78 150 63 0 
22 14 152 69 3 
4 12 202 54 10 
10 70 101 30 1 
10 28 287 66 0 
14 68 182 39 0 
12 58 195 14 5 
12 54 119 84 7 
2 25 78 146 3 
2 189 267 9 0 
3 77 51 49 1 
2 74 202 42 87 
37 98 139 136 0 
7 61 160 145 0 
17 89 129 86 0 
1 77 218 49 1 
7 123 199 49 0 
10 83 200 69 9 
6 34 67 29 0 
6 189 217 47 1 
1 56 195 141 21 
7 50 284 54 0 
1 46 264 46 0 
8 60 234 62 0 
21 76 157 48 0 
7 128 147 60 0 
2 167 119 89 4 
1 108 138 73 0 
16 59 202 55 0 
1 74 112 134 0 
10 108 228 155 0 
27 35 75 86 0 
1 42 127 61 0 
10 54 215 43 0 
12 52 274 79 0 
5 173 215 43 0 
1 70 225 140 0 
4 93 145 37 0 
1 45 138 238 3 
10 49 136 20 0 
11 34 216 25 4 
10 157 147 76 0 
7 14 233 56 0 
19 17 180 51 0 
11 44 240 70 0 
13 16 270 64 0 
4 38 241 101 0 
7 46 238 167 1 
0 33 247 99 0 
13 26 177 173 2 
26 184 251 69 0 
2 65 153 68 12 
13 33 125 121 0 
1 143 152 55 10 
3 113 87 185 0 
22 127 129 17 0 
9 77 169 36 0 
16 180 136 62 0 
16 82 242 82 0 
5 84 145 25 0 
11 82 108 90 2 
4 91 204 105 2 
8 57 189 53 0 
4 162 93 105 0 
6 54 260 10 0 
18 59 156 72 0 
24 41 104 47 0 
8 84 152 96 0 
8 91 222 90 0 
0 64 267 49 0 
15 120 65 57 0 
7 37 84 40 0 
4 48 158 44 2 
13 78 133 129 0 
4 113 129 83 0 
6 46 182 55 0 
18 84 228 89 0 
21 122 113 45 35 
21 15 221 58 5 
2 6 171 72 2 
2 50 132 79 0 
16 56 104 81 0 
11 112 227 6 10 
27 41 159 72 0 
10 57 168 120 1 
7 27 204 46 0 
6 54 121 61 0 
47 84 141 39 5 
9 34 258 53 0 
4 210 175 23 0 
2 90 197 68 0 
5 49 111 56 0 
2 62 211 95 0 
1 44 118 140 38 
5 101 232 74 5 
3 102 153 52 0 
0 68 109 76 10 
1 33 134 93 0 
11 32 186 104 0 
7 66 209 51 0 
19 148 88 59 0 
2 31 326 107 0 
10 60 201 97 1 
4 68 100 55 0 
13 65 160 14 1 
18 139 122 28 5 
3 44 198 90 0 
2 53 97 26 8 
3 71 130 56 0 
17 131 120 151 0 
6 111 184 31 0 
11 92 191 24 0 
4 80 166 39 2 
7 25 155 114 6 
9 63 239 68 0 
25 78 208 45 0 
2 91 203 28 0 
1 62 136 99 0 
6 25 151 33 0 
1 17 292 95 0 
7 168 151 136 1 
10 113 170 28 0 
7 164 239 109 0 
26 53 142 96 0 
6 32 319 78 0 
0 45 148 20 0 
5 28 151 53 0 
3 26 104 29 3 
21 67 136 163 11 
2 68 116 97 0 
10 52 120 70 7 
4 51 135 215 12 
5 42 209 113 0 
1 76 164 66 0 
15 30 167 27 0 
1 118 213 7 9 
6 88 93 91 6 
3 52 119 59 0 
7 49 214 175 0 
12 74 327 74 1 
8 80 203 74 0 
38 88 114 91 0 
0 47 117 68 2 
5 5 356 64 0 
6 79 181 35 7 
7 196 143 65 0 
4 41 193 34 20 
3 20 147 40 0 
7 29 135 87 11 
1 35 156 74 0 
8 59 234 121 0 
6 129 106 108 0 
5 61 145 70 19 
7 40 90 55 0 
18 38 185 46 11 
11 108 128 37 0 
12 81 125 54 0 
4 52 193 20 0 
2 117 196 59 1 
4 66 208 84 0 
10 24 108 28 8 
10 91 83 61 0 
1 117 149 110 0 
23 78 170 23 16 
21 76 219 34 0 
18 47 114 99 0 
2 64 62 130 0 
12 148 158 58 0 
1 72 249 59 3 
11 62 171 107 0 
13 118 271 127 0 
5 53 136 135 3 
7 53 111 54 10 
8 54 198 38 0 
2 18 288 24 58 
0 42 237 27 0 
2 107 139 37 0 
0 60 139 68 10 
2 67 187 64 0 
20 46 151 37 1 
9 48 178 153 0 
11 113 57 75 24 
1 210 147 83 0 
1 46 132 44 0 
7 45 73 103 0 
22 195 122 12 0 
5 36 298 247 0 
2 59 207 55 0 
14 51 141 148 0 
2 48 174 124 46 
2 66 188 83 0 
