448 243 309 
489 300 211 
524 226 250 
528 273 199 
606 243 151 
533 254 213 
615 261 124 
500 326 174 
644 209 147 
539 207 254 
512 262 226 
458 212 330 
573 252 175 
492 306 202 
466 279 255 
454 234 312 
582 258 160 
486 277 237 
551 320 129 
422 274 304 
497 308 195 
524 216 260 
575 195 230 
487 280 233 
483 289 228 
542 252 206 
484 235 281 
524 291 185 
527 283 190 
421 283 296 
467 291 242 
530 263 207 
494 290 216 
486 189 325 
444 249 307 
612 222 166 
576 252 172 
534 226 240 
518 227 255 
558 258 184 
604 237 159 
516 197 287 
509 209 282 
507 230 263 
443 219 338 
388 264 348 
565 283 152 
474 317 209 
532 249 219 
520 299 181 
499 257 244 
616 203 181 
585 214 201 
443 251 306 
520 304 176 
492 238 270 
476 236 288 
478 231 291 
547 282 171 
593 249 158 
483 238 279 
458 266 276 
515 259 226 
590 227 183 
574 216 210 
565 256 179 
484 198 318 
470 252 278 
573 202 225 
487 216 297 
614 191 195 
546 254 200 
523 238 239 
558 241 201 
559 223 218 
583 195 222 
494 282 224 
533 295 172 
526 239 235 
526 226 248 
460 299 241 
543 324 133 
552 261 187 
626 186 188 
527 280 193 
612 246 142 
574 203 223 
519 254 227 
486 261 253 
546 221 233 
563 232 205 
491 208 301 
526 296 178 
556 265 179 
647 239 114 
566 224 210 
465 260 275 
591 235 174 
486 295 219 
503 297 200 
519 186 295 
484 213 303 
477 254 269 
473 268 259 
598 217 185 
569 251 180 
590 218 192 
507 346 147 
567 255 178 
559 211 230 
562 252 186 
597 283 120 
563 215 222 
581 264 155 
581 239 180 
532 242 226 
593 198 209 
558 214 228 
508 207 285 
443 231 326 
650 202 148 
529 255 216 
542 267 191 
433 250 317 
550 216 234 
592 268 140 
514 232 254 
562 234 204 
567 253 180 
556 282 162 
627 212 161 
439 268 293 
502 233 265 
558 209 233 
488 270 242 
460 208 332 
522 245 233 
475 232 293 
526 192 282 
522 248 230 
459 301 240 
462 233 305 
462 186 352 
501 281 218 
610 160 230 
425 289 286 
580 263 157 
511 283 206 
507 283 210 
552 264 184 
553 225 222 
569 196 235 
574 239 187 
570 257 173 
469 264 267 
467 272 261 
555 308 137 
520 242 238 
532 272 196 
462 251 287 
463 264 273 
592 233 175 
576 237 187 
474 304 222 
478 239 283 
534 204 262 
514 246 240 
452 290 258 
531 271 198 
564 228 208 
598 215 187 
505 177 318 
536 200 264 
473 272 255 
457 200 343 
561 234 205 
551 272 177 
585 270 145 
518 256 226 
528 262 210 
476 280 244 
502 261 237 
463 254 283 
519 303 178 
521 248 231 
566 207 227 
543 215 242 
523 215 262 
516 234 250 
637 202 161 
657 204 139 
539 261 200 
517 229 254 
443 245 312 
551 240 209 
455 251 294 
557 277 166 
478 265 257 
575 242 183 
500 260 240 
555 206 239 
477 266 257 
583 211 206 
489 322 189 
620 224 156 
519 229 252 
498 263 239 
521 248 231 
551 240 209 
577 210 213 
650 233 117 
572 217 211 
556 188 256 
580 267 153 
547 247 206 
489 257 254 
430 265 305 
477 250 273 
497 244 259 
529 248 223 
659 178 163 
572 206 222 
410 225 365 
528 211 261 
498 201 301 
567 238 195 
436 222 342 
518 239 243 
548 264 188 
470 231 299 
556 245 199 
606 231 163 
442 196 362 
546 277 177 
463 271 266 
500 281 219 
555 236 209 
528 213 259 
492 242 266 
485 225 290 
483 242 275 
489 245 266 
551 250 199 
600 243 157 
445 277 278 
429 287 284 
611 239 150 
596 211 193 
537 287 176 
494 250 256 
465 229 306 
437 285 278 
604 252 144 
417 272 311 
496 257 247 
549 202 249 
505 205 290 
490 236 274 
485 239 276 
475 248 277 
464 257 279 
394 239 367 
541 233 226 
442 280 278 
514 206 280 
610 273 117 
561 271 168 
547 232 221 
514 255 231 
492 301 207 
531 264 205 
459 224 317 
484 329 187 
566 225 209 
513 283 204 
547 273 180 
420 230 350 
580 236 184 
542 277 181 
541 254 205 
543 260 197 
477 232 291 
601 184 215 
552 232 216 
482 278 240 
578 250 172 
521 257 222 
581 242 177 
510 267 223 
611 208 181 
537 269 194 
511 223 266 
595 240 165 
514 230 256 
538 221 241 
536 267 197 
492 230 278 
549 247 204 
474 282 244 
535 253 212 
516 280 204 
462 244 294 
531 278 191 
537 241 222 
587 227 186 
564 218 218 
500 258 242 
517 237 246 
561 208 231 
521 228 251 
493 251 256 
479 260 261 
545 230 225 
511 195 294 
582 251 167 
467 231 302 
513 223 264 
533 210 257 
542 237 221 
545 256 199 
484 297 219 
535 167 298 
492 313 195 
551 249 200 
535 221 244 
522 258 220 
522 251 227 
564 246 190 
607 161 232 
502 242 256 
578 237 185 
583 196 221 
520 190 290 
594 246 160 
547 276 177 
593 251 156 
610 212 178 
585 247 168 
576 228 196 
534 262 204 
542 237 221 
525 211 264 
568 225 207 
538 276 186 
582 255 163 
589 242 169 
571 283 146 
571 204 225 
549 251 200 
462 264 274 
409 226 365 
606 242 152 
536 283 181 
526 262 212 
488 224 288 
501 268 231 
498 271 231 
499 216 285 
533 244 223 
516 283 201 
459 228 313 
593 272 135 
578 241 181 
491 273 236 
458 233 309 
547 237 216 
389 259 352 
600 204 196 
501 277 222 
516 314 170 
549 233 218 
466 297 237 
583 226 191 
539 247 214 
478 244 278 
576 255 169 
511 187 302 
533 235 232 
518 225 257 
593 257 150 
533 235 232 
623 250 127 
417 221 362 
527 237 236 
486 297 217 
548 261 191 
521 302 177 
494 241 265 
607 227 166 
521 241 238 
561 244 195 
498 268 234 
473 276 251 
517 231 252 
561 216 223 
552 270 178 
560 219 221 
511 305 184 
557 227 216 
525 261 214 
519 267 214 
537 334 129 
487 318 195 
449 234 317 
562 254 184 
613 253 134 
602 237 161 
528 311 161 
577 234 189 
587 242 171 
515 247 238 
504 270 226 
590 230 180 
502 182 316 
594 228 178 
545 273 182 
609 197 194 
508 300 192 
577 289 134 
486 291 223 
553 257 190 
577 207 216 
527 216 257 
547 244 209 
579 209 212 
547 262 191 
576 186 238 
525 254 221 
551 240 209 
562 268 170 
590 192 218 
628 228 144 
554 238 208 
507 262 231 
538 238 224 
526 288 186 
569 256 175 
553 295 152 
518 306 176 
497 300 203 
537 233 230 
549 277 174 
507 219 274 
582 267 151 
594 270 136 
535 216 249 
565 238 197 
458 244 298 
594 223 183 
407 295 298 
483 244 273 
559 258 183 
470 241 289 
424 206 370 
610 255 135 
564 296 140 
547 323 130 
585 218 197 
480 302 218 
515 244 241 
437 307 256 
514 271 215 
523 287 190 
471 252 277 
517 208 275 
579 225 196 
624 239 137 
545 248 207 
504 264 232 
494 239 267 
505 263 232 
537 262 201 
649 238 113 
534 275 191 
574 231 195 
507 287 206 
509 268 223 
525 278 197 
377 260 363 
502 210 288 
572 264 164 
546 234 220 
474 265 261 
513 216 271 
617 216 167 
452 302 246 
596 219 185 
596 214 190 
644 214 142 
564 271 165 
529 268 203 
559 294 147 
545 205 250 
509 264 227 
483 222 295 
487 224 289 
493 257 250 
542 259 199 
566 257 177 
527 266 207 
598 228 174 
619 222 159 
548 283 169 
489 258 253 
534 254 212 
559 231 210 
536 226 238 
416 243 341 
612 263 125 
497 253 250 
563 195 242 
514 284 202 
523 259 218 
507 313 180 
593 239 168 
563 240 197 
622 203 175 
507 242 251 
551 249 200 
504 260 236 
502 235 263 
538 297 165 
536 261 203 
509 202 289 
496 293 211 
552 225 223 
519 233 248 
528 235 237 
613 187 200 
659 208 133 
611 213 176 
593 187 220 
535 272 193 
564 233 203 
462 306 232 
587 212 201 
484 203 313 
540 280 180 
465 234 301 
498 249 253 
509 245 246 
520 229 251 
542 297 161 
587 308 105 
572 201 227 
490 284 226 
536 261 203 
516 255 229 
548 270 182 
544 234 222 
567 241 192 
519 313 168 
449 223 328 
483 263 254 
597 222 181 
599 192 209 
462 261 277 
464 235 301 
509 289 202 
506 319 175 
509 287 204 
598 220 182 
574 252 174 
508 262 230 
550 240 210 
503 216 281 
537 213 250 
545 254 201 
513 239 248 
400 227 373 
480 261 259 
588 202 210 
581 245 174 
521 279 200 
565 222 213 
485 267 248 
523 264 213 
608 173 219 
496 228 276 
511 214 275 
536 208 256 
504 216 280 
541 237 222 
459 273 268 
465 165 370 
526 261 213 
527 266 207 
553 261 186 
520 199 281 
481 239 280 
583 250 167 
530 201 269 
477 270 253 
483 296 221 
558 245 197 
620 247 133 
531 295 174 
512 256 232 
522 231 247 
551 306 143 
658 170 172 
523 231 246 
563 248 189 
433 293 274 
601 189 210 
630 210 160 
484 333 183 
465 258 277 
544 280 176 
507 306 187 
514 271 215 
512 266 222 
461 199 340 
475 275 250 
576 229 195 
501 261 238 
581 202 217 
477 210 313 
560 277 163 
451 241 308 
489 235 276 
394 278 328 
477 243 280 
617 231 152 
476 221 303 
551 194 255 
507 213 280 
573 243 184 
503 224 273 
515 265 220 
511 270 219 
545 200 255 
524 160 316 
477 245 278 
558 307 135 
568 231 201 
565 187 248 
601 230 169 
479 270 251 
581 237 182 
583 258 159 
519 181 300 
552 207 241 
538 305 157 
486 268 246 
515 232 253 
529 252 219 
483 257 260 
468 233 299 
530 228 242 
482 194 324 
602 177 221 
498 253 249 
409 273 318 
473 222 305 
582 237 181 
569 208 223 
554 215 231 
582 231 187 
506 247 247 
562 225 213 
524 212 264 
461 194 345 
545 259 196 
556 216 228 
603 216 181 
516 285 199 
580 221 199 
607 255 138 
524 299 177 
539 243 218 
492 214 294 
409 284 307 
436 312 252 
494 259 247 
526 314 160 
528 263 209 
504 282 214 
545 242 213 
523 297 180 
511 345 144 
547 225 228 
485 268 247 
627 205 168 
574 210 216 
645 204 151 
580 277 143 
466 234 300 
438 267 295 
502 270 228 
574 264 162 
590 212 198 
618 182 200 
475 285 240 
532 219 249 
393 258 349 
570 182 248 
685 224 91 
501 251 248 
592 234 174 
496 195 309 
496 300 204 
479 238 283 
581 242 177 
567 225 208 
464 245 291 
443 219 338 
551 243 206 
571 223 206 
528 268 204 
489 262 249 
555 209 236 
613 236 151 
555 201 244 
599 231 170 
507 242 251 
566 278 156 
586 230 184 
512 285 203 
475 240 285 
600 233 167 
502 298 200 
526 314 160 
528 264 208 
531 263 206 
577 270 153 
475 311 214 
466 285 249 
666 221 113 
566 225 209 
551 235 214 
513 282 205 
479 282 239 
503 269 228 
570 252 178 
589 209 202 
550 266 184 
491 297 212 
569 268 163 
558 258 184 
610 195 195 
560 262 178 
547 277 176 
543 268 189 
553 259 188 
544 219 237 
523 284 193 
494 260 246 
530 239 231 
544 246 210 
489 330 181 
526 287 187 
499 258 243 
518 232 250 
485 261 254 
584 255 161 
488 207 305 
512 243 245 
483 206 311 
576 235 189 
527 216 257 
578 238 184 
432 249 319 
496 271 233 
561 268 171 
562 279 159 
593 213 194 
479 270 251 
492 257 251 
540 228 232 
520 291 189 
599 246 155 
542 289 169 
511 285 204 
558 217 225 
452 240 308 
527 207 266 
483 198 319 
478 254 268 
512 259 229 
521 258 221 
480 250 270 
414 302 284 
602 182 216 
557 261 182 
521 221 258 
486 261 253 
452 322 226 
586 249 165 
466 242 292 
516 279 205 
550 271 179 
586 255 159 
488 265 247 
524 310 166 
522 207 271 
502 241 257 
507 274 219 
538 302 160 
512 277 211 
544 237 219 
593 228 179 
569 253 178 
539 264 197 
436 296 268 
552 282 166 
427 230 343 
569 239 192 
559 258 183 
492 301 207 
590 275 135 
557 216 227 
517 226 257 
468 235 297 
494 292 214 
525 282 193 
567 217 216 
650 195 155 
417 292 291 
552 248 200 
491 240 269 
533 254 213 
471 257 272 
554 222 224 
535 262 203 
546 269 185 
539 215 246 
635 223 142 
583 214 203 
547 232 221 
550 216 234 
565 286 149 
584 249 167 
579 260 161 
615 240 145 
563 256 181 
522 257 221 
571 233 196 
542 233 225 
556 207 237 
464 262 274 
450 268 282 
546 261 193 
547 254 199 
435 216 349 
513 246 241 
562 283 155 
529 218 253 
429 293 278 
486 312 202 
510 260 230 
478 261 261 
479 209 312 
519 242 239 
520 207 273 
465 253 282 
578 239 183 
521 229 250 
485 239 276 
457 257 286 
510 266 224 
490 218 292 
460 275 265 
448 326 226 
539 212 249 
521 229 250 
500 276 224 
450 304 246 
574 211 215 
492 282 226 
406 262 332 
573 253 174 
536 211 253 
611 211 178 
543 273 184 
511 296 193 
491 249 260 
536 259 205 
592 207 201 
538 270 192 
615 220 165 
449 302 249 
562 260 178 
517 255 228 
562 215 223 
510 291 199 
566 225 209 
468 231 301 
457 305 238 
610 236 154 
510 273 217 
628 195 177 
560 260 180 
497 276 227 
520 242 238 
474 274 252 
521 271 208 
570 209 221 
512 261 227 
532 271 197 
583 195 222 
424 228 348 
558 200 242 
527 288 185 
521 222 257 
478 267 255 
377 323 300 
555 215 230 
579 254 167 
505 200 295 
498 189 313 
586 237 177 
534 253 213 
597 213 190 
545 214 241 
405 231 364 
387 283 330 
567 240 193 
495 307 198 
572 229 199 
532 246 222 
508 212 280 
542 218 240 
528 277 195 
636 221 143 
555 226 219 
528 255 217 
483 244 273 
616 233 151 
565 263 172 
506 302 192 
463 297 240 
701 165 134 
579 233 188 
546 261 193 
506 311 183 
611 232 157 
470 227 303 
534 247 219 
554 203 243 
525 274 201 
570 178 252 
499 280 221 
521 310 169 
572 225 203 
637 222 141 
474 226 300 
445 229 326 
517 289 194 
577 218 205 
546 261 193 
557 244 199 
523 232 245 
478 292 230 
511 260 229 
500 267 233 
546 225 229 
449 267 284 
531 207 262 
562 225 213 
514 273 213 
530 266 204 
605 165 230 
640 246 114 
597 245 158 
524 240 236 
556 254 190 
452 205 343 
489 242 269 
515 251 234 
507 202 291 
502 226 272 
526 272 202 
509 261 230 
512 258 230 
522 224 254 
521 264 215 
455 268 277 
505 272 223 
517 221 262 
509 256 235 
485 276 239 
530 272 198 
467 210 323 
574 230 196 
562 236 202 
527 236 237 
495 306 199 
489 253 258 
535 270 195 
511 231 258 
442 287 271 
582 235 183 
596 244 160 
476 195 329 
507 311 182 
441 197 362 
494 244 262 
557 260 183 
650 238 112 
