0 42 135 
0 11 204 
0 1 254 
0 35 227 
0 12 100 
0 35 122 
0 14 181 
0 59 197 
0 45 178 
0 48 152 
0 9 138 
0 2 286 
0 47 83 
0 12 296 
0 24 192 
0 7 145 
0 8 144 
0 2 313 
0 13 225 
0 29 82 
0 3 175 
0 39 125 
0 1 207 
0 13 100 
0 35 158 
0 13 153 
0 12 139 
0 33 136 
0 22 165 
0 37 214 
0 11 160 
0 15 121 
0 15 208 
0 22 131 
0 0 133 
0 3 182 
0 9 172 
0 17 161 
0 6 141 
0 18 136 
0 18 212 
0 39 180 
0 12 187 
0 20 138 
0 37 133 
0 8 220 
0 18 117 
0 13 151 
0 28 127 
0 36 151 
0 8 163 
0 3 205 
0 0 229 
0 2 102 
0 20 126 
0 22 209 
0 11 127 
0 12 186 
0 39 115 
0 6 166 
0 11 216 
0 7 118 
0 3 120 
0 14 274 
0 36 145 
0 12 207 
0 9 147 
0 20 127 
0 4 186 
0 1 196 
0 16 79 
0 1 194 
0 4 139 
0 11 151 
0 1 173 
0 40 133 
0 7 95 
0 5 277 
0 16 245 
0 26 166 
0 13 108 
0 2 163 
0 0 71 
0 18 165 
0 14 191 
0 3 157 
0 23 137 
0 5 269 
0 2 201 
0 20 160 
0 15 189 
0 23 134 
0 6 124 
0 40 205 
0 6 159 
0 39 131 
0 1 157 
0 14 138 
0 14 114 
0 8 244 
0 8 276 
0 9 234 
0 0 193 
0 25 103 
0 34 250 
0 49 146 
0 4 133 
0 18 306 
0 32 194 
0 9 230 
0 12 137 
0 3 165 
0 1 178 
0 2 165 
0 12 330 
0 8 228 
0 26 122 
0 12 153 
0 17 137 
0 12 208 
0 3 203 
0 3 136 
0 3 88 
0 1 133 
0 34 191 
0 33 127 
0 15 199 
0 6 86 
0 21 222 
0 0 137 
0 8 228 
0 24 121 
0 11 218 
0 21 201 
0 13 135 
0 5 125 
0 13 163 
0 11 124 
0 30 175 
0 7 65 
0 1 175 
0 18 255 
0 29 107 
0 10 170 
0 0 181 
0 12 192 
0 0 175 
0 27 118 
0 0 318 
0 6 146 
0 20 256 
0 11 151 
0 7 159 
0 32 165 
0 1 251 
0 23 229 
0 13 183 
0 24 92 
0 20 174 
0 11 206 
0 20 188 
0 21 218 
0 10 177 
0 0 131 
0 19 83 
0 3 143 
0 8 184 
0 17 119 
0 1 177 
0 3 152 
0 2 194 
0 20 144 
0 58 190 
0 28 117 
0 5 132 
0 41 204 
0 17 200 
0 1 204 
0 11 109 
0 18 186 
0 29 129 
0 40 151 
0 8 177 
0 9 133 
0 7 159 
0 16 246 
0 20 193 
0 23 89 
0 18 107 
0 15 175 
0 19 185 
0 32 124 
0 28 133 
0 47 83 
0 5 288 
0 19 112 
0 12 75 
0 7 319 
0 13 171 
0 14 216 
0 11 98 
0 10 105 
0 11 235 
0 20 263 
0 0 94 
0 15 186 
0 8 116 
0 12 139 
0 9 157 
0 19 174 
0 14 191 
0 32 114 
0 19 135 
0 28 324 
0 11 145 
0 26 190 
0 71 160 
0 21 226 
0 9 232 
0 14 128 
0 30 321 
0 18 184 
0 74 267 
0 18 186 
0 9 169 
0 7 225 
0 9 131 
0 7 256 
0 9 87 
0 1 172 
0 14 113 
0 16 278 
0 17 134 
0 15 143 
0 6 175 
0 9 122 
0 21 118 
0 11 173 
0 4 195 
0 23 231 
0 1 108 
0 56 98 
0 13 132 
0 1 197 
0 13 140 
0 25 299 
0 10 239 
0 3 203 
0 6 171 
0 26 305 
0 23 175 
0 16 127 
0 18 197 
0 20 138 
0 16 167 
0 28 103 
0 81 189 
0 6 195 
0 16 153 
0 26 256 
0 16 137 
0 34 195 
0 1 182 
0 19 214 
0 27 119 
0 73 120 
0 13 198 
0 6 208 
0 11 145 
0 6 293 
0 13 159 
0 8 76 
0 5 306 
0 65 91 
0 21 104 
0 18 145 
0 29 70 
0 3 118 
0 8 160 
0 16 207 
0 7 198 
0 5 268 
0 17 271 
0 17 140 
0 4 207 
0 45 213 
0 26 80 
0 3 190 
0 43 118 
0 16 155 
0 13 198 
0 17 140 
0 7 149 
0 5 173 
0 15 118 
0 11 214 
0 4 183 
0 33 116 
0 19 127 
0 9 115 
0 18 181 
0 30 187 
0 24 180 
0 12 119 
0 0 181 
0 5 82 
0 0 109 
0 2 165 
0 23 150 
0 78 69 
0 3 197 
0 45 171 
0 17 142 
0 10 122 
0 8 229 
0 6 254 
0 5 188 
0 16 233 
0 10 196 
0 0 133 
0 22 242 
0 42 220 
0 30 159 
0 2 182 
0 41 188 
0 20 225 
0 14 127 
0 23 157 
0 37 124 
0 19 228 
0 2 127 
0 1 168 
0 8 170 
0 7 111 
0 12 224 
0 2 143 
0 1 116 
0 1 98 
0 25 104 
0 12 116 
0 23 249 
0 1 264 
0 41 149 
0 16 102 
0 27 194 
0 3 158 
0 73 126 
0 25 152 
0 13 194 
0 8 228 
0 19 180 
0 33 182 
0 17 198 
0 19 118 
0 8 161 
0 12 225 
0 28 128 
0 1 161 
0 6 210 
0 25 293 
0 21 174 
0 7 182 
0 16 175 
0 56 138 
0 29 220 
0 38 301 
0 24 153 
0 15 145 
0 17 181 
0 0 142 
0 14 228 
0 24 174 
0 9 159 
0 22 108 
0 55 147 
0 21 171 
0 26 153 
0 29 223 
0 34 208 
0 47 137 
0 11 93 
0 15 99 
0 57 53 
0 69 140 
0 7 152 
0 5 155 
0 6 189 
0 4 151 
0 38 199 
0 13 143 
0 3 274 
0 13 168 
0 7 170 
0 23 201 
0 15 104 
0 20 153 
0 37 203 
0 19 236 
0 12 227 
0 3 151 
0 8 175 
0 24 190 
0 0 189 
0 5 223 
0 5 108 
0 5 76 
0 2 161 
0 3 210 
0 11 122 
0 7 146 
0 5 61 
0 36 212 
0 7 72 
0 28 102 
0 6 108 
0 13 219 
0 26 156 
0 18 228 
0 28 229 
0 21 144 
0 24 74 
0 24 195 
0 11 363 
0 34 137 
0 15 158 
0 68 76 
0 15 186 
0 41 108 
0 14 170 
0 6 212 
0 19 168 
0 21 143 
0 6 163 
0 26 132 
0 5 175 
0 58 200 
0 8 131 
0 4 182 
0 9 123 
0 44 152 
0 0 139 
0 8 203 
0 19 108 
0 17 123 
0 16 148 
0 0 145 
0 10 171 
0 11 104 
0 11 175 
0 35 130 
0 37 173 
0 2 275 
0 23 184 
0 10 176 
0 46 125 
0 42 160 
0 26 161 
0 7 182 
0 2 159 
0 29 196 
0 2 145 
0 7 124 
0 18 135 
0 0 170 
0 51 107 
0 2 365 
0 11 261 
0 74 198 
0 12 226 
0 14 187 
0 16 119 
0 34 261 
0 8 144 
0 9 122 
0 18 227 
0 9 200 
0 14 157 
0 32 172 
0 30 145 
0 17 363 
0 11 182 
0 9 64 
0 8 136 
0 22 173 
0 34 164 
0 12 161 
0 19 176 
0 30 131 
0 6 369 
0 44 137 
0 5 141 
0 0 225 
0 27 189 
0 22 166 
0 16 299 
0 4 208 
0 18 166 
0 14 230 
0 1 196 
0 6 123 
0 12 227 
0 20 137 
0 10 163 
0 3 81 
0 21 164 
0 11 115 
0 0 96 
0 18 137 
0 21 196 
0 4 139 
0 29 149 
0 6 225 
0 7 488 
0 3 184 
0 11 117 
0 13 194 
0 15 179 
0 5 208 
0 10 264 
0 7 171 
0 21 92 
0 31 130 
0 6 235 
0 11 130 
0 25 233 
0 1 167 
0 43 203 
0 32 210 
0 5 233 
0 6 109 
0 17 227 
0 3 320 
0 24 141 
0 10 96 
0 14 293 
0 8 197 
0 47 185 
0 13 166 
0 21 127 
0 5 342 
0 15 127 
0 24 86 
0 28 218 
0 25 160 
0 4 185 
0 16 165 
0 36 170 
0 24 216 
0 25 263 
0 33 131 
0 19 201 
0 1 205 
0 18 139 
0 6 131 
0 4 200 
0 15 122 
0 21 79 
0 32 118 
0 12 191 
0 15 193 
0 39 201 
0 4 130 
0 9 117 
0 10 242 
0 13 50 
0 10 161 
0 8 138 
0 2 201 
0 3 137 
0 15 179 
0 2 234 
0 8 197 
0 47 126 
0 2 158 
0 2 142 
0 30 240 
0 47 181 
0 0 113 
0 7 150 
0 6 129 
0 17 147 
0 37 139 
0 23 154 
0 22 104 
0 22 152 
0 16 121 
0 41 58 
0 18 254 
0 54 124 
0 21 81 
0 8 220 
0 8 158 
0 24 168 
0 19 163 
0 28 226 
0 8 285 
0 4 136 
0 6 94 
0 8 105 
0 25 196 
0 26 313 
0 32 117 
0 7 230 
0 18 120 
0 30 160 
0 22 176 
0 22 166 
0 27 133 
0 18 121 
0 18 85 
0 23 157 
0 64 107 
0 7 205 
0 7 118 
0 5 93 
0 2 130 
0 18 158 
0 1 190 
0 5 131 
0 13 312 
0 13 102 
0 18 153 
0 20 180 
0 26 169 
0 5 240 
0 7 199 
0 43 115 
0 7 174 
0 9 157 
0 9 165 
0 2 136 
0 6 172 
0 4 114 
0 2 122 
0 20 111 
0 5 159 
0 7 237 
0 66 64 
0 23 262 
0 18 262 
0 10 111 
0 3 194 
0 15 84 
0 2 237 
0 33 184 
0 27 154 
0 11 171 
0 16 192 
0 24 91 
0 7 162 
0 32 158 
0 18 307 
0 32 60 
0 29 135 
0 5 227 
0 17 107 
0 31 285 
0 35 202 
0 9 157 
0 56 153 
0 3 116 
0 0 169 
0 5 126 
0 15 184 
0 3 168 
0 20 288 
0 9 184 
0 17 157 
0 21 126 
0 24 201 
0 0 123 
0 21 178 
0 0 187 
0 19 163 
0 0 245 
0 11 269 
0 12 195 
0 9 195 
0 15 134 
0 4 145 
0 25 158 
0 3 125 
0 45 75 
0 7 173 
0 24 98 
0 3 191 
0 38 140 
0 29 199 
0 19 213 
0 22 188 
0 12 201 
0 28 166 
0 12 107 
0 24 160 
0 2 69 
0 3 167 
0 10 264 
0 5 199 
0 40 224 
0 15 158 
0 2 175 
0 28 120 
0 17 170 
0 4 181 
0 22 259 
0 23 148 
0 8 142 
0 4 187 
0 37 199 
0 24 136 
0 14 146 
0 0 182 
0 15 123 
0 4 176 
0 1 135 
0 12 172 
0 11 263 
0 1 197 
0 38 193 
0 3 224 
0 23 191 
0 12 155 
0 26 258 
0 1 177 
0 29 112 
0 13 161 
0 3 232 
0 8 247 
0 35 198 
0 8 129 
0 25 108 
0 0 157 
0 21 129 
0 13 154 
0 17 215 
0 33 251 
0 37 188 
0 22 143 
0 14 69 
0 25 189 
0 26 237 
0 32 188 
0 47 117 
0 27 227 
0 17 126 
0 7 162 
0 8 215 
0 23 203 
0 16 204 
0 1 159 
0 31 172 
0 6 177 
0 28 224 
0 11 236 
0 30 255 
0 20 168 
0 30 219 
0 24 216 
0 14 164 
0 11 58 
0 3 165 
0 15 121 
0 27 129 
0 8 139 
0 13 184 
0 20 215 
0 18 74 
0 10 128 
0 6 113 
0 3 218 
0 2 189 
0 0 256 
0 1 168 
0 6 195 
0 1 217 
0 19 189 
0 28 222 
0 8 104 
0 7 127 
0 25 200 
0 20 181 
0 13 180 
0 11 170 
0 5 83 
0 34 176 
0 4 204 
0 39 167 
0 2 224 
0 19 169 
0 2 279 
0 8 148 
0 2 136 
0 11 196 
0 17 165 
0 1 182 
0 13 217 
0 5 180 
0 20 88 
0 15 192 
0 24 180 
0 7 186 
0 28 264 
0 18 230 
0 10 125 
0 8 115 
0 24 156 
0 46 185 
0 1 129 
0 51 138 
0 33 106 
0 3 217 
0 11 173 
0 27 94 
0 13 190 
0 7 188 
0 2 192 
0 13 233 
0 8 235 
0 16 199 
0 3 185 
0 1 150 
0 31 157 
0 7 201 
0 35 179 
0 9 210 
0 48 186 
0 7 229 
0 25 156 
0 14 91 
0 38 149 
0 4 235 
0 17 143 
0 36 123 
0 41 169 
0 17 153 
0 10 186 
0 9 91 
0 33 238 
0 15 162 
0 12 115 
0 13 172 
0 15 159 
0 13 103 
0 41 177 
0 13 144 
0 48 68 
0 15 190 
0 15 162 
0 12 181 
0 13 186 
0 3 177 
0 28 115 
0 8 123 
0 7 135 
0 0 345 
0 25 220 
0 19 329 
0 28 122 
0 21 178 
0 35 116 
0 12 228 
0 59 156 
0 18 151 
0 89 131 
0 34 144 
0 21 119 
0 7 115 
0 25 177 
0 30 131 
0 33 189 
0 4 257 
0 22 126 
0 31 225 
0 5 209 
0 6 192 
0 21 115 
0 4 108 
0 8 280 
0 39 184 
0 42 142 
0 12 181 
0 11 215 
0 21 81 
0 6 151 
0 7 99 
0 1 99 
0 1 140 
0 22 283 
0 18 184 
0 11 98 
0 2 140 
0 13 128 
0 16 177 
0 12 138 
0 21 252 
0 3 199 
0 12 173 
0 11 137 
0 18 196 
0 41 101 
0 10 137 
0 0 301 
0 10 121 
0 16 112 
0 37 128 
0 8 153 
0 22 191 
0 44 195 
0 8 117 
0 15 196 
0 28 250 
0 12 220 
0 9 197 
0 15 262 
0 6 132 
0 5 210 
0 23 184 
0 21 285 
0 9 143 
0 9 128 
0 7 420 
0 14 185 
0 9 170 
0 6 226 
0 9 154 
0 4 164 
0 22 153 
0 12 249 
0 5 193 
0 57 155 
0 14 98 
0 22 118 
0 1 134 
0 5 308 
0 22 174 
0 15 251 
0 6 182 
0 3 175 
0 1 141 
0 36 129 
0 10 254 
0 5 110 
0 41 77 
0 3 138 
0 85 145 
0 50 116 
0 4 202 
0 17 231 
0 20 301 
0 1 200 
0 11 260 
0 12 155 
0 27 161 
0 35 93 
0 7 208 
0 47 190 
0 8 51 
0 11 193 
0 31 284 
0 19 139 
0 19 203 
0 13 239 
0 4 244 
0 4 158 
0 28 210 
0 21 118 
0 28 136 
0 18 250 
0 40 119 
0 3 204 
0 6 107 
0 18 241 
0 15 180 
0 35 206 
0 44 159 
0 16 209 
0 44 180 
0 23 104 
0 13 232 
0 10 58 
0 4 128 
0 25 232 
0 7 308 
0 7 198 
0 19 130 
0 4 250 
0 17 163 
0 0 203 
0 7 165 
0 5 196 
0 33 182 
0 22 231 
0 0 266 
0 7 151 
0 32 141 
0 19 200 
0 6 176 
0 14 240 
0 20 149 
0 20 212 
