0 44 79 
0 22 96 
0 40 92 
0 47 98 
0 32 102 
0 43 136 
0 1 40 
0 25 92 
0 69 85 
0 34 64 
0 17 121 
0 8 118 
0 17 104 
0 36 118 
0 35 74 
0 32 96 
0 16 91 
0 44 115 
0 9 157 
0 50 126 
0 60 61 
0 14 74 
0 24 166 
0 15 75 
0 13 126 
0 34 55 
0 11 82 
0 27 80 
0 20 85 
0 29 79 
0 31 87 
0 10 71 
0 34 98 
0 36 93 
0 21 106 
0 14 69 
0 34 79 
0 47 88 
0 31 81 
0 20 79 
0 24 82 
0 24 88 
0 25 152 
0 30 117 
0 24 73 
0 36 110 
0 23 132 
0 15 143 
0 58 117 
0 22 94 
0 26 118 
0 12 92 
0 5 124 
0 9 96 
0 13 99 
0 23 138 
0 39 56 
0 29 105 
0 35 82 
0 22 112 
0 20 62 
0 19 122 
0 29 60 
0 21 59 
0 19 154 
0 25 97 
0 19 68 
0 34 46 
0 3 136 
0 36 151 
0 14 89 
0 16 92 
0 43 111 
0 47 76 
0 54 68 
0 28 111 
0 22 66 
0 19 55 
0 40 75 
0 26 65 
0 33 108 
0 25 58 
0 23 78 
0 35 151 
0 24 43 
0 14 118 
0 36 119 
0 18 85 
0 20 58 
0 32 117 
0 31 66 
0 30 88 
0 8 184 
0 19 80 
0 21 48 
0 11 100 
0 53 91 
0 28 61 
0 18 152 
0 24 91 
0 13 107 
0 15 131 
0 22 118 
0 39 75 
0 20 97 
0 24 88 
0 29 145 
0 46 78 
0 38 167 
0 39 63 
0 7 70 
0 36 95 
0 26 85 
0 53 91 
0 17 66 
0 31 97 
0 33 36 
0 30 57 
0 8 89 
0 37 113 
0 38 52 
0 38 28 
0 45 101 
0 32 128 
0 48 80 
0 31 68 
0 5 85 
0 19 79 
0 23 77 
0 31 101 
0 31 169 
0 22 81 
0 22 67 
0 25 95 
0 20 96 
0 37 157 
0 16 80 
0 22 77 
0 12 165 
0 31 89 
0 25 61 
0 23 42 
0 24 83 
0 36 43 
0 45 78 
0 11 80 
0 39 110 
0 35 92 
0 24 84 
0 26 44 
0 42 82 
0 24 118 
0 28 113 
0 26 61 
0 51 113 
0 13 108 
0 45 101 
0 49 56 
0 29 122 
0 25 170 
0 46 96 
0 28 50 
0 26 130 
0 28 86 
0 24 40 
0 27 33 
0 34 101 
0 53 88 
0 26 78 
0 26 120 
0 53 62 
0 28 60 
0 27 56 
0 16 128 
0 24 112 
0 23 67 
0 31 82 
0 27 65 
0 61 153 
0 26 135 
0 41 118 
0 30 72 
0 14 99 
0 37 89 
0 17 83 
0 29 98 
0 25 90 
0 46 61 
0 28 107 
0 46 40 
0 21 66 
0 23 61 
0 16 94 
0 8 138 
0 22 72 
0 20 56 
0 8 110 
0 23 85 
0 21 78 
0 26 60 
0 29 45 
0 30 266 
0 16 192 
0 15 147 
0 32 82 
0 28 78 
0 33 63 
0 18 155 
0 27 86 
0 26 75 
0 20 90 
0 18 145 
0 33 105 
0 29 76 
0 27 70 
0 50 51 
0 19 107 
0 22 69 
0 15 102 
0 25 115 
0 27 108 
0 37 94 
0 45 84 
0 14 59 
0 24 120 
0 31 107 
0 4 112 
0 18 133 
0 46 63 
0 15 141 
0 42 74 
0 36 46 
0 13 72 
0 57 106 
0 48 120 
0 14 70 
0 22 83 
0 13 83 
0 15 124 
0 51 79 
0 26 79 
0 4 186 
0 28 134 
0 7 100 
0 53 129 
0 31 132 
0 28 114 
0 20 52 
0 44 53 
0 13 94 
0 8 68 
0 22 114 
0 9 106 
0 9 100 
0 11 158 
0 11 198 
0 28 98 
0 15 144 
0 24 107 
0 29 128 
0 57 58 
0 18 77 
0 18 51 
0 38 51 
0 40 143 
0 44 116 
0 15 104 
0 3 120 
0 16 93 
0 38 81 
0 22 62 
0 30 140 
0 25 107 
0 28 61 
0 35 100 
0 18 75 
0 50 60 
0 41 90 
0 20 136 
0 25 121 
0 21 93 
0 14 81 
0 25 46 
0 31 76 
0 30 94 
0 20 122 
0 9 43 
0 24 97 
0 19 52 
0 35 128 
0 46 57 
0 36 66 
0 15 61 
0 43 74 
0 51 95 
0 10 87 
0 40 98 
0 14 70 
0 23 132 
0 30 110 
0 11 95 
0 15 110 
0 28 79 
0 7 169 
0 17 45 
0 33 71 
0 31 95 
0 55 75 
0 47 120 
0 35 143 
0 16 101 
0 12 48 
0 38 104 
0 39 87 
0 33 147 
0 30 69 
0 26 42 
0 45 173 
0 66 108 
0 4 73 
0 48 125 
0 36 113 
0 34 61 
0 52 179 
0 32 45 
0 33 87 
0 15 25 
0 24 93 
0 27 110 
0 26 54 
0 34 161 
0 38 105 
0 14 103 
0 26 80 
0 24 55 
0 40 153 
0 27 58 
0 18 59 
0 16 67 
0 41 148 
0 58 107 
0 32 61 
0 35 75 
0 32 113 
0 33 102 
0 22 72 
0 19 75 
0 49 104 
0 14 86 
0 36 55 
0 32 17 
0 32 72 
0 22 118 
0 54 86 
0 32 66 
0 8 97 
0 24 88 
0 50 53 
0 9 53 
0 24 111 
0 22 72 
0 18 87 
0 26 114 
0 17 108 
0 25 84 
0 41 105 
0 55 89 
0 12 110 
0 31 118 
0 24 96 
0 31 36 
0 52 88 
0 20 97 
0 32 76 
0 38 124 
0 25 94 
0 30 81 
0 30 154 
0 25 95 
0 18 95 
0 28 85 
0 35 50 
0 34 199 
0 51 90 
0 36 131 
0 23 59 
0 19 82 
0 8 153 
0 33 98 
0 27 76 
0 6 123 
0 40 67 
0 22 150 
0 26 115 
0 11 106 
0 14 104 
0 57 97 
0 23 152 
0 24 133 
0 34 122 
0 24 97 
0 25 110 
0 21 82 
0 14 116 
0 20 56 
0 24 134 
0 9 75 
0 20 114 
0 34 82 
0 31 93 
0 52 116 
0 47 90 
0 49 66 
0 20 33 
0 15 116 
0 38 97 
0 24 105 
0 17 125 
0 33 74 
0 25 129 
0 27 131 
0 18 32 
0 41 12 
0 32 95 
0 20 101 
0 22 41 
0 33 118 
0 19 110 
0 42 118 
0 34 66 
0 75 84 
0 41 74 
0 16 89 
0 41 89 
0 35 58 
0 34 102 
0 15 146 
0 35 95 
0 17 76 
0 32 64 
0 35 114 
0 32 73 
0 24 89 
0 7 64 
0 21 135 
0 22 108 
0 43 98 
0 16 95 
0 15 139 
0 45 78 
0 28 84 
0 51 86 
0 11 134 
0 28 95 
0 8 148 
0 18 101 
0 21 96 
0 21 62 
0 26 75 
0 28 60 
0 45 135 
0 26 78 
0 29 145 
0 45 48 
0 59 47 
0 41 112 
0 15 88 
0 38 132 
0 39 59 
0 42 93 
0 32 122 
0 10 75 
0 14 87 
0 33 78 
0 12 108 
0 32 67 
0 40 58 
0 15 84 
0 27 120 
0 42 71 
0 27 140 
0 3 50 
0 39 36 
0 9 117 
0 13 28 
0 15 62 
0 31 46 
0 40 63 
0 30 46 
0 24 102 
0 17 106 
0 36 113 
0 35 113 
0 14 86 
0 35 48 
0 15 49 
0 16 72 
0 34 74 
0 15 91 
0 24 42 
0 26 167 
0 35 100 
0 18 114 
0 15 113 
0 35 101 
0 48 103 
0 20 54 
0 37 77 
0 46 66 
0 10 102 
0 48 80 
0 37 91 
0 38 40 
0 10 53 
0 41 61 
0 33 73 
0 13 85 
0 38 86 
0 14 72 
0 29 97 
0 22 67 
0 29 118 
0 12 118 
0 11 99 
0 18 88 
0 24 81 
0 41 52 
0 20 76 
0 25 89 
0 29 90 
0 8 97 
0 28 78 
0 23 137 
0 16 69 
0 26 88 
0 43 86 
0 49 136 
0 57 99 
0 30 61 
0 20 106 
0 11 62 
0 29 83 
0 10 96 
0 35 206 
0 16 118 
0 66 121 
0 12 89 
0 31 122 
0 67 80 
0 12 101 
0 38 102 
0 25 57 
0 9 68 
0 16 104 
0 38 97 
0 17 85 
0 38 102 
0 30 165 
0 24 81 
0 51 64 
0 25 145 
0 20 161 
0 23 82 
0 24 51 
0 8 84 
0 31 84 
0 29 95 
0 47 87 
0 22 125 
0 25 106 
0 24 90 
0 51 87 
0 49 113 
0 34 47 
0 4 120 
0 7 130 
0 21 68 
0 21 50 
0 7 82 
0 42 78 
0 47 125 
0 26 121 
0 26 70 
0 44 135 
0 32 83 
0 14 132 
0 21 106 
0 18 61 
0 43 118 
0 32 65 
0 30 75 
0 14 83 
0 37 106 
0 13 56 
0 62 51 
0 9 84 
0 18 86 
0 29 169 
0 34 44 
0 45 49 
0 13 46 
0 15 82 
0 13 141 
0 30 49 
0 8 58 
0 34 141 
0 17 77 
0 28 86 
0 42 97 
0 24 88 
0 27 138 
0 40 138 
0 15 92 
0 14 206 
0 22 38 
0 47 64 
0 31 76 
0 35 96 
0 19 96 
0 6 93 
0 62 56 
0 17 80 
0 12 73 
0 18 98 
0 27 61 
0 13 103 
0 15 119 
0 33 65 
0 44 41 
0 25 85 
0 31 106 
0 25 48 
0 16 88 
0 16 44 
0 35 82 
0 35 112 
0 42 69 
0 38 120 
0 30 75 
0 41 67 
0 30 83 
0 23 112 
0 22 118 
0 16 103 
0 19 84 
0 36 47 
0 30 173 
0 14 118 
0 17 121 
0 24 100 
0 49 81 
0 8 179 
0 34 116 
0 18 86 
0 20 67 
0 10 73 
0 26 67 
0 6 118 
0 33 103 
0 41 56 
0 31 84 
0 38 112 
0 20 71 
0 20 68 
0 19 63 
0 23 107 
0 11 92 
0 23 71 
0 24 93 
0 52 75 
0 20 49 
0 35 47 
0 59 110 
0 53 109 
0 24 92 
0 40 59 
0 23 104 
0 24 101 
0 29 129 
0 36 64 
0 14 72 
0 36 67 
0 30 140 
0 30 89 
0 24 157 
0 23 89 
0 34 75 
0 25 84 
0 33 113 
0 31 133 
0 23 70 
0 38 58 
0 20 118 
0 29 40 
0 25 28 
0 11 53 
0 17 90 
0 26 77 
0 36 70 
0 22 71 
0 16 96 
0 26 171 
0 30 41 
0 55 78 
0 11 124 
0 30 76 
0 30 108 
0 58 83 
0 34 122 
0 18 49 
0 29 49 
0 42 54 
0 34 121 
0 38 109 
0 22 40 
0 26 59 
0 45 81 
0 16 68 
0 22 79 
0 16 128 
0 32 148 
0 20 69 
0 38 100 
0 26 90 
0 13 101 
0 11 114 
0 14 138 
0 39 82 
0 8 112 
0 23 72 
0 27 69 
0 36 77 
0 29 42 
0 21 104 
0 15 67 
0 38 117 
0 22 146 
0 27 101 
0 21 83 
0 16 58 
0 28 122 
0 21 90 
0 17 46 
0 68 106 
0 7 60 
0 10 36 
0 36 114 
0 26 89 
0 39 86 
0 15 81 
0 30 47 
