0 247 25 
0 191 14 
0 175 23 
0 219 2 
0 172 24 
0 220 18 
0 201 17 
0 189 21 
0 178 6 
0 193 1 
0 188 6 
0 250 25 
0 234 12 
0 214 6 
0 218 11 
0 234 3 
0 176 12 
0 157 17 
0 205 31 
0 194 53 
0 165 6 
0 198 31 
0 223 4 
0 190 2 
0 217 5 
0 221 66 
0 170 10 
0 236 21 
0 213 5 
0 238 14 
0 191 13 
0 209 0 
0 211 15 
0 202 17 
0 210 13 
0 218 27 
0 211 31 
0 209 32 
0 237 8 
0 225 28 
0 228 18 
0 271 8 
0 276 8 
0 177 50 
0 220 37 
0 240 8 
0 263 4 
0 209 62 
0 192 14 
0 194 4 
0 163 13 
0 203 8 
0 231 22 
0 236 53 
0 238 24 
0 235 3 
0 231 8 
0 177 27 
0 182 19 
0 204 24 
0 224 32 
0 208 5 
0 127 12 
0 200 21 
0 208 46 
0 210 44 
0 210 6 
0 201 29 
0 219 82 
0 173 23 
0 198 0 
0 192 18 
0 233 22 
0 215 8 
0 234 6 
0 168 55 
0 162 14 
0 154 10 
0 229 9 
0 232 47 
0 157 11 
0 255 21 
0 185 7 
0 200 22 
0 208 22 
0 235 2 
0 279 2 
0 191 6 
0 206 6 
0 196 12 
0 211 56 
0 228 35 
0 189 29 
0 191 10 
0 196 23 
0 224 35 
0 211 23 
0 242 9 
0 221 8 
0 205 1 
0 268 12 
0 228 9 
0 187 21 
0 220 22 
0 176 29 
0 203 80 
0 204 19 
0 188 21 
0 208 25 
0 211 10 
0 237 21 
0 223 9 
0 267 14 
0 210 32 
0 242 14 
0 215 19 
0 213 27 
0 202 51 
0 211 10 
0 242 11 
0 277 2 
0 207 25 
0 178 13 
0 199 27 
0 208 5 
0 143 1 
0 223 0 
0 188 17 
0 179 20 
0 224 9 
0 203 5 
0 201 16 
0 145 14 
0 186 20 
0 194 14 
0 230 13 
0 255 16 
0 236 12 
0 225 0 
0 215 12 
0 218 59 
0 210 8 
0 210 21 
0 243 18 
0 203 20 
0 226 24 
0 233 6 
0 213 3 
0 194 17 
0 197 14 
0 180 3 
0 231 7 
0 188 18 
0 193 15 
0 219 20 
0 213 22 
0 239 43 
0 256 31 
0 227 29 
0 189 20 
0 263 15 
0 195 14 
0 223 35 
0 204 10 
0 213 22 
0 160 8 
0 261 34 
0 172 22 
0 205 25 
0 210 41 
0 267 1 
0 233 20 
0 215 9 
0 181 23 
0 195 20 
0 202 4 
0 156 4 
0 251 10 
0 199 48 
0 174 7 
0 248 4 
0 159 13 
0 172 9 
0 144 40 
0 234 13 
0 201 8 
0 256 11 
0 264 5 
0 214 12 
0 256 12 
0 208 16 
0 209 9 
0 199 5 
0 209 49 
0 222 4 
0 225 20 
0 185 29 
0 262 5 
0 258 4 
0 193 8 
0 235 5 
0 253 1 
0 273 3 
0 217 40 
0 142 95 
0 191 28 
0 220 9 
0 188 8 
0 215 10 
0 210 9 
0 244 25 
0 271 12 
0 174 25 
0 236 10 
0 216 49 
0 261 18 
0 175 13 
0 240 1 
0 156 11 
0 185 0 
0 220 4 
0 198 25 
0 178 10 
0 200 0 
0 220 5 
0 183 6 
0 220 20 
0 164 15 
0 194 14 
0 178 36 
0 244 27 
0 213 21 
0 267 11 
0 204 20 
0 219 21 
0 180 14 
0 223 2 
0 209 6 
0 236 0 
0 197 19 
0 164 61 
0 163 53 
0 178 21 
0 213 43 
0 186 18 
0 239 47 
0 219 49 
0 186 70 
0 219 42 
0 248 0 
0 238 26 
0 216 0 
0 178 75 
0 139 18 
0 265 0 
0 188 6 
0 221 29 
0 256 2 
0 264 5 
0 187 18 
0 199 5 
0 220 10 
0 260 20 
0 242 16 
0 202 41 
0 180 46 
0 201 16 
0 208 48 
0 219 19 
0 234 24 
0 215 28 
0 254 72 
0 240 3 
0 171 8 
0 196 78 
0 211 10 
0 200 7 
0 208 16 
0 255 15 
0 215 6 
0 195 34 
0 191 59 
0 194 32 
0 185 69 
0 213 4 
0 256 30 
0 220 2 
0 180 54 
0 185 30 
0 203 12 
0 234 45 
0 187 17 
0 188 7 
0 225 8 
0 191 36 
0 207 24 
0 297 15 
0 229 32 
0 191 42 
0 181 24 
0 256 8 
0 185 27 
0 122 33 
0 189 24 
0 224 28 
0 246 7 
0 204 28 
0 253 11 
0 247 21 
0 254 2 
0 216 43 
0 229 43 
0 221 18 
0 204 34 
0 229 13 
0 222 16 
0 205 9 
0 229 34 
0 199 12 
0 237 15 
0 192 1 
0 223 19 
0 226 11 
0 228 36 
0 186 22 
0 138 47 
0 191 17 
0 225 18 
0 224 61 
0 246 13 
0 226 29 
0 265 19 
0 206 27 
0 221 4 
0 206 13 
0 232 24 
0 218 19 
0 280 61 
0 223 13 
0 212 25 
0 224 4 
0 207 19 
0 181 18 
0 205 4 
0 206 63 
0 143 9 
0 251 5 
0 141 0 
0 156 13 
0 234 5 
0 201 36 
0 223 8 
0 274 19 
0 196 35 
0 277 22 
0 207 49 
0 292 16 
0 243 17 
0 211 21 
0 199 9 
0 196 2 
0 220 0 
0 199 46 
0 218 14 
0 225 32 
0 192 7 
0 222 23 
0 195 13 
0 255 27 
0 211 17 
0 153 29 
0 175 23 
0 152 40 
0 231 8 
0 175 9 
0 222 14 
0 154 46 
0 174 27 
0 208 27 
0 253 2 
0 219 35 
0 222 2 
0 203 13 
0 168 30 
0 236 8 
0 252 5 
0 206 10 
0 155 31 
0 230 62 
0 212 7 
0 195 40 
0 206 15 
0 176 11 
0 230 22 
0 251 4 
0 217 10 
0 234 15 
0 249 28 
0 223 28 
0 252 1 
0 203 9 
0 173 44 
0 214 5 
0 177 31 
0 227 9 
0 205 28 
0 224 7 
0 231 7 
0 253 13 
0 182 4 
0 230 72 
0 175 7 
0 209 26 
0 244 21 
0 228 20 
0 203 59 
0 237 27 
0 184 35 
0 224 7 
0 207 11 
0 193 5 
0 275 14 
0 216 16 
0 163 5 
0 205 5 
0 239 23 
0 181 9 
0 226 10 
0 211 1 
0 212 19 
0 182 26 
0 228 13 
0 156 19 
0 152 11 
0 239 2 
0 134 24 
0 233 22 
0 175 0 
0 149 82 
0 176 17 
0 194 7 
0 207 8 
0 193 10 
0 182 41 
0 252 25 
0 211 10 
0 211 16 
0 218 3 
0 183 23 
0 237 2 
0 155 40 
0 251 36 
0 233 21 
0 250 16 
0 176 31 
0 231 11 
0 202 2 
0 183 1 
0 223 36 
0 236 9 
0 207 37 
0 243 37 
0 203 33 
0 237 20 
0 274 22 
0 200 14 
0 203 10 
0 225 31 
0 210 9 
0 215 9 
0 228 10 
0 267 11 
0 233 46 
0 178 43 
0 157 14 
0 161 15 
0 217 5 
0 243 8 
0 201 6 
0 185 11 
0 227 1 
0 283 6 
0 199 11 
0 209 6 
0 186 18 
0 142 9 
0 223 72 
0 212 19 
0 209 13 
0 191 12 
0 201 13 
0 254 20 
0 244 17 
0 246 39 
0 200 14 
0 240 11 
0 177 48 
0 217 13 
0 229 10 
0 226 33 
0 190 16 
0 215 24 
0 217 0 
0 238 18 
0 204 24 
0 165 35 
0 222 18 
0 177 24 
0 253 9 
0 265 19 
0 226 14 
0 222 19 
0 221 0 
0 146 15 
0 243 18 
0 226 3 
0 217 4 
0 180 37 
0 228 14 
0 304 23 
0 218 19 
0 260 12 
0 188 25 
0 253 1 
0 256 2 
0 234 4 
0 172 3 
0 260 10 
0 187 15 
0 251 8 
0 224 47 
0 228 3 
0 223 17 
0 294 25 
0 227 69 
0 195 54 
0 172 20 
0 240 2 
0 261 5 
0 153 15 
0 232 19 
0 221 0 
0 198 18 
0 259 9 
0 229 49 
0 246 4 
0 208 13 
0 186 1 
0 174 6 
0 145 16 
0 215 3 
0 203 17 
0 256 16 
0 240 3 
0 216 4 
0 259 29 
0 182 17 
0 229 0 
0 213 14 
0 270 2 
0 253 38 
0 267 78 
0 207 39 
0 221 10 
0 228 24 
0 202 22 
0 211 6 
0 208 11 
0 236 7 
0 266 20 
0 233 32 
0 214 19 
0 257 24 
0 234 27 
0 164 2 
0 229 67 
0 196 14 
0 226 8 
0 221 16 
0 143 21 
0 223 5 
0 231 5 
0 219 27 
0 207 28 
0 236 5 
0 245 15 
0 221 4 
0 191 7 
0 190 1 
0 206 11 
0 217 15 
0 253 12 
0 227 32 
0 215 39 
0 249 4 
0 205 15 
0 264 30 
0 199 30 
0 195 24 
0 253 6 
0 223 39 
0 200 18 
0 275 38 
0 250 2 
0 162 56 
0 205 61 
0 192 27 
0 208 20 
0 182 2 
0 230 12 
0 205 48 
0 251 19 
0 246 13 
0 241 15 
0 256 37 
0 211 15 
0 208 32 
0 154 10 
0 203 18 
0 144 66 
0 227 25 
0 248 6 
0 246 12 
0 233 4 
0 204 12 
0 202 50 
0 196 10 
0 238 16 
0 170 21 
0 220 3 
0 192 5 
0 211 3 
0 178 22 
0 208 7 
0 177 6 
0 186 17 
0 227 32 
0 192 20 
0 234 14 
0 242 34 
0 249 9 
0 145 3 
0 206 0 
0 183 86 
0 196 28 
0 260 26 
0 183 25 
0 204 27 
0 227 34 
0 240 7 
0 195 16 
0 211 8 
0 192 22 
0 214 21 
0 184 21 
0 235 55 
0 242 39 
0 205 1 
0 193 24 
0 217 6 
0 198 26 
0 185 20 
0 205 37 
0 210 5 
0 207 24 
0 140 9 
0 279 2 
0 211 23 
0 164 35 
0 269 19 
0 252 1 
0 221 27 
0 197 22 
0 138 30 
0 208 39 
0 251 19 
0 240 6 
0 190 15 
0 213 34 
0 229 15 
0 291 10 
0 219 4 
0 197 31 
0 256 12 
0 224 32 
0 209 17 
0 204 4 
0 217 19 
0 242 3 
0 239 26 
0 191 26 
0 174 23 
0 219 17 
0 146 43 
0 187 61 
0 186 35 
0 265 4 
0 184 62 
0 189 15 
0 260 9 
0 191 9 
0 230 16 
0 205 3 
0 180 46 
0 231 4 
0 224 3 
0 268 44 
0 165 10 
0 195 29 
0 278 37 
0 181 50 
0 230 17 
0 215 34 
0 195 26 
0 215 6 
0 264 11 
0 228 49 
0 176 52 
0 284 8 
0 205 32 
0 228 16 
0 215 100 
0 280 2 
0 228 26 
0 250 1 
0 215 25 
0 175 0 
0 210 62 
0 181 21 
0 196 14 
0 175 45 
0 227 14 
0 257 15 
0 218 20 
0 238 8 
0 188 8 
0 174 22 
0 182 7 
0 253 45 
0 235 24 
0 236 85 
0 263 61 
0 228 38 
0 209 8 
0 180 9 
0 201 31 
0 198 20 
0 192 21 
0 219 2 
0 185 15 
0 274 17 
0 224 23 
0 281 11 
0 202 8 
0 220 32 
0 210 10 
0 216 29 
0 209 16 
0 196 41 
0 240 12 
0 166 25 
0 208 39 
0 181 4 
0 221 13 
0 222 1 
0 250 14 
0 172 66 
0 251 5 
0 225 29 
0 189 17 
0 250 8 
0 206 16 
0 179 14 
0 211 68 
0 236 25 
0 246 7 
0 224 1 
0 201 21 
0 193 28 
0 255 15 
0 125 11 
0 237 17 
0 166 70 
0 233 7 
0 210 6 
0 254 5 
0 204 3 
0 188 16 
0 251 7 
0 290 1 
0 276 13 
0 227 15 
0 253 19 
0 182 49 
0 236 20 
0 148 20 
0 224 12 
0 246 14 
0 191 44 
0 164 14 
0 230 10 
0 196 14 
0 178 17 
0 214 23 
0 183 14 
0 197 7 
0 255 48 
0 193 12 
0 216 18 
0 225 21 
0 242 5 
0 265 8 
0 236 27 
0 196 101 
0 189 10 
0 179 14 
0 233 4 
0 199 70 
0 180 11 
0 265 8 
0 215 13 
0 174 19 
0 199 0 
0 209 4 
0 222 51 
0 274 6 
0 167 7 
0 234 12 
0 215 19 
0 196 5 
0 193 25 
0 219 21 
0 272 32 
0 230 11 
0 204 35 
0 200 37 
0 230 13 
0 260 26 
0 273 33 
0 135 10 
0 193 26 
0 209 34 
0 180 46 
0 194 57 
0 206 19 
0 166 36 
0 230 9 
0 201 10 
0 180 16 
0 246 15 
0 244 17 
0 203 75 
0 215 18 
0 289 5 
0 210 15 
0 205 8 
0 209 12 
0 204 8 
0 208 9 
0 247 13 
0 222 14 
0 238 5 
0 240 0 
0 179 10 
0 200 20 
0 257 6 
0 209 16 
0 195 6 
0 196 18 
0 203 57 
0 235 52 
0 144 8 
0 214 9 
0 242 21 
0 185 20 
0 186 20 
0 212 22 
0 204 26 
0 261 1 
0 204 19 
0 209 9 
0 190 15 
0 224 29 
0 263 1 
0 206 22 
0 231 5 
0 184 17 
0 232 1 
0 255 1 
0 157 15 
0 222 11 
0 215 32 
0 262 12 
0 203 34 
0 223 28 
0 236 5 
0 259 30 
0 204 1 
0 244 33 
0 217 73 
0 251 5 
0 142 42 
0 187 7 
0 165 19 
0 221 4 
0 212 15 
0 218 1 
0 217 36 
0 227 18 
0 204 94 
0 238 26 
0 250 3 
0 187 29 
0 176 13 
0 205 8 
0 248 43 
0 220 0 
0 172 6 
0 148 5 
0 178 65 
0 182 13 
0 217 3 
0 214 32 
0 188 4 
0 206 7 
0 213 36 
0 225 19 
0 144 56 
0 194 7 
0 251 14 
0 234 23 
0 176 9 
0 154 81 
0 255 20 
0 287 0 
0 223 32 
0 155 13 
0 236 13 
0 224 20 
0 222 15 
0 217 22 
0 209 8 
0 162 22 
0 245 4 
0 214 27 
0 183 15 
0 290 12 
0 180 7 
0 251 1 
0 194 15 
0 244 25 
0 171 15 
0 180 26 
0 224 6 
0 221 38 
0 169 6 
0 191 82 
0 222 13 
0 265 18 
0 250 33 
0 197 5 
0 155 25 
0 221 10 
0 243 16 
0 191 9 
0 199 4 
0 234 8 
0 222 13 
0 192 12 
0 197 10 
0 151 24 
0 230 19 
0 221 18 
0 255 12 
0 191 8 
0 237 8 
0 228 24 
0 211 22 
0 226 2 
0 189 74 
0 173 15 
0 272 12 
0 231 4 
0 219 23 
0 218 23 
0 210 35 
0 187 4 
0 268 3 
0 235 17 
0 249 8 
0 150 6 
0 227 22 
0 249 12 
0 211 28 
0 217 88 
0 230 14 
0 199 17 
0 150 4 
0 264 7 
0 234 16 
