0 23 448 5 0 
0 76 232 37 0 
2 31 298 38 0 
0 37 268 33 0 
0 12 310 23 0 
0 16 327 33 0 
0 11 557 28 0 
3 157 286 3 0 
0 13 297 19 0 
1 84 378 55 0 
0 17 218 14 0 
0 31 341 146 0 
0 34 328 32 0 
0 31 377 37 0 
0 48 312 19 0 
1 11 420 38 0 
0 8 413 16 0 
0 3 308 60 0 
0 89 352 24 0 
3 7 473 69 0 
0 50 356 10 0 
0 76 329 83 0 
1 20 310 72 0 
1 43 418 47 0 
0 43 286 50 0 
0 38 335 31 0 
0 58 349 13 0 
6 6 487 22 0 
0 14 471 54 0 
0 5 271 67 0 
0 21 386 23 0 
0 54 306 32 0 
0 31 310 3 0 
0 60 309 31 0 
15 35 256 14 0 
0 48 366 0 0 
1 25 189 72 0 
0 56 395 4 0 
8 18 241 15 0 
0 48 300 12 0 
0 45 173 10 0 
0 48 323 25 0 
0 74 397 29 0 
0 39 211 22 0 
0 26 390 47 0 
0 33 268 1 0 
0 100 380 13 0 
1 65 288 15 0 
1 95 278 102 0 
1 14 349 26 0 
0 4 541 12 0 
0 1 453 22 0 
0 4 355 15 0 
1 9 320 31 0 
0 15 340 19 0 
0 40 289 11 0 
0 29 264 18 0 
1 5 222 9 0 
0 5 272 1 0 
0 11 309 35 0 
4 52 308 45 0 
0 89 286 27 0 
0 63 440 26 0 
0 48 345 38 0 
0 21 371 25 0 
0 19 273 6 0 
1 36 274 19 0 
0 17 304 128 0 
0 5 293 55 0 
0 70 293 16 0 
0 11 313 40 0 
1 20 273 62 0 
0 5 388 8 0 
0 7 431 28 0 
0 18 463 5 0 
1 37 322 77 0 
0 109 274 7 0 
0 73 389 29 0 
0 4 305 55 0 
0 10 463 22 0 
0 18 362 53 0 
1 12 207 65 0 
0 2 393 97 0 
0 11 287 17 0 
2 81 350 25 0 
0 4 383 86 0 
2 39 213 20 0 
0 21 270 24 0 
0 6 290 32 0 
0 130 394 10 0 
1 24 369 13 0 
0 61 241 17 0 
0 79 241 57 0 
0 72 308 8 0 
0 8 263 31 0 
0 11 451 33 0 
0 19 235 30 0 
0 12 408 56 0 
0 6 381 40 0 
2 5 218 8 0 
0 4 488 63 0 
0 152 379 86 0 
0 32 465 33 0 
4 107 277 65 0 
0 57 299 12 0 
0 27 301 17 0 
1 32 330 31 0 
0 58 302 21 0 
0 102 421 16 0 
0 54 356 12 0 
1 19 347 17 0 
1 102 198 18 0 
2 34 351 32 0 
0 13 283 59 0 
6 35 313 63 0 
0 43 391 2 0 
0 15 381 50 0 
0 50 379 48 0 
0 29 313 117 0 
0 13 393 14 0 
0 14 236 175 0 
2 13 313 1 0 
0 120 325 20 0 
0 120 304 5 0 
0 92 198 49 0 
3 53 388 22 0 
0 24 318 21 0 
0 31 222 118 0 
0 7 320 41 0 
0 5 290 127 0 
0 40 325 4 0 
0 24 211 116 0 
0 59 488 39 0 
0 4 390 3 0 
0 9 398 3 0 
0 70 261 81 0 
0 67 348 12 0 
0 86 318 8 0 
0 2 418 6 0 
0 50 392 29 0 
2 21 423 49 0 
0 211 424 3 0 
0 21 352 13 0 
0 119 206 38 0 
0 21 383 62 0 
2 29 215 45 0 
0 17 235 36 0 
0 8 295 29 0 
1 28 239 51 0 
8 11 304 83 0 
0 14 407 14 0 
1 15 341 16 0 
4 34 370 8 0 
1 8 323 23 0 
0 29 359 44 0 
0 14 320 90 0 
1 30 301 87 0 
0 8 414 47 0 
0 20 281 147 0 
0 67 282 2 0 
0 28 209 13 0 
0 45 340 10 0 
0 12 340 72 0 
0 15 301 28 0 
0 24 390 19 0 
0 51 373 37 0 
0 2 212 41 0 
0 23 423 33 0 
0 47 394 3 0 
0 115 281 47 0 
2 22 147 31 0 
0 54 267 52 0 
0 48 319 0 0 
0 4 319 116 0 
2 19 369 3 0 
8 64 402 6 0 
0 64 354 5 0 
0 46 234 19 0 
0 45 311 7 0 
0 63 310 29 0 
0 14 258 153 0 
0 61 323 52 0 
1 62 376 74 0 
0 57 188 37 6 
5 33 295 46 0 
0 20 307 5 0 
0 58 315 81 0 
0 35 253 93 0 
0 2 345 131 0 
0 27 397 89 0 
0 3 494 15 0 
6 17 174 12 0 
0 28 242 109 0 
0 53 252 21 0 
0 21 318 114 0 
0 36 281 8 0 
0 15 402 72 0 
1 24 309 64 0 
0 8 363 34 0 
0 33 302 2 0 
2 19 297 112 0 
0 61 241 78 0 
0 98 271 9 0 
0 88 323 73 0 
0 25 279 67 0 
4 17 254 6 0 
0 72 403 41 0 
2 64 252 23 0 
0 19 351 38 0 
0 15 307 2 0 
0 32 276 45 0 
0 7 404 11 0 
0 106 307 65 0 
0 54 330 30 0 
0 69 285 72 0 
4 21 350 14 0 
0 30 338 27 0 
0 66 496 135 0 
0 106 380 36 0 
0 5 284 8 0 
0 44 285 46 0 
0 158 283 138 0 
1 19 286 95 0 
0 2 360 13 0 
0 56 345 97 0 
0 34 428 36 0 
3 14 364 35 0 
1 29 246 77 0 
5 5 426 34 0 
1 39 331 150 0 
0 26 344 20 0 
2 37 311 73 0 
1 37 342 26 0 
1 14 247 6 0 
0 8 290 68 0 
2 90 207 1 0 
0 27 284 25 0 
0 38 422 63 0 
0 8 178 20 0 
0 9 333 36 0 
0 34 222 58 0 
1 87 262 24 0 
0 24 331 13 0 
1 24 376 77 11 
1 3 372 4 0 
2 80 462 15 0 
0 60 439 85 0 
1 72 344 28 0 
0 13 273 8 0 
0 54 381 9 0 
0 10 327 23 0 
0 9 355 54 0 
0 22 370 35 0 
0 28 329 34 0 
2 24 234 53 0 
1 50 251 30 0 
0 78 345 4 0 
0 48 346 17 0 
0 26 292 13 0 
0 9 325 69 0 
0 18 247 40 0 
0 8 309 17 0 
0 16 379 46 0 
5 8 258 120 0 
0 17 569 25 0 
0 11 312 43 0 
0 36 461 0 0 
2 56 262 19 0 
4 107 245 11 0 
1 94 321 12 0 
1 37 340 12 0 
0 48 317 45 0 
0 22 472 113 0 
6 25 290 0 0 
0 4 241 24 0 
0 53 445 74 0 
0 37 426 41 0 
0 0 366 8 0 
0 23 279 10 0 
0 8 349 152 0 
24 18 287 9 0 
0 46 397 10 0 
0 20 203 221 0 
0 9 467 74 0 
0 27 329 17 0 
1 7 264 46 0 
0 52 374 26 0 
0 48 194 75 0 
0 15 253 23 0 
0 11 254 29 0 
1 29 310 9 0 
1 8 352 97 0 
0 3 279 21 0 
0 5 374 3 0 
1 12 396 37 0 
0 31 401 12 0 
0 58 346 30 0 
0 37 296 21 0 
0 7 336 48 0 
0 11 257 32 0 
0 11 223 43 0 
1 22 411 13 0 
1 28 237 46 0 
1 104 358 15 0 
0 39 286 11 0 
0 129 328 0 0 
0 45 249 64 0 
1 23 469 105 0 
0 13 258 13 0 
1 16 307 37 0 
0 21 391 18 0 
0 26 277 202 0 
0 31 398 10 0 
0 53 330 8 0 
0 41 227 159 0 
0 45 345 128 0 
0 64 428 49 0 
0 57 328 9 0 
0 2 368 6 0 
3 22 238 45 0 
0 11 231 24 0 
0 7 272 57 0 
0 34 296 16 0 
0 15 272 2 0 
0 25 213 80 0 
0 36 446 17 0 
0 34 250 29 0 
2 56 483 38 0 
0 3 317 100 0 
0 79 324 40 0 
0 107 342 31 0 
0 19 364 67 0 
0 25 339 46 0 
3 44 268 33 0 
6 5 354 33 0 
0 48 365 31 0 
1 43 372 15 0 
1 20 370 30 0 
0 23 360 8 0 
0 39 277 26 0 
0 35 386 16 0 
3 25 242 38 0 
4 9 358 41 0 
2 9 429 28 0 
0 2 306 21 0 
0 25 318 4 0 
0 35 407 11 0 
0 5 195 56 0 
0 31 352 2 0 
0 23 362 88 11 
0 61 285 13 0 
0 22 268 67 0 
12 12 225 48 0 
0 11 347 25 0 
0 5 333 68 0 
0 163 241 77 0 
0 28 596 26 0 
0 18 196 55 0 
0 20 393 6 0 
1 45 292 41 0 
0 77 313 58 0 
0 12 324 48 0 
0 2 382 30 0 
0 44 184 62 0 
0 14 433 39 0 
1 43 357 32 0 
0 41 220 5 0 
0 59 369 0 0 
6 19 454 15 0 
10 26 351 31 1 
0 13 360 57 0 
1 12 347 58 0 
0 49 289 8 0 
0 40 322 20 0 
6 53 262 12 0 
0 21 369 71 0 
0 16 275 41 0 
1 65 236 11 0 
6 60 359 28 0 
1 41 284 22 0 
0 18 386 41 0 
0 83 298 16 0 
1 40 254 33 0 
0 52 379 28 0 
0 122 266 25 0 
0 61 304 86 0 
0 10 506 2 0 
0 49 321 100 0 
0 91 352 55 0 
0 7 292 21 0 
0 22 324 41 0 
6 63 339 24 0 
0 26 314 21 0 
1 35 303 5 0 
1 75 222 14 0 
0 4 410 45 0 
0 37 146 71 0 
0 42 373 1 0 
0 13 236 48 0 
0 27 292 94 0 
0 6 256 5 0 
0 1 343 115 0 
0 53 262 20 0 
0 68 366 12 0 
1 41 331 77 0 
3 36 312 13 0 
0 6 380 45 0 
1 95 352 3 1 
6 65 276 12 0 
0 10 339 52 0 
0 21 397 6 0 
1 15 401 20 0 
0 53 363 76 0 
0 3 459 61 0 
0 15 373 65 0 
1 43 451 100 0 
0 10 251 46 0 
2 22 272 12 0 
0 96 332 10 0 
0 31 301 91 0 
0 52 346 6 0 
0 46 288 22 0 
0 68 222 127 0 
0 2 412 18 0 
0 5 418 7 0 
0 29 322 38 0 
1 22 340 41 0 
0 55 257 106 0 
0 31 308 31 0 
2 167 188 6 0 
3 31 269 52 0 
0 23 364 63 0 
0 6 319 46 0 
0 70 303 48 1 
0 14 317 53 0 
2 75 457 28 0 
0 85 251 38 0 
0 34 339 51 0 
0 31 299 38 0 
0 16 418 4 0 
0 49 293 36 0 
0 11 291 37 0 
0 43 310 38 0 
0 3 230 9 0 
0 82 362 46 0 
0 23 272 7 0 
1 66 378 133 0 
0 14 383 5 0 
0 65 368 52 0 
0 20 319 38 0 
2 55 202 72 0 
1 33 612 4 0 
0 16 401 60 0 
0 14 350 12 0 
0 33 414 11 0 
0 29 207 64 0 
0 1 376 65 0 
2 77 231 111 0 
0 94 292 8 0 
0 92 293 43 0 
1 73 278 7 0 
0 35 300 75 0 
0 24 339 11 0 
0 18 303 11 0 
0 20 215 37 0 
0 23 276 13 0 
0 33 234 22 0 
0 18 325 62 0 
0 11 273 47 0 
0 2 234 47 0 
0 72 390 13 0 
2 82 262 21 0 
0 61 331 61 0 
0 81 218 140 0 
0 30 482 58 0 
0 34 418 25 0 
1 18 274 82 0 
0 55 269 79 0 
1 22 248 4 0 
0 16 480 16 0 
0 30 289 27 0 
0 81 303 15 0 
0 42 345 62 0 
0 116 282 64 0 
1 4 397 60 0 
0 24 380 111 0 
0 52 343 60 0 
0 43 370 51 0 
0 18 297 11 0 
0 2 510 5 0 
0 74 345 27 0 
0 9 281 13 0 
0 23 345 69 0 
0 11 362 15 0 
1 26 287 76 0 
0 32 398 1 0 
0 1 377 27 0 
0 31 353 30 0 
0 6 269 0 0 
0 9 291 59 0 
0 86 220 35 0 
0 22 348 64 0 
1 25 416 15 0 
5 41 224 9 0 
0 31 335 34 0 
0 22 293 19 0 
0 14 265 34 0 
0 60 210 42 0 
0 14 346 29 0 
0 24 339 18 0 
9 24 243 21 0 
1 135 172 38 0 
0 12 173 34 0 
0 3 206 102 0 
0 52 274 70 0 
0 49 252 69 0 
0 27 350 48 0 
0 90 253 25 0 
0 41 346 117 0 
1 20 262 77 0 
0 19 220 35 0 
0 19 300 73 0 
0 18 391 29 0 
0 3 278 28 0 
0 3 297 93 0 
1 88 278 11 0 
0 23 579 14 0 
0 24 370 12 0 
2 58 264 34 0 
0 11 443 22 0 
0 61 443 1 0 
0 15 274 76 0 
0 8 261 7 0 
10 28 292 8 0 
0 17 251 27 0 
0 99 260 21 0 
0 47 279 54 0 
1 52 366 3 0 
0 48 343 54 0 
0 13 261 11 0 
0 17 394 87 0 
0 59 324 69 0 
0 59 357 34 0 
0 22 331 56 0 
2 5 336 4 0 
0 31 247 12 0 
0 65 227 30 0 
0 47 388 25 0 
1 22 305 13 0 
0 85 193 25 0 
0 88 176 19 0 
1 121 578 6 0 
0 6 432 29 0 
6 8 284 12 0 
0 44 315 16 0 
0 3 300 74 0 
1 19 425 50 0 
0 29 322 30 0 
0 11 334 13 0 
1 82 330 15 0 
4 42 305 40 0 
0 50 255 24 0 
0 14 241 26 0 
1 39 327 28 0 
0 32 202 77 0 
0 10 431 43 0 
0 16 309 51 0 
0 120 337 18 0 
0 65 386 0 0 
1 33 273 16 0 
10 31 287 31 0 
0 80 218 81 0 
1 26 337 49 0 
0 32 453 5 0 
3 25 523 64 0 
2 26 322 31 0 
0 55 295 30 0 
0 35 336 4 0 
0 9 397 0 0 
0 101 219 38 0 
0 25 434 13 0 
0 39 245 10 0 
0 2 472 11 0 
0 47 390 9 0 
0 23 330 28 0 
1 26 412 90 0 
0 80 442 2 0 
0 11 439 54 0 
0 81 260 23 0 
0 104 308 99 0 
0 101 304 26 0 
0 217 249 28 0 
0 3 315 21 0 
0 79 234 83 0 
0 85 390 92 0 
0 47 166 15 0 
0 64 297 89 0 
0 5 218 53 0 
2 12 331 41 0 
0 64 275 36 0 
0 11 277 65 0 
0 99 281 8 0 
0 38 306 80 0 
0 57 328 90 0 
0 4 421 53 0 
0 49 286 35 0 
0 31 236 151 0 
1 10 280 22 0 
0 21 373 100 0 
0 43 263 18 0 
0 30 334 44 0 
4 49 253 39 0 
2 42 545 10 0 
0 24 263 25 0 
7 17 266 16 0 
0 8 347 5 0 
0 7 433 3 0 
0 37 277 31 0 
0 13 282 21 0 
1 1 214 215 0 
0 17 319 14 0 
1 119 319 58 0 
0 9 386 36 0 
0 20 339 17 0 
2 29 326 24 0 
0 21 339 20 0 
0 14 331 93 0 
0 34 342 21 0 
0 0 376 50 0 
0 23 409 31 0 
0 96 263 10 0 
0 0 453 37 0 
0 12 281 45 0 
0 20 348 46 0 
0 0 431 93 0 
0 35 434 16 0 
0 11 347 2 0 
0 31 284 112 0 
0 8 327 22 0 
0 36 340 31 0 
0 12 282 60 0 
0 145 320 2 0 
0 31 297 15 0 
0 6 332 42 0 
1 13 347 170 0 
0 1 310 19 0 
0 49 409 23 0 
0 4 281 17 1 
2 24 315 51 0 
0 45 288 24 0 
0 47 251 55 0 
1 41 195 36 0 
0 27 457 41 0 
0 68 199 46 0 
0 24 320 31 0 
0 43 276 33 0 
0 27 315 6 0 
0 40 493 28 0 
0 69 445 41 0 
0 42 286 13 0 
1 10 308 55 0 
1 3 276 51 0 
0 92 404 11 0 
0 18 301 0 0 
2 38 275 60 0 
0 24 414 13 0 
3 11 316 185 0 
0 27 307 27 0 
0 55 339 48 0 
0 33 422 7 0 
0 15 352 19 0 
2 43 321 90 0 
0 17 391 23 0 
2 34 312 47 0 
0 97 304 12 0 
0 31 413 13 0 
1 52 370 13 0 
24 77 285 11 2 
0 12 382 6 0 
0 1 301 31 0 
1 15 399 15 0 
0 45 388 3 0 
0 27 357 19 0 
0 24 383 22 0 
2 7 419 24 0 
0 27 293 8 0 
0 28 225 0 0 
0 66 307 14 0 
1 3 407 17 0 
0 26 299 137 0 
0 11 219 2 0 
0 9 343 34 0 
0 8 271 38 0 
0 47 294 89 0 
0 18 280 11 0 
1 40 250 27 0 
2 21 344 9 0 
1 28 318 33 0 
1 45 340 15 0 
1 21 309 52 0 
0 6 370 45 0 
0 28 394 53 0 
0 12 283 43 0 
0 71 438 3 0 
1 62 517 1 0 
0 105 268 6 0 
0 64 286 15 0 
1 2 297 13 0 
3 7 369 76 0 
0 21 180 58 0 
0 24 483 11 0 
0 8 333 16 0 
2 17 276 109 0 
0 18 267 17 0 
0 20 272 121 0 
0 14 399 21 0 
0 62 218 21 0 
18 43 288 13 0 
1 23 376 29 0 
5 54 250 77 0 
0 15 317 58 0 
0 19 365 43 0 
2 72 202 112 0 
2 39 256 19 0 
0 52 321 62 0 
0 26 367 6 0 
0 48 222 12 0 
0 29 258 50 0 
0 26 375 39 0 
0 93 344 4 0 
0 71 375 55 0 
1 19 354 21 0 
0 54 374 70 0 
1 57 299 2 0 
0 95 291 84 0 
0 104 295 61 0 
0 27 276 37 0 
0 21 320 36 0 
0 24 297 71 0 
0 4 352 144 0 
0 9 406 15 0 
0 3 484 70 0 
1 84 313 1 0 
0 42 225 47 0 
0 63 387 72 0 
0 6 343 89 0 
3 80 447 11 0 
4 56 277 13 0 
2 86 326 63 0 
1 10 268 26 0 
0 48 373 31 0 
0 14 377 133 0 
0 38 354 35 0 
0 47 443 53 0 
5 71 367 55 0 
0 38 229 32 0 
2 36 269 11 0 
0 43 334 18 0 
1 96 296 32 0 
0 4 333 52 0 
7 29 325 69 0 
1 17 306 41 0 
0 11 374 39 0 
0 28 324 40 0 
0 24 298 134 0 
0 13 355 118 0 
2 47 373 47 0 
0 20 497 63 0 
0 9 214 30 0 
0 52 224 22 0 
0 37 360 58 0 
0 39 313 12 0 
0 150 486 22 0 
0 30 242 3 0 
0 48 203 17 0 
0 48 161 11 0 
0 98 196 16 0 
1 52 247 50 0 
0 21 304 58 0 
1 111 297 48 0 
5 62 331 33 0 
0 9 268 55 0 
0 45 274 47 0 
0 40 367 33 0 
0 22 429 24 0 
0 9 421 22 0 
0 1 287 14 0 
0 14 336 31 0 
0 48 391 110 0 
0 100 292 29 0 
0 8 347 27 0 
0 102 235 39 0 
0 66 283 61 0 
0 85 354 93 0 
0 37 304 15 0 
4 32 385 16 0 
0 8 319 55 0 
0 102 263 52 0 
0 19 325 108 0 
0 68 274 17 0 
0 25 452 35 0 
0 70 381 64 0 
0 37 331 63 0 
7 70 298 30 0 
0 41 320 50 0 
0 27 364 28 0 
0 25 398 11 0 
0 33 288 29 0 
1 50 288 22 0 
0 41 370 50 0 
0 48 335 46 0 
18 37 366 7 0 
0 28 561 22 0 
4 53 262 124 0 
0 0 265 57 0 
3 2 352 5 0 
0 23 180 100 0 
0 2 315 0 0 
1 35 459 27 0 
0 33 348 7 0 
0 17 385 42 0 
0 13 232 52 0 
1 0 318 11 0 
0 0 567 22 0 
0 20 320 2 0 
0 49 369 26 0 
0 19 286 50 0 
0 70 317 30 0 
0 24 415 52 0 
13 7 338 12 0 
1 146 186 44 0 
0 59 361 63 0 
1 42 371 28 0 
0 19 247 14 0 
0 64 303 26 0 
1 9 377 42 0 
0 38 315 53 0 
0 23 450 24 0 
4 17 411 28 0 
9 53 300 15 0 
9 25 424 18 0 
0 22 331 3 0 
0 27 314 104 0 
0 32 273 61 0 
0 13 232 96 0 
0 70 203 68 0 
0 22 352 29 0 
5 18 355 97 0 
12 69 346 10 0 
0 16 320 30 0 
0 86 346 46 0 
0 0 313 67 0 
0 88 276 40 0 
0 41 458 15 0 
0 18 344 28 0 
0 74 269 26 0 
1 33 319 13 0 
0 89 474 0 0 
0 48 388 5 0 
0 12 348 54 0 
0 30 377 5 0 
0 24 354 5 0 
0 14 339 94 0 
0 20 222 19 0 
2 18 308 39 0 
0 80 315 40 0 
2 33 266 76 0 
0 1 443 56 0 
0 35 451 36 0 
0 11 328 0 0 
0 13 411 39 0 
0 16 274 12 0 
1 4 261 98 0 
0 6 581 15 0 
0 51 443 34 0 
10 52 354 78 0 
0 25 325 4 0 
0 48 309 40 0 
0 35 416 4 0 
0 82 397 35 0 
0 10 209 41 0 
0 0 355 52 0 
0 2 324 95 0 
0 68 301 6 0 
0 68 488 17 0 
0 82 207 101 0 
1 84 306 154 0 
2 11 559 24 0 
0 22 215 0 0 
0 49 335 5 0 
0 178 292 4 0 
0 30 261 11 0 
1 12 347 78 0 
1 94 258 47 0 
0 15 420 39 0 
0 22 269 47 0 
0 19 308 37 0 
0 17 289 82 0 
0 19 312 34 0 
0 48 484 21 0 
0 10 242 47 0 
0 55 273 48 0 
0 8 412 11 0 
0 3 350 36 0 
0 1 207 37 0 
0 68 306 3 0 
0 16 434 78 0 
0 56 340 24 0 
2 6 388 7 0 
0 96 248 49 0 
0 63 510 0 0 
0 33 226 22 0 
0 33 341 22 1 
0 19 435 36 0 
0 56 277 5 0 
1 18 353 28 0 
0 35 297 5 0 
0 63 350 145 0 
5 46 402 23 0 
0 60 329 61 0 
0 65 434 54 0 
1 36 306 8 0 
0 3 265 106 0 
0 36 433 8 0 
0 2 404 30 0 
7 86 222 40 0 
0 84 292 26 0 
0 42 232 39 0 
0 11 405 140 0 
0 26 309 25 0 
4 28 499 38 0 
1 37 399 33 0 
6 54 349 0 0 
0 147 286 6 0 
0 25 361 57 0 
0 1 211 43 0 
0 2 270 28 0 
0 14 353 16 0 
0 17 369 42 0 
1 42 276 3 0 
0 21 442 46 0 
0 13 237 11 0 
0 9 396 89 0 
0 6 311 38 0 
0 17 366 23 0 
0 21 377 47 0 
0 27 355 14 0 
0 8 347 26 0 
0 29 302 7 0 
1 17 315 20 0 
1 54 314 33 0 
0 14 295 27 0 
1 53 424 29 0 
0 52 225 31 0 
16 35 289 15 0 
0 17 331 31 0 
0 46 270 75 0 
0 49 254 40 0 
3 39 279 23 0 
0 7 290 56 0 
0 12 206 40 0 
1 26 222 75 0 
0 16 344 81 0 
0 9 374 75 0 
0 16 374 116 0 
0 19 391 36 0 
1 25 302 124 0 
6 54 480 70 0 
0 14 346 22 0 
0 19 439 6 0 
0 43 276 31 0 
0 7 431 130 0 
0 39 364 25 0 
5 57 238 29 0 
0 9 411 85 0 
0 20 291 109 0 
1 77 451 13 0 
5 9 293 37 0 
0 33 198 20 0 
0 53 251 1 0 
3 3 249 36 0 
0 25 347 69 0 
0 89 323 36 0 
0 58 395 28 0 
1 34 343 9 0 
0 18 383 74 0 
0 35 376 13 0 
0 98 276 31 0 
0 177 242 105 0 
0 10 381 13 0 
1 46 297 57 0 
0 0 368 37 0 
0 7 348 59 0 
0 30 286 30 0 
0 29 186 140 0 
0 42 358 15 1 
3 84 276 2 0 
0 112 215 76 0 
1 14 332 36 0 
0 54 236 34 0 
