0 690 0 0 0 
0 691 0 0 0 
5 679 0 0 0 
0 651 6 0 0 
0 650 0 0 0 
0 602 0 0 0 
0 636 0 0 0 
7 662 5 0 0 
0 693 0 0 0 
0 623 0 0 0 
6 535 19 0 0 
0 654 0 0 0 
0 675 12 0 0 
0 587 7 0 0 
1 617 3 0 0 
0 578 26 0 0 
0 585 0 0 0 
16 594 0 0 0 
3 605 3 0 0 
0 622 0 0 0 
0 588 0 0 0 
4 675 0 0 0 
7 590 2 0 0 
6 567 0 0 0 
0 562 7 0 0 
0 651 3 0 0 
0 537 0 0 0 
0 597 0 0 0 
0 616 0 0 0 
1 620 4 0 0 
0 651 1 0 0 
0 689 0 0 0 
0 542 0 0 0 
0 630 19 0 0 
1 625 0 0 0 
0 637 4 0 0 
0 632 6 0 0 
0 719 2 0 0 
0 564 0 0 0 
0 598 6 0 0 
0 546 10 0 0 
0 620 0 0 0 
0 582 0 0 0 
8 650 2 0 0 
0 682 0 0 0 
2 638 5 0 0 
0 619 0 0 0 
1 604 0 0 0 
0 566 1 0 0 
0 621 0 0 0 
0 622 0 0 0 
0 695 18 0 0 
0 668 0 0 0 
2 624 0 0 0 
0 681 0 0 0 
0 682 0 0 0 
16 611 2 0 0 
0 638 0 0 0 
4 612 0 0 0 
6 578 6 0 0 
0 582 0 0 0 
0 686 0 0 0 
0 557 0 0 0 
0 609 0 0 0 
2 566 0 0 0 
2 658 0 0 0 
1 576 3 0 0 
0 681 0 0 0 
0 620 0 0 0 
0 577 0 0 0 
0 694 0 0 0 
0 643 0 0 0 
0 637 0 0 0 
1 493 4 0 0 
0 597 0 0 0 
1 634 0 0 0 
0 644 5 0 0 
4 639 0 0 0 
0 609 1 0 0 
0 742 1 0 0 
0 606 0 0 0 
0 641 1 0 0 
0 642 7 0 0 
0 604 0 0 0 
0 668 1 0 0 
0 674 0 0 0 
0 643 5 0 0 
3 632 0 0 0 
0 563 0 0 0 
0 627 0 0 0 
0 658 0 0 0 
44 606 0 0 0 
0 623 15 0 0 
0 699 0 0 0 
0 604 0 0 0 
1 646 0 0 0 
2 539 4 0 0 
0 700 0 0 0 
0 665 3 0 0 
0 557 2 0 0 
0 604 4 0 0 
0 637 0 0 0 
0 679 0 0 0 
0 650 0 0 0 
0 654 0 0 0 
0 640 1 0 0 
0 759 0 0 0 
0 739 0 0 0 
0 699 0 0 0 
0 555 0 0 0 
0 648 2 0 0 
0 650 0 0 0 
6 613 0 0 0 
0 585 0 0 0 
0 642 4 0 0 
16 625 1 0 0 
4 596 0 0 0 
0 624 0 0 0 
0 650 0 0 0 
0 670 0 0 0 
1 667 0 0 0 
0 660 6 0 0 
0 621 25 0 0 
0 571 0 0 0 
4 614 6 0 0 
0 625 0 0 0 
0 627 0 0 0 
0 623 1 0 0 
0 759 0 0 0 
0 730 0 0 0 
0 628 0 0 0 
0 644 0 0 0 
0 579 0 0 0 
0 552 22 0 0 
0 637 0 0 0 
3 620 12 0 0 
4 604 2 0 0 
6 621 4 0 0 
0 649 0 0 0 
0 600 0 0 0 
0 551 0 0 0 
0 613 0 0 0 
0 677 0 0 0 
0 607 1 0 0 
0 646 0 0 0 
0 598 0 0 0 
0 583 40 0 0 
0 584 0 0 0 
1 686 0 0 0 
5 625 0 0 0 
0 664 0 0 0 
0 675 0 0 0 
5 656 0 0 0 
0 679 5 0 0 
0 637 0 0 0 
4 598 0 0 0 
6 663 0 0 0 
2 652 2 0 0 
0 647 0 0 0 
4 664 0 0 0 
0 616 0 0 0 
0 604 0 0 0 
0 627 0 0 0 
0 623 4 0 0 
1 619 8 0 0 
0 664 0 0 0 
0 653 0 0 0 
0 664 3 0 0 
0 628 0 0 0 
0 669 3 0 0 
14 639 1 0 0 
0 567 2 0 0 
0 595 5 0 0 
2 658 0 0 0 
0 559 14 0 0 
6 627 0 0 0 
0 679 1 0 0 
0 668 0 0 0 
0 603 0 0 0 
0 609 0 0 0 
0 642 0 0 0 
0 612 0 0 0 
0 641 4 0 0 
0 551 0 0 0 
0 615 0 0 0 
0 651 0 0 0 
5 662 0 0 0 
0 594 0 0 0 
33 558 7 0 0 
0 634 0 0 0 
0 651 0 0 0 
0 623 0 0 0 
0 673 0 0 0 
0 519 0 0 0 
0 673 3 0 0 
1 641 6 0 0 
0 578 6 0 0 
0 632 0 0 0 
0 614 0 0 0 
0 675 0 0 0 
0 593 8 0 0 
1 651 0 0 0 
0 649 0 0 0 
7 608 1 0 0 
0 590 0 0 0 
0 615 0 0 0 
0 617 14 0 0 
0 703 0 0 0 
0 592 1 0 0 
0 655 11 0 0 
1 607 0 0 0 
0 657 10 0 0 
0 629 0 0 0 
0 637 0 0 0 
0 679 0 0 0 
0 606 1 0 0 
0 620 0 0 0 
0 603 4 0 0 
7 631 0 0 0 
0 678 0 0 0 
0 599 0 0 0 
0 635 0 0 0 
1 672 0 0 0 
0 686 0 0 0 
0 621 0 0 0 
18 622 11 0 0 
0 602 0 0 0 
0 602 2 0 0 
11 571 0 0 0 
0 742 0 0 0 
0 561 0 0 0 
2 573 0 0 0 
0 609 0 0 0 
1 601 0 0 0 
0 600 0 0 0 
0 624 1 0 0 
7 655 0 0 0 
2 658 0 0 0 
1 582 0 0 0 
0 675 10 0 0 
1 644 0 0 0 
0 616 0 0 0 
0 667 2 0 0 
4 618 0 0 0 
0 575 6 0 0 
1 706 0 0 0 
0 637 0 0 0 
0 664 0 0 0 
1 658 0 0 0 
6 620 0 0 0 
7 604 3 0 0 
0 646 1 0 0 
0 611 0 0 0 
0 656 0 0 0 
0 648 0 0 0 
1 612 0 0 0 
0 682 0 0 0 
0 591 0 0 0 
0 599 0 0 0 
0 657 0 0 0 
3 633 0 0 0 
0 652 2 0 0 
0 645 0 0 0 
0 608 0 0 0 
0 635 0 0 0 
0 627 0 0 0 
0 654 15 0 0 
0 608 0 0 0 
0 649 0 0 0 
0 515 3 0 0 
0 668 0 0 0 
0 589 14 0 0 
0 602 2 0 0 
0 607 0 0 0 
0 563 0 0 0 
0 630 0 0 0 
0 664 0 0 0 
0 649 2 0 0 
8 636 11 0 0 
5 710 0 0 0 
0 664 0 0 0 
2 572 0 0 0 
0 662 2 0 0 
0 581 0 0 0 
0 723 0 0 0 
1 651 0 0 0 
0 703 0 0 0 
0 590 6 0 0 
4 555 0 0 0 
0 642 0 0 0 
1 641 0 0 0 
0 592 0 0 0 
0 683 0 0 0 
0 620 0 0 0 
0 569 6 0 0 
0 627 8 0 0 
0 578 0 0 0 
0 662 0 0 0 
0 561 0 0 0 
0 647 0 0 0 
0 629 0 0 0 
5 658 5 0 0 
9 629 0 0 0 
2 620 7 0 0 
0 631 0 0 0 
18 582 4 0 0 
1 633 0 0 0 
2 676 0 0 0 
3 609 0 0 0 
0 650 0 0 0 
1 563 0 0 0 
0 665 0 0 0 
0 543 0 0 0 
0 608 0 0 0 
18 619 5 0 0 
0 572 0 0 0 
0 645 0 0 0 
0 609 1 0 0 
0 639 0 0 0 
0 640 0 0 0 
0 641 0 0 0 
0 647 0 0 0 
0 644 0 0 0 
0 658 0 0 0 
0 668 0 0 0 
0 715 0 0 0 
0 641 0 0 0 
0 644 0 0 0 
0 598 0 0 0 
0 692 0 0 0 
0 640 3 0 0 
0 589 0 0 0 
1 627 0 0 0 
1 551 6 0 0 
0 687 0 0 0 
0 641 0 0 0 
6 673 0 0 0 
0 617 4 0 0 
2 638 0 0 0 
0 651 0 0 0 
1 625 0 0 0 
0 669 12 0 0 
1 602 1 0 0 
0 687 0 0 0 
9 666 4 0 0 
0 649 0 0 0 
0 643 4 0 0 
0 659 16 0 0 
0 611 4 0 0 
1 622 0 0 0 
1 610 0 0 0 
0 561 0 0 0 
0 691 0 0 0 
0 586 0 0 0 
3 691 0 0 0 
1 657 0 0 0 
0 636 0 0 0 
0 621 14 0 0 
0 649 0 0 0 
0 594 0 0 0 
0 616 1 0 0 
0 682 0 0 0 
0 658 0 0 0 
0 643 2 0 0 
0 676 0 0 0 
0 555 8 0 0 
0 639 0 0 0 
0 667 14 0 0 
0 658 6 0 0 
0 617 0 0 0 
1 707 5 0 0 
0 605 0 0 0 
0 659 0 0 0 
0 663 0 0 0 
0 677 0 0 0 
0 605 0 0 0 
5 614 0 0 0 
0 596 0 0 0 
6 609 0 0 0 
9 607 0 0 0 
10 630 0 0 0 
5 553 0 0 0 
0 637 8 0 0 
0 653 0 0 0 
0 691 4 0 0 
0 591 1 0 0 
0 616 0 0 0 
4 615 1 0 0 
0 617 0 0 0 
0 647 0 0 0 
0 603 0 0 0 
2 667 0 0 0 
11 634 31 0 0 
0 608 0 0 0 
0 652 0 0 0 
0 706 0 0 0 
0 630 3 0 0 
0 578 4 0 0 
0 596 5 0 0 
0 584 0 0 0 
0 602 6 0 0 
3 594 0 0 0 
0 683 0 0 0 
0 631 0 0 0 
0 622 0 0 0 
0 626 0 0 0 
9 640 1 0 0 
0 578 0 0 0 
0 610 6 0 0 
1 636 2 0 0 
0 725 2 0 0 
0 619 0 0 0 
4 664 0 0 0 
1 681 0 0 0 
0 551 0 0 0 
0 647 0 0 0 
0 628 0 0 0 
0 666 0 0 0 
0 627 0 0 0 
0 635 2 0 0 
4 711 0 0 0 
0 635 0 0 0 
0 637 0 0 0 
0 558 1 0 0 
0 668 5 0 0 
0 701 0 0 0 
0 636 1 0 0 
0 653 14 0 0 
0 659 0 0 0 
0 618 0 0 0 
0 550 0 0 0 
0 616 0 0 0 
13 579 0 0 0 
0 583 0 0 0 
0 695 0 0 0 
0 592 1 0 0 
0 601 15 0 0 
0 617 4 0 0 
2 703 0 0 0 
1 512 0 0 0 
4 592 0 0 0 
0 614 0 0 0 
1 626 8 0 0 
4 634 0 0 0 
0 587 0 0 0 
1 653 0 0 0 
0 638 0 0 0 
0 609 2 0 0 
0 633 0 0 0 
0 534 0 0 0 
8 612 0 0 0 
0 639 0 0 0 
6 623 2 0 0 
0 639 0 0 0 
0 602 0 0 0 
0 634 0 0 0 
0 637 0 0 0 
1 651 5 0 0 
0 563 0 0 0 
0 656 3 0 0 
0 615 0 0 0 
0 602 0 0 0 
0 586 0 0 0 
0 638 8 0 0 
11 611 4 0 0 
0 634 0 0 0 
0 662 0 0 0 
0 616 1 0 0 
0 603 0 0 0 
0 647 0 0 0 
0 619 0 0 0 
0 633 0 0 0 
0 633 2 0 0 
0 605 0 0 0 
0 619 0 0 0 
5 661 18 0 0 
1 639 10 0 0 
1 673 1 0 0 
0 610 0 0 0 
0 642 0 0 0 
0 706 0 0 0 
0 641 0 0 0 
5 647 0 0 0 
0 630 0 0 0 
0 675 1 0 0 
0 659 0 0 0 
4 623 0 0 0 
0 590 0 0 0 
5 668 8 0 0 
0 624 0 0 0 
0 589 1 0 0 
6 582 0 0 0 
2 619 0 0 0 
0 687 0 0 0 
18 610 0 0 0 
0 614 0 0 0 
0 611 12 0 0 
0 573 0 0 0 
0 614 0 0 0 
0 592 0 0 0 
2 604 0 0 0 
0 615 18 0 0 
0 623 5 0 0 
1 577 1 0 0 
0 585 0 0 0 
0 621 0 0 0 
0 640 1 0 0 
0 555 2 0 0 
0 650 0 0 0 
0 580 0 0 0 
0 632 0 0 0 
0 652 0 0 0 
0 622 0 0 0 
0 606 0 0 0 
0 674 0 0 0 
0 669 0 0 0 
0 578 0 0 0 
0 554 0 0 0 
0 654 1 0 0 
0 687 0 0 0 
2 592 5 0 0 
4 668 0 0 0 
0 596 2 0 0 
8 634 0 0 0 
0 631 0 0 0 
1 534 0 0 0 
4 699 0 0 0 
0 645 0 0 0 
0 670 0 0 0 
0 629 14 0 0 
0 563 0 0 0 
5 573 1 0 0 
0 629 0 0 0 
12 658 4 0 0 
0 694 0 0 0 
0 615 0 0 0 
0 646 0 0 0 
0 688 7 0 0 
7 550 0 0 0 
0 600 0 0 0 
0 662 0 0 0 
6 590 4 0 0 
0 721 0 0 0 
0 614 0 0 0 
0 601 0 0 0 
0 694 0 0 0 
0 615 1 0 0 
2 589 0 0 0 
0 630 3 0 0 
0 605 17 0 0 
0 606 0 0 0 
0 614 0 0 0 
0 550 0 0 0 
0 629 2 0 0 
0 638 0 0 0 
0 623 0 0 0 
1 628 0 0 0 
0 638 0 0 0 
1 595 0 0 0 
0 595 6 0 0 
0 641 2 0 0 
0 620 6 0 0 
0 657 8 0 0 
0 676 0 0 0 
0 616 0 0 0 
0 638 11 0 0 
0 617 0 0 0 
0 690 0 0 0 
0 569 0 0 0 
30 659 6 0 0 
0 657 7 0 0 
3 642 1 0 0 
1 621 0 0 0 
0 616 6 0 0 
0 623 0 0 0 
3 611 0 0 0 
19 603 0 0 0 
0 607 0 0 0 
0 634 0 0 0 
3 627 0 0 0 
0 649 0 0 0 
9 626 0 0 0 
0 617 0 0 0 
1 636 0 0 0 
0 631 0 0 0 
0 658 0 0 0 
0 574 0 0 0 
0 629 0 0 0 
0 627 0 0 0 
0 649 0 0 0 
16 640 8 0 0 
0 674 0 0 0 
0 566 16 0 0 
0 649 0 0 0 
0 571 16 0 0 
0 678 3 0 0 
2 571 0 0 0 
1 651 1 0 0 
1 626 0 0 0 
0 568 0 0 0 
0 580 0 0 0 
0 683 0 0 0 
7 673 0 0 0 
0 652 1 0 0 
14 598 0 0 0 
0 695 0 0 0 
0 612 0 0 0 
0 583 0 0 0 
0 595 0 0 0 
0 656 0 0 0 
0 626 0 0 0 
0 611 1 0 0 
4 584 0 0 0 
0 608 0 0 0 
33 638 0 0 0 
3 559 0 0 0 
1 673 5 0 0 
0 648 0 0 0 
0 706 0 0 0 
0 642 0 0 0 
8 607 2 0 0 
6 640 0 0 0 
0 690 1 0 0 
0 549 8 0 0 
0 598 0 0 0 
0 555 0 0 0 
0 584 0 0 0 
0 690 4 0 0 
0 639 5 0 0 
0 640 0 0 0 
0 606 0 0 0 
0 580 0 0 0 
0 650 0 0 0 
4 685 0 0 0 
0 683 0 0 0 
1 631 7 0 0 
0 614 1 0 0 
0 686 0 0 0 
20 612 0 0 0 
0 670 0 0 0 
9 699 0 0 0 
0 669 0 0 0 
0 627 0 0 0 
1 555 0 0 0 
0 581 0 0 0 
0 662 0 0 0 
4 539 0 0 0 
0 648 0 0 0 
13 659 11 0 0 
2 630 0 0 0 
0 603 12 0 0 
0 684 0 0 0 
0 682 0 0 0 
0 646 0 0 0 
0 656 0 0 0 
0 646 10 0 0 
0 626 0 0 0 
0 611 0 0 0 
0 636 0 0 0 
0 576 0 0 0 
0 640 0 0 0 
0 597 0 0 0 
0 618 0 0 0 
0 556 0 0 0 
0 606 0 0 0 
0 631 2 0 0 
2 654 0 0 0 
0 678 0 0 0 
0 609 0 0 0 
0 627 8 0 0 
5 628 0 0 0 
0 601 0 0 0 
0 650 0 0 0 
0 627 6 0 0 
0 666 6 0 0 
0 586 0 0 0 
0 675 0 0 0 
0 673 2 0 0 
0 676 0 0 0 
0 620 1 0 0 
0 616 0 0 0 
0 657 0 0 0 
11 660 0 0 0 
0 544 0 0 0 
0 616 2 0 0 
10 597 0 0 0 
1 605 25 0 0 
0 528 13 0 0 
1 596 0 0 0 
0 726 0 0 0 
1 632 4 0 0 
0 598 0 0 0 
0 678 0 0 0 
0 638 0 0 0 
0 627 3 0 0 
9 649 0 0 0 
0 639 0 0 0 
4 613 8 0 0 
0 517 0 0 0 
0 621 22 0 0 
0 678 0 0 0 
0 608 3 0 0 
0 606 0 0 0 
0 699 0 0 0 
0 656 0 0 0 
2 701 0 0 0 
31 595 0 0 0 
0 695 0 0 0 
2 595 0 0 0 
0 682 2 0 0 
0 618 1 0 0 
0 654 0 0 0 
1 609 0 0 0 
24 622 1 0 0 
0 643 0 0 0 
0 603 0 0 0 
3 667 15 0 0 
0 664 0 0 0 
9 642 0 0 0 
0 583 6 0 0 
0 607 0 0 0 
0 596 4 0 0 
0 599 0 0 0 
0 664 0 0 0 
0 585 0 0 0 
3 587 0 0 0 
0 615 0 0 0 
0 661 3 0 0 
0 655 2 0 0 
0 614 0 0 0 
0 569 0 0 0 
0 588 0 0 0 
0 617 1 0 0 
9 587 2 0 0 
0 649 0 0 0 
0 639 0 0 0 
0 585 0 0 0 
0 621 0 0 0 
0 619 1 0 0 
0 641 0 0 0 
0 553 0 0 0 
0 643 0 0 0 
0 620 0 0 0 
0 697 0 0 0 
2 568 7 0 0 
0 672 0 0 0 
0 636 0 0 0 
0 568 0 0 0 
2 618 3 0 0 
0 584 0 0 0 
0 669 15 0 0 
0 595 0 0 0 
0 612 1 0 0 
0 636 2 0 0 
0 638 0 0 0 
0 709 0 0 0 
0 646 0 0 0 
0 609 2 0 0 
0 635 0 0 0 
11 660 0 0 0 
6 545 0 0 0 
0 607 0 0 0 
16 632 0 0 0 
0 628 0 0 0 
0 645 0 0 0 
0 638 0 0 0 
0 597 0 0 0 
3 651 0 0 0 
0 575 1 0 0 
4 612 9 0 0 
0 616 3 0 0 
0 669 0 0 0 
0 642 0 0 0 
15 618 5 0 0 
40 493 22 0 0 
0 646 0 0 0 
8 615 1 0 0 
0 556 0 0 0 
2 608 0 0 0 
0 610 6 0 0 
0 609 0 0 0 
6 628 0 0 0 
0 572 0 0 0 
1 600 0 0 0 
0 626 14 0 0 
0 665 0 0 0 
0 708 0 0 0 
0 697 0 0 0 
0 560 0 0 0 
0 665 1 0 0 
0 606 1 0 0 
0 639 12 0 0 
0 540 0 0 0 
6 674 1 0 0 
2 646 2 0 0 
5 697 0 0 0 
0 697 0 0 0 
0 594 0 0 0 
1 574 6 0 0 
0 619 0 0 0 
0 623 8 0 0 
0 631 2 0 0 
9 620 0 0 0 
5 607 0 0 0 
0 652 1 0 0 
0 617 1 0 0 
0 671 0 0 0 
0 562 0 0 0 
0 614 0 0 0 
14 615 9 0 0 
0 726 0 0 0 
0 607 0 0 0 
0 553 0 0 0 
0 607 1 0 0 
0 676 0 0 0 
0 598 7 0 0 
0 643 4 0 0 
0 626 0 0 0 
0 702 1 0 0 
0 593 1 0 0 
0 639 2 0 0 
0 587 2 0 0 
0 598 0 0 0 
0 731 0 0 0 
0 581 0 0 0 
24 664 0 0 0 
0 589 0 0 0 
9 615 0 0 0 
0 696 0 0 0 
0 627 0 0 0 
0 698 9 0 0 
4 605 0 0 0 
1 625 0 0 0 
0 680 0 0 0 
0 649 0 0 0 
0 637 0 0 0 
0 649 0 0 0 
10 631 0 0 0 
3 554 4 0 0 
0 674 0 0 0 
0 670 2 0 0 
11 647 5 0 0 
0 602 0 0 0 
0 657 0 0 0 
0 635 0 0 0 
0 630 0 0 0 
0 627 1 0 0 
0 654 0 0 0 
0 614 0 0 0 
16 712 0 0 0 
0 590 0 0 0 
0 616 0 0 0 
0 636 0 0 0 
1 632 0 0 0 
0 603 0 0 0 
0 644 0 0 0 
0 688 0 0 0 
0 618 0 0 0 
6 657 0 0 0 
0 644 4 0 0 
6 646 0 0 0 
16 589 9 0 0 
0 620 0 0 0 
0 640 0 0 0 
0 581 0 0 0 
0 670 0 0 0 
0 652 0 0 0 
5 550 1 0 0 
0 606 0 0 0 
0 661 0 0 0 
0 594 0 0 0 
42 639 0 0 0 
0 620 0 0 0 
0 649 0 0 0 
0 646 1 0 0 
0 642 0 0 0 
0 633 2 0 0 
0 647 5 0 0 
0 617 6 0 0 
1 618 6 0 0 
0 628 0 0 0 
1 617 2 0 0 
1 639 1 0 0 
0 667 0 0 0 
0 608 6 0 0 
0 687 0 0 0 
0 580 0 0 0 
0 647 0 0 0 
0 641 0 0 0 
0 633 6 0 0 
0 688 0 0 0 
4 652 0 0 0 
0 617 0 0 0 
0 635 0 0 0 
0 621 5 0 0 
0 634 0 0 0 
1 603 0 0 0 
0 642 0 0 0 
0 584 0 0 0 
0 625 0 0 0 
0 614 0 0 0 
18 666 0 0 0 
0 651 0 0 0 
1 608 8 0 0 
2 579 0 0 0 
0 630 0 0 0 
15 645 0 0 0 
3 662 0 0 0 
0 579 1 0 0 
0 557 0 0 0 
3 655 0 0 0 
2 551 0 0 0 
0 643 0 0 0 
14 657 0 0 0 
0 573 0 0 0 
1 573 0 0 0 
5 624 0 0 0 
0 660 0 0 0 
0 553 12 0 0 
1 674 0 0 0 
0 713 0 0 0 
0 618 0 0 0 
0 589 0 0 0 
0 550 3 0 0 
0 567 8 0 0 
0 643 1 0 0 
0 571 0 0 0 
0 542 8 0 0 
4 612 1 0 0 
0 674 7 0 0 
18 645 0 0 0 
9 571 1 0 0 
0 632 0 0 0 
0 584 5 0 0 
0 667 18 0 0 
0 650 1 0 0 
0 542 0 0 0 
0 546 29 0 0 
0 626 0 0 0 
1 605 1 0 0 
7 615 0 0 0 
0 656 5 0 0 
20 651 0 0 0 
0 684 0 0 0 
6 581 0 0 0 
0 600 0 0 0 
0 680 0 0 0 
4 642 0 0 0 
4 568 18 0 0 
0 623 0 0 0 
0 687 0 0 0 
0 595 0 0 0 
0 597 0 0 0 
0 677 0 0 0 
1 614 0 0 0 
1 683 0 0 0 
0 708 0 0 0 
5 669 9 0 0 
0 667 5 0 0 
0 602 5 0 0 
4 675 0 0 0 
0 537 1 0 0 
1 655 0 0 0 
1 596 4 0 0 
1 623 9 0 0 
0 620 3 0 0 
0 589 2 0 0 
9 593 1 0 0 
0 652 1 0 0 
0 650 1 0 0 
3 635 0 0 0 
0 648 9 0 0 
0 608 0 0 0 
0 582 0 0 0 
0 618 3 0 0 
10 655 0 0 0 
0 599 0 0 0 
1 639 0 0 0 
0 610 0 0 0 
3 615 0 0 0 
0 710 0 0 0 
0 688 3 0 0 
0 615 0 0 0 
1 639 0 0 0 
0 597 0 0 0 
0 646 0 0 0 
1 597 0 0 0 
0 620 1 0 0 
8 577 0 0 0 
0 659 2 0 0 
0 570 0 0 0 
0 658 1 0 0 
0 633 0 0 0 
0 616 1 0 0 
0 656 0 0 0 
0 648 0 0 0 
0 687 0 0 0 
0 628 0 0 0 
0 611 0 0 0 
8 598 1 0 0 
