530 273 197 
546 194 260 
559 168 273 
552 292 156 
449 222 329 
648 209 143 
531 212 257 
382 173 445 
530 261 209 
436 243 321 
509 289 202 
469 297 234 
507 271 222 
580 199 221 
465 192 343 
566 254 180 
497 268 235 
506 237 257 
479 249 272 
570 229 201 
476 290 234 
551 239 210 
472 206 322 
455 235 310 
506 227 267 
495 311 194 
477 280 243 
480 202 318 
585 211 204 
532 251 217 
546 232 222 
573 235 192 
523 257 220 
469 247 284 
414 275 311 
551 237 212 
555 285 160 
594 218 188 
542 240 218 
484 257 259 
577 200 223 
524 234 242 
575 233 192 
511 225 264 
521 292 187 
562 238 200 
510 249 241 
558 243 199 
583 214 203 
511 276 213 
568 247 185 
521 214 265 
464 257 279 
464 175 361 
599 239 162 
409 261 330 
556 271 173 
582 235 183 
534 285 181 
478 246 276 
505 212 283 
452 210 338 
589 221 190 
504 280 216 
581 236 183 
535 229 236 
528 296 176 
556 199 245 
534 283 183 
455 206 339 
503 185 312 
499 306 195 
476 270 254 
488 294 218 
577 269 154 
593 217 190 
555 226 219 
546 247 207 
518 228 254 
508 215 277 
534 225 241 
679 192 129 
413 196 391 
543 278 179 
554 221 225 
507 195 298 
554 186 260 
496 263 241 
627 214 159 
557 241 202 
556 265 179 
489 223 288 
441 235 324 
514 228 258 
425 261 314 
493 253 254 
516 234 250 
478 305 217 
557 227 216 
551 284 165 
423 337 240 
540 243 217 
557 280 163 
519 230 251 
478 264 258 
424 290 286 
473 270 257 
513 258 229 
523 232 245 
657 231 112 
504 276 220 
477 241 282 
582 243 175 
513 251 236 
537 217 246 
548 295 157 
528 187 285 
603 244 153 
555 257 188 
496 288 216 
496 271 233 
514 261 225 
556 291 153 
462 269 269 
448 233 319 
494 278 228 
421 253 326 
514 243 243 
547 271 182 
497 250 253 
491 250 259 
451 267 282 
597 259 144 
551 238 211 
551 213 236 
537 221 242 
546 264 190 
575 284 141 
545 296 159 
538 270 192 
563 239 198 
580 246 174 
582 266 152 
486 216 298 
604 251 145 
539 270 191 
555 254 191 
479 274 247 
428 230 342 
549 221 230 
505 278 217 
601 237 162 
614 185 201 
506 299 195 
559 263 178 
469 253 278 
595 195 210 
547 238 215 
444 215 341 
436 287 277 
529 307 164 
528 215 257 
586 233 181 
504 258 238 
595 271 134 
530 251 219 
430 299 271 
438 290 272 
579 223 198 
584 242 174 
520 249 231 
561 195 244 
511 261 228 
586 230 184 
544 249 207 
569 235 196 
445 317 238 
452 261 287 
447 241 312 
465 256 279 
507 289 204 
586 231 183 
486 263 251 
508 262 230 
485 251 264 
516 196 288 
539 239 222 
472 262 266 
397 225 378 
556 241 203 
579 184 237 
492 227 281 
522 270 208 
481 293 226 
575 226 199 
544 275 181 
588 248 164 
490 275 235 
508 212 280 
532 254 214 
572 206 222 
488 259 253 
632 202 166 
515 227 258 
552 211 237 
540 256 204 
541 247 212 
565 221 214 
463 230 307 
458 285 257 
529 327 144 
522 250 228 
581 259 160 
456 266 278 
545 178 277 
613 197 190 
522 220 258 
604 184 212 
579 259 162 
541 234 225 
508 190 302 
576 266 158 
458 281 261 
499 225 276 
489 274 237 
659 203 138 
528 236 236 
607 250 143 
522 255 223 
523 269 208 
516 231 253 
540 240 220 
469 237 294 
587 217 196 
504 242 254 
631 195 174 
539 256 205 
366 228 406 
540 282 178 
525 240 235 
505 230 265 
551 246 203 
552 272 176 
523 273 204 
620 224 156 
547 250 203 
547 221 232 
549 227 224 
547 225 228 
507 239 254 
580 240 180 
516 217 267 
586 230 184 
510 273 217 
556 227 217 
556 214 230 
571 254 175 
546 247 207 
513 245 242 
527 230 243 
541 269 190 
615 253 132 
482 291 227 
637 231 132 
579 256 165 
474 235 291 
558 204 238 
632 241 127 
510 206 284 
613 209 178 
599 208 193 
550 310 140 
577 270 153 
549 226 225 
489 233 278 
496 323 181 
517 246 237 
572 237 191 
402 291 307 
565 226 209 
417 214 369 
568 207 225 
450 295 255 
512 282 206 
499 205 296 
424 253 323 
475 238 287 
508 260 232 
562 183 255 
500 281 219 
520 283 197 
580 238 182 
449 198 353 
511 237 252 
574 237 189 
591 215 194 
501 265 234 
488 275 237 
534 253 213 
514 239 247 
456 249 295 
589 216 195 
533 186 281 
541 204 255 
551 235 214 
602 162 236 
444 265 291 
539 231 230 
497 236 267 
557 265 178 
483 300 217 
536 277 187 
533 226 241 
504 241 255 
448 249 303 
562 229 209 
548 239 213 
600 225 175 
492 327 181 
474 233 293 
510 237 253 
628 180 192 
479 327 194 
573 232 195 
583 298 119 
647 212 141 
420 198 382 
465 278 257 
570 230 200 
506 215 279 
532 252 216 
483 257 260 
536 240 224 
496 251 253 
468 224 308 
468 196 336 
528 235 237 
582 262 156 
496 226 278 
524 267 209 
543 230 227 
511 291 198 
486 259 255 
514 261 225 
487 285 228 
505 228 267 
597 238 165 
584 202 214 
550 258 192 
507 280 213 
552 269 179 
504 171 325 
561 179 260 
534 286 180 
531 222 247 
558 261 181 
520 198 282 
616 241 143 
550 190 260 
543 223 234 
596 178 226 
608 205 187 
536 245 219 
536 206 258 
505 249 246 
457 249 294 
503 259 238 
525 219 256 
577 237 186 
439 300 261 
526 229 245 
568 223 209 
508 300 192 
429 292 279 
512 252 236 
533 223 244 
593 229 178 
554 233 213 
518 231 251 
623 218 159 
411 271 318 
571 255 174 
570 257 173 
589 249 162 
478 270 252 
454 273 273 
608 196 196 
493 281 226 
520 285 195 
468 209 323 
562 232 206 
612 225 163 
560 212 228 
386 221 393 
553 255 192 
500 195 305 
448 288 264 
511 243 246 
448 212 340 
578 298 124 
533 304 163 
470 255 275 
577 236 187 
467 270 263 
531 206 263 
549 244 207 
605 198 197 
546 286 168 
536 223 241 
583 239 178 
575 239 186 
611 234 155 
564 200 236 
534 302 164 
556 306 138 
505 267 228 
464 284 252 
566 215 219 
521 256 223 
503 242 255 
458 278 264 
540 255 205 
475 293 232 
520 228 252 
554 249 197 
471 335 194 
485 238 277 
559 235 206 
489 296 215 
540 281 179 
470 224 306 
478 281 241 
581 218 201 
531 243 226 
610 236 154 
559 228 213 
514 283 203 
548 268 184 
571 247 182 
493 285 222 
449 268 283 
511 206 283 
538 198 264 
568 278 154 
504 222 274 
483 286 231 
559 252 189 
499 198 303 
542 217 241 
479 222 299 
552 221 227 
643 230 127 
527 242 231 
546 226 228 
559 216 225 
530 258 212 
609 229 162 
514 249 237 
531 228 241 
522 222 256 
518 228 254 
552 230 218 
587 242 171 
496 174 330 
578 233 189 
425 263 312 
524 247 229 
516 283 201 
501 248 251 
503 270 227 
500 267 233 
607 198 195 
487 228 285 
564 264 172 
551 333 116 
492 267 241 
484 251 265 
526 237 237 
525 259 216 
540 256 204 
570 250 180 
540 272 188 
563 283 154 
590 279 131 
485 272 243 
535 233 232 
581 233 186 
443 290 267 
487 276 237 
638 221 141 
448 220 332 
531 236 233 
573 240 187 
531 223 246 
540 266 194 
535 219 246 
610 202 188 
581 244 175 
531 300 169 
514 294 192 
545 254 201 
568 238 194 
570 277 153 
557 223 220 
549 231 220 
564 237 199 
525 228 247 
408 203 389 
623 230 147 
507 296 197 
533 274 193 
585 220 195 
544 260 196 
513 296 191 
517 237 246 
578 231 191 
580 201 219 
573 228 199 
508 327 165 
524 263 213 
539 276 185 
564 245 191 
592 209 199 
546 249 205 
475 191 334 
448 210 342 
511 276 213 
544 279 177 
612 203 185 
456 259 285 
490 282 228 
494 299 207 
588 252 160 
464 313 223 
509 280 211 
555 234 211 
583 195 222 
453 289 258 
590 244 166 
533 261 206 
524 295 181 
542 227 231 
631 192 177 
604 252 144 
398 274 328 
583 186 231 
597 241 162 
548 244 208 
530 258 212 
539 229 232 
587 255 158 
537 244 219 
552 281 167 
549 267 184 
547 224 229 
549 244 207 
496 217 287 
615 244 141 
605 242 153 
538 304 158 
457 233 310 
523 195 282 
528 280 192 
505 230 265 
527 270 203 
635 209 156 
509 221 270 
413 267 320 
486 240 274 
607 204 189 
616 189 195 
523 286 191 
537 234 229 
566 260 174 
498 262 240 
455 283 262 
572 281 147 
546 286 168 
504 274 222 
614 258 128 
570 246 184 
497 200 303 
587 212 201 
623 219 158 
494 243 263 
611 256 133 
501 267 232 
616 191 193 
441 330 229 
545 269 186 
487 278 235 
484 243 273 
427 252 321 
582 242 176 
543 261 196 
445 281 274 
522 260 218 
583 215 202 
492 285 223 
452 277 271 
537 192 271 
629 223 148 
580 260 160 
613 234 153 
585 260 155 
573 283 144 
577 236 187 
592 203 205 
502 194 304 
464 211 325 
466 284 250 
439 266 295 
506 299 195 
524 291 185 
581 293 126 
511 286 203 
493 261 246 
535 232 233 
595 222 183 
498 201 301 
521 205 274 
578 253 169 
504 308 188 
460 273 267 
459 239 302 
539 281 180 
517 250 233 
599 237 164 
471 231 298 
587 209 204 
563 238 199 
538 198 264 
503 303 194 
606 164 230 
515 260 225 
442 266 292 
547 242 211 
499 254 247 
462 280 258 
484 276 240 
573 239 188 
577 253 170 
558 202 240 
535 280 185 
503 250 247 
541 275 184 
500 237 263 
496 206 298 
562 291 147 
517 258 225 
545 233 222 
523 314 163 
466 223 311 
575 200 225 
463 250 287 
490 318 192 
530 299 171 
616 247 137 
469 239 292 
649 194 157 
550 250 200 
578 284 138 
514 221 265 
618 194 188 
537 268 195 
477 238 285 
552 247 201 
548 273 179 
529 233 238 
502 280 218 
567 211 222 
540 227 233 
537 235 228 
559 259 182 
604 222 174 
498 260 242 
616 215 169 
529 249 222 
618 223 159 
558 224 218 
460 308 232 
520 289 191 
549 277 174 
505 274 221 
627 224 149 
540 251 209 
436 281 283 
508 261 231 
597 215 188 
499 240 261 
620 240 140 
589 244 167 
440 271 289 
587 272 141 
583 198 219 
447 209 344 
656 226 118 
555 244 201 
598 213 189 
588 182 230 
515 273 212 
562 201 237 
524 245 231 
539 243 218 
582 238 180 
519 297 184 
583 211 206 
509 314 177 
507 294 199 
522 254 224 
587 202 211 
564 254 182 
502 243 255 
585 233 182 
547 216 237 
524 286 190 
576 222 202 
500 283 217 
551 244 205 
581 245 174 
500 218 282 
464 252 284 
577 248 175 
541 251 208 
470 305 225 
454 269 277 
532 228 240 
472 282 246 
541 256 203 
549 269 182 
470 239 291 
610 232 158 
519 277 204 
505 258 237 
586 232 182 
559 189 252 
460 242 298 
559 202 239 
673 197 130 
659 190 151 
548 252 200 
565 261 174 
545 273 182 
486 304 210 
630 234 136 
522 265 213 
598 208 194 
527 293 180 
523 233 244 
579 254 167 
578 257 165 
513 267 220 
538 241 221 
496 295 209 
566 273 161 
663 197 140 
566 226 208 
538 216 246 
600 197 203 
622 260 118 
571 206 223 
591 262 147 
400 258 342 
550 276 174 
485 227 288 
548 264 188 
540 275 185 
513 263 224 
405 222 373 
558 252 190 
430 201 369 
572 256 172 
583 206 211 
527 262 211 
523 259 218 
525 281 194 
518 225 257 
614 206 180 
502 298 200 
576 221 203 
459 317 224 
541 237 222 
540 287 173 
497 251 252 
548 271 181 
494 270 236 
526 239 235 
462 239 299 
485 303 212 
558 264 178 
580 308 112 
538 243 219 
460 275 265 
521 255 224 
518 275 207 
573 216 211 
564 236 200 
548 287 165 
447 250 303 
516 291 193 
495 265 240 
558 236 206 
463 224 313 
613 222 165 
526 232 242 
511 254 235 
534 273 193 
546 270 184 
437 227 336 
591 247 162 
463 264 273 
453 230 317 
513 264 223 
551 244 205 
532 210 258 
472 304 224 
534 256 210 
469 220 311 
501 226 273 
605 255 140 
517 294 189 
492 307 201 
529 263 208 
488 211 301 
634 243 123 
562 247 191 
513 267 220 
439 285 276 
555 205 240 
533 308 159 
556 227 217 
450 333 217 
494 299 207 
545 254 201 
465 274 261 
523 241 236 
541 265 194 
478 275 247 
655 194 151 
464 220 316 
523 266 211 
624 220 156 
548 190 262 
484 251 265 
528 238 234 
516 307 177 
515 242 243 
505 282 213 
519 246 235 
470 257 273 
630 255 115 
535 282 183 
611 193 196 
551 235 214 
452 318 230 
571 306 123 
493 279 228 
586 272 142 
554 215 231 
568 224 208 
467 249 284 
544 189 267 
429 184 387 
519 239 242 
507 240 253 
479 266 255 
479 262 259 
498 260 242 
504 214 282 
526 246 228 
478 258 264 
570 241 189 
567 261 172 
546 307 147 
538 282 180 
479 259 262 
499 281 220 
475 265 260 
496 239 265 
479 267 254 
526 239 235 
476 292 232 
605 193 202 
601 249 150 
552 232 216 
443 310 247 
612 164 224 
592 216 192 
528 233 239 
410 254 336 
533 136 331 
463 279 258 
459 279 262 
541 273 186 
561 255 184 
520 220 260 
469 208 323 
522 211 267 
482 245 273 
494 284 222 
522 258 220 
473 266 261 
531 236 233 
551 210 239 
444 224 332 
499 305 196 
509 206 285 
469 274 257 
455 252 293 
470 292 238 
515 263 222 
416 284 300 
527 246 227 
570 269 161 
511 242 247 
469 183 348 
524 232 244 
583 270 147 
440 223 337 
475 282 243 
462 246 292 
589 286 125 
565 221 214 
596 210 194 
589 268 143 
640 223 137 
556 175 269 
557 235 208 
583 191 226 
430 257 313 
539 244 217 
478 275 247 
529 175 296 
537 250 213 
489 222 289 
526 274 200 
529 267 204 
560 264 176 
459 250 291 
599 261 140 
508 267 225 
538 235 227 
510 287 203 
417 304 279 
622 218 160 
463 260 277 
505 197 298 
561 242 197 
584 253 163 
508 236 256 
556 238 206 
576 257 167 
482 277 241 
554 243 203 
587 248 165 
563 243 194 
491 230 279 
468 253 279 
468 277 255 
581 183 236 
546 200 254 
593 181 226 
531 287 182 
555 257 188 
568 225 207 
512 278 210 
486 306 208 
593 261 146 
436 231 333 
464 246 290 
501 262 237 
428 239 333 
625 209 166 
568 248 184 
413 243 344 
495 240 265 
514 240 246 
425 295 280 
479 247 274 
502 320 178 
493 284 223 
515 302 183 
588 222 190 
563 221 216 
619 262 119 
524 320 156 
569 263 168 
529 236 235 
540 292 168 
496 265 239 
539 263 198 
409 274 317 
547 208 245 
554 221 225 
547 196 257 
468 302 230 
639 219 142 
447 265 288 
465 289 246 
540 247 213 
