86 207 129 0 0 
107 267 94 0 0 
134 310 47 0 0 
89 316 41 0 0 
87 233 53 0 0 
45 251 84 0 0 
162 188 57 0 0 
98 254 32 0 0 
166 284 49 0 0 
151 212 60 0 0 
95 191 52 8 0 
88 210 49 1 0 
122 188 12 0 0 
129 215 37 0 0 
77 249 119 0 0 
100 243 24 0 0 
96 227 50 8 0 
84 240 88 0 0 
104 238 57 0 0 
97 172 76 1 0 
116 244 77 0 0 
146 203 53 0 0 
122 199 28 0 0 
114 291 58 0 0 
119 248 18 6 0 
96 261 30 0 0 
122 198 101 4 0 
165 233 48 0 0 
72 237 44 15 0 
69 209 35 0 0 
223 210 93 4 0 
124 223 22 5 0 
92 151 18 0 0 
118 228 38 10 0 
260 254 68 0 0 
170 216 36 0 0 
78 186 32 0 0 
117 153 138 0 0 
61 237 72 1 0 
167 215 64 0 0 
136 236 34 0 0 
164 225 43 7 0 
65 275 66 0 0 
62 251 39 0 0 
134 143 28 0 0 
122 242 44 0 0 
61 216 99 0 0 
106 216 37 0 0 
217 189 26 5 0 
113 225 33 15 0 
136 246 59 0 0 
185 96 69 0 0 
67 230 70 0 0 
109 256 12 6 0 
70 234 18 0 0 
121 156 25 47 0 
169 98 44 0 0 
154 184 13 0 0 
115 272 132 0 0 
76 388 32 0 0 
120 320 24 0 0 
134 107 156 0 0 
116 175 17 2 0 
25 180 41 0 0 
107 204 28 0 0 
53 149 118 21 0 
149 244 34 0 0 
111 180 57 1 0 
142 220 43 0 0 
205 241 74 2 0 
113 218 39 0 0 
115 269 49 0 0 
121 167 37 0 0 
88 292 42 22 0 
130 238 66 0 0 
96 251 30 0 0 
175 126 27 0 0 
93 243 63 2 0 
135 175 28 0 0 
170 167 37 2 0 
114 167 20 0 0 
181 265 45 0 0 
144 179 31 0 0 
87 233 54 0 0 
58 269 73 2 0 
155 215 28 8 0 
70 342 39 0 0 
208 163 56 4 0 
140 251 84 1 0 
115 324 53 0 0 
139 168 58 0 0 
154 303 19 0 0 
162 250 56 0 0 
128 202 145 0 0 
55 227 59 0 0 
127 223 17 4 0 
76 248 107 0 0 
81 225 159 2 0 
63 347 110 0 0 
142 229 75 4 0 
111 198 83 0 0 
240 217 18 0 0 
119 355 11 0 0 
61 330 54 4 0 
130 267 45 0 0 
82 211 31 0 0 
141 229 38 1 0 
62 195 99 0 0 
99 209 112 3 0 
132 235 98 12 0 
125 222 56 0 0 
105 239 49 0 0 
154 242 31 0 0 
178 244 18 0 0 
103 211 113 0 0 
175 260 38 15 0 
196 176 40 0 0 
55 265 38 1 0 
141 202 93 6 0 
50 209 80 0 0 
108 200 10 0 0 
102 279 96 8 0 
90 235 64 0 0 
19 364 7 0 0 
95 226 112 0 0 
253 222 38 0 0 
70 259 92 0 0 
103 256 101 0 0 
158 203 117 2 0 
170 234 22 0 0 
184 280 53 0 0 
202 188 68 0 0 
78 301 100 0 0 
183 246 48 0 0 
98 281 47 0 0 
84 272 30 21 0 
54 292 33 3 0 
96 248 104 0 0 
100 249 25 0 0 
84 261 16 14 0 
94 207 86 0 0 
118 279 51 0 0 
57 162 63 5 0 
121 248 43 0 0 
124 291 27 4 0 
175 199 36 1 0 
142 191 42 0 0 
197 182 19 0 0 
76 228 67 0 0 
106 192 47 0 0 
145 154 8 2 0 
82 189 89 0 0 
85 220 106 0 0 
135 238 41 0 0 
138 230 114 0 0 
41 181 59 1 0 
104 163 50 0 0 
172 191 28 24 0 
119 187 39 0 0 
134 202 59 1 0 
131 167 67 9 0 
96 144 74 1 0 
47 115 104 1 0 
97 216 96 0 0 
95 191 89 0 0 
81 339 53 0 0 
153 207 96 1 0 
119 242 58 0 0 
149 252 24 0 0 
252 171 32 11 0 
128 210 104 0 0 
112 212 44 11 0 
154 266 27 1 0 
47 195 49 0 0 
64 245 88 5 0 
81 220 172 0 0 
150 239 61 0 0 
91 267 19 0 0 
63 231 70 0 0 
126 174 110 6 0 
134 245 14 0 0 
91 280 35 0 0 
69 267 25 0 0 
157 192 75 1 0 
60 172 42 26 0 
196 191 37 0 0 
154 176 43 1 0 
52 281 42 0 0 
165 286 47 0 0 
79 278 72 0 0 
94 243 68 0 0 
228 177 40 0 0 
64 238 59 0 0 
85 303 60 0 0 
129 170 69 0 0 
105 271 102 0 0 
89 172 53 0 0 
97 280 28 1 0 
171 192 40 0 0 
71 230 87 0 0 
217 210 106 0 0 
97 244 52 0 0 
101 206 63 0 0 
137 160 57 2 0 
108 306 102 5 0 
118 252 46 1 0 
141 235 71 0 0 
194 154 38 5 0 
171 237 27 1 0 
92 333 3 3 0 
157 245 74 0 0 
61 325 62 0 0 
120 173 114 0 0 
67 348 72 0 0 
28 272 105 1 0 
121 219 97 0 0 
206 289 51 0 0 
216 159 75 0 0 
118 178 73 3 0 
99 241 43 1 0 
161 104 67 0 0 
67 279 101 0 0 
83 294 35 0 0 
89 292 45 0 0 
118 240 20 0 0 
119 162 39 0 0 
86 145 64 0 0 
49 222 28 0 0 
143 178 61 25 0 
84 213 78 0 0 
145 169 76 3 0 
117 213 79 6 0 
102 304 91 7 0 
79 275 72 0 0 
88 278 61 4 0 
69 272 39 0 0 
143 277 49 0 0 
169 225 12 0 0 
156 240 64 0 0 
135 185 38 0 0 
121 245 55 0 0 
109 212 29 0 0 
144 353 60 0 0 
133 211 128 0 0 
64 247 61 0 0 
57 208 139 0 0 
186 229 41 0 0 
87 230 141 1 0 
98 184 17 0 0 
250 210 9 0 0 
73 312 45 0 0 
116 197 76 0 0 
91 232 57 17 0 
112 260 38 0 0 
131 240 65 0 0 
47 225 76 0 0 
170 188 55 1 0 
89 323 13 0 0 
91 258 35 0 0 
82 208 86 19 0 
152 259 74 0 0 
159 211 36 0 0 
121 232 71 0 0 
149 212 55 1 0 
78 259 42 0 0 
61 197 75 16 0 
303 198 31 5 0 
53 325 57 11 0 
104 259 35 0 0 
111 296 83 0 0 
76 292 103 0 0 
49 267 65 0 0 
169 174 29 0 0 
154 161 76 0 0 
104 232 49 0 0 
81 181 81 0 0 
197 215 29 0 0 
188 166 78 1 0 
187 198 93 0 0 
122 163 26 5 0 
100 235 56 60 0 
182 256 24 0 0 
64 164 46 0 0 
118 252 88 0 0 
88 344 28 8 0 
122 228 42 0 0 
127 279 20 0 0 
123 168 46 0 0 
60 241 44 43 0 
136 235 66 24 0 
175 180 79 0 0 
101 175 102 0 0 
209 185 48 0 0 
113 262 18 0 0 
201 196 17 0 0 
155 232 65 4 0 
64 299 43 0 0 
115 242 44 0 0 
138 163 99 0 0 
131 195 13 0 0 
130 212 37 0 0 
156 270 7 6 0 
57 242 101 0 0 
129 270 48 0 0 
139 272 59 0 0 
115 247 77 0 0 
136 216 19 0 0 
102 295 98 2 0 
133 281 51 1 0 
140 343 38 10 0 
105 196 33 0 0 
162 172 45 0 0 
181 203 70 2 0 
69 225 36 0 0 
107 298 45 0 0 
62 221 62 2 0 
116 228 6 0 0 
84 273 15 2 0 
136 315 84 0 0 
67 220 113 0 0 
100 198 35 0 0 
121 217 123 0 0 
82 299 57 4 0 
85 267 76 1 0 
91 327 44 0 0 
141 334 14 6 0 
77 283 76 0 0 
196 168 63 1 0 
128 216 53 0 0 
151 230 119 3 0 
177 176 55 0 0 
137 153 61 0 0 
127 189 137 0 0 
88 195 79 0 0 
106 305 33 0 0 
139 232 63 0 0 
54 240 81 0 0 
103 92 119 0 0 
143 116 58 3 0 
48 187 105 0 0 
87 162 60 0 0 
117 234 93 0 0 
114 220 19 0 0 
183 204 100 2 0 
81 269 14 2 0 
79 232 16 0 0 
168 248 28 0 0 
33 171 47 0 0 
74 192 47 0 0 
114 294 44 0 0 
30 153 47 3 0 
46 275 109 0 0 
277 92 60 0 0 
91 268 41 0 0 
104 270 26 0 0 
163 198 49 7 0 
87 264 24 0 0 
153 253 35 0 0 
147 174 39 13 0 
140 236 37 12 0 
74 250 64 0 0 
111 257 35 0 0 
74 252 17 1 0 
133 224 127 0 0 
184 229 35 0 0 
186 175 40 0 0 
125 233 43 0 0 
109 231 11 10 0 
129 165 54 1 0 
127 232 84 0 0 
74 276 59 0 0 
102 329 29 0 0 
87 280 67 7 0 
170 172 46 0 0 
75 152 13 0 0 
70 142 13 0 0 
84 302 52 0 0 
156 207 30 1 0 
55 222 26 1 0 
94 214 32 0 0 
134 164 55 9 0 
106 338 9 0 0 
42 214 56 0 0 
129 208 56 0 0 
119 182 65 0 0 
76 224 31 0 0 
100 308 21 0 0 
171 379 62 0 0 
85 278 51 0 0 
134 241 60 0 0 
185 287 13 0 0 
57 394 55 0 0 
139 287 25 38 0 
89 197 37 0 0 
142 214 26 9 0 
139 210 86 0 0 
137 338 42 0 0 
175 224 74 7 0 
173 182 42 0 0 
71 266 63 14 0 
104 241 81 0 0 
51 281 58 0 0 
230 169 31 0 0 
120 192 51 0 0 
115 283 62 0 0 
201 192 71 0 0 
63 212 72 0 0 
82 253 57 0 0 
147 260 39 14 0 
170 186 46 0 0 
70 341 49 0 0 
217 189 62 0 0 
198 184 84 0 0 
62 301 31 0 0 
124 276 73 0 0 
121 304 17 0 0 
133 144 46 39 0 
84 194 57 0 0 
90 210 52 0 0 
127 312 38 0 0 
96 269 69 0 0 
110 251 41 0 0 
77 289 63 0 0 
101 137 94 0 0 
146 162 22 0 0 
223 203 57 0 0 
98 273 48 0 0 
121 244 107 0 0 
115 266 36 0 0 
153 319 27 0 0 
70 362 51 0 0 
56 275 27 0 0 
80 279 70 2 0 
210 261 69 0 0 
101 172 34 0 0 
107 266 211 0 0 
112 217 30 0 0 
162 250 61 1 0 
178 154 144 0 0 
116 307 41 0 0 
76 288 82 0 0 
162 135 43 0 0 
169 202 113 0 0 
63 216 20 0 0 
55 301 47 27 0 
210 185 20 0 0 
63 313 80 2 0 
94 295 21 0 0 
56 216 17 1 0 
97 217 61 0 0 
125 261 51 2 0 
121 303 23 0 0 
116 234 48 0 0 
76 221 39 0 0 
108 302 78 0 0 
137 259 66 0 0 
54 298 39 3 0 
242 123 45 2 0 
113 200 50 3 0 
80 176 17 0 0 
195 241 36 18 0 
75 295 67 0 0 
178 231 11 0 0 
130 230 109 0 0 
157 276 37 0 0 
202 251 27 0 0 
130 264 63 0 0 
145 194 85 0 0 
150 185 39 0 0 
105 319 30 0 0 
35 231 44 4 0 
102 215 55 0 0 
127 227 59 8 0 
89 166 107 0 0 
104 216 60 0 0 
161 223 78 0 0 
83 214 105 0 0 
153 146 37 16 0 
122 222 23 0 0 
95 341 46 0 0 
203 186 19 0 0 
103 242 25 4 0 
33 217 48 2 0 
161 207 43 1 0 
99 247 86 0 0 
139 272 39 0 0 
102 231 85 0 0 
137 262 17 0 0 
84 254 20 0 0 
271 138 34 0 0 
183 277 68 0 0 
136 207 57 0 0 
166 274 28 0 0 
75 225 92 0 0 
99 206 133 1 0 
143 216 69 2 0 
141 198 48 2 0 
119 329 41 0 0 
68 173 80 21 0 
164 205 60 4 0 
149 197 39 0 0 
164 273 47 0 0 
160 257 13 0 0 
78 207 25 0 0 
257 220 64 0 0 
87 235 66 0 0 
178 153 77 0 0 
245 120 37 1 0 
166 217 55 0 0 
142 235 38 0 0 
133 224 67 2 0 
74 307 34 0 0 
122 315 53 0 0 
150 110 47 0 0 
63 225 40 16 0 
58 261 74 0 0 
32 228 80 0 0 
107 251 102 18 0 
155 283 17 0 0 
52 305 57 1 0 
78 340 9 0 0 
118 295 23 0 0 
54 225 40 6 0 
184 167 80 0 0 
94 198 63 0 0 
150 156 42 7 0 
118 193 121 0 0 
72 221 31 1 0 
175 174 14 0 0 
102 256 106 0 0 
86 141 55 3 0 
193 264 37 0 0 
203 117 91 0 0 
54 248 64 0 0 
125 243 38 1 0 
119 300 20 0 0 
143 207 42 2 0 
222 143 82 1 0 
173 205 38 3 0 
136 233 8 0 0 
127 170 47 0 0 
200 261 26 0 0 
79 298 34 9 0 
154 211 43 0 0 
119 234 20 0 0 
102 268 80 1 0 
164 142 83 0 0 
85 325 61 0 0 
90 224 76 1 0 
234 244 39 0 0 
154 180 21 8 0 
85 241 67 0 0 
95 165 64 0 0 
198 241 19 0 0 
138 174 73 0 0 
208 123 102 0 0 
130 197 21 0 0 
92 234 71 0 0 
118 242 60 0 0 
39 170 84 0 0 
122 276 81 16 0 
149 213 63 0 0 
149 115 46 0 0 
100 236 35 9 0 
113 182 28 0 0 
102 268 104 0 0 
56 223 30 1 0 
130 212 71 0 0 
142 303 22 3 0 
181 239 56 0 0 
175 236 63 0 0 
207 207 74 0 0 
108 207 24 1 0 
128 213 39 3 0 
117 176 111 1 0 
132 243 80 0 0 
49 259 110 0 0 
162 278 42 0 0 
55 252 86 0 0 
85 285 55 9 0 
102 282 107 0 0 
110 267 94 0 0 
174 225 3 0 0 
87 184 53 8 0 
83 265 78 0 0 
114 265 21 0 0 
92 333 38 0 0 
207 179 14 0 0 
65 262 77 1 0 
180 178 14 0 0 
113 200 104 0 0 
91 216 96 0 0 
124 336 27 1 0 
192 243 16 1 0 
126 294 69 0 0 
112 241 46 12 0 
165 295 37 0 0 
86 380 65 0 0 
90 192 76 0 0 
177 195 7 9 0 
103 151 76 0 0 
120 258 29 6 0 
130 192 13 12 0 
195 212 69 0 0 
223 163 5 0 0 
217 171 22 0 0 
143 243 113 0 0 
119 205 85 0 0 
93 292 63 0 0 
86 254 79 0 0 
161 236 47 0 0 
45 260 58 1 0 
76 212 28 0 0 
291 114 19 0 0 
97 249 127 0 0 
67 167 66 0 0 
133 222 86 0 0 
64 266 35 0 0 
166 228 77 4 0 
125 353 32 1 0 
169 160 29 0 0 
84 366 23 0 0 
28 236 89 0 0 
148 183 31 0 0 
131 182 71 0 0 
92 269 48 0 0 
119 143 137 0 0 
95 241 37 0 0 
103 218 82 0 0 
148 194 47 0 0 
192 262 25 0 0 
147 239 42 0 0 
210 183 83 0 0 
153 161 12 0 0 
143 242 154 0 0 
205 239 36 0 0 
87 278 50 0 0 
111 178 64 0 0 
129 247 62 0 0 
105 198 55 0 0 
133 122 80 5 0 
69 207 87 0 0 
98 233 78 3 0 
80 281 73 0 0 
136 149 57 0 0 
87 273 61 0 0 
59 267 33 3 0 
215 226 37 0 0 
72 316 38 0 0 
93 312 73 0 0 
56 255 84 0 0 
96 142 28 13 0 
195 280 30 1 0 
214 221 53 8 0 
133 246 53 29 0 
99 215 28 0 0 
164 281 39 0 0 
125 159 64 0 0 
88 171 38 0 0 
124 157 63 1 0 
81 277 22 50 0 
84 222 86 0 0 
61 224 76 0 0 
86 263 52 1 0 
138 181 109 0 0 
98 158 148 0 0 
115 145 24 0 0 
92 224 62 0 0 
57 180 72 0 0 
108 143 43 17 0 
88 272 41 0 0 
71 259 31 1 0 
86 329 66 6 0 
126 267 67 0 0 
113 275 26 6 0 
138 258 37 0 0 
93 251 45 0 0 
90 148 70 0 0 
143 230 36 0 0 
66 284 80 0 0 
111 367 21 0 0 
166 201 3 8 0 
119 315 30 0 0 
123 209 41 0 0 
73 299 62 16 0 
96 182 32 8 0 
105 326 30 0 0 
156 147 50 1 0 
108 218 89 0 0 
223 243 57 1 0 
93 214 73 0 0 
166 178 48 0 0 
102 180 29 0 0 
77 163 51 4 0 
164 203 58 10 0 
129 259 60 0 0 
161 230 60 0 0 
99 224 58 0 0 
112 211 98 3 0 
177 241 36 4 0 
71 204 15 0 0 
155 209 83 0 0 
136 248 40 0 0 
182 221 39 12 0 
108 206 46 13 0 
151 275 59 0 0 
64 272 89 0 0 
36 196 47 0 0 
57 213 98 0 0 
110 194 121 3 0 
56 237 86 0 0 
130 223 56 3 0 
48 300 26 1 0 
66 273 76 0 0 
202 260 7 0 0 
94 211 42 1 0 
142 235 91 1 0 
130 233 76 0 0 
132 214 76 0 0 
79 280 92 0 0 
93 168 92 0 0 
124 217 39 0 0 
242 179 82 1 0 
89 330 101 0 0 
159 137 54 7 0 
125 252 40 0 0 
159 239 6 4 0 
154 268 47 0 0 
134 192 23 0 0 
196 195 32 0 0 
148 109 52 0 0 
149 201 35 0 0 
97 264 82 1 0 
117 335 42 0 0 
118 242 50 0 0 
64 285 43 1 0 
132 426 0 0 0 
123 288 35 12 0 
104 306 81 4 0 
119 307 34 0 0 
84 286 54 0 0 
107 199 55 0 0 
66 265 71 0 0 
158 229 98 0 0 
85 287 34 0 0 
132 220 47 42 0 
111 176 74 0 0 
76 206 53 1 0 
114 168 109 0 0 
74 302 39 0 0 
46 229 49 0 0 
83 227 112 6 0 
148 174 56 0 0 
69 251 72 0 0 
152 291 64 1 0 
175 181 96 0 0 
151 278 83 8 0 
146 231 106 0 0 
69 257 80 0 0 
234 243 58 0 0 
76 235 82 0 0 
53 238 81 0 0 
181 142 27 0 0 
115 197 157 0 0 
93 318 44 0 0 
85 156 87 0 0 
100 252 63 0 0 
148 256 22 1 0 
128 291 44 0 0 
123 205 9 0 0 
71 295 32 14 0 
121 237 69 0 0 
88 196 68 2 0 
205 204 124 0 0 
85 294 37 1 0 
129 293 66 0 0 
91 297 33 0 0 
75 182 28 0 0 
63 166 95 0 0 
136 235 41 3 0 
61 235 63 0 0 
165 230 27 0 0 
59 284 103 0 0 
53 340 31 0 0 
165 153 54 1 0 
133 185 81 4 0 
203 207 42 0 0 
74 286 54 0 0 
98 181 65 0 0 
115 242 19 0 0 
88 280 88 0 0 
124 336 69 0 0 
158 200 69 0 0 
161 143 46 0 0 
46 291 19 0 0 
93 362 31 0 0 
96 195 150 0 0 
128 275 72 1 0 
74 265 41 1 0 
146 334 78 0 0 
107 208 6 0 0 
166 187 65 0 0 
113 276 54 10 0 
129 198 72 2 0 
73 282 10 0 0 
127 326 64 6 0 
75 186 15 0 0 
83 256 81 1 0 
152 251 72 0 0 
259 120 45 17 0 
154 139 54 0 0 
190 266 65 0 0 
149 232 45 0 0 
157 246 29 0 0 
160 305 68 0 0 
98 217 77 0 0 
95 209 23 0 0 
107 260 82 0 0 
50 341 35 0 0 
111 217 67 9 0 
151 271 15 0 0 
144 262 40 8 0 
91 202 31 0 0 
83 230 97 0 0 
264 232 54 5 0 
103 170 17 22 0 
110 195 67 0 0 
130 340 12 0 0 
139 186 108 0 0 
49 234 124 0 0 
108 361 67 0 0 
76 213 81 0 0 
111 244 82 3 0 
73 257 45 4 0 
78 309 26 0 0 
145 110 86 0 0 
181 287 77 5 0 
108 274 91 0 0 
154 285 37 4 0 
69 242 82 0 0 
145 114 8 6 0 
177 179 17 0 0 
102 216 36 1 0 
92 166 54 1 0 
182 313 62 0 0 
199 206 15 7 0 
221 184 36 0 0 
133 268 16 0 0 
50 239 102 0 0 
70 279 53 0 0 
186 216 84 1 0 
176 133 82 0 0 
110 148 59 1 0 
26 247 73 0 0 
90 246 48 0 0 
100 160 71 0 0 
69 215 35 0 0 
103 181 60 12 0 
189 209 81 0 0 
173 189 5 0 0 
132 318 13 0 0 
71 180 41 1 0 
118 379 24 8 0 
83 208 36 0 0 
132 191 41 20 0 
114 211 53 0 0 
117 172 84 1 0 
184 259 33 0 0 
110 238 26 0 0 
86 248 57 10 0 
105 175 57 0 0 
155 243 52 0 0 
65 239 108 0 0 
154 190 72 0 0 
55 203 111 1 0 
176 225 34 0 0 
217 232 50 0 0 
113 234 31 10 0 
180 223 49 0 0 
124 363 40 2 0 
71 259 122 0 0 
121 201 30 0 0 
144 118 87 1 0 
38 243 52 0 0 
79 201 71 0 0 
100 246 99 1 0 
162 231 6 0 0 
201 202 49 1 0 
95 274 61 0 0 
83 335 77 4 0 
68 363 66 0 0 
184 241 37 0 0 
168 225 87 10 0 
158 199 31 0 0 
135 238 17 0 0 
159 214 26 6 0 
107 169 131 0 0 
116 203 43 0 0 
141 315 54 0 0 
174 256 117 13 0 
177 254 52 30 0 
105 156 45 0 0 
73 238 35 0 0 
72 270 60 0 0 
204 135 25 0 0 
75 311 29 0 0 
89 230 7 0 0 
131 209 31 0 0 
95 233 15 0 0 
86 169 143 0 0 
100 263 110 0 0 
119 226 78 0 0 
71 323 96 24 0 
119 232 22 0 0 
170 210 63 0 0 
134 173 14 0 0 
89 254 46 0 0 
53 341 47 0 0 
96 220 59 2 0 
203 286 41 6 0 
114 146 85 0 0 
111 204 52 8 0 
147 226 18 0 0 
85 153 100 0 0 
58 404 94 0 0 
72 208 62 7 0 
137 202 63 2 0 
36 221 54 0 0 
188 250 54 0 0 
219 235 88 40 0 
165 225 35 3 0 
132 174 88 10 0 
54 171 61 42 0 
102 253 38 0 0 
148 227 22 11 0 
80 212 122 0 0 
127 262 64 0 0 
185 250 40 4 0 
81 324 69 0 0 
96 177 33 29 0 
116 263 24 0 0 
121 243 83 0 0 
166 221 34 0 0 
62 342 29 1 0 
207 397 33 0 0 
156 239 6 28 0 
104 265 73 0 0 
144 213 37 0 0 
55 238 14 14 0 
111 189 73 6 0 
132 230 88 0 0 
177 190 8 4 0 
78 165 93 0 0 
137 170 28 0 0 
109 173 78 0 0 
303 168 35 0 0 
120 119 59 13 0 
132 220 101 0 0 
63 240 26 0 0 
187 228 50 0 0 
96 211 41 0 0 
140 328 48 8 0 
75 319 66 1 0 
112 184 63 0 0 
148 198 164 18 0 
179 135 96 0 0 
80 207 89 6 0 
71 220 46 2 0 
174 192 51 11 0 
118 159 111 3 0 
108 271 70 2 0 
141 261 49 12 0 
100 326 37 0 0 
131 190 56 4 0 
203 243 11 0 0 
65 270 72 0 0 
175 254 11 0 0 
144 174 61 0 0 
69 313 74 0 0 
131 303 58 4 0 
100 300 69 0 0 
162 196 60 0 0 
103 218 116 0 0 
97 277 49 10 0 
55 274 56 0 0 
84 193 79 18 0 
88 333 14 12 0 
114 145 86 4 0 
107 217 75 0 0 
51 262 86 0 0 
139 203 88 0 0 
197 233 13 0 0 
159 275 36 0 0 
117 255 43 0 0 
102 413 58 17 0 
63 319 14 0 0 
197 214 16 1 0 
162 199 29 0 0 
82 255 16 0 0 
113 238 85 0 0 
