0 34 2 
0 100 0 
0 47 8 
0 73 0 
0 67 0 
0 52 2 
0 39 0 
0 50 0 
0 53 1 
0 103 17 
0 56 0 
0 48 0 
0 73 0 
0 66 0 
0 44 0 
0 41 3 
0 60 0 
0 59 13 
0 61 0 
0 45 5 
0 88 0 
0 67 0 
0 91 0 
0 28 0 
0 92 11 
0 49 2 
0 39 0 
0 76 1 
0 47 0 
0 71 0 
0 69 0 
0 55 10 
0 87 0 
0 58 5 
0 64 7 
0 17 0 
0 48 0 
0 63 0 
0 99 0 
0 48 1 
0 27 0 
0 93 0 
0 108 3 
0 68 2 
0 125 0 
0 62 0 
0 46 5 
0 68 2 
0 70 4 
0 45 0 
0 35 0 
0 57 0 
0 64 1 
0 79 0 
0 54 0 
0 48 7 
0 79 0 
0 81 3 
0 59 0 
0 29 4 
0 42 0 
0 69 0 
0 135 0 
0 45 0 
0 58 10 
0 38 0 
0 72 0 
0 81 10 
0 72 0 
0 52 9 
0 47 1 
0 34 0 
0 81 9 
0 34 0 
0 56 4 
0 61 0 
0 84 0 
0 92 7 
0 127 5 
0 52 0 
0 59 0 
0 119 0 
0 51 0 
0 55 1 
0 26 0 
0 82 0 
0 45 0 
0 37 0 
0 64 1 
0 111 0 
0 67 0 
0 68 5 
0 88 0 
0 70 5 
0 65 3 
0 29 0 
0 29 0 
0 51 1 
0 49 0 
0 107 2 
0 69 7 
0 44 5 
0 45 1 
0 66 4 
0 56 0 
0 79 1 
0 34 2 
0 56 2 
0 41 5 
0 29 5 
0 62 14 
0 55 0 
0 54 0 
0 63 14 
0 32 0 
0 65 3 
0 44 5 
0 52 4 
0 107 1 
0 62 0 
0 66 0 
0 31 8 
0 64 0 
0 46 0 
0 38 0 
0 48 0 
0 56 3 
0 24 0 
0 44 0 
0 48 0 
0 63 6 
0 55 6 
0 103 3 
0 34 0 
0 70 0 
0 56 0 
0 32 1 
0 56 7 
0 72 0 
0 49 0 
0 85 22 
0 49 0 
0 75 0 
0 45 1 
0 54 4 
0 58 0 
0 71 0 
0 68 0 
0 73 4 
0 25 0 
0 84 4 
0 47 0 
0 68 6 
0 41 0 
0 36 4 
0 79 3 
0 101 0 
0 52 1 
0 64 2 
0 40 0 
0 69 7 
0 39 6 
0 73 0 
0 61 0 
0 38 0 
0 41 0 
0 58 0 
0 91 4 
0 32 0 
0 69 0 
0 40 0 
0 57 4 
0 39 0 
0 35 3 
0 60 0 
0 61 0 
0 48 0 
0 54 1 
0 73 0 
0 74 0 
0 37 5 
0 22 0 
0 21 0 
0 67 1 
0 49 0 
0 41 1 
0 47 0 
0 35 0 
0 66 0 
0 68 0 
0 23 6 
0 115 6 
0 51 0 
0 54 0 
0 57 7 
0 92 0 
0 71 0 
0 84 0 
0 79 1 
0 60 11 
0 30 0 
0 114 0 
0 63 0 
0 44 0 
0 52 3 
0 42 0 
0 53 6 
0 60 4 
0 61 0 
0 86 6 
0 102 0 
0 114 0 
0 66 5 
0 81 4 
0 54 0 
0 39 1 
0 62 3 
0 23 3 
0 39 0 
0 62 12 
0 39 0 
0 71 5 
0 42 1 
0 46 0 
0 109 4 
0 70 0 
0 75 4 
0 58 0 
0 48 5 
0 49 2 
0 86 0 
0 66 3 
0 21 0 
0 46 0 
0 41 0 
0 59 0 
0 56 0 
0 54 1 
0 63 2 
0 56 2 
0 37 0 
0 73 0 
0 58 0 
0 72 3 
0 60 8 
0 78 2 
0 53 10 
0 72 1 
0 91 0 
0 35 0 
0 43 0 
0 32 3 
0 31 0 
0 43 0 
0 79 0 
0 61 0 
0 77 4 
0 63 0 
0 89 0 
0 40 0 
0 45 3 
0 30 0 
0 51 0 
0 69 0 
0 63 0 
0 43 4 
0 49 2 
0 73 3 
0 59 1 
0 89 7 
0 53 0 
0 55 4 
0 84 0 
0 43 6 
0 49 7 
0 81 3 
0 38 2 
0 48 0 
0 36 4 
0 91 1 
0 40 4 
0 77 0 
0 27 4 
0 48 0 
0 48 0 
0 56 0 
0 71 0 
0 92 18 
0 43 6 
0 48 0 
0 30 0 
0 56 0 
0 78 3 
0 60 2 
0 57 4 
0 55 11 
0 55 1 
0 19 0 
0 77 1 
0 32 0 
0 54 3 
0 30 0 
0 34 5 
0 55 0 
0 60 0 
0 44 0 
0 73 0 
0 103 2 
0 25 0 
0 50 6 
0 77 0 
0 60 6 
0 77 0 
0 43 3 
0 45 0 
0 66 8 
0 30 0 
0 94 12 
0 39 0 
0 106 7 
0 99 13 
0 108 4 
0 39 0 
0 42 0 
0 66 0 
0 35 0 
0 19 0 
0 52 1 
0 54 0 
0 80 9 
0 80 1 
0 51 1 
0 66 0 
0 55 7 
0 48 0 
0 161 0 
0 61 0 
0 71 0 
0 32 0 
0 72 0 
0 47 1 
0 61 2 
0 42 0 
0 44 0 
0 46 0 
0 55 0 
0 51 3 
0 40 0 
0 68 0 
0 49 2 
0 64 1 
0 83 1 
0 26 0 
0 72 3 
0 94 0 
0 55 0 
0 82 2 
0 79 0 
0 41 0 
0 59 0 
0 57 0 
0 45 1 
0 63 0 
0 51 10 
0 110 1 
0 111 0 
0 134 0 
0 76 22 
0 51 0 
0 61 0 
0 105 0 
0 40 0 
0 64 0 
0 32 0 
0 40 2 
0 63 0 
0 49 0 
0 62 1 
0 38 0 
0 81 0 
0 52 0 
0 42 4 
0 103 1 
0 65 0 
0 74 0 
0 43 0 
0 69 1 
0 23 2 
0 47 0 
0 40 0 
0 92 0 
0 85 4 
0 98 0 
0 80 0 
0 32 0 
0 37 0 
0 88 0 
0 95 11 
0 33 0 
0 73 6 
0 21 0 
0 57 3 
0 39 0 
0 32 0 
0 41 0 
0 35 0 
0 37 3 
0 57 1 
0 50 1 
0 81 13 
0 65 1 
0 38 0 
0 49 1 
0 47 0 
0 32 0 
0 61 0 
0 77 5 
0 99 0 
0 58 0 
0 51 1 
0 64 0 
0 48 8 
0 36 0 
0 74 0 
0 13 0 
0 48 0 
0 33 1 
0 111 7 
0 62 1 
0 83 3 
0 72 2 
0 31 0 
0 185 0 
0 59 13 
0 41 4 
0 76 1 
0 79 0 
0 66 21 
0 64 8 
0 52 9 
0 91 1 
0 102 4 
0 45 0 
0 70 2 
0 32 0 
0 32 0 
0 83 0 
0 69 2 
0 84 6 
0 81 1 
0 65 3 
0 76 3 
0 79 2 
0 44 0 
0 92 2 
0 50 6 
0 121 2 
0 93 3 
0 52 0 
0 94 4 
0 71 0 
0 27 0 
0 95 0 
0 117 15 
0 50 1 
0 58 0 
0 72 1 
0 67 0 
0 61 0 
0 46 0 
0 94 0 
0 38 0 
0 85 0 
0 37 0 
0 56 0 
0 38 4 
0 84 0 
0 50 4 
0 104 5 
0 51 5 
0 67 0 
0 53 4 
0 29 10 
0 53 0 
0 77 2 
0 97 0 
0 50 4 
0 54 1 
0 46 0 
0 40 0 
0 61 3 
0 95 4 
0 40 1 
0 70 1 
0 71 7 
0 74 0 
0 55 0 
0 72 4 
0 56 0 
0 46 0 
0 63 0 
0 47 3 
0 76 0 
0 30 4 
0 49 0 
0 72 0 
0 35 13 
0 29 0 
0 41 2 
0 33 0 
0 31 0 
0 36 0 
0 41 0 
0 52 0 
0 94 0 
0 17 0 
0 25 0 
0 89 0 
0 113 0 
0 85 1 
0 61 3 
0 60 0 
0 66 0 
0 81 1 
0 61 9 
0 59 0 
0 16 0 
0 52 0 
0 52 3 
0 53 0 
0 59 6 
0 51 0 
0 67 0 
0 64 0 
0 49 0 
0 33 0 
0 12 0 
0 40 0 
0 68 3 
0 62 3 
0 79 0 
0 73 0 
0 43 0 
0 50 6 
0 92 1 
0 56 0 
0 18 0 
0 55 8 
0 75 12 
0 52 15 
0 53 5 
0 37 0 
0 80 6 
0 67 0 
0 52 5 
0 48 0 
0 57 1 
0 67 0 
0 35 1 
0 102 0 
0 74 8 
0 66 1 
0 70 4 
0 42 0 
0 42 1 
0 34 0 
0 70 6 
0 73 6 
0 74 6 
0 64 6 
0 48 0 
0 40 0 
0 67 3 
0 80 5 
0 59 3 
0 76 0 
0 41 2 
0 115 1 
0 32 5 
0 51 8 
0 50 0 
0 88 0 
0 45 0 
0 55 1 
0 41 0 
0 41 0 
0 53 7 
0 73 0 
0 52 0 
0 60 8 
0 50 0 
0 43 2 
0 57 4 
0 17 1 
0 69 0 
0 47 0 
0 63 1 
0 106 2 
0 64 0 
0 9 2 
0 41 6 
0 89 1 
0 35 0 
0 59 1 
0 62 0 
0 72 7 
0 41 12 
0 73 2 
0 37 0 
0 24 0 
0 51 0 
0 128 3 
0 47 3 
0 66 0 
0 36 0 
0 49 2 
0 64 1 
0 58 1 
0 24 0 
0 85 1 
0 53 2 
0 115 0 
0 45 0 
0 44 2 
0 46 0 
0 108 6 
0 82 0 
0 68 0 
0 86 12 
0 45 0 
0 83 0 
0 46 0 
0 43 8 
0 69 0 
0 55 0 
0 32 0 
0 101 9 
0 52 0 
0 106 0 
0 57 0 
0 111 6 
0 44 0 
0 41 0 
0 78 1 
0 58 1 
0 72 0 
0 59 0 
0 106 0 
0 36 0 
0 58 0 
0 74 0 
0 80 17 
0 49 1 
0 63 0 
0 13 0 
0 29 0 
0 28 0 
0 66 0 
0 53 0 
0 47 0 
0 33 0 
0 42 2 
0 47 6 
0 23 0 
0 55 0 
0 28 1 
0 52 0 
0 63 2 
0 66 8 
0 65 2 
0 43 0 
0 91 5 
0 92 4 
0 36 0 
0 110 0 
0 78 0 
0 59 0 
0 23 0 
0 122 0 
0 72 3 
0 51 0 
0 74 5 
0 80 8 
0 60 1 
0 103 24 
0 67 0 
0 53 14 
0 70 6 
0 77 7 
0 89 6 
0 81 16 
0 67 0 
0 89 5 
0 39 0 
0 90 0 
0 52 9 
0 49 0 
0 37 0 
0 38 0 
0 78 0 
0 46 0 
0 98 0 
0 84 9 
0 81 1 
0 72 0 
0 37 0 
0 88 13 
0 53 0 
0 100 14 
0 46 0 
0 32 2 
0 51 4 
0 33 0 
0 57 0 
0 66 2 
0 64 0 
0 75 5 
0 77 0 
0 44 0 
0 48 0 
0 56 5 
0 79 0 
0 52 0 
0 62 0 
0 36 0 
0 29 6 
0 80 0 
0 52 0 
0 90 0 
0 52 0 
0 84 5 
0 25 0 
0 66 6 
0 50 0 
0 52 0 
0 67 0 
0 98 12 
0 41 10 
0 83 0 
0 45 0 
0 60 0 
0 67 5 
0 61 2 
0 94 0 
0 67 0 
0 95 0 
0 61 8 
0 66 2 
0 55 0 
0 39 0 
0 65 0 
0 86 13 
0 79 0 
0 62 0 
0 54 1 
0 32 0 
0 52 3 
0 51 2 
0 38 0 
0 68 0 
0 69 7 
0 42 0 
0 58 8 
0 84 5 
0 52 9 
0 70 2 
0 55 0 
0 88 0 
0 85 5 
0 79 7 
0 36 0 
0 110 6 
0 23 4 
0 30 0 
0 95 2 
0 79 3 
0 63 2 
0 88 0 
0 86 13 
0 49 0 
0 41 0 
0 47 7 
0 47 4 
0 85 0 
0 20 0 
0 47 0 
0 49 4 
0 62 0 
0 47 0 
0 70 0 
0 80 6 
0 78 0 
0 89 0 
0 24 0 
0 65 0 
0 65 14 
0 51 0 
0 64 2 
0 44 0 
0 53 0 
0 55 13 
0 44 5 
0 56 0 
0 54 4 
0 58 0 
0 39 0 
0 83 0 
0 44 23 
0 53 1 
0 45 0 
0 62 5 
0 43 0 
0 95 0 
0 61 1 
0 52 0 
0 37 0 
0 83 0 
0 55 0 
0 107 4 
0 48 0 
0 34 0 
0 36 0 
0 56 8 
0 38 3 
0 56 0 
0 61 8 
0 94 5 
0 97 10 
0 64 5 
0 91 2 
0 49 0 
0 46 0 
0 46 0 
0 77 2 
0 30 0 
0 67 0 
0 39 7 
0 68 5 
0 49 0 
0 102 0 
0 61 0 
0 72 4 
0 93 0 
0 44 0 
0 53 1 
0 80 0 
0 52 0 
0 60 1 
0 65 1 
0 103 1 
0 34 0 
0 43 2 
0 57 0 
0 62 10 
0 50 0 
0 50 0 
0 73 3 
0 80 0 
0 21 0 
0 49 0 
0 65 0 
0 63 0 
0 83 0 
0 57 3 
0 44 5 
0 37 0 
0 39 0 
0 72 0 
0 47 0 
0 38 2 
0 34 1 
0 24 0 
0 38 12 
0 55 3 
0 50 0 
0 108 0 
0 51 7 
0 69 14 
0 21 0 
0 66 0 
0 68 6 
0 75 0 
0 69 4 
0 60 1 
0 61 0 
0 83 1 
0 33 3 
0 40 4 
0 83 0 
0 99 1 
0 41 0 
0 98 0 
0 79 0 
0 77 4 
0 76 0 
0 44 0 
0 82 0 
0 23 2 
0 57 0 
0 76 0 
0 118 5 
0 54 0 
0 53 0 
0 82 5 
0 59 9 
0 99 13 
0 44 7 
0 45 4 
0 21 0 
0 24 7 
0 57 0 
0 49 1 
0 48 0 
0 32 1 
0 79 0 
0 74 7 
0 80 8 
0 26 0 
0 67 0 
0 39 0 
0 51 0 
0 42 7 
0 75 5 
0 28 0 
0 69 0 
0 87 21 
0 63 0 
0 85 0 
0 42 13 
0 26 2 
0 75 0 
0 20 0 
0 76 3 
0 82 0 
0 60 0 
0 23 0 
0 74 0 
0 20 9 
0 38 0 
0 86 2 
0 29 0 
0 29 1 
0 49 19 
0 34 1 
0 62 1 
0 20 0 
0 32 0 
0 76 4 
0 34 0 
0 52 8 
0 78 1 
0 11 0 
0 65 0 
0 79 0 
0 64 4 
0 45 0 
0 59 6 
0 40 6 
0 46 0 
0 87 5 
0 62 0 
0 32 0 
0 81 0 
0 51 10 
0 36 0 
0 96 2 
0 70 0 
0 61 2 
0 54 2 
0 65 0 
0 74 0 
0 69 0 
0 51 0 
0 55 0 
0 69 0 
0 54 0 
0 78 0 
0 68 0 
0 69 0 
0 34 6 
0 82 4 
0 31 10 
0 44 0 
0 50 0 
0 59 0 
0 84 0 
0 34 0 
0 50 0 
0 57 0 
0 29 1 
0 59 0 
0 77 4 
0 41 0 
0 52 2 
0 37 3 
0 27 2 
0 36 5 
0 86 0 
0 32 0 
0 62 7 
