0 0 27 
0 0 47 
0 0 32 
0 3 21 
0 0 183 
0 1 59 
0 0 46 
0 0 8 
0 0 14 
0 1 9 
0 36 15 
0 0 25 
0 3 15 
0 0 4 
0 0 6 
0 0 65 
0 9 37 
0 0 51 
0 0 50 
0 0 28 
0 0 79 
0 0 19 
0 0 94 
0 0 51 
0 0 14 
0 0 6 
0 0 14 
0 1 121 
0 2 65 
0 0 58 
0 0 30 
0 0 28 
0 0 42 
0 0 9 
0 0 11 
0 0 90 
0 3 46 
0 0 36 
0 7 61 
0 1 11 
0 0 151 
0 0 36 
0 0 48 
0 0 34 
0 0 17 
0 0 9 
0 0 11 
0 0 21 
0 6 41 
0 4 14 
0 1 54 
0 0 41 
0 0 3 
0 11 9 
0 0 18 
0 0 26 
0 0 9 
0 0 53 
0 0 87 
0 0 58 
0 0 54 
0 0 26 
0 0 39 
0 4 55 
0 4 19 
0 0 77 
0 0 50 
0 0 0 
0 0 76 
0 0 9 
0 4 16 
0 22 17 
0 1 32 
0 3 26 
0 0 184 
0 0 19 
0 8 66 
0 0 4 
0 0 10 
0 0 59 
0 0 94 
0 0 34 
0 0 20 
0 0 21 
0 7 64 
0 0 38 
0 8 45 
0 0 64 
0 1 8 
0 0 11 
0 0 12 
0 0 45 
0 0 66 
0 0 9 
0 0 14 
0 0 21 
0 0 15 
0 0 34 
0 0 40 
0 0 21 
0 0 14 
0 0 16 
0 0 36 
0 0 18 
0 0 36 
0 2 4 
0 0 30 
0 1 81 
0 0 102 
0 0 24 
0 0 10 
0 3 48 
0 4 31 
0 0 31 
0 2 10 
0 0 26 
0 0 11 
0 33 78 
0 0 29 
0 0 0 
0 0 0 
0 0 41 
0 0 22 
0 0 4 
0 0 12 
0 0 67 
0 0 43 
0 0 4 
0 7 7 
0 3 48 
0 0 63 
0 0 7 
0 10 51 
0 6 36 
0 0 13 
0 0 9 
0 0 19 
0 0 30 
0 0 21 
0 0 66 
0 0 32 
0 0 35 
0 0 43 
0 0 0 
0 0 24 
0 0 4 
0 0 23 
0 0 67 
0 0 6 
0 0 60 
0 1 25 
0 0 12 
0 0 41 
0 0 46 
0 0 62 
0 0 10 
0 0 14 
0 0 17 
0 0 9 
0 0 100 
0 0 16 
0 0 48 
0 2 5 
0 0 126 
0 0 116 
0 0 38 
0 0 74 
0 14 24 
0 0 15 
0 0 10 
0 0 25 
0 0 9 
0 0 49 
0 1 25 
0 0 17 
0 0 4 
0 0 8 
0 4 135 
0 0 14 
0 1 14 
0 0 25 
0 0 51 
0 0 22 
0 0 8 
0 3 12 
0 0 55 
0 0 54 
0 0 49 
0 0 5 
0 2 5 
0 6 41 
0 0 15 
0 0 21 
0 0 15 
0 0 72 
0 0 95 
0 0 43 
0 0 9 
0 0 7 
0 0 3 
0 3 61 
0 0 29 
0 0 24 
0 0 36 
0 0 55 
0 0 9 
0 0 4 
0 13 97 
0 0 47 
0 2 29 
0 0 30 
0 0 9 
0 2 41 
0 0 18 
0 0 24 
0 0 56 
0 0 1 
0 0 44 
0 0 44 
0 0 48 
0 1 49 
0 0 5 
0 0 3 
0 0 16 
0 0 38 
0 0 15 
0 2 28 
0 0 47 
0 0 36 
0 0 51 
0 2 18 
0 0 0 
0 6 73 
0 0 43 
0 0 23 
0 0 19 
0 0 44 
0 0 179 
0 0 5 
0 0 13 
0 5 27 
0 8 72 
0 0 24 
0 0 5 
0 0 15 
0 0 57 
0 0 87 
0 0 18 
0 0 12 
0 0 1 
0 0 182 
0 0 45 
0 1 12 
0 0 13 
0 0 13 
0 0 37 
0 0 10 
0 0 49 
0 0 45 
0 0 49 
0 3 67 
0 0 33 
0 10 56 
0 0 0 
0 4 62 
0 0 20 
0 1 84 
0 0 26 
0 0 45 
0 0 61 
0 0 48 
0 1 45 
0 0 39 
0 0 59 
0 0 16 
0 0 17 
0 0 6 
0 0 46 
0 0 8 
0 0 66 
0 7 47 
0 2 35 
0 0 41 
0 0 16 
0 0 7 
0 2 68 
0 0 11 
0 0 15 
0 12 26 
0 3 19 
0 0 53 
0 0 34 
0 3 61 
0 0 53 
0 0 24 
0 0 6 
0 0 53 
0 0 51 
0 0 37 
0 0 34 
0 0 136 
0 0 50 
0 0 13 
0 11 24 
0 0 24 
0 0 8 
0 0 26 
0 0 8 
0 2 32 
0 0 115 
0 0 29 
0 7 51 
0 0 52 
0 0 89 
0 0 133 
0 4 7 
0 19 32 
0 6 48 
0 0 22 
0 0 14 
0 0 21 
0 0 12 
0 5 77 
0 0 66 
0 0 94 
0 0 44 
0 0 38 
0 0 74 
0 0 25 
0 0 74 
0 0 47 
0 0 12 
0 6 10 
0 0 22 
0 0 16 
0 0 155 
0 0 25 
0 0 26 
0 5 52 
0 0 15 
0 0 21 
0 0 26 
0 0 34 
0 0 6 
0 0 66 
0 0 38 
0 0 34 
0 0 29 
0 1 90 
0 0 23 
0 0 60 
0 0 8 
0 0 26 
0 0 119 
0 0 37 
0 10 20 
0 0 28 
0 0 7 
0 0 15 
0 12 72 
0 3 83 
0 5 94 
0 0 43 
0 0 7 
0 0 114 
0 0 48 
0 0 68 
0 0 5 
0 0 65 
0 0 4 
0 0 40 
0 0 43 
0 0 130 
0 0 49 
0 10 45 
0 0 3 
0 2 46 
0 0 23 
0 10 60 
0 0 81 
0 0 15 
0 0 1 
0 0 116 
0 14 36 
0 0 72 
0 0 32 
0 0 23 
0 0 3 
0 0 22 
0 2 16 
0 2 69 
0 2 68 
0 0 38 
0 4 7 
0 0 20 
0 0 50 
0 0 7 
0 0 68 
0 0 21 
0 2 21 
0 1 26 
0 0 5 
0 0 61 
0 0 28 
0 0 45 
0 0 85 
0 0 22 
0 0 16 
0 2 28 
0 3 12 
0 0 50 
0 0 3 
0 0 43 
0 0 53 
0 0 19 
0 0 3 
0 4 39 
0 0 122 
0 0 9 
0 2 59 
0 0 51 
0 1 13 
0 0 47 
0 7 70 
0 0 3 
0 0 15 
0 0 54 
0 0 34 
0 0 50 
0 0 24 
0 0 33 
0 0 13 
0 8 11 
0 0 6 
0 1 32 
0 0 112 
0 10 91 
0 0 111 
0 1 16 
0 0 12 
0 6 116 
0 0 23 
0 0 39 
0 0 18 
0 0 46 
0 0 16 
0 0 27 
0 0 16 
0 0 49 
0 0 6 
0 0 66 
0 0 23 
0 0 62 
0 25 17 
0 0 46 
0 0 37 
0 2 22 
0 0 9 
0 0 23 
0 0 10 
0 2 17 
0 0 18 
0 0 18 
0 0 7 
0 0 14 
0 3 69 
0 0 2 
0 0 14 
0 0 47 
0 0 35 
0 0 13 
0 2 48 
0 0 25 
0 0 42 
0 0 10 
0 0 23 
0 0 26 
0 0 7 
0 0 81 
0 3 49 
0 0 9 
0 0 12 
0 0 22 
0 0 7 
0 0 16 
0 3 111 
0 2 17 
0 0 43 
0 0 8 
0 0 13 
0 0 14 
0 0 17 
0 0 2 
0 0 7 
0 0 6 
0 0 37 
0 0 77 
0 0 32 
0 0 77 
0 0 48 
0 0 31 
0 0 127 
0 0 54 
0 0 18 
0 0 15 
0 1 10 
0 7 49 
0 0 25 
0 0 24 
0 0 2 
0 0 76 
0 0 7 
0 0 25 
0 6 37 
0 0 6 
0 6 69 
0 0 28 
0 2 11 
0 0 147 
0 0 33 
0 0 26 
0 0 15 
0 0 40 
0 0 0 
0 0 73 
0 0 48 
0 0 16 
0 0 51 
0 0 43 
0 0 127 
0 0 53 
0 0 38 
0 0 11 
0 0 55 
0 0 54 
0 0 61 
0 20 27 
0 0 12 
0 0 16 
0 1 41 
0 7 175 
0 0 17 
0 2 46 
0 0 48 
0 0 30 
0 0 36 
0 0 5 
0 0 55 
0 0 42 
0 0 42 
0 0 43 
0 0 6 
0 4 14 
0 0 34 
0 0 41 
0 0 3 
0 0 91 
0 0 0 
0 0 35 
0 0 71 
0 0 11 
0 0 145 
0 0 73 
0 0 7 
0 0 26 
0 3 76 
0 0 24 
0 0 34 
0 0 35 
0 0 61 
0 0 7 
0 0 56 
0 0 10 
0 0 11 
0 0 23 
0 0 62 
0 0 19 
0 0 46 
0 1 71 
0 0 59 
0 0 12 
0 0 55 
0 0 6 
0 0 31 
0 0 0 
0 0 7 
0 0 13 
0 4 50 
0 0 47 
0 16 33 
0 0 4 
0 0 13 
0 0 96 
0 0 36 
0 7 3 
0 0 156 
0 0 35 
0 3 9 
0 0 20 
0 0 34 
0 0 10 
0 0 30 
0 0 64 
0 0 28 
0 0 23 
0 12 33 
0 0 55 
0 8 49 
0 0 30 
0 2 25 
0 4 66 
0 0 25 
0 0 23 
0 0 63 
0 21 2 
0 0 29 
0 0 78 
0 0 25 
0 0 59 
0 0 52 
0 0 45 
0 0 17 
0 3 43 
0 3 39 
0 0 116 
0 13 22 
0 0 51 
0 0 49 
0 0 13 
0 0 1 
0 1 44 
0 0 49 
0 0 28 
0 0 47 
0 0 52 
0 0 5 
0 0 156 
0 0 12 
0 0 8 
0 0 29 
0 0 26 
0 0 25 
0 0 16 
0 0 128 
0 0 44 
0 0 27 
0 3 4 
0 1 36 
0 0 67 
0 17 90 
0 0 60 
0 1 6 
0 4 46 
0 0 31 
0 9 52 
0 0 24 
0 0 3 
0 0 20 
0 5 66 
0 0 14 
0 3 45 
0 9 62 
0 1 71 
0 0 71 
0 4 54 
0 0 22 
0 0 44 
0 0 29 
0 0 23 
0 0 44 
0 0 12 
0 2 24 
0 0 58 
0 0 6 
0 0 23 
0 0 1 
0 0 20 
0 2 100 
0 0 39 
0 5 17 
0 0 85 
0 4 43 
0 2 30 
0 0 35 
0 0 51 
0 0 80 
0 0 30 
0 0 12 
0 0 19 
0 0 39 
0 0 44 
0 0 34 
0 4 185 
0 0 6 
0 0 43 
0 0 18 
0 3 76 
0 0 15 
0 4 33 
0 0 23 
0 0 13 
0 0 19 
0 0 69 
0 4 36 
0 0 90 
0 8 67 
0 0 29 
0 0 50 
0 0 10 
0 0 35 
0 0 35 
0 0 47 
0 4 22 
0 7 81 
0 4 48 
0 0 25 
0 1 29 
0 0 8 
0 0 35 
0 11 4 
0 2 40 
0 0 27 
0 1 18 
0 0 33 
0 0 47 
0 0 111 
0 0 38 
0 0 6 
0 0 15 
0 0 92 
0 8 0 
0 0 78 
0 0 36 
0 0 17 
0 0 35 
0 5 23 
0 0 79 
0 0 8 
0 5 23 
0 0 36 
0 0 24 
0 13 24 
0 0 104 
0 0 12 
0 0 140 
0 0 13 
0 0 32 
0 3 105 
0 0 88 
0 0 15 
0 24 51 
0 0 64 
0 0 43 
0 0 15 
0 0 99 
0 0 31 
0 0 16 
0 0 40 
0 0 92 
0 0 40 
0 0 13 
0 2 28 
0 0 5 
0 9 39 
0 0 48 
0 0 46 
0 0 38 
0 4 33 
0 0 29 
0 4 43 
0 9 22 
0 0 45 
0 0 58 
0 0 4 
0 1 28 
0 0 22 
0 0 8 
0 0 15 
0 0 40 
0 0 55 
0 0 2 
0 0 8 
0 0 42 
0 7 36 
0 0 78 
0 0 25 
0 1 49 
0 0 26 
0 35 149 
0 7 22 
0 0 26 
0 0 44 
0 1 77 
0 0 38 
0 0 12 
0 0 34 
0 0 5 
0 12 7 
0 0 8 
0 0 53 
0 17 49 
0 29 42 
0 11 17 
0 0 33 
0 0 11 
0 0 17 
0 0 21 
0 0 36 
0 0 15 
0 0 44 
0 0 25 
0 2 55 
0 0 11 
0 0 31 
0 0 11 
0 2 19 
0 0 124 
0 0 5 
0 0 61 
0 0 9 
0 0 13 
0 3 66 
0 2 26 
0 0 28 
0 0 12 
0 0 34 
0 0 54 
0 0 69 
0 1 36 
0 0 19 
0 0 42 
0 0 12 
0 0 8 
0 2 59 
0 0 39 
0 5 47 
0 0 89 
0 0 12 
0 0 35 
0 0 18 
0 0 10 
0 0 22 
0 0 59 
0 4 81 
0 0 15 
0 0 39 
0 0 80 
0 0 32 
0 0 44 
0 0 8 
0 0 9 
0 5 7 
0 0 12 
0 1 28 
0 0 59 
0 0 47 
0 2 18 
0 0 79 
0 0 19 
0 7 65 
0 0 66 
0 0 7 
0 0 28 
0 5 14 
0 0 30 
0 0 52 
0 0 13 
0 0 37 
0 5 49 
0 0 7 
0 0 9 
0 0 23 
0 0 13 
0 1 45 
0 0 47 
0 0 60 
0 0 27 
0 19 14 
0 8 76 
0 0 10 
0 5 72 
0 0 48 
0 0 52 
0 11 67 
0 13 174 
0 0 46 
0 0 55 
0 0 151 
0 0 50 
0 38 27 
0 77 24 
0 0 65 
0 0 92 
0 0 74 
0 0 13 
0 23 21 
0 0 25 
0 0 61 
0 3 65 
0 4 70 
0 0 16 
0 0 9 
0 0 30 
0 0 23 
0 0 22 
0 0 22 
0 0 8 
0 0 31 
0 0 61 
0 0 72 
0 0 17 
0 0 13 
0 1 48 
0 0 68 
0 0 37 
0 0 14 
0 0 87 
0 0 67 
0 0 20 
0 0 64 
0 0 21 
0 0 36 
0 2 42 
0 0 64 
0 21 34 
0 0 29 
0 0 22 
0 13 64 
0 0 12 
0 0 42 
0 0 30 
0 0 28 
0 0 19 
0 0 27 
0 0 101 
0 11 2 
0 26 24 
0 0 3 
0 0 31 
0 2 9 
0 0 22 
0 0 27 
0 4 27 
0 0 1 
0 0 22 
0 0 49 
0 0 30 
0 0 23 
0 0 2 
0 0 13 
0 0 18 
0 0 34 
0 0 2 
0 0 17 
0 0 29 
0 0 27 
0 0 23 
0 0 85 
0 0 9 
0 0 50 
0 4 11 
0 0 11 
0 0 6 
0 0 74 
0 0 76 
0 1 24 
0 0 5 
0 0 29 
0 0 60 
0 0 21 
0 0 47 
0 0 14 
0 0 0 
0 0 25 
0 0 86 
0 0 57 
0 0 7 
0 0 17 
0 0 58 
0 0 22 
0 0 13 
0 0 40 
0 9 32 
0 0 27 
0 0 9 
0 0 41 
0 0 64 
0 19 64 
0 0 106 
0 0 10 
0 9 23 
0 5 45 
0 0 7 
0 0 48 
0 0 45 
0 0 7 
0 0 28 
0 4 59 
0 0 16 
0 0 21 
