195 209 74 1 0 
91 175 111 0 0 
151 97 53 0 0 
124 360 31 0 0 
128 299 36 1 0 
195 275 49 0 0 
100 181 144 8 0 
165 196 56 0 0 
36 204 51 0 0 
199 228 21 0 0 
155 237 177 0 0 
181 269 53 0 0 
27 291 86 0 0 
108 206 65 0 0 
44 172 61 0 0 
72 134 11 2 0 
126 119 69 1 0 
124 237 19 0 0 
123 290 75 4 0 
116 152 7 0 0 
75 349 3 0 0 
208 212 12 6 0 
86 184 10 0 0 
88 224 104 0 0 
197 173 54 0 0 
161 195 17 0 0 
181 240 16 0 0 
157 205 45 0 0 
132 160 37 0 0 
153 145 65 0 0 
116 305 23 0 0 
90 278 35 0 0 
98 163 24 0 0 
207 201 49 0 0 
163 142 78 0 0 
154 144 28 0 0 
59 260 76 0 0 
28 183 119 0 0 
133 296 20 0 0 
109 278 63 0 0 
121 137 75 0 0 
99 112 90 0 0 
69 217 40 0 0 
141 229 57 0 0 
185 258 55 24 0 
162 292 30 2 0 
132 169 40 42 0 
176 178 53 0 0 
147 239 14 0 0 
61 261 83 0 0 
60 244 66 22 0 
297 139 9 0 0 
174 127 60 0 0 
117 283 78 0 0 
69 318 32 0 0 
222 178 2 10 0 
144 208 35 0 0 
160 206 34 0 0 
163 214 73 0 0 
181 205 112 0 0 
10 273 76 0 0 
93 337 24 0 0 
169 230 49 0 0 
77 287 20 0 0 
135 250 4 2 0 
98 174 96 0 0 
98 321 31 48 0 
91 253 22 0 0 
80 216 97 0 0 
103 150 98 0 0 
98 279 113 50 0 
191 213 45 0 0 
89 199 79 0 0 
129 284 22 0 0 
69 128 93 3 0 
92 257 93 0 0 
117 121 87 0 0 
127 374 22 0 0 
69 295 64 0 0 
175 302 37 0 0 
159 180 18 0 0 
81 163 35 7 0 
64 300 120 0 0 
135 223 10 0 0 
91 64 23 0 0 
304 170 18 0 0 
268 152 108 15 0 
220 211 35 0 0 
153 189 159 0 0 
139 154 19 0 0 
168 250 105 6 0 
186 179 30 0 0 
208 186 10 0 0 
74 145 47 0 0 
87 295 61 0 0 
41 207 57 2 0 
195 110 64 0 0 
112 307 20 0 0 
213 139 0 5 0 
166 327 59 0 0 
170 126 35 0 0 
122 198 62 2 0 
279 207 10 0 0 
145 282 41 0 0 
228 236 56 0 0 
140 148 44 0 0 
140 239 61 0 0 
228 286 20 10 0 
171 120 20 0 0 
73 210 50 13 0 
30 229 58 0 0 
210 79 14 21 0 
131 261 104 0 0 
87 156 78 0 0 
92 182 36 0 0 
73 352 43 0 0 
110 390 122 0 0 
69 196 184 0 0 
99 267 68 0 0 
227 214 9 0 0 
90 323 57 2 0 
115 222 35 0 0 
156 238 22 0 0 
166 288 5 0 0 
78 167 61 0 0 
237 91 31 34 0 
49 263 59 0 0 
103 245 104 0 0 
273 212 36 0 0 
60 304 71 0 0 
51 173 29 0 0 
81 327 68 0 0 
130 184 134 0 0 
173 177 87 0 0 
31 275 144 0 0 
43 417 38 0 0 
112 181 48 20 0 
14 264 51 0 0 
85 243 17 4 0 
63 224 115 0 0 
106 248 70 0 0 
71 258 50 0 0 
206 195 114 1 0 
101 248 37 0 0 
189 160 53 0 0 
53 338 36 0 0 
87 301 86 0 0 
109 256 17 0 0 
159 87 107 0 0 
112 180 24 0 0 
101 122 66 8 0 
79 312 96 0 0 
158 168 71 0 0 
111 328 20 1 0 
107 242 47 0 0 
172 223 69 11 0 
154 146 70 11 0 
165 267 47 1 0 
111 243 14 4 0 
96 228 41 2 0 
136 196 36 0 0 
193 66 125 46 0 
122 270 12 0 0 
169 394 23 0 0 
92 159 126 26 0 
190 148 51 0 0 
85 191 25 0 0 
79 233 109 2 0 
104 209 26 0 0 
61 275 19 47 0 
66 200 133 0 0 
63 214 56 12 0 
107 68 22 0 0 
93 372 42 0 0 
119 215 53 0 0 
79 338 75 0 0 
82 151 33 0 0 
188 262 90 10 0 
308 171 58 0 0 
32 346 43 14 0 
90 225 111 13 0 
170 132 44 0 0 
252 215 89 0 0 
98 181 67 0 0 
81 199 77 3 0 
187 321 35 0 0 
124 238 81 0 0 
150 205 112 0 0 
135 179 60 40 0 
120 144 25 0 0 
119 274 55 0 0 
74 226 86 0 0 
157 217 64 0 0 
173 204 78 0 0 
185 256 88 3 0 
172 301 3 0 0 
163 139 60 3 0 
148 215 2 0 0 
90 347 19 0 0 
174 320 9 0 0 
77 185 97 13 0 
108 175 81 0 0 
61 194 94 0 0 
194 194 29 0 0 
146 205 69 12 0 
65 160 83 0 0 
121 372 1 0 0 
109 210 28 0 0 
216 287 12 0 0 
106 150 83 21 0 
81 137 4 0 0 
59 119 98 0 0 
155 147 24 0 0 
38 306 60 0 0 
62 361 44 14 0 
111 301 51 0 0 
39 347 60 0 0 
174 167 43 0 0 
16 284 29 0 0 
78 213 21 28 0 
108 191 62 2 0 
76 179 183 0 0 
75 221 27 0 0 
195 330 47 0 0 
151 272 39 0 0 
91 192 46 18 0 
154 78 56 0 0 
129 257 73 0 0 
57 284 83 0 0 
48 269 55 12 0 
125 197 25 8 0 
110 295 54 0 0 
203 201 75 4 0 
117 150 42 0 0 
128 151 1 0 0 
73 214 84 0 0 
384 65 36 0 0 
56 260 81 0 0 
49 222 30 0 0 
77 175 50 0 0 
119 262 56 11 0 
66 274 52 0 0 
247 208 69 0 0 
95 282 18 0 0 
64 177 67 0 0 
189 137 94 0 0 
229 143 0 0 0 
147 178 133 30 0 
144 200 49 6 0 
119 257 2 0 0 
148 220 68 0 0 
163 214 136 6 0 
124 183 94 3 0 
146 335 47 9 0 
98 195 82 0 0 
185 262 13 13 0 
115 283 10 0 0 
145 225 32 0 0 
100 252 10 0 0 
55 217 108 0 0 
129 215 127 0 0 
136 170 93 6 0 
55 312 19 3 0 
76 219 143 0 0 
196 192 28 0 0 
136 158 96 0 0 
110 103 53 0 0 
119 215 112 0 0 
49 192 143 1 0 
163 133 107 1 0 
168 136 96 0 0 
97 229 36 0 0 
324 120 34 13 0 
153 200 61 0 0 
31 265 33 0 0 
94 166 41 0 0 
161 195 34 9 0 
118 157 33 0 0 
42 233 63 5 0 
207 139 98 7 0 
149 155 62 0 0 
97 227 19 0 0 
170 210 34 73 0 
201 235 67 0 0 
34 243 82 0 0 
85 192 94 0 0 
139 190 25 0 0 
111 265 15 0 0 
179 134 88 0 0 
97 174 41 4 0 
337 150 91 0 0 
149 185 78 1 0 
194 243 46 0 0 
184 125 67 0 0 
20 201 2 0 0 
176 176 57 0 0 
139 238 19 0 0 
50 129 57 0 0 
105 130 55 8 0 
94 92 138 0 0 
121 217 38 0 0 
185 128 88 0 0 
159 181 49 0 0 
82 202 43 25 0 
63 300 58 0 0 
77 328 47 4 0 
213 167 23 0 0 
117 239 49 0 0 
46 175 63 30 0 
125 261 75 1 0 
211 191 70 0 0 
104 364 24 0 0 
254 127 70 0 0 
41 499 3 0 0 
129 196 88 18 0 
148 198 59 0 0 
190 83 50 5 0 
126 279 59 0 0 
160 283 27 0 0 
176 249 75 0 0 
137 107 8 0 0 
97 155 102 0 0 
79 272 29 0 0 
92 187 121 0 0 
55 212 75 1 0 
215 230 26 0 0 
81 272 57 2 0 
179 282 37 0 0 
94 219 123 0 0 
162 279 17 2 0 
105 292 48 0 0 
64 177 30 0 0 
108 266 43 5 0 
28 294 24 0 0 
49 147 11 0 0 
166 179 51 0 0 
88 208 69 0 0 
65 278 31 0 0 
119 190 107 0 0 
211 182 46 0 0 
233 93 76 0 0 
189 143 50 0 0 
139 253 100 0 0 
90 287 74 0 0 
142 220 42 13 0 
72 172 107 0 0 
154 220 30 0 0 
189 217 135 0 0 
185 185 82 0 0 
154 229 31 0 0 
137 179 57 0 0 
110 181 36 0 0 
81 138 118 0 0 
167 298 89 2 0 
126 320 21 0 0 
198 168 144 0 0 
159 156 51 0 0 
136 238 29 0 0 
65 260 138 28 0 
60 167 53 42 0 
35 186 99 10 0 
124 160 28 0 0 
170 155 114 2 0 
29 229 85 0 0 
107 150 0 0 0 
112 206 22 0 0 
220 271 13 0 0 
174 155 38 0 0 
196 182 52 0 0 
157 382 1 0 0 
244 174 174 0 0 
107 268 20 2 0 
69 225 90 0 0 
175 180 82 3 0 
235 173 6 0 0 
113 207 55 0 0 
135 215 48 0 0 
150 277 13 0 0 
21 154 126 0 0 
110 210 70 0 0 
105 183 25 3 0 
126 250 7 0 0 
162 275 27 0 0 
57 150 99 0 0 
224 179 7 0 0 
196 240 31 0 0 
251 137 32 0 0 
17 182 58 0 0 
122 222 29 0 0 
104 214 51 0 0 
241 219 19 0 0 
162 161 96 0 0 
146 163 112 37 0 
160 216 33 0 0 
96 189 2 0 0 
127 176 209 0 0 
44 91 183 0 0 
149 171 25 0 0 
159 179 52 0 0 
237 152 30 0 0 
84 293 84 0 0 
128 260 44 17 0 
62 332 33 0 0 
155 263 57 0 0 
42 337 113 0 0 
121 214 42 0 0 
38 232 61 0 0 
151 124 79 0 0 
103 133 96 32 0 
180 180 57 0 0 
91 127 91 17 0 
124 163 114 16 0 
230 154 17 15 0 
119 221 17 93 0 
179 255 71 0 0 
120 209 40 0 0 
209 256 20 15 0 
59 182 46 0 0 
160 194 113 0 0 
131 228 143 0 0 
217 122 11 1 0 
179 135 43 0 0 
152 209 45 1 0 
169 179 51 38 0 
152 124 52 2 0 
142 300 44 0 0 
221 216 81 0 0 
115 246 28 0 0 
199 291 16 0 0 
112 193 52 4 0 
67 292 42 0 0 
77 314 70 0 0 
160 164 49 0 0 
82 246 22 0 0 
78 212 96 0 0 
257 163 119 0 0 
69 279 89 2 0 
160 227 17 0 0 
75 339 74 0 0 
256 220 35 0 0 
136 247 68 0 0 
67 221 37 0 0 
135 181 96 0 0 
107 230 90 0 0 
123 134 128 0 0 
138 197 91 0 0 
214 158 13 0 0 
139 227 22 0 0 
191 339 0 0 0 
146 215 26 0 0 
113 155 91 0 0 
107 286 21 0 0 
205 174 60 0 0 
89 243 59 0 0 
231 183 65 0 0 
77 273 34 0 0 
256 125 78 0 0 
171 103 23 0 0 
67 369 41 11 0 
236 231 20 0 0 
27 343 0 0 0 
154 299 120 8 0 
183 214 62 0 0 
111 271 37 0 0 
111 114 63 27 0 
114 178 7 0 0 
85 212 197 0 0 
86 204 74 0 0 
86 285 107 0 0 
146 116 25 33 0 
161 176 9 4 0 
82 275 40 0 0 
98 140 79 20 0 
61 149 27 0 0 
28 235 62 0 0 
85 148 88 0 0 
58 319 48 0 0 
173 148 21 4 0 
128 205 90 10 0 
58 175 13 0 0 
220 204 50 8 0 
125 115 53 0 0 
110 197 98 0 0 
44 238 52 0 0 
101 193 23 0 0 
254 207 71 0 0 
194 274 53 0 0 
113 259 202 0 0 
307 253 29 0 0 
136 99 141 0 0 
86 280 199 0 0 
130 233 156 0 0 
147 193 46 0 0 
69 217 145 0 0 
188 229 4 0 0 
107 212 12 0 0 
41 313 42 0 0 
171 290 44 0 0 
138 286 0 0 0 
353 142 27 0 0 
77 254 38 0 0 
41 314 2 0 0 
131 253 0 0 0 
87 258 44 9 0 
22 226 78 0 0 
158 190 124 0 0 
125 324 45 9 0 
229 191 23 0 0 
174 179 45 0 0 
117 224 63 0 0 
178 171 69 0 0 
105 284 54 0 0 
184 111 23 0 0 
145 133 15 0 0 
252 172 21 0 0 
57 193 60 0 0 
1 145 64 0 0 
246 49 92 0 0 
257 140 30 0 0 
62 226 30 12 0 
117 164 0 4 0 
56 287 67 0 0 
131 204 144 0 0 
101 175 69 0 0 
219 142 69 0 0 
173 133 62 0 0 
171 84 87 0 0 
166 176 69 0 0 
74 96 136 0 0 
203 210 27 0 0 
138 280 1 0 0 
135 251 37 0 0 
194 118 26 1 0 
143 118 80 5 0 
213 157 30 0 0 
84 203 58 0 0 
237 214 49 1 0 
135 202 29 0 0 
61 226 17 14 0 
180 330 0 0 0 
94 220 76 1 0 
63 333 168 0 0 
261 163 69 0 0 
127 366 20 32 0 
66 226 33 0 0 
145 146 113 0 0 
125 126 70 0 0 
99 191 49 0 0 
137 219 87 0 0 
218 163 6 30 0 
221 195 43 0 0 
64 314 23 0 0 
27 203 111 33 0 
49 175 67 0 0 
12 331 34 5 0 
88 254 40 2 0 
116 155 85 0 0 
53 234 93 2 0 
224 217 36 0 0 
176 297 21 0 0 
226 111 152 1 0 
177 238 24 0 0 
108 86 29 0 0 
43 173 59 0 0 
57 191 84 0 0 
34 113 173 11 0 
100 176 51 10 0 
37 204 91 22 0 
207 307 34 0 0 
74 224 183 0 0 
56 285 15 0 0 
231 169 17 0 0 
99 202 50 0 0 
86 301 69 0 0 
148 188 4 0 0 
133 216 141 19 0 
93 239 47 39 0 
117 132 63 0 0 
121 238 48 16 0 
146 128 57 0 0 
137 195 61 0 0 
100 189 82 0 0 
123 156 134 32 0 
125 217 39 0 0 
107 229 49 0 0 
170 179 47 0 0 
70 222 106 0 0 
233 224 99 0 0 
186 220 98 5 0 
120 163 9 0 0 
135 129 88 0 0 
298 168 10 0 0 
280 204 32 0 0 
58 179 59 0 0 
70 175 107 0 0 
103 345 88 23 0 
117 244 31 0 0 
57 122 105 0 0 
96 167 110 0 0 
110 69 112 0 0 
125 199 26 1 0 
235 198 32 0 0 
170 127 23 0 0 
219 214 58 0 0 
32 437 43 0 0 
127 160 116 0 0 
162 72 63 14 0 
146 227 39 0 0 
115 141 9 0 0 
143 178 96 72 0 
215 212 0 6 0 
311 176 10 0 0 
107 175 66 0 0 
133 174 87 1 0 
129 271 18 4 0 
150 239 28 1 0 
129 158 55 0 0 
72 293 73 0 0 
202 286 26 1 0 
139 213 89 0 0 
166 147 72 0 0 
133 234 22 0 0 
194 186 84 0 0 
100 243 34 1 0 
179 180 15 0 0 
77 180 97 0 0 
129 303 34 0 0 
87 218 16 0 0 
152 244 12 0 0 
221 257 15 0 0 
219 175 7 0 0 
96 125 44 4 0 
156 229 40 0 0 
193 127 16 0 0 
107 360 29 0 0 
163 279 23 5 0 
236 206 83 0 0 
191 109 20 16 0 
310 122 34 0 0 
254 131 85 0 0 
118 193 30 0 0 
95 194 107 0 0 
98 277 23 0 0 
159 197 132 0 0 
94 89 102 1 0 
67 302 8 10 0 
62 326 4 0 0 
196 183 35 0 0 
107 93 55 0 0 
37 172 38 0 0 
76 224 126 0 0 
159 268 49 0 0 
88 218 44 0 0 
133 258 59 0 0 
86 184 72 1 0 
81 213 55 0 0 
60 157 130 0 0 
53 181 154 20 0 
132 335 80 0 0 
167 278 93 0 0 
20 168 40 0 0 
120 255 45 0 0 
198 207 93 4 0 
154 323 54 0 0 
38 167 128 0 0 
63 387 34 0 0 
136 236 95 0 0 
75 304 28 0 0 
118 148 78 0 0 
119 157 82 0 0 
207 141 98 0 0 
142 99 93 1 0 
87 256 143 0 0 
107 222 12 0 0 
33 288 114 0 0 
84 238 162 0 0 
101 263 30 0 0 
212 60 9 0 0 
228 183 4 0 0 
111 217 31 6 0 
187 168 57 0 0 
159 228 58 0 0 
90 233 92 0 0 
68 232 40 0 0 
95 240 1 1 0 
194 124 81 45 0 
120 218 4 7 0 
142 255 24 2 0 
132 232 0 0 0 
103 208 25 0 0 
218 212 91 6 0 
160 220 15 0 0 
82 251 51 0 0 
107 165 55 0 0 
159 166 76 0 0 
166 219 13 0 0 
121 113 73 0 0 
368 151 8 0 0 
78 184 70 0 0 
154 250 4 3 0 
116 192 120 0 0 
107 185 19 1 0 
72 207 73 0 0 
186 141 114 1 0 
53 305 48 0 0 
62 104 226 0 0 
119 318 1 0 0 
123 189 105 0 0 
181 187 95 0 0 
31 117 94 2 0 
230 305 5 0 0 
122 152 11 6 0 
195 190 74 0 0 
132 366 27 0 0 
112 190 19 0 0 
201 223 19 0 0 
225 180 42 0 0 
138 133 82 2 0 
124 271 25 16 0 
177 239 4 0 0 
136 181 7 0 0 
77 352 105 0 0 
248 152 30 0 0 
123 159 60 0 0 
187 248 17 0 0 
204 145 133 0 0 
91 342 11 0 0 
207 149 27 0 0 
181 187 22 1 0 
86 163 64 8 0 
152 106 67 6 0 
126 157 57 0 0 
38 233 116 5 0 
152 134 98 0 0 
142 177 79 0 0 
187 241 17 0 0 
161 356 10 0 0 
180 200 136 0 0 
156 250 28 0 0 
116 203 95 39 0 
146 185 34 0 0 
284 162 25 1 0 
139 366 49 0 0 
69 228 17 0 0 
311 103 100 4 0 
87 239 72 0 0 
38 247 2 0 0 
151 256 60 0 0 
82 238 94 1 0 
71 175 28 0 0 
117 272 0 0 0 
106 215 3 0 0 
114 176 36 1 0 
37 290 80 10 0 
194 137 35 0 0 
136 272 18 0 0 
144 217 121 1 0 
63 118 151 0 0 
67 219 3 17 0 
45 320 112 0 0 
104 99 89 0 0 
157 267 33 1 0 
195 286 28 0 0 
39 196 77 0 0 
88 429 74 0 0 
79 266 103 0 0 
63 289 53 0 0 
172 312 38 0 0 
104 206 109 6 0 
105 176 47 0 0 
117 206 4 0 0 
164 194 73 0 0 
94 180 64 7 0 
155 183 13 0 0 
167 107 25 24 0 
195 251 17 0 0 
228 150 46 1 0 
97 135 81 0 0 
146 222 17 0 0 
213 273 15 29 0 
52 226 80 0 0 
200 216 58 28 0 
155 158 103 0 0 
193 239 14 0 0 
127 169 131 0 0 
104 205 101 1 0 
172 130 129 0 0 
125 240 17 0 0 
137 236 26 0 0 
218 206 58 0 0 
39 266 43 0 0 
64 200 47 0 0 
144 104 170 0 0 
33 169 112 0 0 
165 169 86 0 0 
42 302 59 0 0 
107 204 21 0 0 
92 304 110 0 0 
4 173 104 0 0 
122 218 37 0 0 
67 296 27 0 0 
173 278 2 0 0 
136 141 28 0 0 
75 316 22 20 0 
164 196 27 0 0 
214 248 35 0 0 
79 360 27 0 0 
210 105 85 1 0 
145 193 83 0 0 
131 243 85 0 0 
262 238 75 0 0 
97 309 14 0 0 
132 135 63 0 0 
86 237 51 0 0 
147 176 164 0 0 
83 194 130 0 0 
92 283 14 0 0 
128 164 96 0 0 
64 371 82 0 0 
73 218 26 1 0 
158 268 50 1 0 
160 227 37 0 0 
107 214 48 4 0 
123 352 43 0 0 
237 148 63 8 0 
117 222 54 0 0 
67 285 41 0 0 
149 183 23 0 0 
142 272 58 0 0 
99 177 82 0 0 
193 136 41 2 0 
111 343 98 0 0 
141 281 75 11 0 
138 297 126 1 0 
117 136 96 19 0 
167 190 8 0 0 
140 400 46 0 0 
186 225 57 1 0 
86 252 23 15 0 
200 162 14 0 0 
151 176 73 0 0 
67 293 98 0 0 
116 95 39 0 0 
113 305 67 0 0 
104 137 62 3 0 
62 188 132 0 0 
63 220 71 0 0 
110 190 46 0 0 
70 343 96 0 0 
99 132 33 1 0 
220 198 102 0 0 
92 307 47 0 0 
74 230 16 8 0 
177 190 26 0 0 
134 204 67 0 0 
26 277 97 41 0 
122 219 41 0 0 
166 243 131 0 0 
199 169 69 0 0 
150 220 24 0 0 
148 185 42 0 0 
152 161 48 24 0 
83 239 65 0 0 
80 185 135 0 0 
158 127 35 0 0 
127 226 137 0 0 
146 166 95 0 0 
168 174 33 1 0 
155 140 106 0 0 
156 199 70 13 0 
50 179 53 0 0 
165 309 15 0 0 
36 264 49 0 0 
67 123 77 0 0 
151 195 3 0 0 
188 154 13 0 0 
172 177 8 0 0 
142 73 110 0 0 
146 177 68 16 0 
153 242 99 0 0 
48 375 36 1 0 
85 346 25 0 0 
178 272 33 0 0 
95 170 97 0 0 
205 102 33 0 0 
103 116 39 7 0 
71 347 73 0 0 
65 246 27 0 0 
124 183 31 0 0 
224 158 134 14 0 
138 200 25 1 0 
134 343 35 0 0 
39 260 172 3 0 
105 246 33 0 0 
114 273 75 0 0 
140 158 87 1 0 
293 205 25 0 0 
91 111 63 1 0 
89 176 127 1 0 
179 289 20 0 0 
138 261 64 0 0 
95 310 99 0 0 
65 206 106 0 0 
61 189 117 0 0 
227 248 56 0 0 
122 144 1 0 0 
143 241 13 0 0 
71 229 62 0 0 
47 288 49 0 0 
274 303 7 0 0 
182 285 30 0 0 
56 113 7 0 0 
149 212 119 0 0 
203 339 64 19 0 
194 237 36 0 0 
158 236 6 0 0 
154 147 49 0 0 
123 350 44 8 0 
92 214 45 0 0 
71 295 63 0 0 
15 263 16 48 0 
43 194 142 0 0 
149 157 29 0 0 
137 153 91 0 0 
150 195 193 0 0 
127 150 91 0 0 
167 110 78 11 0 
186 167 41 0 0 
82 203 78 0 0 
134 117 5 0 0 
249 186 4 15 0 
265 214 24 0 0 
104 275 84 0 0 
205 212 14 0 0 
104 154 80 0 0 
76 230 52 0 0 
158 217 30 0 0 
152 250 27 0 0 
128 189 86 0 0 
83 336 36 0 0 
180 123 108 0 0 
158 233 47 0 0 
123 281 80 13 0 
167 132 56 7 0 
195 232 47 0 0 
64 192 107 8 0 
164 168 52 0 0 
181 167 30 0 0 
124 232 82 6 0 
191 166 18 0 0 
79 371 51 0 0 
123 194 19 0 0 
116 143 25 0 0 
184 236 30 0 0 
187 102 49 0 0 
212 178 103 0 0 
141 252 16 0 0 
131 123 51 1 0 
169 248 11 0 0 
61 255 7 0 0 
174 280 94 1 0 
159 228 85 0 0 
177 212 8 0 0 
47 229 141 3 0 
131 333 33 0 0 
168 221 17 0 0 
149 276 39 0 0 
68 448 12 9 0 
120 275 56 19 0 
50 195 13 0 0 
108 306 18 0 0 
108 214 13 0 0 
189 309 10 0 0 
45 352 28 0 0 
75 270 18 0 0 
220 175 43 0 0 
224 275 39 0 0 
117 147 8 14 0 
84 192 27 38 0 
123 271 31 10 0 
104 187 68 0 0 
343 223 9 0 0 
7 215 53 1 0 
159 149 176 0 0 
140 216 34 0 0 
192 222 67 11 0 
139 254 26 0 0 
202 302 13 0 0 
97 308 45 4 0 
104 299 103 0 0 
74 225 71 17 0 
138 211 81 0 0 
84 279 65 0 0 
121 117 74 0 14 
110 156 107 1 0 
225 219 4 0 0 
152 163 161 0 0 
97 411 22 0 0 
165 149 56 0 0 
119 171 18 0 0 
