0 26 542 0 0 
0 0 552 0 0 
0 0 439 0 0 
0 0 614 0 0 
0 0 514 0 0 
0 0 480 0 0 
0 0 518 0 0 
0 1 522 0 0 
0 0 438 0 0 
0 0 496 1 0 
0 0 589 0 0 
0 0 555 0 0 
0 1 516 0 0 
0 0 435 28 0 
0 0 553 0 0 
0 0 647 0 0 
0 0 510 0 0 
0 0 488 0 0 
0 0 520 0 0 
0 0 501 0 0 
0 0 605 0 0 
0 0 442 0 0 
0 0 515 0 0 
0 0 485 0 0 
0 0 511 0 0 
0 0 534 0 0 
0 8 450 0 0 
0 0 623 0 0 
0 0 563 0 0 
0 2 431 0 0 
0 0 446 0 0 
0 0 502 0 0 
0 0 599 0 0 
0 0 536 0 0 
0 0 455 0 0 
0 0 542 0 0 
0 0 531 0 0 
0 0 494 0 0 
0 0 513 0 0 
0 0 481 0 0 
0 0 560 0 0 
0 0 603 0 0 
0 0 523 0 0 
0 13 408 0 0 
0 0 461 0 0 
0 0 576 0 0 
0 0 491 0 0 
0 0 528 0 0 
0 0 515 0 0 
0 0 433 0 0 
0 0 516 0 0 
0 0 533 0 0 
0 0 453 0 0 
0 0 551 0 0 
0 0 547 0 0 
0 0 458 0 0 
0 0 492 0 0 
0 0 497 0 0 
0 11 507 0 0 
0 6 482 29 0 
0 0 573 0 0 
0 3 445 0 0 
0 0 565 35 0 
0 0 522 2 0 
0 0 574 0 0 
0 0 571 0 0 
0 0 501 10 0 
0 0 545 0 0 
0 4 499 0 0 
0 11 543 2 0 
0 0 418 2 0 
0 0 531 0 0 
0 0 573 0 0 
0 2 529 0 0 
0 0 575 0 0 
0 0 562 0 0 
0 0 490 0 0 
0 0 408 0 0 
0 0 527 0 0 
0 1 535 0 0 
0 0 566 0 0 
0 0 517 0 0 
0 0 507 0 0 
0 0 493 0 0 
0 0 431 0 0 
0 1 543 0 0 
0 0 607 0 0 
0 5 616 0 0 
0 0 473 0 0 
0 0 590 0 0 
0 6 518 0 0 
0 0 567 0 0 
0 12 515 0 0 
0 0 560 0 0 
0 0 641 0 0 
0 0 473 0 0 
0 0 542 0 0 
0 0 471 0 0 
0 28 461 1 0 
0 0 531 0 0 
0 5 595 0 0 
0 0 444 0 0 
0 0 439 0 0 
0 0 586 0 0 
0 0 488 0 0 
0 0 496 0 0 
0 0 549 0 0 
0 0 497 2 0 
0 0 562 0 0 
0 0 588 0 0 
0 0 512 0 0 
0 0 559 0 0 
0 0 479 0 0 
0 15 502 0 0 
0 0 659 23 0 
0 0 581 0 0 
0 1 391 0 0 
0 0 517 0 0 
0 0 551 0 0 
0 0 440 0 0 
0 1 555 0 0 
0 0 557 0 0 
0 0 443 0 0 
0 7 516 0 0 
0 0 522 1 0 
0 0 549 0 0 
0 0 591 0 0 
0 11 422 0 0 
0 0 474 4 0 
0 17 522 0 0 
0 0 482 0 0 
0 0 474 0 0 
0 12 518 0 0 
0 0 488 0 0 
0 0 506 0 0 
0 0 514 0 0 
0 0 548 0 0 
0 0 566 0 0 
0 0 604 0 0 
0 0 451 0 0 
0 0 542 0 0 
0 0 626 29 0 
0 54 515 0 0 
0 0 567 0 0 
0 0 490 0 0 
0 0 490 0 0 
0 0 576 0 0 
0 0 482 0 0 
0 0 568 0 0 
0 0 390 37 0 
0 0 522 0 0 
0 0 644 0 0 
0 0 515 0 0 
0 0 555 0 0 
0 2 609 0 0 
0 3 522 0 0 
0 0 515 0 0 
0 0 509 0 0 
0 0 495 0 0 
0 0 742 0 0 
0 0 468 0 0 
0 1 450 13 0 
0 5 464 10 0 
0 0 522 27 0 
0 0 556 0 0 
0 0 559 0 0 
0 0 564 2 0 
0 0 522 0 0 
0 0 544 3 0 
0 0 507 0 0 
0 0 538 0 0 
0 0 451 0 0 
0 0 526 0 0 
0 0 535 6 0 
0 0 532 0 0 
0 0 607 0 0 
0 0 564 0 0 
0 0 465 1 0 
0 0 640 0 0 
0 0 537 0 0 
0 0 614 3 0 
0 0 489 0 0 
0 0 519 0 0 
0 2 496 0 0 
0 1 549 0 0 
0 0 406 0 0 
0 0 494 0 0 
0 0 458 0 0 
0 0 489 0 0 
0 0 429 0 0 
0 0 428 5 0 
0 0 493 73 0 
0 0 470 10 0 
0 0 467 0 0 
0 0 551 0 0 
0 0 472 0 0 
0 0 581 0 0 
0 0 528 0 0 
0 0 599 0 0 
0 0 498 0 0 
0 0 537 0 0 
0 0 576 0 0 
0 3 580 0 0 
0 1 551 0 0 
0 0 535 6 0 
0 0 511 0 0 
0 0 564 0 0 
0 23 477 0 0 
0 32 537 0 0 
0 0 511 0 0 
0 1 499 0 0 
0 0 522 0 0 
0 0 553 0 0 
0 0 490 0 0 
0 0 544 0 0 
0 2 543 0 0 
0 1 473 0 0 
0 0 613 0 0 
0 18 568 0 0 
0 0 453 2 0 
0 0 603 0 0 
0 0 437 0 0 
0 0 532 0 0 
0 0 709 0 0 
0 0 487 0 0 
0 0 510 0 0 
0 0 523 0 0 
0 0 474 0 0 
0 0 516 0 0 
0 0 527 22 0 
0 0 509 0 0 
0 0 544 0 0 
0 0 537 0 0 
0 0 580 0 0 
0 0 563 0 0 
0 0 720 0 0 
0 0 497 0 0 
0 0 533 11 0 
0 0 511 0 0 
0 0 469 0 0 
0 7 485 0 0 
0 0 493 0 0 
0 0 524 0 0 
0 9 533 0 0 
0 0 526 1 0 
0 0 580 6 0 
0 0 483 0 0 
0 13 447 2 0 
0 0 556 0 0 
0 0 567 0 0 
0 0 553 5 0 
0 0 472 0 0 
0 0 563 0 0 
0 0 601 0 0 
0 0 457 0 0 
0 0 548 11 0 
0 1 662 0 0 
0 0 552 3 0 
0 0 615 0 0 
0 0 561 15 0 
0 0 581 1 0 
0 0 565 0 0 
0 0 450 0 0 
0 0 520 0 0 
0 0 501 0 0 
0 0 507 0 0 
0 1 451 0 0 
0 6 461 0 0 
0 0 580 24 0 
0 0 512 0 0 
0 0 512 26 0 
0 0 549 0 0 
0 0 442 17 0 
0 8 529 13 0 
0 0 561 0 0 
0 0 593 0 0 
0 0 479 0 0 
0 0 492 0 0 
0 9 616 0 0 
0 3 458 0 0 
0 0 574 0 0 
0 1 564 0 0 
0 0 563 0 0 
0 0 549 0 0 
0 0 578 0 0 
0 0 506 0 0 
0 0 440 0 0 
0 0 606 0 0 
0 0 504 0 0 
0 0 578 0 0 
0 0 529 1 0 
0 0 531 0 0 
0 19 503 0 0 
0 0 527 7 0 
0 13 620 0 0 
0 0 530 1 0 
0 0 406 0 0 
0 0 632 0 0 
0 4 553 0 0 
0 0 608 0 0 
0 0 564 7 0 
0 0 577 0 0 
0 0 482 19 0 
1 3 403 0 0 
0 0 456 0 0 
0 0 516 0 0 
0 0 516 1 0 
0 0 518 12 0 
0 0 449 1 0 
0 0 604 0 0 
0 1 573 0 0 
0 2 600 3 0 
0 0 642 0 0 
0 0 467 12 0 
0 0 557 14 0 
0 0 595 0 0 
0 0 485 0 0 
0 0 456 0 0 
0 0 560 0 0 
0 0 417 0 0 
0 0 500 0 0 
0 0 561 0 0 
0 5 571 0 0 
0 0 556 0 0 
0 0 514 0 0 
0 0 555 5 0 
0 0 433 0 0 
0 0 519 0 0 
0 0 488 0 0 
0 11 503 0 0 
0 7 517 0 0 
1 0 523 0 0 
0 0 556 0 0 
0 0 535 0 0 
0 1 608 0 0 
0 0 464 25 0 
0 0 500 0 0 
0 0 533 2 0 
0 42 558 0 0 
0 0 516 0 0 
0 0 454 0 0 
0 0 512 85 0 
0 0 504 0 0 
0 0 518 0 0 
0 0 477 0 0 
0 0 599 0 0 
0 0 536 0 0 
0 0 389 0 0 
0 0 511 0 0 
0 11 481 0 0 
0 0 503 0 0 
0 0 593 1 0 
0 0 578 0 0 
0 9 466 0 0 
0 20 493 0 0 
0 0 524 4 0 
0 0 557 0 0 
0 0 500 1 0 
0 0 518 1 0 
0 8 588 0 0 
0 0 468 0 0 
0 0 467 0 0 
0 0 510 0 0 
0 0 533 0 0 
0 0 543 9 0 
0 0 544 0 0 
0 0 546 0 0 
0 0 490 0 0 
0 0 511 0 0 
0 0 600 0 0 
0 0 412 0 0 
0 0 545 0 0 
0 0 562 0 0 
0 86 506 0 0 
0 0 514 0 0 
0 0 549 0 0 
0 0 481 0 0 
0 0 585 15 0 
0 0 676 3 0 
0 0 477 0 0 
0 0 592 8 0 
0 1 579 0 0 
0 0 478 0 0 
0 0 446 0 0 
0 0 613 0 0 
0 0 549 0 0 
0 0 615 1 0 
0 20 428 0 0 
0 0 525 1 0 
0 0 483 0 0 
0 0 465 0 0 
0 0 544 0 0 
0 0 572 0 0 
0 0 611 0 0 
0 0 444 1 0 
0 4 448 0 0 
0 0 578 0 0 
0 0 514 0 0 
0 15 523 0 0 
0 0 455 0 0 
0 0 524 0 0 
0 0 649 0 0 
0 0 490 0 0 
0 0 518 0 0 
0 0 582 0 0 
0 0 517 0 0 
0 0 535 0 0 
0 0 508 11 0 
0 2 546 0 0 
0 0 399 0 0 
0 0 573 0 0 
0 0 643 0 0 
0 0 505 0 0 
0 0 616 0 0 
0 0 511 2 0 
0 0 542 0 0 
0 0 475 0 0 
0 0 483 0 0 
0 0 673 0 0 
0 2 485 7 0 
0 0 566 0 0 
0 0 530 0 0 
0 0 560 1 0 
0 0 460 0 0 
0 0 505 0 0 
0 0 509 0 0 
0 0 489 0 0 
0 0 451 0 0 
0 0 582 1 0 
0 0 720 6 0 
0 0 475 0 0 
0 0 630 0 0 
0 0 475 0 0 
0 0 477 0 0 
0 0 529 0 0 
0 0 588 0 0 
0 0 543 0 0 
0 7 515 0 0 
0 0 490 0 0 
0 0 575 0 0 
0 0 572 0 0 
0 0 518 0 0 
0 0 412 0 0 
0 0 537 0 0 
0 5 439 0 0 
0 1 454 0 0 
0 35 574 0 0 
0 2 479 0 0 
0 0 500 0 0 
0 78 402 0 0 
0 0 517 0 0 
0 0 544 6 0 
0 0 564 7 0 
0 0 510 0 0 
0 21 522 0 0 
0 0 469 0 0 
0 0 504 0 0 
0 0 483 0 0 
0 0 491 11 0 
0 0 497 25 0 
0 0 508 0 0 
0 0 562 0 0 
0 13 496 0 0 
0 0 570 0 0 
0 0 480 0 0 
0 0 510 0 0 
0 0 525 0 0 
0 0 550 0 0 
0 16 497 0 0 
0 0 441 1 0 
0 0 559 0 0 
1 0 541 0 0 
0 0 653 0 0 
0 7 512 0 0 
0 0 544 2 0 
0 0 539 0 0 
0 0 504 0 0 
0 0 470 0 0 
0 0 541 0 0 
0 0 579 0 0 
0 79 517 3 0 
0 0 553 0 0 
0 0 485 2 0 
0 0 648 0 0 
0 0 589 0 0 
0 0 546 0 0 
0 0 480 0 0 
0 0 583 0 0 
0 7 433 0 0 
0 0 663 0 0 
0 0 533 0 0 
0 0 557 0 0 
0 0 524 0 0 
0 0 574 0 0 
0 0 510 0 0 
0 0 498 0 0 
0 12 454 0 0 
0 0 555 0 0 
0 0 531 0 0 
0 0 558 0 0 
0 3 541 0 0 
0 0 520 0 0 
0 0 580 0 0 
0 0 482 0 0 
0 0 596 0 0 
0 5 480 0 0 
0 0 551 0 0 
0 0 558 1 0 
0 0 397 35 0 
0 0 417 0 0 
0 0 455 0 0 
0 0 485 15 0 
0 0 487 0 0 
0 0 590 0 0 
0 0 557 0 0 
0 7 448 0 0 
0 0 461 15 0 
0 0 623 0 0 
0 0 502 0 0 
0 8 557 0 0 
0 0 517 0 0 
0 0 580 0 0 
0 0 585 0 0 
0 0 558 6 0 
0 0 511 0 0 
0 0 562 0 0 
0 0 486 0 0 
0 0 529 0 0 
0 8 595 0 0 
0 0 507 0 0 
0 3 467 0 0 
0 0 537 31 0 
0 0 666 0 0 
0 8 509 42 0 
0 0 524 0 0 
0 51 468 0 0 
0 0 612 0 0 
0 11 638 0 0 
0 9 540 3 0 
0 0 579 0 0 
0 0 609 0 0 
0 0 554 0 0 
0 9 548 0 0 
0 0 477 0 0 
0 0 548 66 0 
0 0 703 0 0 
0 0 511 0 0 
0 0 461 0 0 
0 0 508 0 0 
0 0 513 0 0 
0 0 560 0 0 
0 0 486 0 0 
0 0 638 0 0 
0 0 573 0 0 
0 0 688 0 0 
0 3 456 0 0 
0 6 535 0 0 
0 0 468 0 0 
0 0 614 0 0 
0 0 565 0 0 
0 2 465 0 0 
0 0 550 1 0 
0 0 483 34 0 
0 1 515 1 0 
0 19 571 0 0 
0 0 417 0 0 
0 61 581 0 0 
0 1 464 3 0 
0 0 482 0 0 
0 0 539 0 0 
0 0 485 0 0 
0 0 556 2 0 
0 0 524 9 0 
0 0 599 0 0 
0 0 703 7 0 
0 0 510 0 0 
0 0 648 4 0 
0 0 532 20 0 
0 0 471 0 0 
0 0 573 1 0 
0 0 506 3 0 
0 0 536 0 0 
0 0 574 0 0 
0 0 644 0 0 
0 0 394 2 0 
0 0 506 0 0 
0 0 519 0 0 
0 0 543 0 0 
0 0 470 0 0 
0 0 482 0 0 
0 0 473 0 0 
0 7 452 0 0 
0 0 581 0 0 
0 0 463 0 0 
0 0 528 8 0 
0 1 510 0 0 
0 0 622 0 0 
0 0 443 1 0 
0 0 559 0 0 
0 0 538 0 0 
0 0 528 0 0 
0 0 544 0 0 
0 0 482 4 0 
0 0 575 0 0 
0 0 473 7 0 
0 0 546 0 0 
0 1 449 0 0 
0 0 471 8 0 
0 1 502 12 0 
0 0 529 0 0 
0 0 546 0 0 
0 0 465 1 0 
0 0 583 0 0 
0 0 491 2 0 
0 1 426 7 0 
0 0 521 2 0 
0 0 506 5 0 
0 0 540 0 0 
0 0 591 0 0 
0 0 524 0 0 
0 0 615 0 0 
0 85 517 0 0 
0 0 545 0 0 
0 0 478 0 0 
0 0 545 0 0 
0 0 527 0 0 
0 0 416 0 0 
0 0 518 0 0 
0 0 515 0 0 
0 0 553 0 0 
0 0 524 1 0 
0 0 601 0 0 
0 0 557 0 0 
0 0 507 0 0 
0 0 553 0 0 
0 0 534 0 0 
0 0 549 5 0 
0 0 521 0 0 
0 0 470 0 0 
0 0 507 0 0 
0 0 556 0 0 
0 0 490 0 0 
0 0 516 0 0 
0 1 471 1 0 
0 0 484 13 0 
0 0 487 0 0 
0 0 515 0 0 
0 0 553 0 0 
0 0 469 3 0 
0 0 549 0 0 
0 0 545 0 0 
0 0 650 0 0 
0 6 549 0 0 
0 10 556 0 0 
0 0 455 0 0 
0 0 529 0 0 
0 0 622 0 0 
0 5 540 0 0 
0 0 479 0 0 
0 0 409 0 0 
0 0 436 0 0 
0 0 650 0 0 
0 0 495 6 0 
0 0 565 0 0 
0 0 492 0 0 
0 0 615 0 0 
0 0 480 0 0 
0 0 562 11 0 
0 0 470 9 0 
0 7 586 0 0 
1 0 501 0 0 
0 0 403 0 0 
0 1 566 0 0 
0 0 534 0 0 
0 0 500 0 0 
0 2 539 0 0 
0 5 550 0 0 
0 0 486 3 0 
0 7 556 0 0 
0 0 505 1 0 
0 0 537 0 0 
0 0 608 0 0 
0 0 482 0 0 
0 0 527 0 0 
0 0 480 0 0 
0 0 594 0 0 
0 33 523 0 0 
0 0 519 0 0 
0 0 566 0 0 
0 0 496 0 0 
0 0 499 0 0 
0 0 568 0 0 
0 0 455 6 0 
0 0 524 0 0 
0 0 515 23 0 
0 0 526 0 0 
0 0 559 0 0 
0 0 557 0 0 
0 0 475 1 0 
0 0 482 0 0 
0 0 531 4 0 
0 0 611 10 0 
0 0 525 0 0 
0 0 530 0 0 
0 0 483 0 0 
0 0 626 0 0 
0 0 542 0 0 
0 0 643 0 0 
0 2 545 0 0 
0 0 518 0 0 
0 21 524 0 0 
0 35 504 0 0 
0 0 539 0 0 
0 0 543 0 0 
0 21 539 0 0 
0 0 478 21 0 
0 0 649 0 0 
0 0 492 18 0 
0 0 465 0 0 
0 0 523 0 0 
0 0 618 17 0 
0 12 478 0 0 
0 0 485 0 0 
0 0 608 7 0 
0 4 522 0 0 
0 0 504 0 0 
0 0 620 0 0 
0 0 494 13 0 
0 0 528 0 0 
0 0 571 0 0 
0 0 512 0 0 
0 0 544 0 0 
0 0 528 0 0 
0 0 485 0 0 
0 5 548 1 0 
0 0 505 2 0 
0 0 510 0 0 
0 4 508 0 0 
0 0 527 0 0 
0 0 544 0 0 
0 0 545 0 0 
0 14 515 0 0 
0 0 463 0 0 
0 0 503 2 0 
0 0 542 0 0 
0 0 554 0 0 
0 0 535 0 0 
0 0 513 0 0 
0 3 546 0 0 
0 0 496 0 0 
0 0 482 0 0 
0 0 521 4 0 
0 0 572 0 0 
0 0 559 0 0 
0 0 598 11 0 
0 0 374 0 0 
0 0 566 0 0 
0 0 493 0 0 
0 0 509 0 0 
0 0 511 0 0 
0 1 549 0 0 
0 0 436 9 0 
0 0 493 0 0 
0 0 542 0 0 
0 0 462 0 0 
0 0 410 0 0 
0 0 499 6 0 
0 0 533 0 0 
0 0 553 0 0 
0 3 542 1 0 
0 0 512 0 0 
0 0 599 55 0 
0 3 460 0 0 
0 0 515 0 0 
0 0 482 0 0 
0 0 536 0 0 
0 0 517 16 0 
0 0 559 0 0 
1 4 508 0 0 
0 0 485 0 0 
0 0 568 0 0 
0 5 484 0 0 
0 0 529 0 0 
0 0 471 0 0 
0 0 461 0 0 
0 20 441 0 0 
0 0 609 0 0 
0 0 511 0 0 
0 0 522 0 0 
0 0 539 1 0 
0 0 562 0 0 
0 0 495 0 0 
0 0 672 0 0 
0 3 534 0 0 
0 0 471 0 0 
0 37 484 0 0 
0 0 526 0 0 
0 0 506 0 0 
0 0 498 0 0 
1 0 574 0 0 
0 0 522 0 0 
0 0 527 0 0 
0 0 584 0 0 
0 0 604 2 0 
0 0 484 0 0 
0 4 493 0 0 
0 0 555 0 0 
0 0 526 0 0 
0 0 489 0 0 
0 0 573 0 0 
0 0 544 0 0 
0 0 547 0 0 
0 0 526 0 0 
0 0 462 0 0 
0 0 506 6 0 
0 9 504 0 0 
0 0 570 0 0 
0 0 600 0 0 
0 0 501 0 0 
0 0 455 0 0 
0 0 449 0 0 
0 0 531 0 0 
0 0 404 0 0 
0 0 576 0 0 
0 0 544 0 0 
0 0 516 0 0 
0 0 528 0 0 
0 0 518 0 0 
0 10 524 0 0 
0 0 428 2 0 
0 0 519 0 0 
0 0 564 0 0 
0 22 469 0 0 
0 0 551 4 0 
0 0 581 0 0 
0 3 512 0 0 
0 6 523 0 0 
0 0 569 0 0 
0 0 558 0 0 
0 0 523 0 0 
0 0 487 0 0 
0 0 458 0 0 
0 0 510 0 0 
0 0 467 0 0 
0 0 455 0 0 
0 0 468 1 0 
0 0 572 0 0 
0 2 446 0 0 
0 0 517 0 0 
0 0 573 0 0 
0 0 482 1 0 
0 0 497 22 0 
0 0 436 0 0 
0 0 481 0 0 
0 0 591 2 0 
0 0 481 0 0 
0 0 545 0 0 
0 0 542 0 0 
0 0 577 17 0 
0 0 555 0 0 
0 0 517 0 0 
0 0 446 0 0 
0 0 530 0 0 
0 0 532 4 0 
0 0 541 0 0 
0 0 479 15 0 
0 0 505 27 0 
0 0 440 0 0 
0 0 537 0 0 
0 0 565 0 0 
0 0 488 0 0 
0 0 519 0 0 
0 4 422 0 0 
0 0 527 0 0 
0 0 604 1 0 
0 0 572 0 0 
0 3 561 6 0 
0 0 480 0 0 
0 0 460 0 0 
1 30 429 0 0 
0 0 528 0 0 
0 0 518 0 0 
0 0 517 0 0 
0 0 517 0 0 
0 4 531 10 0 
0 0 527 5 0 
0 0 496 0 0 
0 0 495 0 0 
0 0 486 0 0 
0 0 504 0 0 
0 0 566 1 0 
0 0 657 0 0 
0 0 604 0 0 
0 0 436 0 0 
0 21 443 0 0 
0 0 486 4 0 
0 0 452 0 0 
0 1 497 15 0 
0 0 596 0 0 
0 2 620 0 0 
0 0 504 0 0 
0 0 562 0 0 
0 0 460 3 0 
0 0 560 0 0 
0 10 512 0 0 
0 0 434 2 0 
0 0 521 0 0 
0 0 455 0 0 
0 0 474 5 0 
0 0 510 0 0 
0 13 634 0 0 
0 0 588 0 0 
0 0 506 0 0 
0 0 447 0 0 
0 0 532 0 0 
0 0 538 0 0 
0 0 470 5 0 
0 0 481 4 0 
0 6 620 0 0 
0 0 510 0 0 
0 0 555 0 0 
0 0 515 0 0 
0 0 534 0 0 
0 16 446 0 0 
0 0 492 1 0 
0 0 511 0 0 
0 0 477 0 0 
0 1 457 0 0 
0 0 478 0 0 
0 0 550 0 0 
0 0 530 0 0 
0 0 545 0 0 
0 0 558 0 0 
0 0 586 0 0 
0 0 492 0 0 
0 0 511 8 0 
0 0 472 8 0 
0 0 540 0 0 
0 2 603 0 0 
0 0 533 0 0 
0 0 514 0 0 
0 0 493 23 0 
0 0 540 0 0 
0 0 494 0 0 
0 2 497 0 0 
0 0 350 1 0 
0 0 514 0 0 
0 14 604 0 0 
0 1 504 0 0 
0 0 459 0 0 
0 0 527 0 0 
0 0 443 0 0 
0 0 559 12 0 
0 0 499 0 0 
0 0 524 0 0 
0 0 508 0 0 
0 0 513 1 0 
0 15 496 0 0 
0 0 547 0 0 
0 0 454 25 0 
0 0 443 0 0 
0 0 574 0 0 
0 0 518 0 0 
0 0 503 0 0 
0 0 533 0 0 
0 0 570 0 0 
0 0 532 0 0 
0 0 539 0 0 
0 0 531 0 0 
0 0 580 2 0 
0 1 614 0 0 
0 0 590 0 0 
0 0 527 0 0 
0 0 588 0 0 
0 0 563 0 0 
0 0 459 0 0 
0 0 521 2 0 
0 75 504 0 0 
0 2 703 0 0 
0 0 552 0 0 
0 0 497 0 0 
0 11 639 0 0 
0 0 464 30 0 
0 0 603 0 0 
0 0 502 0 0 
0 0 486 0 0 
0 0 390 0 0 
0 0 518 0 0 
0 0 600 0 0 
0 5 386 0 0 
0 0 540 0 0 
0 0 550 0 0 
0 23 517 0 0 
0 0 613 0 0 
0 0 566 0 0 
0 0 548 0 0 
0 0 503 0 0 
0 0 522 0 0 
0 0 524 0 0 
0 0 562 0 0 
