685 184 131 
703 217 80 
622 224 154 
769 160 71 
620 189 191 
598 264 138 
633 273 94 
615 177 208 
595 227 178 
692 158 150 
633 201 166 
652 214 134 
626 150 224 
538 175 287 
525 137 338 
606 192 202 
721 135 144 
678 180 142 
694 126 180 
588 258 154 
587 200 213 
638 228 134 
505 203 292 
634 174 192 
578 202 220 
791 121 88 
632 202 166 
643 196 161 
560 256 184 
682 206 112 
595 236 169 
584 254 162 
673 233 94 
599 213 188 
622 186 192 
699 209 92 
562 254 184 
549 246 205 
677 192 131 
621 219 160 
690 203 107 
626 144 230 
623 226 151 
662 262 76 
689 213 98 
515 197 288 
548 210 242 
625 270 105 
582 255 163 
587 254 159 
592 294 114 
634 187 179 
694 181 125 
703 163 134 
645 212 143 
632 212 156 
728 185 87 
724 158 118 
758 131 111 
354 164 482 
599 252 149 
591 208 201 
638 204 158 
599 230 171 
679 228 93 
628 202 170 
628 169 203 
669 259 72 
426 145 429 
601 197 202 
607 166 227 
650 201 149 
672 220 108 
599 205 196 
622 180 198 
514 211 275 
626 189 185 
608 190 202 
646 230 124 
628 256 116 
600 171 229 
521 163 316 
592 175 233 
682 191 127 
542 291 167 
639 195 166 
641 204 155 
542 117 341 
680 219 101 
634 213 153 
528 201 271 
721 191 88 
628 174 198 
559 295 146 
710 187 103 
689 219 92 
770 148 82 
728 166 106 
622 216 162 
503 269 228 
661 177 162 
608 225 167 
686 189 125 
666 204 130 
621 201 178 
724 188 88 
686 211 103 
595 191 214 
522 196 282 
555 230 215 
562 123 315 
752 186 62 
691 133 176 
665 154 181 
612 229 159 
519 274 207 
576 143 281 
698 202 100 
649 164 187 
701 164 135 
516 211 273 
620 155 225 
708 140 152 
524 293 183 
649 210 141 
625 155 220 
548 186 266 
649 237 114 
662 185 153 
603 180 217 
522 181 297 
680 174 146 
611 133 256 
613 161 226 
545 240 215 
625 211 164 
546 225 229 
626 230 144 
604 239 157 
581 242 177 
554 219 227 
639 232 129 
607 237 156 
713 172 115 
617 181 202 
460 187 353 
601 164 235 
597 215 188 
643 227 130 
584 266 150 
701 177 122 
561 211 228 
627 203 170 
514 269 217 
627 184 189 
745 129 126 
673 207 120 
725 152 123 
685 187 128 
725 162 113 
705 163 132 
706 187 107 
571 208 221 
565 181 254 
610 222 168 
652 196 152 
558 216 226 
614 226 160 
725 195 80 
614 181 205 
676 211 113 
734 186 80 
535 225 240 
605 180 215 
575 190 235 
686 241 73 
689 209 102 
691 200 109 
683 227 90 
757 157 86 
834 108 58 
612 236 152 
673 124 203 
551 197 252 
592 149 259 
560 229 211 
642 245 113 
724 183 93 
580 258 162 
644 235 121 
517 265 218 
585 194 221 
494 269 237 
580 171 249 
565 210 225 
573 277 150 
654 197 149 
477 267 256 
514 171 315 
640 214 146 
597 231 172 
731 162 107 
701 252 47 
645 205 150 
686 183 131 
580 210 210 
580 275 145 
528 232 240 
758 130 112 
580 277 143 
695 189 116 
679 195 126 
595 253 152 
577 202 221 
630 217 153 
638 199 163 
668 285 47 
671 199 130 
700 155 145 
674 174 152 
559 274 167 
655 188 157 
603 221 176 
795 133 72 
559 237 204 
627 196 177 
566 181 253 
646 244 110 
814 150 36 
623 168 209 
600 204 196 
616 190 194 
579 172 249 
700 155 145 
638 252 110 
585 213 202 
676 227 97 
611 174 215 
652 153 195 
522 143 335 
556 169 275 
528 241 231 
676 182 142 
566 186 248 
645 240 115 
642 273 85 
623 210 167 
660 183 157 
589 236 175 
646 159 195 
611 251 138 
669 266 65 
615 134 251 
637 189 174 
659 159 182 
741 179 80 
604 287 109 
735 176 89 
656 232 112 
740 174 86 
716 146 138 
594 173 233 
611 193 196 
615 185 200 
662 184 154 
561 251 188 
549 180 271 
632 231 137 
592 194 214 
790 146 64 
718 169 113 
613 192 195 
576 224 200 
542 213 245 
617 258 125 
688 101 211 
592 245 163 
708 147 145 
637 199 164 
714 197 89 
746 197 57 
441 295 264 
539 214 247 
623 203 174 
575 200 225 
646 163 191 
622 253 125 
564 237 199 
635 245 120 
765 107 128 
763 160 77 
456 204 340 
565 221 214 
594 208 198 
610 179 211 
640 183 177 
638 208 154 
665 180 155 
602 194 204 
556 220 224 
732 208 60 
594 188 218 
638 197 165 
497 139 364 
749 121 130 
622 220 158 
569 183 248 
667 199 134 
546 205 249 
523 210 267 
564 147 289 
594 180 226 
647 235 118 
584 237 179 
719 169 112 
555 252 193 
522 212 266 
637 163 200 
600 208 192 
633 183 184 
653 193 154 
689 230 81 
642 208 150 
654 239 107 
710 224 66 
611 276 113 
642 225 133 
623 206 171 
708 176 116 
682 169 149 
728 182 90 
591 253 156 
639 216 145 
700 151 149 
633 231 136 
737 149 114 
713 161 126 
610 190 200 
607 184 209 
588 208 204 
634 221 145 
573 216 211 
645 193 162 
600 203 197 
609 167 224 
553 226 221 
691 200 109 
449 276 275 
523 189 288 
686 230 84 
675 190 135 
738 153 109 
642 216 142 
694 200 106 
621 205 174 
675 133 192 
625 178 197 
621 203 176 
603 228 169 
538 243 219 
690 232 78 
740 160 100 
701 173 126 
619 241 140 
677 211 112 
689 184 127 
682 212 106 
677 204 119 
585 177 238 
736 160 104 
572 190 238 
660 252 88 
707 199 94 
807 107 86 
667 192 141 
711 196 93 
664 179 157 
671 229 100 
622 222 156 
712 155 133 
522 239 239 
576 213 211 
621 179 200 
664 179 157 
792 158 50 
652 172 176 
685 172 143 
688 217 95 
572 140 288 
730 157 113 
634 269 97 
718 201 81 
689 158 153 
657 164 179 
533 186 281 
690 148 162 
586 203 211 
661 150 189 
665 197 138 
527 226 247 
575 246 179 
687 156 157 
601 206 193 
566 171 263 
639 167 194 
651 197 152 
651 179 170 
601 238 161 
665 188 147 
666 180 154 
544 167 289 
507 185 308 
779 153 68 
625 285 90 
694 193 113 
621 265 114 
704 217 79 
626 236 138 
685 205 110 
599 216 185 
710 166 124 
686 174 140 
634 157 209 
612 209 179 
686 201 113 
626 244 130 
759 158 83 
657 221 122 
586 191 223 
672 156 172 
677 147 176 
705 144 151 
631 159 210 
671 205 124 
614 135 251 
627 140 233 
700 215 85 
701 174 125 
632 203 165 
533 199 268 
627 195 178 
585 174 241 
652 213 135 
648 201 151 
571 211 218 
558 239 203 
714 143 143 
695 149 156 
530 179 291 
607 259 134 
677 192 131 
638 231 131 
672 192 136 
585 186 229 
655 227 118 
504 184 312 
651 246 103 
665 172 163 
672 216 112 
615 207 178 
602 225 173 
686 202 112 
648 174 178 
613 222 165 
807 136 57 
599 219 182 
600 211 189 
555 202 243 
702 197 101 
628 174 198 
657 209 134 
699 152 149 
638 178 184 
566 266 168 
581 216 203 
557 215 228 
690 241 69 
585 304 111 
521 228 251 
532 264 204 
675 201 124 
710 197 93 
697 196 107 
554 169 277 
645 128 227 
619 244 137 
685 236 79 
538 293 169 
545 220 235 
603 206 191 
684 158 158 
520 248 232 
681 168 151 
561 184 255 
724 162 114 
663 187 150 
509 285 206 
656 224 120 
674 195 131 
659 218 123 
552 219 229 
571 269 160 
639 190 171 
603 228 169 
604 252 144 
592 169 239 
667 171 162 
641 199 160 
577 240 183 
593 184 223 
559 235 206 
654 186 160 
652 170 178 
617 119 264 
720 169 111 
732 161 107 
616 235 149 
615 217 168 
613 199 188 
722 118 160 
583 210 207 
562 235 203 
611 164 225 
559 136 305 
631 167 202 
640 230 130 
598 267 135 
646 225 129 
629 189 182 
515 225 260 
688 175 137 
547 198 255 
624 232 144 
657 154 189 
766 137 97 
580 236 184 
668 242 90 
642 239 119 
718 168 114 
624 241 135 
582 208 210 
668 190 142 
589 261 150 
501 137 362 
625 216 159 
618 207 175 
645 264 91 
677 227 96 
642 171 187 
578 221 201 
580 270 150 
582 238 180 
547 203 250 
577 231 192 
638 249 113 
688 174 138 
645 259 96 
629 163 208 
643 166 191 
682 263 55 
607 228 165 
734 207 59 
569 194 237 
525 274 201 
498 167 335 
512 201 287 
594 246 160 
533 204 263 
642 252 106 
623 242 135 
553 304 143 
603 187 210 
617 230 153 
518 238 244 
650 219 131 
548 204 248 
432 180 388 
694 194 112 
581 219 200 
634 242 124 
645 228 127 
572 111 317 
591 157 252 
679 225 96 
609 194 197 
729 175 96 
635 269 96 
702 227 71 
552 193 255 
673 193 134 
683 184 133 
529 217 254 
606 186 208 
702 139 159 
578 238 184 
589 268 143 
559 239 202 
660 238 102 
680 197 123 
632 211 157 
637 218 145 
642 228 130 
750 168 82 
702 211 87 
715 165 120 
600 251 149 
645 161 194 
632 225 143 
743 163 94 
640 209 151 
676 220 104 
503 168 329 
591 193 216 
677 209 114 
681 226 93 
699 136 165 
550 248 202 
610 254 136 
664 228 108 
583 187 230 
570 238 192 
647 215 138 
820 125 55 
700 98 202 
630 172 198 
667 192 141 
671 186 143 
718 119 163 
665 222 113 
568 223 209 
692 179 129 
503 200 297 
684 246 70 
534 164 302 
570 199 231 
614 198 188 
648 191 161 
730 197 73 
630 175 195 
607 306 87 
646 234 120 
715 210 75 
544 177 279 
657 140 203 
673 161 166 
628 258 114 
642 229 129 
563 216 221 
606 302 92 
638 250 112 
595 212 193 
638 156 206 
521 182 297 
568 201 231 
452 217 331 
685 158 157 
566 177 257 
670 243 87 
631 220 149 
511 206 283 
648 175 177 
604 192 204 
603 274 123 
622 165 213 
482 203 315 
587 228 185 
605 232 163 
633 216 151 
611 211 178 
635 213 152 
673 233 94 
693 145 162 
762 149 89 
573 210 217 
664 220 116 
730 152 118 
698 208 94 
607 168 225 
637 180 183 
672 213 115 
567 170 263 
588 205 207 
623 215 162 
549 240 211 
672 147 181 
569 277 154 
599 190 211 
605 228 167 
528 223 249 
708 210 82 
693 225 82 
612 189 199 
556 188 256 
717 185 98 
596 253 151 
566 170 264 
651 168 181 
688 200 112 
601 224 175 
670 227 103 
635 179 186 
699 169 132 
632 228 140 
663 182 155 
623 171 206 
707 183 110 
639 215 146 
690 191 119 
711 183 106 
774 156 70 
683 163 154 
683 219 98 
597 212 191 
643 229 128 
735 144 121 
669 278 53 
647 280 73 
639 238 123 
612 189 199 
546 243 211 
570 264 166 
619 180 201 
532 181 287 
684 210 106 
600 226 174 
497 236 267 
595 187 218 
687 188 125 
739 149 112 
620 192 188 
606 169 225 
689 230 81 
621 251 128 
723 204 73 
583 187 230 
629 153 218 
687 145 168 
630 153 217 
527 187 286 
743 212 45 
626 238 136 
578 200 222 
675 159 166 
660 195 145 
624 178 198 
678 206 116 
639 218 143 
598 245 157 
635 161 204 
655 216 129 
672 215 113 
671 232 97 
477 218 305 
653 212 135 
782 151 67 
508 278 214 
654 224 122 
613 207 180 
644 221 135 
585 232 183 
590 230 180 
660 177 163 
690 174 136 
660 179 161 
613 179 208 
711 175 114 
607 176 217 
595 279 126 
803 158 39 
543 244 213 
514 204 282 
673 189 138 
613 184 203 
566 190 244 
636 208 156 
605 203 192 
640 171 189 
761 142 97 
656 195 149 
603 222 175 
621 260 119 
675 179 146 
627 171 202 
603 220 177 
603 235 162 
720 200 80 
669 189 142 
713 232 55 
607 222 171 
610 225 165 
603 274 123 
617 178 205 
624 214 162 
738 132 130 
597 223 180 
570 251 179 
608 264 128 
619 139 242 
564 266 170 
568 190 242 
585 213 202 
619 174 207 
573 228 199 
739 216 45 
528 200 272 
650 232 118 
499 159 342 
695 164 141 
575 194 231 
573 225 202 
605 183 212 
674 230 96 
693 153 154 
516 217 267 
661 181 158 
588 233 179 
494 306 200 
582 215 203 
594 237 169 
550 248 202 
678 180 142 
661 210 129 
583 212 205 
517 259 224 
686 227 87 
608 284 108 
708 167 125 
567 182 251 
688 205 107 
587 231 182 
639 263 98 
636 214 150 
694 187 119 
715 176 109 
656 242 102 
593 276 131 
599 251 150 
586 254 160 
640 176 184 
645 233 122 
626 190 184 
654 186 160 
648 206 146 
727 114 159 
764 160 76 
638 170 192 
592 244 164 
647 170 183 
608 207 185 
637 179 184 
611 278 111 
597 225 178 
471 186 343 
543 147 310 
576 234 190 
638 219 143 
605 148 247 
508 167 325 
646 201 153 
629 230 141 
677 160 163 
488 185 327 
554 201 245 
761 132 107 
567 229 204 
635 187 178 
641 213 146 
616 183 201 
517 177 306 
557 298 145 
698 151 151 
614 154 232 
678 138 184 
563 252 185 
573 244 183 
586 195 219 
613 218 169 
649 234 117 
541 215 244 
426 162 412 
568 244 188 
661 169 170 
708 212 80 
654 200 146 
702 260 38 
672 202 126 
459 170 371 
585 229 186 
712 140 148 
562 256 182 
615 260 125 
568 129 303 
563 164 273 
623 220 157 
644 257 99 
707 189 104 
655 172 173 
581 271 148 
688 163 149 
557 290 153 
507 213 280 
527 196 277 
643 241 116 
644 185 171 
510 137 353 
630 189 181 
546 201 253 
661 198 141 
658 192 150 
531 256 213 
620 220 160 
591 190 219 
579 168 253 
616 221 163 
663 176 161 
613 177 210 
628 228 144 
752 147 101 
618 234 148 
624 165 211 
588 193 219 
591 204 205 
578 245 177 
644 196 160 
603 230 167 
648 123 229 
542 218 240 
595 225 180 
651 131 218 
695 204 101 
776 160 64 
749 171 80 
578 254 168 
645 164 191 
699 173 128 
702 209 89 
683 219 98 
609 244 147 
626 210 164 
591 180 229 
618 233 149 
615 233 152 
792 125 83 
692 263 45 
627 244 129 
544 207 249 
578 233 189 
650 193 157 
647 147 206 
538 175 287 
630 210 160 
621 251 128 
628 184 188 
580 205 215 
670 209 121 
659 202 139 
581 200 219 
646 165 189 
639 170 191 
676 253 71 
627 187 186 
680 180 140 
564 172 264 
584 197 219 
661 175 164 
702 225 73 
640 226 134 
627 265 108 
550 203 247 
645 214 141 
617 256 127 
731 181 88 
708 177 115 
638 117 245 
703 214 83 
676 202 122 
624 182 194 
686 174 140 
563 272 165 
482 205 313 
612 166 222 
652 225 123 
686 182 132 
646 139 215 
660 161 179 
694 154 152 
565 181 254 
690 174 136 
580 190 230 
807 107 86 
575 247 178 
591 180 229 
674 218 108 
514 304 182 
549 178 273 
477 155 368 
664 207 129 
566 164 270 
612 220 168 
608 223 169 
