0 158 68 83 0 
4 65 214 3 0 
1 98 182 32 21 
14 29 132 161 0 
14 54 147 48 1 
10 63 86 132 97 
22 80 195 127 2 
13 81 151 88 0 
30 25 132 50 5 
3 32 84 29 0 
3 66 75 195 0 
17 57 42 79 0 
19 64 236 42 0 
3 69 215 76 0 
2 59 126 99 2 
6 88 73 29 0 
14 90 186 54 0 
7 96 231 31 0 
8 94 191 122 0 
1 51 125 34 0 
9 78 202 40 0 
3 134 235 16 2 
8 38 103 185 0 
0 28 161 156 4 
2 84 254 30 0 
15 131 203 27 0 
0 83 134 153 0 
31 91 122 75 0 
20 116 123 56 0 
15 21 333 2 0 
17 16 141 54 8 
1 93 217 96 15 
3 92 144 85 1 
18 54 145 6 91 
11 69 253 19 0 
1 22 158 109 0 
11 66 118 49 0 
4 53 177 53 96 
3 41 51 132 0 
1 52 85 155 0 
2 35 230 20 0 
18 84 137 80 0 
0 142 240 108 0 
12 60 152 48 0 
12 44 51 47 0 
7 117 48 91 0 
7 16 120 95 0 
5 108 137 72 0 
2 59 217 195 0 
10 110 200 125 0 
10 183 137 26 9 
8 40 204 187 10 
7 143 174 29 0 
5 67 172 74 0 
0 64 226 5 1 
3 133 136 34 0 
25 95 290 42 0 
29 23 169 105 0 
11 74 312 51 0 
9 103 210 23 15 
4 40 223 15 0 
6 34 297 90 0 
0 96 50 83 0 
3 112 216 97 0 
5 15 204 81 40 
0 62 254 82 0 
11 93 296 68 0 
11 22 121 169 0 
4 33 115 44 0 
10 36 89 152 2 
31 60 48 66 0 
11 115 270 63 30 
10 105 128 97 9 
25 60 96 44 0 
10 13 268 121 0 
11 110 62 26 0 
9 161 148 107 1 
12 21 102 153 4 
17 86 65 86 0 
9 53 141 236 0 
6 66 218 40 0 
15 165 66 114 1 
15 47 182 116 1 
3 198 191 28 0 
26 61 154 70 0 
13 64 273 41 0 
19 62 221 55 0 
26 53 112 11 0 
6 170 101 41 0 
18 46 106 93 0 
4 24 147 24 0 
3 86 94 139 0 
4 16 195 46 38 
7 47 77 59 0 
0 110 141 136 0 
0 115 225 62 0 
4 86 94 91 1 
4 93 207 81 41 
6 60 169 72 0 
1 146 167 77 6 
0 44 182 58 0 
6 40 85 78 0 
31 149 105 46 0 
3 48 109 132 11 
16 45 211 78 9 
23 45 241 88 0 
2 122 85 71 22 
4 73 125 46 0 
13 113 178 154 0 
2 94 178 99 1 
0 87 216 9 0 
5 59 118 135 15 
2 30 194 63 1 
6 107 190 3 0 
2 41 64 84 0 
12 65 80 33 0 
1 39 301 92 7 
6 32 189 149 1 
40 85 204 68 0 
0 46 185 34 0 
1 85 160 68 0 
1 54 342 40 102 
21 24 166 49 10 
4 115 80 49 61 
16 48 209 44 4 
7 84 54 104 0 
5 63 200 48 0 
9 66 185 20 2 
11 68 213 97 0 
3 76 102 115 1 
7 76 133 58 27 
2 126 145 34 3 
11 115 201 47 5 
6 135 140 49 0 
11 149 126 10 5 
6 37 246 12 2 
9 108 144 14 1 
20 38 147 99 1 
13 24 244 193 5 
19 26 223 50 0 
10 73 228 62 0 
4 31 240 31 6 
35 49 323 5 1 
6 57 112 40 0 
11 79 75 107 0 
2 68 179 81 0 
2 36 293 18 4 
11 81 175 100 15 
1 46 71 35 0 
0 88 107 205 0 
4 62 153 77 0 
3 26 174 87 0 
52 97 176 9 0 
12 44 276 59 1 
21 96 154 71 0 
1 53 173 170 0 
31 137 91 6 4 
5 99 203 19 0 
1 78 311 54 0 
16 38 205 68 0 
17 104 213 42 0 
40 53 177 87 0 
14 159 116 28 13 
1 66 267 139 0 
5 71 203 62 4 
22 168 128 90 0 
0 67 142 77 0 
13 94 120 39 15 
2 44 230 114 27 
18 39 113 130 0 
3 24 235 89 0 
47 58 106 24 0 
4 77 282 92 0 
16 106 143 43 0 
12 22 162 85 0 
3 127 298 64 11 
10 45 289 51 0 
19 104 53 55 0 
3 79 215 48 0 
25 78 390 28 0 
29 59 166 70 1 
1 103 172 100 0 
11 66 215 37 0 
2 113 198 102 32 
2 119 326 72 0 
0 81 303 77 28 
5 44 50 165 0 
5 110 193 157 0 
28 153 100 27 0 
13 28 104 99 3 
4 119 232 42 0 
3 58 88 47 0 
14 115 77 129 0 
7 57 175 98 0 
6 99 330 62 0 
4 10 100 109 0 
10 157 116 19 0 
17 36 186 92 0 
5 46 168 110 1 
2 33 202 96 0 
11 61 250 49 4 
3 154 134 120 0 
52 73 196 93 0 
6 80 139 100 0 
0 5 215 33 0 
24 54 196 33 7 
6 56 153 63 0 
1 77 219 101 0 
0 79 140 31 0 
9 58 50 87 0 
10 38 216 35 1 
26 29 194 44 0 
2 134 77 98 1 
0 64 337 41 0 
1 47 160 113 0 
19 68 117 162 0 
0 77 120 65 0 
3 157 260 66 0 
8 88 174 71 0 
2 99 216 67 8 
23 55 187 30 0 
2 100 168 45 0 
28 27 176 39 2 
2 29 140 73 0 
8 59 204 61 0 
0 77 95 32 0 
13 14 230 137 6 
34 129 93 106 0 
42 140 171 145 0 
10 121 160 9 0 
8 121 121 132 0 
10 30 270 38 0 
1 104 306 74 0 
0 63 182 65 0 
4 85 131 84 0 
5 109 67 35 0 
4 104 153 31 0 
5 66 191 106 0 
5 49 248 31 22 
19 46 134 165 0 
25 84 196 190 12 
3 94 252 81 0 
27 93 107 63 1 
0 60 145 10 0 
1 15 178 58 0 
4 147 184 51 1 
17 72 113 15 0 
6 26 204 31 1 
11 86 136 72 0 
1 80 76 174 0 
4 52 75 19 0 
1 134 122 9 1 
2 72 102 45 1 
16 85 115 49 0 
1 48 154 95 0 
6 90 270 45 0 
12 32 300 82 0 
1 103 232 47 0 
3 38 214 35 0 
5 62 117 26 0 
4 72 232 81 0 
0 48 144 104 0 
3 69 136 33 0 
27 28 169 34 1 
11 22 253 143 0 
22 121 115 63 0 
1 69 161 75 0 
14 37 134 96 0 
5 100 73 37 0 
6 59 235 35 0 
24 40 122 60 0 
12 90 68 16 17 
6 138 157 83 1 
0 33 67 76 0 
8 114 95 25 0 
12 34 139 201 0 
5 86 209 36 1 
16 50 96 2 74 
16 98 165 54 0 
4 57 100 196 13 
13 39 65 39 29 
3 105 73 55 0 
8 57 172 47 0 
1 151 145 85 0 
10 83 211 6 8 
9 55 152 112 4 
7 86 69 85 0 
8 104 161 31 0 
7 57 255 67 11 
4 132 97 81 7 
10 63 123 124 0 
2 31 255 49 18 
24 87 250 24 15 
8 45 98 136 1 
5 56 189 83 0 
13 76 192 113 0 
39 133 129 12 0 
16 174 177 68 0 
3 103 133 42 0 
7 53 252 77 8 
3 80 130 94 0 
10 35 264 25 1 
16 73 100 116 0 
15 120 67 73 0 
31 46 144 80 2 
0 28 351 91 0 
8 109 170 57 4 
1 65 197 121 0 
9 44 211 32 0 
3 84 62 14 0 
6 107 233 29 0 
7 70 366 32 0 
4 41 73 54 18 
20 76 287 51 0 
4 54 160 58 7 
0 116 95 39 2 
4 138 106 102 0 
2 48 193 31 0 
12 40 99 50 0 
5 100 222 18 6 
10 78 106 61 3 
22 71 113 100 0 
14 64 143 149 3 
7 125 340 43 0 
2 40 164 137 1 
18 70 128 71 0 
35 49 164 63 0 
4 75 226 73 10 
8 98 195 80 0 
14 113 156 34 0 
7 89 154 146 0 
0 102 168 70 0 
7 12 243 48 0 
5 102 158 36 2 
12 124 301 160 0 
9 53 232 118 1 
21 86 145 40 0 
2 75 114 52 0 
0 64 181 204 0 
21 204 112 32 0 
13 63 168 55 0 
9 107 158 36 0 
7 27 174 46 0 
0 133 165 16 13 
8 116 188 12 0 
0 111 209 92 0 
10 9 113 19 15 
4 88 138 93 0 
1 49 179 121 0 
44 62 170 52 0 
6 44 130 65 17 
4 61 191 47 0 
8 20 205 96 0 
17 79 240 84 0 
2 44 113 135 0 
2 148 177 24 1 
11 40 279 86 1 
10 11 68 66 5 
3 81 147 89 0 
5 80 189 24 0 
10 126 150 53 0 
22 33 259 60 0 
10 22 296 84 11 
22 32 337 14 0 
3 60 145 87 3 
1 29 200 59 0 
6 57 157 27 0 
8 120 180 44 0 
20 58 119 115 0 
6 107 117 78 39 
20 87 173 63 0 
7 53 138 79 0 
5 53 92 112 0 
17 71 101 119 0 
25 65 257 53 0 
4 64 197 80 0 
1 3 226 123 19 
1 42 86 41 0 
3 157 73 20 0 
33 84 242 81 0 
3 121 197 88 0 
6 55 100 68 5 
0 76 134 40 0 
11 21 219 127 1 
0 50 218 162 0 
9 83 234 44 1 
1 64 170 102 0 
4 15 162 201 0 
6 28 170 56 0 
7 53 178 28 0 
4 30 211 36 3 
3 191 181 38 1 
3 32 216 191 0 
7 28 191 129 0 
4 98 172 73 0 
27 50 127 43 0 
15 64 144 44 0 
1 56 235 39 0 
6 74 245 30 1 
4 83 113 45 22 
2 143 237 96 1 
18 34 145 19 0 
2 91 153 66 15 
8 71 138 47 0 
12 30 222 48 1 
5 83 111 39 0 
2 58 155 69 0 
1 33 136 70 8 
2 23 114 31 0 
4 54 184 162 0 
5 50 170 68 0 
2 22 251 91 0 
18 22 159 73 0 
2 36 192 100 0 
17 42 161 41 8 
6 59 167 46 1 
9 7 69 372 9 
0 20 154 55 0 
19 70 81 59 9 
5 76 136 81 0 
14 53 100 106 0 
0 84 162 80 0 
3 89 108 87 11 
7 126 130 6 0 
3 144 205 18 28 
35 57 107 78 0 
8 133 136 47 0 
12 30 200 36 49 
20 109 70 110 0 
1 38 152 84 0 
0 81 203 119 0 
2 56 177 70 0 
14 171 130 65 5 
11 49 87 31 0 
7 126 168 38 0 
27 56 117 129 0 
8 67 123 24 0 
1 25 197 70 1 
0 41 107 52 0 
3 27 206 43 0 
6 143 263 67 0 
21 83 127 107 19 
1 140 190 18 0 
6 117 137 52 0 
1 80 145 168 0 
1 31 186 34 0 
3 131 130 36 0 
17 54 138 220 25 
1 31 227 79 25 
1 103 105 5 0 
17 118 250 52 0 
7 55 149 61 0 
1 15 256 60 0 
5 23 137 135 0 
3 41 191 96 1 
7 35 171 28 1 
9 73 137 10 0 
10 57 114 80 0 
2 55 258 166 0 
17 109 141 102 7 
10 47 76 198 1 
14 125 102 122 5 
30 80 166 94 14 
12 41 355 39 1 
2 75 221 109 0 
33 11 182 57 0 
1 53 249 77 0 
1 20 311 125 0 
2 101 132 21 0 
1 49 318 7 0 
1 62 253 65 0 
15 91 352 18 0 
3 125 95 106 0 
10 83 120 98 17 
41 27 130 49 0 
4 49 233 23 0 
2 46 99 37 0 
10 49 240 33 21 
4 53 195 42 0 
1 40 215 46 0 
19 96 33 89 4 
6 91 312 169 0 
3 42 168 96 0 
3 83 59 97 0 
40 77 97 76 0 
8 29 108 105 0 
1 55 195 29 0 
14 27 204 143 27 
7 14 108 64 0 
3 97 275 146 0 
12 52 210 73 0 
6 52 272 156 0 
3 34 220 94 9 
0 93 152 94 0 
17 55 192 28 0 
0 30 191 73 16 
17 75 185 21 0 
7 80 118 167 0 
1 47 158 99 1 
7 30 117 87 0 
0 96 149 35 0 
2 44 147 26 0 
3 95 113 17 0 
15 90 260 30 0 
19 51 179 67 1 
7 109 162 11 12 
13 148 169 27 0 
15 65 227 106 0 
5 65 182 59 0 
10 48 86 102 0 
4 75 193 28 0 
20 136 72 110 1 
1 101 131 87 0 
43 46 64 49 1 
7 197 86 118 18 
3 76 194 121 0 
6 83 194 52 0 
6 19 209 80 92 
19 188 109 68 33 
6 45 188 38 5 
4 46 236 94 0 
7 98 190 22 12 
8 45 209 30 9 
10 11 105 92 0 
4 20 121 8 0 
8 83 202 103 1 
12 114 263 119 6 
13 42 214 107 0 
1 66 88 85 8 
37 22 115 155 13 
11 71 175 59 0 
1 51 149 24 0 
33 77 134 28 0 
1 46 146 96 37 
4 111 176 62 0 
0 21 270 64 0 
5 32 100 93 5 
9 23 128 202 0 
9 113 198 47 1 
5 88 177 32 3 
9 86 71 30 0 
0 63 207 98 0 
29 49 217 85 1 
1 21 139 86 7 
24 95 101 15 0 
13 22 150 109 0 
11 72 223 65 0 
14 9 144 77 3 
31 54 149 130 0 
13 163 188 77 0 
2 43 125 72 3 
2 82 126 33 0 
2 74 159 68 22 
37 44 200 33 0 
5 46 155 154 0 
16 21 198 92 0 
1 22 176 20 0 
0 115 219 56 0 
3 112 174 51 0 
4 70 255 51 0 
5 59 183 13 0 
1 20 171 55 3 
8 75 199 62 0 
2 10 255 57 10 
5 55 197 58 9 
11 67 148 115 0 
15 80 215 61 0 
20 60 132 52 0 
2 42 157 65 0 
4 76 154 41 0 
0 52 117 41 0 
17 61 199 110 0 
4 69 119 83 3 
10 66 220 43 0 
15 69 229 39 0 
0 63 199 5 0 
1 138 254 136 0 
2 95 198 299 0 
4 82 111 153 3 
8 72 141 60 8 
2 64 130 91 47 
25 139 127 85 4 
2 57 98 132 0 
3 82 195 61 1 
0 39 237 67 0 
1 60 182 33 0 
3 16 230 2 0 
2 74 151 110 0 
0 112 209 38 0 
0 78 227 39 0 
1 32 120 165 0 
13 84 116 45 21 
7 37 111 51 40 
2 176 127 130 1 
3 123 146 113 0 
8 29 84 52 0 
5 51 176 162 8 
4 87 84 150 0 
28 136 265 58 0 
1 38 255 16 0 
8 109 93 84 1 
8 127 172 7 0 
30 18 260 44 15 
6 65 205 98 0 
9 41 171 43 4 
3 92 111 50 31 
15 67 144 149 0 
3 43 55 218 0 
4 42 96 75 6 
2 53 112 36 24 
15 27 127 97 0 
9 214 249 35 0 
2 48 130 59 0 
1 27 241 125 0 
11 17 98 81 0 
15 67 193 55 0 
0 46 230 68 0 
2 20 180 24 0 
24 33 194 124 0 
6 43 238 59 4 
11 22 281 69 0 
18 64 118 22 16 
4 59 56 112 14 
6 61 289 169 0 
7 37 170 82 2 
10 28 194 69 1 
16 88 159 32 7 
6 39 108 133 6 
20 25 211 100 18 
23 21 158 92 7 
0 43 91 94 0 
17 148 133 31 0 
7 52 227 54 0 
7 76 166 24 1 
35 95 113 57 24 
8 16 149 42 0 
3 42 111 84 8 
49 46 356 170 0 
11 45 168 51 0 
1 73 129 96 0 
2 82 274 120 0 
5 86 168 43 0 
14 167 146 94 21 
12 74 85 32 0 
8 75 154 20 0 
3 106 198 145 3 
17 123 387 20 11 
14 31 157 131 0 
31 62 95 76 0 
0 63 256 63 0 
2 107 118 89 0 
7 23 228 227 0 
4 88 120 76 0 
1 41 135 41 54 
2 38 305 33 4 
29 85 147 68 0 
33 18 237 35 0 
10 96 108 21 0 
24 19 236 43 0 
24 35 242 55 0 
9 126 245 52 0 
12 121 215 88 64 
3 54 239 25 0 
0 27 71 88 0 
22 83 109 24 0 
1 38 278 94 0 
11 55 270 10 0 
7 59 94 65 0 
16 81 96 32 0 
3 48 170 31 0 
8 114 421 32 0 
1 79 313 80 0 
2 108 214 18 0 
5 73 253 92 0 
1 56 335 51 0 
19 57 15 69 0 
0 112 114 154 0 
2 34 144 30 0 
7 61 141 51 3 
4 71 194 40 9 
3 16 267 31 0 
9 156 313 52 0 
7 66 318 33 0 
31 128 200 25 9 
25 72 96 104 0 
37 31 134 182 0 
23 68 188 38 0 
5 166 228 219 0 
2 61 142 136 0 
23 72 170 13 0 
20 149 176 89 18 
0 53 211 272 3 
5 20 187 82 0 
27 103 218 137 0 
3 86 151 20 0 
5 31 214 69 0 
3 41 126 69 5 
1 32 142 105 0 
14 32 178 229 0 
1 98 84 79 4 
15 54 178 66 1 
1 93 204 139 0 
6 60 186 25 0 
13 46 164 140 0 
12 62 199 42 0 
10 64 255 110 0 
55 82 109 157 0 
4 35 96 18 0 
14 82 184 59 28 
0 55 267 57 0 
0 130 67 162 5 
7 34 49 115 3 
22 68 240 3 0 
51 48 119 97 0 
8 168 187 31 0 
0 31 166 103 0 
8 32 184 59 0 
4 16 287 77 0 
4 85 90 44 0 
5 3 243 45 0 
2 66 235 57 9 
23 49 222 100 0 
7 49 176 49 0 
19 28 180 57 1 
2 22 103 52 0 
14 68 188 139 0 
2 50 141 134 0 
9 73 123 42 0 
0 61 235 103 5 
4 100 210 84 0 
0 37 128 131 0 
5 56 182 93 0 
3 42 179 92 14 
11 77 232 76 7 
4 36 206 66 4 
8 43 97 54 0 
14 3 209 44 0 
5 85 100 130 0 
1 75 65 74 10 
8 34 172 102 0 
48 38 137 76 17 
10 150 115 82 8 
7 60 275 25 0 
6 114 180 116 1 
17 82 199 33 0 
5 84 166 61 0 
9 65 105 46 0 
5 149 122 72 0 
20 39 110 110 3 
0 124 182 48 0 
23 22 128 101 0 
37 61 176 13 0 
10 21 160 138 1 
7 53 103 70 11 
38 72 245 69 1 
14 61 178 81 0 
0 34 195 124 0 
8 48 134 42 14 
0 32 115 72 0 
6 73 169 141 0 
0 48 272 53 0 
1 42 157 79 3 
5 107 98 143 0 
2 63 174 56 0 
6 79 124 56 3 
13 102 203 55 1 
4 91 336 37 0 
46 54 146 60 0 
37 122 36 195 6 
4 30 161 74 0 
6 107 218 26 0 
3 46 184 11 18 
17 105 166 47 8 
0 30 87 117 0 
1 23 215 42 0 
19 20 212 17 0 
4 75 83 97 16 
4 72 181 106 0 
2 65 179 3 0 
8 63 86 38 4 
7 107 153 138 4 
8 39 156 83 0 
3 88 216 9 3 
8 44 188 113 27 
4 60 217 111 0 
33 65 225 168 0 
1 51 95 152 15 
14 38 139 37 0 
2 119 141 30 0 
5 28 205 28 0 
2 33 84 75 0 
13 88 215 35 0 
4 30 200 13 14 
2 34 142 29 0 
3 68 110 41 1 
2 103 371 128 0 
8 6 250 177 0 
31 51 141 37 0 
0 53 191 25 0 
3 141 135 8 0 
27 74 149 32 1 
7 82 163 58 0 
2 37 168 59 5 
20 27 146 46 0 
27 133 156 38 0 
17 93 206 12 0 
12 34 222 67 6 
5 27 129 223 0 
11 19 219 63 0 
6 81 254 30 0 
0 37 155 35 5 
10 278 192 53 0 
1 27 183 134 7 
7 45 186 40 0 
2 23 227 90 0 
1 84 186 121 1 
0 20 110 136 0 
3 75 138 40 0 
4 57 191 267 0 
0 25 215 9 3 
1 28 217 73 0 
1 20 69 108 1 
15 120 77 100 25 
11 20 96 114 0 
9 18 178 34 0 
16 32 137 73 0 
5 61 179 29 0 
1 35 132 113 0 
11 63 139 61 1 
11 72 132 62 0 
1 29 205 66 0 
5 58 73 146 2 
31 41 122 131 0 
8 56 102 145 2 
6 108 139 30 0 
8 30 225 77 9 
59 72 30 138 0 
22 44 187 116 0 
4 55 276 7 0 
15 36 208 9 0 
1 63 172 149 6 
21 107 94 18 0 
15 54 238 134 12 
1 73 205 64 1 
0 45 186 18 1 
2 59 134 143 0 
1 134 87 75 0 
6 57 190 80 0 
15 121 83 105 0 
0 65 226 135 4 
6 51 111 46 0 
23 102 125 57 9 
11 112 128 83 0 
6 99 152 60 11 
6 68 100 106 82 
4 24 172 73 0 
7 91 144 29 0 
26 55 172 107 32 
0 94 144 89 0 
2 82 365 58 0 
22 117 214 86 18 
4 218 237 63 0 
27 77 282 38 0 
2 22 160 53 0 
18 107 141 19 0 
13 143 204 269 1 
3 61 167 143 0 
5 21 296 132 0 
3 118 48 191 0 
28 40 151 171 0 
1 89 204 71 1 
4 63 190 32 1 
4 87 107 39 0 
12 53 147 48 0 
2 97 172 49 0 
0 24 222 89 0 
11 57 191 190 0 
8 45 193 52 3 
14 151 122 70 8 
4 60 289 45 0 
6 48 226 47 1 
7 90 223 57 0 
14 94 325 51 9 
3 71 89 24 6 
6 23 228 46 0 
0 38 132 12 0 
1 49 200 103 0 
13 26 174 54 3 
7 48 223 96 0 
6 34 168 63 49 
5 46 260 58 22 
16 107 131 21 0 
10 191 133 65 6 
18 47 124 90 0 
4 42 192 114 0 
8 68 152 29 0 
23 117 62 49 0 
3 77 202 195 8 
9 28 103 80 32 
5 102 316 193 18 
16 23 177 87 0 
27 78 159 65 0 
26 93 186 42 0 
12 157 145 38 11 
4 49 181 15 0 
2 98 251 72 0 
2 38 228 85 4 
3 31 130 108 0 
1 97 248 106 17 
1 116 232 11 0 
2 95 102 10 0 
4 85 94 92 0 
4 128 150 47 1 
3 106 204 84 0 
5 143 122 58 0 
62 85 73 89 0 
1 54 257 42 0 
6 206 73 146 0 
7 41 235 82 0 
8 30 330 82 0 
2 43 148 115 0 
16 51 111 117 2 
1 26 139 93 0 
0 69 139 170 0 
4 98 164 89 0 
33 48 187 59 0 
6 130 158 145 0 
8 90 114 89 3 
7 125 144 40 0 
1 61 210 121 0 
3 27 202 59 0 
6 97 133 141 35 
3 75 162 43 17 
20 40 272 52 15 
10 68 124 38 28 
9 136 97 91 2 
9 85 125 31 2 
2 78 159 131 0 
9 56 132 75 6 
9 85 151 14 0 
7 79 147 26 0 
1 86 212 26 0 
2 143 80 74 31 
16 95 233 50 0 
2 128 320 74 0 
7 20 267 54 2 
10 66 319 64 0 
16 34 133 85 3 
1 66 148 40 0 
22 62 112 42 1 
3 43 176 45 0 
2 23 206 52 1 
1 19 161 74 0 
26 80 223 15 0 
9 28 149 137 0 
7 43 134 33 13 
11 73 136 207 0 
11 120 96 57 0 
0 109 153 122 29 
3 65 152 40 0 
1 77 158 76 9 
14 92 156 6 0 
0 22 224 62 0 
5 74 73 95 1 
3 57 188 74 0 
6 70 164 103 0 
24 19 56 43 0 
11 84 205 119 2 
11 101 219 87 0 
3 19 140 18 0 
34 58 124 125 0 
0 35 220 23 3 
1 96 135 109 1 
22 43 85 88 0 
4 73 214 26 29 
11 143 131 93 0 
11 44 234 60 0 
2 100 114 39 0 
17 80 157 34 0 
11 64 185 84 16 
7 118 128 32 6 
4 11 121 79 0 
2 91 73 122 29 
6 137 205 76 1 
1 50 214 22 0 
6 122 343 110 9 
6 116 59 96 0 
5 4 176 111 5 
8 56 168 99 0 
38 19 89 80 0 
4 98 139 48 4 
17 97 86 23 1 
1 49 201 51 0 
14 43 185 63 0 
7 78 149 31 0 
14 44 124 54 2 
42 92 175 32 0 
1 57 289 34 1 
24 95 125 75 0 
0 10 309 123 1 
