633 142 225 
539 282 179 
653 199 148 
662 226 112 
665 130 205 
670 175 155 
521 138 341 
634 177 189 
672 163 165 
700 191 109 
561 161 278 
681 201 118 
610 187 203 
592 203 205 
509 221 270 
630 133 237 
693 189 118 
621 176 203 
666 241 93 
589 168 243 
474 210 316 
538 213 249 
514 209 277 
697 211 92 
553 178 269 
687 146 167 
689 171 140 
667 195 138 
563 219 218 
612 145 243 
583 177 240 
603 111 286 
580 169 251 
649 173 178 
716 218 66 
584 271 145 
448 264 288 
639 218 143 
749 181 70 
497 237 266 
576 261 163 
660 217 123 
492 227 281 
677 207 116 
683 152 165 
570 205 225 
704 171 125 
683 129 188 
593 249 158 
648 223 129 
584 169 247 
688 111 201 
680 199 121 
565 235 200 
611 197 192 
772 174 54 
528 224 248 
758 126 116 
725 181 94 
599 203 198 
556 267 177 
634 169 197 
541 162 297 
638 225 137 
705 190 105 
526 176 298 
634 255 111 
634 229 137 
611 178 211 
703 153 144 
660 182 158 
646 197 157 
803 126 71 
657 209 134 
711 178 111 
584 261 155 
635 273 92 
667 214 119 
518 209 273 
556 200 244 
595 273 132 
685 261 54 
617 171 212 
583 219 198 
548 196 256 
637 216 147 
634 229 137 
663 261 76 
621 247 132 
606 190 204 
697 202 101 
515 234 251 
697 180 123 
653 228 119 
677 199 124 
641 229 130 
489 222 289 
543 211 246 
660 208 132 
643 218 139 
666 209 125 
618 223 159 
705 176 119 
584 230 186 
647 239 114 
568 199 233 
697 214 89 
683 184 133 
749 108 143 
661 117 222 
619 260 121 
598 220 182 
581 191 228 
614 153 233 
689 189 122 
659 135 206 
620 248 132 
377 218 405 
720 179 101 
554 217 229 
531 249 220 
645 214 141 
679 230 91 
712 201 87 
542 195 263 
702 194 104 
718 151 131 
608 194 198 
607 266 127 
550 270 180 
692 196 112 
587 252 161 
667 212 121 
733 206 61 
479 197 324 
694 180 126 
612 167 221 
636 195 169 
579 228 193 
620 242 138 
672 228 100 
681 198 121 
539 184 277 
680 220 100 
725 137 138 
671 211 118 
658 173 169 
675 203 122 
627 248 125 
639 186 175 
669 237 94 
724 177 99 
658 225 117 
634 145 221 
501 198 301 
712 165 123 
634 199 167 
628 220 152 
682 211 107 
669 174 157 
653 196 151 
613 207 180 
673 202 125 
576 225 199 
654 192 154 
569 260 171 
679 173 148 
555 152 293 
595 95 310 
749 147 104 
787 139 74 
697 174 129 
658 142 200 
590 241 169 
571 206 223 
554 260 186 
674 217 109 
578 207 215 
586 227 187 
582 231 187 
687 207 106 
472 198 330 
650 175 175 
556 157 287 
687 193 120 
560 233 207 
606 202 192 
618 218 164 
622 213 165 
709 186 105 
667 140 193 
627 206 167 
667 221 112 
633 221 146 
671 235 94 
710 155 135 
680 177 143 
658 194 148 
512 223 265 
729 209 62 
599 239 162 
658 186 156 
704 201 95 
605 235 160 
592 224 184 
682 160 158 
579 165 256 
677 185 138 
655 234 111 
589 232 179 
639 205 156 
673 183 144 
772 139 89 
556 156 288 
652 222 126 
661 236 103 
763 200 37 
670 187 143 
669 203 128 
644 211 145 
623 219 158 
681 195 124 
635 159 206 
760 156 84 
608 246 146 
714 197 89 
711 118 171 
612 214 174 
704 193 103 
733 181 86 
698 210 92 
604 260 136 
620 280 100 
568 243 189 
723 137 140 
475 146 379 
619 258 123 
624 227 149 
624 116 260 
572 230 198 
598 208 194 
619 229 152 
637 264 99 
776 156 68 
660 202 138 
663 208 129 
692 220 88 
536 273 191 
498 195 307 
593 234 173 
634 233 133 
585 226 189 
639 190 171 
677 148 175 
645 221 134 
596 157 247 
678 205 117 
663 210 127 
555 229 216 
693 227 80 
548 202 250 
489 188 323 
676 221 103 
645 232 123 
728 222 50 
618 236 146 
718 197 85 
642 131 227 
569 176 255 
656 255 89 
671 202 127 
669 186 145 
665 235 100 
622 215 163 
648 234 118 
618 214 168 
567 204 229 
701 234 65 
602 239 159 
552 196 252 
637 135 228 
627 168 205 
585 243 172 
569 257 174 
647 175 178 
687 196 117 
606 208 186 
725 184 91 
544 212 244 
723 175 102 
646 208 146 
537 131 332 
717 152 131 
621 248 131 
650 213 137 
612 156 232 
505 248 247 
505 323 172 
613 198 189 
613 224 163 
560 178 262 
565 94 341 
564 251 185 
678 180 142 
716 188 96 
722 191 87 
648 223 129 
610 183 207 
649 211 140 
639 200 161 
697 145 158 
625 128 247 
549 186 265 
679 232 89 
704 107 189 
637 160 203 
604 287 109 
520 177 303 
641 212 147 
592 231 177 
555 225 220 
677 214 109 
641 218 141 
607 198 195 
719 223 58 
575 233 192 
672 201 127 
666 246 88 
536 215 249 
605 214 181 
709 209 82 
534 256 210 
611 250 139 
657 252 91 
614 190 196 
507 205 288 
669 211 120 
673 195 132 
714 154 132 
468 203 329 
657 218 125 
656 226 118 
637 178 185 
661 178 161 
661 165 174 
576 237 187 
627 172 201 
675 172 153 
554 239 207 
627 195 178 
521 157 322 
573 194 233 
614 217 169 
564 231 205 
651 203 146 
696 200 104 
490 257 253 
622 194 184 
637 209 154 
726 141 133 
628 123 249 
696 194 110 
706 189 105 
578 203 219 
658 199 143 
679 228 93 
591 169 240 
704 149 147 
555 248 197 
641 161 198 
613 149 238 
743 189 68 
682 195 123 
696 187 117 
679 195 126 
665 152 183 
601 222 177 
630 251 119 
667 254 79 
581 218 201 
656 204 140 
620 161 219 
654 200 146 
607 233 160 
648 161 191 
636 199 165 
661 149 190 
701 202 97 
608 281 111 
630 215 155 
715 166 119 
566 243 191 
609 193 198 
606 263 131 
678 177 145 
576 163 261 
651 177 172 
564 182 254 
656 187 157 
563 264 173 
654 230 116 
417 228 355 
563 232 205 
654 192 154 
605 226 169 
583 269 148 
580 227 193 
564 216 220 
665 179 156 
736 175 89 
696 199 105 
718 185 97 
581 241 178 
559 236 205 
591 268 141 
643 221 136 
579 204 217 
541 177 282 
616 276 108 
614 211 175 
658 192 150 
702 184 114 
555 201 244 
695 246 59 
530 184 286 
696 200 104 
686 166 148 
730 183 87 
606 173 221 
634 174 192 
634 211 155 
563 162 275 
677 146 177 
669 204 127 
590 213 197 
538 243 219 
580 223 197 
552 249 199 
664 186 150 
621 222 157 
644 241 115 
609 206 185 
592 224 184 
602 152 246 
585 182 233 
675 166 159 
707 165 128 
541 236 223 
599 272 129 
661 151 188 
585 197 218 
611 206 183 
687 208 105 
521 253 226 
596 259 145 
615 225 160 
631 251 118 
618 239 143 
575 207 218 
686 221 93 
611 155 234 
637 155 208 
655 239 106 
651 177 172 
577 253 170 
642 239 119 
662 179 159 
565 273 162 
582 258 160 
576 205 219 
568 239 193 
572 164 264 
672 216 112 
642 165 193 
579 230 191 
699 176 125 
682 114 204 
664 179 157 
600 203 197 
678 195 127 
620 261 119 
598 174 228 
723 157 120 
515 269 216 
597 209 194 
608 262 130 
631 217 152 
620 233 147 
629 199 172 
635 183 182 
600 243 157 
735 151 114 
660 212 128 
616 217 167 
599 220 181 
617 199 184 
634 193 173 
659 196 145 
658 179 163 
688 226 86 
621 140 239 
764 170 66 
664 166 170 
559 224 217 
598 167 235 
499 214 287 
656 200 144 
613 229 158 
639 275 86 
452 231 317 
612 64 324 
577 232 191 
613 240 147 
644 193 163 
704 205 91 
682 155 163 
589 259 152 
606 233 161 
579 282 139 
598 223 179 
677 213 110 
570 266 164 
490 184 326 
585 231 184 
655 161 184 
633 258 109 
670 173 157 
643 209 148 
618 175 207 
674 191 135 
747 167 86 
579 229 192 
635 243 122 
647 209 144 
588 265 147 
625 228 147 
636 185 179 
543 197 260 
626 230 144 
590 245 165 
549 258 193 
569 246 185 
705 173 122 
543 234 223 
633 210 157 
573 247 180 
554 198 248 
697 206 97 
670 193 137 
529 264 207 
624 177 199 
635 134 231 
598 165 237 
564 284 152 
608 232 160 
684 205 111 
652 279 69 
694 192 114 
662 191 147 
583 205 212 
716 128 156 
552 213 235 
626 264 110 
655 183 162 
695 228 77 
666 208 126 
604 148 248 
705 216 79 
667 155 178 
622 214 164 
608 195 197 
699 222 79 
663 236 101 
675 231 94 
662 118 220 
678 152 170 
581 181 238 
669 201 130 
679 195 126 
594 157 249 
456 212 332 
690 226 84 
634 198 168 
662 164 174 
541 210 249 
620 277 103 
576 249 175 
568 269 163 
585 257 158 
697 166 137 
671 162 167 
605 276 119 
723 148 129 
702 169 129 
735 185 80 
645 196 159 
586 182 232 
600 237 163 
622 188 190 
593 207 200 
674 214 112 
652 214 134 
584 154 262 
662 226 112 
651 177 172 
666 201 133 
653 188 159 
656 161 183 
639 160 201 
592 197 211 
584 214 202 
662 243 95 
621 107 272 
643 164 193 
600 246 154 
649 187 164 
641 244 115 
573 210 217 
575 147 278 
790 142 68 
569 183 248 
704 176 120 
683 241 76 
736 169 95 
683 174 143 
586 267 147 
595 302 103 
699 188 113 
652 166 182 
557 269 174 
675 231 94 
723 183 94 
607 205 188 
665 219 116 
646 134 220 
628 205 167 
705 190 105 
641 216 143 
500 124 376 
703 179 118 
528 195 277 
627 170 203 
761 168 71 
624 236 140 
631 202 167 
563 233 204 
673 161 166 
573 222 205 
668 219 113 
573 220 207 
534 192 274 
681 163 156 
540 194 266 
614 242 144 
709 200 91 
594 161 245 
713 141 146 
616 181 203 
636 171 193 
628 207 165 
633 218 149 
505 196 299 
672 257 71 
686 252 62 
567 217 216 
516 194 290 
567 273 160 
576 152 272 
525 231 244 
651 210 139 
749 199 52 
573 138 289 
664 212 124 
624 232 144 
538 214 248 
661 245 94 
629 284 87 
637 246 117 
594 186 220 
746 161 93 
682 195 123 
510 227 263 
711 161 128 
742 182 76 
671 199 130 
551 270 179 
706 180 114 
633 292 75 
474 243 283 
530 138 332 
636 235 129 
638 222 140 
622 230 148 
617 151 232 
717 229 54 
603 223 174 
652 150 198 
538 187 275 
683 224 93 
658 138 204 
683 197 120 
698 167 135 
559 182 259 
648 261 91 
624 238 138 
541 172 287 
596 234 170 
688 222 90 
564 168 268 
611 251 138 
644 221 135 
575 183 242 
703 205 92 
716 172 112 
584 248 168 
729 196 75 
564 201 235 
553 173 274 
681 151 168 
509 220 271 
653 176 171 
610 189 201 
596 208 196 
597 222 181 
600 251 149 
541 243 216 
588 294 118 
592 239 169 
617 178 205 
736 181 83 
700 189 111 
616 262 122 
581 246 173 
639 207 154 
664 187 149 
576 220 204 
671 171 158 
515 178 307 
623 177 200 
541 218 241 
514 246 240 
639 179 182 
630 187 183 
411 170 419 
573 199 228 
632 182 186 
593 195 212 
692 162 146 
672 240 88 
646 167 187 
665 170 165 
634 246 120 
641 204 155 
577 241 182 
676 236 88 
703 198 99 
678 233 89 
657 148 195 
530 168 302 
568 284 148 
540 244 216 
632 221 147 
592 140 268 
746 205 49 
649 212 139 
590 162 248 
659 157 184 
852 96 52 
574 258 168 
741 175 84 
693 223 84 
769 140 91 
612 268 120 
555 214 231 
767 133 100 
651 215 134 
605 212 183 
644 258 98 
582 178 240 
601 203 196 
643 220 137 
692 166 142 
689 150 161 
631 210 159 
645 210 145 
514 261 225 
547 201 252 
672 194 134 
539 283 178 
581 181 238 
641 186 173 
529 158 313 
609 238 153 
653 165 182 
599 240 161 
583 254 163 
664 198 138 
561 198 241 
646 246 108 
600 187 213 
731 198 71 
551 147 302 
724 180 96 
634 222 144 
508 227 265 
724 199 77 
467 212 321 
652 194 154 
564 253 183 
716 175 109 
505 199 296 
697 196 107 
651 222 127 
612 217 171 
781 94 125 
687 188 125 
643 193 164 
593 238 169 
564 222 214 
662 282 56 
639 186 175 
502 233 265 
630 223 147 
610 182 208 
567 308 125 
657 223 120 
741 163 96 
570 206 224 
559 182 259 
613 221 166 
688 214 98 
731 165 104 
641 219 140 
631 256 113 
656 239 105 
644 216 140 
607 193 200 
659 204 137 
650 229 121 
678 209 113 
536 297 167 
553 272 175 
711 105 184 
611 241 148 
609 235 156 
577 272 151 
644 244 112 
740 160 100 
585 165 250 
685 211 104 
699 149 152 
696 222 82 
589 205 206 
568 280 152 
562 226 212 
654 247 99 
582 163 255 
653 197 150 
664 214 122 
599 173 228 
547 162 291 
653 227 120 
728 174 98 
660 206 134 
645 190 165 
586 221 193 
550 213 237 
640 225 135 
705 209 86 
692 191 117 
794 97 109 
616 166 218 
604 203 193 
671 229 100 
623 258 119 
705 192 103 
721 147 132 
636 257 107 
667 193 140 
583 238 179 
519 271 210 
616 270 114 
685 219 96 
625 171 204 
563 216 221 
624 191 185 
521 216 263 
654 241 105 
623 189 188 
550 240 210 
607 199 194 
656 161 183 
614 215 171 
661 217 122 
646 202 152 
536 241 223 
606 188 206 
677 78 245 
664 256 80 
623 189 188 
602 199 199 
792 131 77 
592 171 237 
646 259 95 
697 182 121 
572 144 284 
567 201 232 
717 171 112 
733 160 107 
587 220 193 
673 215 112 
739 179 82 
598 190 212 
551 207 242 
580 241 179 
602 203 195 
627 141 232 
649 149 202 
635 183 182 
569 256 175 
661 278 61 
709 177 114 
623 121 256 
687 194 119 
582 174 244 
704 209 87 
695 211 94 
664 254 82 
590 210 200 
673 138 189 
594 196 210 
690 174 136 
632 191 177 
670 163 167 
652 196 152 
630 184 186 
534 149 317 
660 190 150 
553 226 221 
633 248 119 
709 239 52 
675 193 132 
601 240 159 
651 195 154 
646 244 110 
527 235 238 
590 192 218 
510 188 302 
527 238 235 
569 228 203 
683 215 102 
692 197 111 
583 207 210 
707 215 78 
585 237 178 
610 200 190 
581 157 262 
536 208 256 
726 146 128 
734 155 111 
741 181 78 
544 153 303 
667 166 167 
528 185 287 
542 310 148 
519 195 286 
657 190 153 
674 158 168 
580 176 244 
558 215 227 
566 264 170 
598 220 182 
689 239 72 
567 234 199 
648 197 155 
611 150 239 
616 227 157 
744 208 48 
732 171 97 
637 141 222 
648 242 110 
617 236 147 
601 212 187 
626 251 123 
620 197 183 
697 228 75 
748 168 84 
509 203 288 
599 208 193 
632 229 139 
604 203 193 
611 212 177 
650 137 213 
675 242 83 
446 241 313 
632 207 161 
627 227 146 
544 187 269 
528 189 283 
660 196 144 
