0 14 188 
0 6 222 
0 12 161 
0 13 259 
0 14 200 
0 4 248 
0 29 116 
0 6 148 
0 19 109 
0 19 260 
0 28 172 
0 1 157 
0 20 164 
0 44 166 
0 27 176 
0 19 195 
0 11 227 
0 34 165 
0 8 159 
0 13 169 
0 49 140 
0 4 130 
0 26 147 
0 7 174 
0 17 175 
0 13 164 
0 16 162 
0 8 230 
0 22 195 
0 29 170 
0 11 209 
0 25 182 
0 18 155 
0 15 149 
0 18 201 
0 32 126 
0 3 159 
0 19 273 
0 40 201 
0 7 180 
0 37 163 
0 14 195 
0 3 192 
0 1 230 
0 7 267 
0 15 148 
0 20 215 
0 16 277 
0 21 165 
0 14 186 
0 14 310 
0 20 147 
0 5 169 
0 25 194 
0 25 138 
0 10 168 
0 8 170 
0 3 147 
0 11 189 
0 28 134 
0 10 161 
0 5 235 
0 6 169 
0 10 226 
0 7 180 
0 24 170 
0 15 178 
0 16 181 
0 6 219 
0 18 178 
0 26 155 
0 15 167 
0 47 242 
0 11 194 
0 39 172 
0 11 194 
0 11 193 
0 7 189 
0 4 196 
0 14 133 
0 35 243 
0 3 240 
0 18 189 
0 22 187 
0 6 156 
0 11 157 
0 14 173 
0 28 147 
0 22 193 
0 3 172 
0 13 153 
0 8 198 
0 34 172 
0 13 148 
0 5 224 
0 31 129 
0 8 172 
0 9 198 
0 5 207 
0 6 161 
0 7 271 
0 10 208 
0 30 148 
0 23 143 
0 11 212 
0 12 138 
0 23 167 
0 7 183 
0 21 217 
0 31 185 
0 13 112 
0 11 226 
0 8 151 
0 22 243 
0 10 198 
0 24 153 
0 7 170 
0 11 176 
0 11 198 
0 6 206 
0 13 227 
0 19 202 
0 25 185 
0 43 202 
0 8 204 
0 8 169 
0 16 157 
0 19 217 
0 34 174 
0 14 147 
0 11 193 
0 2 196 
0 29 219 
0 7 204 
0 11 151 
0 10 154 
0 32 156 
0 34 177 
0 19 192 
0 8 147 
0 11 224 
0 38 151 
0 5 223 
0 14 224 
0 9 167 
0 1 91 
0 19 171 
0 28 164 
0 12 212 
0 21 177 
0 14 173 
0 5 158 
0 13 157 
0 23 221 
0 3 166 
0 6 128 
0 11 156 
0 28 161 
0 20 170 
0 28 264 
0 26 190 
0 27 180 
0 6 214 
0 15 127 
0 9 232 
0 4 220 
0 3 191 
0 15 217 
0 17 206 
0 25 196 
0 16 180 
0 12 167 
0 27 196 
0 24 246 
0 6 216 
0 5 150 
0 13 164 
0 1 148 
0 19 161 
0 14 141 
0 29 214 
0 22 129 
0 2 115 
0 18 182 
0 43 231 
0 18 161 
0 2 153 
0 17 179 
0 8 215 
0 26 151 
0 30 120 
0 4 167 
0 5 177 
0 16 183 
0 27 224 
0 0 158 
0 27 155 
0 42 174 
0 9 145 
0 6 181 
0 15 140 
0 8 203 
0 6 194 
0 11 200 
0 23 195 
0 5 246 
0 26 169 
0 6 123 
0 9 175 
0 7 164 
0 28 155 
0 3 197 
0 17 186 
0 2 221 
0 9 245 
0 16 215 
0 6 168 
0 20 181 
0 1 215 
0 20 242 
0 42 295 
0 11 152 
0 51 151 
0 4 169 
0 16 203 
0 10 217 
0 8 167 
0 2 190 
0 4 193 
0 19 175 
0 29 140 
0 12 217 
0 9 138 
0 11 243 
0 23 170 
0 9 251 
0 5 164 
0 26 278 
0 27 157 
0 39 162 
0 37 205 
0 4 187 
0 59 146 
0 3 180 
0 8 251 
0 17 135 
0 16 131 
0 42 192 
0 6 265 
0 30 204 
0 17 199 
0 8 183 
0 38 228 
0 16 228 
0 6 180 
0 25 187 
0 14 144 
0 11 194 
0 32 162 
0 25 198 
0 11 269 
0 28 281 
0 30 240 
0 27 165 
0 13 171 
0 11 105 
0 3 209 
0 6 224 
0 6 129 
0 35 173 
0 4 186 
0 19 177 
0 8 247 
0 20 185 
0 35 144 
0 15 154 
0 3 154 
0 53 157 
0 7 129 
0 14 147 
0 7 185 
0 20 205 
0 9 198 
0 42 191 
0 16 203 
0 0 156 
0 8 185 
0 16 150 
0 2 210 
0 9 185 
0 17 201 
0 14 159 
0 7 237 
0 33 257 
0 16 151 
0 23 171 
0 8 158 
0 13 201 
0 12 212 
0 15 176 
0 13 203 
0 35 228 
0 16 169 
0 12 238 
0 9 195 
0 17 172 
0 1 169 
0 19 209 
0 13 158 
0 9 136 
0 19 166 
0 13 149 
0 14 246 
0 15 284 
0 12 153 
0 13 203 
0 7 259 
0 13 187 
0 23 165 
0 19 137 
0 31 153 
0 20 194 
0 5 170 
0 8 153 
0 6 217 
0 20 175 
0 17 145 
0 20 157 
0 18 182 
0 6 160 
0 13 145 
0 24 194 
0 10 198 
0 11 132 
0 10 138 
0 15 169 
0 37 277 
0 53 160 
0 4 205 
0 50 149 
0 8 168 
0 9 173 
0 5 249 
0 2 180 
0 7 166 
0 9 157 
0 34 173 
0 30 273 
0 13 176 
0 10 131 
0 45 162 
0 2 211 
0 14 149 
0 22 178 
0 8 233 
0 11 196 
0 7 166 
0 25 152 
0 27 250 
0 10 159 
0 4 227 
0 39 201 
0 10 230 
0 9 155 
0 19 145 
0 18 184 
0 10 161 
0 22 148 
0 14 185 
0 8 203 
0 12 127 
0 13 215 
0 8 212 
0 7 192 
0 13 249 
0 23 168 
0 34 166 
0 4 197 
0 36 194 
0 36 143 
0 29 211 
0 12 167 
0 11 187 
0 9 177 
0 14 228 
0 15 216 
0 7 212 
0 18 188 
0 8 169 
0 27 134 
0 5 218 
0 27 218 
0 12 193 
0 16 146 
0 20 141 
0 23 142 
0 10 208 
0 10 186 
0 11 198 
0 1 227 
0 4 180 
0 12 193 
0 9 190 
0 17 224 
0 25 261 
0 6 254 
0 8 179 
0 12 189 
0 11 200 
0 17 182 
0 11 196 
0 15 149 
0 28 261 
0 13 210 
0 13 176 
0 29 215 
0 26 215 
0 0 210 
0 4 140 
0 4 155 
0 4 201 
0 14 199 
0 18 215 
0 18 214 
0 26 204 
0 14 200 
0 15 164 
0 12 169 
0 15 194 
0 3 196 
0 15 162 
0 15 205 
0 26 181 
0 32 192 
0 34 149 
0 17 164 
0 14 175 
0 14 205 
0 11 153 
0 21 143 
0 7 180 
0 18 224 
0 28 159 
0 2 149 
0 27 190 
0 54 160 
0 8 261 
0 10 198 
0 16 163 
0 31 170 
0 0 161 
0 4 174 
0 44 203 
0 11 181 
0 36 165 
0 22 155 
0 11 180 
0 6 134 
0 7 170 
0 4 223 
0 12 217 
0 11 162 
0 21 183 
0 20 115 
0 22 167 
0 10 147 
0 21 169 
0 35 132 
0 3 247 
0 19 124 
0 32 152 
0 10 172 
0 7 224 
0 13 203 
0 15 181 
0 12 161 
0 8 221 
0 5 216 
0 23 198 
0 16 120 
0 20 157 
0 14 261 
0 21 166 
0 26 164 
0 17 169 
0 5 203 
0 10 197 
0 12 274 
0 27 164 
0 6 262 
0 26 203 
0 2 173 
0 9 254 
0 18 182 
0 12 220 
0 15 184 
0 4 145 
0 19 159 
0 13 162 
0 12 214 
0 8 190 
0 23 145 
0 21 161 
0 4 290 
0 25 122 
0 12 190 
0 25 180 
0 18 223 
0 16 177 
0 10 199 
0 4 152 
0 17 185 
0 19 224 
0 16 157 
0 29 137 
0 12 117 
0 6 205 
0 22 152 
0 25 188 
0 11 245 
0 12 192 
0 12 146 
0 22 188 
0 10 244 
0 20 237 
0 31 242 
0 6 373 
0 20 227 
0 13 248 
0 18 185 
0 35 115 
0 5 156 
0 33 177 
0 7 174 
0 20 168 
0 2 229 
0 2 230 
0 35 155 
0 1 189 
0 7 191 
0 14 261 
0 12 181 
0 15 191 
0 6 199 
0 0 144 
0 21 135 
0 21 214 
0 6 141 
0 9 171 
0 13 188 
0 7 188 
0 7 225 
0 43 153 
0 14 188 
0 19 131 
0 18 149 
0 22 191 
0 17 158 
0 28 122 
0 11 133 
0 11 208 
0 4 198 
0 36 165 
0 0 217 
0 11 175 
0 14 239 
0 11 166 
0 20 174 
0 4 162 
0 15 139 
0 15 224 
0 18 177 
0 14 178 
0 3 137 
0 30 139 
0 30 178 
0 35 149 
0 24 195 
0 13 156 
0 8 180 
0 15 152 
0 2 183 
0 27 210 
0 20 202 
0 27 212 
0 21 180 
0 2 236 
0 18 213 
0 6 240 
0 7 126 
0 27 138 
0 8 219 
0 10 196 
0 15 151 
0 28 166 
0 6 167 
0 3 252 
0 24 187 
0 11 194 
0 15 176 
0 27 155 
0 18 173 
0 8 225 
0 2 153 
0 12 201 
0 11 217 
0 19 285 
0 9 214 
0 0 199 
0 12 166 
0 11 180 
0 2 147 
0 40 100 
0 50 179 
0 11 113 
0 21 271 
0 8 228 
0 20 185 
0 18 130 
0 8 141 
0 34 168 
0 11 186 
0 42 208 
0 18 143 
0 14 198 
0 16 157 
0 3 255 
0 2 196 
0 21 162 
0 27 151 
0 29 168 
0 14 249 
0 31 246 
0 32 125 
0 19 157 
0 22 183 
0 16 166 
0 10 157 
0 13 217 
0 1 156 
0 5 162 
0 1 207 
0 2 140 
0 15 277 
0 7 160 
0 19 148 
0 16 205 
0 14 238 
0 40 189 
0 26 221 
0 6 112 
0 30 271 
0 21 213 
0 4 120 
0 15 167 
0 4 190 
0 17 176 
0 3 188 
0 3 243 
0 22 137 
0 24 163 
0 31 119 
0 9 192 
0 19 148 
0 5 172 
0 31 193 
0 13 149 
0 0 175 
0 7 170 
0 10 134 
0 24 196 
0 7 183 
0 10 202 
0 24 184 
0 29 277 
0 35 157 
0 12 121 
0 5 239 
0 21 177 
0 24 192 
0 41 111 
0 17 174 
0 17 210 
0 7 129 
0 20 105 
0 6 186 
0 14 276 
0 27 156 
0 6 236 
0 11 200 
0 19 183 
0 13 186 
0 25 203 
0 4 209 
0 17 235 
0 6 171 
0 31 174 
0 38 139 
0 22 186 
0 31 205 
0 38 190 
0 21 220 
0 22 186 
0 8 160 
0 8 230 
0 6 163 
0 9 203 
0 24 199 
0 7 188 
0 22 134 
0 15 166 
0 12 224 
0 9 140 
0 24 135 
0 1 134 
0 7 207 
0 6 267 
0 9 221 
0 2 172 
0 12 212 
0 8 235 
0 12 174 
0 32 135 
0 8 163 
0 7 130 
0 13 171 
0 3 176 
0 6 144 
0 26 192 
0 16 121 
0 19 172 
0 23 149 
0 16 247 
0 12 192 
0 14 204 
0 35 184 
0 1 173 
0 10 140 
0 12 219 
0 13 154 
0 7 125 
0 21 143 
0 7 180 
0 23 168 
0 9 203 
0 20 118 
0 22 198 
0 29 174 
0 17 143 
0 28 146 
0 11 187 
0 12 152 
0 11 195 
0 11 125 
0 19 144 
0 24 195 
0 25 213 
0 24 174 
0 7 248 
0 14 220 
0 12 200 
0 10 211 
0 21 135 
0 16 188 
0 20 197 
0 10 162 
0 17 180 
0 15 193 
0 13 166 
0 15 267 
0 7 158 
0 11 154 
0 26 154 
0 10 235 
0 9 161 
0 24 221 
0 33 175 
0 11 176 
0 25 204 
0 14 126 
0 5 173 
0 9 177 
0 31 220 
0 24 158 
0 15 164 
0 10 149 
0 7 180 
0 16 182 
0 7 200 
0 5 149 
0 19 211 
0 9 181 
0 30 175 
0 11 155 
0 7 262 
0 27 195 
0 2 150 
0 8 145 
0 21 134 
0 12 185 
0 7 190 
0 14 139 
0 26 148 
0 14 212 
0 10 154 
0 17 172 
0 5 150 
0 25 279 
0 4 173 
0 33 228 
0 8 140 
0 19 236 
0 11 233 
0 37 155 
0 20 156 
0 22 254 
0 31 215 
0 8 173 
0 7 161 
0 4 260 
0 41 133 
0 6 239 
0 10 256 
0 49 115 
0 0 234 
0 11 207 
0 21 148 
0 24 150 
0 20 200 
0 20 195 
0 6 145 
0 28 135 
0 11 174 
0 14 176 
0 28 187 
0 1 213 
0 19 188 
0 16 162 
0 21 212 
0 7 145 
0 14 240 
0 14 179 
0 29 201 
0 40 149 
0 18 159 
0 2 126 
0 19 207 
0 12 209 
0 12 162 
0 5 182 
0 15 120 
0 0 172 
0 1 259 
0 18 201 
0 16 216 
0 15 160 
0 31 237 
0 9 218 
0 11 208 
0 35 221 
0 14 162 
0 13 212 
0 30 279 
0 23 187 
0 10 248 
0 10 140 
0 31 201 
0 37 135 
0 8 215 
0 10 255 
0 20 147 
0 6 233 
0 23 177 
0 31 159 
0 22 172 
0 33 179 
0 9 218 
0 36 149 
0 2 193 
0 14 240 
0 14 122 
0 8 175 
0 22 178 
0 4 183 
0 17 156 
0 13 159 
0 15 125 
0 22 195 
0 4 227 
0 9 152 
0 19 181 
0 22 162 
0 1 193 
0 32 172 
0 35 162 
0 16 178 
0 18 140 
0 5 233 
0 32 100 
0 6 176 
0 23 140 
0 13 176 
0 16 179 
0 9 177 
0 12 132 
0 25 321 
0 12 180 
0 9 137 
0 5 192 
0 15 171 
0 4 201 
0 25 191 
0 27 190 
0 7 186 
0 11 168 
0 20 155 
0 16 203 
0 27 210 
0 41 176 
0 23 194 
0 15 170 
0 4 182 
0 11 193 
0 7 246 
0 37 181 
0 20 201 
0 26 193 
0 2 275 
0 19 209 
0 17 145 
0 37 160 
0 1 216 
0 9 137 
0 12 190 
0 54 170 
0 20 250 
0 13 183 
0 12 122 
0 12 179 
0 7 230 
0 28 190 
0 19 200 
0 11 174 
0 15 221 
0 72 157 
0 3 194 
0 30 207 
0 15 149 
0 14 193 
0 19 173 
0 13 171 
0 20 253 
0 24 203 
0 10 152 
0 13 174 
0 8 185 
0 33 177 
0 11 226 
0 6 238 
0 21 187 
0 25 163 
0 21 193 
0 6 201 
0 18 155 
0 32 181 
0 11 177 
0 6 187 
0 11 236 
0 24 162 
0 20 255 
0 4 149 
0 17 148 
0 10 204 
0 12 235 
0 54 197 
0 21 181 
0 16 144 
0 20 179 
0 22 176 
0 9 135 
0 29 126 
0 26 172 
0 4 175 
0 4 149 
0 14 175 
0 15 183 
0 9 169 
0 12 173 
0 1 245 
0 6 132 
0 0 194 
0 55 165 
0 15 130 
0 23 193 
0 10 171 
0 2 168 
0 19 135 
0 7 133 
0 19 167 
0 10 233 
