0 19 257 
0 13 240 
0 7 165 
0 10 196 
0 26 210 
0 4 175 
0 7 145 
0 9 173 
0 20 158 
0 9 205 
0 15 144 
0 7 195 
0 20 202 
0 2 201 
0 18 193 
0 27 137 
0 3 106 
0 10 129 
0 10 161 
0 7 113 
0 25 263 
0 7 192 
0 17 177 
0 25 181 
0 9 203 
0 33 231 
0 19 210 
0 11 226 
0 8 180 
0 15 158 
0 29 187 
0 8 158 
0 7 134 
0 4 194 
0 0 198 
0 18 182 
0 3 150 
0 11 191 
0 38 203 
0 8 133 
0 28 225 
0 1 150 
0 49 107 
0 28 129 
0 11 154 
0 5 209 
0 23 234 
0 19 198 
0 6 184 
0 34 248 
0 2 223 
0 15 309 
0 21 255 
0 11 173 
0 7 139 
0 5 191 
0 30 231 
0 20 222 
0 29 141 
0 2 143 
0 18 208 
0 26 184 
0 19 164 
0 3 125 
0 4 230 
0 3 157 
0 27 144 
0 34 149 
0 25 145 
0 10 263 
0 35 165 
0 17 166 
0 25 212 
0 9 189 
0 13 188 
0 12 209 
0 22 225 
0 4 227 
0 29 220 
0 38 254 
0 10 136 
0 12 288 
0 27 115 
0 24 195 
0 32 139 
0 19 148 
0 6 181 
0 17 184 
0 5 172 
0 31 180 
0 66 225 
0 0 183 
0 23 226 
0 14 192 
0 5 129 
0 14 322 
0 16 232 
0 44 169 
0 11 180 
0 13 150 
0 0 180 
0 9 135 
0 33 141 
0 29 155 
0 13 197 
0 11 143 
0 10 230 
0 1 251 
0 1 167 
0 28 249 
0 22 192 
0 24 207 
0 9 321 
0 9 213 
0 34 114 
0 21 191 
0 8 168 
0 19 184 
0 8 162 
0 3 133 
0 7 131 
0 13 237 
0 10 237 
0 12 216 
0 2 158 
0 20 149 
0 8 162 
0 17 227 
0 0 157 
0 11 321 
0 8 223 
0 13 167 
0 1 138 
0 8 184 
0 20 275 
0 11 156 
0 18 104 
0 11 160 
0 36 149 
0 25 110 
0 6 232 
0 28 109 
0 6 190 
0 5 221 
0 9 172 
0 14 180 
0 4 187 
0 4 266 
0 10 202 
0 13 100 
0 12 194 
0 20 148 
0 17 204 
0 11 198 
0 10 206 
0 17 180 
0 49 149 
0 23 258 
0 20 262 
0 12 226 
0 8 156 
0 7 263 
0 1 148 
0 5 259 
0 3 252 
0 18 170 
0 27 216 
0 19 169 
0 3 155 
0 35 118 
0 38 204 
0 7 184 
0 19 108 
0 1 308 
0 1 144 
0 15 211 
0 8 129 
0 9 143 
0 25 185 
0 14 130 
0 9 222 
0 13 152 
0 22 144 
0 19 175 
0 4 117 
0 9 227 
0 13 140 
0 13 241 
0 23 185 
0 31 148 
0 9 142 
0 13 188 
0 21 178 
0 0 178 
0 4 175 
0 4 164 
0 13 134 
0 7 196 
0 3 192 
0 17 147 
0 12 140 
0 14 228 
0 17 143 
0 18 151 
0 25 117 
0 19 170 
0 7 218 
0 18 168 
0 7 132 
0 35 196 
0 10 183 
0 20 148 
0 10 259 
0 23 207 
0 18 159 
0 6 142 
0 48 187 
0 16 191 
0 2 249 
0 13 193 
0 29 187 
0 19 219 
0 2 136 
0 7 144 
0 18 232 
0 3 186 
0 9 157 
0 25 227 
0 22 192 
0 16 180 
0 0 211 
0 16 134 
0 29 114 
0 39 147 
0 3 160 
0 33 167 
0 27 117 
0 2 209 
0 23 249 
0 32 107 
0 13 120 
0 4 229 
0 14 156 
0 29 129 
0 3 292 
0 25 193 
0 52 187 
0 17 99 
0 6 174 
0 17 213 
0 27 193 
0 21 190 
0 36 187 
0 18 219 
0 2 183 
0 11 155 
0 8 246 
0 18 150 
0 43 156 
0 8 227 
0 11 232 
0 20 169 
0 4 167 
0 34 212 
0 8 186 
0 29 128 
0 35 122 
0 17 194 
0 14 208 
0 3 144 
0 45 162 
0 14 152 
0 26 149 
0 13 171 
0 30 158 
0 13 185 
0 12 113 
0 12 197 
0 12 175 
0 23 116 
0 6 139 
0 3 179 
0 7 125 
0 26 136 
0 6 196 
0 22 180 
0 23 238 
0 23 178 
0 17 212 
0 0 134 
0 21 197 
0 5 189 
0 12 194 
0 23 141 
0 8 152 
0 13 166 
0 28 177 
0 22 227 
0 7 210 
0 0 162 
0 54 125 
0 24 137 
0 15 257 
0 30 257 
0 24 172 
0 27 223 
0 10 207 
0 12 114 
0 3 139 
0 13 272 
0 10 225 
0 11 212 
0 39 207 
0 7 244 
0 44 177 
0 10 170 
0 10 150 
0 15 198 
0 36 152 
0 8 222 
0 11 121 
0 2 295 
0 0 189 
0 6 197 
0 3 224 
0 8 178 
0 14 159 
0 33 183 
0 9 165 
0 16 212 
0 17 231 
0 2 171 
0 22 262 
0 5 243 
0 13 224 
0 20 169 
0 28 182 
0 15 149 
0 20 115 
0 8 246 
0 11 133 
0 17 227 
0 9 165 
0 9 228 
0 25 133 
0 5 225 
0 17 190 
0 5 189 
0 19 208 
0 4 163 
0 3 213 
0 9 234 
0 13 305 
0 38 165 
0 14 164 
0 21 173 
0 36 186 
0 5 198 
0 17 232 
0 20 222 
0 9 164 
0 6 117 
0 11 103 
0 13 317 
0 21 148 
0 37 176 
0 58 173 
0 5 167 
0 27 209 
0 0 211 
0 8 130 
0 11 189 
0 7 204 
0 4 301 
0 10 146 
0 11 193 
0 6 227 
0 20 155 
0 8 204 
0 17 196 
0 10 262 
0 2 237 
0 12 194 
0 9 124 
0 3 146 
0 2 199 
0 26 119 
0 19 166 
0 9 203 
0 48 158 
0 5 215 
0 15 175 
0 0 194 
0 31 158 
0 8 181 
0 9 109 
0 11 174 
0 11 205 
0 12 143 
0 22 163 
0 7 201 
0 3 249 
0 18 281 
0 11 202 
0 17 178 
0 1 257 
0 11 136 
0 3 194 
0 37 168 
0 20 253 
0 8 209 
0 0 176 
0 11 260 
0 21 158 
0 5 128 
0 34 202 
0 7 176 
0 56 158 
0 16 196 
0 10 130 
0 36 194 
0 9 229 
0 13 227 
0 17 167 
0 22 169 
0 30 82 
0 24 171 
0 12 219 
0 49 197 
0 18 173 
0 0 187 
0 3 192 
0 23 180 
0 26 229 
0 8 208 
0 7 200 
0 13 184 
0 8 257 
0 17 160 
0 1 290 
0 11 154 
0 9 139 
0 7 196 
0 12 174 
0 8 204 
0 0 180 
0 7 140 
0 34 162 
0 12 117 
0 5 143 
0 0 153 
0 14 110 
0 24 186 
0 19 173 
0 10 205 
0 16 162 
0 15 151 
0 22 174 
0 10 169 
0 5 247 
0 26 260 
0 25 127 
0 40 195 
0 5 294 
0 18 194 
0 1 208 
0 10 168 
0 20 257 
0 0 208 
0 11 203 
0 0 204 
0 24 259 
0 12 199 
0 10 169 
0 17 135 
0 20 243 
0 54 118 
0 24 227 
0 42 216 
0 16 186 
0 22 174 
0 29 206 
0 18 116 
0 22 258 
0 4 247 
0 26 152 
0 29 134 
0 24 158 
0 10 229 
0 0 193 
0 12 176 
0 27 167 
0 29 188 
0 24 153 
0 14 272 
0 6 130 
0 14 186 
0 18 162 
0 10 206 
0 27 220 
0 13 259 
0 20 247 
0 8 266 
0 12 214 
0 44 187 
0 24 194 
0 5 222 
0 33 170 
0 16 230 
0 17 218 
0 40 218 
0 6 213 
0 13 197 
0 7 194 
0 11 177 
0 2 234 
0 13 146 
0 19 228 
0 10 148 
0 20 179 
0 31 230 
0 2 198 
0 24 150 
0 38 141 
0 11 179 
0 9 215 
0 14 155 
0 13 233 
0 8 178 
0 10 215 
0 21 183 
0 2 194 
0 14 306 
0 12 199 
0 19 178 
0 18 186 
0 13 204 
0 1 209 
0 16 208 
0 13 182 
0 10 191 
0 8 225 
0 1 141 
0 4 172 
0 7 169 
0 16 197 
0 18 181 
0 13 132 
0 3 166 
0 6 151 
0 60 123 
0 4 159 
0 3 181 
0 31 199 
0 3 241 
0 11 221 
0 8 132 
0 47 116 
0 0 168 
0 6 164 
0 8 137 
0 9 145 
0 29 205 
0 27 128 
0 26 335 
0 2 214 
0 38 205 
0 8 146 
0 11 149 
0 9 255 
0 3 121 
0 16 219 
0 7 150 
0 15 144 
0 8 178 
0 9 146 
0 21 243 
0 2 141 
0 9 161 
0 8 238 
0 21 235 
0 14 186 
0 0 156 
0 18 192 
0 12 247 
0 2 126 
0 38 177 
0 4 272 
0 6 353 
0 8 121 
0 61 178 
0 7 205 
0 15 140 
0 29 188 
0 11 127 
0 14 152 
0 0 173 
0 22 223 
0 8 140 
0 14 268 
0 21 235 
0 18 238 
0 8 165 
0 44 224 
0 7 179 
0 5 123 
0 1 157 
0 18 170 
0 12 179 
0 22 148 
0 0 161 
0 20 179 
0 4 216 
0 33 195 
0 41 116 
0 24 241 
0 4 188 
0 18 212 
0 9 146 
0 7 192 
0 3 186 
0 8 184 
0 30 271 
0 13 187 
0 39 262 
0 7 157 
0 6 113 
0 26 155 
0 23 208 
0 18 140 
0 0 220 
0 7 123 
0 9 172 
0 21 166 
0 7 231 
0 0 187 
0 16 172 
0 24 184 
0 14 111 
0 17 151 
0 11 147 
0 18 135 
0 6 113 
0 10 196 
0 4 124 
0 13 152 
0 21 243 
0 14 187 
0 10 206 
0 1 186 
0 13 133 
0 11 177 
0 14 179 
0 24 172 
0 1 230 
0 40 199 
0 5 272 
0 10 226 
0 7 207 
0 3 166 
0 20 144 
0 3 286 
0 13 181 
0 13 194 
0 9 171 
0 10 259 
0 7 134 
0 11 178 
0 1 252 
0 1 208 
0 10 148 
0 18 226 
0 55 154 
0 13 217 
0 17 284 
0 13 171 
0 25 141 
0 8 251 
0 15 174 
0 11 176 
0 20 117 
0 0 224 
0 13 160 
0 18 246 
0 21 174 
0 3 144 
0 6 135 
0 18 124 
0 30 167 
0 5 213 
0 3 169 
0 14 176 
0 34 205 
0 16 210 
0 4 100 
0 75 161 
0 15 159 
0 15 202 
0 1 137 
0 20 150 
0 0 184 
0 11 183 
0 19 317 
0 12 132 
0 50 220 
0 27 189 
0 3 218 
0 46 150 
0 46 189 
0 24 184 
0 20 246 
0 33 153 
0 42 126 
0 40 192 
0 33 192 
0 15 248 
0 10 168 
0 12 149 
0 3 182 
0 14 127 
0 20 188 
0 5 159 
0 20 200 
0 21 256 
0 5 266 
0 22 241 
0 16 164 
0 8 213 
0 5 175 
0 41 161 
0 19 164 
0 7 202 
0 9 201 
0 20 175 
0 29 184 
0 2 141 
0 43 182 
0 1 167 
0 8 189 
0 31 162 
0 20 150 
0 19 140 
0 43 147 
0 21 143 
0 9 205 
0 22 202 
0 5 234 
0 34 141 
0 20 147 
0 36 223 
0 15 180 
0 8 160 
0 14 156 
0 11 236 
0 48 93 
0 4 211 
0 3 299 
0 7 160 
0 22 135 
0 23 201 
0 5 178 
0 8 242 
0 20 223 
0 18 146 
0 0 280 
0 17 231 
0 12 176 
0 3 187 
0 20 128 
0 5 209 
0 4 157 
0 6 113 
0 6 143 
0 23 215 
0 7 193 
0 9 206 
0 9 279 
0 20 277 
0 38 247 
0 6 127 
0 1 247 
0 11 209 
0 14 151 
0 14 146 
0 6 185 
0 19 162 
0 8 232 
0 22 135 
0 30 161 
0 8 267 
0 19 166 
0 25 170 
0 19 217 
0 17 204 
0 13 209 
0 8 226 
0 23 219 
0 27 140 
0 1 216 
0 13 200 
0 7 291 
0 9 180 
0 8 153 
0 2 141 
0 25 197 
0 13 222 
0 8 190 
0 41 153 
0 26 201 
0 7 202 
0 12 198 
0 46 147 
0 3 176 
0 34 298 
0 0 243 
0 21 146 
0 13 275 
0 15 171 
0 35 190 
0 17 196 
0 12 326 
0 16 201 
0 14 152 
0 25 216 
0 5 192 
0 32 113 
0 16 214 
0 0 196 
0 8 237 
0 28 234 
0 36 162 
0 24 137 
0 2 166 
0 24 98 
0 2 180 
0 6 146 
0 18 183 
0 25 115 
0 18 235 
0 7 153 
0 14 230 
0 7 152 
0 34 233 
0 7 150 
0 45 191 
0 23 175 
0 19 239 
0 6 178 
0 8 169 
0 1 127 
0 2 124 
0 17 225 
0 7 166 
0 19 150 
0 13 151 
0 28 204 
0 0 212 
0 11 189 
0 7 115 
0 24 286 
0 20 162 
0 4 258 
0 27 174 
0 11 211 
0 16 261 
0 33 224 
0 10 130 
0 1 225 
0 22 86 
0 4 182 
0 24 165 
0 15 216 
0 7 214 
0 18 154 
0 6 197 
0 17 124 
0 3 241 
0 5 210 
0 29 166 
0 31 192 
0 21 280 
0 0 123 
0 15 144 
0 3 121 
0 18 141 
0 6 288 
0 2 204 
0 10 217 
0 34 177 
0 11 108 
0 19 219 
0 11 152 
0 18 152 
0 3 160 
0 29 150 
0 3 152 
0 5 277 
0 12 159 
0 11 167 
0 21 308 
0 10 145 
0 18 193 
0 18 162 
0 10 91 
0 2 227 
0 8 207 
0 17 150 
0 63 167 
0 18 185 
0 31 120 
0 30 231 
0 17 202 
0 26 172 
0 2 217 
0 2 177 
0 17 123 
0 31 246 
0 3 163 
0 7 155 
0 15 171 
0 7 238 
0 10 157 
0 43 124 
0 1 199 
0 3 185 
0 19 213 
0 1 177 
0 31 168 
0 15 159 
0 46 161 
0 7 184 
0 14 172 
0 28 174 
0 36 129 
0 3 244 
0 7 152 
0 0 197 
0 23 212 
0 5 198 
0 17 179 
0 16 127 
0 0 245 
0 23 226 
0 13 158 
0 35 195 
0 20 216 
0 37 201 
0 10 135 
0 50 108 
0 32 157 
0 28 156 
0 14 142 
0 17 166 
0 1 197 
0 3 127 
0 98 150 
0 28 121 
0 14 203 
0 23 138 
0 22 145 
0 7 246 
0 11 285 
0 16 160 
0 13 168 
0 12 146 
0 6 262 
0 7 198 
0 7 180 
0 7 265 
0 1 157 
0 46 198 
0 22 219 
0 22 176 
0 29 140 
0 9 155 
0 30 187 
0 13 226 
0 11 339 
0 10 166 
0 21 199 
0 1 179 
0 21 170 
0 9 130 
0 21 157 
0 12 177 
0 12 210 
0 0 144 
0 30 204 
0 12 169 
0 28 178 
0 3 206 
0 18 110 
0 2 233 
0 23 184 
0 21 181 
0 42 214 
0 1 288 
0 13 241 
0 9 189 
0 2 208 
