386 259 355 
343 331 326 
379 343 278 
355 330 315 
332 338 330 
299 323 378 
442 330 228 
399 334 267 
424 341 235 
379 332 289 
447 287 266 
332 323 345 
392 290 318 
369 306 325 
344 313 343 
463 272 265 
431 297 272 
390 344 266 
333 257 410 
421 256 323 
347 353 300 
435 311 254 
337 279 384 
336 351 313 
427 331 242 
432 280 288 
507 261 232 
366 369 265 
425 285 290 
324 304 372 
259 217 524 
353 266 381 
317 286 397 
385 284 331 
377 304 319 
367 334 299 
385 326 289 
348 332 320 
362 329 309 
409 317 274 
363 304 333 
395 327 278 
362 323 315 
357 318 325 
385 318 297 
371 351 278 
398 314 288 
331 376 293 
333 365 302 
372 339 289 
374 350 276 
369 330 301 
391 278 331 
421 286 293 
387 301 312 
378 356 266 
338 341 321 
400 328 272 
331 336 333 
427 260 313 
464 299 237 
304 243 453 
381 346 273 
393 336 271 
422 307 271 
436 270 294 
311 281 408 
461 240 299 
301 338 361 
360 328 312 
471 276 253 
369 321 310 
390 338 272 
365 315 320 
303 218 479 
301 314 385 
344 362 294 
351 342 307 
376 325 299 
415 274 311 
399 310 291 
305 296 399 
360 324 316 
328 337 335 
294 325 381 
399 301 300 
541 271 188 
442 272 286 
456 318 226 
367 341 292 
390 339 271 
350 346 304 
374 337 289 
360 351 289 
457 232 311 
358 345 297 
432 310 258 
405 278 317 
369 336 295 
392 305 303 
410 306 284 
373 338 289 
330 312 358 
431 303 266 
347 327 326 
460 285 255 
342 382 276 
389 359 252 
348 332 320 
434 276 290 
351 338 311 
388 345 267 
364 334 302 
469 282 249 
396 323 281 
368 303 329 
389 332 279 
407 332 261 
496 251 253 
398 314 288 
407 325 268 
311 319 370 
372 353 275 
368 323 309 
335 335 330 
427 298 275 
427 296 277 
428 301 271 
374 338 288 
393 309 298 
452 300 248 
353 362 285 
527 261 212 
388 291 321 
320 276 404 
353 333 314 
430 328 242 
328 348 324 
382 329 289 
373 352 275 
427 313 260 
406 327 267 
365 319 316 
416 340 244 
420 267 313 
436 268 296 
310 371 319 
485 251 264 
360 346 294 
385 341 274 
406 327 267 
364 314 322 
347 327 326 
313 303 384 
372 360 268 
347 320 333 
465 316 219 
354 337 309 
396 336 268 
362 321 317 
390 312 298 
433 296 271 
358 302 340 
388 348 264 
381 306 313 
430 330 240 
358 336 306 
444 290 266 
348 342 310 
332 323 345 
384 334 282 
411 322 267 
371 280 349 
443 299 258 
342 316 342 
430 278 292 
375 323 302 
460 250 290 
373 348 279 
477 291 232 
343 288 369 
397 305 298 
396 288 316 
370 314 316 
315 328 357 
401 303 296 
404 275 321 
429 301 270 
473 286 241 
345 328 327 
432 287 281 
333 327 340 
440 288 272 
327 329 344 
381 292 327 
372 347 281 
373 338 289 
415 328 257 
359 364 277 
419 291 290 
452 294 254 
377 330 293 
358 309 333 
361 312 327 
333 291 376 
386 332 282 
397 306 297 
386 298 316 
385 318 297 
374 348 278 
324 346 330 
298 292 410 
382 343 275 
435 273 292 
334 313 353 
389 325 286 
361 347 292 
328 345 327 
449 300 251 
363 330 307 
395 335 270 
316 260 424 
353 326 321 
400 305 295 
415 299 286 
406 302 292 
410 322 268 
382 344 274 
422 336 242 
344 285 371 
363 292 345 
412 304 284 
391 280 329 
441 313 246 
395 308 297 
432 311 257 
425 270 305 
416 298 286 
376 329 295 
346 270 384 
397 326 277 
380 328 292 
471 284 245 
434 295 271 
345 337 318 
387 316 297 
444 279 277 
355 377 268 
346 321 333 
335 320 345 
412 303 285 
357 338 305 
384 317 299 
499 272 229 
352 297 351 
390 309 301 
371 361 268 
528 273 199 
371 325 304 
326 332 342 
301 321 378 
353 337 310 
422 288 290 
393 291 316 
344 341 315 
411 310 279 
414 340 246 
417 300 283 
402 318 280 
364 331 305 
338 304 358 
393 327 280 
413 320 267 
177 164 659 
458 275 267 
362 274 364 
336 325 339 
462 293 245 
476 300 224 
393 380 227 
348 353 299 
369 309 322 
325 343 332 
449 296 255 
437 288 275 
349 311 340 
373 324 303 
494 261 245 
426 276 298 
378 347 275 
556 251 193 
342 343 315 
346 332 322 
347 336 317 
358 331 311 
393 316 291 
384 316 300 
346 318 336 
381 312 307 
362 318 320 
354 340 306 
350 326 324 
370 352 278 
345 357 298 
371 361 268 
378 308 314 
380 312 308 
403 287 310 
391 276 333 
383 327 290 
376 321 303 
414 337 249 
430 303 267 
359 345 296 
407 300 293 
457 235 308 
353 337 310 
420 306 274 
427 293 280 
338 282 380 
345 340 315 
386 330 284 
355 325 320 
303 315 382 
414 336 250 
354 299 347 
368 314 318 
323 325 352 
327 334 339 
402 295 303 
291 280 429 
375 310 315 
353 355 292 
383 309 308 
370 323 307 
472 343 185 
335 360 305 
346 266 388 
365 316 319 
404 299 297 
359 295 346 
308 310 382 
387 299 314 
459 272 269 
467 261 272 
342 333 325 
412 231 357 
419 269 312 
352 342 306 
402 359 239 
350 347 303 
353 310 337 
349 337 314 
356 308 336 
423 319 258 
358 334 308 
304 282 414 
312 324 364 
378 310 312 
381 347 272 
315 304 381 
407 300 293 
408 292 300 
347 352 301 
388 312 300 
378 321 301 
304 243 453 
370 290 340 
387 332 281 
352 264 384 
325 356 319 
355 372 273 
385 329 286 
354 348 298 
386 359 255 
396 343 261 
342 295 363 
379 329 292 
365 312 323 
344 343 313 
417 314 269 
368 344 288 
410 323 267 
382 356 262 
422 274 304 
427 270 303 
377 360 263 
324 335 341 
349 352 299 
441 290 269 
324 357 319 
371 306 323 
363 302 335 
357 317 326 
302 301 397 
341 370 289 
336 334 330 
437 313 250 
403 301 296 
511 244 245 
337 321 342 
382 308 310 
368 385 247 
358 302 340 
363 276 361 
286 340 374 
395 335 270 
311 307 382 
369 284 347 
386 329 285 
347 325 328 
346 341 313 
366 362 272 
353 311 336 
374 333 293 
453 290 257 
362 324 314 
391 319 290 
319 362 319 
382 321 297 
416 343 241 
412 349 239 
357 311 332 
339 357 304 
357 272 371 
406 340 254 
428 287 285 
375 308 317 
445 303 252 
371 285 344 
269 266 465 
365 331 304 
348 328 324 
381 328 291 
350 356 294 
368 343 289 
382 314 304 
345 349 306 
384 343 273 
405 303 292 
311 358 331 
352 340 308 
334 333 333 
480 269 251 
381 274 345 
387 323 290 
479 287 234 
334 313 353 
434 285 281 
417 303 280 
354 344 302 
361 272 367 
390 331 279 
364 343 293 
438 329 233 
358 276 366 
415 314 271 
395 300 305 
378 332 290 
305 285 410 
365 325 310 
450 339 211 
354 329 317 
428 304 268 
355 338 307 
438 320 242 
387 317 296 
481 299 220 
384 335 281 
348 251 401 
327 353 320 
399 300 301 
440 316 244 
371 326 303 
416 293 291 
372 313 315 
353 314 333 
343 335 322 
375 331 294 
374 382 244 
476 291 233 
378 316 306 
358 324 318 
344 334 322 
357 360 283 
297 347 356 
362 349 289 
351 313 336 
327 366 307 
318 337 345 
422 341 237 
344 336 320 
436 289 275 
442 305 253 
395 307 298 
383 316 301 
365 352 283 
414 344 242 
358 331 311 
349 303 348 
427 312 261 
339 376 285 
337 278 385 
367 317 316 
439 252 309 
406 294 300 
374 322 304 
412 327 261 
379 279 342 
384 337 279 
391 317 292 
377 334 289 
404 295 301 
378 324 298 
385 330 285 
377 357 266 
363 354 283 
331 291 378 
442 290 268 
388 218 394 
391 270 339 
377 330 293 
412 367 221 
327 316 357 
360 333 307 
341 324 335 
381 287 332 
361 330 309 
332 358 310 
387 328 285 
389 353 258 
344 321 335 
405 315 280 
363 327 310 
418 340 242 
395 353 252 
363 307 330 
284 236 480 
455 269 276 
289 269 442 
399 320 281 
290 303 407 
396 338 266 
352 328 320 
406 325 269 
425 296 279 
363 279 358 
346 390 264 
488 265 247 
415 297 288 
414 295 291 
489 254 257 
354 317 329 
329 274 397 
422 310 268 
358 379 263 
364 285 351 
436 316 248 
373 325 302 
358 335 307 
404 294 302 
362 330 308 
368 318 314 
320 347 333 
375 325 300 
300 279 421 
412 363 225 
358 334 308 
380 281 339 
308 324 368 
376 300 324 
362 304 334 
401 287 312 
398 290 312 
389 310 301 
267 244 489 
342 348 310 
464 296 240 
340 345 315 
371 229 400 
417 342 241 
450 259 291 
519 244 237 
361 268 371 
255 269 476 
347 316 337 
371 307 322 
476 248 276 
327 335 338 
442 327 231 
423 282 295 
403 323 274 
436 357 207 
440 347 213 
371 343 286 
453 286 261 
365 348 287 
359 359 282 
449 285 266 
290 324 386 
416 301 283 
421 281 298 
457 353 190 
356 320 324 
449 275 276 
414 308 278 
409 347 244 
364 297 339 
409 401 190 
396 339 265 
443 297 260 
390 319 291 
392 312 296 
347 327 326 
359 261 380 
289 265 446 
353 223 424 
412 325 263 
362 312 326 
349 347 304 
347 333 320 
387 338 275 
409 315 276 
376 319 305 
481 321 198 
388 310 302 
399 268 333 
370 325 305 
359 337 304 
324 348 328 
324 304 372 
352 318 330 
387 293 320 
434 304 262 
293 314 393 
419 309 272 
294 305 401 
344 322 334 
520 265 215 
291 221 488 
483 232 285 
377 320 303 
362 321 317 
448 283 269 
410 273 317 
362 286 352 
431 249 320 
364 319 317 
292 266 442 
351 332 317 
374 342 284 
383 340 277 
492 256 252 
336 315 349 
342 360 298 
319 334 347 
358 277 365 
412 331 257 
361 294 345 
374 317 309 
414 324 262 
425 306 269 
438 306 256 
400 322 278 
323 348 329 
354 313 333 
364 349 287 
390 325 285 
410 321 269 
362 324 314 
502 252 246 
412 329 259 
418 281 301 
363 348 289 
359 296 345 
321 294 385 
491 257 252 
298 308 394 
457 254 289 
459 320 221 
522 269 209 
393 308 299 
360 355 285 
365 309 326 
425 331 244 
290 222 488 
432 311 257 
340 357 303 
437 331 232 
352 328 320 
396 299 305 
404 376 220 
325 290 385 
379 361 260 
409 361 230 
446 314 240 
311 258 431 
382 347 271 
360 324 316 
322 344 334 
315 354 331 
303 346 351 
351 305 344 
378 361 261 
362 330 308 
330 330 340 
386 311 303 
354 335 311 
540 230 230 
369 333 298 
351 332 317 
356 383 261 
302 284 414 
407 300 293 
387 305 308 
426 367 207 
455 376 169 
389 300 311 
361 329 310 
310 310 380 
358 335 307 
389 311 300 
328 339 333 
474 351 175 
362 313 325 
366 338 296 
295 338 367 
395 279 326 
338 315 347 
398 312 290 
511 257 232 
396 320 284 
306 332 362 
354 364 282 
386 346 268 
376 313 311 
281 288 431 
290 208 502 
355 346 299 
406 303 291 
362 327 311 
380 325 295 
330 298 372 
321 266 413 
378 332 290 
351 324 325 
388 289 323 
370 334 296 
377 315 308 
375 332 293 
352 272 376 
408 299 293 
467 290 243 
338 317 345 
367 275 358 
369 327 304 
400 350 250 
375 314 311 
389 292 319 
358 319 323 
423 311 266 
344 337 319 
470 274 256 
357 334 309 
433 299 268 
408 317 275 
381 327 292 
473 261 266 
385 229 386 
348 318 334 
289 314 397 
271 265 464 
343 277 380 
374 330 296 
365 309 326 
487 267 246 
371 297 332 
382 206 412 
381 349 270 
416 239 345 
365 307 328 
375 272 353 
386 287 327 
354 267 379 
337 338 325 
373 265 362 
447 303 250 
369 320 311 
354 336 310 
413 336 251 
355 320 325 
405 313 282 
377 299 324 
322 315 363 
381 297 322 
372 358 270 
379 296 325 
411 306 283 
503 273 224 
432 326 242 
459 327 214 
455 256 289 
443 297 260 
378 342 280 
378 283 339 
426 294 280 
509 335 156 
266 244 490 
311 289 400 
397 280 323 
456 289 255 
403 330 267 
438 344 218 
317 365 318 
391 301 308 
462 261 277 
346 361 293 
328 296 376 
451 319 230 
357 340 303 
369 277 354 
375 321 304 
371 325 304 
402 296 302 
429 264 307 
393 296 311 
444 289 267 
419 333 248 
395 337 268 
401 313 286 
426 322 252 
408 283 309 
384 282 334 
486 300 214 
366 332 302 
362 343 295 
344 326 330 
349 351 300 
428 301 271 
384 286 330 
437 282 281 
343 331 326 
341 345 314 
365 342 293 
347 334 319 
409 301 290 
413 312 275 
350 329 321 
331 279 390 
405 302 293 
459 289 252 
349 360 291 
375 346 279 
432 295 273 
391 359 250 
385 343 272 
382 336 282 
352 308 340 
353 273 374 
410 278 312 
348 340 312 
418 312 270 
428 282 290 
367 329 304 
450 301 249 
417 288 295 
352 331 317 
337 341 322 
314 334 352 
376 346 278 
389 332 279 
507 258 235 
312 328 360 
462 247 291 
329 272 399 
373 322 305 
359 342 299 
317 353 330 
391 335 274 
426 309 265 
400 329 271 
443 307 250 
357 356 287 
400 310 290 
381 286 333 
317 375 308 
410 299 291 
353 322 325 
426 338 236 
382 341 277 
394 300 306 
390 319 291 
397 345 258 
386 298 316 
350 286 364 
359 332 309 
328 343 329 
412 311 277 
406 314 280 
409 312 279 
395 305 300 
395 328 277 
386 306 308 
357 333 310 
378 364 258 
367 328 305 
431 303 266 
345 301 354 
257 267 476 
396 348 256 
409 304 287 
360 259 381 
363 261 376 
387 304 309 
394 318 288 
416 290 294 
399 326 275 
358 330 312 
391 330 279 
392 303 305 
397 361 242 
355 357 288 
416 313 271 
440 300 260 
354 363 283 
478 291 231 
361 328 311 
352 329 319 
436 291 273 
349 289 362 
374 360 266 
466 274 260 
349 311 340 
350 318 332 
398 292 310 
361 320 319 
313 331 356 
381 327 292 
357 340 303 
419 297 284 
345 328 327 
383 264 353 
390 324 286 
388 309 303 
399 326 275 
407 321 272 
377 287 336 
345 320 335 
448 309 243 
381 340 279 
439 285 276 
385 313 302 
383 328 289 
420 303 277 
362 351 287 
332 303 365 
370 335 295 
471 302 227 
337 323 340 
338 365 297 
373 314 313 
515 225 260 
468 274 258 
404 347 249 
410 308 282 
431 293 276 
521 231 248 
477 301 222 
361 345 294 
357 298 345 
320 283 397 
313 342 345 
356 321 323 
377 342 281 
351 244 405 
336 351 313 
403 328 269 
404 302 294 
418 319 263 
376 321 303 
347 323 330 
344 309 347 
307 300 393 
382 275 343 
255 290 455 
399 284 317 
461 318 221 
390 355 255 
390 309 301 
387 306 307 
431 293 276 
433 312 255 
322 321 357 
405 301 294 
447 310 243 
458 308 234 
371 303 326 
393 331 276 
433 300 267 
412 327 261 
