0 30 126 
0 30 71 
0 89 104 
0 25 121 
0 47 62 
0 35 20 
0 39 21 
0 23 141 
0 52 71 
0 31 77 
0 44 106 
0 44 79 
0 34 82 
0 37 59 
0 3 81 
0 29 30 
0 41 66 
0 60 80 
0 20 167 
0 52 54 
0 69 110 
0 5 66 
0 33 71 
0 27 63 
0 26 53 
0 45 82 
0 11 96 
0 59 62 
0 19 115 
0 25 171 
0 3 35 
0 62 65 
0 48 157 
0 2 194 
0 41 79 
0 26 172 
0 14 159 
0 23 77 
0 15 71 
0 50 60 
0 27 78 
0 21 42 
0 51 79 
0 24 73 
0 25 85 
0 47 43 
0 15 88 
0 57 94 
0 13 105 
0 26 52 
0 14 105 
0 16 57 
0 40 93 
0 18 74 
0 28 109 
0 23 70 
0 6 96 
0 43 63 
0 49 57 
0 38 105 
0 50 54 
0 14 54 
0 10 119 
0 24 120 
0 35 34 
0 39 154 
0 39 112 
0 3 87 
0 47 72 
0 35 47 
0 16 113 
0 4 147 
0 46 109 
0 45 101 
0 20 58 
0 13 101 
0 15 102 
0 37 117 
0 34 205 
0 14 145 
0 30 94 
0 11 157 
0 21 93 
0 39 110 
0 23 72 
0 27 97 
0 59 37 
0 58 116 
0 7 161 
0 55 47 
0 17 81 
0 6 95 
0 20 107 
0 1 63 
0 40 160 
0 26 57 
0 60 76 
0 17 117 
0 31 144 
0 22 38 
0 25 54 
0 24 170 
0 18 153 
0 42 64 
0 5 65 
0 31 121 
0 24 118 
0 45 96 
0 18 176 
0 31 79 
0 22 108 
0 19 79 
0 30 69 
0 62 120 
0 24 110 
0 46 78 
0 27 74 
0 36 84 
0 23 71 
0 21 148 
0 22 70 
0 35 65 
0 43 136 
0 42 140 
0 21 128 
0 62 88 
0 14 46 
0 25 77 
0 12 93 
0 39 132 
0 27 59 
0 23 167 
0 25 126 
0 35 121 
0 20 82 
0 37 138 
0 13 62 
0 31 99 
0 36 81 
0 27 91 
0 33 47 
0 43 53 
0 75 132 
0 13 40 
0 50 178 
0 15 163 
0 36 74 
0 43 140 
0 43 133 
0 6 32 
0 30 103 
0 32 96 
0 22 112 
0 21 48 
0 75 50 
0 44 86 
0 54 52 
0 23 101 
0 19 115 
0 28 83 
0 12 185 
0 7 53 
0 47 147 
0 15 90 
0 19 118 
0 65 25 
0 31 53 
0 10 63 
0 9 117 
0 12 45 
0 28 59 
0 19 90 
0 25 55 
0 3 46 
0 30 133 
0 47 59 
0 18 130 
0 8 114 
0 44 132 
0 21 137 
0 5 79 
0 14 157 
0 39 62 
0 39 48 
0 4 93 
0 25 168 
0 24 58 
0 50 92 
0 16 101 
0 19 118 
0 10 51 
0 6 19 
0 20 35 
0 25 116 
0 13 88 
0 2 94 
0 42 89 
0 27 94 
0 17 85 
0 16 100 
0 48 165 
0 48 139 
0 1 192 
0 45 107 
0 39 90 
0 16 75 
0 42 44 
0 57 89 
0 42 45 
0 17 116 
0 11 95 
0 0 151 
0 20 34 
0 36 124 
0 40 68 
0 12 21 
0 31 48 
0 35 48 
0 2 92 
0 36 96 
0 34 108 
0 12 32 
0 85 110 
0 55 44 
0 62 66 
0 18 160 
0 44 60 
0 38 83 
0 19 99 
0 16 210 
0 1 21 
0 38 140 
0 21 132 
0 47 70 
0 30 99 
0 17 88 
0 64 124 
0 20 132 
0 28 102 
0 22 58 
0 10 88 
0 82 86 
0 29 57 
0 35 73 
0 27 42 
0 20 155 
0 39 63 
0 13 92 
0 37 90 
0 47 54 
0 23 69 
0 28 105 
0 22 78 
0 21 62 
0 35 94 
0 3 98 
0 20 60 
0 11 84 
0 43 170 
0 36 103 
0 18 100 
0 19 104 
0 11 112 
0 53 85 
0 21 106 
0 29 58 
0 14 142 
0 27 141 
0 25 52 
0 85 13 
0 17 197 
0 8 46 
0 19 53 
0 16 74 
0 21 57 
0 5 94 
0 27 48 
0 20 66 
0 8 53 
0 20 79 
0 44 97 
0 33 43 
0 52 92 
0 10 193 
0 14 79 
0 26 57 
0 24 113 
0 14 84 
0 61 33 
0 41 83 
0 34 187 
0 25 65 
0 31 112 
0 23 8 
0 13 172 
0 38 107 
0 20 47 
0 10 61 
0 7 131 
0 31 130 
0 22 155 
0 10 58 
0 3 164 
0 46 73 
0 16 20 
0 18 108 
0 36 56 
0 47 80 
0 49 83 
0 33 30 
0 45 59 
0 17 135 
0 77 111 
0 23 95 
0 42 116 
0 58 60 
0 37 113 
0 16 141 
0 25 66 
0 57 87 
0 29 37 
0 26 51 
0 12 77 
0 55 33 
0 11 75 
0 49 106 
0 31 85 
0 10 54 
0 29 68 
0 47 120 
0 76 55 
0 17 28 
0 40 67 
0 22 88 
0 14 39 
0 29 54 
0 22 134 
0 18 146 
0 19 69 
0 13 152 
0 21 162 
0 7 49 
0 23 46 
0 29 102 
0 31 103 
0 14 117 
0 33 110 
0 12 85 
0 39 34 
0 16 85 
0 0 57 
0 31 110 
0 17 94 
0 26 89 
0 15 159 
0 20 93 
0 19 98 
0 36 110 
0 11 39 
0 13 169 
0 21 108 
0 30 40 
0 56 118 
0 11 107 
0 9 134 
0 48 110 
0 2 214 
0 28 116 
0 8 29 
0 12 26 
0 17 115 
0 13 121 
0 18 80 
0 23 50 
0 26 44 
0 9 76 
0 5 101 
0 7 135 
0 14 99 
0 11 54 
0 9 90 
0 13 96 
0 9 76 
0 19 50 
0 25 79 
0 12 96 
0 33 133 
0 14 59 
0 26 37 
0 25 69 
0 31 110 
0 20 84 
0 35 140 
0 22 170 
0 19 173 
0 12 131 
0 36 77 
0 13 124 
0 17 32 
0 25 139 
0 5 72 
0 24 82 
0 18 43 
0 34 79 
0 41 136 
0 30 119 
0 24 45 
0 5 106 
0 13 68 
0 21 113 
0 65 114 
0 47 107 
0 38 95 
0 6 75 
0 8 152 
0 15 61 
0 15 84 
0 26 62 
0 1 41 
0 24 161 
0 34 59 
0 16 107 
0 53 112 
0 64 77 
0 27 190 
0 25 133 
0 71 96 
0 32 99 
0 41 95 
0 24 53 
0 3 36 
0 24 34 
0 19 78 
0 28 143 
0 29 41 
0 20 26 
0 8 99 
0 8 95 
0 37 82 
0 19 148 
0 37 77 
0 37 140 
0 30 73 
0 25 90 
0 33 59 
0 25 17 
0 28 85 
0 21 67 
0 51 97 
0 15 67 
0 31 90 
0 40 125 
0 5 126 
0 37 177 
0 25 49 
0 6 79 
0 24 73 
0 11 87 
0 64 93 
0 29 94 
0 35 27 
0 40 40 
0 34 77 
0 10 82 
0 33 149 
0 10 101 
0 53 33 
0 44 141 
0 34 149 
0 20 52 
0 0 180 
0 18 65 
0 9 68 
0 30 164 
0 1 33 
0 9 53 
0 46 91 
0 76 59 
0 16 124 
0 12 118 
0 64 86 
0 19 108 
0 16 186 
0 13 160 
0 17 47 
0 25 77 
0 14 117 
0 21 149 
0 33 113 
0 41 90 
0 21 147 
0 2 131 
0 20 105 
0 6 87 
0 13 58 
0 15 47 
0 7 21 
0 17 36 
0 12 54 
0 38 102 
0 27 16 
0 0 66 
0 63 74 
0 27 167 
0 34 108 
0 10 126 
0 33 78 
0 41 69 
0 70 45 
0 16 51 
0 31 64 
0 7 106 
0 49 84 
0 41 65 
0 35 147 
0 43 70 
0 29 66 
0 33 93 
0 18 149 
0 20 132 
0 25 115 
0 46 85 
0 27 66 
0 39 51 
0 41 78 
0 24 115 
0 16 89 
0 52 56 
0 20 106 
0 6 50 
0 58 87 
0 60 98 
0 12 87 
0 9 125 
0 9 222 
0 15 21 
0 25 103 
0 29 90 
0 55 68 
0 15 164 
0 43 52 
0 12 77 
0 17 83 
0 14 108 
0 61 47 
0 44 51 
0 19 63 
0 27 178 
0 14 47 
0 45 36 
0 51 94 
0 11 162 
0 8 116 
0 21 102 
0 29 45 
0 16 62 
0 31 58 
0 19 49 
0 41 40 
0 6 62 
0 16 85 
0 9 61 
0 25 48 
0 19 52 
0 30 153 
0 51 72 
0 120 62 
0 18 90 
0 3 60 
0 57 25 
0 34 141 
0 42 71 
0 22 239 
0 19 46 
0 56 49 
0 34 231 
0 4 54 
0 25 113 
0 13 164 
0 36 38 
0 28 95 
0 12 48 
0 23 102 
0 29 138 
0 5 76 
0 28 126 
0 9 130 
0 39 89 
0 44 49 
0 38 58 
0 26 143 
0 16 86 
0 45 18 
0 44 98 
0 40 138 
0 39 125 
0 20 87 
0 19 129 
0 103 122 
0 14 58 
0 21 81 
0 28 60 
0 19 63 
0 32 138 
0 22 70 
0 5 62 
0 14 37 
0 40 74 
0 5 34 
0 17 45 
0 60 74 
0 15 110 
0 56 50 
0 14 87 
0 37 104 
0 9 108 
0 40 106 
0 32 58 
0 28 131 
0 0 80 
0 28 102 
0 10 76 
0 16 82 
0 18 46 
0 79 73 
0 49 103 
0 52 80 
0 17 98 
0 18 118 
0 41 43 
0 29 66 
0 37 56 
0 37 77 
0 33 109 
0 51 50 
0 11 41 
0 27 147 
0 66 81 
0 5 107 
0 14 103 
0 37 53 
0 17 88 
0 67 28 
0 4 47 
0 11 83 
0 38 53 
0 21 103 
0 23 110 
0 7 71 
0 19 45 
0 38 151 
0 39 96 
0 28 88 
0 32 98 
0 24 69 
0 40 106 
0 6 65 
0 19 41 
0 22 64 
0 39 137 
0 7 167 
0 24 73 
0 14 97 
0 15 63 
0 24 72 
0 33 118 
0 0 108 
0 12 88 
0 30 37 
0 26 43 
0 23 98 
0 18 70 
0 49 44 
0 35 187 
0 31 58 
0 31 53 
0 23 67 
0 12 88 
0 45 111 
0 44 79 
0 9 106 
0 26 68 
0 85 45 
0 4 70 
0 33 61 
0 27 121 
0 42 116 
0 32 53 
0 52 100 
0 13 86 
0 59 29 
0 26 123 
0 14 60 
0 71 157 
0 44 24 
0 25 49 
0 29 78 
0 29 105 
0 14 139 
0 15 54 
0 15 96 
0 22 137 
0 6 127 
0 7 66 
0 20 178 
0 46 68 
0 66 61 
0 13 151 
0 18 73 
0 12 169 
0 12 103 
0 14 85 
0 33 96 
0 36 97 
0 36 105 
0 11 63 
0 104 15 
0 54 145 
0 25 97 
0 14 86 
0 31 117 
0 117 48 
0 48 33 
0 61 116 
0 42 60 
0 4 50 
0 29 84 
0 20 173 
0 29 183 
0 16 94 
0 75 117 
0 15 77 
0 28 96 
0 16 45 
0 39 80 
0 17 135 
0 10 98 
0 11 58 
0 40 85 
0 13 82 
0 35 100 
0 5 58 
0 27 54 
0 5 46 
0 30 144 
0 7 101 
0 21 113 
0 24 40 
0 43 139 
0 16 85 
0 76 113 
0 20 149 
0 13 52 
0 33 52 
0 15 80 
0 16 116 
0 22 83 
0 42 89 
0 36 69 
0 14 161 
0 53 69 
0 46 34 
0 28 55 
0 15 45 
0 29 44 
0 32 46 
0 56 85 
0 26 38 
0 23 49 
0 15 99 
0 20 58 
0 12 132 
0 33 112 
0 50 74 
0 10 110 
0 16 110 
0 11 51 
0 23 143 
0 41 45 
0 31 87 
0 14 44 
0 18 48 
0 18 24 
0 3 169 
0 13 113 
0 37 131 
0 27 146 
0 36 84 
0 43 119 
0 80 44 
0 23 167 
0 5 34 
0 35 167 
0 7 55 
0 10 102 
0 18 144 
0 16 64 
0 9 53 
0 19 87 
0 22 108 
0 17 45 
0 8 86 
0 5 152 
0 36 37 
0 14 66 
0 9 117 
0 20 72 
0 7 32 
0 13 100 
0 20 60 
0 36 45 
0 17 141 
0 37 122 
0 24 124 
0 60 37 
0 22 125 
0 16 171 
0 8 70 
0 26 149 
0 52 147 
0 41 115 
0 0 71 
0 17 39 
0 28 53 
0 15 104 
0 43 62 
0 22 66 
0 29 128 
0 28 57 
0 23 99 
0 19 83 
0 31 67 
0 26 128 
0 18 125 
0 11 62 
0 50 108 
0 22 162 
0 17 89 
0 34 23 
0 41 90 
0 17 161 
0 20 100 
0 35 43 
0 34 78 
0 7 88 
0 42 148 
0 45 86 
0 6 42 
0 21 50 
0 20 43 
0 25 81 
0 17 86 
0 28 59 
0 39 166 
0 55 68 
0 39 106 
0 14 43 
0 13 84 
0 14 46 
0 11 69 
0 18 151 
0 31 222 
0 51 28 
0 51 45 
0 60 75 
0 20 63 
0 38 67 
0 13 100 
0 18 59 
0 26 140 
0 31 125 
0 20 95 
0 27 72 
0 33 165 
0 48 69 
0 36 87 
0 20 55 
0 30 70 
0 39 87 
0 37 98 
0 65 94 
0 19 98 
0 47 71 
0 48 20 
0 21 69 
0 25 96 
0 16 94 
0 24 126 
0 30 55 
0 36 58 
0 21 83 
0 23 83 
0 15 57 
0 15 72 
0 16 39 
0 3 57 
0 15 176 
0 9 136 
0 24 102 
0 34 33 
0 30 75 
0 26 96 
0 33 77 
0 17 126 
0 20 44 
0 18 156 
0 25 57 
0 33 93 
0 30 100 
0 33 87 
0 22 109 
0 26 78 
0 61 85 
0 40 74 
0 7 98 
0 19 107 
0 12 78 
0 57 88 
0 48 51 
0 22 149 
0 71 58 
0 20 92 
0 49 241 
0 30 153 
0 16 94 
0 19 65 
0 23 80 
0 46 81 
0 33 106 
0 8 112 
0 33 103 
0 32 107 
0 120 74 
0 8 138 
0 11 165 
0 51 60 
0 42 72 
0 30 97 
0 25 59 
0 26 61 
0 34 79 
0 24 57 
0 68 27 
0 28 227 
0 15 124 
0 18 131 
0 22 35 
0 24 70 
0 23 122 
0 31 33 
0 19 21 
0 65 75 
0 28 159 
0 28 64 
0 32 161 
0 23 155 
0 32 61 
0 14 204 
0 35 97 
0 19 54 
0 18 140 
0 32 166 
0 27 119 
0 20 103 
0 26 83 
0 44 80 
0 42 119 
0 28 91 
0 30 56 
0 63 111 
0 28 52 
0 34 170 
0 37 60 
0 59 65 
0 29 93 
0 5 142 
0 37 94 
0 51 28 
0 8 197 
0 46 126 
0 36 57 
0 35 53 
0 32 87 
0 18 160 
0 20 50 
0 13 116 
0 29 106 
0 56 130 
0 5 191 
0 30 90 
0 43 65 
0 3 148 
0 26 182 
0 40 86 
0 6 79 
0 22 90 
0 34 95 
0 18 91 
0 34 121 
0 22 99 
