11 444 21 0 0 
0 503 24 0 0 
56 348 69 0 0 
19 388 8 0 0 
115 362 13 0 0 
75 359 17 0 0 
10 360 60 0 0 
14 457 52 16 0 
7 374 58 0 0 
84 371 72 0 0 
33 435 8 0 0 
20 400 22 0 0 
51 528 20 0 0 
77 333 124 0 0 
35 414 0 0 0 
24 426 2 0 0 
99 454 43 0 0 
13 415 35 0 0 
35 431 1 0 0 
92 417 27 0 0 
32 426 8 0 0 
37 378 63 0 0 
36 469 19 0 0 
16 390 48 0 0 
61 382 35 0 0 
0 418 57 0 0 
19 515 9 0 0 
25 448 85 0 0 
69 341 29 0 0 
35 460 12 0 0 
105 387 41 0 0 
54 426 40 0 0 
73 280 16 0 0 
12 340 3 0 0 
8 431 11 0 0 
8 455 97 0 0 
81 385 27 0 0 
24 478 7 0 0 
30 307 44 0 0 
99 305 11 0 0 
60 488 29 0 0 
22 397 29 0 0 
4 442 65 0 0 
7 545 20 0 0 
65 484 26 0 0 
70 511 41 0 0 
49 501 12 0 0 
37 413 35 0 0 
24 404 21 0 0 
109 401 30 0 0 
5 493 56 0 0 
11 413 12 0 0 
16 615 22 0 0 
13 485 17 0 0 
24 451 29 0 0 
25 387 60 0 0 
47 347 6 0 0 
43 394 22 0 0 
51 453 25 0 0 
15 383 57 0 0 
25 362 48 0 0 
25 542 13 0 0 
15 467 19 0 0 
10 452 17 0 0 
18 379 17 0 0 
36 374 59 0 0 
35 323 63 0 0 
19 462 3 0 0 
113 350 11 0 0 
30 369 77 0 0 
47 463 2 0 0 
27 427 9 0 0 
87 491 29 0 0 
27 311 6 0 0 
50 371 29 0 0 
70 378 11 0 0 
50 426 14 0 0 
52 431 54 0 0 
57 476 29 0 0 
33 457 80 0 0 
31 475 41 0 0 
27 382 18 0 0 
29 334 12 0 0 
35 396 13 0 0 
14 484 5 0 0 
18 373 53 0 0 
24 441 22 1 0 
52 409 12 0 0 
61 403 2 0 0 
61 338 14 0 0 
27 445 15 0 0 
66 396 7 0 0 
48 444 27 0 0 
63 420 38 0 0 
35 477 6 0 0 
5 536 78 0 0 
10 458 20 0 0 
26 464 44 0 0 
26 490 25 0 0 
51 358 48 0 0 
23 328 80 0 0 
68 520 29 0 0 
31 385 18 0 0 
104 348 18 0 0 
53 384 5 0 0 
44 432 10 0 0 
30 440 43 0 0 
45 413 34 0 0 
45 426 73 0 0 
10 500 7 0 0 
40 337 66 0 0 
65 418 25 0 0 
42 406 12 0 0 
20 483 5 0 0 
57 406 0 0 0 
128 328 30 0 0 
23 595 31 0 0 
9 455 23 0 0 
38 453 25 0 0 
42 419 0 0 0 
53 397 92 0 0 
36 430 13 0 0 
19 482 11 0 0 
24 371 37 0 0 
33 460 28 0 0 
21 390 31 0 0 
16 439 23 0 0 
141 468 12 0 0 
26 375 19 0 0 
13 445 39 0 0 
24 425 0 0 0 
71 309 30 0 0 
66 405 15 0 0 
83 392 35 0 0 
13 509 85 0 0 
84 364 41 0 0 
26 371 33 0 0 
37 491 31 0 0 
14 458 62 0 0 
74 447 20 0 0 
20 443 19 0 0 
39 398 16 0 0 
19 423 46 0 0 
7 438 7 0 0 
23 252 24 0 0 
47 374 77 0 0 
91 415 13 0 0 
44 350 4 0 0 
31 429 90 0 0 
14 383 80 0 0 
23 462 29 0 0 
80 396 43 9 0 
33 392 44 0 0 
15 366 25 0 0 
54 341 6 0 0 
45 387 33 0 0 
13 405 64 0 0 
9 461 24 0 0 
87 338 38 0 0 
0 431 23 0 0 
7 427 19 0 0 
55 432 6 0 0 
23 320 31 0 0 
59 382 40 0 0 
2 441 1 0 0 
37 369 95 0 0 
78 441 65 0 0 
56 468 45 0 0 
17 455 13 0 0 
36 424 29 0 0 
101 291 37 0 0 
4 480 59 0 0 
64 441 32 0 0 
13 471 9 0 0 
7 345 69 0 0 
50 395 34 0 0 
2 430 36 0 0 
17 490 18 0 0 
17 369 56 0 0 
84 361 8 0 0 
4 457 51 0 0 
47 463 33 0 0 
33 476 16 0 0 
15 455 50 0 0 
11 400 29 0 0 
30 459 34 0 0 
67 481 20 0 0 
62 321 65 0 0 
44 275 35 0 0 
71 369 117 0 0 
37 369 43 0 0 
51 446 27 0 0 
66 431 85 0 0 
21 524 7 0 0 
25 382 37 0 0 
49 383 8 0 0 
98 425 36 0 0 
11 499 37 0 0 
61 462 15 0 0 
49 532 19 0 0 
35 489 12 0 0 
17 535 9 0 0 
53 446 14 0 0 
39 387 2 0 0 
26 365 19 0 0 
34 485 6 0 0 
52 315 40 0 0 
68 296 1 0 0 
17 461 79 0 0 
85 395 25 0 0 
23 456 30 0 0 
38 498 9 0 0 
36 490 24 0 0 
4 485 39 0 0 
65 514 21 0 0 
5 369 33 0 0 
64 420 22 0 0 
89 495 12 0 0 
15 493 41 0 0 
16 359 46 0 0 
52 454 36 0 0 
87 333 46 0 0 
24 511 24 2 0 
36 443 26 0 0 
15 426 80 0 0 
23 403 0 0 0 
44 487 57 0 0 
25 522 5 0 0 
19 574 31 0 0 
88 394 14 0 0 
46 436 70 0 0 
103 402 13 0 0 
95 420 3 0 0 
26 478 71 0 0 
29 504 6 0 0 
62 326 25 0 0 
54 547 9 0 0 
27 381 97 0 0 
77 461 7 0 0 
55 465 24 0 0 
36 463 2 0 0 
63 417 21 0 0 
41 484 1 0 0 
79 381 42 0 0 
28 382 21 0 0 
26 388 97 0 0 
16 471 38 0 0 
21 487 71 0 0 
82 420 85 0 0 
29 392 32 0 0 
46 481 2 0 0 
68 367 58 0 0 
37 489 25 0 0 
24 520 42 0 0 
56 403 25 0 0 
21 397 47 0 0 
31 395 63 0 0 
11 489 8 0 0 
18 474 8 0 0 
4 562 6 0 0 
53 433 11 0 0 
42 448 27 0 0 
15 399 23 0 0 
30 421 16 0 0 
78 321 51 0 0 
68 360 36 0 0 
16 515 20 0 0 
31 480 9 0 0 
50 444 6 0 0 
14 424 51 0 0 
50 396 37 0 0 
2 397 85 0 0 
60 454 18 0 0 
3 429 26 0 0 
29 394 10 0 0 
9 443 42 0 0 
39 378 45 0 0 
13 476 17 0 0 
52 376 57 0 0 
35 358 35 0 0 
31 440 35 0 0 
78 390 36 0 0 
29 487 11 0 0 
16 483 19 0 0 
11 548 1 0 0 
20 360 31 0 0 
38 580 16 0 0 
1 450 0 0 0 
15 470 31 0 0 
33 550 2 0 0 
28 426 24 0 0 
8 445 66 0 0 
32 461 37 0 0 
20 523 5 0 0 
16 429 22 0 0 
16 510 34 0 0 
47 493 38 0 0 
11 483 87 0 0 
52 350 12 0 0 
76 442 33 0 0 
24 378 46 0 0 
30 375 46 0 0 
6 474 12 0 0 
104 454 5 0 0 
39 513 22 0 0 
42 387 14 0 0 
33 408 107 0 0 
36 449 4 0 0 
65 400 2 0 0 
19 527 15 0 0 
42 500 22 0 0 
63 351 11 0 0 
72 358 22 0 0 
23 506 34 0 0 
22 499 21 0 0 
34 316 42 0 0 
10 445 62 0 0 
109 347 28 0 0 
68 470 5 0 0 
13 416 41 0 0 
34 487 46 0 0 
17 399 33 0 0 
93 375 47 0 0 
52 437 23 0 0 
8 443 90 0 0 
13 406 48 0 0 
34 408 41 0 0 
70 375 26 0 0 
24 402 5 0 0 
75 456 14 0 0 
0 410 16 0 0 
4 427 22 0 0 
45 369 16 0 0 
56 572 8 0 0 
26 386 33 0 0 
37 427 3 0 0 
49 401 10 0 0 
36 530 60 0 0 
30 407 24 0 0 
15 433 32 0 0 
37 378 16 0 0 
16 384 30 0 0 
41 410 30 0 0 
91 453 9 0 0 
15 553 29 0 0 
28 487 8 0 0 
33 353 14 0 0 
17 415 19 0 0 
4 435 17 0 0 
23 425 12 0 0 
13 572 6 0 0 
8 506 48 0 0 
66 332 46 0 0 
47 419 21 0 0 
18 459 60 0 0 
40 460 5 0 0 
8 392 25 0 0 
31 438 33 0 0 
21 444 54 0 0 
61 401 5 0 0 
37 325 24 0 0 
13 525 70 0 0 
25 461 29 0 0 
45 494 34 0 0 
56 485 26 0 0 
106 367 35 0 0 
7 415 25 0 0 
35 390 25 0 0 
42 430 37 0 0 
48 422 3 0 0 
69 415 5 0 0 
30 524 47 0 0 
0 443 94 0 0 
17 486 30 0 0 
23 492 21 0 0 
28 431 22 0 0 
22 340 67 0 0 
64 366 4 0 0 
21 485 60 0 0 
5 472 24 0 0 
28 431 21 0 0 
8 516 18 0 0 
59 410 6 0 0 
27 434 35 0 0 
42 446 4 0 0 
8 495 32 0 0 
15 371 30 0 0 
38 297 26 0 0 
46 407 44 0 0 
46 348 5 0 0 
57 350 107 0 0 
27 397 6 0 0 
45 352 19 0 0 
128 483 24 0 0 
41 566 5 0 0 
63 476 13 0 0 
47 479 23 0 0 
12 511 8 0 0 
4 578 54 0 0 
41 427 25 0 0 
64 373 40 0 0 
70 465 37 0 0 
32 424 16 0 0 
13 556 5 0 0 
45 474 37 0 0 
37 516 19 0 0 
29 467 25 0 0 
14 476 3 0 0 
41 406 23 0 0 
37 512 22 0 0 
51 372 46 12 0 
75 389 32 0 0 
52 456 34 0 0 
14 518 15 0 0 
36 442 25 0 0 
9 382 19 0 0 
3 273 31 0 0 
24 364 51 0 0 
15 343 55 0 0 
111 388 32 0 0 
43 415 40 0 0 
35 513 18 0 0 
10 476 0 0 0 
11 453 22 0 0 
55 286 118 0 0 
20 399 37 0 0 
96 269 40 0 0 
10 518 15 0 0 
30 431 24 0 0 
28 427 27 0 0 
87 470 60 0 0 
26 605 20 0 0 
49 341 54 0 0 
26 444 15 0 0 
32 467 34 0 0 
2 333 82 0 0 
17 507 56 0 0 
12 433 11 0 0 
10 622 8 0 0 
38 333 39 0 0 
2 328 60 0 0 
46 308 10 0 0 
63 505 23 0 0 
75 441 9 0 0 
8 437 36 0 0 
22 309 40 0 0 
18 403 77 0 0 
76 399 68 0 0 
58 438 33 0 0 
33 448 18 0 0 
55 378 10 0 0 
41 465 35 0 0 
25 373 39 0 0 
13 451 35 0 0 
9 387 88 0 0 
11 441 36 0 0 
62 405 68 0 0 
84 484 10 0 0 
31 486 26 0 0 
16 467 52 0 0 
84 289 28 0 0 
31 400 73 0 0 
3 517 27 0 0 
30 422 36 0 0 
20 443 6 0 0 
9 347 22 0 0 
27 394 63 0 0 
15 384 3 0 0 
21 391 60 0 0 
19 508 47 0 0 
5 487 14 0 0 
42 382 14 0 0 
9 373 54 0 0 
21 400 29 0 0 
7 552 10 0 0 
22 489 11 0 0 
69 253 48 0 0 
18 448 11 0 0 
36 357 39 0 0 
91 358 9 0 0 
26 439 7 0 0 
16 479 34 0 0 
25 440 41 0 0 
45 370 54 0 0 
4 532 9 0 0 
44 489 8 0 0 
13 394 71 0 0 
75 300 14 0 0 
45 390 16 0 0 
25 384 58 0 0 
18 390 15 0 0 
23 403 42 0 0 
5 470 39 0 0 
7 472 40 0 0 
44 526 19 0 0 
31 399 27 0 0 
28 487 9 0 0 
14 363 7 0 0 
33 431 67 0 0 
37 408 15 0 0 
53 355 72 0 0 
78 274 60 0 0 
24 454 7 0 0 
18 400 48 0 0 
29 431 45 0 0 
2 321 48 0 0 
17 327 28 0 0 
49 408 21 0 0 
25 409 21 0 0 
14 510 73 0 0 
50 335 31 0 0 
4 499 16 0 0 
39 427 24 0 0 
38 482 18 0 0 
67 439 23 0 0 
31 496 29 0 0 
51 505 28 0 0 
23 325 48 0 0 
22 422 2 0 0 
22 474 29 0 0 
41 312 50 0 0 
15 385 52 0 0 
3 401 15 0 0 
45 506 1 0 0 
38 467 14 0 0 
34 347 62 0 0 
13 435 86 0 0 
31 503 30 0 0 
51 356 75 0 0 
16 530 26 0 0 
31 535 44 0 0 
19 485 23 0 0 
25 436 19 0 0 
51 503 4 0 0 
28 442 27 0 0 
66 478 0 0 0 
0 457 24 0 0 
15 517 73 0 0 
6 405 76 0 0 
5 501 92 0 0 
68 403 42 0 0 
80 434 15 0 0 
29 495 16 0 0 
35 413 19 0 0 
32 298 47 0 0 
42 480 33 0 0 
4 383 22 0 0 
31 396 14 0 0 
31 456 48 0 0 
24 587 8 0 0 
16 507 47 0 0 
20 525 0 0 0 
60 385 28 0 0 
14 468 41 0 0 
41 499 46 0 0 
43 513 10 0 0 
42 398 63 0 0 
57 385 59 0 0 
47 340 65 0 0 
61 395 41 0 0 
26 512 0 0 0 
62 371 45 0 0 
110 337 25 0 0 
15 501 22 0 0 
16 439 18 0 0 
9 473 40 0 0 
14 388 60 0 0 
14 390 76 0 0 
44 437 27 0 0 
69 534 3 0 0 
57 372 19 0 0 
7 473 18 0 0 
20 473 11 0 0 
76 398 52 0 0 
46 457 23 0 0 
43 459 11 0 0 
50 410 67 0 0 
8 437 52 0 0 
33 558 44 0 0 
57 443 37 0 0 
45 512 8 0 0 
27 442 65 0 0 
54 439 30 0 0 
21 490 5 0 0 
3 487 10 0 0 
33 368 14 0 0 
42 495 12 0 0 
8 400 12 0 0 
29 533 11 0 0 
22 285 22 0 0 
18 416 75 0 0 
21 408 24 0 0 
8 555 10 0 0 
95 354 53 0 0 
3 397 34 0 0 
36 469 38 0 0 
30 321 8 0 0 
44 386 20 0 0 
20 449 45 0 0 
37 412 16 0 0 
50 371 52 0 0 
39 433 8 0 0 
18 416 15 0 0 
37 355 23 0 0 
20 493 42 0 0 
45 479 50 0 0 
12 369 23 0 0 
50 371 23 0 0 
61 488 8 0 0 
22 460 4 0 0 
31 484 18 0 0 
48 403 40 0 0 
28 446 17 0 0 
92 412 9 0 0 
76 474 21 0 0 
96 408 3 0 0 
46 508 26 0 0 
12 472 26 0 0 
21 461 56 0 0 
9 440 51 0 0 
73 330 60 0 0 
38 404 27 0 0 
18 437 39 0 0 
60 397 5 0 0 
13 426 12 0 0 
20 357 21 0 0 
9 456 61 0 0 
25 391 8 0 0 
49 404 20 0 0 
13 364 68 0 0 
8 450 26 0 0 
21 417 40 0 0 
14 395 26 0 0 
43 407 50 0 0 
7 461 44 0 0 
0 333 37 0 0 
25 489 6 0 0 
16 500 11 0 0 
97 393 5 0 0 
34 439 4 0 0 
75 455 9 0 0 
7 397 56 0 0 
56 364 40 0 0 
37 398 5 0 0 
84 386 3 0 0 
35 435 45 0 0 
57 360 12 0 0 
23 406 48 0 0 
33 303 41 0 0 
21 464 0 0 0 
17 524 27 0 0 
49 339 118 0 0 
51 398 20 0 0 
24 393 13 0 0 
35 455 45 0 0 
61 426 15 0 0 
0 479 5 0 0 
77 431 9 0 0 
67 354 23 0 0 
38 429 18 0 0 
26 360 53 0 0 
12 448 31 0 0 
50 411 8 0 0 
9 498 7 0 0 
81 387 77 0 0 
53 318 39 0 0 
11 461 37 0 0 
37 472 57 0 0 
5 548 46 0 0 
67 306 36 0 0 
31 552 2 0 0 
41 507 28 0 0 
24 339 31 0 0 
20 496 31 0 0 
63 415 33 0 0 
6 471 55 0 0 
25 418 18 0 0 
49 394 30 0 0 
51 475 25 0 0 
49 377 17 0 0 
45 518 71 0 0 
7 443 28 0 0 
0 431 11 0 0 
1 407 12 0 0 
1 475 50 0 0 
8 509 43 0 0 
48 395 17 0 0 
3 499 30 0 0 
1 540 27 0 0 
30 303 54 0 0 
35 434 6 0 0 
29 459 40 0 0 
29 477 30 0 0 
37 513 30 0 0 
67 389 15 0 0 
34 396 67 0 0 
4 391 6 0 0 
24 509 5 0 0 
38 419 3 0 0 
78 450 17 0 0 
60 326 8 0 0 
26 488 3 0 0 
31 486 2 0 0 
74 357 6 0 0 
27 427 29 0 0 
23 517 0 0 0 
61 435 46 0 0 
19 383 67 0 0 
73 416 40 0 0 
37 369 15 0 0 
55 460 12 0 0 
79 370 32 0 0 
87 463 14 0 0 
54 348 100 0 0 
7 512 14 0 0 
72 392 22 0 0 
26 455 32 0 0 
30 372 80 0 0 
2 424 35 0 0 
5 506 25 0 0 
31 556 12 0 0 
38 416 15 0 0 
59 415 6 0 0 
76 423 61 0 0 
41 525 24 0 0 
36 540 35 0 0 
5 470 26 0 0 
71 321 19 0 0 
14 529 6 0 0 
27 567 21 0 0 
126 375 47 0 0 
3 404 72 0 0 
91 278 22 0 0 
18 382 122 0 0 
22 408 84 0 0 
51 425 17 0 0 
19 401 9 0 0 
25 392 72 0 0 
40 369 53 0 0 
51 461 25 0 0 
82 423 16 0 0 
4 537 32 0 0 
11 331 35 0 0 
22 431 45 0 0 
26 457 24 0 0 
51 378 55 0 0 
37 476 12 0 0 
28 464 52 0 0 
35 512 14 0 0 
31 445 33 0 0 
89 408 14 0 0 
39 343 27 0 0 
45 408 34 0 0 
39 426 34 0 0 
28 372 67 0 0 
10 360 66 26 0 
33 345 30 18 0 
85 439 19 0 0 
19 358 9 0 0 
12 421 41 0 0 
24 502 14 0 0 
89 397 9 0 0 
35 523 9 0 0 
69 343 35 0 0 
48 380 39 0 0 
8 578 36 0 0 
72 351 52 0 0 
50 507 0 0 0 
32 355 37 0 0 
37 399 31 0 0 
12 457 45 0 0 
46 398 47 0 0 
52 594 43 0 0 
40 417 30 0 0 
32 562 0 0 0 
44 366 15 0 0 
22 504 4 0 0 
50 368 9 0 0 
38 438 2 0 0 
9 429 40 0 0 
12 460 20 0 0 
33 379 3 0 0 
9 487 11 0 0 
49 345 48 0 0 
85 386 34 0 0 
21 457 14 0 0 
73 275 61 0 0 
16 487 10 0 0 
20 488 38 0 0 
39 453 19 0 0 
34 464 20 0 0 
6 444 25 0 0 
34 317 64 0 0 
51 494 23 0 0 
17 448 16 0 0 
19 517 24 0 0 
10 483 10 0 0 
28 432 8 0 0 
54 429 28 0 0 
76 459 15 0 0 
49 352 43 0 0 
26 423 51 0 0 
3 480 61 0 0 
74 376 20 0 0 
66 386 16 0 0 
16 464 24 0 0 
9 441 3 0 0 
18 254 117 0 0 
31 426 37 0 0 
29 425 22 0 0 
25 503 49 0 0 
55 268 54 0 0 
5 483 32 0 0 
42 405 51 0 0 
44 422 53 0 0 
13 482 20 0 0 
36 441 7 0 0 
57 397 48 0 0 
21 412 5 0 0 
30 425 49 0 0 
21 423 66 0 0 
26 440 42 0 0 
27 528 3 0 0 
26 394 13 0 0 
71 357 50 0 0 
30 340 57 0 0 
68 419 0 0 0 
35 386 79 0 0 
37 327 82 0 0 
11 401 32 0 0 
97 282 4 0 0 
14 459 18 0 0 
39 318 16 0 0 
46 512 28 0 0 
4 509 16 0 0 
36 452 10 0 0 
73 482 29 0 0 
16 499 40 0 0 
22 455 12 0 0 
78 386 36 0 0 
11 519 49 0 0 
7 534 8 0 0 
17 349 91 0 0 
64 393 19 0 0 
19 498 42 0 0 
42 420 45 0 0 
12 521 67 0 0 
53 468 93 0 0 
12 462 38 0 0 
21 463 27 0 0 
9 436 32 0 0 
9 595 12 0 0 
17 532 56 0 0 
67 416 21 0 0 
48 410 26 0 0 
36 417 59 0 0 
49 456 38 0 0 
82 337 43 0 0 
14 479 19 0 0 
6 388 46 0 0 
75 476 11 0 0 
122 367 38 0 0 
16 427 68 0 0 
59 465 13 0 0 
28 383 46 0 0 
46 374 44 0 0 
101 500 63 0 0 
43 429 26 0 0 
73 395 36 0 0 
34 454 57 0 0 
2 445 4 0 0 
32 516 31 0 0 
7 479 11 0 0 
3 458 35 0 0 
4 426 29 0 0 
10 633 16 0 0 
19 519 20 0 0 
28 346 72 0 0 
86 389 21 0 0 
38 441 2 0 0 
48 572 4 0 0 
38 392 52 0 0 
1 538 5 0 0 
24 383 43 0 0 
23 485 55 0 0 
77 470 9 0 0 
10 477 1 0 0 
53 290 70 0 0 
118 483 6 0 0 
48 342 54 0 0 
14 388 4 0 0 
58 463 32 0 0 
15 410 22 0 0 
21 579 10 0 0 
40 465 18 0 0 
16 531 24 0 0 
85 476 33 0 0 
34 417 8 0 0 
18 578 29 0 0 
88 308 53 0 0 
45 463 31 0 0 
63 399 11 0 0 
50 398 33 0 0 
15 439 14 0 0 
50 478 7 0 0 
56 403 50 0 0 
61 392 6 0 0 
24 467 32 0 0 
5 473 8 0 0 
19 447 51 0 0 
11 576 19 0 0 
1 458 29 0 0 
46 383 5 0 0 
27 466 36 0 0 
29 343 25 0 0 
54 367 108 0 0 
65 567 0 0 0 
66 405 45 0 0 
14 412 32 0 0 
16 474 75 0 0 
35 471 52 0 0 
24 375 43 0 0 
16 460 13 0 0 
23 370 21 0 0 
104 383 25 0 0 
45 442 12 0 0 
13 528 29 0 0 
47 447 27 0 0 
68 385 55 0 0 
76 438 5 0 0 
21 378 26 0 0 
49 409 30 0 0 
0 436 11 0 0 
26 564 13 0 0 
9 558 11 0 0 
22 412 15 0 0 
27 446 5 0 0 
41 554 23 0 0 
40 402 0 0 0 
44 443 42 0 0 
41 488 17 0 0 
79 404 3 0 0 
56 460 35 0 0 
65 413 29 0 0 
15 562 49 0 0 
55 406 50 0 0 
1 518 5 0 0 
34 469 0 0 0 
59 343 43 0 0 
24 459 18 0 0 
12 455 3 0 0 
81 437 9 0 0 
4 470 16 0 0 
0 524 42 0 0 
2 539 26 0 0 
20 541 12 0 0 
22 419 12 0 0 
37 529 46 0 0 
10 453 5 0 0 
32 399 62 0 0 
21 527 20 0 0 
48 482 16 0 0 
43 428 56 0 0 
30 390 39 0 0 
24 486 55 0 0 
27 408 29 0 0 
54 435 58 0 0 
20 415 4 0 0 
37 401 42 0 0 
23 362 13 0 0 
37 362 131 0 0 
16 363 62 0 0 
0 562 18 0 0 
88 417 10 0 0 
29 491 39 0 0 
7 356 64 0 0 
11 488 20 0 0 
15 391 21 0 0 
59 566 2 0 0 
32 383 58 0 0 
5 525 10 0 0 
2 535 47 0 0 
19 479 4 0 0 
14 446 2 0 0 
71 473 7 0 0 
6 433 14 0 0 
1 459 51 0 0 
19 370 55 0 0 
13 563 16 0 0 
67 443 30 0 0 
20 596 10 0 0 
49 358 83 0 0 
39 440 54 0 0 
80 418 34 0 0 
53 495 5 0 0 
10 470 6 0 0 
43 480 48 0 0 
5 525 20 0 0 
5 435 25 0 0 
36 298 41 0 0 
