35 600 0 0 0 
0 626 0 0 0 
9 639 0 0 0 
0 712 0 0 0 
0 595 0 0 0 
0 634 0 0 0 
0 607 0 0 0 
3 565 0 0 0 
0 671 0 0 0 
0 662 7 0 0 
0 659 0 0 0 
0 607 0 0 0 
20 557 0 0 0 
0 644 0 0 0 
0 564 0 0 0 
0 627 0 0 0 
0 625 0 0 0 
0 594 0 0 0 
0 660 0 0 0 
6 623 0 0 0 
0 549 1 0 0 
6 682 0 0 0 
0 619 0 0 0 
0 698 0 0 0 
0 552 19 0 0 
5 662 0 0 0 
0 564 0 0 0 
0 604 1 0 0 
0 613 0 0 0 
0 619 0 0 0 
0 704 0 0 0 
0 657 0 0 0 
0 630 0 0 0 
0 652 0 0 0 
1 582 0 0 0 
0 603 1 0 0 
0 689 0 0 0 
0 597 0 0 0 
3 579 2 0 0 
0 505 0 0 0 
7 618 0 0 0 
0 626 0 0 0 
1 698 0 0 0 
0 584 0 0 0 
0 608 10 0 0 
0 634 0 0 0 
1 581 2 0 0 
0 612 0 0 0 
0 602 0 0 0 
0 619 0 0 0 
0 570 11 0 0 
0 721 0 0 0 
0 628 0 0 0 
0 589 0 0 0 
0 626 0 0 0 
0 624 0 0 0 
0 609 1 0 0 
0 580 0 0 0 
0 618 0 0 0 
0 598 0 0 0 
6 628 0 0 0 
9 598 1 0 0 
0 626 0 0 0 
0 626 0 0 0 
0 603 0 0 0 
4 703 0 0 0 
0 695 3 0 0 
0 643 0 0 0 
0 629 0 0 0 
0 654 0 0 0 
4 617 0 0 0 
0 665 0 0 0 
0 672 0 0 0 
0 606 0 0 0 
0 689 0 0 0 
0 667 0 0 0 
1 557 0 0 0 
19 667 0 0 0 
0 670 1 0 0 
0 547 0 0 0 
0 626 0 0 0 
0 550 0 0 0 
3 649 0 0 0 
2 657 11 0 0 
0 602 4 0 0 
0 598 0 0 0 
0 552 0 0 0 
0 604 2 0 0 
0 661 0 0 0 
0 651 0 0 0 
1 645 0 0 0 
0 614 0 0 0 
0 629 0 0 0 
0 609 0 0 0 
11 602 0 0 0 
23 556 0 0 0 
0 618 0 0 0 
4 639 3 0 0 
0 608 25 0 0 
0 628 0 0 0 
6 625 12 0 0 
0 656 0 0 0 
0 633 0 0 0 
0 597 0 0 0 
0 673 0 0 0 
0 602 0 0 0 
0 704 0 0 0 
0 592 0 0 0 
0 650 0 0 0 
0 630 0 0 0 
0 680 0 0 0 
0 601 3 0 0 
0 553 0 0 0 
0 683 0 0 0 
0 707 0 0 0 
0 640 0 0 0 
0 682 0 0 0 
0 626 0 0 0 
0 543 0 0 0 
0 617 0 0 0 
0 625 0 0 0 
0 665 0 0 0 
0 608 0 0 0 
7 668 0 0 0 
0 545 0 0 0 
1 651 0 0 0 
15 650 0 0 0 
0 645 0 0 0 
1 535 7 0 0 
0 611 0 0 0 
0 644 0 0 0 
0 627 0 0 0 
0 614 0 0 0 
0 601 33 0 0 
0 600 0 0 0 
16 611 0 0 0 
0 656 0 0 0 
0 602 0 0 0 
0 590 0 0 0 
0 647 0 0 0 
0 662 6 0 0 
0 589 0 0 0 
1 577 1 0 0 
19 610 0 0 0 
0 646 0 0 0 
0 588 0 0 0 
0 681 0 0 0 
0 625 0 0 0 
9 627 0 0 0 
0 622 0 0 0 
0 609 0 0 0 
0 669 0 0 0 
0 637 8 0 0 
0 677 0 0 0 
0 667 0 0 0 
0 635 0 0 0 
0 680 0 0 0 
0 690 0 0 0 
0 601 0 0 0 
0 587 9 0 0 
0 496 9 0 0 
0 642 0 0 0 
0 652 0 0 0 
0 627 0 0 0 
1 692 0 0 0 
0 719 0 0 0 
0 617 0 0 0 
0 605 0 0 0 
24 577 0 0 0 
0 702 0 0 0 
0 611 0 0 0 
0 593 0 0 0 
0 736 0 0 0 
0 652 0 0 0 
0 620 0 0 0 
32 615 0 0 0 
5 613 9 0 0 
0 709 0 0 0 
0 569 9 0 0 
12 601 0 0 0 
0 687 0 0 0 
0 591 1 0 0 
0 631 1 0 0 
0 591 0 0 0 
0 638 0 0 0 
0 541 0 0 0 
0 626 0 0 0 
1 638 0 0 0 
11 653 0 0 0 
0 615 0 0 0 
0 597 0 0 0 
3 654 1 0 0 
0 588 0 0 0 
0 624 0 0 0 
0 622 6 0 0 
0 606 0 0 0 
0 612 0 0 0 
0 663 0 0 0 
0 647 0 0 0 
10 621 0 0 0 
0 524 9 0 0 
0 693 0 0 0 
0 634 0 0 0 
0 621 0 0 0 
2 649 0 0 0 
0 664 0 0 0 
0 599 0 0 0 
0 691 0 0 0 
0 615 3 0 0 
0 625 0 0 0 
0 623 0 0 0 
0 633 0 0 0 
0 706 0 0 0 
0 620 0 0 0 
0 624 0 0 0 
0 614 0 0 0 
0 580 9 0 0 
0 604 2 0 0 
0 652 0 0 0 
0 618 0 0 0 
0 634 0 0 0 
0 601 0 0 0 
0 650 0 0 0 
0 657 0 0 0 
0 632 0 0 0 
0 631 0 0 0 
0 652 0 0 0 
0 682 0 0 0 
0 635 0 0 0 
0 612 0 0 0 
1 548 18 0 0 
3 664 0 0 0 
0 657 5 0 0 
0 645 0 0 0 
0 661 0 0 0 
0 679 0 0 0 
2 648 0 0 0 
0 648 0 0 0 
0 588 1 0 0 
0 651 0 0 0 
0 583 1 0 0 
0 654 0 0 0 
10 481 22 0 0 
3 710 0 0 0 
0 665 0 0 0 
0 648 0 0 0 
0 644 0 0 0 
3 610 0 0 0 
0 685 0 0 0 
0 730 0 0 0 
0 643 1 0 0 
0 615 11 0 0 
0 655 0 0 0 
0 541 0 0 0 
0 665 0 0 0 
0 667 1 0 0 
0 687 0 0 0 
0 644 26 0 0 
0 665 0 0 0 
0 709 0 0 0 
0 695 0 0 0 
0 639 5 0 0 
1 557 10 0 0 
0 672 3 0 0 
0 683 1 0 0 
0 506 0 0 0 
0 658 0 0 0 
0 499 0 0 0 
0 674 0 0 0 
0 620 0 0 0 
0 663 0 0 0 
0 611 0 0 0 
0 620 0 0 0 
0 664 0 0 0 
0 571 0 0 0 
0 639 0 0 0 
0 645 1 0 0 
0 626 0 0 0 
0 662 0 0 0 
0 662 0 0 0 
0 627 0 0 0 
37 547 8 0 0 
0 682 0 0 0 
0 676 0 0 0 
0 625 0 0 0 
0 576 0 0 0 
0 523 0 0 0 
0 675 0 0 0 
0 696 0 0 0 
0 599 0 0 0 
0 672 0 0 0 
0 584 0 0 0 
0 671 0 0 0 
0 589 0 0 0 
0 601 0 0 0 
0 662 0 0 0 
0 624 0 0 0 
14 625 9 0 0 
0 664 0 0 0 
6 650 0 0 0 
0 611 0 0 0 
0 550 19 0 0 
1 592 7 0 0 
0 602 0 0 0 
0 588 0 0 0 
0 674 0 0 0 
1 590 16 0 0 
0 655 0 0 0 
0 594 0 0 0 
0 573 0 0 0 
0 592 0 0 0 
1 682 0 0 0 
9 564 0 0 0 
0 664 0 0 0 
0 615 5 0 0 
2 614 0 0 0 
0 634 0 0 0 
0 596 2 0 0 
0 661 0 0 0 
0 557 17 0 0 
0 570 0 0 0 
0 694 0 0 0 
0 629 0 0 0 
0 592 0 0 0 
0 644 0 0 0 
6 489 23 0 0 
0 655 0 0 0 
0 620 0 0 0 
0 629 0 0 0 
1 661 0 0 0 
10 632 0 0 0 
0 651 0 0 0 
0 606 28 0 0 
32 589 11 0 0 
10 638 0 0 0 
0 608 0 0 0 
0 653 0 0 0 
0 711 0 0 0 
0 677 0 0 0 
1 508 0 0 0 
0 658 0 0 0 
0 705 0 0 0 
1 676 0 0 0 
0 632 0 0 0 
0 653 1 0 0 
0 657 0 0 0 
0 651 0 0 0 
0 649 0 0 0 
0 560 0 0 0 
0 685 0 0 0 
2 676 0 0 0 
0 662 0 0 0 
0 608 0 0 0 
1 685 0 0 0 
0 603 0 0 0 
0 602 2 0 0 
0 598 4 0 0 
0 587 4 0 0 
1 594 0 0 0 
23 535 0 0 0 
0 655 0 0 0 
8 567 0 0 0 
0 631 0 0 0 
0 582 0 0 0 
0 584 0 0 0 
0 608 5 0 0 
0 662 0 0 0 
0 622 0 0 0 
0 591 0 0 0 
0 636 0 0 0 
0 692 0 0 0 
0 632 0 0 0 
0 563 0 0 0 
0 584 0 0 0 
0 698 0 0 0 
0 630 0 0 0 
0 700 0 0 0 
0 655 0 0 0 
0 614 0 0 0 
0 655 0 0 0 
23 595 0 0 0 
0 688 0 0 0 
0 714 0 0 0 
8 621 0 0 0 
0 590 0 0 0 
0 584 0 0 0 
0 662 19 0 0 
0 564 0 0 0 
5 631 14 0 0 
0 677 0 0 0 
2 681 0 0 0 
0 599 0 0 0 
0 659 0 0 0 
0 598 0 0 0 
0 631 13 0 0 
6 638 0 0 0 
40 605 0 0 0 
0 623 0 0 0 
0 599 0 0 0 
0 620 1 0 0 
3 641 2 0 0 
0 652 11 0 0 
0 610 0 0 0 
1 641 0 0 0 
0 533 0 0 0 
14 640 0 0 0 
0 652 0 0 0 
1 548 4 0 0 
0 596 0 0 0 
0 616 0 0 0 
0 575 0 0 0 
0 666 9 0 0 
0 636 0 0 0 
0 643 0 0 0 
0 574 5 0 0 
0 681 0 0 0 
0 575 0 0 0 
0 624 0 0 0 
0 636 0 0 0 
0 606 0 0 0 
0 663 0 0 0 
0 622 0 0 0 
0 640 0 0 0 
0 645 0 0 0 
0 634 22 0 0 
10 535 0 0 0 
0 686 0 0 0 
0 614 0 0 0 
0 677 0 0 0 
0 665 0 0 0 
0 690 0 0 0 
0 658 0 0 0 
0 583 0 0 0 
0 596 0 0 0 
0 663 0 0 0 
0 575 0 0 0 
0 575 0 0 0 
0 606 0 0 0 
10 605 6 0 0 
0 644 0 0 0 
0 678 0 0 0 
12 644 0 0 0 
0 696 0 0 0 
0 606 0 0 0 
26 596 0 0 0 
0 625 0 0 0 
0 651 0 0 0 
13 636 0 0 0 
0 652 8 0 0 
0 498 1 0 0 
0 626 0 0 0 
0 670 8 0 0 
0 528 14 0 0 
0 640 0 0 0 
0 666 0 0 0 
0 681 0 0 0 
0 613 0 0 0 
0 645 0 0 0 
0 608 2 0 0 
0 735 0 0 0 
30 613 0 0 0 
0 627 0 0 0 
0 598 17 0 0 
0 695 0 0 0 
0 657 0 0 0 
0 628 0 0 0 
0 623 0 0 0 
0 589 0 0 0 
0 663 0 0 0 
0 610 0 0 0 
0 611 0 0 0 
0 655 0 0 0 
0 656 0 0 0 
0 524 22 0 0 
0 572 4 0 0 
0 626 4 0 0 
0 612 0 0 0 
0 691 7 0 0 
0 573 0 0 0 
0 615 0 0 0 
0 604 4 0 0 
0 573 0 0 0 
0 639 0 0 0 
4 599 1 0 0 
0 572 0 0 0 
0 591 0 0 0 
0 648 0 0 0 
0 598 0 0 0 
0 648 0 0 0 
4 535 0 0 0 
0 655 1 0 0 
13 624 0 0 0 
0 675 0 0 0 
0 612 0 0 0 
0 608 0 0 0 
0 531 0 0 0 
0 623 0 0 0 
1 668 0 0 0 
0 634 0 0 0 
3 526 15 0 0 
0 671 0 0 0 
0 705 16 0 0 
0 634 0 0 0 
0 536 15 0 0 
0 560 0 0 0 
0 665 0 0 0 
0 600 0 0 0 
0 614 0 0 0 
14 623 0 0 0 
0 580 0 0 0 
0 620 5 0 0 
7 670 0 0 0 
0 597 1 0 0 
0 674 0 0 0 
0 606 0 0 0 
0 649 0 0 0 
10 560 0 0 0 
0 667 0 0 0 
0 671 0 0 0 
0 652 0 0 0 
0 600 0 0 0 
18 613 0 0 0 
0 687 0 0 0 
0 614 10 0 0 
1 645 0 0 0 
0 688 3 0 0 
0 683 0 0 0 
6 657 0 0 0 
0 614 0 0 0 
10 612 0 0 0 
5 626 24 0 0 
4 653 0 0 0 
2 691 0 0 0 
5 658 0 0 0 
0 629 0 0 0 
0 579 0 0 0 
0 517 1 0 0 
0 629 0 0 0 
0 604 0 0 0 
3 573 0 0 0 
3 655 0 0 0 
0 594 0 0 0 
0 629 0 0 0 
4 613 4 0 0 
1 688 0 0 0 
0 585 0 0 0 
0 647 0 0 0 
0 656 0 0 0 
2 608 0 0 0 
0 647 0 0 0 
0 584 0 0 0 
0 587 0 0 0 
0 631 0 0 0 
0 691 0 0 0 
2 652 0 0 0 
0 655 0 0 0 
0 695 0 0 0 
4 590 0 0 0 
0 674 16 0 0 
0 660 0 0 0 
0 622 0 0 0 
0 572 0 0 0 
13 623 0 0 0 
14 598 0 0 0 
0 615 0 0 0 
0 632 0 0 0 
0 686 0 0 0 
10 571 0 0 0 
0 557 43 0 0 
0 723 0 0 0 
44 508 0 0 0 
0 588 1 0 0 
0 660 0 0 0 
0 583 7 0 0 
0 599 2 0 0 
0 668 6 0 0 
0 533 1 0 0 
0 588 72 0 0 
0 612 0 0 0 
0 664 0 0 0 
0 648 6 0 0 
5 684 0 0 0 
0 593 21 0 0 
4 603 1 0 0 
0 608 0 0 0 
0 586 0 0 0 
0 624 1 0 0 
9 625 0 0 0 
0 555 6 0 0 
0 642 26 0 0 
0 669 2 0 0 
0 556 0 0 0 
0 627 3 0 0 
0 657 0 0 0 
1 619 0 0 0 
0 588 0 0 0 
0 708 0 0 0 
0 683 0 0 0 
0 684 0 0 0 
0 733 6 0 0 
0 682 4 0 0 
0 588 19 0 0 
0 655 0 0 0 
0 687 0 0 0 
2 658 0 0 0 
0 599 0 0 0 
0 647 0 0 0 
0 570 0 0 0 
2 594 9 0 0 
0 629 0 0 0 
0 609 0 0 0 
0 643 0 0 0 
0 632 0 0 0 
0 591 0 0 0 
0 643 0 0 0 
0 634 0 0 0 
0 602 6 0 0 
0 640 0 0 0 
0 657 0 0 0 
9 627 0 0 0 
0 662 0 0 0 
3 546 38 0 0 
0 569 9 0 0 
0 628 1 0 0 
0 632 0 0 0 
0 632 0 0 0 
0 647 0 0 0 
0 666 0 0 0 
0 652 0 0 0 
8 620 0 0 0 
0 655 0 0 0 
8 625 0 0 0 
0 583 0 0 0 
0 704 0 0 0 
19 571 0 0 0 
0 702 0 0 0 
0 690 0 0 0 
0 592 16 0 0 
0 614 0 0 0 
0 652 0 0 0 
0 628 1 0 0 
2 668 0 0 0 
0 713 7 0 0 
0 598 0 0 0 
8 615 26 0 0 
0 626 0 0 0 
0 725 0 0 0 
30 649 0 0 0 
0 529 0 0 0 
0 575 0 0 0 
0 654 0 0 0 
0 636 0 0 0 
0 520 0 0 0 
0 626 0 0 0 
0 593 0 0 0 
0 641 0 0 0 
0 535 0 0 0 
0 621 0 0 0 
0 679 0 0 0 
2 561 3 0 0 
11 570 1 0 0 
0 671 0 0 0 
0 549 0 0 0 
0 629 0 0 0 
0 592 0 0 0 
0 647 0 0 0 
0 539 0 0 0 
4 525 0 0 0 
0 635 17 0 0 
0 599 0 0 0 
1 656 0 0 0 
0 564 3 0 0 
0 645 0 0 0 
0 649 14 0 0 
0 660 0 0 0 
0 657 0 0 0 
0 631 0 0 0 
0 587 0 0 0 
0 656 0 0 0 
0 631 0 0 0 
0 675 0 0 0 
0 708 0 0 0 
0 639 0 0 0 
0 671 0 0 0 
0 633 0 0 0 
0 603 8 0 0 
0 630 23 0 0 
0 508 0 0 0 
6 703 0 0 0 
0 680 0 0 0 
8 593 0 0 0 
0 638 4 0 0 
0 685 0 0 0 
0 672 0 0 0 
0 612 0 0 0 
0 530 0 0 0 
0 600 1 0 0 
0 547 0 0 0 
4 619 0 0 0 
0 626 0 0 0 
0 611 0 0 0 
0 595 0 0 0 
0 580 0 0 0 
0 699 0 0 0 
0 624 0 0 0 
0 630 0 0 0 
0 597 0 0 0 
0 744 6 0 0 
0 605 0 0 0 
0 586 0 0 0 
20 551 0 0 0 
0 657 0 0 0 
0 545 0 0 0 
0 589 9 0 0 
0 752 0 0 0 
0 628 0 0 0 
0 662 4 0 0 
0 707 0 0 0 
0 641 0 0 0 
12 595 0 0 0 
0 662 0 0 0 
0 711 0 0 0 
1 567 0 0 0 
15 540 1 0 0 
0 625 0 0 0 
0 630 0 0 0 
0 624 0 0 0 
0 705 0 0 0 
0 706 0 0 0 
0 581 0 0 0 
0 546 0 0 0 
7 623 0 0 0 
0 587 0 0 0 
0 682 0 0 0 
0 572 0 0 0 
5 621 0 0 0 
0 669 0 0 0 
54 608 1 0 0 
0 698 0 0 0 
0 565 12 0 0 
0 589 0 0 0 
0 625 2 0 0 
0 628 0 0 0 
0 553 1 0 0 
0 644 0 0 0 
0 536 0 0 0 
0 703 0 0 0 
0 650 0 0 0 
0 638 0 0 0 
0 668 0 0 0 
0 577 0 0 0 
0 634 0 0 0 
0 626 3 0 0 
0 656 0 0 0 
1 575 0 0 0 
0 591 0 0 0 
0 636 0 0 0 
0 717 0 0 0 
0 610 0 0 0 
0 625 0 0 0 
0 638 0 0 0 
0 629 0 0 0 
0 564 0 0 0 
0 588 1 0 0 
0 600 1 0 0 
0 576 3 0 0 
0 538 0 0 0 
0 570 22 0 0 
0 757 0 0 0 
0 630 4 0 0 
0 584 0 0 0 
1 587 0 0 0 
0 645 5 0 0 
0 642 0 0 0 
32 651 0 0 0 
0 562 3 0 0 
15 614 5 0 0 
0 597 7 0 0 
0 670 0 0 0 
0 645 5 0 0 
0 648 0 0 0 
0 648 0 0 0 
0 637 0 0 0 
0 570 0 0 0 
1 659 0 0 0 
0 598 0 0 0 
0 620 0 0 0 
0 603 0 0 0 
9 662 0 0 0 
0 589 11 0 0 
0 592 14 0 0 
24 663 0 0 0 
15 625 0 0 0 
15 583 0 0 0 
0 578 0 0 0 
0 610 0 0 0 
0 547 1 0 0 
0 609 3 0 0 
0 589 0 0 0 
0 622 0 0 0 
0 607 1 0 0 
0 633 1 0 0 
0 573 0 0 0 
0 610 0 0 0 
2 628 0 0 0 
0 634 0 0 0 
0 625 0 0 0 
0 622 0 0 0 
18 602 0 0 0 
0 665 0 0 0 
0 647 0 0 0 
0 581 0 0 0 
2 647 0 0 0 
0 631 0 0 0 
0 680 0 0 0 
0 662 0 0 0 
0 671 0 0 0 
0 699 0 0 0 
0 609 2 0 0 
0 616 45 0 0 
5 652 0 0 0 
0 679 0 0 0 
0 547 0 0 0 
8 617 0 0 0 
0 713 0 0 0 
0 688 0 0 0 
0 507 0 0 0 
0 663 0 0 0 
0 608 1 0 0 
0 512 0 0 0 
0 570 0 0 0 
0 523 17 0 0 
0 573 14 0 0 
3 612 3 0 0 
0 654 0 0 0 
0 572 6 0 0 
0 626 0 0 0 
9 681 0 0 0 
22 577 0 0 0 
0 590 0 0 0 
0 643 0 0 0 
0 625 29 0 0 
0 676 0 0 0 
0 575 5 0 0 
0 656 1 0 0 
21 622 14 0 0 
0 610 0 0 0 
0 584 0 0 0 
0 678 0 0 0 
0 602 0 0 0 
0 648 18 0 0 
0 614 63 0 0 
0 626 0 0 0 
0 655 13 0 0 
0 620 0 0 0 
7 640 0 0 0 
0 652 0 0 0 
1 618 0 0 0 
0 658 11 0 0 
0 591 0 0 0 
0 560 0 0 0 
0 591 14 0 0 
0 676 0 0 0 
0 591 11 0 0 
0 681 1 0 0 
0 632 0 0 0 
0 642 6 0 0 
1 578 1 0 0 
0 574 1 0 0 
0 636 0 0 0 
0 646 0 0 0 
5 632 2 0 0 
0 655 0 0 0 
0 733 0 0 0 
0 610 10 0 0 
0 672 0 0 0 
0 561 0 0 0 
7 619 0 0 0 
15 577 0 0 0 
0 698 0 0 0 
0 720 0 0 0 
0 671 4 0 0 
3 673 0 0 0 
2 586 0 0 0 
0 646 0 0 0 
0 578 22 0 0 
1 639 0 0 0 
0 661 0 0 0 
0 612 6 0 0 
0 581 0 0 0 
0 685 0 0 0 
1 551 0 0 0 
0 678 0 0 0 
0 633 0 0 0 
0 656 0 0 0 
0 612 0 0 0 
0 610 0 0 0 
0 689 0 0 0 
0 624 0 0 0 
0 639 0 0 0 
0 613 8 0 0 
0 592 0 0 0 
0 653 6 0 0 
0 624 0 0 0 
0 603 0 0 0 
0 581 0 0 0 
7 613 0 0 0 
0 618 0 0 0 
0 577 0 0 0 
0 651 0 0 0 
0 683 0 0 0 
0 654 0 0 0 
2 603 0 0 0 
9 643 0 0 0 
0 688 0 0 0 
0 693 0 0 0 
0 635 0 0 0 
0 594 0 0 0 
0 511 0 0 0 
0 667 0 0 0 
0 643 0 0 0 
0 671 0 0 0 
0 641 0 0 0 
0 694 0 0 0 
0 612 0 0 0 
0 623 2 0 0 
0 638 0 0 0 
0 568 0 0 0 
0 650 0 0 0 
0 726 0 0 0 
0 622 0 0 0 
0 668 0 0 0 
0 628 0 0 0 
0 599 14 0 0 
0 639 0 0 0 
11 631 0 0 0 
0 553 0 0 0 
0 575 9 0 0 
0 625 1 0 0 
0 640 0 0 0 
18 599 0 0 0 
0 593 0 0 0 
6 588 0 0 0 
0 619 0 0 0 
0 590 0 0 0 
0 591 0 0 0 
0 646 0 0 0 
0 634 0 0 0 
0 615 0 0 0 
0 639 0 0 0 
0 632 0 0 0 
0 672 0 0 0 
11 619 0 0 0 
0 617 0 0 0 
0 629 10 0 0 
0 616 0 0 0 
30 519 0 0 0 
0 683 0 0 0 
35 618 6 0 0 
2 605 0 0 0 
0 669 0 0 0 
5 645 0 0 0 
6 667 0 0 0 
0 683 0 0 0 
0 612 0 0 0 
0 680 0 0 0 
0 636 0 0 0 
0 611 0 0 0 
0 572 0 0 0 
0 571 0 0 0 
0 629 0 0 0 
0 671 2 0 0 
0 591 0 0 0 
0 687 0 0 0 
0 682 0 0 0 
0 666 0 0 0 
0 645 0 0 0 
0 643 0 0 0 
0 645 0 0 0 
0 497 0 0 0 
0 616 0 0 0 
0 675 0 0 0 
0 551 18 0 0 
0 648 0 0 0 
0 585 0 0 0 
0 567 0 0 0 
0 638 0 0 0 
0 640 0 0 0 
0 608 0 0 0 
0 649 0 0 0 
0 567 0 0 0 
0 609 0 0 0 
0 602 0 0 0 
0 652 0 0 0 
0 632 0 0 0 
0 645 0 0 0 
0 648 0 0 0 
0 642 7 0 0 
1 523 0 0 0 
0 579 0 0 0 
