0 88 26 
0 119 42 
0 92 33 
0 117 18 
0 127 113 
0 51 92 
0 180 12 
0 151 9 
0 92 16 
0 150 107 
0 111 82 
0 117 15 
0 123 22 
0 145 35 
0 113 22 
0 93 62 
0 123 89 
0 129 19 
0 111 18 
0 101 38 
0 103 56 
0 98 9 
0 133 48 
0 121 13 
0 140 8 
0 118 28 
0 91 27 
0 119 49 
0 94 41 
0 129 28 
0 131 12 
0 149 39 
0 102 54 
0 104 36 
0 96 18 
0 86 66 
0 189 11 
0 107 18 
0 110 43 
0 117 28 
0 100 20 
0 102 115 
0 147 55 
0 78 55 
0 130 21 
0 76 12 
0 115 21 
0 81 34 
0 151 38 
0 97 62 
0 88 35 
0 119 15 
0 86 120 
0 99 59 
0 86 30 
0 125 42 
0 99 46 
0 133 4 
0 103 40 
0 89 40 
0 79 22 
0 115 47 
0 120 31 
0 137 11 
0 120 30 
0 107 21 
0 89 9 
0 79 74 
0 135 61 
0 116 65 
0 151 20 
0 85 49 
0 144 62 
0 145 51 
0 130 44 
0 141 11 
0 121 49 
0 99 33 
0 84 30 
0 138 58 
0 113 44 
0 83 45 
0 170 48 
0 112 137 
0 95 43 
0 99 59 
0 145 39 
0 150 25 
0 104 14 
0 137 39 
0 143 71 
0 92 69 
0 135 39 
0 114 28 
0 93 57 
0 122 36 
0 156 31 
0 88 18 
0 135 40 
0 110 48 
0 87 35 
0 135 38 
0 110 27 
0 107 61 
0 106 66 
0 145 18 
0 137 115 
0 143 26 
0 102 42 
0 85 62 
0 88 42 
0 111 20 
0 96 42 
0 107 50 
0 86 38 
0 150 66 
0 81 6 
0 90 21 
0 142 24 
0 89 14 
0 108 17 
0 64 18 
0 124 6 
0 112 46 
0 119 32 
0 144 24 
0 117 27 
0 156 15 
0 75 40 
0 111 23 
0 111 63 
0 77 17 
0 148 18 
0 94 14 
0 111 44 
0 94 65 
0 108 13 
0 74 31 
0 103 41 
0 73 26 
0 171 11 
0 98 56 
0 109 21 
0 113 14 
0 122 54 
0 116 31 
0 149 30 
0 115 33 
0 135 37 
0 111 27 
0 175 32 
0 134 46 
0 97 20 
0 88 9 
0 85 27 
0 105 74 
0 136 33 
0 139 36 
0 77 4 
0 141 28 
0 163 38 
0 67 28 
0 124 78 
0 41 60 
0 109 72 
0 141 18 
0 166 52 
0 149 95 
0 146 66 
0 213 52 
0 112 26 
0 97 51 
0 128 64 
0 128 9 
0 103 39 
0 90 37 
0 92 29 
0 88 19 
0 142 19 
0 92 26 
0 118 12 
0 139 10 
0 100 26 
0 91 21 
0 102 16 
0 70 41 
0 110 96 
0 108 37 
0 118 37 
0 110 26 
0 95 61 
0 107 15 
0 105 36 
0 100 24 
0 154 25 
0 135 51 
0 132 15 
0 115 19 
0 116 23 
0 102 51 
0 105 12 
0 112 27 
0 110 17 
0 141 4 
0 122 11 
0 94 13 
0 136 50 
0 73 58 
0 152 46 
0 126 32 
0 104 24 
0 109 21 
0 92 68 
0 102 36 
0 115 41 
0 114 26 
0 116 16 
0 120 66 
0 93 39 
0 116 12 
0 104 54 
0 114 75 
0 132 30 
0 130 28 
0 124 6 
0 128 19 
0 78 66 
0 85 51 
0 114 25 
0 92 16 
0 112 27 
0 168 75 
0 99 36 
0 131 22 
0 125 31 
0 92 17 
0 131 10 
0 115 60 
0 108 32 
0 139 68 
0 117 56 
0 111 10 
0 142 7 
0 162 55 
0 117 43 
0 77 31 
0 100 40 
0 131 82 
0 145 17 
0 95 13 
0 121 82 
0 126 17 
0 134 24 
0 86 81 
0 99 104 
0 91 37 
0 93 48 
0 108 34 
0 132 23 
0 117 43 
0 104 42 
0 90 61 
0 102 32 
0 136 17 
0 98 45 
0 76 60 
0 90 25 
0 109 39 
0 124 77 
0 72 11 
0 93 30 
0 132 28 
0 87 19 
0 102 52 
0 81 50 
0 102 21 
0 144 82 
0 67 42 
0 66 16 
0 103 15 
0 127 36 
0 100 42 
0 118 43 
0 93 36 
0 112 24 
0 120 72 
0 116 31 
0 83 44 
0 85 24 
0 129 37 
0 127 44 
0 97 52 
0 68 78 
0 133 112 
0 167 15 
0 103 26 
0 87 64 
0 130 27 
0 100 70 
0 109 82 
0 129 61 
0 89 30 
0 132 38 
0 134 49 
0 103 25 
0 188 12 
0 138 19 
0 99 24 
0 146 12 
0 106 70 
0 144 71 
0 116 35 
0 113 12 
0 84 28 
0 126 83 
0 150 33 
0 90 24 
0 129 35 
0 113 13 
0 131 41 
0 155 21 
0 105 43 
0 93 41 
0 91 27 
0 122 26 
0 147 22 
0 112 46 
0 119 31 
0 119 42 
0 116 88 
0 83 100 
0 104 1 
0 95 81 
0 127 33 
0 92 11 
0 98 52 
0 139 34 
0 139 17 
0 119 16 
0 119 9 
0 141 34 
0 109 54 
0 130 14 
0 100 13 
0 137 15 
0 127 10 
0 140 29 
0 81 19 
0 120 64 
0 110 72 
0 120 30 
0 116 27 
0 71 24 
0 101 39 
0 154 28 
0 86 31 
0 101 8 
0 113 14 
0 100 27 
0 133 21 
0 120 29 
0 126 23 
0 108 39 
0 142 29 
0 91 23 
0 244 30 
0 122 16 
0 120 25 
0 184 32 
0 133 22 
0 117 51 
0 63 19 
0 104 14 
0 179 13 
0 145 44 
0 70 18 
0 131 75 
0 75 16 
0 100 20 
0 133 27 
0 173 31 
0 140 17 
0 135 17 
0 132 27 
0 158 51 
0 89 17 
0 126 70 
0 124 16 
0 154 24 
0 128 49 
0 118 20 
0 78 43 
0 93 39 
0 117 41 
0 108 46 
0 159 31 
0 140 55 
0 118 11 
0 109 29 
0 87 68 
0 91 70 
0 145 29 
0 74 47 
0 106 15 
0 106 26 
0 91 40 
0 167 23 
0 81 49 
0 145 39 
0 91 48 
0 98 28 
0 121 51 
0 150 13 
0 65 29 
0 75 27 
0 132 66 
0 142 37 
0 148 26 
0 92 5 
0 96 40 
0 129 43 
0 127 22 
0 104 63 
0 132 9 
0 113 37 
0 82 4 
0 130 43 
0 140 17 
0 82 20 
0 100 44 
0 85 92 
0 144 47 
0 55 49 
0 98 28 
0 142 20 
0 121 9 
0 124 41 
0 119 74 
0 81 10 
0 103 40 
0 91 60 
0 128 15 
0 109 56 
0 132 24 
0 115 72 
0 158 49 
0 93 49 
0 152 45 
0 88 38 
0 144 24 
0 119 33 
0 96 74 
0 94 45 
0 87 22 
0 121 68 
0 108 14 
0 81 29 
0 120 55 
0 118 58 
0 142 30 
0 130 6 
0 95 44 
0 134 24 
0 130 27 
0 92 11 
0 116 18 
0 111 61 
0 109 8 
0 109 18 
0 100 43 
0 110 28 
0 163 28 
0 88 34 
0 152 20 
0 130 35 
0 135 40 
0 139 35 
0 129 62 
0 102 37 
0 96 19 
0 96 72 
0 122 13 
0 155 63 
0 123 18 
0 134 23 
0 126 82 
0 98 33 
0 94 38 
0 162 42 
0 129 43 
0 106 40 
0 117 87 
0 125 20 
0 175 26 
0 123 43 
0 147 29 
0 144 88 
0 107 27 
0 165 41 
0 129 75 
0 131 51 
0 131 43 
0 88 29 
0 103 66 
0 143 30 
0 105 2 
0 114 69 
0 153 16 
0 60 32 
0 128 31 
0 160 104 
0 206 47 
0 80 30 
0 125 24 
0 135 26 
0 92 38 
0 121 71 
0 72 59 
0 99 28 
0 128 9 
0 97 27 
0 125 32 
0 129 24 
0 120 9 
0 68 72 
0 105 43 
0 90 15 
0 121 26 
0 102 72 
0 82 23 
0 134 83 
0 110 28 
0 131 34 
0 84 45 
0 82 28 
0 132 15 
0 138 28 
0 102 2 
0 136 80 
0 145 17 
0 91 15 
0 82 52 
0 96 52 
0 114 79 
0 117 60 
0 112 29 
0 116 23 
0 128 20 
0 98 65 
0 102 22 
0 137 16 
0 121 45 
0 100 48 
0 86 63 
0 116 25 
0 120 17 
0 115 14 
0 141 0 
0 99 24 
0 138 19 
0 106 57 
0 118 13 
0 87 34 
0 97 20 
0 120 42 
0 76 24 
0 121 85 
0 147 64 
0 102 18 
0 126 22 
0 90 16 
0 94 51 
0 94 100 
0 149 13 
0 79 47 
0 138 2 
0 137 19 
0 128 41 
0 71 24 
0 69 76 
0 81 33 
0 118 29 
0 84 13 
0 146 10 
0 90 43 
0 101 55 
0 90 62 
0 116 56 
0 80 71 
0 131 54 
0 69 50 
0 136 25 
0 73 57 
0 95 13 
0 118 5 
0 97 5 
0 98 42 
0 103 97 
0 137 32 
0 126 45 
0 171 22 
0 115 18 
0 132 71 
0 86 26 
0 100 22 
0 103 68 
0 110 23 
0 126 39 
0 128 19 
0 85 24 
0 99 31 
0 68 25 
0 119 24 
0 64 77 
0 106 54 
0 108 16 
0 152 16 
0 121 59 
0 89 34 
0 129 26 
0 104 51 
0 122 14 
0 112 27 
0 150 20 
0 154 12 
0 106 66 
0 141 32 
0 136 19 
0 69 45 
0 161 40 
0 99 37 
0 109 23 
0 122 34 
0 87 47 
0 140 70 
0 93 48 
0 120 29 
0 106 36 
0 110 15 
0 141 38 
0 120 24 
0 96 93 
0 128 32 
0 60 30 
0 143 24 
0 106 23 
0 136 12 
0 102 17 
0 165 22 
0 102 70 
0 119 38 
0 90 73 
0 111 27 
0 122 87 
0 124 28 
0 116 39 
0 114 34 
0 70 27 
0 148 22 
0 91 74 
0 134 36 
0 134 26 
0 80 12 
0 154 32 
0 112 18 
0 156 44 
0 101 23 
0 139 24 
0 99 10 
0 112 86 
0 117 12 
0 118 30 
0 130 29 
0 108 24 
0 106 39 
0 112 24 
0 156 39 
0 106 52 
0 52 14 
0 117 102 
0 156 12 
0 78 53 
0 138 32 
0 128 9 
0 104 38 
0 131 52 
0 124 44 
0 152 6 
0 139 48 
0 122 75 
0 149 29 
0 62 58 
0 132 26 
0 125 84 
0 122 53 
0 73 29 
0 110 19 
0 146 18 
0 137 52 
0 110 21 
0 96 59 
0 138 30 
0 64 12 
0 135 7 
0 80 22 
0 111 24 
0 98 67 
0 153 33 
0 118 21 
0 165 23 
0 92 53 
0 161 48 
0 100 72 
0 131 7 
0 107 14 
0 99 33 
0 141 12 
0 126 27 
0 96 39 
0 139 54 
0 106 19 
0 124 40 
0 132 9 
0 139 15 
0 146 30 
0 146 96 
0 116 46 
0 130 60 
0 78 47 
0 84 33 
0 142 52 
0 106 28 
0 131 48 
0 115 13 
0 122 49 
0 115 33 
0 91 67 
0 84 24 
0 141 14 
0 134 24 
0 138 64 
0 129 26 
0 125 34 
0 123 28 
0 98 28 
0 95 26 
0 88 23 
0 84 79 
0 127 53 
0 80 125 
0 125 46 
0 108 13 
0 132 35 
0 116 20 
0 119 27 
0 100 26 
0 113 27 
0 156 54 
0 117 23 
0 114 61 
0 131 27 
0 121 11 
0 133 44 
0 98 14 
0 112 66 
0 148 19 
0 89 8 
0 117 19 
0 152 33 
0 122 55 
0 104 56 
0 159 9 
0 110 41 
0 168 22 
0 118 29 
0 147 26 
0 160 42 
0 108 44 
0 100 24 
0 103 15 
0 192 40 
0 107 59 
0 94 11 
0 124 76 
0 101 32 
0 142 29 
0 96 43 
0 145 14 
0 99 67 
0 106 19 
0 84 34 
0 166 84 
0 129 72 
0 112 22 
0 102 31 
0 104 55 
0 70 63 
0 128 29 
0 95 23 
0 129 39 
0 153 67 
0 117 43 
0 92 22 
0 151 24 
0 100 29 
0 120 38 
0 100 25 
0 102 57 
0 127 66 
0 54 38 
0 148 34 
0 73 81 
0 76 46 
0 144 10 
0 136 51 
0 65 23 
0 104 66 
0 79 64 
0 140 65 
0 80 51 
0 110 51 
0 115 47 
0 105 66 
0 119 64 
0 78 20 
0 88 12 
0 110 51 
0 185 40 
0 92 38 
0 86 36 
0 103 17 
0 98 93 
0 146 31 
0 125 7 
0 89 25 
0 122 52 
0 61 31 
0 87 13 
0 142 17 
0 75 45 
0 145 36 
0 126 62 
0 123 41 
0 88 30 
0 95 59 
0 106 42 
0 105 39 
0 109 103 
0 150 28 
0 137 40 
0 90 26 
0 166 17 
0 106 24 
0 120 20 
0 95 101 
0 134 25 
0 110 13 
0 73 6 
0 157 34 
0 110 36 
0 86 42 
0 121 39 
0 139 47 
0 43 43 
0 105 42 
0 81 96 
0 115 20 
0 131 37 
0 116 20 
0 105 17 
0 121 40 
0 138 35 
0 107 51 
0 142 17 
0 149 28 
0 149 60 
0 105 26 
0 118 12 
0 118 79 
0 89 43 
0 79 17 
0 128 33 
0 106 60 
0 139 46 
0 102 24 
0 98 5 
0 105 48 
0 93 61 
0 70 84 
0 65 42 
0 112 57 
0 131 28 
0 125 31 
0 132 16 
0 91 36 
0 108 114 
0 80 77 
0 137 42 
0 157 31 
0 92 32 
0 84 16 
0 126 70 
0 112 31 
0 106 55 
0 154 14 
0 152 29 
0 94 18 
0 43 41 
0 62 34 
0 85 69 
0 119 26 
0 127 26 
0 75 28 
0 106 70 
0 175 29 
0 108 17 
0 135 23 
0 65 20 
0 122 53 
0 169 34 
0 114 33 
0 133 15 
0 108 36 
0 161 34 
0 139 51 
0 135 29 
0 121 51 
0 134 24 
0 139 2 
0 79 51 
0 161 42 
0 128 18 
0 105 46 
0 92 14 
0 124 21 
0 104 29 
0 152 40 
0 145 28 
0 208 17 
0 133 59 
0 98 42 
0 122 49 
0 136 76 
0 124 76 
0 70 9 
0 119 54 
0 111 36 
0 154 17 
0 82 31 
0 147 52 
0 88 17 
0 113 45 
0 97 68 
0 116 68 
0 159 37 
0 159 22 
0 143 62 
0 146 45 
0 81 29 
0 161 25 
0 103 26 
0 113 24 
0 148 18 
0 112 63 
0 90 75 
0 137 16 
0 130 52 
0 126 21 
0 131 59 
0 93 29 
0 99 42 
0 123 12 
0 135 22 
0 107 24 
0 125 45 
0 143 5 
0 92 81 
0 128 39 
0 94 39 
0 92 77 
0 97 48 
0 86 40 
0 117 26 
0 109 35 
0 105 38 
0 154 31 
0 113 33 
0 107 17 
0 88 22 
0 159 22 
0 171 19 
0 110 74 
0 133 18 
0 95 23 
0 48 43 
0 99 56 
0 104 29 
0 84 72 
0 129 39 
0 105 49 
