3 80 328 33 0 
0 32 283 4 0 
0 4 389 67 0 
1 25 360 5 0 
0 17 257 61 0 
0 77 230 115 0 
0 109 248 3 0 
0 19 398 97 0 
1 21 341 77 0 
1 12 395 2 0 
0 57 266 5 0 
0 4 252 48 0 
0 10 384 20 0 
0 27 388 12 0 
0 3 466 21 0 
0 9 327 42 0 
0 40 339 42 0 
0 42 264 37 0 
0 0 380 11 0 
0 26 260 41 0 
0 21 270 51 0 
0 41 356 87 0 
0 23 347 26 0 
1 49 372 32 0 
1 1 277 5 0 
0 14 332 56 0 
1 44 361 27 0 
0 14 397 9 0 
0 61 198 61 0 
0 65 322 7 0 
0 15 328 42 0 
3 22 432 15 0 
0 40 291 47 0 
0 7 354 42 0 
0 45 317 20 0 
0 18 343 19 0 
0 13 279 14 0 
0 38 253 71 0 
0 92 250 39 0 
0 8 283 32 0 
0 39 348 139 0 
0 17 263 100 0 
0 31 257 44 0 
0 24 327 22 0 
0 62 368 55 0 
0 12 446 5 0 
0 80 310 30 0 
0 24 307 8 0 
2 58 334 23 0 
2 4 312 8 0 
0 5 394 17 0 
0 9 317 32 0 
1 37 369 20 0 
0 17 312 135 0 
1 49 409 44 0 
1 63 286 84 0 
0 35 295 10 0 
0 87 306 20 0 
0 134 274 1 0 
0 63 268 35 0 
0 23 312 10 0 
14 2 268 77 0 
0 66 179 78 0 
0 16 346 58 0 
1 27 257 5 0 
0 2 347 86 0 
0 14 472 17 0 
1 54 419 16 0 
0 6 206 14 0 
3 7 366 30 0 
0 46 446 18 0 
1 48 337 21 0 
0 12 431 8 0 
0 22 312 37 0 
0 7 599 33 0 
0 3 395 20 0 
0 16 267 55 0 
1 20 437 0 0 
1 90 213 7 0 
1 60 192 109 0 
0 2 335 18 0 
0 34 256 38 0 
0 3 429 36 0 
29 13 278 16 0 
4 123 290 52 0 
0 20 435 44 0 
0 18 268 50 0 
0 13 355 98 0 
0 25 300 40 0 
0 19 306 64 0 
0 34 366 23 0 
0 24 333 35 0 
1 16 345 71 0 
0 54 343 53 3 
0 39 531 102 0 
0 49 282 61 0 
0 17 452 12 0 
1 58 327 17 0 
0 5 302 134 0 
0 20 497 77 0 
0 44 317 48 0 
0 45 410 41 0 
2 41 252 69 0 
0 12 302 4 0 
0 1 353 43 0 
0 174 270 49 0 
0 11 419 52 0 
1 73 296 37 0 
0 45 441 21 0 
0 42 313 76 0 
0 37 318 38 0 
1 33 279 18 0 
0 16 378 19 0 
0 6 340 50 0 
1 12 293 38 0 
0 84 353 57 0 
1 31 331 46 0 
0 7 215 65 0 
0 0 320 70 0 
0 21 293 15 0 
1 17 365 31 0 
0 66 352 16 0 
3 12 265 16 0 
0 34 310 23 0 
1 70 443 14 0 
0 48 290 113 0 
0 169 336 83 0 
1 53 291 10 0 
0 17 290 78 0 
1 116 250 23 0 
0 50 295 41 0 
0 31 324 7 0 
0 27 317 25 0 
0 30 281 11 0 
0 101 319 52 0 
14 64 320 118 0 
1 90 290 84 0 
0 28 228 17 0 
0 24 383 7 0 
2 25 258 16 0 
0 14 542 69 0 
0 39 286 46 0 
0 84 313 62 0 
0 12 382 36 0 
0 117 329 34 0 
0 8 299 34 0 
0 37 317 46 0 
0 17 374 19 0 
0 33 358 33 0 
1 68 278 21 0 
0 5 364 27 0 
0 38 284 13 0 
0 11 429 22 0 
1 24 261 89 0 
0 7 243 29 0 
0 21 370 20 0 
1 35 376 21 0 
7 21 410 59 0 
0 37 249 125 0 
0 13 475 33 0 
7 41 278 15 0 
1 10 398 8 0 
0 17 193 60 0 
0 49 229 77 0 
0 32 227 8 0 
0 15 319 60 0 
0 27 444 69 0 
2 31 293 7 0 
0 56 276 95 0 
0 37 285 92 0 
0 14 284 10 0 
0 50 385 28 0 
0 89 328 18 0 
0 50 395 66 0 
0 16 317 9 0 
0 19 342 47 0 
0 40 223 7 0 
0 63 216 72 0 
0 40 371 17 0 
0 16 426 63 0 
0 49 408 49 0 
0 18 224 60 0 
0 54 350 4 0 
0 25 256 59 0 
0 11 302 27 0 
0 8 257 29 0 
0 25 321 32 0 
0 58 308 40 0 
0 6 323 20 0 
0 95 427 23 0 
0 11 352 19 0 
0 40 281 22 0 
4 50 477 14 0 
1 9 374 39 0 
1 38 405 5 0 
1 19 519 4 0 
1 41 260 94 0 
0 122 334 27 0 
0 1 309 76 0 
0 11 393 7 0 
0 0 352 15 0 
0 21 222 73 0 
0 10 340 7 0 
0 6 375 21 0 
0 53 296 7 0 
0 4 362 50 0 
5 28 246 24 0 
0 22 391 1 0 
0 13 334 55 0 
0 88 339 19 0 
0 49 265 32 0 
0 18 291 34 0 
0 48 287 20 0 
0 4 356 30 0 
0 68 385 8 0 
0 19 425 4 0 
0 13 297 187 0 
0 18 320 46 0 
0 14 344 8 0 
0 14 322 59 0 
0 73 289 3 0 
0 46 194 30 0 
0 70 322 16 0 
0 4 378 30 0 
6 39 287 112 0 
0 10 252 9 0 
0 11 260 16 0 
0 21 322 5 0 
3 1 410 28 0 
0 34 395 62 0 
1 92 354 70 0 
1 22 351 87 0 
0 36 220 43 0 
0 40 267 39 0 
0 50 266 21 0 
0 9 252 47 0 
0 3 351 61 0 
8 22 344 20 0 
0 12 346 71 0 
0 19 325 51 0 
0 14 260 18 0 
0 19 302 25 0 
0 15 342 140 0 
1 67 280 38 0 
1 43 387 22 0 
1 21 302 41 0 
0 6 313 43 0 
1 56 303 41 0 
0 7 513 36 0 
0 51 475 20 0 
0 17 312 22 0 
0 17 542 9 0 
1 34 477 16 0 
0 33 288 26 0 
1 1 524 33 0 
4 13 353 113 0 
0 49 385 35 0 
0 60 327 14 0 
0 31 338 19 0 
0 77 376 3 0 
1 57 366 10 0 
6 154 347 9 0 
0 7 255 84 0 
0 11 319 43 0 
0 20 246 8 0 
0 17 484 38 0 
0 156 251 31 0 
1 17 402 12 0 
0 11 249 21 0 
0 94 285 26 0 
1 3 441 27 0 
0 43 213 35 0 
0 13 418 52 0 
0 6 427 39 0 
0 5 316 82 0 
0 22 387 8 0 
0 20 465 28 0 
1 22 277 10 0 
18 10 325 35 0 
0 58 270 26 0 
2 22 284 24 0 
0 35 224 56 0 
0 19 485 5 0 
0 35 438 54 0 
0 11 306 37 0 
0 32 194 144 1 
0 48 392 4 0 
1 3 414 14 0 
0 48 278 58 0 
0 14 343 60 0 
0 67 358 5 0 
0 70 269 7 0 
0 54 304 37 0 
0 0 300 36 0 
0 27 373 87 0 
0 56 364 51 0 
1 31 430 58 0 
0 9 337 44 0 
2 42 335 16 0 
1 14 297 10 0 
0 26 295 121 0 
0 66 429 31 0 
0 21 313 76 0 
0 194 282 28 0 
0 10 329 46 0 
9 36 277 60 0 
0 32 359 38 0 
0 8 317 98 0 
0 11 264 7 0 
0 49 310 9 0 
0 32 245 25 0 
0 55 255 8 0 
0 21 329 41 0 
0 16 440 3 0 
4 56 371 10 0 
2 2 298 29 0 
0 74 265 17 0 
0 4 311 51 0 
1 41 381 79 0 
0 9 486 32 0 
2 27 298 15 0 
9 18 305 12 0 
0 45 348 24 0 
0 55 413 41 0 
0 26 455 26 0 
0 57 319 32 0 
0 15 298 75 0 
0 11 265 54 0 
0 51 385 160 0 
4 58 274 9 0 
1 14 365 59 0 
1 48 238 46 0 
0 62 298 14 0 
0 81 322 40 0 
0 66 276 48 0 
0 23 315 10 0 
0 71 407 14 2 
0 24 248 0 0 
4 18 381 60 0 
0 82 378 10 0 
0 5 361 19 0 
1 1 279 49 0 
0 60 293 49 0 
1 43 381 13 0 
0 3 435 63 1 
1 52 324 23 0 
0 29 354 6 0 
0 18 387 29 0 
1 55 290 13 0 
0 13 308 33 0 
0 41 318 109 0 
0 12 349 19 0 
1 13 386 16 0 
2 30 368 26 0 
1 43 445 38 0 
1 56 245 13 0 
2 22 433 1 0 
0 1 409 50 0 
1 64 368 26 0 
0 14 424 30 0 
0 11 407 41 0 
2 12 304 27 0 
1 19 358 15 0 
0 17 328 44 0 
0 23 382 16 0 
0 22 503 10 1 
0 29 186 94 0 
1 43 240 28 0 
0 44 425 70 0 
0 48 343 17 0 
0 14 313 15 0 
1 83 281 28 0 
2 35 284 103 0 
0 1 428 34 0 
0 8 428 84 5 
0 85 288 17 0 
0 1 361 34 0 
1 42 265 63 0 
0 51 334 22 0 
0 10 246 52 0 
0 56 348 0 0 
6 65 349 65 0 
0 76 341 24 0 
0 10 412 139 0 
0 51 283 10 0 
0 8 353 39 0 
2 8 318 29 0 
0 17 361 49 0 
0 18 432 19 0 
0 24 373 22 0 
0 9 330 6 0 
0 20 381 59 0 
0 22 313 31 0 
0 14 361 24 0 
1 34 274 28 0 
1 9 209 49 0 
0 17 294 95 0 
1 39 305 22 0 
0 3 319 72 0 
7 18 252 15 0 
0 21 319 7 0 
0 31 318 30 0 
0 41 316 41 0 
0 74 379 20 0 
0 13 232 57 0 
0 1 381 22 0 
0 20 315 34 0 
1 37 451 12 0 
0 4 300 43 0 
0 87 448 10 0 
0 5 409 19 0 
0 143 320 11 0 
0 106 280 64 0 
2 35 270 24 0 
0 49 294 43 0 
1 11 441 24 0 
0 6 334 19 0 
0 74 297 42 0 
0 56 446 6 0 
0 9 377 5 0 
19 21 268 61 0 
0 77 316 14 0 
1 53 297 63 0 
0 11 316 14 0 
0 61 232 47 0 
0 14 284 34 0 
0 58 325 10 0 
0 29 255 62 0 
0 107 236 6 0 
0 27 342 81 0 
1 22 359 7 0 
0 0 320 43 0 
0 16 342 14 0 
0 64 271 13 0 
0 23 467 38 0 
1 110 279 9 0 
0 61 182 139 0 
1 7 256 10 0 
6 85 281 112 0 
0 13 294 14 0 
1 31 279 10 0 
0 8 434 11 0 
0 4 461 1 0 
7 15 347 45 0 
0 28 312 24 0 
0 39 359 0 0 
1 18 312 27 0 
0 52 229 32 0 
0 17 309 39 0 
0 24 222 20 0 
0 105 316 11 0 
0 78 496 8 0 
0 11 394 11 0 
0 35 317 23 0 
0 8 318 61 0 
0 92 244 49 0 
0 15 304 14 0 
0 118 315 7 0 
0 36 451 22 0 
0 23 365 0 0 
3 19 309 96 0 
0 35 414 8 0 
0 27 202 59 0 
0 31 197 117 0 
0 38 286 50 0 
0 10 399 9 0 
0 50 264 46 0 
1 6 282 57 0 
0 56 250 26 0 
0 6 268 15 0 
0 13 347 66 0 
0 38 361 0 0 
0 16 436 29 0 
0 14 437 10 0 
5 6 337 47 0 
1 81 348 18 0 
0 32 354 9 0 
0 4 261 58 0 
3 29 351 65 0 
0 3 416 50 0 
0 38 279 4 0 
0 124 290 23 0 
0 16 244 24 0 
0 44 300 77 0 
0 6 341 23 0 
2 82 348 33 0 
1 40 268 155 0 
1 24 372 36 0 
0 113 340 27 0 
0 48 290 2 0 
0 7 346 34 0 
0 45 508 7 0 
0 37 274 105 0 
4 5 306 110 0 
1 35 347 35 0 
0 101 306 70 0 
0 21 244 13 0 
0 105 344 71 0 
0 4 361 35 0 
3 23 311 46 0 
0 11 419 14 0 
0 55 368 5 0 
0 72 166 13 0 
0 33 370 65 0 
0 25 294 13 0 
0 11 317 62 0 
0 18 447 29 0 
0 12 338 20 0 
0 12 469 11 0 
0 94 391 87 0 
0 57 308 13 0 
0 16 259 69 0 
0 10 336 57 0 
0 40 265 18 0 
0 22 252 29 0 
0 39 274 44 0 
0 2 345 17 0 
3 21 360 12 0 
0 50 328 31 0 
0 47 344 29 0 
0 17 379 58 0 
0 27 415 19 0 
0 49 475 7 0 
3 30 304 27 0 
0 75 329 20 0 
1 18 291 33 0 
2 25 350 22 0 
0 86 214 55 0 
0 35 355 13 0 
0 42 333 75 0 
0 24 306 18 0 
0 37 312 15 0 
0 11 386 62 0 
0 36 349 10 0 
0 10 466 25 0 
0 5 432 23 0 
0 37 334 57 0 
1 34 260 21 0 
0 72 474 55 0 
0 48 461 18 0 
3 29 362 21 0 
0 27 282 10 0 
2 61 378 11 0 
0 19 311 8 0 
0 13 312 9 0 
0 53 295 44 0 
0 17 257 20 0 
0 25 406 99 0 
2 3 426 38 0 
0 29 282 9 0 
0 55 240 15 0 
1 26 362 56 0 
0 50 433 35 0 
0 35 323 5 0 
0 7 267 60 0 
0 72 409 23 0 
0 10 447 20 0 
0 25 276 121 0 
4 9 437 11 0 
0 18 303 13 0 
0 36 326 10 0 
0 26 266 86 0 
0 18 334 45 0 
0 40 391 44 0 
0 32 282 41 0 
0 15 273 21 0 
0 16 362 24 0 
1 5 332 21 0 
0 11 383 32 0 
0 12 298 20 0 
0 16 288 15 0 
0 8 302 39 0 
0 8 364 48 0 
1 27 295 29 2 
2 31 335 26 0 
2 88 479 29 0 
0 21 307 25 0 
0 17 481 8 0 
2 62 196 135 0 
4 41 252 21 0 
6 84 372 30 0 
0 23 394 21 0 
0 22 235 9 0 
0 39 417 28 0 
0 51 371 45 0 
0 23 231 33 0 
0 2 424 90 0 
0 28 423 6 0 
0 8 274 17 0 
0 94 310 71 0 
0 16 388 11 0 
0 14 332 18 0 
0 31 303 13 0 
0 17 316 20 0 
0 51 278 4 0 
1 0 271 188 0 
0 139 283 12 0 
0 38 378 56 0 
0 29 451 17 0 
0 95 410 69 0 
0 16 311 3 0 
2 60 287 51 0 
0 23 237 165 0 
0 21 300 126 0 
0 7 345 22 0 
0 5 463 12 0 
0 42 295 5 0 
0 64 492 0 0 
2 17 381 85 0 
0 84 229 40 0 
0 23 439 46 0 
2 66 311 2 0 
0 17 281 36 0 
0 7 326 6 0 
0 92 293 38 0 
0 123 262 27 0 
10 27 349 56 0 
1 35 262 8 0 
0 6 288 19 0 
0 8 410 11 0 
0 103 288 26 0 
0 39 200 15 0 
0 9 550 51 0 
0 147 288 51 0 
0 83 414 41 0 
0 151 275 4 0 
1 20 238 93 0 
0 56 328 16 0 
0 72 235 10 0 
9 2 322 20 0 
0 18 279 30 0 
0 46 313 2 0 
2 43 310 49 0 
8 49 285 14 0 
0 87 218 19 0 
1 17 311 54 0 
0 1 551 0 0 
0 32 338 39 0 
0 50 366 37 0 
0 11 348 43 0 
0 35 261 25 0 
0 18 369 20 0 
0 14 361 5 0 
0 71 433 34 0 
0 70 361 30 0 
0 27 475 46 0 
0 17 365 10 0 
1 14 423 19 0 
0 54 329 5 0 
0 8 492 4 0 
0 26 269 14 0 
0 57 250 43 0 
0 51 303 65 0 
0 25 310 15 0 
0 19 402 16 0 
0 55 270 40 0 
0 52 436 51 0 
25 18 365 51 0 
0 61 342 38 0 
0 17 438 6 0 
0 6 386 13 0 
3 16 410 95 0 
8 2 333 23 0 
0 28 306 44 0 
0 7 323 52 0 
0 85 270 31 0 
0 36 321 24 0 
0 33 349 7 0 
3 45 292 37 0 
0 33 415 69 0 
3 32 435 42 0 
3 20 321 37 0 
0 24 327 75 0 
0 29 220 26 0 
0 52 323 110 0 
0 14 346 56 0 
0 50 265 15 0 
0 13 364 53 0 
0 11 401 3 0 
2 33 314 13 0 
0 7 273 8 0 
0 45 239 23 0 
0 53 294 104 0 
0 28 491 63 0 
0 84 399 33 0 
0 43 395 34 0 
0 2 338 10 0 
2 8 286 73 0 
2 48 382 29 0 
0 52 418 25 0 
0 29 257 34 0 
5 39 360 98 0 
0 112 285 11 0 
0 37 274 160 0 
0 31 225 61 0 
0 23 442 8 0 
0 21 341 87 0 
12 37 281 3 0 
0 98 319 56 0 
0 100 284 58 0 
1 86 297 22 0 
0 37 317 109 0 
0 31 295 56 0 
0 13 189 64 0 
0 52 283 17 0 
0 8 400 51 0 
1 14 239 33 0 
0 44 371 5 0 
0 16 255 54 0 
0 61 387 2 0 
0 6 402 14 0 
0 11 282 41 0 
0 31 245 39 0 
0 24 361 26 0 
0 36 276 58 0 
0 13 457 10 0 
0 39 372 14 0 
0 129 333 22 0 
1 39 302 38 0 
3 53 394 8 0 
0 27 232 63 0 
0 22 354 35 0 
0 159 352 19 0 
0 5 210 63 0 
0 43 226 3 0 
0 50 465 12 0 
4 100 343 12 0 
1 5 370 20 0 
0 22 348 20 0 
0 60 305 1 0 
1 82 428 47 0 
0 21 315 20 0 
0 3 260 8 0 
0 52 316 18 0 
0 22 428 15 0 
0 26 425 39 0 
0 54 350 50 0 
0 10 431 0 0 
0 64 310 48 0 
0 16 411 18 0 
0 38 411 81 0 
0 37 350 86 0 
0 37 269 3 0 
1 50 397 108 0 
0 0 316 58 0 
2 123 328 31 0 
0 129 358 60 0 
3 27 331 3 0 
0 39 369 36 0 
0 9 269 18 0 
1 18 313 5 0 
1 16 408 12 0 
0 40 346 39 0 
0 58 407 52 0 
1 52 318 24 1 
4 46 185 31 0 
0 37 339 23 0 
0 9 335 23 0 
0 26 320 24 0 
1 8 250 56 0 
0 14 342 11 0 
0 25 199 3 0 
0 42 247 82 0 
3 60 360 31 0 
0 38 423 0 0 
0 43 367 10 0 
0 49 302 26 0 
4 67 352 9 0 
0 19 387 55 0 
0 9 519 15 0 
0 27 290 4 0 
0 8 449 23 0 
0 70 311 67 0 
0 42 240 148 0 
0 20 363 39 0 
0 12 337 6 0 
0 25 318 58 0 
0 23 321 40 0 
1 60 343 33 0 
0 7 307 27 0 
3 13 297 104 0 
0 36 343 26 0 
0 54 313 53 0 
0 15 267 92 0 
7 47 261 71 0 
0 6 340 13 7 
0 95 334 5 0 
4 17 236 121 0 
0 33 310 23 0 
3 17 520 9 0 
0 7 438 16 0 
0 24 345 24 0 
12 20 322 129 0 
3 31 261 15 0 
0 18 282 46 0 
0 20 280 40 0 
0 46 267 19 0 
4 32 240 2 0 
3 89 269 25 0 
0 29 341 1 0 
0 0 350 12 0 
0 44 260 88 0 
0 51 325 2 0 
0 51 311 34 0 
0 19 304 19 0 
0 25 333 1 0 
1 34 244 18 0 
0 29 282 34 0 
0 132 364 59 0 
0 6 370 7 0 
0 83 325 30 0 
1 34 265 36 0 
0 23 376 34 0 
0 34 356 51 0 
0 10 295 15 0 
1 15 415 48 0 
0 59 243 25 0 
0 25 401 3 0 
0 95 361 19 0 
0 75 363 25 0 
2 19 360 5 0 
0 4 357 19 0 
0 29 359 14 0 
4 4 355 45 0 
0 12 516 7 0 
0 26 391 4 0 
1 3 353 33 0 
0 24 343 35 0 
0 35 216 85 0 
0 12 430 35 0 
0 60 307 11 0 
0 10 302 23 0 
0 36 459 12 0 
0 56 332 15 0 
2 79 366 5 0 
1 4 302 29 0 
0 34 321 94 0 
0 11 353 101 0 
0 19 297 12 0 
0 39 290 32 0 
0 21 273 28 0 
0 4 367 30 0 
0 61 373 26 0 
0 15 462 62 0 
1 44 354 26 0 
0 51 291 20 0 
0 5 317 4 0 
8 29 268 12 0 
0 28 343 21 0 
0 10 393 68 0 
0 38 313 9 0 
0 8 247 24 0 
0 2 361 128 0 
0 30 345 90 0 
4 17 409 26 0 
5 39 344 4 0 
0 55 259 53 0 
2 50 410 65 0 
0 37 253 70 0 
0 19 443 24 0 
0 5 343 41 0 
0 19 282 68 0 
0 68 273 14 0 
0 44 406 24 0 
0 1 281 67 0 
0 38 421 50 0 
0 15 254 69 0 
0 4 393 0 0 
0 2 391 10 0 
0 57 385 1 0 
0 117 282 32 0 
1 63 318 38 0 
0 83 324 5 0 
1 2 306 93 0 
7 25 268 36 0 
0 20 328 11 0 
0 19 333 24 0 
0 59 296 94 0 
0 27 273 36 0 
0 4 281 56 0 
0 10 294 32 0 
0 40 321 36 0 
0 26 477 5 0 
0 3 284 133 0 
0 32 248 57 0 
0 61 244 33 0 
3 30 296 7 0 
1 22 382 36 0 
0 19 270 82 0 
4 57 496 17 0 
0 7 264 29 0 
0 20 283 56 0 
1 2 332 1 0 
0 7 275 69 0 
0 56 324 199 0 
0 13 307 26 0 
1 19 259 129 0 
0 4 414 22 0 
3 13 218 53 0 
0 117 331 54 0 
8 69 211 79 0 
0 12 302 71 0 
0 2 283 71 0 
0 126 239 19 0 
1 32 458 30 0 
2 9 395 33 0 
0 64 299 24 0 
0 33 351 57 0 
1 37 445 4 0 
2 32 266 59 0 
0 70 393 1 0 
1 1 294 27 0 
2 54 222 1 0 
0 45 372 43 0 
0 3 354 127 0 
0 34 293 35 0 
0 8 351 171 0 
0 32 313 22 0 
2 128 228 40 0 
4 50 246 23 0 
0 37 341 23 0 
0 37 291 7 0 
0 30 351 34 0 
1 80 311 29 0 
1 10 420 63 0 
1 2 417 23 0 
0 5 332 18 0 
6 67 337 96 0 
0 21 330 46 0 
0 42 277 33 0 
0 22 358 2 0 
0 0 456 185 0 
0 23 284 22 0 
0 32 433 9 0 
0 49 352 38 0 
0 10 557 0 0 
0 40 399 10 0 
0 23 331 52 0 
0 27 362 21 0 
0 6 377 18 0 
0 62 370 55 0 
1 42 330 35 0 
0 5 287 37 0 
0 49 271 21 0 
0 27 392 26 0 
0 42 347 32 0 
0 33 318 27 0 
0 20 383 47 0 
0 44 309 5 0 
0 6 286 39 0 
0 12 297 45 0 
0 36 337 21 0 
6 8 359 7 0 
0 10 407 31 0 
0 37 314 69 0 
0 57 207 17 0 
0 27 282 35 0 
0 1 398 25 0 
0 8 351 49 0 
4 46 285 74 0 
0 27 333 72 0 
0 21 225 23 0 
0 37 362 14 0 
0 2 378 22 0 
0 101 258 5 0 
0 5 291 33 0 
0 65 260 65 0 
0 26 335 12 0 
1 39 388 15 0 
0 70 320 22 0 
0 37 357 33 0 
0 8 307 8 0 
0 46 317 3 0 
0 1 354 16 0 
0 16 306 33 0 
0 1 440 11 0 
0 28 299 71 0 
0 13 295 19 0 
0 45 469 27 0 
3 62 367 11 0 
2 12 280 66 0 
1 7 255 24 0 
0 27 260 32 0 
0 9 250 35 0 
0 0 364 146 0 
0 58 306 47 0 
0 10 258 29 0 
0 80 319 16 0 
0 26 296 17 0 
0 38 374 0 0 
0 18 282 21 0 
0 44 252 5 0 
1 107 203 0 0 
0 35 315 35 0 
0 31 386 22 0 
0 17 298 21 0 
1 54 274 14 0 
0 67 332 53 0 
0 41 331 29 0 
0 39 320 59 0 
