0 230 86 
0 228 26 
0 190 18 
0 221 14 
0 199 18 
0 211 12 
0 186 11 
0 217 26 
0 217 5 
0 220 3 
0 229 43 
0 215 11 
0 176 36 
0 236 18 
0 199 57 
0 281 5 
0 231 37 
0 240 7 
0 228 19 
0 218 8 
0 220 16 
0 223 21 
0 240 27 
0 244 18 
0 249 10 
0 192 5 
0 225 14 
0 209 66 
0 255 14 
0 210 19 
0 203 12 
0 242 22 
0 221 71 
0 181 15 
0 236 13 
0 239 12 
0 217 41 
0 227 24 
0 194 16 
0 257 17 
0 230 16 
0 224 15 
0 192 16 
0 175 30 
0 158 48 
0 215 9 
0 244 25 
0 196 12 
0 244 2 
0 176 10 
0 231 12 
0 170 11 
0 235 5 
0 217 72 
0 211 8 
0 189 19 
0 207 25 
0 202 12 
0 267 26 
0 178 10 
0 214 57 
0 159 59 
0 207 39 
0 229 12 
0 228 2 
0 240 1 
0 152 4 
0 231 25 
0 230 51 
0 220 25 
0 230 4 
0 261 16 
0 244 22 
0 161 7 
0 185 39 
0 161 32 
0 262 32 
0 124 30 
0 240 2 
0 204 16 
0 214 14 
0 219 3 
0 284 5 
0 307 12 
0 208 22 
0 230 12 
0 205 7 
0 273 5 
0 233 1 
0 255 26 
0 202 10 
0 253 10 
0 176 21 
0 159 43 
0 205 17 
0 216 8 
0 186 35 
0 197 75 
0 242 16 
0 168 41 
0 223 19 
0 227 21 
0 190 35 
0 193 19 
0 197 25 
0 155 43 
0 268 2 
0 185 25 
0 301 84 
0 180 73 
0 181 43 
0 259 17 
0 215 22 
0 227 8 
0 160 20 
0 253 8 
0 197 16 
0 209 48 
0 187 76 
0 218 15 
0 211 0 
0 242 4 
0 169 17 
0 241 10 
0 263 13 
0 239 18 
0 170 30 
0 233 9 
0 171 11 
0 192 18 
0 220 15 
0 211 53 
0 249 4 
0 195 51 
0 250 43 
0 251 4 
0 233 10 
0 245 7 
0 277 4 
0 220 9 
0 222 15 
0 211 1 
0 248 51 
0 217 40 
0 211 16 
0 219 38 
0 197 36 
0 225 21 
0 208 28 
0 245 19 
0 201 4 
0 191 13 
0 217 16 
0 231 47 
0 244 0 
0 266 27 
0 201 6 
0 225 23 
0 241 45 
0 222 29 
0 191 37 
0 214 23 
0 157 16 
0 192 1 
0 189 18 
0 220 0 
0 238 12 
0 206 8 
0 155 13 
0 209 5 
0 234 16 
0 168 28 
0 246 25 
0 230 20 
0 251 13 
0 189 39 
0 218 9 
0 171 23 
0 170 53 
0 226 9 
0 194 4 
0 187 20 
0 172 16 
0 226 26 
0 212 11 
0 192 28 
0 243 40 
0 172 4 
0 226 6 
0 183 35 
0 163 10 
0 232 24 
0 165 9 
0 206 32 
0 185 8 
0 176 9 
0 219 26 
0 262 5 
0 218 40 
0 212 28 
0 235 15 
0 198 7 
0 164 4 
0 218 0 
0 235 23 
0 227 6 
0 213 38 
0 222 6 
0 194 13 
0 216 26 
0 183 9 
0 220 13 
0 184 45 
0 204 7 
0 235 8 
0 183 38 
0 244 34 
0 232 27 
0 204 11 
0 242 41 
0 225 21 
0 221 60 
0 227 12 
0 202 19 
0 176 18 
0 201 15 
0 227 3 
0 283 51 
0 200 13 
0 261 20 
0 236 12 
0 196 11 
0 237 38 
0 169 23 
0 223 42 
0 245 4 
0 177 3 
0 236 31 
0 237 3 
0 216 12 
0 221 42 
0 193 58 
0 206 4 
0 186 19 
0 249 45 
0 222 14 
0 172 23 
0 247 0 
0 206 32 
0 219 9 
0 204 8 
0 212 9 
0 195 12 
0 185 23 
0 252 1 
0 218 0 
0 229 23 
0 226 3 
0 211 7 
0 183 16 
0 219 8 
0 247 15 
0 197 42 
0 205 57 
0 229 3 
0 262 41 
0 196 5 
0 176 17 
0 201 27 
0 167 9 
0 193 2 
0 196 20 
0 306 40 
0 254 7 
0 209 20 
0 231 0 
0 216 24 
0 209 3 
0 234 13 
0 230 57 
0 230 11 
0 206 10 
0 220 26 
0 229 22 
0 148 37 
0 233 22 
0 188 23 
0 206 8 
0 190 22 
0 200 42 
0 253 54 
0 211 16 
0 236 32 
0 226 12 
0 211 21 
0 206 59 
0 221 2 
0 169 40 
0 216 2 
0 251 5 
0 248 13 
0 224 54 
0 190 51 
0 228 11 
0 175 5 
0 176 7 
0 208 3 
0 214 24 
0 150 30 
0 265 17 
0 228 9 
0 240 20 
0 241 10 
0 209 29 
0 198 7 
0 261 3 
0 243 32 
0 236 25 
0 263 29 
0 288 22 
0 221 8 
0 249 7 
0 210 17 
0 198 39 
0 191 4 
0 182 21 
0 203 16 
0 252 76 
0 182 31 
0 239 17 
0 243 14 
0 209 5 
0 141 2 
0 274 10 
0 227 10 
0 202 24 
0 197 22 
0 253 20 
0 208 17 
0 210 5 
0 269 10 
0 262 20 
0 198 49 
0 264 3 
0 195 8 
0 242 34 
0 263 15 
0 180 94 
0 220 26 
0 254 7 
0 277 16 
0 208 39 
0 269 40 
0 239 13 
0 228 55 
0 227 17 
0 234 50 
0 191 29 
0 178 16 
0 226 5 
0 145 31 
0 229 26 
0 183 28 
0 249 10 
0 174 25 
0 221 55 
0 234 21 
0 182 6 
0 237 54 
0 222 2 
0 228 4 
0 195 10 
0 171 45 
0 185 34 
0 215 2 
0 213 10 
0 180 9 
0 191 26 
0 237 11 
0 211 5 
0 198 3 
0 199 7 
0 201 52 
0 174 9 
0 228 20 
0 182 20 
0 233 15 
0 226 14 
0 206 24 
0 210 20 
0 233 13 
0 241 23 
0 223 20 
0 249 16 
0 206 16 
0 225 13 
0 198 5 
0 176 12 
0 229 18 
0 226 16 
0 215 36 
0 188 40 
0 203 16 
0 280 11 
0 156 8 
0 220 48 
0 251 7 
0 230 7 
0 161 5 
0 194 7 
0 208 23 
0 181 12 
0 204 46 
0 182 8 
0 201 5 
0 218 29 
0 176 4 
0 236 23 
0 149 66 
0 192 49 
0 188 6 
0 240 16 
0 214 18 
0 225 3 
0 187 10 
0 221 15 
0 180 4 
0 249 11 
0 199 35 
0 187 14 
0 225 11 
0 271 26 
0 202 38 
0 214 22 
0 191 37 
0 215 39 
0 243 14 
0 190 13 
0 177 19 
0 205 34 
0 194 45 
0 215 7 
0 200 3 
0 184 20 
0 185 57 
0 173 7 
0 229 0 
0 180 14 
0 236 27 
0 239 24 
0 235 34 
0 219 11 
0 238 18 
0 223 5 
0 236 20 
0 282 11 
0 243 8 
0 171 26 
0 240 2 
0 212 0 
0 211 26 
0 221 14 
0 153 14 
0 180 65 
0 167 85 
0 204 6 
0 182 40 
0 247 7 
0 222 7 
0 244 36 
0 193 25 
0 252 33 
0 182 86 
0 193 24 
0 227 16 
0 169 9 
0 215 16 
0 184 11 
0 202 45 
0 209 71 
0 216 9 
0 193 0 
0 201 44 
0 210 18 
0 209 11 
0 223 30 
0 281 17 
0 231 7 
0 176 9 
0 143 3 
0 181 61 
0 223 26 
0 275 5 
0 245 22 
0 247 16 
0 173 31 
0 246 35 
0 205 28 
0 255 13 
0 176 10 
0 172 30 
0 157 14 
0 223 19 
0 266 17 
0 217 38 
0 257 15 
0 211 5 
0 225 10 
0 250 20 
0 240 32 
0 211 13 
0 269 0 
0 237 13 
0 256 7 
0 265 8 
0 191 28 
0 229 3 
0 179 0 
0 206 2 
0 253 2 
0 174 27 
0 208 29 
0 188 9 
0 194 40 
0 258 2 
0 227 5 
0 258 0 
0 238 21 
0 186 11 
0 149 12 
0 240 8 
0 193 24 
0 222 21 
0 232 42 
0 161 17 
0 183 7 
0 211 11 
0 199 18 
0 241 9 
0 164 15 
0 252 12 
0 227 19 
0 223 27 
0 232 15 
0 273 42 
0 203 14 
0 195 30 
0 223 38 
0 229 18 
0 227 7 
0 160 47 
0 190 39 
0 213 27 
0 236 8 
0 164 0 
0 240 10 
0 258 15 
0 216 19 
0 266 31 
0 165 30 
0 201 9 
0 220 22 
0 224 57 
0 235 2 
0 258 3 
0 224 13 
0 203 14 
0 197 3 
0 190 51 
0 225 72 
0 217 23 
0 261 9 
0 165 3 
0 242 20 
0 213 34 
0 198 51 
0 155 9 
0 214 22 
0 195 29 
0 184 18 
0 184 38 
0 218 3 
0 228 19 
0 212 25 
0 207 35 
0 223 19 
0 270 27 
0 207 12 
0 255 26 
0 199 2 
0 240 9 
0 250 8 
0 227 14 
0 183 16 
0 165 58 
0 225 4 
0 199 0 
0 277 30 
0 247 51 
0 202 7 
0 263 24 
0 215 14 
0 158 7 
0 125 38 
0 208 2 
0 234 27 
0 278 0 
0 215 22 
0 151 17 
0 242 10 
0 229 25 
0 212 18 
0 241 19 
0 235 7 
0 241 9 
0 187 72 
0 190 37 
0 224 14 
0 201 59 
0 239 11 
0 217 5 
0 165 21 
0 241 19 
0 208 12 
0 128 15 
0 209 12 
0 187 15 
0 281 4 
0 177 42 
0 212 24 
0 208 14 
0 172 30 
0 256 37 
0 192 19 
0 222 6 
0 189 5 
0 168 6 
0 183 28 
0 231 9 
0 208 49 
0 199 24 
0 161 11 
0 137 94 
0 223 39 
0 200 25 
0 225 2 
0 254 0 
0 221 8 
0 184 38 
0 233 5 
0 209 19 
0 268 8 
0 283 43 
0 156 15 
0 270 7 
0 221 5 
0 202 38 
0 256 9 
0 188 82 
0 201 12 
0 235 8 
0 249 22 
0 185 35 
0 222 2 
0 245 57 
0 176 29 
0 210 52 
0 159 7 
0 256 46 
0 215 32 
0 231 1 
0 218 23 
0 223 39 
0 228 24 
0 178 39 
0 204 13 
0 214 4 
0 220 15 
0 214 15 
0 196 30 
0 216 23 
0 195 59 
0 288 5 
0 202 6 
0 168 25 
0 231 6 
0 224 49 
0 193 75 
0 243 39 
0 186 10 
0 227 11 
0 159 2 
0 174 11 
0 235 20 
0 222 5 
0 195 22 
0 245 25 
0 192 17 
0 230 2 
0 238 19 
0 230 4 
0 192 26 
0 246 10 
0 225 34 
0 258 19 
0 207 5 
0 243 0 
0 224 16 
0 213 14 
0 200 40 
0 191 23 
0 184 51 
0 169 2 
0 208 21 
0 219 1 
0 223 31 
0 239 59 
0 223 40 
0 202 25 
0 245 16 
0 232 24 
0 216 1 
0 201 1 
0 258 52 
0 177 16 
0 171 22 
0 244 56 
0 247 17 
0 188 24 
0 230 49 
0 189 13 
0 192 17 
0 211 45 
0 257 24 
0 185 22 
0 224 29 
0 199 67 
0 216 9 
0 219 21 
0 208 25 
0 203 29 
0 239 26 
0 228 4 
0 236 8 
0 265 9 
0 289 21 
0 248 19 
0 217 30 
0 223 8 
0 215 7 
0 248 39 
0 259 18 
0 237 28 
0 208 13 
0 247 8 
0 230 25 
0 253 47 
0 246 6 
0 204 5 
0 236 30 
0 223 31 
0 225 22 
0 199 23 
0 216 3 
0 144 2 
0 229 7 
0 153 19 
0 174 14 
0 185 20 
0 199 10 
0 232 41 
0 235 3 
0 240 46 
0 241 22 
0 228 10 
0 251 10 
0 209 12 
0 271 12 
0 164 24 
0 202 33 
0 200 6 
0 216 22 
0 256 17 
0 226 30 
0 223 7 
0 254 64 
0 232 21 
0 238 0 
0 225 16 
0 188 1 
0 184 8 
0 197 6 
0 243 33 
0 197 31 
0 223 10 
0 223 41 
0 213 4 
0 261 24 
0 249 7 
0 222 6 
0 232 10 
0 207 104 
0 172 14 
0 206 77 
0 277 1 
0 236 5 
0 257 17 
0 272 12 
0 165 10 
0 223 37 
0 212 19 
0 213 60 
0 192 23 
0 208 16 
0 238 6 
0 234 34 
0 166 30 
0 196 58 
0 178 4 
0 214 6 
0 185 5 
0 211 43 
0 192 2 
0 229 50 
0 228 3 
0 190 23 
0 213 12 
0 288 37 
0 197 15 
0 226 6 
0 208 38 
0 215 40 
0 204 9 
0 209 11 
0 182 8 
0 217 26 
0 220 9 
0 229 15 
0 211 46 
0 261 8 
0 219 14 
0 214 20 
0 228 3 
0 232 25 
0 229 13 
0 172 23 
0 210 9 
0 205 10 
0 224 10 
0 225 15 
0 177 21 
0 217 6 
0 186 29 
0 224 21 
0 208 49 
0 205 18 
0 203 9 
0 226 4 
0 260 11 
0 239 14 
0 224 6 
0 230 2 
0 199 10 
0 190 40 
0 202 4 
0 215 119 
0 196 0 
0 192 12 
0 224 23 
0 219 14 
0 212 9 
0 161 7 
0 277 10 
0 212 19 
0 187 23 
0 198 6 
0 197 30 
0 239 12 
0 239 20 
0 224 62 
0 250 24 
0 194 6 
0 147 47 
0 218 4 
0 183 11 
0 147 19 
0 211 5 
0 213 16 
0 226 3 
0 216 20 
0 227 17 
0 185 2 
0 254 1 
0 242 14 
0 247 16 
0 200 4 
0 232 16 
0 264 16 
0 198 5 
0 279 32 
0 213 41 
0 263 13 
0 222 21 
0 189 10 
0 174 8 
0 206 6 
0 211 3 
0 210 11 
0 252 24 
0 231 7 
0 177 6 
0 170 4 
0 189 7 
0 171 15 
0 222 22 
0 208 34 
0 242 20 
0 200 15 
0 213 31 
0 212 2 
0 180 17 
0 267 24 
0 202 74 
0 196 19 
0 181 36 
0 264 21 
0 153 22 
0 263 21 
0 191 2 
0 296 12 
0 147 17 
0 195 20 
0 242 11 
0 235 49 
0 216 17 
0 111 28 
0 154 29 
0 234 21 
0 248 19 
0 211 62 
0 196 36 
0 213 17 
0 198 43 
0 136 14 
0 156 9 
0 266 14 
0 219 2 
0 212 36 
0 209 11 
0 178 11 
0 268 18 
0 194 19 
0 246 22 
0 188 3 
0 215 39 
0 243 18 
0 248 8 
0 217 4 
0 177 29 
0 167 12 
0 217 15 
0 239 5 
0 205 9 
0 212 6 
0 245 15 
0 235 26 
0 170 31 
0 199 24 
0 208 20 
0 188 38 
0 208 4 
0 171 21 
0 237 17 
0 220 17 
0 189 18 
0 242 25 
0 271 27 
0 226 8 
0 233 16 
0 208 27 
0 242 10 
0 194 9 
0 232 34 
0 224 45 
0 163 34 
0 273 50 
0 174 25 
0 217 56 
0 238 5 
0 193 58 
0 185 6 
0 256 5 
0 231 72 
0 146 23 
0 195 13 
0 207 20 
0 227 0 
0 192 26 
0 230 5 
0 157 4 
