151 177 29 5 0 
220 171 55 0 0 
188 212 38 12 0 
119 247 88 27 0 
164 227 65 0 0 
190 219 21 0 0 
95 323 43 1 0 
125 188 44 2 0 
155 248 63 4 0 
221 167 69 0 0 
98 268 70 0 0 
125 309 55 0 0 
187 191 65 0 0 
53 132 49 10 0 
95 188 57 16 0 
81 302 35 0 0 
70 260 35 1 0 
108 275 48 0 0 
103 194 110 0 0 
102 207 9 1 0 
216 219 41 2 0 
116 205 59 0 0 
181 112 117 0 0 
84 221 88 30 0 
106 305 14 0 0 
115 229 79 0 0 
99 301 41 2 0 
120 274 23 0 0 
112 198 76 0 0 
112 236 64 0 0 
162 156 59 0 0 
123 246 82 0 0 
108 194 106 0 0 
111 238 108 0 0 
113 174 126 22 0 
174 225 32 0 0 
184 227 123 9 0 
64 229 85 0 0 
173 250 43 0 0 
202 224 46 0 0 
64 277 60 0 0 
160 254 83 0 0 
154 203 26 0 0 
122 348 10 0 0 
131 138 57 0 0 
126 165 63 0 0 
106 205 75 4 0 
77 198 18 0 0 
62 184 98 18 0 
69 307 28 0 0 
124 304 46 0 0 
150 288 31 5 0 
112 207 32 0 0 
133 115 32 3 0 
73 139 112 7 0 
156 253 115 8 0 
53 184 44 31 0 
178 245 49 0 0 
46 240 75 0 0 
92 164 89 0 0 
76 259 70 0 0 
115 174 31 4 0 
150 360 36 0 0 
105 203 66 0 0 
106 244 59 0 0 
108 199 77 0 0 
152 193 54 12 0 
122 174 39 8 0 
98 225 71 0 0 
152 199 38 0 0 
63 251 4 116 0 
138 184 66 7 0 
131 266 36 0 0 
55 235 23 0 0 
85 121 67 0 0 
179 229 90 7 0 
132 194 50 0 0 
122 271 60 6 0 
113 147 66 9 0 
103 226 82 0 0 
185 171 69 0 0 
112 289 31 0 0 
115 270 105 0 0 
88 246 91 0 0 
133 195 101 8 0 
76 287 59 0 0 
74 440 73 0 0 
91 145 125 0 0 
136 245 65 0 0 
179 269 40 4 0 
148 305 10 0 0 
70 223 27 0 0 
152 239 55 4 0 
110 277 43 0 0 
168 235 10 0 0 
58 217 29 0 0 
98 322 32 0 0 
237 70 71 0 0 
79 121 85 0 0 
42 376 41 5 0 
218 181 6 0 0 
74 310 54 0 0 
171 209 61 1 0 
85 247 10 7 0 
116 207 62 1 0 
107 269 74 0 0 
84 272 76 0 0 
77 144 115 10 0 
75 205 50 0 0 
69 207 63 1 0 
148 195 51 0 0 
208 172 32 0 0 
123 204 26 0 0 
199 299 60 0 0 
86 207 107 17 0 
106 237 41 0 0 
111 303 11 0 0 
118 237 54 0 0 
176 182 44 0 0 
122 241 65 27 0 
137 372 7 1 0 
126 170 32 0 0 
100 193 25 0 0 
179 215 13 15 0 
144 263 17 0 0 
117 315 83 0 0 
93 167 78 0 0 
172 248 2 0 0 
44 254 4 0 0 
81 274 55 0 0 
125 219 94 0 0 
83 147 90 8 0 
116 251 53 0 0 
178 198 52 0 0 
20 199 69 0 0 
114 159 40 0 0 
63 209 7 10 0 
120 221 34 0 0 
126 154 35 18 0 
78 137 49 0 0 
89 292 61 0 0 
180 234 33 4 0 
142 137 144 0 0 
197 190 72 0 0 
112 158 60 0 0 
141 153 38 0 0 
98 215 43 0 0 
143 317 28 0 0 
121 280 60 0 0 
139 172 51 0 0 
156 247 54 0 0 
136 298 33 0 0 
90 270 118 0 0 
106 172 57 4 0 
134 177 66 0 0 
85 336 51 1 0 
208 254 65 0 0 
227 238 52 3 0 
109 243 44 0 0 
155 187 80 0 0 
116 261 57 0 0 
53 294 53 0 0 
89 170 87 0 0 
164 175 45 4 0 
65 222 153 0 0 
93 144 55 15 0 
140 219 25 0 0 
136 202 45 0 0 
118 237 61 0 0 
81 258 35 0 0 
95 167 114 0 0 
160 141 6 2 0 
136 166 21 0 0 
143 300 60 8 0 
94 207 112 0 0 
163 175 19 0 0 
114 291 118 14 0 
147 152 58 0 0 
86 272 19 0 0 
142 187 108 0 0 
102 258 64 0 0 
114 192 37 0 0 
87 173 40 10 0 
83 255 3 0 0 
101 250 41 9 0 
112 268 127 2 0 
184 103 69 0 0 
114 276 11 0 0 
72 300 29 0 0 
185 225 56 0 0 
105 310 16 0 0 
72 160 77 0 0 
70 241 103 0 0 
311 122 30 0 0 
79 224 85 0 0 
92 294 47 1 0 
90 301 62 0 0 
214 184 34 0 0 
40 357 16 0 0 
131 204 53 0 0 
118 194 14 0 0 
102 265 28 0 0 
54 273 103 0 0 
127 270 38 0 0 
123 323 49 0 0 
72 216 22 0 0 
73 275 27 0 0 
115 210 59 1 0 
114 225 59 0 0 
233 118 4 0 0 
115 259 47 15 0 
47 261 63 0 0 
214 194 39 0 0 
67 266 32 0 0 
73 296 84 0 0 
189 231 33 0 0 
147 187 35 0 0 
167 190 73 15 0 
211 226 87 0 0 
129 264 51 0 0 
168 291 83 0 0 
135 220 94 0 0 
138 238 61 0 0 
186 174 108 0 0 
120 168 79 0 0 
105 287 45 3 0 
79 212 74 6 0 
102 170 82 0 0 
183 157 31 0 0 
88 322 66 0 0 
152 177 46 0 0 
142 209 6 0 0 
138 203 36 0 0 
142 269 64 0 0 
49 257 54 1 0 
318 138 6 0 0 
94 216 65 0 0 
134 110 113 1 0 
228 209 32 0 0 
131 205 129 0 0 
101 284 48 0 0 
50 341 77 0 0 
101 195 34 0 0 
59 269 105 0 0 
86 160 44 0 0 
89 357 47 48 0 
100 166 67 0 0 
82 241 78 0 0 
61 265 83 0 0 
101 221 50 0 0 
137 323 71 0 0 
78 277 33 0 0 
43 154 102 11 0 
96 174 9 28 0 
177 193 80 0 0 
107 146 85 37 0 
111 217 51 0 0 
162 204 18 0 0 
132 244 81 0 0 
90 167 125 12 0 
120 187 25 0 0 
127 201 41 0 0 
96 210 19 0 0 
122 256 25 18 0 
79 269 81 7 0 
70 218 75 0 0 
57 328 98 0 0 
96 171 52 0 0 
193 185 29 0 0 
79 158 29 0 0 
79 327 22 0 0 
98 303 78 0 0 
263 187 14 9 0 
51 285 46 0 0 
98 257 102 13 0 
160 187 57 1 0 
109 263 61 0 0 
189 178 96 1 0 
71 194 134 0 0 
159 278 23 1 0 
77 165 50 11 0 
122 269 20 0 0 
161 205 16 0 0 
103 132 173 0 0 
138 277 10 0 0 
106 255 12 2 0 
91 213 83 0 0 
105 397 45 8 0 
153 165 111 0 0 
116 193 60 0 0 
114 263 61 0 0 
91 328 66 0 0 
134 191 15 0 0 
71 297 22 0 0 
135 208 55 0 0 
119 206 118 0 0 
137 258 74 0 0 
152 150 69 0 0 
60 217 57 8 0 
153 251 68 29 0 
155 189 59 0 0 
141 162 72 0 0 
128 216 37 0 0 
82 321 69 0 0 
143 219 23 51 0 
155 238 124 0 0 
89 261 94 0 0 
139 141 86 0 0 
132 190 27 0 0 
136 284 57 0 0 
123 168 29 0 0 
99 195 72 1 0 
141 230 69 11 0 
149 103 30 0 0 
128 250 49 0 0 
115 237 46 0 0 
87 159 89 4 0 
160 110 53 0 0 
138 165 111 0 0 
91 196 118 38 0 
152 225 69 0 0 
100 279 43 0 0 
147 214 78 0 0 
102 186 39 0 0 
92 222 41 18 0 
137 151 38 1 0 
84 140 87 0 0 
126 173 13 0 0 
85 225 98 0 0 
203 231 22 10 0 
112 308 70 0 0 
99 288 74 0 0 
128 339 47 0 0 
70 266 36 0 0 
131 241 73 5 0 
63 181 64 4 0 
182 114 84 21 0 
152 241 16 0 0 
180 291 79 0 0 
65 325 100 0 0 
120 195 84 0 0 
157 183 81 0 0 
50 218 29 0 0 
151 224 80 0 0 
141 136 47 0 0 
60 272 49 0 0 
86 158 44 0 0 
55 290 93 0 0 
47 373 37 0 0 
125 262 56 0 0 
142 189 64 0 0 
148 298 103 11 0 
154 218 65 0 0 
129 234 35 0 0 
146 290 15 0 0 
169 200 51 3 0 
54 314 39 20 0 
135 211 37 12 0 
86 314 59 0 0 
135 323 59 0 0 
137 163 53 0 0 
144 220 50 1 0 
131 184 41 0 0 
118 263 46 16 0 
194 196 79 0 0 
120 206 13 0 0 
137 222 77 0 0 
142 282 38 0 0 
155 234 24 0 0 
156 213 114 0 0 
156 231 55 26 0 
188 164 89 0 0 
125 210 80 0 0 
129 228 93 5 0 
150 210 23 0 0 
97 279 37 0 0 
166 170 53 0 0 
77 236 78 0 0 
184 111 30 34 0 
137 211 79 0 0 
146 191 106 0 0 
154 202 142 0 0 
126 222 40 0 0 
106 229 18 0 0 
168 161 192 13 0 
97 203 61 0 0 
161 329 10 0 0 
75 240 91 1 0 
52 220 50 2 0 
51 224 27 0 0 
212 145 48 0 0 
120 221 97 60 0 
205 237 26 0 0 
83 276 75 0 0 
60 287 92 0 0 
80 171 46 8 0 
77 296 84 4 0 
167 264 37 0 0 
159 150 20 8 0 
157 193 39 0 0 
70 300 72 0 0 
216 194 42 10 0 
89 339 99 0 0 
99 257 33 0 0 
112 350 9 0 0 
165 215 80 11 0 
122 231 19 0 0 
55 297 60 5 0 
81 190 92 25 0 
143 279 64 1 0 
211 304 7 0 0 
220 212 76 0 0 
62 236 42 0 0 
110 250 50 0 0 
184 160 94 0 0 
105 264 32 0 0 
151 236 54 0 0 
90 312 59 0 0 
151 212 60 0 0 
53 265 155 0 0 
63 295 128 0 0 
165 228 26 6 0 
121 192 67 0 0 
96 168 116 0 0 
98 221 91 2 0 
37 295 109 1 0 
160 233 58 1 0 
187 220 44 4 0 
216 270 67 0 0 
105 188 47 0 0 
85 262 22 0 0 
101 237 13 1 0 
199 243 60 0 0 
57 101 100 45 0 
116 320 40 0 0 
132 272 110 0 0 
65 244 167 2 0 
224 279 85 0 0 
129 201 29 13 0 
140 228 52 0 0 
102 183 66 0 0 
105 268 35 0 0 
69 263 60 14 0 
198 161 5 1 0 
176 314 17 0 0 
73 302 84 0 0 
87 275 84 0 0 
91 206 46 0 0 
40 176 78 0 0 
141 185 88 8 0 
83 284 110 0 0 
150 158 52 1 0 
93 226 84 8 0 
158 184 134 2 0 
70 154 99 16 0 
115 296 82 26 0 
129 246 46 0 0 
71 309 36 2 0 
191 168 74 0 0 
165 189 4 3 0 
113 227 44 0 0 
53 297 90 0 0 
161 234 28 0 0 
132 208 26 0 0 
80 246 65 0 0 
52 300 102 0 0 
50 320 43 1 0 
96 226 134 0 0 
123 185 34 0 0 
70 216 60 0 0 
92 217 94 0 0 
181 213 107 0 0 
128 346 21 0 0 
51 373 57 0 0 
214 241 35 0 0 
111 359 29 0 0 
154 171 95 0 0 
64 353 36 0 0 
85 208 13 0 0 
80 260 78 2 0 
109 254 47 0 0 
103 239 59 0 0 
172 307 9 1 0 
72 237 69 0 0 
157 184 62 6 0 
129 294 35 1 0 
139 109 87 13 0 
68 289 29 8 0 
76 266 12 0 0 
151 256 12 0 0 
142 131 27 0 0 
214 185 86 0 0 
132 265 64 0 0 
194 151 74 11 0 
106 274 33 0 0 
117 261 38 10 0 
111 191 98 0 0 
184 283 76 11 0 
81 190 16 0 0 
193 106 80 6 0 
179 125 71 33 0 
208 163 71 0 0 
173 175 53 0 0 
145 163 12 0 0 
73 239 41 0 0 
138 252 95 0 0 
116 303 41 3 0 
134 224 40 0 0 
219 226 51 14 0 
144 241 16 0 0 
287 242 19 0 0 
62 206 82 0 0 
72 193 85 2 0 
76 280 61 0 0 
66 307 98 1 0 
126 298 25 0 0 
46 299 10 2 0 
65 263 50 1 0 
52 299 25 0 0 
92 180 104 0 0 
54 286 121 2 0 
119 198 148 0 0 
197 144 29 0 0 
84 295 41 0 0 
133 243 129 0 0 
165 248 52 0 0 
125 179 82 10 0 
130 240 28 0 0 
143 252 23 0 0 
63 337 73 0 0 
143 216 61 0 0 
139 228 39 0 0 
146 102 28 0 0 
164 240 70 0 0 
62 307 55 0 0 
107 254 33 3 0 
167 272 60 0 0 
218 192 39 0 0 
19 249 157 0 0 
229 127 55 0 0 
63 254 96 0 0 
226 262 55 0 0 
271 224 50 0 0 
77 238 55 1 0 
84 248 48 0 0 
127 250 41 0 0 
147 221 95 0 0 
129 287 7 0 0 
77 264 71 1 0 
164 239 52 0 0 
121 190 59 6 0 
78 201 29 0 0 
97 230 10 0 0 
104 245 71 0 0 
104 191 60 34 0 
108 261 72 4 0 
163 272 20 0 0 
120 196 73 0 0 
93 242 87 9 0 
147 215 123 4 0 
46 414 33 2 0 
241 203 37 1 0 
169 260 54 0 0 
67 235 36 0 0 
119 185 43 0 0 
154 300 28 0 0 
200 259 20 0 0 
66 267 68 0 0 
55 313 11 7 0 
68 213 115 2 0 
74 269 105 0 0 
169 138 81 0 0 
172 147 63 0 0 
88 155 44 0 0 
105 254 15 2 0 
115 249 57 6 0 
97 222 73 0 0 
126 206 41 4 0 
128 229 117 0 0 
218 179 40 0 0 
120 287 44 0 0 
116 269 59 0 0 
95 308 95 0 0 
111 239 44 0 0 
110 181 20 0 0 
151 240 35 0 0 
135 153 52 0 0 
129 162 79 0 0 
113 189 111 0 0 
107 195 13 0 0 
124 314 43 48 0 
170 229 57 0 0 
62 202 36 0 0 
144 209 61 0 0 
147 226 56 23 0 
162 199 29 0 0 
114 175 90 0 0 
93 298 66 0 0 
103 193 87 0 0 
132 231 87 5 0 
86 258 181 0 0 
87 170 21 0 0 
114 236 45 0 0 
137 223 35 0 0 
181 174 70 3 0 
197 217 63 0 0 
150 212 16 0 0 
57 210 71 0 0 
52 313 79 0 0 
168 169 42 0 0 
80 202 82 0 0 
119 242 34 0 0 
128 324 92 0 0 
175 120 32 0 0 
98 203 58 0 0 
137 226 39 0 0 
89 102 226 0 0 
58 227 55 9 0 
116 196 77 0 0 
95 198 70 0 0 
142 163 41 0 0 
49 232 58 0 0 
130 165 36 0 0 
117 202 91 0 0 
105 206 47 0 0 
74 249 63 7 0 
68 252 86 0 0 
229 163 52 0 0 
134 112 9 65 0 
150 207 29 111 0 
124 180 19 0 0 
135 246 102 1 0 
106 233 67 6 0 
82 380 67 0 0 
52 292 53 8 0 
28 251 57 0 0 
51 197 26 0 0 
143 299 21 0 0 
94 167 110 17 0 
96 272 55 0 0 
117 273 59 0 0 
143 267 8 0 0 
76 259 70 0 0 
196 232 17 0 0 
98 291 51 0 0 
108 197 113 0 0 
197 235 30 0 0 
169 140 88 0 0 
205 255 34 37 0 
95 163 95 0 0 
149 228 68 0 0 
60 311 29 1 0 
106 198 57 16 0 
74 221 58 7 0 
176 214 74 0 0 
106 256 45 0 0 
85 284 46 0 0 
69 272 144 0 0 
113 158 132 0 0 
232 228 31 0 0 
66 329 29 0 0 
116 288 37 0 0 
112 238 95 0 0 
124 188 28 0 0 
40 215 18 14 0 
107 225 42 12 0 
98 112 49 3 0 
118 305 46 0 0 
71 184 198 23 0 
104 317 62 0 0 
68 364 113 2 0 
73 232 38 0 0 
85 312 54 8 0 
68 199 110 0 0 
136 298 36 0 0 
174 184 25 7 0 
119 174 9 0 0 
62 453 51 0 0 
128 259 60 0 0 
46 310 49 0 0 
93 158 29 0 0 
122 179 67 0 0 
111 215 68 15 0 
52 318 49 0 0 
105 242 54 0 0 
35 255 53 0 0 
82 282 46 0 0 
97 275 51 0 0 
86 311 44 1 0 
82 183 92 0 0 
88 252 86 5 0 
123 342 112 0 0 
175 249 42 17 0 
121 173 48 2 0 
192 276 51 0 0 
127 314 39 5 0 
160 243 35 0 0 
110 144 63 1 0 
118 145 46 8 0 
92 215 88 0 0 
217 162 12 6 0 
132 254 19 0 0 
77 271 23 0 0 
63 196 67 0 0 
107 195 39 0 0 
193 168 46 0 0 
78 204 26 0 0 
119 235 31 0 0 
147 305 119 0 0 
120 267 72 0 0 
80 254 20 8 0 
53 223 29 3 0 
75 196 91 0 0 
144 285 49 0 0 
145 203 56 0 0 
139 166 25 0 0 
169 108 18 0 0 
126 145 44 0 0 
78 194 42 30 0 
101 227 50 1 0 
115 225 14 0 0 
144 133 199 0 0 
146 92 46 5 0 
195 213 68 0 0 
60 272 45 0 0 
128 237 32 0 0 
113 320 45 0 0 
111 242 84 0 0 
74 266 50 0 0 
121 222 74 2 0 
75 271 90 21 0 
187 351 47 0 0 
72 213 51 0 0 
110 200 38 1 0 
219 191 45 0 0 
62 253 73 0 0 
105 249 76 4 0 
140 197 104 0 0 
152 235 53 1 0 
168 262 45 0 0 
100 259 52 0 0 
97 210 70 0 0 
83 169 49 20 0 
137 170 82 0 0 
114 244 73 0 0 
139 298 27 3 0 
103 269 39 0 0 
37 176 66 11 0 
88 241 46 0 0 
124 326 113 1 0 
83 330 66 13 0 
65 247 86 0 0 
287 158 27 0 0 
170 177 54 0 0 
65 360 15 0 0 
120 189 61 0 0 
159 195 46 10 0 
96 215 17 6 0 
88 263 78 2 0 
140 157 49 0 0 
151 370 62 0 0 
144 175 26 1 0 
126 270 88 0 0 
172 294 61 0 0 
180 211 69 0 0 
141 204 85 1 0 
93 193 32 0 0 
88 167 56 0 0 
200 217 9 0 0 
118 229 54 0 0 
179 214 34 8 0 
110 198 32 4 0 
78 215 87 0 0 
167 210 39 0 0 
69 293 77 0 0 
61 148 53 8 0 
82 190 143 15 0 
100 206 70 0 0 
175 273 36 0 0 
132 259 26 0 0 
98 252 54 0 0 
200 202 67 0 0 
144 169 149 0 0 
196 172 40 0 0 
140 323 35 0 0 
147 169 10 0 0 
78 253 55 12 0 
60 261 18 0 0 
158 127 21 2 0 
97 221 50 42 0 
79 278 21 0 0 
72 215 8 1 0 
134 278 22 0 0 
114 295 63 0 0 
76 264 107 3 0 
158 223 78 6 0 
34 282 39 1 0 
141 293 11 1 0 
92 184 7 0 0 
59 244 56 0 0 
74 258 39 0 0 
166 196 129 0 0 
177 179 58 0 0 
103 229 97 0 0 
121 176 136 2 0 
90 278 43 0 0 
77 120 92 1 0 
119 163 62 0 0 
114 195 52 4 0 
116 239 51 0 0 
88 235 79 1 0 
138 232 73 2 0 
113 187 37 0 0 
41 310 13 12 0 
206 190 11 0 0 
235 162 17 0 0 
154 348 55 0 0 
216 165 55 0 0 
75 108 105 12 0 
78 226 38 3 0 
136 152 100 0 0 
61 205 29 2 0 
148 406 21 0 0 
105 344 81 2 0 
229 206 28 1 0 
213 161 36 2 0 
116 178 77 0 0 
104 272 71 0 0 
104 284 19 0 0 
87 269 31 0 0 
111 196 139 0 0 
111 271 38 0 0 
91 215 77 1 0 
118 329 8 38 0 
180 191 60 0 0 
99 298 39 13 0 
134 207 49 0 0 
203 225 37 0 0 
145 258 32 9 0 
140 186 139 0 0 
114 321 21 0 0 
222 241 12 0 0 
169 295 62 0 0 
105 261 31 0 0 
121 266 49 0 0 
208 251 46 0 0 
169 253 33 0 0 
123 258 11 0 0 
74 253 17 21 0 
92 261 54 5 0 
135 148 59 0 0 
219 237 51 0 0 
80 134 57 0 0 
98 261 61 0 0 
88 180 94 0 0 
106 175 69 0 0 
114 304 32 0 0 
197 181 51 0 0 
104 253 60 0 0 
79 205 14 0 0 
110 294 34 7 0 
63 326 77 0 0 
51 328 54 0 0 
62 183 128 0 0 
106 233 51 0 0 
88 247 70 9 0 
110 205 103 42 0 
118 324 9 0 0 
73 163 41 0 0 
140 207 67 0 0 
136 219 41 0 0 
233 170 75 0 0 
265 180 21 8 0 
213 258 39 0 0 
112 323 41 0 0 
130 255 40 13 0 
227 216 24 0 0 
174 198 50 0 0 
204 196 27 0 0 
205 264 124 7 0 
148 254 57 0 0 
129 249 38 0 0 
106 358 14 0 0 
119 248 29 1 0 
72 339 27 0 0 
138 200 87 0 0 
251 283 20 0 0 
169 203 81 0 0 
181 134 56 0 0 
157 299 77 0 0 
178 187 59 0 0 
166 160 137 0 0 
198 251 29 0 0 
128 57 89 0 0 
83 157 202 0 0 
148 187 61 0 0 
83 219 33 0 0 
202 176 18 16 0 
111 231 37 10 0 
208 245 93 1 0 
121 263 40 0 0 
94 241 70 0 0 
86 216 63 0 0 
179 290 26 19 0 
128 224 85 0 0 
75 233 72 20 0 
168 120 122 0 0 
186 220 44 1 0 
132 203 84 2 0 
55 283 72 16 0 
111 252 25 4 0 
110 153 28 0 0 
68 341 36 0 0 
91 310 54 0 0 
167 214 46 0 0 
99 233 95 25 0 
159 247 3 0 0 
67 222 102 0 0 
165 168 45 0 0 
134 246 34 0 0 
126 272 18 0 0 
124 95 66 5 0 
209 203 49 4 0 
73 261 55 0 0 
161 102 76 1 0 
136 225 68 0 0 
75 316 30 0 0 
154 235 45 0 0 
87 343 44 1 0 
39 245 35 0 0 
150 136 38 0 0 
158 204 59 0 0 
138 199 39 1 0 
72 324 36 41 0 
71 192 95 0 0 
63 182 110 0 0 
84 232 132 0 0 
154 163 38 17 0 
43 275 106 1 0 
128 124 31 0 0 
81 459 17 0 0 
185 361 21 0 0 
82 272 64 0 0 
167 161 18 0 0 
193 245 27 0 0 
86 161 79 5 0 
58 278 61 0 0 
64 199 58 0 0 
95 191 80 0 0 
101 165 29 0 0 
126 229 10 0 0 
186 225 26 0 0 
67 190 75 0 0 
96 302 39 0 0 
49 313 10 0 0 
62 237 200 2 0 
137 221 30 0 0 
94 165 111 0 0 
187 256 23 0 0 
117 232 50 0 0 
206 273 42 0 0 
157 323 43 0 0 
175 272 86 0 0 
96 200 41 0 0 
83 149 31 4 0 
120 365 57 0 0 
178 183 38 1 0 
183 215 62 0 0 
118 153 71 0 0 
85 172 128 0 0 
202 265 0 0 0 
181 245 52 0 0 
89 275 13 0 0 
75 277 43 0 0 
115 355 38 0 0 
143 216 70 1 0 
66 226 43 1 0 
115 189 57 0 0 
120 251 103 5 0 
161 280 37 0 0 
169 219 77 0 0 
65 257 43 0 0 
106 303 22 7 0 
95 166 118 0 0 
41 168 95 0 0 
135 297 47 0 0 
126 149 66 8 0 
73 292 14 0 0 
70 117 96 0 0 
168 223 2 0 0 
89 260 65 0 0 
73 213 58 0 0 
111 188 54 30 0 
97 217 73 21 0 
96 295 39 0 0 
99 242 37 8 0 
115 224 87 7 0 
86 143 56 0 0 
88 170 22 11 0 
101 300 41 6 0 
