570 234 196 
671 207 122 
664 210 126 
559 215 226 
702 229 69 
662 209 129 
699 185 116 
669 200 131 
622 171 207 
580 215 205 
579 211 210 
623 185 192 
711 158 131 
680 134 186 
514 180 306 
575 185 240 
621 134 245 
618 246 136 
484 209 307 
649 191 160 
592 198 210 
675 193 132 
684 169 147 
625 222 153 
648 220 132 
577 225 198 
599 232 169 
598 184 218 
662 207 131 
590 230 180 
549 151 300 
510 145 345 
622 219 159 
630 200 170 
671 140 189 
610 180 210 
636 179 185 
666 173 161 
589 214 197 
603 228 169 
634 159 207 
636 205 159 
667 226 107 
614 217 169 
566 252 182 
634 173 193 
586 257 157 
558 262 180 
587 225 188 
671 180 149 
719 157 124 
605 219 176 
607 195 198 
629 171 200 
553 227 220 
686 201 113 
610 219 171 
581 259 160 
545 219 236 
617 185 198 
586 191 223 
654 164 182 
700 164 136 
614 250 136 
602 209 189 
589 235 176 
597 237 166 
575 222 203 
679 162 159 
608 219 173 
604 248 148 
672 155 173 
602 205 193 
587 210 203 
662 207 131 
602 228 170 
643 184 173 
545 238 217 
603 264 133 
543 208 249 
580 242 178 
521 175 304 
650 200 150 
602 178 220 
651 197 152 
611 224 165 
655 172 173 
569 164 267 
715 217 68 
653 198 149 
622 215 163 
585 224 191 
651 202 147 
636 217 147 
706 203 91 
637 245 118 
559 198 243 
563 195 242 
574 200 226 
597 244 159 
619 173 208 
660 199 141 
550 236 214 
620 214 166 
570 202 228 
649 168 183 
607 234 159 
565 251 184 
692 186 122 
616 237 147 
576 236 188 
595 259 146 
614 232 154 
546 280 174 
700 172 128 
652 224 124 
514 258 228 
615 195 190 
582 215 203 
574 220 206 
684 140 176 
584 200 216 
594 188 218 
727 163 110 
664 241 95 
659 190 151 
604 259 137 
675 224 101 
650 180 170 
432 175 393 
562 262 176 
594 205 201 
586 200 214 
694 223 83 
647 166 187 
649 197 154 
644 154 202 
632 208 160 
546 215 239 
715 170 115 
738 156 106 
719 191 90 
526 204 270 
636 205 159 
627 182 191 
531 237 232 
559 231 210 
673 167 160 
579 261 160 
624 222 154 
674 221 105 
626 184 190 
621 232 147 
657 195 148 
575 217 208 
729 186 85 
614 194 192 
676 186 138 
696 161 143 
495 262 243 
602 164 234 
619 206 175 
621 207 172 
745 182 73 
737 130 133 
698 180 122 
654 221 125 
663 174 163 
584 217 199 
602 251 147 
659 216 125 
651 192 157 
674 169 157 
612 152 236 
694 157 149 
685 208 107 
652 222 126 
628 129 243 
638 230 132 
656 175 169 
597 217 186 
700 174 126 
606 220 174 
672 204 124 
669 155 176 
601 235 164 
571 191 238 
568 194 238 
669 162 169 
612 159 229 
641 257 102 
602 203 195 
685 164 151 
597 176 227 
637 187 176 
643 239 118 
603 256 141 
674 224 102 
726 172 102 
652 254 94 
728 157 115 
584 214 202 
650 245 105 
615 213 172 
626 220 154 
643 245 112 
517 230 253 
614 161 225 
668 214 118 
684 148 168 
642 200 158 
733 130 137 
599 222 179 
525 167 308 
681 177 142 
647 217 136 
624 206 170 
506 243 251 
631 187 182 
573 178 249 
654 238 108 
642 184 174 
681 182 137 
716 169 115 
564 224 212 
585 189 226 
614 146 240 
540 177 283 
589 177 234 
662 208 130 
636 216 148 
499 223 278 
632 177 191 
634 238 128 
613 206 181 
624 187 189 
657 161 182 
602 222 176 
599 198 203 
659 171 170 
580 205 215 
519 171 310 
608 227 165 
562 249 189 
612 214 174 
487 228 285 
591 210 199 
527 224 249 
633 212 155 
665 229 106 
566 200 234 
592 189 219 
554 224 222 
580 203 217 
673 191 136 
641 240 119 
640 201 159 
625 209 166 
616 223 161 
612 234 154 
639 159 202 
630 209 161 
575 252 173 
684 133 183 
584 225 191 
654 186 160 
636 206 158 
670 170 160 
595 271 134 
692 149 159 
559 215 226 
570 163 267 
605 244 151 
659 150 191 
572 193 235 
681 232 87 
612 248 140 
549 210 241 
609 216 175 
597 222 181 
673 173 154 
704 170 126 
517 188 295 
653 205 142 
587 200 213 
654 201 145 
600 191 209 
533 202 265 
583 187 230 
551 277 172 
671 160 169 
638 236 126 
596 205 199 
576 177 247 
714 204 82 
535 213 252 
640 192 168 
609 215 176 
594 169 237 
540 238 222 
650 222 128 
621 250 129 
618 246 136 
610 221 169 
565 244 191 
652 177 171 
622 175 203 
655 226 119 
629 227 144 
611 229 160 
613 149 238 
536 263 201 
690 201 109 
602 223 175 
549 214 237 
652 159 189 
567 308 125 
599 220 181 
640 195 165 
561 188 251 
587 258 155 
525 317 158 
619 243 138 
714 179 107 
703 182 115 
560 299 141 
597 223 180 
619 214 167 
604 255 141 
592 225 183 
688 175 137 
680 185 135 
538 208 254 
682 212 106 
615 113 272 
671 216 113 
612 255 133 
592 226 182 
659 160 181 
560 161 279 
675 190 135 
670 130 200 
535 281 184 
662 165 173 
592 156 252 
601 235 164 
623 234 143 
677 192 131 
622 198 180 
669 158 173 
626 220 154 
607 277 116 
587 227 186 
626 231 143 
674 209 117 
647 242 111 
488 265 247 
588 194 218 
696 203 101 
604 255 141 
647 217 136 
739 184 77 
595 200 205 
611 249 140 
590 211 199 
662 220 118 
584 214 202 
483 215 302 
611 215 174 
609 228 163 
658 194 148 
682 169 149 
555 217 228 
643 214 143 
556 228 216 
632 142 226 
637 237 126 
654 206 140 
656 211 133 
684 222 94 
659 182 159 
676 169 155 
672 167 161 
597 222 181 
589 221 190 
571 205 224 
670 232 98 
587 222 191 
601 187 212 
579 181 240 
570 209 221 
636 222 142 
640 239 121 
645 165 190 
648 228 124 
704 115 181 
604 173 223 
606 246 148 
610 203 187 
601 185 214 
612 255 133 
533 205 262 
590 245 165 
668 168 164 
624 203 173 
660 174 166 
588 176 236 
603 196 201 
691 177 132 
660 197 143 
585 192 223 
566 257 177 
619 218 163 
654 224 122 
594 241 165 
559 209 232 
580 211 209 
617 201 182 
634 220 146 
644 172 184 
705 194 101 
615 177 208 
686 150 164 
623 221 156 
606 232 162 
573 219 208 
658 201 141 
629 224 147 
673 204 123 
608 219 173 
530 193 277 
661 215 124 
721 181 98 
665 161 174 
621 217 162 
628 213 159 
590 175 235 
593 193 214 
662 235 103 
641 163 196 
693 176 131 
648 280 72 
659 203 138 
530 230 240 
598 217 185 
659 194 147 
567 265 168 
630 242 128 
674 218 108 
711 155 134 
539 161 300 
608 235 157 
632 251 117 
598 258 144 
631 207 162 
587 207 206 
589 241 170 
584 179 237 
698 166 136 
516 174 310 
629 265 106 
616 250 134 
605 255 140 
574 266 160 
546 198 256 
669 188 143 
556 180 264 
500 200 300 
573 273 154 
552 220 228 
677 171 152 
583 210 207 
593 223 184 
674 231 95 
628 197 175 
538 261 201 
608 244 148 
725 146 129 
633 170 197 
622 277 101 
506 203 291 
709 157 134 
641 241 118 
572 231 197 
699 176 125 
509 157 334 
597 239 164 
533 237 230 
631 209 160 
523 133 344 
666 145 189 
621 218 161 
592 165 243 
618 188 194 
617 140 243 
659 192 149 
685 189 126 
670 202 128 
587 206 207 
652 214 134 
633 209 158 
620 255 125 
657 174 169 
542 150 308 
598 248 154 
695 208 97 
644 192 164 
657 244 99 
691 165 144 
661 146 193 
676 152 172 
606 286 108 
692 199 109 
602 238 160 
651 233 116 
596 220 184 
561 211 228 
663 213 124 
647 259 94 
555 234 211 
556 252 192 
635 162 203 
634 173 193 
614 261 125 
659 224 117 
626 199 175 
584 265 151 
645 198 157 
573 214 213 
605 238 157 
678 174 148 
686 130 184 
653 177 170 
625 145 230 
639 211 150 
715 155 130 
658 215 127 
757 144 99 
572 203 225 
562 172 266 
647 223 130 
492 214 294 
567 236 197 
548 215 237 
511 209 280 
622 177 201 
570 263 167 
655 237 108 
611 176 213 
618 179 203 
651 212 137 
614 218 168 
663 230 107 
610 189 201 
609 160 231 
579 217 204 
680 215 105 
623 219 158 
542 251 207 
559 210 231 
542 186 272 
606 212 182 
640 199 161 
679 192 129 
678 188 134 
628 204 168 
646 187 167 
662 219 119 
678 214 108 
655 202 143 
522 209 269 
647 172 181 
635 177 188 
650 154 196 
602 179 219 
523 256 221 
548 247 205 
631 216 153 
605 186 209 
581 152 267 
582 260 158 
576 196 228 
619 224 157 
581 228 191 
589 234 177 
586 244 170 
645 167 188 
644 225 131 
567 166 267 
634 254 112 
711 235 54 
658 219 123 
715 176 109 
624 209 167 
601 192 207 
554 253 193 
604 212 184 
677 164 159 
703 172 125 
653 192 155 
678 205 117 
685 144 171 
564 223 213 
675 159 166 
619 228 153 
616 215 169 
512 182 306 
661 202 137 
539 176 285 
591 193 216 
589 272 139 
652 199 149 
539 189 272 
516 235 249 
554 243 203 
680 180 140 
538 188 274 
630 289 81 
574 218 208 
624 260 116 
639 221 140 
632 188 180 
620 204 176 
629 133 238 
672 208 120 
625 193 182 
653 191 156 
593 209 198 
750 172 78 
616 161 223 
586 201 213 
576 248 176 
677 175 148 
577 226 197 
610 210 180 
596 247 157 
670 228 102 
688 222 90 
573 245 182 
623 223 154 
570 282 148 
599 260 141 
651 156 193 
639 178 183 
593 239 168 
556 228 216 
639 192 169 
569 191 240 
667 157 176 
711 193 96 
659 228 113 
600 225 175 
675 191 134 
617 166 217 
607 209 184 
608 230 162 
664 205 131 
604 204 192 
664 144 192 
669 181 150 
623 225 152 
562 252 186 
601 237 162 
603 203 194 
648 233 119 
626 217 157 
626 213 161 
573 241 186 
657 184 159 
628 189 183 
598 203 199 
667 187 146 
607 219 174 
532 180 288 
664 175 161 
659 219 122 
684 193 123 
607 228 165 
745 173 82 
600 277 123 
586 198 216 
608 195 197 
651 193 156 
657 229 114 
583 217 200 
602 249 149 
607 273 120 
724 186 90 
624 229 147 
657 212 131 
540 170 290 
529 151 320 
665 251 84 
714 201 85 
660 254 86 
493 174 333 
710 181 109 
594 194 212 
601 197 202 
689 175 136 
628 244 128 
667 198 135 
528 249 223 
494 241 265 
572 154 274 
615 198 187 
631 135 234 
596 236 168 
668 202 130 
628 236 136 
598 218 184 
586 201 213 
633 203 164 
611 219 170 
553 271 176 
576 156 268 
590 195 215 
633 208 159 
491 235 274 
647 186 167 
586 222 192 
618 205 177 
660 167 173 
583 274 143 
614 216 170 
581 207 212 
617 208 175 
548 300 152 
602 226 172 
734 196 70 
634 214 152 
675 199 126 
547 225 228 
596 168 236 
584 193 223 
606 223 171 
604 237 159 
548 238 214 
664 216 120 
688 161 151 
748 177 75 
579 230 191 
660 159 181 
568 201 231 
686 193 121 
513 238 249 
657 165 178 
632 228 140 
651 209 140 
633 212 155 
634 215 151 
531 261 208 
661 221 118 
598 227 175 
662 175 163 
568 212 220 
519 229 252 
687 191 122 
507 259 234 
588 226 186 
631 249 120 
571 162 267 
699 157 144 
672 189 139 
657 194 149 
754 178 68 
699 182 119 
614 175 211 
536 216 248 
511 192 297 
685 190 125 
638 165 197 
668 176 156 
589 221 190 
627 192 181 
615 205 180 
668 223 109 
609 176 215 
601 190 209 
612 185 203 
679 167 154 
598 173 229 
679 219 102 
565 316 119 
603 151 246 
662 181 157 
724 217 59 
625 235 140 
649 235 116 
596 258 146 
665 212 123 
522 277 201 
640 159 201 
571 140 289 
633 193 174 
568 188 244 
624 209 167 
569 207 224 
641 157 202 
628 202 170 
607 189 204 
619 200 181 
606 231 163 
630 182 188 
611 214 175 
640 160 200 
549 190 261 
663 245 92 
650 187 163 
618 174 208 
601 279 120 
612 212 176 
698 149 153 
553 188 259 
576 159 265 
574 212 214 
562 251 187 
566 247 187 
574 252 174 
657 171 172 
579 191 230 
615 170 215 
661 223 116 
716 171 113 
578 223 199 
607 208 185 
634 260 106 
610 217 173 
667 198 135 
556 209 235 
638 207 155 
665 197 138 
687 212 101 
636 269 95 
534 207 259 
588 212 200 
565 196 239 
650 158 192 
632 227 141 
616 212 172 
644 181 175 
510 170 320 
608 175 217 
544 274 182 
623 236 141 
626 185 189 
616 217 167 
549 227 224 
648 221 131 
603 190 207 
683 171 146 
642 205 153 
477 231 292 
541 131 328 
515 241 244 
615 253 132 
650 222 128 
626 211 163 
607 213 180 
631 205 164 
646 235 119 
620 152 228 
630 180 190 
491 195 314 
621 199 180 
704 200 96 
615 186 199 
640 197 163 
655 212 133 
606 277 117 
591 220 189 
588 194 218 
723 153 124 
687 169 144 
718 212 70 
548 212 240 
671 248 81 
598 193 209 
600 208 192 
650 176 174 
696 142 162 
671 178 151 
709 180 111 
623 189 188 
609 192 199 
497 248 255 
603 253 144 
584 222 194 
626 176 198 
644 192 164 
647 262 91 
557 170 273 
703 184 113 
657 215 128 
554 182 264 
566 212 222 
652 251 97 
696 210 94 
639 220 141 
718 171 111 
612 167 221 
645 199 156 
552 208 240 
543 244 213 
649 138 213 
586 180 234 
612 193 195 
544 239 217 
643 182 175 
644 229 127 
568 271 161 
548 246 206 
580 202 218 
520 212 268 
601 246 153 
510 259 231 
673 194 133 
505 166 329 
537 242 221 
644 231 125 
601 199 200 
559 214 227 
710 195 95 
558 259 183 
712 184 104 
553 208 239 
651 228 121 
646 210 144 
694 178 128 
631 230 139 
620 211 169 
703 191 106 
618 212 170 
597 235 168 
653 199 148 
450 222 328 
624 171 205 
554 180 266 
606 209 185 
648 173 179 
636 188 176 
580 200 220 
658 178 164 
623 217 160 
779 118 103 
707 151 142 
644 205 151 
654 167 179 
566 209 225 
619 202 179 
637 227 136 
605 212 183 
612 160 228 
570 169 261 
645 229 126 
658 201 141 
592 203 205 
567 241 192 
712 179 109 
657 262 81 
661 131 208 
609 221 170 
575 277 148 
712 160 128 
633 214 153 
673 181 146 
680 156 164 
667 186 147 
651 206 143 
628 209 163 
640 210 150 
653 208 139 
668 198 134 
635 174 191 
635 225 140 
568 219 213 
647 214 139 
608 186 206 
605 206 189 
605 206 189 
610 265 125 
635 229 136 
584 159 257 
646 221 133 
663 195 142 
688 174 138 
582 243 175 
617 212 171 
578 242 180 
704 179 117 
601 212 187 
703 190 107 
665 210 125 
664 124 212 
623 200 177 
682 177 141 
586 248 166 
683 163 154 
624 179 197 
516 240 244 
