0 181 95 
0 203 18 
0 215 26 
0 214 19 
0 195 15 
0 196 3 
0 195 6 
0 236 39 
0 187 12 
0 214 13 
0 195 19 
0 169 15 
0 206 31 
0 169 40 
0 255 5 
0 231 10 
0 236 29 
0 161 16 
0 204 1 
0 169 9 
0 198 15 
0 223 14 
0 193 42 
0 235 18 
0 192 23 
0 209 7 
0 150 4 
0 217 10 
0 225 14 
0 199 20 
0 218 28 
0 184 2 
0 245 49 
0 221 26 
0 246 62 
0 190 10 
0 257 20 
0 180 23 
0 186 16 
0 194 9 
0 274 23 
0 189 5 
0 202 30 
0 225 21 
0 230 23 
0 223 7 
0 189 26 
0 213 23 
0 188 8 
0 222 8 
0 213 2 
0 225 6 
0 203 15 
0 182 28 
0 208 0 
0 199 15 
0 176 10 
0 213 23 
0 232 20 
0 200 14 
0 184 18 
0 212 27 
0 206 27 
0 229 3 
0 244 34 
0 244 4 
0 219 24 
0 207 9 
0 215 20 
0 224 33 
0 204 23 
0 162 27 
0 247 20 
0 216 11 
0 249 0 
0 181 9 
0 189 13 
0 206 42 
0 185 23 
0 210 38 
0 220 14 
0 157 30 
0 226 17 
0 195 13 
0 251 8 
0 245 5 
0 190 37 
0 229 23 
0 220 35 
0 175 60 
0 209 15 
0 255 17 
0 145 23 
0 223 29 
0 231 11 
0 232 22 
0 219 17 
0 187 19 
0 209 24 
0 188 74 
0 144 2 
0 223 34 
0 225 14 
0 196 13 
0 249 22 
0 210 32 
0 246 18 
0 181 35 
0 248 3 
0 196 41 
0 246 10 
0 214 8 
0 233 35 
0 210 26 
0 245 14 
0 217 9 
0 256 21 
0 184 13 
0 199 59 
0 245 21 
0 288 28 
0 191 8 
0 211 16 
0 216 22 
0 170 30 
0 217 21 
0 204 24 
0 221 16 
0 197 22 
0 194 16 
0 226 42 
0 208 23 
0 168 11 
0 159 10 
0 229 23 
0 211 22 
0 173 23 
0 204 5 
0 179 36 
0 233 29 
0 186 11 
0 191 19 
0 200 21 
0 189 11 
0 218 49 
0 230 22 
0 252 14 
0 210 5 
0 286 39 
0 232 5 
0 178 11 
0 247 9 
0 224 10 
0 216 44 
0 199 21 
0 188 11 
0 225 29 
0 229 6 
0 218 2 
0 221 5 
0 245 1 
0 177 4 
0 219 16 
0 234 4 
0 205 17 
0 214 17 
0 259 12 
0 203 32 
0 216 9 
0 172 32 
0 185 8 
0 195 11 
0 181 15 
0 236 23 
0 223 5 
0 205 6 
0 205 3 
0 214 21 
0 200 35 
0 231 20 
0 227 16 
0 257 14 
0 176 40 
0 247 19 
0 235 63 
0 182 58 
0 203 5 
0 217 3 
0 232 8 
0 176 18 
0 210 11 
0 238 24 
0 221 43 
0 267 16 
0 206 12 
0 239 43 
0 193 28 
0 175 32 
0 233 36 
0 233 9 
0 255 10 
0 217 55 
0 176 27 
0 236 21 
0 209 18 
0 199 10 
0 177 15 
0 238 7 
0 220 28 
0 258 5 
0 183 6 
0 207 17 
0 182 41 
0 212 6 
0 183 23 
0 255 39 
0 187 4 
0 198 22 
0 204 5 
0 184 3 
0 233 13 
0 183 65 
0 192 12 
0 209 35 
0 235 1 
0 258 12 
0 228 20 
0 197 9 
0 195 4 
0 229 9 
0 240 8 
0 194 2 
0 216 13 
0 245 22 
0 229 27 
0 206 24 
0 269 13 
0 196 19 
0 198 23 
0 274 42 
0 227 7 
0 240 7 
0 185 45 
0 217 12 
0 275 4 
0 225 22 
0 257 67 
0 221 37 
0 226 37 
0 237 21 
0 234 30 
0 177 4 
0 229 23 
0 228 50 
0 246 20 
0 265 30 
0 216 1 
0 232 22 
0 218 12 
0 230 5 
0 150 67 
0 211 23 
0 219 14 
0 200 6 
0 270 24 
0 216 28 
0 203 18 
0 202 26 
0 236 31 
0 215 22 
0 224 10 
0 204 21 
0 253 9 
0 226 17 
0 187 27 
0 221 5 
0 124 1 
0 206 4 
0 202 28 
0 186 30 
0 214 57 
0 201 9 
0 242 11 
0 248 6 
0 242 21 
0 215 26 
0 203 29 
0 204 28 
0 217 48 
0 211 9 
0 213 13 
0 191 4 
0 230 18 
0 186 28 
0 216 13 
0 208 17 
0 257 28 
0 275 6 
0 226 8 
0 210 2 
0 246 21 
0 186 29 
0 213 5 
0 226 19 
0 199 34 
0 189 34 
0 218 4 
0 212 10 
0 225 8 
0 198 18 
0 192 24 
0 250 16 
0 202 22 
0 207 9 
0 215 34 
0 197 4 
0 205 21 
0 239 31 
0 222 7 
0 225 11 
0 181 15 
0 195 25 
0 227 36 
0 184 30 
0 247 24 
0 261 13 
0 157 12 
0 267 25 
0 195 17 
0 228 5 
0 194 17 
0 263 14 
0 227 4 
0 232 36 
0 189 5 
0 192 3 
0 251 4 
0 239 14 
0 193 14 
0 225 6 
0 171 14 
0 227 12 
0 155 32 
0 204 3 
0 210 21 
0 207 4 
0 227 44 
0 201 11 
0 207 12 
0 223 10 
0 249 28 
0 225 18 
0 234 2 
0 184 52 
0 196 18 
0 156 9 
0 220 57 
0 254 13 
0 269 28 
0 229 4 
0 225 11 
0 196 15 
0 264 4 
0 216 9 
0 161 11 
0 236 9 
0 220 40 
0 223 3 
0 261 10 
0 190 9 
0 229 35 
0 198 21 
0 233 35 
0 171 52 
0 223 34 
0 276 10 
0 218 14 
0 225 37 
0 179 17 
0 198 3 
0 190 10 
0 222 49 
0 231 20 
0 230 6 
0 194 12 
0 169 6 
0 254 19 
0 208 18 
0 238 23 
0 219 17 
0 182 50 
0 250 12 
0 187 17 
0 188 26 
0 230 4 
0 172 19 
0 204 18 
0 196 13 
0 192 1 
0 215 43 
0 244 22 
0 208 32 
0 251 6 
0 223 20 
0 231 29 
0 208 8 
0 203 6 
0 220 30 
0 224 5 
0 192 57 
0 203 53 
0 224 18 
0 207 12 
0 242 15 
0 192 12 
0 192 10 
0 211 10 
0 178 31 
0 225 17 
0 243 7 
0 217 1 
0 224 11 
0 179 14 
0 211 21 
0 213 27 
0 220 22 
0 233 23 
0 207 17 
0 178 33 
0 209 52 
0 222 5 
0 209 10 
0 203 5 
0 226 43 
0 232 14 
0 209 59 
0 258 13 
0 256 22 
0 160 4 
0 207 12 
0 179 17 
0 233 7 
0 172 16 
0 172 2 
0 164 14 
0 245 13 
0 278 24 
0 208 11 
0 208 16 
0 268 14 
0 209 40 
0 248 37 
0 177 23 
0 269 13 
0 207 40 
0 228 20 
0 224 24 
0 154 1 
0 247 12 
0 243 9 
0 256 0 
0 230 16 
0 228 5 
0 222 0 
0 165 4 
0 150 19 
0 230 63 
0 241 21 
0 225 11 
0 219 36 
0 222 14 
0 221 22 
0 193 1 
0 190 20 
0 202 18 
0 233 22 
0 225 25 
0 187 23 
0 214 27 
0 189 8 
0 240 38 
0 179 24 
0 244 20 
0 211 13 
0 211 27 
0 247 7 
0 246 26 
0 221 27 
0 198 21 
0 230 11 
0 245 35 
0 195 19 
0 177 29 
0 195 12 
0 194 29 
0 200 12 
0 178 17 
0 185 16 
0 265 32 
0 202 30 
0 233 7 
0 181 22 
0 235 4 
0 200 17 
0 196 20 
0 227 5 
0 239 30 
0 233 9 
0 158 12 
0 206 37 
0 231 9 
0 226 7 
0 208 20 
0 221 5 
0 266 16 
0 227 17 
0 197 12 
0 209 12 
0 178 6 
0 210 24 
0 226 21 
0 195 10 
0 217 26 
0 172 30 
0 165 6 
0 265 36 
0 198 51 
0 159 57 
0 182 3 
0 238 9 
0 173 16 
0 240 18 
0 237 30 
0 192 19 
0 225 12 
0 229 5 
0 213 26 
0 195 29 
0 240 14 
0 190 22 
0 244 24 
0 219 1 
0 263 7 
0 248 22 
0 242 13 
0 205 5 
0 209 21 
0 234 27 
0 212 19 
0 191 20 
0 194 14 
0 227 1 
0 230 24 
0 164 3 
0 236 12 
0 226 24 
0 239 3 
0 187 1 
0 234 16 
0 228 13 
0 254 27 
0 228 33 
0 175 6 
0 177 18 
0 206 80 
0 224 14 
0 210 14 
0 240 20 
0 205 13 
0 203 25 
0 237 5 
0 231 27 
0 185 40 
0 178 43 
0 240 9 
0 196 22 
0 247 19 
0 270 30 
0 146 9 
0 218 36 
0 198 20 
0 214 9 
0 202 16 
0 305 15 
0 161 25 
0 163 8 
0 258 6 
0 187 17 
0 207 34 
0 215 10 
0 223 14 
0 207 8 
0 187 63 
0 229 10 
0 153 10 
0 197 18 
0 238 18 
0 233 24 
0 224 29 
0 230 12 
0 203 20 
0 290 17 
0 199 1 
0 184 62 
0 215 17 
0 195 18 
0 202 38 
0 257 22 
0 250 34 
0 215 49 
0 221 31 
0 211 9 
0 188 12 
0 233 16 
0 203 11 
0 233 28 
0 226 2 
0 258 14 
0 220 31 
0 269 18 
0 178 15 
0 233 6 
0 204 20 
0 190 14 
0 161 30 
0 198 20 
0 189 7 
0 180 21 
0 205 29 
0 204 16 
0 230 10 
0 203 33 
0 224 28 
0 211 29 
0 209 11 
0 215 42 
0 231 20 
0 237 32 
0 229 25 
0 184 27 
0 196 41 
0 228 10 
0 229 3 
0 183 8 
0 227 15 
0 247 27 
0 195 12 
0 209 7 
0 245 5 
0 227 9 
0 196 12 
0 237 12 
0 209 33 
0 152 5 
0 189 32 
0 214 16 
0 225 23 
0 228 13 
0 223 30 
0 195 61 
0 183 7 
0 205 37 
0 224 11 
0 223 6 
0 255 26 
0 244 11 
0 231 15 
0 197 10 
0 251 12 
0 201 14 
0 213 43 
0 233 16 
0 241 26 
0 196 39 
0 238 7 
0 192 39 
0 207 55 
0 226 6 
0 193 7 
0 195 30 
0 186 36 
0 225 30 
0 250 49 
0 223 28 
0 208 14 
0 187 27 
0 221 9 
0 220 12 
0 225 16 
0 227 14 
0 176 27 
0 217 21 
0 213 11 
0 207 25 
0 210 12 
0 200 69 
0 269 8 
0 199 20 
0 212 29 
0 191 7 
0 221 23 
0 199 21 
0 261 14 
0 236 33 
0 206 4 
0 180 12 
0 179 9 
0 233 26 
0 211 4 
0 214 19 
0 226 19 
0 193 62 
0 287 5 
0 232 8 
0 210 23 
0 224 25 
0 213 44 
0 258 17 
0 215 24 
0 218 8 
0 226 4 
0 180 37 
0 225 3 
0 190 24 
0 250 16 
0 201 27 
0 250 28 
0 205 18 
0 199 23 
0 235 22 
0 225 30 
0 203 19 
0 255 25 
0 186 5 
0 216 34 
0 219 8 
0 233 11 
0 230 5 
0 194 17 
0 225 13 
0 213 17 
0 240 3 
0 262 1 
0 248 9 
0 225 19 
0 197 21 
0 230 16 
0 232 15 
0 199 14 
0 217 13 
0 173 5 
0 207 7 
0 175 15 
0 223 8 
0 210 23 
0 162 22 
0 241 12 
0 181 15 
0 197 10 
0 191 13 
0 257 12 
0 207 33 
0 234 10 
0 216 27 
0 191 25 
0 247 40 
0 226 12 
0 198 23 
0 187 8 
0 223 9 
0 210 12 
0 194 21 
0 201 7 
0 218 16 
0 245 22 
0 239 6 
0 191 7 
0 189 40 
0 211 7 
0 223 80 
0 176 31 
0 214 20 
0 199 29 
0 234 5 
0 185 34 
0 201 52 
0 185 19 
0 257 41 
0 181 20 
0 246 22 
0 202 16 
0 200 35 
0 197 16 
0 188 10 
0 216 23 
0 208 12 
0 244 1 
0 180 5 
0 247 18 
0 195 9 
0 222 21 
0 237 24 
0 192 9 
0 209 16 
0 186 12 
0 263 10 
0 267 15 
0 218 10 
0 213 40 
0 243 21 
0 225 23 
0 231 15 
0 239 16 
0 203 27 
0 250 14 
0 191 12 
0 219 41 
0 212 16 
0 225 42 
0 204 58 
0 216 22 
0 180 19 
0 173 21 
0 218 19 
0 199 8 
0 215 4 
0 249 13 
0 222 25 
0 255 15 
0 213 24 
0 219 9 
0 244 40 
0 245 17 
0 214 1 
0 230 23 
0 201 71 
0 239 12 
0 203 23 
0 250 22 
0 198 16 
0 264 23 
0 176 16 
0 266 15 
0 209 7 
0 196 2 
0 203 14 
0 194 6 
0 208 36 
0 188 15 
0 227 45 
0 195 27 
0 239 14 
0 241 18 
0 234 13 
0 212 11 
0 247 25 
0 173 15 
0 182 33 
0 183 55 
0 204 50 
0 219 7 
0 257 42 
0 237 19 
0 248 17 
0 145 18 
0 249 47 
0 147 9 
0 190 0 
0 208 21 
0 222 5 
0 192 11 
0 257 19 
0 207 11 
0 221 5 
0 241 75 
0 197 30 
0 221 41 
0 213 21 
0 244 19 
0 205 5 
0 222 10 
0 195 16 
0 191 28 
0 186 17 
0 204 14 
0 213 11 
0 182 14 
0 236 17 
0 255 11 
0 238 6 
0 184 12 
0 153 22 
0 262 7 
0 238 3 
0 239 22 
0 204 2 
0 210 13 
0 197 2 
0 197 35 
0 242 9 
0 230 20 
0 228 27 
0 194 7 
0 190 1 
0 254 9 
0 235 9 
0 184 23 
0 225 15 
0 187 42 
0 253 29 
0 233 25 
0 237 37 
0 241 16 
0 181 24 
0 206 13 
0 213 11 
0 179 6 
0 233 81 
0 200 2 
0 213 10 
0 295 13 
0 224 24 
0 182 18 
0 208 39 
0 248 38 
0 232 35 
0 194 16 
0 266 12 
0 198 2 
0 182 12 
0 204 21 
0 203 30 
0 215 22 
0 232 46 
0 207 9 
0 219 19 
0 219 16 
0 225 3 
0 168 4 
0 209 21 
0 189 14 
0 244 3 
0 198 6 
0 284 9 
0 233 16 
0 249 3 
0 172 1 
0 163 26 
0 203 26 
0 279 10 
0 184 28 
0 184 10 
0 212 15 
0 203 25 
0 237 79 
0 259 19 
0 207 4 
0 213 10 
0 199 57 
0 190 12 
0 211 28 
0 259 6 
0 234 50 
0 246 16 
0 180 17 
0 211 10 
0 250 14 
0 202 22 
0 213 7 
0 207 14 
0 246 18 
0 247 19 
0 225 4 
0 214 1 
0 232 8 
0 222 28 
0 210 17 
0 198 29 
0 162 27 
0 200 23 
0 216 53 
0 216 16 
0 233 26 
0 250 17 
0 174 35 
0 224 34 
0 253 7 
0 209 2 
0 235 7 
0 219 30 
0 236 20 
0 173 13 
0 210 24 
0 197 24 
0 211 10 
0 205 46 
0 207 4 
0 244 10 
0 215 37 
0 246 28 
