0 220 3 
0 186 19 
0 215 26 
0 299 18 
0 214 65 
0 203 4 
0 238 20 
0 206 7 
0 250 24 
0 157 15 
0 162 24 
0 204 55 
0 232 1 
0 255 27 
0 235 6 
0 192 0 
0 227 90 
0 159 11 
0 201 12 
0 179 5 
0 262 10 
0 222 6 
0 267 1 
0 259 4 
0 201 4 
0 186 92 
0 205 9 
0 194 0 
0 222 16 
0 266 11 
0 223 9 
0 233 16 
0 245 5 
0 201 31 
0 215 12 
0 154 63 
0 242 23 
0 203 9 
0 142 29 
0 223 21 
0 170 0 
0 253 6 
0 206 12 
0 211 13 
0 214 22 
0 208 1 
0 237 7 
0 192 7 
0 231 15 
0 278 5 
0 222 39 
0 202 19 
0 207 0 
0 257 40 
0 223 9 
0 226 5 
0 189 5 
0 174 30 
0 216 2 
0 215 5 
0 250 45 
0 233 4 
0 211 10 
0 256 4 
0 225 17 
0 176 5 
0 253 15 
0 287 16 
0 208 54 
0 238 5 
0 265 19 
0 214 15 
0 221 70 
0 217 14 
0 180 27 
0 189 11 
0 157 2 
0 212 11 
0 251 15 
0 225 27 
0 185 39 
0 264 10 
0 189 0 
0 168 2 
0 231 31 
0 212 4 
0 196 14 
0 200 18 
0 207 20 
0 218 20 
0 205 7 
0 216 12 
0 214 1 
0 169 24 
0 197 9 
0 217 11 
0 244 5 
0 169 109 
0 180 27 
0 231 9 
0 222 8 
0 150 1 
0 199 24 
0 270 10 
0 218 37 
0 219 7 
0 225 3 
0 198 4 
0 214 20 
0 195 1 
0 179 79 
0 187 18 
0 192 10 
0 228 11 
0 188 12 
0 218 12 
0 194 17 
0 216 16 
0 209 13 
0 185 38 
0 222 21 
0 215 10 
0 201 19 
0 235 17 
0 249 54 
0 263 41 
0 208 38 
0 252 6 
0 183 14 
0 273 58 
0 193 30 
0 230 15 
0 174 17 
0 216 0 
0 201 12 
0 245 66 
0 219 6 
0 212 10 
0 206 48 
0 215 4 
0 244 14 
0 166 19 
0 205 50 
0 218 39 
0 167 30 
0 240 27 
0 210 92 
0 259 19 
0 198 0 
0 250 16 
0 203 23 
0 176 31 
0 183 17 
0 213 15 
0 213 5 
0 246 4 
0 205 29 
0 163 14 
0 227 13 
0 183 3 
0 185 20 
0 202 31 
0 196 6 
0 218 23 
0 276 15 
0 211 14 
0 204 6 
0 231 15 
0 274 33 
0 196 6 
0 248 12 
0 234 5 
0 186 20 
0 228 30 
0 208 20 
0 162 5 
0 162 83 
0 190 7 
0 160 50 
0 215 29 
0 214 5 
0 187 1 
0 160 11 
0 181 23 
0 220 1 
0 256 19 
0 272 1 
0 191 3 
0 198 32 
0 184 9 
0 232 0 
0 220 4 
0 195 21 
0 216 31 
0 198 11 
0 231 16 
0 233 17 
0 211 23 
0 222 25 
0 236 40 
0 179 22 
0 197 16 
0 223 7 
0 228 2 
0 243 11 
0 190 22 
0 255 5 
0 214 8 
0 253 26 
0 209 30 
0 173 39 
0 193 17 
0 173 41 
0 220 31 
0 201 3 
0 261 13 
0 219 25 
0 201 22 
0 247 20 
0 220 3 
0 182 30 
0 184 15 
0 172 37 
0 232 14 
0 197 69 
0 243 17 
0 252 11 
0 213 23 
0 242 25 
0 187 8 
0 152 16 
0 164 6 
0 265 29 
0 225 15 
0 206 3 
0 225 24 
0 223 54 
0 190 9 
0 216 4 
0 262 30 
0 243 27 
0 193 12 
0 251 8 
0 225 19 
0 227 12 
0 226 30 
0 195 47 
0 250 19 
0 225 11 
0 265 14 
0 177 25 
0 285 2 
0 224 32 
0 206 19 
0 173 2 
0 209 6 
0 203 13 
0 228 38 
0 212 18 
0 258 9 
0 284 20 
0 127 14 
0 224 4 
0 231 47 
0 217 19 
0 228 12 
0 193 13 
0 267 6 
0 129 9 
0 213 17 
0 240 1 
0 203 32 
0 234 14 
0 211 36 
0 242 25 
0 190 14 
0 225 34 
0 211 5 
0 237 48 
0 203 7 
0 251 14 
0 168 14 
0 204 28 
0 167 31 
0 236 32 
0 232 42 
0 174 6 
0 214 34 
0 190 5 
0 239 33 
0 227 26 
0 230 13 
0 253 6 
0 181 20 
0 211 13 
0 208 8 
0 205 0 
0 259 19 
0 244 9 
0 261 5 
0 306 12 
0 205 22 
0 216 47 
0 206 5 
0 163 27 
0 140 38 
0 168 80 
0 233 15 
0 222 0 
0 187 9 
0 188 18 
0 194 6 
0 241 18 
0 242 19 
0 202 17 
0 180 20 
0 171 0 
0 163 28 
0 203 31 
0 205 29 
0 212 8 
0 251 32 
0 202 1 
0 154 19 
0 205 11 
0 200 5 
0 212 12 
0 199 25 
0 235 18 
0 243 18 
0 174 67 
0 236 20 
0 188 43 
0 192 8 
0 214 1 
0 184 14 
0 209 5 
0 257 13 
0 195 8 
0 235 10 
0 239 3 
0 217 14 
0 227 13 
0 219 11 
0 206 31 
0 221 16 
0 238 27 
0 219 23 
0 225 17 
0 199 23 
0 178 4 
0 158 31 
0 188 4 
0 213 7 
0 230 12 
0 216 30 
0 207 8 
0 166 37 
0 211 37 
0 218 18 
0 223 15 
0 222 49 
0 248 18 
0 216 43 
0 176 37 
0 281 15 
0 212 11 
0 239 12 
0 218 17 
0 257 34 
0 247 7 
0 234 25 
0 181 33 
0 213 9 
0 235 15 
0 254 2 
0 236 13 
0 224 11 
0 214 26 
0 191 23 
0 176 16 
0 203 53 
0 253 26 
0 133 9 
0 226 27 
0 224 60 
0 206 8 
0 239 17 
0 225 17 
0 254 33 
0 276 6 
0 213 16 
0 174 31 
0 265 24 
0 199 33 
0 211 7 
0 228 38 
0 171 8 
0 230 15 
0 232 2 
0 248 6 
0 275 11 
0 213 31 
0 226 9 
0 194 20 
0 228 57 
0 173 29 
0 140 3 
0 249 34 
0 182 11 
0 224 6 
0 242 7 
0 188 16 
0 205 4 
0 191 28 
0 180 58 
0 189 49 
0 233 48 
0 188 12 
0 222 4 
0 209 27 
0 229 25 
0 177 22 
0 185 84 
0 202 4 
0 230 9 
0 217 24 
0 191 18 
0 222 27 
0 252 23 
0 271 23 
0 195 19 
0 237 1 
0 185 22 
0 206 0 
0 204 2 
0 205 20 
0 182 4 
0 200 20 
0 183 1 
0 264 6 
0 249 2 
0 194 11 
0 200 23 
0 149 47 
0 233 22 
0 174 4 
0 200 11 
0 271 6 
0 211 17 
0 249 28 
0 213 5 
0 249 40 
0 231 36 
0 264 2 
0 163 67 
0 269 30 
0 207 48 
0 255 17 
0 278 6 
0 284 56 
0 161 6 
0 176 13 
0 205 10 
0 220 27 
0 210 21 
0 248 26 
0 216 16 
0 162 14 
0 188 35 
0 226 11 
0 179 11 
0 226 8 
0 252 33 
0 252 3 
0 198 36 
0 260 20 
0 180 45 
0 251 0 
0 235 4 
0 247 14 
0 257 27 
0 236 4 
0 163 13 
0 229 37 
0 258 20 
0 211 6 
0 222 8 
0 217 7 
0 203 9 
0 216 0 
0 228 21 
0 192 30 
0 173 12 
0 184 24 
0 195 7 
0 136 14 
0 297 0 
0 148 15 
0 210 16 
0 246 17 
0 219 11 
0 174 17 
0 244 65 
0 183 3 
0 266 4 
0 249 9 
0 152 7 
0 190 31 
0 182 96 
0 250 7 
0 254 18 
0 245 18 
0 220 25 
0 224 1 
0 216 0 
0 186 4 
0 196 33 
0 269 53 
0 241 43 
0 186 26 
0 276 15 
0 229 14 
0 231 77 
0 229 11 
0 202 19 
0 232 7 
0 225 27 
0 173 5 
0 280 39 
0 168 7 
0 207 11 
0 205 24 
0 242 14 
0 213 18 
0 226 4 
0 198 23 
0 214 8 
0 232 44 
0 235 30 
0 258 14 
0 214 7 
0 219 14 
0 215 4 
0 193 79 
0 229 28 
0 225 5 
0 162 20 
0 211 4 
0 268 5 
0 224 20 
0 219 1 
0 213 19 
0 232 26 
0 182 25 
0 198 25 
0 214 29 
0 284 2 
0 257 28 
0 229 6 
0 225 33 
0 233 6 
0 175 18 
0 200 53 
0 185 26 
0 215 8 
0 222 31 
0 206 3 
0 247 18 
0 197 23 
0 183 2 
0 189 20 
0 205 14 
0 223 39 
0 184 14 
0 182 20 
0 210 33 
0 215 20 
0 239 25 
0 245 17 
0 238 13 
0 242 19 
0 190 7 
0 236 5 
0 251 14 
0 168 10 
0 205 14 
0 176 20 
0 249 15 
0 254 0 
0 206 41 
0 245 12 
0 240 6 
0 207 27 
0 190 12 
0 272 16 
0 216 11 
0 188 10 
0 261 13 
0 205 105 
0 216 11 
0 167 30 
0 225 27 
0 207 26 
0 161 15 
0 210 3 
0 251 6 
0 222 56 
0 142 28 
0 205 10 
0 276 6 
0 220 12 
0 200 0 
0 226 9 
0 198 34 
0 233 48 
0 215 20 
0 237 3 
0 183 11 
0 169 13 
0 224 11 
0 207 23 
0 244 11 
0 233 20 
0 226 4 
0 186 65 
0 233 12 
0 167 65 
0 208 3 
0 215 6 
0 211 8 
0 246 17 
0 197 10 
0 167 17 
0 201 27 
0 209 21 
0 264 5 
0 176 9 
0 187 0 
0 207 11 
0 251 40 
0 224 17 
0 203 19 
0 235 15 
0 244 50 
0 245 9 
0 248 11 
0 220 6 
0 164 29 
0 225 1 
0 224 23 
0 269 16 
0 216 6 
0 190 36 
0 169 82 
0 233 15 
0 236 5 
0 205 2 
0 251 20 
0 180 51 
0 170 40 
0 166 48 
0 149 24 
0 247 24 
0 220 5 
0 220 21 
0 188 0 
0 278 31 
0 244 0 
0 173 39 
0 213 0 
0 247 11 
0 247 18 
0 218 4 
0 262 45 
0 152 45 
0 236 30 
0 190 58 
0 258 35 
0 238 26 
0 204 31 
0 187 36 
0 208 5 
0 187 56 
0 209 36 
0 207 17 
0 202 1 
0 216 24 
0 203 12 
0 234 22 
0 185 36 
0 164 11 
0 274 6 
0 253 8 
0 239 11 
0 285 16 
0 185 0 
0 169 50 
0 221 14 
0 172 7 
0 194 2 
0 206 48 
0 224 2 
0 222 6 
0 226 23 
0 234 0 
0 223 13 
0 208 5 
0 197 7 
0 208 11 
0 209 3 
0 234 14 
0 223 39 
0 201 30 
0 243 46 
0 280 1 
0 236 9 
0 184 6 
0 195 3 
0 242 3 
0 183 0 
0 232 2 
0 206 39 
0 281 14 
0 186 24 
0 261 27 
0 217 3 
0 267 37 
0 156 11 
0 172 11 
0 236 18 
0 194 26 
0 189 25 
0 234 6 
0 182 20 
0 259 15 
0 258 14 
0 213 17 
0 216 12 
0 221 16 
0 235 13 
0 288 15 
0 232 0 
0 160 8 
0 166 7 
0 208 17 
0 243 7 
0 218 36 
0 138 13 
0 217 4 
0 231 17 
0 177 15 
0 233 5 
0 194 9 
0 264 21 
0 208 1 
0 173 29 
0 169 14 
0 121 32 
0 232 10 
0 193 39 
0 179 6 
0 191 5 
0 173 21 
0 284 10 
0 211 19 
0 236 14 
0 233 31 
0 195 10 
0 241 8 
0 225 16 
0 214 10 
0 226 30 
0 235 20 
0 218 22 
0 227 30 
0 206 0 
0 199 36 
0 181 23 
0 206 19 
0 208 50 
0 217 39 
0 229 14 
0 198 11 
0 247 35 
0 228 23 
0 235 42 
0 272 22 
0 229 15 
0 206 22 
0 183 33 
0 194 18 
0 155 12 
0 248 5 
0 251 0 
0 207 11 
0 263 25 
0 209 1 
0 242 21 
0 229 22 
0 250 32 
0 202 24 
0 204 27 
0 196 10 
0 129 50 
0 272 6 
0 222 8 
0 187 46 
0 278 13 
0 225 22 
0 249 8 
0 234 17 
0 201 9 
0 239 9 
0 193 3 
0 193 30 
0 237 42 
0 256 13 
0 196 23 
0 190 3 
0 217 43 
0 179 11 
0 221 7 
0 210 8 
0 203 2 
0 224 5 
0 211 17 
0 203 15 
0 268 22 
0 210 80 
0 202 11 
0 195 21 
0 213 4 
0 217 18 
0 250 0 
0 241 25 
0 254 5 
0 192 17 
0 190 6 
0 199 6 
0 277 28 
0 247 8 
0 191 1 
0 161 3 
0 173 11 
0 207 8 
0 240 3 
0 160 40 
0 226 2 
0 215 15 
0 197 20 
0 236 8 
0 161 18 
0 252 11 
0 286 0 
0 177 23 
0 207 5 
0 252 20 
0 200 39 
0 204 8 
0 187 57 
0 188 12 
0 187 2 
0 187 25 
0 210 22 
0 222 13 
0 232 2 
0 244 4 
0 155 83 
0 188 38 
0 235 30 
0 225 12 
0 219 27 
0 239 9 
0 189 5 
0 175 6 
0 180 11 
0 210 25 
0 231 5 
0 229 6 
0 223 3 
0 297 4 
0 169 20 
0 216 18 
0 185 35 
0 210 17 
0 230 10 
0 244 4 
0 214 26 
0 273 20 
0 140 7 
0 247 6 
0 197 49 
0 211 22 
0 189 19 
0 187 27 
0 171 24 
0 219 2 
0 222 28 
0 258 7 
0 198 74 
0 191 17 
0 192 28 
0 181 21 
0 195 40 
0 237 23 
0 227 27 
0 190 13 
0 199 4 
0 228 14 
0 225 16 
0 183 38 
0 184 36 
0 189 73 
0 191 29 
0 164 11 
0 276 14 
0 224 2 
0 240 0 
0 213 6 
0 181 18 
0 161 43 
0 188 13 
0 213 10 
0 175 48 
0 235 31 
0 222 6 
0 210 45 
0 238 22 
0 225 21 
0 220 3 
0 247 7 
0 216 10 
0 232 4 
0 234 24 
0 221 2 
0 172 34 
0 163 14 
0 173 18 
0 175 39 
0 183 22 
0 203 5 
0 191 29 
0 169 15 
0 229 31 
0 271 6 
0 223 7 
0 218 2 
0 257 13 
0 193 37 
0 199 42 
0 219 17 
0 228 2 
0 199 26 
0 210 17 
0 214 21 
0 198 22 
0 186 14 
0 153 7 
0 249 14 
0 210 12 
0 140 15 
0 287 37 
0 197 22 
0 247 34 
0 180 13 
0 225 16 
0 201 8 
0 226 19 
0 206 28 
0 207 3 
0 243 11 
0 248 22 
0 228 1 
0 158 22 
0 201 11 
0 248 7 
0 204 24 
0 252 6 
0 208 19 
0 229 13 
0 243 24 
0 228 0 
0 192 61 
0 186 29 
0 237 35 
0 174 13 
0 213 2 
0 259 44 
0 249 4 
0 168 29 
0 233 10 
0 247 17 
0 208 30 
0 136 11 
0 202 20 
0 203 12 
0 198 30 
0 174 9 
0 215 34 
