0 118 0 
0 91 0 
0 55 5 
0 47 0 
0 48 3 
0 70 0 
0 31 6 
0 73 1 
0 71 0 
0 42 1 
0 66 0 
0 58 0 
0 90 10 
0 66 2 
0 37 11 
0 44 0 
0 85 0 
0 56 0 
0 46 5 
0 27 10 
0 47 0 
0 78 0 
0 26 1 
0 55 0 
0 91 2 
0 38 0 
0 40 3 
0 65 5 
0 70 3 
0 48 0 
0 83 2 
0 98 0 
0 12 0 
0 57 0 
0 37 0 
0 48 5 
0 33 0 
0 45 0 
0 85 1 
0 45 3 
0 53 0 
0 28 0 
0 62 0 
0 42 0 
0 64 0 
0 57 0 
0 58 0 
0 65 0 
0 32 0 
0 53 3 
0 49 10 
0 92 0 
0 62 1 
0 16 2 
0 61 8 
0 64 8 
0 68 0 
0 62 1 
0 36 1 
0 50 2 
0 63 0 
0 67 0 
0 43 0 
0 63 11 
0 58 0 
0 85 9 
0 54 0 
0 49 0 
0 61 0 
0 89 7 
0 35 0 
0 80 0 
0 19 0 
0 28 2 
0 90 1 
0 59 2 
0 41 4 
0 41 0 
0 23 0 
0 86 3 
0 73 0 
0 48 0 
0 52 0 
0 59 0 
0 98 0 
0 32 3 
0 44 0 
0 38 0 
0 37 0 
0 63 0 
0 62 0 
0 41 0 
0 70 6 
0 55 10 
0 50 6 
0 68 0 
0 105 4 
0 86 1 
0 54 0 
0 23 0 
0 70 0 
0 81 7 
0 110 0 
0 39 0 
0 93 0 
0 62 0 
0 46 0 
0 37 0 
0 105 1 
0 37 0 
0 73 0 
0 94 0 
0 84 0 
0 81 2 
0 89 0 
0 48 0 
0 63 0 
0 72 0 
0 71 3 
0 51 0 
0 29 0 
0 59 0 
0 30 6 
0 71 26 
0 82 0 
0 89 3 
0 27 0 
0 38 0 
0 60 4 
0 71 8 
0 42 0 
0 12 4 
0 26 3 
0 74 0 
0 109 0 
0 48 0 
0 85 0 
0 42 0 
0 49 0 
0 52 0 
0 78 1 
0 76 0 
0 70 0 
0 107 1 
0 66 0 
0 35 0 
0 48 0 
0 50 0 
0 74 0 
0 34 2 
0 48 7 
0 77 0 
0 77 3 
0 75 0 
0 40 0 
0 66 1 
0 70 0 
0 71 4 
0 49 5 
0 37 0 
0 80 0 
0 56 0 
0 46 3 
0 49 1 
0 59 1 
0 25 1 
0 70 0 
0 76 0 
0 58 12 
0 73 0 
0 28 0 
0 30 0 
0 54 0 
0 89 0 
0 50 0 
0 64 0 
0 46 0 
0 103 0 
0 81 0 
0 43 1 
0 57 4 
0 75 0 
0 145 3 
0 70 15 
0 32 0 
0 50 0 
0 79 8 
0 78 0 
0 54 0 
0 41 0 
0 21 0 
0 53 0 
0 56 8 
0 52 0 
0 27 2 
0 46 0 
0 75 0 
0 47 0 
0 68 4 
0 54 0 
0 41 0 
0 40 0 
0 53 4 
0 76 0 
0 54 4 
0 56 7 
0 35 1 
0 93 9 
0 65 0 
0 43 0 
0 60 0 
0 86 0 
0 34 0 
0 48 4 
0 54 4 
0 68 0 
0 47 1 
0 32 0 
0 49 0 
0 95 0 
0 72 0 
0 98 0 
0 82 0 
0 72 0 
0 85 0 
0 70 0 
0 28 0 
0 39 0 
0 69 0 
0 38 0 
0 84 0 
0 80 0 
0 79 3 
0 128 3 
0 70 0 
0 89 0 
0 42 0 
0 28 6 
0 77 1 
0 37 0 
0 23 0 
0 70 0 
0 91 0 
0 108 15 
0 56 1 
0 45 0 
0 63 2 
0 59 0 
0 62 10 
0 62 0 
0 84 0 
0 42 12 
0 55 3 
0 107 4 
0 61 0 
0 83 0 
0 71 8 
0 58 0 
0 84 0 
0 61 0 
0 70 0 
0 85 0 
0 108 0 
0 85 8 
0 107 0 
0 29 0 
0 83 0 
0 55 1 
0 73 0 
0 21 0 
0 101 0 
0 54 0 
0 38 0 
0 76 0 
0 66 0 
0 90 11 
0 64 3 
0 84 0 
0 65 0 
0 36 3 
0 54 0 
0 53 0 
0 57 15 
0 57 0 
0 30 3 
0 41 2 
0 74 3 
0 84 0 
0 66 0 
0 62 0 
0 41 0 
0 50 0 
0 73 0 
0 58 0 
0 64 0 
0 85 0 
0 62 0 
0 57 0 
0 66 13 
0 44 1 
0 26 0 
0 71 0 
0 40 0 
0 43 0 
0 70 0 
0 42 8 
0 121 3 
0 62 0 
0 86 0 
0 34 8 
0 73 0 
0 62 0 
0 36 6 
0 17 0 
0 38 0 
0 51 2 
0 84 0 
0 62 13 
0 37 0 
0 58 9 
0 43 0 
0 91 3 
0 125 1 
0 98 14 
0 67 0 
0 52 0 
0 34 0 
0 101 0 
0 77 0 
0 64 0 
0 54 3 
0 68 0 
0 47 0 
0 14 3 
0 34 0 
0 93 0 
0 42 1 
0 16 0 
0 49 9 
0 83 9 
0 78 7 
0 35 2 
0 78 0 
0 53 1 
0 102 13 
0 47 0 
0 47 3 
0 58 0 
0 45 1 
0 58 4 
0 55 1 
0 53 2 
0 56 0 
0 24 0 
0 31 6 
0 41 0 
0 28 0 
0 52 6 
0 41 0 
0 94 0 
0 50 0 
0 55 2 
0 43 0 
0 60 0 
0 28 0 
0 62 0 
0 47 1 
0 80 3 
0 53 0 
0 130 4 
0 37 6 
0 53 0 
0 106 0 
0 75 1 
0 49 0 
0 99 0 
0 119 4 
0 73 1 
0 72 0 
0 54 1 
0 35 0 
0 39 0 
0 40 0 
0 74 0 
0 54 0 
0 59 0 
0 68 1 
0 111 7 
0 37 0 
0 50 0 
0 71 0 
0 31 0 
0 62 0 
0 55 0 
0 44 22 
0 46 0 
0 47 9 
0 103 8 
0 57 5 
0 42 0 
0 84 1 
0 84 2 
0 31 0 
0 63 2 
0 106 7 
0 69 4 
0 79 0 
0 33 0 
0 49 0 
0 68 0 
0 79 3 
0 31 0 
0 75 4 
0 12 0 
0 72 0 
0 64 0 
0 84 2 
0 53 9 
0 84 8 
0 97 28 
0 48 0 
0 19 0 
0 75 16 
0 45 0 
0 83 10 
0 83 17 
0 83 2 
0 67 0 
0 37 0 
0 82 0 
0 46 0 
0 61 3 
0 33 0 
0 59 4 
0 73 3 
0 97 0 
0 39 0 
0 20 0 
0 30 1 
0 58 5 
0 52 0 
0 78 0 
0 55 0 
0 65 0 
0 83 0 
0 54 0 
0 89 6 
0 54 0 
0 46 3 
0 52 0 
0 79 20 
0 74 13 
0 38 0 
0 31 0 
0 39 0 
0 39 0 
0 42 0 
0 33 0 
0 49 0 
0 87 0 
0 27 0 
0 69 2 
0 95 9 
0 93 0 
0 73 10 
0 38 8 
0 57 0 
0 38 0 
0 31 0 
0 63 0 
0 47 0 
0 79 22 
0 41 7 
0 106 8 
0 39 0 
0 78 0 
0 60 5 
0 49 0 
0 54 0 
0 47 0 
0 96 1 
0 26 0 
0 52 0 
0 58 0 
0 41 0 
0 78 12 
0 44 0 
0 59 1 
0 70 5 
0 26 0 
0 24 0 
0 17 0 
0 62 18 
0 67 0 
0 83 0 
0 64 0 
0 90 1 
0 70 0 
0 75 0 
0 43 14 
0 45 5 
0 51 1 
0 59 0 
0 48 9 
0 97 0 
0 61 13 
0 41 0 
0 70 1 
0 47 0 
0 53 0 
0 74 2 
0 86 0 
0 53 8 
0 38 0 
0 43 0 
0 54 1 
0 58 2 
0 28 0 
0 99 10 
0 67 3 
0 49 4 
0 75 0 
0 48 0 
0 22 0 
0 38 0 
0 68 0 
0 68 7 
0 42 0 
0 48 0 
0 28 0 
0 54 0 
0 66 7 
0 57 0 
0 20 0 
0 100 12 
0 66 1 
0 25 0 
0 53 0 
0 5 0 
0 53 0 
0 42 0 
0 72 0 
0 43 0 
0 42 15 
0 96 0 
0 48 0 
0 70 0 
0 28 0 
0 36 0 
0 49 0 
0 57 0 
0 76 0 
0 64 0 
0 31 0 
0 50 6 
0 73 0 
0 28 0 
0 40 0 
0 63 1 
0 58 0 
0 46 2 
0 93 4 
0 25 0 
0 57 10 
0 38 5 
0 104 8 
0 51 0 
0 29 0 
0 66 3 
0 37 0 
0 77 3 
0 64 3 
0 45 0 
0 103 0 
0 29 0 
0 53 3 
0 117 1 
0 33 0 
0 72 0 
0 35 5 
0 70 0 
0 71 0 
0 63 0 
0 51 0 
0 62 0 
0 55 5 
0 126 5 
0 54 6 
0 62 12 
0 77 10 
0 40 0 
0 14 0 
0 61 2 
0 76 19 
0 50 2 
0 84 0 
0 66 0 
0 20 1 
0 52 2 
0 84 0 
0 90 6 
0 45 0 
0 110 1 
0 29 4 
0 72 0 
0 52 0 
0 61 0 
0 66 4 
0 81 6 
0 42 0 
0 58 0 
0 82 6 
0 39 0 
0 119 0 
0 47 0 
0 81 10 
0 87 0 
0 111 4 
0 78 0 
0 37 0 
0 69 0 
0 59 0 
0 46 0 
0 66 0 
0 56 0 
0 37 0 
0 81 1 
0 23 0 
0 53 4 
0 89 0 
0 27 0 
0 74 21 
0 41 0 
0 47 0 
0 56 0 
0 95 0 
0 73 0 
0 83 0 
0 72 4 
0 47 0 
0 108 0 
0 57 0 
0 46 1 
0 79 0 
0 39 0 
0 72 0 
0 84 2 
0 100 0 
0 65 0 
0 35 0 
0 73 0 
0 92 0 
0 51 0 
0 54 0 
0 48 0 
0 48 2 
0 44 7 
0 53 0 
0 77 0 
0 33 0 
0 74 0 
0 104 1 
0 51 3 
0 38 4 
0 29 0 
0 97 0 
0 63 3 
0 32 0 
0 138 2 
0 95 0 
0 115 1 
0 70 0 
0 76 5 
0 116 0 
0 24 0 
0 66 0 
0 55 0 
0 81 9 
0 88 0 
0 49 0 
0 41 0 
0 78 0 
0 29 5 
0 46 1 
0 70 0 
0 43 0 
0 46 0 
0 71 0 
0 48 0 
0 38 0 
0 22 0 
0 77 11 
0 64 0 
0 78 0 
0 57 0 
0 67 1 
0 46 0 
0 58 3 
0 103 0 
0 38 9 
0 51 1 
0 85 10 
0 61 0 
0 23 0 
0 44 0 
0 46 0 
0 41 3 
0 36 5 
0 44 0 
0 38 0 
0 58 0 
0 73 0 
0 54 0 
0 64 0 
0 104 4 
0 69 0 
0 42 3 
0 54 0 
0 45 0 
0 71 2 
0 36 10 
0 104 16 
0 36 0 
0 62 0 
0 45 0 
0 76 0 
0 67 0 
0 66 0 
0 74 4 
0 108 0 
0 41 16 
0 97 2 
0 75 0 
0 66 4 
0 46 0 
0 68 7 
0 55 0 
0 67 0 
0 102 0 
0 63 0 
0 41 0 
0 48 26 
0 30 0 
0 39 3 
0 77 0 
0 82 2 
0 66 0 
0 66 8 
0 89 12 
0 53 1 
0 49 0 
0 121 2 
0 28 2 
0 54 0 
0 71 4 
0 41 0 
0 92 0 
0 24 4 
0 94 11 
0 33 13 
0 35 0 
0 71 0 
0 41 2 
0 68 1 
0 38 2 
0 122 0 
0 66 1 
0 21 2 
0 63 0 
0 50 0 
0 83 0 
0 69 0 
0 46 19 
0 89 2 
0 68 0 
0 100 10 
0 60 0 
0 32 0 
0 77 2 
0 24 0 
0 85 0 
0 74 0 
0 57 7 
0 91 0 
0 39 0 
0 41 8 
0 90 0 
0 49 22 
0 44 3 
0 43 5 
0 61 3 
0 48 0 
0 49 0 
0 68 5 
0 104 2 
0 71 7 
0 85 0 
0 16 0 
0 58 0 
0 58 1 
0 82 0 
0 79 13 
0 78 2 
0 18 0 
0 86 2 
0 97 15 
0 72 6 
0 28 0 
0 38 0 
0 50 0 
0 94 0 
0 59 0 
0 67 1 
0 52 22 
0 41 0 
0 63 3 
0 40 5 
0 98 4 
0 84 29 
0 33 0 
0 53 0 
0 126 1 
0 54 0 
0 114 7 
0 64 0 
0 28 0 
0 26 2 
0 54 4 
0 92 0 
0 94 0 
0 27 3 
0 69 0 
0 69 0 
0 36 1 
0 52 8 
0 63 0 
0 55 4 
0 82 5 
0 82 2 
0 61 0 
0 38 0 
0 66 9 
0 81 1 
0 48 3 
0 46 2 
0 19 6 
0 78 0 
0 76 0 
0 54 0 
0 67 17 
0 62 0 
0 57 1 
0 49 0 
0 34 0 
0 43 0 
0 58 0 
0 43 4 
0 48 7 
0 91 2 
0 75 1 
0 39 0 
0 101 3 
0 28 0 
0 75 0 
0 50 0 
0 79 15 
0 32 0 
0 149 16 
0 66 0 
0 58 4 
0 32 1 
0 98 0 
0 66 2 
0 66 5 
0 89 0 
0 36 2 
0 48 0 
0 89 0 
0 95 9 
0 99 0 
0 41 0 
0 52 0 
0 63 0 
0 111 11 
0 59 0 
0 51 0 
0 29 0 
0 99 0 
0 32 0 
0 16 0 
0 59 12 
0 57 0 
0 45 0 
0 58 0 
0 48 1 
0 46 9 
0 50 0 
0 76 1 
0 51 0 
0 110 0 
0 31 0 
0 55 0 
0 36 2 
0 73 3 
0 89 0 
0 69 12 
0 66 0 
0 82 0 
0 73 0 
0 34 0 
0 44 0 
0 45 2 
0 57 0 
0 41 0 
0 86 0 
0 73 8 
0 41 0 
0 33 0 
0 53 2 
0 30 4 
0 77 0 
0 95 0 
0 99 0 
0 58 0 
0 33 0 
0 90 5 
0 39 0 
0 48 18 
0 71 7 
0 41 1 
0 72 3 
0 40 10 
0 78 22 
0 101 0 
0 55 1 
0 63 0 
0 45 0 
0 64 2 
0 62 6 
0 60 1 
0 62 0 
0 35 0 
0 59 0 
0 52 0 
0 29 0 
0 87 0 
0 37 0 
0 66 0 
0 29 3 
0 72 0 
0 77 0 
0 17 0 
0 67 0 
0 63 0 
0 52 9 
0 132 0 
0 85 1 
0 69 0 
0 126 0 
0 65 13 
0 84 0 
0 97 0 
0 89 0 
0 53 5 
0 46 12 
0 46 0 
0 36 0 
0 68 0 
0 69 0 
0 71 27 
0 89 3 
0 45 0 
0 44 4 
0 79 8 
0 100 0 
0 47 0 
0 77 0 
0 43 0 
0 57 1 
0 72 0 
0 105 0 
0 140 1 
0 32 0 
0 83 2 
0 21 0 
0 58 0 
0 46 0 
0 50 0 
0 3 0 
0 66 4 
0 25 0 
0 58 12 
0 89 0 
0 55 4 
0 76 25 
0 48 3 
0 62 0 
0 49 3 
0 10 0 
0 101 0 
