0 38 0 
0 326 55 
0 74 0 
0 150 6 
0 294 0 
0 95 51 
0 122 52 
0 65 9 
0 254 0 
0 11 0 
0 217 0 
0 28 15 
0 72 0 
0 0 0 
0 91 0 
0 155 74 
0 93 79 
0 0 11 
0 95 14 
0 10 0 
0 72 0 
0 81 0 
0 265 9 
0 32 0 
0 442 70 
0 30 5 
0 113 0 
0 261 0 
0 161 0 
0 121 90 
0 35 37 
0 7 0 
0 248 43 
0 47 0 
0 30 0 
0 116 0 
0 61 0 
0 176 0 
0 279 201 
0 0 14 
0 6 69 
0 0 0 
0 73 0 
0 49 0 
0 157 0 
0 53 20 
0 0 0 
0 11 78 
0 33 66 
0 297 0 
0 25 33 
0 17 82 
0 90 55 
0 247 20 
0 92 0 
0 82 22 
0 204 0 
0 264 0 
0 140 84 
0 298 0 
0 30 0 
0 29 0 
0 170 96 
0 158 0 
0 221 0 
0 69 379 
0 127 0 
0 137 92 
0 157 37 
0 74 50 
0 9 445 
0 287 0 
0 23 0 
0 65 0 
0 7 0 
0 110 0 
0 395 0 
0 173 0 
0 76 0 
0 7 108 
0 0 73 
0 177 0 
0 78 0 
0 0 0 
0 73 91 
0 24 0 
0 7 0 
0 47 0 
0 144 0 
0 112 92 
0 36 0 
0 0 0 
0 90 0 
0 204 0 
0 21 93 
0 128 0 
0 46 0 
0 0 0 
0 127 3 
0 90 303 
0 0 515 
0 0 0 
0 0 0 
0 24 0 
0 33 6 
0 33 44 
0 156 0 
0 172 0 
0 68 0 
0 81 0 
0 11 0 
0 0 0 
0 300 0 
0 149 104 
0 250 0 
0 0 241 
0 322 8 
0 97 0 
0 42 0 
0 9 0 
0 207 0 
0 170 0 
0 72 0 
0 0 0 
0 0 0 
0 253 0 
0 91 0 
0 205 0 
0 203 203 
0 68 74 
0 198 4 
0 29 20 
0 61 104 
0 0 9 
0 105 0 
0 12 117 
0 129 55 
0 94 0 
0 212 0 
0 120 7 
0 40 0 
0 33 0 
0 0 0 
0 186 40 
0 6 0 
0 9 0 
0 83 39 
0 39 22 
0 20 0 
0 314 178 
0 191 32 
0 9 16 
0 310 0 
0 46 0 
0 170 99 
0 194 0 
0 100 0 
0 79 0 
0 152 0 
0 13 0 
0 116 42 
0 58 64 
0 173 75 
0 237 0 
0 112 0 
0 313 0 
0 347 80 
0 176 142 
0 45 7 
0 389 17 
0 141 41 
0 59 83 
0 0 0 
0 0 0 
0 86 86 
0 48 441 
0 46 42 
0 278 8 
0 373 39 
0 366 0 
0 103 0 
0 80 0 
0 2 0 
0 18 18 
0 64 65 
0 108 0 
0 52 0 
0 73 0 
0 113 0 
0 10 0 
0 157 0 
0 2 0 
0 194 112 
0 20 31 
0 147 112 
0 234 207 
0 138 229 
0 88 120 
0 130 1 
0 0 1 
0 44 0 
0 64 0 
0 69 0 
0 71 0 
0 146 13 
0 0 0 
0 53 0 
0 2 0 
0 0 86 
0 102 48 
0 131 39 
0 90 0 
0 29 0 
0 30 633 
0 0 0 
0 51 10 
0 62 52 
0 60 52 
0 225 0 
0 173 136 
0 158 0 
0 147 0 
0 93 34 
0 270 232 
0 0 122 
0 329 7 
0 0 0 
0 158 143 
0 95 0 
0 62 0 
0 29 282 
0 183 35 
0 127 75 
0 144 49 
0 90 72 
0 38 84 
0 210 0 
0 154 0 
0 69 0 
0 402 0 
0 88 0 
0 0 0 
0 24 0 
0 1 0 
0 219 0 
0 192 0 
0 153 99 
0 118 30 
0 0 0 
0 47 501 
0 37 11 
0 101 0 
0 0 0 
0 153 0 
0 9 0 
0 0 0 
0 139 0 
0 211 0 
0 244 12 
0 29 78 
0 148 15 
0 274 0 
0 147 0 
0 263 11 
0 68 0 
0 255 25 
0 373 0 
0 66 0 
0 18 0 
0 129 0 
0 282 0 
0 79 0 
0 76 0 
0 159 0 
0 144 0 
0 188 29 
0 42 75 
0 195 0 
0 45 0 
0 59 0 
0 0 0 
0 189 0 
0 81 0 
0 136 0 
0 75 0 
0 131 24 
0 279 0 
0 98 0 
0 170 0 
0 221 209 
0 160 0 
0 174 36 
0 52 0 
0 322 249 
0 389 0 
0 269 0 
0 482 16 
0 82 293 
0 74 2 
0 160 7 
0 95 0 
0 33 38 
0 0 0 
0 52 0 
0 80 0 
0 218 174 
0 153 0 
0 137 0 
0 0 42 
0 24 144 
0 0 0 
0 108 39 
0 66 0 
0 270 0 
0 304 0 
0 327 0 
0 161 0 
0 71 0 
0 57 0 
0 148 0 
0 407 0 
0 132 11 
0 133 30 
0 171 9 
0 97 0 
0 201 0 
0 0 2 
0 21 18 
0 170 0 
0 109 57 
0 56 162 
0 254 20 
0 40 0 
0 102 100 
0 63 25 
0 446 12 
0 209 0 
0 11 7 
0 187 158 
0 53 0 
0 22 31 
0 131 112 
0 97 0 
0 53 37 
0 46 35 
0 456 0 
0 0 0 
0 152 0 
0 16 0 
0 0 0 
0 79 0 
0 339 0 
0 239 17 
0 106 62 
0 260 65 
0 0 0 
0 126 21 
0 29 0 
0 17 7 
0 153 295 
0 68 29 
0 269 0 
0 58 0 
0 184 86 
0 151 64 
0 313 41 
0 72 0 
0 126 47 
0 160 0 
0 426 0 
0 2 0 
0 113 0 
0 64 20 
0 173 18 
0 147 143 
0 383 40 
0 0 250 
0 0 0 
0 70 0 
0 181 0 
0 77 85 
0 296 187 
0 255 175 
0 0 0 
0 191 10 
0 46 0 
0 31 3 
0 8 123 
0 225 278 
0 101 0 
0 116 0 
0 207 56 
0 325 123 
0 17 3 
0 136 182 
0 47 2 
0 34 0 
0 216 0 
0 1 0 
0 224 0 
0 73 4 
0 185 0 
0 78 46 
0 0 420 
0 89 0 
0 0 0 
0 0 0 
0 50 0 
0 157 0 
0 2 0 
0 121 0 
0 234 1 
0 300 124 
0 45 0 
0 91 48 
0 24 0 
0 9 8 
0 242 0 
0 20 28 
0 154 10 
0 17 0 
0 4 0 
0 162 0 
0 137 67 
0 97 13 
0 331 0 
0 154 97 
0 4 28 
0 213 0 
0 20 0 
0 123 0 
0 183 74 
0 0 0 
0 254 0 
0 310 0 
0 0 0 
0 185 64 
0 3 8 
0 256 0 
0 187 103 
0 144 0 
0 54 0 
0 2 143 
0 310 5 
0 352 0 
0 73 9 
0 232 0 
0 169 0 
0 153 76 
0 213 24 
0 1 0 
0 88 37 
0 144 0 
0 71 7 
0 175 33 
0 190 74 
0 91 0 
0 264 0 
0 73 359 
0 0 0 
0 98 217 
0 0 0 
0 184 0 
0 31 0 
0 0 0 
0 39 0 
0 102 0 
0 69 0 
0 0 19 
0 295 124 
0 0 0 
0 76 91 
0 129 0 
0 175 66 
0 231 19 
0 136 0 
0 124 262 
0 177 14 
0 51 64 
0 193 187 
0 113 114 
0 195 37 
0 79 34 
0 110 36 
0 31 21 
0 182 24 
0 48 0 
0 40 0 
0 345 31 
0 46 0 
0 0 0 
0 367 61 
0 88 31 
0 271 45 
0 11 41 
0 120 0 
0 0 0 
0 48 0 
0 150 25 
0 168 10 
0 50 0 
0 42 39 
0 200 79 
0 76 12 
0 58 26 
0 427 0 
0 231 0 
0 131 0 
0 299 9 
0 307 16 
0 0 0 
0 168 0 
0 0 0 
0 39 28 
0 75 0 
0 85 55 
0 176 124 
0 89 17 
0 0 0 
0 223 0 
0 154 0 
0 44 0 
0 341 36 
0 0 0 
0 172 26 
0 137 45 
0 0 0 
0 120 0 
0 7 104 
0 0 0 
0 147 0 
0 14 77 
0 0 0 
0 214 109 
0 18 0 
0 0 124 
0 63 1 
0 255 0 
0 349 0 
0 64 0 
0 49 0 
0 82 0 
0 164 77 
0 92 0 
0 29 0 
0 114 0 
0 209 18 
0 126 0 
0 86 0 
0 83 31 
0 95 0 
0 72 96 
0 163 25 
0 131 28 
0 15 10 
0 82 0 
0 336 0 
0 0 0 
0 133 0 
0 98 0 
0 91 44 
0 53 0 
0 308 0 
0 130 239 
0 325 165 
0 17 97 
0 0 652 
0 28 62 
0 13 0 
0 159 0 
0 142 15 
0 273 35 
0 466 0 
0 60 42 
0 0 0 
0 46 0 
0 167 48 
0 136 0 
0 0 0 
0 184 0 
0 108 4 
0 149 0 
0 269 14 
0 95 10 
0 0 0 
0 1 0 
0 108 0 
0 138 0 
0 11 0 
0 81 0 
0 416 0 
0 0 28 
0 0 3 
0 221 0 
0 136 25 
0 86 0 
0 238 27 
0 212 199 
0 0 233 
0 0 2 
0 22 13 
0 69 0 
0 98 0 
0 358 75 
0 76 0 
0 119 0 
0 119 0 
0 75 56 
0 73 247 
0 83 95 
0 304 32 
0 218 0 
0 55 0 
0 198 78 
0 162 0 
0 179 7 
0 119 0 
0 70 0 
0 133 0 
0 86 2 
0 155 20 
0 0 0 
0 54 0 
0 35 0 
0 188 12 
0 225 6 
0 0 118 
0 117 0 
0 453 0 
0 37 0 
0 135 33 
0 0 59 
0 107 0 
0 76 2 
0 266 0 
0 189 0 
0 106 125 
0 68 0 
0 101 13 
0 187 148 
0 72 339 
0 290 443 
0 87 0 
0 78 24 
0 233 50 
0 11 0 
0 67 2 
0 82 91 
0 109 0 
0 0 0 
0 423 0 
0 138 28 
0 0 0 
0 29 232 
0 0 0 
0 0 12 
0 3 33 
0 108 0 
0 412 39 
0 220 53 
0 0 97 
0 46 20 
0 43 8 
0 18 125 
0 64 0 
0 71 0 
0 253 0 
0 0 0 
0 17 321 
0 188 0 
0 49 114 
0 161 0 
0 0 0 
0 255 0 
0 10 0 
0 120 64 
0 81 0 
0 14 24 
0 189 11 
0 144 0 
0 39 0 
0 157 0 
0 328 0 
0 117 0 
0 64 0 
0 80 0 
0 45 213 
0 68 0 
0 0 7 
0 0 0 
0 254 0 
0 64 0 
0 293 0 
0 217 18 
0 167 0 
0 24 43 
0 81 19 
0 0 152 
0 59 882 
0 63 380 
0 484 0 
0 276 0 
0 45 67 
0 0 68 
0 30 45 
0 0 247 
0 142 10 
0 48 0 
0 306 0 
0 1 2 
0 226 7 
0 159 0 
0 79 27 
0 57 0 
0 85 115 
0 123 0 
0 196 7 
0 61 92 
0 169 170 
0 0 49 
0 141 91 
0 25 0 
0 96 3 
0 434 0 
0 101 282 
0 8 0 
0 0 86 
0 184 38 
0 163 207 
0 153 0 
0 232 73 
0 181 0 
0 439 24 
0 250 0 
0 0 0 
0 206 0 
0 0 0 
0 11 1 
0 0 13 
0 2 0 
0 16 0 
0 94 0 
0 113 0 
0 17 20 
0 79 0 
0 195 42 
0 0 165 
0 2 12 
0 4 0 
0 134 0 
0 274 0 
0 0 0 
0 186 23 
0 0 0 
0 137 198 
0 166 319 
0 26 0 
0 122 58 
0 463 0 
0 92 43 
0 122 53 
0 23 0 
0 99 0 
0 84 298 
0 0 0 
0 149 26 
0 81 82 
0 114 0 
0 88 0 
0 0 0 
0 13 0 
0 38 0 
0 141 0 
0 362 165 
0 208 0 
0 81 0 
0 55 47 
0 62 0 
0 377 85 
0 58 223 
0 178 0 
0 146 1 
0 110 26 
0 153 0 
0 143 0 
0 29 3 
0 68 48 
0 0 0 
0 173 0 
0 184 0 
0 282 0 
0 0 0 
0 0 0 
0 273 0 
0 17 67 
0 23 6 
0 25 247 
0 166 0 
0 142 88 
0 233 0 
0 37 0 
0 54 0 
0 61 0 
0 231 0 
0 237 25 
0 379 171 
0 146 0 
0 225 0 
0 271 0 
0 271 0 
0 159 0 
0 121 0 
0 81 3 
0 132 0 
0 338 177 
0 353 60 
0 294 17 
0 344 0 
0 27 9 
0 106 0 
0 131 28 
0 71 23 
0 139 132 
0 59 211 
0 40 39 
0 123 20 
0 444 0 
0 121 0 
0 0 0 
0 24 73 
0 65 0 
0 12 0 
0 169 0 
0 184 0 
0 0 0 
0 19 0 
0 120 0 
0 2 101 
0 289 0 
0 15 117 
0 60 44 
0 152 0 
0 12 156 
0 0 141 
0 211 0 
0 43 0 
0 55 15 
0 47 75 
0 245 0 
0 269 0 
0 134 0 
0 163 52 
0 71 0 
0 174 0 
0 16 0 
0 28 0 
0 0 0 
0 156 0 
0 66 0 
0 63 0 
0 245 0 
0 61 59 
0 124 35 
0 134 0 
0 0 279 
0 86 0 
0 44 0 
0 300 102 
0 201 29 
0 295 149 
0 2 37 
0 134 0 
0 63 0 
0 220 15 
0 366 45 
0 0 0 
0 106 99 
0 255 45 
0 25 0 
0 14 0 
0 0 38 
0 0 0 
0 73 0 
0 7 119 
0 82 88 
0 181 0 
0 102 21 
0 274 56 
0 0 0 
0 131 57 
0 157 0 
0 225 26 
0 34 0 
0 7 0 
0 112 0 
0 341 17 
0 118 0 
0 0 0 
0 168 0 
0 224 105 
0 113 0 
0 52 61 
0 227 25 
0 271 0 
0 122 0 
0 89 0 
0 101 53 
0 0 0 
0 56 0 
0 26 24 
0 224 264 
0 0 0 
0 186 42 
0 62 0 
0 0 0 
0 176 0 
0 84 21 
0 213 46 
0 73 9 
0 0 0 
0 153 4 
0 0 0 
0 186 0 
0 95 0 
0 183 43 
0 7 0 
0 207 0 
0 60 15 
0 154 5 
0 11 31 
0 117 0 
0 16 0 
0 269 42 
0 198 45 
0 3 0 
0 146 45 
0 61 0 
0 18 0 
0 37 46 
0 80 1 
0 0 22 
0 4 0 
0 365 0 
0 88 10 
0 177 28 
0 0 36 
0 283 0 
0 52 93 
0 84 36 
0 14 47 
0 288 60 
0 66 36 
0 427 0 
0 214 0 
0 123 0 
0 221 192 
0 65 84 
0 0 0 
0 129 0 
0 112 0 
0 21 0 
0 101 0 
0 110 106 
0 7 565 
0 167 32 
0 399 0 
0 154 31 
0 20 0 
0 81 0 
0 362 0 
0 23 0 
0 268 0 
0 39 51 
0 88 417 
0 160 0 
0 112 0 
0 0 0 
0 0 723 
0 41 269 
0 64 8 
0 138 15 
0 289 30 
0 184 271 
0 77 0 
0 5 11 
0 51 0 
0 171 116 
0 77 27 
0 21 67 
0 8 0 
0 96 0 
0 113 0 
0 291 97 
0 140 62 
0 156 18 
0 48 57 
0 162 0 
0 164 40 
0 240 0 
0 275 59 
