0 112 71 
0 83 31 
0 51 36 
0 160 48 
0 97 30 
0 78 50 
0 163 25 
0 88 12 
0 125 64 
0 115 40 
0 86 36 
0 113 20 
0 75 20 
0 139 84 
0 69 17 
0 139 18 
0 84 85 
0 99 35 
0 129 14 
0 90 51 
0 105 47 
0 123 58 
0 145 51 
0 153 46 
0 69 10 
0 85 70 
0 80 1 
0 72 46 
0 117 50 
0 129 7 
0 88 60 
0 158 18 
0 120 115 
0 117 76 
0 106 47 
0 123 13 
0 78 147 
0 101 21 
0 117 54 
0 74 18 
0 115 18 
0 72 66 
0 90 28 
0 46 15 
0 84 9 
0 118 27 
0 114 14 
0 98 33 
0 103 57 
0 169 51 
0 141 26 
0 122 53 
0 85 51 
0 114 12 
0 91 17 
0 135 29 
0 106 32 
0 103 43 
0 167 42 
0 89 25 
0 162 19 
0 118 6 
0 127 19 
0 111 56 
0 110 33 
0 121 52 
0 127 32 
0 123 21 
0 89 114 
0 161 22 
0 80 11 
0 100 4 
0 186 14 
0 64 55 
0 174 49 
0 79 21 
0 133 51 
0 143 34 
0 122 23 
0 172 20 
0 82 9 
0 83 71 
0 132 57 
0 115 54 
0 159 17 
0 111 16 
0 94 39 
0 79 53 
0 160 24 
0 94 87 
0 180 42 
0 94 76 
0 106 14 
0 96 13 
0 70 23 
0 110 18 
0 82 29 
0 108 20 
0 123 36 
0 133 42 
0 149 31 
0 103 17 
0 119 19 
0 116 37 
0 103 4 
0 130 52 
0 49 18 
0 124 20 
0 119 44 
0 63 13 
0 137 28 
0 120 67 
0 149 29 
0 160 34 
0 153 48 
0 114 36 
0 167 17 
0 76 46 
0 126 63 
0 123 41 
0 131 142 
0 106 70 
0 94 23 
0 52 116 
0 93 37 
0 114 14 
0 106 67 
0 132 14 
0 111 8 
0 133 29 
0 64 71 
0 117 45 
0 105 38 
0 71 20 
0 176 72 
0 149 67 
0 102 65 
0 94 51 
0 108 42 
0 145 3 
0 152 8 
0 68 75 
0 102 54 
0 111 22 
0 183 13 
0 152 10 
0 119 81 
0 78 45 
0 163 84 
0 88 40 
0 107 21 
0 58 39 
0 99 24 
0 98 38 
0 131 7 
0 94 45 
0 104 93 
0 184 24 
0 118 29 
0 93 21 
0 77 61 
0 158 59 
0 88 71 
0 138 11 
0 86 186 
0 90 29 
0 138 41 
0 75 31 
0 123 14 
0 129 57 
0 122 38 
0 106 55 
0 142 35 
0 215 28 
0 156 8 
0 130 31 
0 104 17 
0 104 10 
0 68 7 
0 102 16 
0 120 6 
0 84 55 
0 92 59 
0 119 83 
0 166 3 
0 96 24 
0 161 21 
0 116 52 
0 119 43 
0 69 34 
0 108 17 
0 134 24 
0 99 34 
0 66 28 
0 166 21 
0 89 74 
0 93 24 
0 55 78 
0 142 33 
0 69 44 
0 154 29 
0 102 37 
0 62 51 
0 77 35 
0 134 38 
0 67 13 
0 127 53 
0 74 35 
0 150 24 
0 92 45 
0 128 76 
0 115 16 
0 132 82 
0 158 46 
0 82 57 
0 126 27 
0 68 17 
0 127 42 
0 149 86 
0 132 34 
0 105 27 
0 68 36 
0 111 60 
0 155 20 
0 165 49 
0 144 94 
0 93 43 
0 173 31 
0 124 31 
0 173 3 
0 108 62 
0 73 64 
0 169 60 
0 114 2 
0 113 75 
0 101 20 
0 113 34 
0 127 10 
0 123 25 
0 120 9 
0 65 20 
0 113 33 
0 67 22 
0 117 28 
0 142 42 
0 179 54 
0 183 24 
0 104 66 
0 138 25 
0 73 75 
0 60 31 
0 94 28 
0 137 11 
0 91 61 
0 93 17 
0 98 22 
0 164 23 
0 88 68 
0 100 23 
0 122 31 
0 90 44 
0 120 39 
0 100 21 
0 149 39 
0 107 56 
0 125 50 
0 105 41 
0 78 32 
0 68 23 
0 109 21 
0 134 114 
0 84 20 
0 110 27 
0 85 26 
0 54 7 
0 156 19 
0 116 20 
0 174 31 
0 102 35 
0 163 21 
0 116 39 
0 124 30 
0 107 21 
0 128 37 
0 155 14 
0 184 43 
0 145 10 
0 106 41 
0 87 55 
0 153 32 
0 96 21 
0 117 72 
0 75 24 
0 121 51 
0 79 51 
0 170 67 
0 116 10 
0 161 58 
0 137 44 
0 123 28 
0 169 35 
0 147 3 
0 92 9 
0 79 51 
0 92 34 
0 65 14 
0 126 76 
0 109 6 
0 119 1 
0 77 82 
0 152 48 
0 115 48 
0 141 12 
0 127 30 
0 146 37 
0 89 38 
0 176 44 
0 157 43 
0 105 17 
0 91 19 
0 90 24 
0 133 51 
0 106 14 
0 97 38 
0 110 26 
0 62 23 
0 125 48 
0 96 25 
0 117 27 
0 90 21 
0 115 35 
0 153 39 
0 151 13 
0 136 17 
0 84 33 
0 150 19 
0 116 15 
0 121 79 
0 85 83 
0 95 43 
0 134 46 
0 125 7 
0 130 43 
0 145 83 
0 126 37 
0 105 54 
0 122 17 
0 65 49 
0 78 29 
0 72 35 
0 132 46 
0 132 53 
0 146 66 
0 83 26 
0 90 26 
0 103 15 
0 77 11 
0 135 28 
0 108 50 
0 156 19 
0 87 26 
0 95 45 
0 164 20 
0 113 9 
0 128 27 
0 145 35 
0 122 44 
0 95 50 
0 126 72 
0 79 67 
0 102 82 
0 131 12 
0 102 14 
0 98 18 
0 122 30 
0 130 56 
0 74 20 
0 97 18 
0 89 26 
0 80 25 
0 62 44 
0 73 61 
0 117 86 
0 157 18 
0 142 37 
0 119 67 
0 56 112 
0 141 62 
0 89 147 
0 133 54 
0 140 65 
0 135 38 
0 64 12 
0 122 36 
0 65 27 
0 116 67 
0 53 46 
0 118 19 
0 125 39 
0 100 45 
0 120 92 
0 70 49 
0 115 70 
0 119 24 
0 139 79 
0 137 31 
0 142 10 
0 63 57 
0 125 31 
0 148 117 
0 128 56 
0 169 10 
0 99 16 
0 55 13 
0 76 39 
0 124 23 
0 130 16 
0 83 61 
0 108 103 
0 137 70 
0 117 52 
0 103 65 
0 103 13 
0 119 17 
0 160 31 
0 153 20 
0 93 47 
0 136 33 
0 93 68 
0 106 9 
0 82 61 
0 72 38 
0 106 16 
0 78 23 
0 58 17 
0 66 66 
0 118 23 
0 102 18 
0 90 40 
0 63 62 
0 79 50 
0 90 10 
0 86 30 
0 85 61 
0 46 19 
0 127 16 
0 134 37 
0 94 10 
0 119 42 
0 88 25 
0 96 36 
0 139 34 
0 96 24 
0 132 31 
0 91 35 
0 77 37 
0 78 48 
0 121 36 
0 163 52 
0 99 37 
0 168 39 
0 79 27 
0 73 34 
0 149 54 
0 110 33 
0 121 35 
0 90 72 
0 100 49 
0 92 30 
0 88 121 
0 114 22 
0 107 16 
0 163 55 
0 146 13 
0 117 5 
0 129 90 
0 102 55 
0 79 51 
0 127 7 
0 129 33 
0 120 81 
0 133 96 
0 146 17 
0 120 50 
0 166 69 
0 96 40 
0 162 75 
0 137 20 
0 108 23 
0 99 69 
0 159 48 
0 112 55 
0 103 58 
0 120 30 
0 105 97 
0 168 114 
0 92 89 
0 67 19 
0 110 39 
0 143 7 
0 155 32 
0 132 45 
0 110 43 
0 137 45 
0 126 23 
0 86 21 
0 119 32 
0 128 51 
0 127 29 
0 100 32 
0 114 53 
0 97 45 
0 60 19 
0 108 67 
0 156 32 
0 89 87 
0 111 7 
0 54 96 
0 89 100 
0 95 25 
0 90 48 
0 95 39 
0 111 19 
0 126 57 
0 85 42 
0 122 57 
0 118 40 
0 93 8 
0 147 103 
0 125 38 
0 108 33 
0 135 22 
0 99 31 
0 148 14 
0 72 45 
0 90 72 
0 161 10 
0 85 104 
0 65 68 
0 67 126 
0 120 30 
0 102 37 
0 70 23 
0 123 17 
0 102 53 
0 201 38 
0 196 8 
0 88 4 
0 67 41 
0 113 16 
0 116 38 
0 104 46 
0 85 16 
0 58 26 
0 150 16 
0 78 58 
0 66 40 
0 114 41 
0 109 81 
0 136 48 
0 87 165 
0 151 23 
0 130 32 
0 112 3 
0 127 32 
0 135 19 
0 158 8 
0 89 21 
0 143 3 
0 91 37 
0 180 73 
0 91 74 
0 74 12 
0 135 57 
0 182 50 
0 108 26 
0 96 19 
0 100 10 
0 126 49 
0 135 49 
0 143 58 
0 133 18 
0 207 22 
0 105 47 
0 147 36 
0 116 2 
0 130 36 
0 116 18 
0 128 3 
0 87 32 
0 129 77 
0 115 99 
0 120 49 
0 127 117 
0 78 7 
0 136 44 
0 88 34 
0 163 40 
0 100 63 
0 125 12 
0 118 11 
0 73 5 
0 149 34 
0 132 48 
0 111 21 
0 89 31 
0 77 13 
0 205 8 
0 141 45 
0 173 15 
0 143 16 
0 145 46 
0 174 34 
0 136 43 
0 120 77 
0 111 32 
0 82 4 
0 101 47 
0 77 59 
0 96 23 
0 96 12 
0 71 41 
0 112 33 
0 97 31 
0 129 52 
0 102 15 
0 139 31 
0 196 12 
0 123 18 
0 94 29 
0 169 47 
0 163 13 
0 116 50 
0 125 10 
0 56 79 
0 157 37 
0 49 54 
0 134 63 
0 107 22 
0 97 27 
0 70 7 
0 109 14 
0 59 33 
0 56 19 
0 143 48 
0 119 2 
0 85 33 
0 120 48 
0 120 66 
0 92 54 
0 125 44 
0 103 25 
0 146 54 
0 138 33 
0 135 63 
0 177 57 
0 135 41 
0 62 15 
0 147 21 
0 201 39 
0 93 33 
0 99 5 
0 107 74 
0 77 29 
0 123 46 
0 138 89 
0 53 28 
0 101 18 
0 125 34 
0 132 28 
0 98 40 
0 105 20 
0 107 67 
0 68 85 
0 134 63 
0 173 48 
0 77 6 
0 125 97 
0 84 32 
0 108 44 
0 100 14 
0 90 11 
0 97 5 
0 86 6 
0 131 12 
0 48 96 
0 110 132 
0 110 49 
0 81 10 
0 116 68 
0 108 26 
0 124 33 
0 123 76 
0 120 53 
0 155 51 
0 147 18 
0 110 17 
0 95 69 
0 118 34 
0 120 31 
0 102 41 
0 124 40 
0 86 33 
0 157 67 
0 76 71 
0 109 20 
0 137 37 
0 73 150 
0 148 27 
0 110 15 
0 56 64 
0 74 36 
0 79 42 
0 71 30 
0 111 76 
0 170 35 
0 124 57 
0 128 8 
0 104 17 
0 149 27 
0 97 30 
0 100 59 
0 121 32 
0 99 36 
0 180 34 
0 137 80 
0 69 65 
0 117 10 
0 108 0 
0 65 19 
0 99 79 
0 91 38 
0 81 29 
0 109 18 
0 100 18 
0 64 24 
0 132 28 
0 123 71 
0 79 36 
0 81 46 
0 106 19 
0 96 102 
0 150 25 
0 91 17 
0 121 68 
0 112 96 
0 153 22 
0 67 44 
0 122 82 
0 156 12 
0 104 71 
0 133 50 
0 95 80 
0 85 5 
0 162 105 
0 108 82 
0 114 21 
0 138 46 
0 162 28 
0 120 31 
0 121 35 
0 89 49 
0 127 103 
0 144 9 
0 97 56 
0 111 56 
0 133 20 
0 80 22 
0 116 48 
0 140 31 
0 126 45 
0 119 45 
0 118 103 
0 82 34 
0 62 22 
0 124 8 
0 176 27 
0 147 16 
0 96 24 
0 101 64 
0 135 24 
0 150 30 
0 143 20 
0 89 15 
0 124 16 
0 128 26 
0 134 31 
0 74 13 
0 117 75 
0 113 7 
0 170 31 
0 100 54 
0 67 94 
0 132 39 
0 58 10 
0 131 23 
0 98 16 
0 124 35 
0 128 2 
0 114 23 
0 82 100 
0 109 43 
0 97 5 
0 81 13 
0 68 59 
0 104 55 
0 202 81 
0 96 22 
0 186 25 
0 113 19 
0 120 23 
0 96 12 
0 84 54 
0 121 20 
0 131 24 
0 67 26 
0 97 24 
0 98 24 
0 72 21 
0 180 58 
0 128 74 
0 85 24 
0 117 29 
0 107 31 
0 131 37 
0 113 24 
0 81 14 
0 128 27 
0 70 20 
0 148 9 
0 79 69 
0 126 21 
0 57 13 
0 48 83 
0 156 80 
0 124 41 
0 134 24 
0 147 28 
0 113 87 
0 73 8 
0 89 97 
0 136 17 
0 117 24 
0 104 18 
0 88 33 
0 87 82 
0 83 23 
0 79 14 
0 118 21 
0 142 9 
0 80 18 
0 83 34 
0 85 130 
0 162 30 
0 99 45 
0 152 28 
0 86 44 
0 136 36 
0 123 44 
0 160 51 
0 129 25 
0 104 31 
0 122 8 
0 89 12 
0 126 27 
0 148 52 
0 141 42 
0 55 37 
0 88 36 
0 148 36 
0 99 45 
0 135 27 
0 159 69 
0 99 29 
0 126 107 
0 111 53 
0 106 58 
0 204 80 
0 104 84 
0 90 12 
0 96 10 
0 135 10 
0 119 40 
0 97 57 
0 123 21 
0 82 70 
0 71 25 
0 106 6 
0 95 59 
0 112 72 
0 120 23 
0 50 43 
0 102 28 
0 84 60 
0 158 11 
0 178 33 
0 121 66 
0 111 56 
0 139 75 
0 128 31 
0 115 38 
0 116 27 
0 103 36 
0 146 79 
0 89 22 
0 99 9 
0 134 41 
0 112 18 
0 131 89 
0 85 53 
0 89 8 
0 148 36 
0 52 47 
0 192 28 
0 82 40 
0 81 8 
0 107 5 
0 127 46 
0 77 71 
0 72 3 
0 124 44 
0 160 39 
0 69 25 
0 113 37 
0 83 43 
0 127 44 
0 113 15 
0 133 84 
0 97 120 
0 138 27 
0 100 34 
0 138 76 
0 91 45 
0 81 82 
0 121 25 
0 103 7 
0 128 30 
0 127 65 
0 164 22 
0 107 57 
0 109 79 
0 75 27 
0 110 41 
0 89 62 
0 107 32 
0 69 30 
0 93 8 
0 212 38 
0 146 13 
0 83 72 
0 161 59 
0 119 53 
0 88 75 
0 75 31 
0 99 52 
0 106 17 
0 75 18 
0 105 88 
0 100 24 
0 111 23 
0 116 122 
0 111 49 
0 140 66 
0 120 13 
0 109 16 
0 132 18 
0 97 27 
0 110 17 
0 81 45 
0 121 47 
0 91 54 
0 131 12 
0 102 24 
0 30 15 
0 167 17 
0 149 35 
0 97 34 
0 148 47 
0 98 33 
0 106 18 
0 91 43 
0 86 105 
0 146 28 
0 70 29 
0 100 83 
0 104 17 
0 76 77 
0 82 77 
0 65 46 
0 123 58 
0 151 24 
0 71 48 
0 110 19 
0 102 24 
0 131 8 
0 121 36 
0 84 25 
0 87 38 
0 72 32 
0 95 37 
