0 193 46 
0 220 19 
0 167 45 
0 250 24 
0 217 12 
0 218 2 
0 228 12 
0 199 31 
0 234 0 
0 185 3 
0 229 9 
0 209 8 
0 202 10 
0 169 3 
0 250 21 
0 224 69 
0 251 23 
0 200 42 
0 178 49 
0 179 30 
0 186 29 
0 207 10 
0 204 0 
0 251 6 
0 206 13 
0 198 20 
0 176 15 
0 220 14 
0 183 19 
0 181 9 
0 227 14 
0 236 8 
0 266 1 
0 211 8 
0 244 1 
0 236 16 
0 275 0 
0 198 8 
0 173 22 
0 225 22 
0 237 16 
0 232 27 
0 167 18 
0 142 12 
0 232 21 
0 192 8 
0 203 16 
0 232 15 
0 196 8 
0 232 13 
0 195 3 
0 154 34 
0 229 16 
0 240 32 
0 238 14 
0 237 2 
0 173 8 
0 239 8 
0 208 0 
0 264 25 
0 232 11 
0 257 11 
0 227 9 
0 162 4 
0 201 5 
0 239 21 
0 222 13 
0 217 44 
0 244 7 
0 175 4 
0 238 11 
0 211 17 
0 185 13 
0 185 22 
0 173 7 
0 233 13 
0 219 17 
0 236 16 
0 240 8 
0 239 4 
0 232 15 
0 259 4 
0 201 1 
0 219 29 
0 246 11 
0 212 25 
0 208 94 
0 248 33 
0 201 47 
0 237 26 
0 230 24 
0 200 16 
0 218 9 
0 233 20 
0 179 17 
0 251 24 
0 192 6 
0 179 32 
0 185 9 
0 193 7 
0 287 2 
0 258 11 
0 201 70 
0 245 13 
0 213 27 
0 261 13 
0 193 36 
0 207 0 
0 189 5 
0 149 62 
0 183 33 
0 205 1 
0 194 19 
0 203 22 
0 185 34 
0 195 13 
0 224 21 
0 218 7 
0 222 25 
0 233 31 
0 243 28 
0 240 59 
0 257 26 
0 208 0 
0 247 6 
0 199 6 
0 215 9 
0 203 58 
0 237 26 
0 199 14 
0 229 18 
0 188 26 
0 219 6 
0 188 26 
0 213 4 
0 185 14 
0 229 11 
0 230 2 
0 206 3 
0 242 42 
0 186 0 
0 233 2 
0 221 37 
0 258 1 
0 173 35 
0 189 5 
0 190 4 
0 222 11 
0 181 5 
0 223 46 
0 172 20 
0 190 29 
0 191 2 
0 208 62 
0 210 13 
0 218 22 
0 225 3 
0 231 13 
0 231 22 
0 247 4 
0 244 37 
0 202 37 
0 208 17 
0 204 19 
0 181 20 
0 227 15 
0 237 20 
0 148 10 
0 262 23 
0 175 14 
0 209 35 
0 194 41 
0 226 21 
0 150 50 
0 221 21 
0 201 5 
0 246 32 
0 205 27 
0 245 25 
0 225 12 
0 190 18 
0 238 2 
0 225 17 
0 199 18 
0 184 28 
0 231 20 
0 245 9 
0 171 64 
0 200 8 
0 142 7 
0 203 19 
0 171 25 
0 264 14 
0 249 22 
0 209 16 
0 208 13 
0 209 0 
0 203 6 
0 202 14 
0 193 13 
0 252 19 
0 229 17 
0 232 19 
0 177 3 
0 207 17 
0 210 9 
0 205 17 
0 188 23 
0 159 4 
0 231 33 
0 194 14 
0 244 32 
0 201 20 
0 201 3 
0 181 4 
0 233 0 
0 205 24 
0 239 15 
0 187 31 
0 159 16 
0 179 22 
0 190 50 
0 209 38 
0 147 59 
0 196 40 
0 170 26 
0 183 29 
0 266 25 
0 227 8 
0 221 26 
0 233 21 
0 182 15 
0 146 57 
0 233 42 
0 203 25 
0 236 5 
0 197 18 
0 226 24 
0 254 25 
0 225 10 
0 230 6 
0 236 6 
0 210 17 
0 242 30 
0 203 72 
0 222 60 
0 223 2 
0 214 16 
0 172 47 
0 129 23 
0 218 8 
0 248 15 
0 225 11 
0 180 8 
0 233 11 
0 218 42 
0 235 18 
0 201 7 
0 218 16 
0 218 4 
0 226 4 
0 255 5 
0 255 2 
0 197 18 
0 233 30 
0 204 20 
0 224 20 
0 197 10 
0 204 18 
0 193 1 
0 232 9 
0 210 18 
0 235 3 
0 206 5 
0 253 6 
0 220 46 
0 183 39 
0 235 15 
0 181 11 
0 210 6 
0 191 25 
0 212 31 
0 281 3 
0 226 5 
0 177 17 
0 209 0 
0 205 52 
0 209 10 
0 166 6 
0 197 9 
0 186 18 
0 192 35 
0 231 2 
0 213 19 
0 178 49 
0 205 4 
0 194 3 
0 189 13 
0 242 25 
0 183 22 
0 181 3 
0 228 3 
0 188 15 
0 205 25 
0 174 18 
0 208 22 
0 235 27 
0 193 2 
0 136 7 
0 235 12 
0 206 7 
0 200 39 
0 213 16 
0 207 18 
0 176 35 
0 210 10 
0 206 26 
0 163 10 
0 245 26 
0 200 0 
0 261 13 
0 206 15 
0 217 10 
0 164 8 
0 176 28 
0 192 21 
0 232 16 
0 204 19 
0 210 15 
0 213 13 
0 177 14 
0 241 2 
0 240 26 
0 229 11 
0 229 11 
0 236 7 
0 172 58 
0 219 34 
0 172 19 
0 197 9 
0 238 18 
0 210 13 
0 164 14 
0 189 5 
0 210 0 
0 150 12 
0 260 43 
0 254 16 
0 224 4 
0 221 22 
0 167 6 
0 254 19 
0 190 48 
0 201 6 
0 209 95 
0 255 15 
0 259 26 
0 195 9 
0 191 14 
0 230 15 
0 231 7 
0 213 8 
0 174 11 
0 209 39 
0 193 17 
0 209 8 
0 235 21 
0 189 8 
0 215 7 
0 181 44 
0 231 6 
0 200 11 
0 194 21 
0 165 28 
0 271 20 
0 149 32 
0 234 65 
0 203 23 
0 226 13 
0 232 9 
0 232 47 
0 291 44 
0 175 7 
0 234 15 
0 235 38 
0 205 14 
0 259 18 
0 241 27 
0 181 15 
0 226 9 
0 233 0 
0 174 54 
0 239 14 
0 257 17 
0 251 3 
0 217 25 
0 192 43 
0 258 11 
0 244 11 
0 241 13 
0 254 8 
0 185 40 
0 211 25 
0 225 15 
0 225 17 
0 187 1 
0 219 23 
0 183 38 
0 223 4 
0 215 60 
0 194 29 
0 206 19 
0 253 4 
0 194 16 
0 206 22 
0 224 11 
0 218 13 
0 202 4 
0 186 6 
0 199 6 
0 221 18 
0 230 28 
0 207 6 
0 220 14 
0 232 4 
0 190 15 
0 187 35 
0 207 23 
0 187 22 
0 224 19 
0 240 9 
0 217 9 
0 185 17 
0 188 3 
0 269 21 
0 234 7 
0 212 9 
0 219 6 
0 245 15 
0 168 19 
0 227 6 
0 236 29 
0 225 3 
0 193 13 
0 197 8 
0 220 1 
0 289 19 
0 220 0 
0 219 11 
0 236 40 
0 224 49 
0 185 16 
0 238 56 
0 216 3 
0 221 18 
0 246 18 
0 284 46 
0 211 37 
0 217 12 
0 205 25 
0 231 12 
0 279 9 
0 160 26 
0 261 30 
0 248 21 
0 193 63 
0 163 36 
0 221 8 
0 256 12 
0 216 30 
0 225 5 
0 217 24 
0 187 20 
0 241 8 
0 226 5 
0 230 20 
0 194 39 
0 183 14 
0 216 12 
0 215 3 
0 174 25 
0 243 33 
0 190 39 
0 221 14 
0 223 44 
0 201 10 
0 280 33 
0 195 18 
0 251 36 
0 252 37 
0 258 59 
0 193 29 
0 213 9 
0 176 24 
0 220 19 
0 249 14 
0 216 55 
0 245 21 
0 176 28 
0 234 34 
0 245 9 
0 263 16 
0 249 15 
0 216 21 
0 239 6 
0 231 52 
0 219 13 
0 206 9 
0 190 16 
0 178 2 
0 179 19 
0 214 35 
0 230 24 
0 215 11 
0 236 5 
0 152 18 
0 278 1 
0 198 17 
0 199 10 
0 206 21 
0 241 5 
0 190 28 
0 205 28 
0 214 8 
0 201 23 
0 209 1 
0 216 20 
0 193 12 
0 184 60 
0 187 19 
0 217 21 
0 194 7 
0 157 29 
0 209 15 
0 225 41 
0 248 13 
0 251 6 
0 225 9 
0 279 20 
0 205 3 
0 218 9 
0 216 13 
0 207 17 
0 210 32 
0 212 10 
0 282 19 
0 244 16 
0 201 26 
0 247 5 
0 201 41 
0 236 23 
0 202 10 
0 301 2 
0 183 4 
0 210 0 
0 207 11 
0 245 30 
0 221 20 
0 230 53 
0 193 35 
0 236 40 
0 171 15 
0 295 15 
0 209 46 
0 205 88 
0 254 42 
0 218 1 
0 234 16 
0 163 44 
0 230 59 
0 227 6 
0 212 4 
0 222 8 
0 251 39 
0 224 27 
0 261 1 
0 176 11 
0 206 7 
0 206 14 
0 249 7 
0 211 30 
0 201 8 
0 220 16 
0 198 5 
0 157 33 
0 231 0 
0 248 4 
0 210 2 
0 229 12 
0 247 22 
0 246 24 
0 171 28 
0 183 19 
0 180 63 
0 248 13 
0 196 26 
0 223 6 
0 176 28 
0 200 12 
0 245 2 
0 205 10 
0 210 8 
0 226 11 
0 232 7 
0 245 16 
0 218 12 
0 268 19 
0 205 9 
0 218 7 
0 204 12 
0 195 8 
0 230 23 
0 168 22 
0 262 23 
0 231 46 
0 213 7 
0 209 13 
0 189 33 
0 232 3 
0 223 27 
0 246 9 
0 239 26 
0 290 15 
0 215 42 
0 229 6 
0 241 18 
0 181 4 
0 200 39 
0 233 3 
0 155 77 
0 198 13 
0 243 26 
0 229 43 
0 185 30 
0 183 26 
0 226 34 
0 256 8 
0 176 21 
0 231 4 
0 220 9 
0 195 4 
0 225 0 
0 253 2 
0 206 6 
0 224 5 
0 188 22 
0 164 69 
0 198 46 
0 242 14 
0 190 27 
0 238 0 
0 252 6 
0 256 18 
0 191 4 
0 283 30 
0 216 7 
0 225 23 
0 233 21 
0 213 17 
0 300 25 
0 220 4 
0 271 4 
0 203 8 
0 214 13 
0 221 1 
0 218 9 
0 246 22 
0 188 20 
0 222 8 
0 184 9 
0 234 9 
0 236 20 
0 216 9 
0 214 20 
0 230 36 
0 213 43 
0 219 6 
0 232 1 
0 213 14 
0 255 5 
0 173 26 
0 250 1 
0 242 14 
0 203 18 
0 255 27 
0 195 77 
0 166 56 
0 298 9 
0 246 20 
0 188 19 
0 229 18 
0 232 11 
0 256 32 
0 237 8 
0 227 11 
0 232 24 
0 190 27 
0 197 30 
0 205 12 
0 205 21 
0 243 8 
0 151 13 
0 235 10 
0 227 17 
0 241 0 
0 245 5 
0 216 16 
0 230 12 
0 228 5 
0 239 7 
0 166 1 
0 214 15 
0 205 17 
0 244 14 
0 234 10 
0 173 2 
0 196 31 
0 230 25 
0 249 22 
0 248 0 
0 163 15 
0 233 6 
0 257 25 
0 222 18 
0 217 5 
0 217 28 
0 249 56 
0 232 41 
0 183 66 
0 171 7 
0 272 28 
0 222 5 
0 182 6 
0 214 11 
0 184 28 
0 239 51 
0 225 10 
0 228 9 
0 281 16 
0 167 11 
0 262 11 
0 240 22 
0 210 17 
0 178 18 
0 198 64 
0 216 0 
0 206 16 
0 261 31 
0 237 7 
0 241 4 
0 148 20 
0 266 8 
0 198 27 
0 205 25 
0 223 12 
0 196 55 
0 190 42 
0 248 23 
0 201 38 
0 216 14 
0 234 5 
0 221 4 
0 279 5 
0 203 54 
0 195 30 
0 215 3 
0 203 6 
0 263 19 
0 189 4 
0 211 3 
0 220 8 
0 183 42 
0 251 27 
0 195 3 
0 227 19 
0 223 29 
0 203 58 
0 178 25 
0 159 10 
0 235 38 
0 217 7 
0 200 13 
0 168 17 
0 166 37 
0 162 5 
0 256 9 
0 261 14 
0 230 29 
0 239 10 
0 269 8 
0 197 29 
0 211 65 
0 281 1 
0 169 83 
0 203 25 
0 168 1 
0 226 5 
0 222 21 
0 184 2 
0 247 20 
0 197 18 
0 201 12 
0 252 105 
0 263 5 
0 252 7 
0 224 13 
0 191 22 
0 179 11 
0 156 7 
0 193 19 
0 203 26 
0 225 20 
0 254 11 
0 173 14 
0 221 20 
0 237 1 
0 214 11 
0 269 63 
0 210 7 
0 249 9 
0 158 2 
0 173 7 
0 206 25 
0 202 13 
0 216 24 
0 243 17 
0 210 15 
0 185 10 
0 188 20 
0 173 16 
0 159 15 
0 258 31 
0 226 12 
0 218 23 
0 199 15 
0 254 2 
0 155 22 
0 223 23 
0 225 22 
0 185 4 
0 218 5 
0 192 41 
0 231 14 
0 211 7 
0 229 5 
0 190 49 
0 207 22 
0 175 38 
0 171 4 
0 216 11 
0 205 30 
0 194 13 
0 211 17 
0 242 14 
0 209 12 
0 198 18 
0 220 32 
0 221 3 
0 258 65 
0 227 19 
0 226 3 
0 232 21 
0 224 12 
0 253 2 
0 213 23 
0 206 40 
0 181 22 
0 251 17 
0 257 12 
0 207 17 
0 218 20 
0 219 24 
0 220 62 
0 203 9 
0 266 2 
0 275 39 
0 185 52 
0 194 30 
0 179 2 
0 238 14 
0 263 64 
0 248 2 
0 186 21 
0 236 22 
0 226 31 
0 207 84 
0 210 6 
0 208 16 
0 208 8 
0 278 7 
0 183 32 
0 217 8 
0 209 9 
0 180 8 
0 190 19 
0 214 13 
0 186 20 
0 201 23 
0 216 4 
0 161 34 
0 193 6 
0 202 4 
0 252 12 
0 180 36 
0 165 69 
0 235 4 
0 198 27 
0 243 28 
0 226 2 
0 229 13 
0 211 5 
0 266 19 
0 225 35 
0 226 7 
0 232 10 
0 314 4 
0 188 8 
0 250 8 
0 172 10 
0 275 19 
0 184 51 
0 174 43 
0 240 25 
0 205 12 
0 222 3 
0 189 14 
0 239 14 
0 242 7 
0 249 9 
0 226 21 
0 231 13 
0 322 24 
0 211 22 
0 197 3 
0 183 25 
0 212 28 
0 230 17 
0 184 18 
0 261 12 
0 198 8 
0 247 15 
0 186 18 
0 223 23 
0 224 15 
0 234 6 
0 164 16 
0 206 7 
0 206 32 
0 236 13 
0 194 25 
0 207 31 
0 212 17 
0 213 1 
0 189 65 
0 226 15 
0 246 11 
0 207 12 
0 157 5 
0 218 30 
0 256 12 
0 253 23 
0 189 37 
0 199 18 
0 235 23 
0 208 18 
0 247 13 
0 237 18 
0 155 52 
0 244 14 
0 178 42 
0 171 10 
0 214 5 
0 222 24 
0 226 8 
0 236 20 
0 235 21 
0 169 3 
0 252 3 
0 249 17 
0 201 4 
0 208 77 
0 227 7 
0 210 19 
0 200 6 
0 219 2 
0 198 65 
0 208 14 
0 219 3 
0 185 12 
0 242 13 
0 214 8 
0 201 4 
0 244 13 
0 191 8 
0 163 0 
0 227 12 
0 169 14 
0 263 4 
0 211 13 
0 185 10 
