0 173 4 
0 238 9 
0 188 19 
0 191 18 
0 190 5 
0 154 4 
0 212 3 
0 261 15 
0 239 9 
0 198 3 
0 134 26 
0 201 3 
0 218 5 
0 185 4 
0 204 7 
0 197 8 
0 247 3 
0 227 20 
0 202 16 
0 218 52 
0 204 23 
0 223 8 
0 191 22 
0 248 26 
0 184 2 
0 208 14 
0 179 7 
0 266 6 
0 194 48 
0 229 11 
0 218 11 
0 168 18 
0 164 23 
0 218 32 
0 208 12 
0 182 35 
0 264 41 
0 207 32 
0 220 13 
0 250 11 
0 185 1 
0 210 0 
0 220 5 
0 233 18 
0 198 8 
0 210 45 
0 228 23 
0 214 45 
0 282 19 
0 238 7 
0 239 2 
0 242 7 
0 270 5 
0 157 8 
0 244 20 
0 205 13 
0 193 39 
0 141 65 
0 219 64 
0 191 3 
0 236 8 
0 203 12 
0 167 2 
0 177 46 
0 262 15 
0 212 3 
0 187 17 
0 204 13 
0 252 2 
0 181 14 
0 184 9 
0 222 14 
0 204 42 
0 211 3 
0 203 20 
0 278 12 
0 207 37 
0 188 1 
0 198 8 
0 223 8 
0 222 95 
0 182 20 
0 236 0 
0 222 13 
0 226 29 
0 241 0 
0 237 27 
0 215 47 
0 184 31 
0 122 5 
0 165 2 
0 164 50 
0 226 11 
0 224 28 
0 244 17 
0 247 10 
0 174 53 
0 271 37 
0 221 9 
0 229 8 
0 215 6 
0 211 23 
0 246 36 
0 224 16 
0 249 16 
0 210 38 
0 224 4 
0 226 8 
0 207 19 
0 242 2 
0 239 10 
0 201 3 
0 223 15 
0 206 27 
0 224 12 
0 223 60 
0 255 12 
0 170 14 
0 216 10 
0 189 86 
0 118 21 
0 160 31 
0 219 29 
0 167 24 
0 210 25 
0 206 23 
0 175 16 
0 271 0 
0 196 13 
0 198 7 
0 174 17 
0 200 34 
0 218 56 
0 174 35 
0 228 11 
0 212 33 
0 240 4 
0 237 18 
0 290 0 
0 159 28 
0 232 20 
0 172 32 
0 246 30 
0 218 56 
0 205 13 
0 164 30 
0 208 11 
0 263 1 
0 255 63 
0 210 2 
0 218 31 
0 268 28 
0 229 11 
0 257 6 
0 268 6 
0 238 14 
0 203 3 
0 211 46 
0 172 23 
0 210 10 
0 221 8 
0 229 41 
0 233 3 
0 207 6 
0 253 28 
0 161 5 
0 180 64 
0 243 18 
0 275 16 
0 222 9 
0 189 40 
0 203 40 
0 235 14 
0 202 32 
0 194 23 
0 233 3 
0 206 9 
0 221 29 
0 201 1 
0 198 23 
0 177 12 
0 184 78 
0 217 1 
0 237 64 
0 209 11 
0 254 22 
0 212 13 
0 234 22 
0 217 5 
0 262 18 
0 219 23 
0 257 12 
0 266 20 
0 202 24 
0 270 25 
0 238 10 
0 220 43 
0 209 1 
0 230 18 
0 256 5 
0 217 7 
0 201 23 
0 167 41 
0 261 11 
0 194 23 
0 194 26 
0 222 2 
0 208 21 
0 214 5 
0 270 27 
0 187 21 
0 201 19 
0 211 3 
0 179 6 
0 242 22 
0 172 18 
0 233 6 
0 172 23 
0 286 7 
0 196 0 
0 184 10 
0 235 5 
0 181 32 
0 201 40 
0 230 7 
0 217 3 
0 275 1 
0 240 17 
0 134 53 
0 225 0 
0 238 21 
0 209 5 
0 231 22 
0 190 11 
0 264 9 
0 182 14 
0 258 6 
0 194 102 
0 211 28 
0 213 7 
0 199 20 
0 218 34 
0 187 14 
0 228 2 
0 257 74 
0 224 27 
0 207 22 
0 214 28 
0 268 37 
0 218 23 
0 249 1 
0 211 8 
0 260 11 
0 242 2 
0 242 22 
0 197 3 
0 180 30 
0 181 35 
0 204 31 
0 224 29 
0 235 25 
0 186 51 
0 192 2 
0 209 8 
0 248 14 
0 179 25 
0 224 19 
0 188 20 
0 188 8 
0 191 22 
0 242 29 
0 218 19 
0 230 5 
0 224 22 
0 198 3 
0 217 27 
0 222 49 
0 207 19 
0 245 6 
0 221 2 
0 219 9 
0 199 6 
0 257 18 
0 174 9 
0 207 59 
0 178 9 
0 245 34 
0 220 6 
0 261 23 
0 202 7 
0 182 6 
0 161 49 
0 217 3 
0 224 8 
0 205 23 
0 224 24 
0 163 0 
0 214 4 
0 214 16 
0 196 3 
0 209 36 
0 203 3 
0 215 2 
0 271 40 
0 199 9 
0 199 0 
0 190 17 
0 207 11 
0 241 27 
0 199 12 
0 156 18 
0 199 33 
0 231 0 
0 189 28 
0 180 3 
0 216 3 
0 219 29 
0 204 110 
0 230 3 
0 207 15 
0 204 8 
0 266 4 
0 197 6 
0 213 6 
0 197 14 
0 210 25 
0 181 1 
0 186 61 
0 228 1 
0 144 8 
0 165 7 
0 189 13 
0 164 23 
0 249 5 
0 214 4 
0 215 15 
0 220 22 
0 235 19 
0 178 32 
0 163 14 
0 219 12 
0 247 7 
0 182 1 
0 235 8 
0 172 5 
0 202 50 
0 207 30 
0 183 41 
0 244 0 
0 205 18 
0 208 43 
0 196 32 
0 186 59 
0 196 25 
0 239 28 
0 196 18 
0 222 1 
0 218 2 
0 255 2 
0 194 17 
0 206 19 
0 183 26 
0 231 12 
0 231 5 
0 200 14 
0 249 82 
0 168 8 
0 240 7 
0 181 34 
0 238 9 
0 229 17 
0 194 55 
0 206 15 
0 255 6 
0 220 2 
0 141 5 
0 224 13 
0 219 14 
0 200 7 
0 246 22 
0 267 5 
0 285 6 
0 263 28 
0 201 21 
0 235 3 
0 175 27 
0 246 17 
0 226 2 
0 235 10 
0 233 28 
0 236 23 
0 202 49 
0 198 64 
0 188 21 
0 258 7 
0 253 27 
0 274 20 
0 154 59 
0 219 9 
0 193 30 
0 228 24 
0 190 1 
0 240 5 
0 208 30 
0 228 9 
0 218 21 
0 157 18 
0 180 9 
0 222 13 
0 250 5 
0 193 16 
0 239 23 
0 269 47 
0 219 44 
0 184 35 
0 253 0 
0 198 10 
0 207 5 
0 234 26 
0 244 12 
0 179 37 
0 210 49 
0 166 11 
0 177 15 
0 216 14 
0 195 14 
0 226 30 
0 219 6 
0 254 11 
0 235 54 
0 221 29 
0 213 11 
0 213 10 
0 245 26 
0 212 16 
0 243 1 
0 131 14 
0 246 26 
0 154 18 
0 158 19 
0 192 5 
0 206 16 
0 251 10 
0 199 12 
0 162 8 
0 173 63 
0 239 25 
0 217 11 
0 229 26 
0 266 1 
0 203 13 
0 196 10 
0 232 2 
0 226 28 
0 194 3 
0 197 6 
0 212 1 
0 197 12 
0 240 10 
0 178 7 
0 221 19 
0 205 27 
0 258 40 
0 179 1 
0 172 17 
0 201 33 
0 231 10 
0 191 11 
0 169 65 
0 191 57 
0 202 1 
0 173 23 
0 205 20 
0 206 7 
0 204 25 
0 229 19 
0 204 0 
0 242 19 
0 200 18 
0 210 35 
0 257 4 
0 246 11 
0 230 5 
0 182 19 
0 223 19 
0 187 44 
0 240 82 
0 165 4 
0 185 22 
0 253 41 
0 203 48 
0 205 19 
0 174 42 
0 211 21 
0 251 34 
0 249 29 
0 254 5 
0 183 16 
0 194 6 
0 201 16 
0 165 40 
0 242 20 
0 163 5 
0 229 1 
0 208 15 
0 210 5 
0 175 10 
0 199 10 
0 232 0 
0 242 7 
0 217 7 
0 208 4 
0 251 10 
0 179 9 
0 293 3 
0 226 15 
0 174 1 
0 230 21 
0 241 18 
0 277 0 
0 181 34 
0 158 6 
0 283 28 
0 265 3 
0 224 26 
0 188 17 
0 259 23 
0 202 9 
0 214 16 
0 198 21 
0 253 34 
0 203 8 
0 202 10 
0 205 6 
0 198 13 
0 217 22 
0 184 35 
0 215 8 
0 181 17 
0 258 30 
0 272 10 
0 204 8 
0 198 16 
0 231 26 
0 215 29 
0 185 15 
0 185 28 
0 219 9 
0 282 12 
0 221 8 
0 232 28 
0 178 55 
0 215 12 
0 295 3 
0 221 4 
0 252 19 
0 186 12 
0 203 6 
0 208 22 
0 223 2 
0 164 39 
0 280 13 
0 205 29 
0 182 10 
0 268 29 
0 212 0 
0 196 5 
0 210 15 
0 162 14 
0 257 10 
0 265 21 
0 236 26 
0 272 5 
0 252 33 
0 268 6 
0 207 11 
0 195 45 
0 208 9 
0 202 34 
0 264 9 
0 219 19 
0 225 8 
0 279 13 
0 267 42 
0 244 58 
0 268 13 
0 190 14 
0 207 33 
0 210 5 
0 170 14 
0 204 0 
0 167 6 
0 255 22 
0 175 15 
0 221 11 
0 315 24 
0 213 20 
0 172 15 
0 269 14 
0 181 32 
0 193 34 
0 222 20 
0 207 19 
0 230 13 
0 259 13 
0 255 6 
0 222 9 
0 298 2 
0 225 11 
0 246 10 
0 202 33 
0 257 7 
0 232 9 
0 203 6 
0 209 14 
0 201 16 
0 211 14 
0 231 27 
0 212 31 
0 216 30 
0 246 29 
0 168 3 
0 270 5 
0 200 42 
0 213 7 
0 182 4 
0 248 0 
0 232 11 
0 168 11 
0 184 49 
0 244 11 
0 198 1 
0 196 14 
0 173 38 
0 235 2 
0 218 19 
0 239 37 
0 223 16 
0 224 12 
0 201 12 
0 231 40 
0 165 23 
0 214 7 
0 159 34 
0 207 2 
0 254 5 
0 221 21 
0 198 14 
0 190 17 
0 213 7 
0 181 25 
0 185 12 
0 205 17 
0 253 53 
0 265 7 
0 188 3 
0 214 21 
0 229 22 
0 205 24 
0 206 7 
0 237 56 
0 203 8 
0 188 14 
0 170 15 
0 129 84 
0 202 8 
0 229 18 
0 230 13 
0 177 18 
0 248 8 
0 221 1 
0 283 9 
0 235 4 
0 164 23 
0 224 27 
0 219 4 
0 248 42 
0 279 53 
0 216 27 
0 252 8 
0 164 34 
0 203 28 
0 193 5 
0 235 51 
0 240 13 
0 201 49 
0 238 8 
0 226 8 
0 208 33 
0 206 12 
0 177 5 
0 180 3 
0 208 29 
0 235 15 
0 247 3 
0 196 25 
0 181 25 
0 198 26 
0 223 39 
0 195 12 
0 268 7 
0 201 16 
0 230 43 
0 133 64 
0 193 19 
0 133 64 
0 202 9 
0 237 58 
0 236 33 
0 190 16 
0 274 45 
0 189 21 
0 212 33 
0 282 8 
0 252 14 
0 217 42 
0 177 56 
0 208 85 
0 228 1 
0 222 14 
0 246 7 
0 272 1 
0 211 16 
0 205 7 
0 237 45 
0 249 11 
0 218 31 
0 212 25 
0 226 12 
0 226 27 
0 123 14 
0 246 8 
0 225 10 
0 217 24 
0 229 18 
0 203 18 
0 210 25 
0 242 1 
0 190 12 
0 216 14 
0 255 11 
0 246 12 
0 201 7 
0 182 12 
0 252 71 
0 179 38 
0 170 31 
0 217 14 
0 240 12 
0 213 3 
0 185 9 
0 250 2 
0 220 20 
0 230 37 
0 183 55 
0 205 8 
0 253 24 
0 283 1 
0 215 8 
0 158 1 
0 215 32 
0 204 0 
0 230 14 
0 262 2 
0 225 17 
0 171 98 
0 265 54 
0 219 22 
0 191 12 
0 232 47 
0 152 32 
0 238 2 
0 266 16 
0 236 13 
0 247 30 
0 201 19 
0 250 33 
0 216 30 
0 146 30 
0 217 12 
0 201 15 
0 208 6 
0 199 9 
0 178 15 
0 235 14 
0 196 36 
0 208 51 
0 180 0 
0 220 1 
0 279 10 
0 197 34 
0 198 19 
0 147 22 
0 216 24 
0 220 8 
0 186 2 
0 188 63 
0 216 12 
0 238 10 
0 205 19 
0 197 10 
0 204 39 
0 279 11 
0 241 19 
0 215 7 
0 196 0 
0 178 10 
0 204 24 
0 167 57 
0 189 25 
0 234 13 
0 233 1 
0 232 5 
0 198 10 
0 255 39 
0 244 12 
0 232 5 
0 202 1 
0 180 3 
0 209 25 
0 244 20 
0 184 29 
0 237 3 
0 174 19 
0 191 40 
0 142 24 
0 201 26 
0 242 1 
0 226 10 
0 185 37 
0 236 38 
0 233 21 
0 235 3 
0 200 24 
0 170 30 
0 203 1 
0 194 17 
0 152 0 
0 281 3 
0 173 0 
0 196 23 
0 245 42 
0 191 43 
0 257 33 
0 210 11 
0 217 37 
0 204 10 
0 224 2 
0 229 9 
0 215 35 
0 239 28 
0 277 13 
0 184 10 
0 225 35 
0 209 15 
0 247 5 
0 251 6 
0 214 21 
0 256 14 
0 198 24 
0 233 13 
0 267 6 
0 193 9 
0 212 40 
0 223 70 
0 254 6 
0 175 14 
0 215 9 
0 178 48 
0 194 13 
0 260 15 
0 248 34 
0 234 4 
0 138 32 
0 209 14 
0 196 9 
0 274 13 
0 159 10 
0 215 5 
0 232 9 
0 190 18 
0 196 10 
0 235 4 
0 185 21 
0 277 5 
0 194 12 
0 271 8 
0 247 3 
0 191 32 
0 146 51 
0 266 9 
0 149 25 
0 197 7 
0 239 30 
0 199 34 
0 285 6 
0 243 41 
0 190 9 
0 231 47 
0 192 16 
0 195 17 
0 183 32 
0 166 33 
0 211 68 
0 254 23 
0 257 22 
0 210 13 
0 161 42 
0 225 17 
0 214 25 
0 204 15 
0 242 13 
0 235 23 
0 199 5 
0 236 12 
0 239 21 
0 233 22 
0 180 82 
0 228 1 
0 226 11 
0 188 14 
0 225 6 
0 247 5 
0 210 15 
0 214 23 
0 237 14 
0 167 36 
0 207 12 
0 220 41 
0 220 36 
0 211 61 
0 226 6 
0 261 8 
0 244 40 
0 225 19 
0 234 33 
0 182 2 
0 208 23 
0 242 30 
0 267 8 
0 248 65 
0 247 4 
0 213 10 
0 166 19 
0 175 19 
0 224 9 
0 217 17 
0 232 11 
0 211 2 
0 257 29 
0 155 10 
0 153 7 
0 233 38 
0 224 5 
0 158 34 
0 235 13 
0 197 9 
0 228 29 
0 227 29 
0 168 67 
0 208 10 
0 205 17 
0 222 8 
0 226 27 
0 174 60 
0 181 24 
0 193 14 
0 258 15 
0 215 0 
0 239 5 
0 204 4 
0 307 11 
0 215 49 
0 237 17 
0 254 43 
0 271 11 
0 192 16 
0 228 39 
0 235 4 
0 189 22 
0 218 19 
0 244 41 
0 205 14 
0 212 16 
0 169 28 
0 220 34 
0 220 15 
0 268 0 
0 216 16 
0 217 4 
0 173 13 
0 222 21 
0 209 21 
0 205 1 
0 184 8 
0 193 9 
0 189 3 
0 207 5 
0 193 58 
0 246 25 
