37 396 18 0 0 
13 499 15 0 0 
20 407 26 0 0 
56 439 23 0 0 
49 364 43 0 0 
12 453 11 0 0 
29 483 50 0 0 
61 407 40 0 0 
3 396 37 0 0 
61 430 16 0 0 
34 456 37 0 0 
70 462 36 0 0 
21 536 3 0 0 
37 515 44 0 0 
14 465 31 0 0 
19 383 34 0 0 
4 438 43 0 0 
62 352 31 0 0 
31 397 30 0 0 
38 389 17 0 0 
62 464 45 0 0 
27 468 39 0 0 
23 375 77 0 0 
96 465 39 0 0 
47 455 50 0 0 
19 440 2 0 0 
31 409 48 0 0 
12 528 25 0 0 
11 426 31 0 0 
71 410 29 0 0 
33 481 16 0 0 
25 491 13 0 0 
38 463 21 0 0 
62 380 20 0 0 
110 391 26 0 0 
46 338 11 0 0 
17 422 65 0 0 
88 425 31 0 0 
21 415 19 0 0 
19 522 19 0 0 
19 422 23 0 0 
26 453 4 0 0 
51 475 25 0 0 
49 424 20 0 0 
16 459 62 0 0 
22 438 24 0 0 
29 418 46 0 0 
40 332 67 0 0 
20 441 35 0 0 
6 472 15 0 0 
9 431 42 0 0 
15 528 1 0 0 
31 555 21 0 0 
6 498 42 0 0 
6 535 12 0 0 
41 338 20 0 0 
14 324 71 0 0 
63 344 69 0 0 
19 409 42 0 0 
15 348 12 0 0 
27 470 46 0 0 
64 429 29 0 0 
85 405 0 0 0 
38 529 9 0 0 
96 476 19 0 0 
67 415 11 0 0 
40 468 27 0 0 
46 492 13 0 0 
41 487 20 0 0 
12 431 61 0 0 
31 478 4 0 0 
25 376 59 0 0 
3 487 8 0 0 
6 468 44 0 0 
98 468 18 0 0 
42 363 123 0 0 
40 484 41 0 0 
36 508 21 0 0 
139 462 9 0 0 
94 379 22 0 0 
95 445 10 0 0 
15 559 20 0 0 
39 438 4 0 0 
27 440 36 0 0 
17 381 57 0 0 
37 318 66 0 0 
47 372 23 0 0 
5 385 28 0 0 
32 518 15 0 0 
24 378 44 0 0 
28 430 3 0 0 
6 424 28 0 0 
75 344 14 0 0 
34 488 18 0 0 
31 392 11 0 0 
52 459 16 0 0 
16 455 4 0 0 
23 489 25 0 0 
48 422 7 0 0 
6 414 18 0 0 
48 387 95 0 0 
77 444 22 0 0 
38 488 39 0 0 
57 427 4 0 0 
33 420 31 0 0 
59 437 17 0 0 
6 437 24 0 0 
11 438 63 0 0 
80 378 7 0 0 
33 408 28 0 0 
58 380 54 0 0 
56 509 24 0 0 
18 531 20 0 0 
37 403 5 0 0 
24 272 11 0 0 
42 374 0 0 0 
21 459 64 0 0 
47 472 21 0 0 
33 444 11 0 0 
5 524 53 0 0 
55 421 11 0 0 
29 476 39 0 0 
6 417 53 0 0 
99 399 23 0 0 
11 357 28 0 0 
39 475 13 0 0 
10 530 5 0 0 
18 453 5 0 0 
16 406 22 0 0 
23 522 16 0 0 
16 464 25 0 0 
39 427 9 0 0 
61 383 94 0 0 
76 390 25 0 0 
24 399 18 0 0 
34 352 78 0 0 
73 506 14 0 0 
20 541 23 0 0 
115 411 22 0 0 
56 413 25 0 0 
80 495 11 0 0 
26 419 22 0 0 
25 483 4 0 0 
33 370 59 0 0 
52 402 61 0 0 
16 453 11 0 0 
22 495 24 0 0 
119 376 40 0 0 
16 503 69 0 0 
29 416 6 0 0 
2 463 76 0 0 
87 365 42 0 0 
14 499 26 0 0 
6 517 12 0 0 
16 447 20 0 0 
37 476 53 0 0 
39 450 11 0 0 
70 363 57 0 0 
57 411 19 0 0 
12 448 11 0 0 
5 453 50 0 0 
42 472 10 0 0 
15 577 15 0 0 
24 494 44 0 0 
62 406 6 0 0 
26 343 16 0 0 
67 396 34 0 0 
35 422 22 0 0 
24 332 22 0 0 
53 570 15 0 0 
38 518 14 0 0 
8 463 30 0 0 
17 543 28 0 0 
63 501 2 0 0 
24 437 37 0 0 
16 541 17 0 0 
30 429 13 0 0 
30 415 69 0 0 
81 372 0 0 0 
19 430 19 0 0 
17 360 22 0 0 
16 494 25 0 0 
44 403 51 0 0 
34 438 28 0 0 
14 447 19 0 0 
18 413 40 0 0 
28 409 17 0 0 
35 438 8 0 0 
60 418 0 0 0 
64 380 31 0 0 
8 349 24 0 0 
64 439 20 0 0 
8 382 12 0 0 
36 421 54 0 0 
30 427 18 0 0 
19 449 8 0 0 
54 419 35 0 0 
33 468 25 0 0 
15 390 44 0 0 
37 320 108 0 0 
6 454 27 0 0 
15 499 16 0 0 
36 355 8 0 0 
39 392 59 0 0 
23 461 88 0 0 
26 400 17 0 0 
20 398 14 0 0 
26 599 49 0 0 
1 370 27 0 0 
6 464 76 0 0 
16 486 35 0 0 
41 326 52 0 0 
10 390 53 0 0 
23 444 42 0 0 
6 421 91 0 0 
17 422 43 0 0 
29 362 37 0 0 
10 417 88 0 0 
71 471 29 0 0 
52 382 14 0 0 
68 351 45 0 0 
35 410 15 0 0 
12 427 40 0 0 
57 399 7 0 0 
19 413 48 0 0 
55 372 15 0 0 
7 361 49 0 0 
3 399 57 0 0 
32 451 13 0 0 
27 373 60 0 0 
28 477 34 0 0 
23 428 52 0 0 
38 439 32 0 0 
43 442 49 0 0 
8 501 1 0 0 
78 386 78 0 0 
38 424 85 0 0 
9 423 6 0 0 
97 376 66 0 0 
49 346 26 0 0 
27 379 68 0 0 
31 465 71 0 0 
0 349 8 0 0 
17 395 22 0 0 
1 423 47 0 0 
33 513 3 0 0 
14 400 74 0 0 
29 394 24 0 0 
52 348 14 0 0 
74 431 9 0 0 
12 475 26 0 0 
26 420 13 0 0 
65 451 30 0 0 
20 407 8 0 0 
39 466 39 0 0 
12 416 36 0 0 
47 471 50 0 0 
63 518 38 0 0 
56 397 61 0 0 
36 393 47 0 0 
24 330 17 0 0 
57 467 10 0 0 
22 423 9 0 0 
84 414 3 0 0 
12 412 94 0 0 
84 390 17 0 0 
27 462 20 0 0 
20 483 15 0 0 
69 434 25 0 0 
29 446 7 0 0 
33 470 21 0 0 
57 405 108 0 0 
39 474 20 0 0 
16 417 9 0 0 
63 453 30 0 0 
88 391 2 0 0 
34 457 35 0 0 
32 538 16 0 0 
35 494 21 0 0 
45 420 34 0 0 
46 505 46 0 0 
39 469 32 0 0 
34 453 51 0 0 
2 417 18 0 0 
40 389 47 0 0 
24 372 46 0 0 
38 391 31 0 0 
7 395 59 0 0 
20 416 15 0 0 
46 464 37 0 0 
4 471 37 0 0 
11 447 31 0 0 
38 405 31 0 0 
8 361 36 0 0 
45 471 8 0 0 
39 548 12 0 0 
10 481 42 0 0 
16 411 43 0 0 
41 473 52 0 0 
15 533 20 0 0 
48 507 37 0 0 
42 496 13 0 0 
49 411 13 0 0 
22 424 44 0 0 
18 471 41 0 0 
16 432 28 0 0 
68 430 9 0 0 
40 417 30 0 0 
38 399 32 0 0 
21 414 29 0 0 
25 383 16 0 0 
36 422 13 0 0 
21 458 26 0 0 
18 411 32 0 0 
36 482 45 0 0 
40 402 22 0 0 
40 416 56 0 0 
41 414 16 0 0 
32 369 21 0 0 
40 434 11 0 0 
46 381 24 0 0 
30 461 8 0 0 
18 444 31 0 0 
27 504 23 0 0 
44 459 31 0 0 
35 440 19 0 0 
28 438 44 0 0 
63 425 25 0 0 
42 438 49 0 0 
32 370 30 0 0 
42 491 7 0 0 
62 301 67 0 0 
48 364 55 0 0 
10 415 47 0 0 
14 494 47 0 0 
8 408 27 0 0 
31 454 37 0 0 
10 501 21 0 0 
0 445 14 0 0 
34 496 63 0 0 
13 416 32 0 0 
24 483 46 0 0 
33 475 29 0 0 
73 359 25 0 0 
51 423 18 0 0 
7 523 30 0 0 
31 474 28 0 0 
50 445 37 0 0 
18 392 39 0 0 
51 524 34 0 0 
34 348 45 0 0 
88 442 15 0 0 
52 484 22 0 0 
29 400 44 0 0 
67 412 7 0 0 
46 284 38 0 0 
44 471 25 0 0 
47 276 47 0 0 
111 388 10 0 0 
30 521 3 0 0 
10 411 70 0 0 
148 296 24 0 0 
49 475 43 0 0 
33 435 10 0 0 
31 437 13 0 0 
36 488 5 0 0 
46 342 7 0 0 
29 421 23 0 0 
32 472 2 0 0 
49 468 5 0 0 
12 427 71 0 0 
31 483 21 0 0 
39 408 2 0 0 
78 469 24 0 0 
60 438 44 0 0 
9 452 3 0 0 
43 400 32 0 0 
28 386 49 0 0 
84 382 6 0 0 
70 373 1 0 0 
27 430 42 0 0 
16 434 18 0 0 
17 423 54 0 0 
60 443 31 0 0 
44 415 8 0 0 
22 420 47 0 0 
47 355 13 0 0 
30 401 11 0 0 
22 429 6 0 0 
28 469 27 0 0 
47 414 8 0 0 
110 338 72 0 0 
41 435 41 0 0 
27 332 102 0 0 
34 464 31 0 0 
6 360 85 0 0 
48 264 31 0 0 
14 414 98 0 0 
34 372 47 0 0 
34 409 30 0 0 
20 323 50 0 0 
28 413 13 0 0 
61 421 36 0 0 
7 462 15 0 0 
36 365 41 0 0 
74 454 19 0 0 
33 370 12 0 0 
23 361 43 0 0 
68 337 80 0 0 
31 399 48 0 0 
55 517 65 0 0 
54 379 19 0 0 
23 472 27 0 0 
27 527 12 0 0 
5 382 63 0 0 
29 441 3 0 0 
50 403 51 0 0 
16 468 17 0 0 
36 479 32 0 0 
73 415 21 0 0 
24 412 7 0 0 
22 323 91 0 0 
43 589 14 0 0 
4 487 55 0 0 
37 408 37 0 0 
35 444 55 0 0 
55 358 87 0 0 
63 477 45 0 0 
38 426 1 0 0 
17 442 57 0 0 
57 391 81 0 0 
22 419 11 0 0 
21 520 22 0 0 
23 489 19 0 0 
53 372 24 0 0 
6 552 20 0 0 
8 459 23 0 0 
25 521 17 0 0 
35 425 26 0 0 
55 424 50 0 0 
27 442 30 0 0 
16 473 27 0 0 
25 472 9 0 0 
10 542 17 0 0 
32 438 36 0 0 
15 390 19 0 0 
26 421 22 0 0 
13 524 54 0 0 
19 403 45 0 0 
66 396 21 0 0 
52 490 25 0 0 
24 487 21 0 0 
31 503 9 0 0 
30 494 26 0 0 
48 454 25 0 0 
23 445 1 0 0 
41 526 0 0 0 
39 413 31 0 0 
22 493 57 0 0 
41 329 41 0 0 
52 391 35 0 0 
38 513 39 0 0 
36 551 9 0 0 
40 408 13 0 0 
5 437 55 0 0 
15 409 27 0 0 
14 451 39 0 0 
33 483 7 0 0 
14 436 31 0 0 
72 380 19 0 0 
29 447 15 0 0 
16 482 3 0 0 
42 424 51 0 0 
29 458 3 0 0 
27 414 16 0 0 
45 513 14 0 0 
15 419 42 0 0 
75 501 47 0 0 
85 498 40 0 0 
58 410 52 0 0 
103 466 29 0 0 
43 391 16 0 0 
81 351 23 0 0 
21 399 23 0 0 
46 409 28 0 0 
62 602 21 0 0 
14 487 2 0 0 
47 308 68 0 0 
47 414 35 0 0 
85 441 27 0 0 
71 446 7 0 0 
90 474 30 0 0 
0 378 28 0 0 
35 522 28 0 0 
37 499 13 0 0 
12 440 25 0 0 
33 383 11 0 0 
29 468 6 0 0 
47 452 7 0 0 
50 409 12 0 0 
51 569 20 0 0 
25 344 50 0 0 
40 572 29 0 0 
60 341 34 0 0 
48 412 57 0 0 
44 350 29 0 0 
27 341 110 0 0 
64 356 38 0 0 
14 462 48 0 0 
80 372 13 0 0 
36 378 32 0 0 
11 420 39 0 0 
52 406 9 4 0 
72 460 1 0 0 
29 522 59 0 0 
64 396 68 0 0 
22 428 64 0 0 
99 364 33 0 0 
20 531 25 0 0 
44 432 45 0 0 
38 425 8 0 0 
71 357 19 0 0 
27 498 48 0 0 
4 395 2 0 0 
16 475 17 0 0 
37 370 70 0 0 
73 382 55 0 0 
47 430 54 0 0 
2 458 18 0 0 
50 542 13 0 0 
15 439 8 0 0 
52 400 9 0 0 
56 383 93 0 0 
31 441 11 0 0 
41 423 34 0 0 
10 528 23 0 0 
40 426 75 0 0 
40 361 66 0 0 
39 380 38 0 0 
20 390 5 0 0 
19 388 57 0 0 
57 406 55 0 0 
45 450 28 0 0 
19 472 48 0 0 
61 386 28 0 0 
33 443 24 0 0 
24 509 55 0 0 
32 610 18 0 0 
32 440 32 0 0 
77 383 55 0 0 
60 435 47 0 0 
47 484 6 0 0 
46 351 33 0 0 
8 434 43 0 0 
63 441 3 0 0 
77 469 57 0 0 
8 445 35 0 0 
30 347 37 0 0 
20 446 25 0 0 
14 478 2 0 0 
2 438 38 0 0 
44 440 28 0 0 
90 404 30 0 0 
14 428 51 0 0 
40 327 18 0 0 
27 372 26 0 0 
21 445 75 0 0 
43 438 21 0 0 
13 473 9 0 0 
62 445 12 0 0 
89 404 16 0 0 
37 477 10 0 0 
7 402 25 0 0 
25 467 7 0 0 
63 473 2 0 0 
25 539 31 0 0 
6 428 26 0 0 
73 396 13 0 0 
25 426 24 0 0 
39 444 6 0 0 
25 478 53 0 0 
22 422 17 0 0 
16 445 29 0 0 
73 461 5 0 0 
27 496 7 0 0 
48 243 56 0 0 
34 549 11 0 0 
49 427 42 0 0 
24 477 21 0 0 
35 403 21 0 0 
3 464 29 0 0 
13 457 8 0 0 
41 320 40 0 0 
8 522 35 0 0 
40 392 60 0 0 
11 378 17 0 0 
53 347 13 0 0 
16 391 28 2 0 
16 562 27 0 0 
10 457 29 0 0 
1 515 39 0 0 
13 470 15 0 0 
12 446 25 0 0 
29 503 14 0 0 
30 434 44 0 0 
12 447 49 0 0 
35 448 12 0 0 
36 433 54 0 0 
10 367 18 0 0 
31 413 36 0 0 
60 491 11 0 0 
51 385 30 0 0 
15 473 21 0 0 
37 433 24 0 0 
48 342 41 0 0 
55 479 7 0 0 
29 322 42 0 0 
20 378 59 0 0 
40 428 12 0 0 
88 382 40 0 0 
12 404 77 0 0 
59 421 47 0 0 
11 345 27 0 0 
20 556 11 0 0 
54 496 40 0 0 
51 490 16 0 0 
28 403 36 0 0 
24 472 9 0 0 
56 331 58 0 0 
37 399 32 0 0 
19 399 71 0 0 
48 348 22 0 0 
63 405 24 0 0 
60 307 42 0 0 
8 418 32 0 0 
27 329 4 0 0 
46 485 52 0 0 
53 350 22 0 0 
24 403 73 1 0 
23 402 47 0 0 
46 414 17 0 0 
41 396 3 0 0 
16 452 32 0 0 
43 451 34 0 0 
44 396 7 0 0 
35 344 39 0 0 
3 465 37 0 0 
17 471 34 0 0 
44 430 36 0 0 
26 488 5 0 0 
36 445 39 0 0 
19 414 78 0 0 
49 371 85 0 0 
34 244 52 0 0 
58 431 24 0 0 
12 494 75 0 0 
22 445 36 0 0 
21 448 25 0 0 
68 419 9 0 0 
43 413 68 0 0 
50 490 19 0 0 
34 406 18 0 0 
38 367 35 0 0 
42 401 7 0 0 
34 466 3 0 0 
36 394 24 0 0 
15 465 27 0 0 
24 383 44 0 0 
50 427 89 0 0 
79 331 33 0 0 
18 475 15 0 0 
35 504 11 0 0 
96 400 46 0 0 
43 459 32 0 0 
11 410 34 0 0 
43 342 39 0 0 
39 453 18 0 0 
19 400 17 0 0 
15 453 27 0 0 
59 403 18 0 0 
9 500 40 0 0 
41 466 23 0 0 
13 390 12 0 0 
5 401 0 0 0 
50 502 17 0 0 
27 483 32 0 0 
20 463 37 0 0 
24 501 66 0 0 
28 441 13 0 0 
11 395 43 0 0 
70 452 17 0 0 
42 476 13 0 0 
27 424 4 0 0 
26 364 13 0 0 
22 378 22 0 0 
58 380 48 0 0 
83 490 42 0 0 
29 350 43 0 0 
15 514 13 0 0 
86 350 10 0 0 
19 476 24 0 0 
32 465 3 0 0 
27 519 34 0 0 
38 409 109 0 0 
53 479 28 0 0 
52 343 44 0 0 
28 412 23 0 0 
40 418 2 0 0 
39 462 23 0 0 
45 300 32 0 0 
18 419 22 0 0 
54 424 46 0 0 
29 387 42 0 0 
49 545 55 0 0 
4 387 32 0 0 
40 365 55 0 0 
40 397 5 0 0 
41 304 83 0 0 
15 489 15 0 0 
33 433 24 0 0 
12 402 4 0 0 
42 426 9 0 0 
56 374 100 0 0 
34 552 34 0 0 
18 444 3 0 0 
10 491 79 0 0 
25 395 79 0 0 
34 498 9 0 0 
11 422 36 0 0 
53 416 42 0 0 
59 412 15 0 0 
24 426 33 0 0 
29 374 23 0 0 
35 463 21 0 0 
36 417 53 0 0 
24 418 38 0 0 
21 390 29 0 0 
35 414 64 0 0 
40 355 75 0 0 
27 283 44 0 0 
28 411 86 0 0 
22 476 59 0 0 
39 323 45 0 0 
88 426 15 0 0 
27 497 14 0 0 
28 375 40 0 0 
21 496 29 0 0 
19 422 37 0 0 
48 460 51 0 0 
68 387 2 0 0 
23 483 1 0 0 
55 396 36 0 0 
37 354 63 0 0 
5 583 1 0 0 
32 467 55 0 0 
52 362 50 0 0 
42 374 22 0 0 
71 423 41 0 0 
51 498 8 0 0 
52 340 7 0 0 
16 425 11 0 0 
24 431 39 0 0 
33 435 47 0 0 
32 417 55 0 0 
28 456 49 0 0 
20 469 69 0 0 
101 350 0 0 0 
92 400 28 0 0 
16 461 21 0 0 
31 574 57 0 0 
34 389 103 0 0 
13 452 13 0 0 
57 479 34 0 0 
52 464 18 0 0 
35 433 63 0 0 
5 430 19 0 0 
85 418 13 0 0 
13 397 13 0 0 
23 487 32 0 0 
66 335 27 0 0 
33 404 29 0 0 
32 435 52 0 0 
42 384 60 0 0 
26 519 21 0 0 
11 500 11 0 0 
38 439 54 0 0 
56 466 7 0 0 
60 387 37 0 0 
15 401 46 0 0 
65 456 9 0 0 
35 474 52 0 0 
35 459 1 0 0 
27 411 44 0 0 
62 483 19 0 0 
60 368 20 0 0 
18 464 16 0 0 
49 443 33 0 0 
42 405 54 0 0 
52 489 19 0 0 
13 399 25 0 0 
61 425 26 0 0 
34 428 8 0 0 
53 506 10 0 0 
32 457 3 0 0 
36 431 1 0 0 
54 335 30 4 0 
4 516 51 0 0 
48 462 16 0 0 
29 440 69 0 0 
53 353 103 0 0 
17 522 3 0 0 
26 494 22 0 0 
27 387 61 0 0 
44 388 42 0 0 
25 497 71 0 0 
71 465 18 0 0 
74 556 20 0 0 
59 324 33 0 0 
19 492 10 0 0 
28 486 7 0 0 
22 537 29 0 0 
104 444 21 0 0 
25 405 62 0 0 
29 495 17 0 0 
71 446 39 0 0 
49 399 41 0 0 
35 471 25 0 0 
44 518 8 0 0 
49 457 43 0 0 
28 536 11 0 0 
43 422 26 0 0 
44 422 15 0 0 
105 378 10 0 0 
67 339 19 0 0 
25 446 9 0 0 
35 487 1 0 0 
49 425 20 0 0 
28 448 42 0 0 
21 486 40 0 0 
27 468 42 0 0 
35 396 92 0 0 
37 438 10 0 0 
67 460 28 0 0 
31 378 4 0 0 
69 372 21 0 0 
59 338 27 0 0 
16 394 29 0 0 
18 565 3 0 0 
33 509 18 0 0 
23 504 52 0 0 
17 490 44 0 0 
39 320 68 0 0 
13 401 51 0 0 
7 500 54 0 0 
17 390 27 0 0 
27 492 45 0 0 
51 383 26 0 0 
83 442 39 0 0 
15 458 42 0 0 
76 482 61 0 0 
31 495 39 0 0 
33 430 10 0 0 
19 533 28 0 0 
18 571 12 0 0 
17 390 93 0 0 
51 432 2 0 0 
14 519 6 0 0 
37 360 16 0 0 
22 368 39 0 0 
11 525 46 0 0 
88 381 9 0 0 
36 411 22 0 0 
40 448 37 0 0 
23 427 42 0 0 
51 423 39 0 0 
10 394 38 0 0 
26 449 1 0 0 
33 446 94 0 0 
34 459 32 0 0 
29 460 15 0 0 
18 446 21 0 0 
17 430 65 0 0 
22 489 9 0 0 
32 426 40 0 0 
54 340 9 0 0 
34 441 21 0 0 
8 475 48 0 0 
75 411 24 0 0 
38 513 24 0 0 
22 553 26 0 0 
103 429 4 0 0 
57 453 23 0 0 
19 422 56 0 0 
30 425 34 0 0 
16 399 5 0 0 
25 351 8 0 0 
57 443 31 0 0 
24 474 2 0 0 
26 362 3 0 0 
18 577 43 0 0 
45 452 31 0 0 
10 474 34 0 0 
30 438 36 0 0 
20 596 4 0 0 
22 450 30 0 0 
28 460 36 0 0 
65 322 82 0 0 
37 435 30 0 0 
8 423 43 0 0 
10 367 38 0 0 
35 463 34 0 0 
56 420 10 0 0 
10 482 41 0 0 
58 282 20 0 0 
38 461 3 0 0 
60 347 98 11 0 
48 387 65 0 0 
41 465 39 0 0 
42 417 15 0 0 
21 375 47 0 0 
18 494 66 0 0 
20 336 25 0 0 
38 467 24 0 0 
16 453 29 0 0 
75 426 30 0 0 
29 359 38 0 0 
34 447 26 0 0 
31 530 14 0 0 
0 502 33 0 0 
39 397 41 0 0 
40 420 43 0 0 
16 626 7 0 0 
17 420 24 0 0 
35 337 26 0 0 
52 461 20 0 0 
49 341 22 0 0 
43 462 17 0 0 
15 543 11 0 0 
36 443 16 0 0 
37 432 45 0 0 
34 431 49 0 0 
31 445 6 0 0 
31 522 47 0 0 
64 294 34 0 0 
30 474 38 0 0 
40 407 6 0 0 
80 442 49 0 0 
5 540 29 0 0 
54 361 22 0 0 
12 480 36 0 0 
65 418 10 0 0 
12 550 1 0 0 
4 336 75 0 0 
68 429 17 0 0 
53 361 84 0 0 
33 478 7 0 0 
38 456 7 0 0 
30 454 23 0 0 
2 390 28 0 0 
28 395 33 0 0 
91 342 82 0 0 
30 380 44 0 0 
13 414 13 0 0 
37 383 23 0 0 
11 405 56 0 0 
70 437 31 0 0 
6 421 44 0 0 
116 333 15 0 0 
23 411 38 0 0 
29 409 16 0 0 
69 330 31 0 0 
41 453 29 0 0 
54 374 50 0 0 
52 370 15 0 0 
27 418 78 0 0 
41 369 36 0 0 
36 489 15 0 0 
4 513 12 0 0 
26 298 53 0 0 
7 525 28 0 0 
27 477 10 0 0 
32 475 58 0 0 
20 422 15 0 0 
21 449 65 0 0 
51 398 33 0 0 
61 374 40 0 0 
61 377 17 0 0 
46 428 4 0 0 
22 467 23 0 0 
40 385 59 0 0 
23 387 69 0 0 
16 468 15 0 0 
32 483 28 0 0 
29 455 55 0 0 
13 456 51 0 0 
27 364 21 0 0 
25 449 6 0 0 
87 364 28 0 0 
17 551 18 0 0 
47 413 24 0 0 
