0 11 0 
0 89 0 
0 106 0 
0 64 0 
0 78 0 
0 66 0 
0 125 0 
0 41 3 
0 130 0 
0 28 0 
0 34 0 
0 71 0 
0 39 0 
0 73 0 
0 100 0 
0 52 0 
0 40 0 
0 60 0 
0 57 0 
0 46 0 
0 61 4 
0 41 4 
0 22 0 
0 28 11 
0 81 19 
0 60 0 
0 53 0 
0 97 0 
0 46 0 
0 71 2 
0 80 0 
0 154 0 
0 63 0 
0 137 0 
0 54 2 
0 47 0 
0 22 0 
0 86 0 
0 48 0 
0 89 0 
0 58 0 
0 66 0 
0 63 1 
0 89 1 
0 85 0 
0 43 0 
0 68 22 
0 61 5 
0 34 0 
0 47 0 
0 122 12 
0 16 0 
0 75 0 
0 38 0 
0 45 8 
0 38 2 
0 56 0 
0 91 0 
0 96 0 
0 77 0 
0 58 0 
0 33 3 
0 77 0 
0 51 0 
0 177 35 
0 87 0 
0 59 0 
0 65 0 
0 37 0 
0 82 0 
0 71 0 
0 36 6 
0 36 0 
0 10 0 
0 92 0 
0 82 8 
0 90 0 
0 42 0 
0 47 0 
0 47 10 
0 11 0 
0 46 0 
0 117 5 
0 49 6 
0 62 0 
0 63 0 
0 92 1 
0 104 0 
0 37 0 
0 80 0 
0 139 3 
0 66 1 
0 127 46 
0 54 3 
0 41 1 
0 31 0 
0 42 0 
0 48 0 
0 37 0 
0 74 0 
0 46 2 
0 83 0 
0 107 0 
0 36 0 
0 47 4 
0 33 0 
0 39 5 
0 50 0 
0 31 0 
0 41 0 
0 97 3 
0 68 31 
0 62 0 
0 40 0 
0 26 3 
0 64 1 
0 104 0 
0 7 0 
0 41 0 
0 75 20 
0 111 1 
0 35 11 
0 74 0 
0 39 3 
0 46 0 
0 111 31 
0 26 0 
0 37 0 
0 173 0 
0 25 8 
0 19 0 
0 95 0 
0 59 0 
0 106 0 
0 35 0 
0 57 0 
0 77 0 
0 105 4 
0 138 0 
0 110 6 
0 66 4 
0 90 8 
0 65 5 
0 61 5 
0 65 10 
0 22 12 
0 45 1 
0 54 0 
0 40 0 
0 85 0 
0 48 0 
0 65 0 
0 79 1 
0 85 0 
0 102 0 
0 105 6 
0 87 0 
0 121 36 
0 23 11 
0 50 2 
0 98 9 
0 19 0 
0 5 0 
0 54 5 
0 74 0 
0 24 9 
0 96 4 
0 45 2 
0 34 2 
0 18 0 
0 48 0 
0 49 0 
0 59 0 
0 32 0 
0 50 0 
0 32 0 
0 62 0 
0 58 2 
0 61 0 
0 37 0 
0 75 3 
0 101 0 
0 20 0 
0 107 0 
0 52 0 
0 85 0 
0 41 0 
0 76 2 
0 38 4 
0 61 1 
0 42 2 
0 86 1 
0 56 27 
0 42 26 
0 17 0 
0 53 0 
0 58 0 
0 83 0 
0 111 13 
0 145 18 
0 115 3 
0 59 0 
0 69 0 
0 29 0 
0 92 2 
0 95 0 
0 35 6 
0 66 0 
0 58 0 
0 68 0 
0 93 0 
0 100 13 
0 112 4 
0 60 6 
0 13 0 
0 10 0 
0 58 0 
0 45 4 
0 107 0 
0 68 0 
0 47 0 
0 80 0 
0 46 0 
0 31 0 
0 66 0 
0 97 0 
0 81 0 
0 44 2 
0 75 0 
0 84 0 
0 15 0 
0 63 19 
0 100 5 
0 71 4 
0 30 0 
0 39 0 
0 42 2 
0 58 2 
0 44 7 
0 146 4 
0 16 0 
0 87 7 
0 33 0 
0 86 0 
0 104 32 
0 88 0 
0 108 4 
0 16 1 
0 67 0 
0 91 26 
0 98 1 
0 14 0 
0 33 0 
0 25 0 
0 13 0 
0 99 0 
0 70 0 
0 69 0 
0 71 0 
0 77 0 
0 82 0 
0 82 1 
0 97 2 
0 102 0 
0 62 0 
0 76 0 
0 24 0 
0 87 3 
0 31 0 
0 105 12 
0 43 0 
0 64 0 
0 89 15 
0 72 0 
0 39 0 
0 44 0 
0 59 33 
0 46 7 
0 78 0 
0 34 0 
0 54 0 
0 52 0 
0 78 0 
0 37 0 
0 67 6 
0 56 0 
0 42 0 
0 96 20 
0 100 0 
0 71 0 
0 73 1 
0 24 0 
0 81 8 
0 72 0 
0 63 0 
0 31 0 
0 34 0 
0 45 14 
0 88 0 
0 111 0 
0 112 0 
0 60 0 
0 28 1 
0 59 8 
0 81 0 
0 30 0 
0 97 0 
0 78 0 
0 105 1 
0 84 2 
0 84 0 
0 104 3 
0 26 3 
0 61 0 
0 84 8 
0 59 0 
0 97 11 
0 109 0 
0 51 0 
0 30 0 
0 52 0 
0 57 0 
0 31 0 
0 73 15 
0 111 0 
0 66 3 
0 26 0 
0 88 0 
0 68 1 
0 125 12 
0 77 2 
0 60 1 
0 57 5 
0 55 0 
0 28 2 
0 41 0 
0 26 12 
0 75 0 
0 56 0 
0 162 0 
0 62 1 
0 70 1 
0 35 0 
0 47 0 
0 48 1 
0 84 1 
0 62 0 
0 101 15 
0 49 0 
0 152 15 
0 91 0 
0 27 0 
0 35 0 
0 128 0 
0 33 1 
0 57 0 
0 123 0 
0 55 0 
0 25 0 
0 49 0 
0 80 4 
0 94 0 
0 29 0 
0 45 0 
0 43 0 
0 48 0 
0 121 0 
0 36 0 
0 94 5 
0 78 0 
0 83 0 
0 65 3 
0 44 0 
0 69 0 
0 51 1 
0 38 6 
0 32 0 
0 115 1 
0 37 0 
0 93 1 
0 39 0 
0 100 1 
0 102 0 
0 53 0 
0 104 0 
0 28 0 
0 82 0 
0 16 3 
0 76 0 
0 63 6 
0 28 0 
0 16 0 
0 9 0 
0 51 0 
0 59 13 
0 48 0 
0 77 0 
0 67 0 
0 57 0 
0 112 10 
0 67 0 
0 31 0 
0 101 7 
0 60 1 
0 40 0 
0 65 0 
0 93 6 
0 48 0 
0 68 0 
0 25 0 
0 80 0 
0 54 0 
0 114 0 
0 62 0 
0 164 7 
0 87 1 
0 70 14 
0 74 0 
0 48 0 
0 39 0 
0 106 2 
0 74 5 
0 87 0 
0 169 0 
0 124 0 
0 71 0 
0 93 4 
0 87 21 
0 85 0 
0 44 0 
0 36 0 
0 44 0 
0 40 3 
0 79 0 
0 69 0 
0 26 0 
0 114 0 
0 58 0 
0 133 8 
0 43 19 
0 67 0 
0 27 0 
0 41 3 
0 71 8 
0 50 0 
0 75 4 
0 42 0 
0 32 2 
0 32 0 
0 32 0 
0 17 1 
0 115 0 
0 40 0 
0 90 0 
0 75 0 
0 60 0 
0 64 0 
0 84 1 
0 81 0 
0 126 7 
0 142 6 
0 100 18 
0 66 2 
0 52 0 
0 52 0 
0 22 0 
0 63 0 
0 24 0 
0 34 0 
0 71 8 
0 77 0 
0 52 0 
0 49 7 
0 69 0 
0 18 0 
0 34 0 
0 28 0 
0 103 0 
0 115 25 
0 28 2 
0 37 0 
0 56 2 
0 26 4 
0 103 0 
0 58 3 
0 54 0 
0 71 0 
0 85 0 
0 60 0 
0 27 0 
0 63 0 
0 42 0 
0 85 2 
0 102 2 
0 49 0 
0 53 13 
0 82 1 
0 101 9 
0 49 0 
0 56 0 
0 3 0 
0 77 12 
0 35 0 
0 51 0 
0 36 6 
0 64 0 
0 98 0 
0 65 1 
0 95 8 
0 45 0 
0 88 0 
0 71 5 
0 46 0 
0 82 0 
0 143 7 
0 12 0 
0 52 0 
0 59 5 
0 41 0 
0 66 0 
0 60 1 
0 128 2 
0 92 0 
0 69 3 
0 34 0 
0 42 2 
0 37 0 
0 29 0 
0 122 0 
0 53 0 
0 92 0 
0 116 0 
0 70 0 
0 33 18 
0 11 0 
0 90 5 
0 29 0 
0 67 1 
0 42 0 
0 78 0 
0 62 1 
0 19 0 
0 59 10 
0 21 0 
0 19 0 
0 43 21 
0 74 0 
0 108 2 
0 46 0 
0 69 1 
0 97 0 
0 92 0 
0 45 0 
0 50 0 
0 55 7 
0 87 13 
0 96 0 
0 45 0 
0 84 0 
0 104 0 
0 28 0 
0 114 4 
0 84 0 
0 101 0 
0 53 0 
0 18 1 
0 52 5 
0 27 6 
0 28 0 
0 50 1 
0 61 0 
0 39 0 
0 96 0 
0 76 0 
0 8 1 
0 21 0 
0 47 0 
0 85 8 
0 85 5 
0 91 2 
0 61 0 
0 84 0 
0 85 2 
0 42 0 
0 51 14 
0 71 0 
0 87 1 
0 96 0 
0 67 1 
0 59 0 
0 70 0 
0 29 0 
0 70 2 
0 69 3 
0 63 17 
0 86 7 
0 19 0 
0 139 3 
0 41 0 
0 90 4 
0 78 0 
0 54 5 
0 133 0 
0 117 22 
0 77 0 
0 99 44 
0 93 0 
0 32 0 
0 52 2 
0 136 0 
0 44 0 
0 57 0 
0 95 0 
0 59 0 
0 97 0 
0 61 0 
0 86 18 
0 46 3 
0 79 20 
0 53 0 
0 40 0 
0 34 0 
0 56 1 
0 23 4 
0 40 23 
0 33 0 
0 100 0 
0 137 0 
0 87 0 
0 66 0 
0 20 0 
0 25 0 
0 30 0 
0 53 0 
0 55 0 
0 47 0 
0 79 0 
0 72 0 
0 10 0 
0 50 0 
0 67 1 
0 121 1 
0 116 0 
0 52 0 
0 42 0 
0 18 0 
0 62 0 
0 62 3 
0 40 1 
0 107 6 
0 54 0 
0 52 0 
0 42 32 
0 65 0 
0 99 8 
0 77 8 
0 11 0 
0 80 14 
0 79 0 
0 57 6 
0 55 0 
0 65 15 
0 39 1 
0 81 0 
0 53 0 
0 100 0 
0 62 20 
0 43 5 
0 49 0 
0 86 3 
0 111 7 
0 123 0 
0 81 0 
0 50 0 
0 50 0 
0 54 0 
0 97 25 
0 77 10 
0 53 0 
0 74 9 
0 89 0 
0 51 0 
0 56 0 
0 43 0 
0 39 0 
0 81 0 
0 64 10 
0 82 1 
0 55 0 
0 47 0 
0 62 17 
0 62 0 
0 92 0 
0 105 5 
0 49 4 
0 31 0 
0 38 0 
0 8 0 
0 84 11 
0 76 5 
0 41 0 
0 64 0 
0 82 3 
0 71 3 
0 34 0 
0 29 0 
0 21 3 
0 20 0 
0 64 0 
0 49 1 
0 80 1 
0 109 0 
0 61 0 
0 88 2 
0 100 0 
0 15 0 
0 46 10 
0 84 5 
0 89 3 
0 68 47 
0 79 0 
0 98 0 
0 52 0 
0 108 0 
0 31 0 
0 16 0 
0 104 16 
0 27 0 
0 97 13 
0 41 0 
0 75 2 
0 120 0 
0 85 7 
0 50 0 
0 66 0 
0 17 0 
0 129 0 
0 28 3 
0 54 0 
0 13 7 
0 67 0 
0 26 0 
0 26 0 
0 55 0 
0 62 0 
0 70 0 
0 59 0 
0 83 0 
0 91 22 
0 37 1 
0 31 0 
0 27 0 
0 16 0 
0 54 10 
0 42 10 
0 119 0 
0 40 0 
0 5 0 
0 36 0 
0 110 0 
0 36 0 
0 18 0 
0 26 0 
0 81 19 
0 51 0 
0 86 0 
0 100 0 
0 37 0 
0 22 0 
0 43 0 
0 178 26 
0 33 0 
0 36 3 
0 112 0 
0 38 0 
0 56 0 
0 75 0 
0 52 0 
0 67 0 
0 85 3 
0 64 0 
0 97 4 
0 103 4 
0 51 1 
0 103 0 
0 45 3 
0 112 1 
0 27 0 
0 39 0 
0 50 0 
0 42 0 
0 81 0 
0 42 0 
0 53 0 
0 74 0 
0 63 0 
0 39 4 
0 79 0 
0 77 0 
0 88 23 
0 83 0 
0 30 6 
0 23 0 
0 101 0 
0 160 7 
0 37 4 
0 82 0 
0 98 0 
0 21 0 
0 118 0 
0 56 0 
0 5 0 
0 51 0 
0 89 0 
0 27 10 
0 127 0 
0 88 0 
0 98 1 
0 80 10 
0 56 8 
0 98 0 
0 72 0 
0 96 31 
0 49 0 
0 86 5 
0 59 0 
0 80 0 
0 43 0 
0 20 0 
0 46 2 
0 42 0 
0 27 0 
0 127 0 
0 53 0 
0 111 11 
0 72 3 
0 61 0 
0 43 7 
0 8 0 
0 51 0 
0 28 2 
0 39 0 
0 66 13 
0 33 0 
0 53 4 
0 55 0 
0 77 17 
0 35 3 
0 56 3 
0 85 0 
0 12 0 
0 95 4 
0 50 0 
0 79 0 
0 67 8 
0 155 19 
0 55 9 
0 69 3 
0 53 1 
0 144 0 
0 92 2 
0 119 3 
0 52 3 
0 29 0 
0 78 0 
0 48 0 
0 126 1 
0 58 0 
0 136 2 
0 32 0 
0 111 0 
0 43 0 
0 65 0 
0 78 0 
0 51 0 
0 64 0 
0 26 0 
0 69 4 
0 111 0 
0 46 11 
0 51 5 
0 59 0 
0 42 10 
0 95 0 
0 40 0 
0 95 0 
0 56 1 
0 45 0 
0 71 1 
0 74 0 
0 53 4 
0 58 0 
0 41 0 
0 87 0 
0 78 0 
0 94 15 
0 28 0 
0 48 2 
0 108 0 
0 54 5 
0 54 0 
0 66 7 
0 83 0 
0 27 0 
0 50 0 
0 6 0 
0 105 0 
0 143 1 
0 88 0 
0 108 12 
0 72 0 
0 108 9 
0 66 0 
0 58 0 
0 39 0 
0 66 10 
0 54 1 
0 61 0 
0 27 2 
0 60 0 
0 21 0 
0 11 0 
0 15 0 
0 77 0 
0 109 0 
0 87 7 
0 50 0 
0 53 0 
0 47 0 
0 85 0 
0 44 0 
0 152 0 
0 89 0 
0 40 0 
0 27 1 
0 75 6 
0 29 0 
0 45 0 
0 54 0 
0 38 3 
0 71 0 
0 30 0 
0 59 0 
0 41 0 
0 129 7 
0 39 2 
0 57 0 
0 38 0 
0 89 0 
0 55 0 
0 66 0 
0 79 0 
0 71 0 
0 94 0 
0 52 3 
0 65 0 
0 118 0 
0 60 0 
0 71 0 
0 30 0 
0 87 0 
0 51 0 
0 59 0 
0 82 0 
0 95 0 
0 60 3 
0 69 0 
0 11 0 
0 51 0 
0 115 5 
0 62 0 
0 80 6 
0 83 0 
0 54 0 
0 45 3 
0 44 16 
0 131 30 
0 52 1 
0 67 0 
0 108 5 
0 25 0 
0 51 3 
0 78 0 
0 40 0 
0 89 20 
0 110 0 
0 73 0 
0 75 0 
0 85 10 
0 46 0 
0 71 2 
0 66 0 
0 160 8 
0 51 2 
0 91 2 
0 87 0 
0 32 8 
0 11 0 
0 101 1 
0 108 0 
