0 76 28 
0 163 38 
0 177 15 
0 131 59 
0 173 42 
0 91 16 
0 138 28 
0 68 26 
0 125 27 
0 106 37 
0 84 50 
0 83 54 
0 94 63 
0 98 12 
0 108 27 
0 96 52 
0 86 29 
0 97 45 
0 79 34 
0 100 35 
0 130 43 
0 102 45 
0 100 12 
0 130 28 
0 117 43 
0 140 48 
0 79 79 
0 93 25 
0 95 47 
0 129 24 
0 112 2 
0 135 135 
0 62 56 
0 97 20 
0 62 67 
0 106 75 
0 140 38 
0 152 45 
0 141 15 
0 109 57 
0 89 5 
0 81 111 
0 139 9 
0 121 66 
0 170 44 
0 82 13 
0 140 19 
0 125 43 
0 138 3 
0 130 13 
0 127 85 
0 134 20 
0 143 53 
0 160 40 
0 87 76 
0 131 72 
0 211 8 
0 121 48 
0 143 15 
0 147 25 
0 78 31 
0 102 49 
0 95 29 
0 131 29 
0 123 31 
0 131 21 
0 100 33 
0 150 55 
0 110 91 
0 187 32 
0 90 14 
0 153 60 
0 78 79 
0 64 75 
0 56 35 
0 70 53 
0 78 48 
0 88 30 
0 104 14 
0 96 16 
0 112 68 
0 97 33 
0 89 53 
0 130 49 
0 110 20 
0 136 107 
0 137 8 
0 183 38 
0 70 107 
0 92 42 
0 201 24 
0 86 39 
0 61 16 
0 108 32 
0 90 72 
0 133 13 
0 89 24 
0 108 30 
0 78 72 
0 118 67 
0 127 54 
0 85 75 
0 96 96 
0 114 48 
0 129 29 
0 85 144 
0 108 33 
0 177 94 
0 94 66 
0 133 28 
0 118 36 
0 110 23 
0 119 20 
0 154 23 
0 79 31 
0 89 64 
0 132 0 
0 121 29 
0 127 19 
0 120 32 
0 145 16 
0 50 23 
0 81 31 
0 129 34 
0 151 10 
0 148 13 
0 62 21 
0 124 23 
0 102 19 
0 89 60 
0 108 38 
0 53 62 
0 102 16 
0 144 23 
0 154 19 
0 102 59 
0 127 9 
0 109 47 
0 136 41 
0 69 18 
0 136 48 
0 107 58 
0 131 45 
0 83 21 
0 123 19 
0 166 58 
0 115 24 
0 90 21 
0 118 98 
0 103 21 
0 113 10 
0 139 28 
0 128 17 
0 102 41 
0 111 19 
0 169 15 
0 50 27 
0 147 9 
0 139 24 
0 87 28 
0 128 27 
0 156 19 
0 85 44 
0 133 79 
0 103 34 
0 128 67 
0 141 21 
0 149 8 
0 69 58 
0 178 74 
0 112 28 
0 91 30 
0 127 81 
0 94 9 
0 81 11 
0 129 33 
0 110 9 
0 105 21 
0 145 50 
0 93 127 
0 99 84 
0 105 53 
0 64 42 
0 107 21 
0 140 20 
0 83 29 
0 128 22 
0 87 13 
0 76 30 
0 104 24 
0 60 15 
0 157 34 
0 111 65 
0 96 18 
0 130 66 
0 118 22 
0 117 81 
0 114 17 
0 134 17 
0 84 110 
0 102 22 
0 127 22 
0 139 44 
0 131 19 
0 131 47 
0 117 26 
0 88 77 
0 106 161 
0 102 38 
0 190 25 
0 109 108 
0 122 36 
0 61 30 
0 74 75 
0 92 11 
0 108 12 
0 68 17 
0 88 19 
0 88 92 
0 112 10 
0 136 74 
0 83 58 
0 135 59 
0 126 47 
0 133 26 
0 108 56 
0 89 21 
0 116 31 
0 126 33 
0 122 75 
0 116 70 
0 103 24 
0 131 51 
0 110 10 
0 85 87 
0 151 26 
0 112 48 
0 86 43 
0 156 17 
0 97 7 
0 71 6 
0 89 28 
0 135 24 
0 99 13 
0 93 65 
0 79 9 
0 112 57 
0 105 27 
0 81 69 
0 109 21 
0 128 25 
0 77 51 
0 114 56 
0 126 5 
0 162 10 
0 125 23 
0 143 17 
0 77 22 
0 108 78 
0 126 13 
0 105 8 
0 95 96 
0 131 42 
0 123 58 
0 155 20 
0 119 7 
0 151 13 
0 117 29 
0 93 82 
0 161 15 
0 147 93 
0 92 92 
0 136 54 
0 94 19 
0 115 105 
0 90 55 
0 101 12 
0 165 26 
0 87 42 
0 98 25 
0 131 28 
0 141 33 
0 112 44 
0 84 37 
0 77 54 
0 115 8 
0 132 23 
0 164 51 
0 200 3 
0 183 9 
0 149 59 
0 64 119 
0 69 47 
0 79 17 
0 73 59 
0 145 22 
0 117 11 
0 107 39 
0 114 54 
0 158 38 
0 141 33 
0 111 30 
0 145 32 
0 85 38 
0 85 47 
0 104 71 
0 104 46 
0 211 9 
0 123 30 
0 69 10 
0 113 8 
0 179 27 
0 124 21 
0 154 74 
0 148 34 
0 129 22 
0 122 45 
0 110 16 
0 152 42 
0 53 37 
0 106 16 
0 64 27 
0 120 16 
0 106 50 
0 124 25 
0 122 27 
0 138 12 
0 137 42 
0 148 38 
0 110 22 
0 98 56 
0 130 46 
0 72 59 
0 108 12 
0 116 62 
0 139 37 
0 184 71 
0 77 30 
0 125 31 
0 108 12 
0 164 21 
0 108 88 
0 85 1 
0 124 62 
0 125 24 
0 93 5 
0 141 64 
0 72 57 
0 119 19 
0 110 52 
0 123 45 
0 105 34 
0 91 73 
0 70 54 
0 97 104 
0 93 64 
0 78 62 
0 123 72 
0 143 28 
0 118 39 
0 101 12 
0 76 80 
0 129 6 
0 74 105 
0 75 44 
0 153 22 
0 112 23 
0 127 74 
0 113 25 
0 101 13 
0 129 54 
0 162 49 
0 80 41 
0 106 16 
0 137 74 
0 121 4 
0 131 31 
0 146 41 
0 96 45 
0 138 39 
0 66 27 
0 124 18 
0 85 15 
0 117 25 
0 95 49 
0 116 13 
0 53 111 
0 126 82 
0 85 32 
0 151 43 
0 141 23 
0 95 118 
0 163 19 
0 109 19 
0 90 30 
0 127 67 
0 140 18 
0 100 25 
0 105 27 
0 102 81 
0 89 10 
0 77 4 
0 102 45 
0 93 73 
0 109 36 
0 116 9 
0 162 18 
0 139 27 
0 95 16 
0 117 44 
0 144 29 
0 146 26 
0 126 9 
0 80 67 
0 66 31 
0 87 11 
0 130 18 
0 102 22 
0 92 24 
0 146 52 
0 111 52 
0 96 5 
0 134 21 
0 94 48 
0 137 17 
0 107 39 
0 94 15 
0 107 29 
0 93 49 
0 166 7 
0 107 26 
0 122 33 
0 129 17 
0 92 45 
0 100 60 
0 136 26 
0 118 8 
0 108 33 
0 94 55 
0 131 35 
0 96 35 
0 75 70 
0 37 26 
0 103 47 
0 129 24 
0 68 22 
0 62 43 
0 78 57 
0 126 31 
0 96 67 
0 147 37 
0 82 131 
0 70 58 
0 123 37 
0 126 37 
0 104 52 
0 136 84 
0 82 82 
0 84 13 
0 167 21 
0 114 20 
0 72 25 
0 59 14 
0 162 11 
0 148 44 
0 77 54 
0 134 68 
0 175 36 
0 136 17 
0 139 6 
0 78 40 
0 158 6 
0 105 46 
0 85 38 
0 193 30 
0 94 13 
0 68 26 
0 98 22 
0 82 12 
0 165 96 
0 109 54 
0 93 61 
0 141 76 
0 130 44 
0 140 56 
0 89 46 
0 148 23 
0 79 70 
0 173 139 
0 121 39 
0 114 20 
0 94 30 
0 105 61 
0 123 4 
0 52 45 
0 116 58 
0 127 10 
0 103 43 
0 132 51 
0 93 33 
0 177 27 
0 138 15 
0 84 30 
0 112 39 
0 89 92 
0 141 95 
0 134 35 
0 121 17 
0 85 32 
0 104 26 
0 186 25 
0 95 15 
0 114 86 
0 73 71 
0 132 35 
0 141 74 
0 111 80 
0 87 32 
0 91 27 
0 105 31 
0 144 8 
0 112 30 
0 83 15 
0 132 47 
0 71 44 
0 133 17 
0 98 34 
0 82 49 
0 127 19 
0 114 13 
0 118 17 
0 143 13 
0 84 27 
0 146 47 
0 67 29 
0 94 19 
0 161 34 
0 61 89 
0 86 25 
0 91 23 
0 96 43 
0 114 13 
0 101 25 
0 76 19 
0 104 32 
0 115 36 
0 137 27 
0 119 26 
0 110 26 
0 115 35 
0 80 41 
0 97 4 
0 128 26 
0 119 42 
0 83 41 
0 62 18 
0 85 21 
0 149 56 
0 120 58 
0 135 91 
0 161 30 
0 113 4 
0 131 27 
0 59 28 
0 102 17 
0 125 38 
0 77 13 
0 93 42 
0 97 25 
0 191 6 
0 83 43 
0 119 121 
0 96 12 
0 103 49 
0 107 105 
0 105 135 
0 124 33 
0 150 48 
0 170 13 
0 63 58 
0 92 60 
0 149 44 
0 166 40 
0 109 10 
0 75 84 
0 152 12 
0 162 79 
0 53 71 
0 75 29 
0 134 13 
0 93 13 
0 77 36 
0 126 58 
0 132 53 
0 117 14 
0 72 41 
0 129 21 
0 162 21 
0 126 43 
0 117 43 
0 177 60 
0 182 76 
0 102 32 
0 114 38 
0 76 91 
0 99 30 
0 114 39 
0 98 26 
0 103 62 
0 124 7 
0 54 28 
0 86 26 
0 151 38 
0 167 63 
0 175 26 
0 135 25 
0 111 6 
0 91 15 
0 129 71 
0 86 57 
0 150 27 
0 85 20 
0 78 15 
0 123 97 
0 159 47 
0 116 17 
0 97 24 
0 118 14 
0 108 20 
0 139 47 
0 107 21 
0 76 34 
0 79 28 
0 87 28 
0 102 19 
0 152 25 
0 105 27 
0 101 50 
0 94 32 
0 55 21 
0 109 38 
0 204 74 
0 94 17 
0 98 21 
0 82 52 
0 87 76 
0 29 29 
0 106 93 
0 120 44 
0 158 38 
0 103 22 
0 84 30 
0 101 15 
0 138 16 
0 104 58 
0 96 41 
0 97 31 
0 138 4 
0 100 23 
0 89 86 
0 76 2 
0 138 32 
0 84 62 
0 135 46 
0 170 36 
0 182 0 
0 153 40 
0 117 90 
0 89 40 
0 152 27 
0 91 83 
0 112 31 
0 143 42 
0 165 35 
0 102 34 
0 78 39 
0 98 72 
0 97 38 
0 67 22 
0 143 64 
0 112 49 
0 90 19 
0 158 68 
0 83 8 
0 143 24 
0 119 27 
0 103 22 
0 127 15 
0 92 17 
0 115 8 
0 79 114 
0 179 83 
0 116 47 
0 124 73 
0 107 14 
0 49 31 
0 92 2 
0 105 42 
0 144 39 
0 114 65 
0 109 32 
0 180 17 
0 132 11 
0 140 28 
0 151 51 
0 60 65 
0 113 14 
0 145 35 
0 98 5 
0 121 18 
0 112 67 
0 102 31 
0 63 132 
0 111 27 
0 168 84 
0 138 45 
0 119 61 
0 103 9 
0 111 23 
0 115 59 
0 182 2 
0 99 7 
0 140 2 
0 161 28 
0 89 73 
0 151 58 
0 113 9 
0 81 40 
0 107 49 
0 144 23 
0 76 58 
0 150 7 
0 103 73 
0 96 23 
0 92 30 
0 157 26 
0 113 82 
0 191 58 
0 160 27 
0 112 27 
0 117 54 
0 134 34 
0 125 23 
0 112 15 
0 112 23 
0 106 13 
0 108 26 
0 94 82 
0 114 54 
0 109 44 
0 78 16 
0 79 39 
0 107 12 
0 83 33 
0 111 22 
0 140 6 
0 93 26 
0 119 18 
0 205 79 
0 126 46 
0 100 58 
0 57 15 
0 155 9 
0 75 13 
0 163 77 
0 75 30 
0 115 4 
0 69 18 
0 80 72 
0 152 24 
0 66 22 
0 131 22 
0 117 54 
0 109 80 
0 119 33 
0 161 50 
0 137 96 
0 122 8 
0 33 81 
0 141 18 
0 84 55 
0 111 29 
0 108 60 
0 116 39 
0 148 28 
0 178 33 
0 124 6 
0 111 52 
0 109 36 
0 116 47 
0 113 37 
0 147 37 
0 109 49 
0 84 60 
0 72 25 
0 138 22 
0 105 26 
0 96 18 
0 96 40 
0 155 12 
0 157 24 
0 150 31 
0 100 22 
0 150 50 
0 95 20 
0 136 34 
0 123 36 
0 71 32 
0 149 50 
0 134 51 
0 85 86 
0 186 60 
0 82 97 
0 141 25 
0 128 36 
0 83 23 
0 113 24 
0 173 13 
0 178 18 
0 84 44 
0 120 37 
0 115 68 
0 135 39 
0 97 75 
0 105 28 
0 80 48 
0 130 89 
0 194 23 
0 113 8 
0 154 16 
0 130 14 
0 127 53 
0 98 33 
0 134 18 
0 121 50 
0 66 41 
0 143 73 
0 69 35 
0 104 9 
0 133 23 
0 132 22 
0 164 47 
0 161 53 
0 184 24 
0 100 41 
0 82 77 
0 155 30 
0 93 8 
0 73 37 
0 128 22 
0 129 11 
0 173 13 
0 126 34 
0 142 66 
0 100 21 
0 120 114 
0 46 14 
0 143 27 
0 139 35 
0 121 44 
0 150 26 
0 156 80 
0 95 52 
0 148 53 
0 92 24 
0 107 3 
0 83 44 
0 108 14 
0 77 22 
0 96 18 
0 106 103 
0 77 44 
0 104 41 
0 122 68 
0 136 16 
0 73 38 
0 137 20 
0 113 6 
0 86 51 
0 75 10 
0 105 47 
0 104 23 
0 145 63 
0 103 34 
0 150 1 
0 112 72 
0 108 15 
0 135 6 
0 95 131 
0 89 54 
0 78 35 
0 89 14 
0 108 17 
0 77 36 
0 129 11 
0 85 52 
0 164 30 
0 59 12 
0 143 39 
0 141 31 
0 93 63 
0 94 95 
0 115 22 
0 85 13 
0 192 12 
0 106 32 
0 88 38 
0 90 36 
0 186 39 
0 136 19 
0 113 100 
0 80 64 
0 124 47 
0 139 33 
0 91 19 
0 94 30 
0 125 37 
0 137 59 
0 127 52 
0 108 63 
0 180 71 
0 108 32 
0 174 82 
0 67 100 
0 126 68 
0 141 21 
0 71 22 
0 71 36 
0 126 27 
0 103 32 
0 84 37 
0 81 60 
0 130 43 
0 59 100 
0 98 55 
0 159 5 
0 150 47 
0 126 19 
0 85 28 
0 78 4 
0 105 14 
0 108 22 
0 69 36 
0 98 42 
0 92 23 
0 72 18 
0 100 26 
0 82 18 
0 207 24 
0 86 18 
0 139 55 
0 128 25 
0 138 25 
0 113 22 
0 65 140 
0 120 41 
0 45 92 
0 69 17 
0 150 17 
0 166 27 
0 143 121 
0 174 85 
0 106 62 
0 90 13 
0 166 28 
0 133 25 
0 114 29 
0 60 13 
0 91 79 
0 113 67 
0 84 57 
0 133 44 
0 127 42 
0 135 37 
0 108 30 
0 69 5 
0 76 29 
0 114 25 
0 107 78 
0 134 58 
0 154 52 
0 144 48 
0 116 19 
0 89 56 
0 111 37 
0 97 43 
0 122 28 
0 108 20 
0 108 32 
0 171 61 
0 182 18 
0 126 26 
0 135 51 
0 111 31 
0 133 50 
0 91 11 
0 142 81 
0 67 66 
0 97 38 
0 95 14 
