106 226 43 0 0 
98 198 77 0 0 
139 172 124 0 0 
120 322 107 0 0 
190 280 58 0 0 
130 335 58 0 0 
141 175 38 9 0 
64 283 97 18 0 
88 266 67 0 0 
105 163 126 2 0 
159 169 92 0 0 
186 218 21 0 0 
104 302 52 0 0 
131 181 67 0 0 
86 161 9 2 0 
102 248 93 0 0 
131 222 40 0 0 
119 202 33 0 0 
98 296 36 24 0 
56 249 32 0 0 
147 152 44 2 0 
144 226 92 0 0 
100 219 38 0 0 
159 258 63 0 0 
219 194 89 0 0 
112 272 73 0 0 
125 212 49 0 0 
168 183 68 0 0 
130 252 51 0 0 
166 190 73 0 0 
97 186 59 4 0 
107 158 72 0 0 
218 231 47 0 0 
208 234 14 0 0 
149 274 132 0 0 
120 308 85 0 0 
145 229 71 0 0 
118 338 30 0 0 
177 128 13 0 0 
121 135 51 0 0 
104 206 63 0 0 
98 177 43 2 0 
177 265 81 1 0 
113 302 57 10 0 
104 297 99 13 0 
114 242 16 0 0 
143 193 25 14 0 
87 289 61 0 0 
48 246 77 10 0 
139 262 64 0 0 
98 266 73 0 0 
89 221 26 0 0 
126 236 32 0 0 
77 192 93 0 0 
117 230 64 0 0 
105 263 51 0 0 
59 337 35 0 0 
141 261 27 3 0 
101 234 50 0 0 
116 196 53 51 0 
74 301 11 6 0 
199 230 38 0 0 
135 207 50 0 0 
129 228 21 0 0 
76 278 47 0 0 
180 147 71 0 0 
120 218 15 4 0 
88 117 78 0 0 
90 280 30 0 0 
71 337 70 2 0 
66 250 42 2 0 
86 237 43 0 0 
204 188 6 1 0 
162 182 21 0 0 
156 189 67 0 0 
73 310 80 0 0 
227 223 6 0 0 
158 296 43 0 0 
59 321 57 0 0 
140 256 43 0 0 
90 240 42 0 0 
89 301 70 0 0 
175 177 47 0 0 
149 166 21 0 0 
69 210 63 0 0 
138 172 49 1 0 
143 192 50 7 0 
161 374 46 0 0 
124 138 95 0 0 
153 243 23 1 0 
83 293 33 1 0 
124 267 66 0 0 
90 216 24 0 0 
171 305 32 0 0 
115 356 75 9 0 
113 198 51 2 0 
170 124 88 3 0 
57 276 45 0 0 
88 303 43 6 0 
68 206 23 0 0 
109 156 112 0 0 
239 169 114 0 0 
141 290 20 0 0 
185 290 49 0 0 
168 172 75 17 0 
137 305 70 0 0 
185 219 19 0 0 
71 139 69 6 0 
142 291 67 0 0 
155 121 63 0 0 
164 307 33 0 0 
182 202 47 0 0 
141 209 37 0 0 
76 165 84 0 0 
109 265 35 0 0 
77 208 61 0 0 
69 208 101 0 0 
182 169 39 0 0 
204 175 14 0 0 
146 246 169 0 0 
181 189 51 0 0 
164 310 59 0 0 
145 129 65 0 0 
115 227 14 0 0 
106 202 33 1 0 
95 212 88 0 0 
160 165 86 1 0 
203 182 29 16 0 
145 191 28 0 0 
79 220 51 0 0 
56 263 59 0 0 
132 236 77 0 0 
94 295 78 2 0 
146 214 32 0 0 
112 306 64 0 0 
103 191 98 8 0 
195 192 77 15 0 
147 206 63 8 0 
32 255 40 0 0 
166 244 27 0 0 
155 257 23 0 0 
42 353 77 0 0 
95 161 60 0 0 
143 224 96 1 0 
68 213 150 0 0 
94 341 67 24 0 
176 224 36 8 0 
118 255 53 1 0 
157 271 20 0 0 
186 218 3 0 0 
169 165 56 0 0 
197 309 81 0 0 
133 230 71 30 0 
109 334 22 0 0 
72 213 142 2 0 
117 234 35 14 0 
108 198 34 0 0 
128 248 55 0 0 
109 337 18 1 0 
66 315 79 0 0 
70 288 49 1 0 
114 270 25 0 0 
269 160 45 0 0 
82 243 57 0 0 
110 173 45 0 0 
189 150 49 0 0 
84 316 47 0 0 
71 233 53 0 0 
140 284 33 0 0 
226 229 34 0 0 
84 296 43 0 0 
90 172 29 3 0 
124 283 13 0 0 
138 144 46 0 0 
83 242 33 0 0 
176 159 115 0 0 
92 286 39 0 0 
111 203 52 0 0 
152 270 42 0 0 
121 297 46 2 0 
135 235 64 0 0 
136 294 68 8 0 
204 254 78 2 0 
132 170 71 0 0 
89 318 21 2 0 
99 201 50 0 0 
110 196 93 0 0 
126 288 49 0 0 
113 295 32 0 0 
170 174 60 1 0 
176 152 12 8 0 
145 305 53 0 0 
137 367 40 0 0 
169 220 42 0 0 
86 229 76 3 0 
99 212 59 29 0 
118 280 5 0 0 
131 144 17 0 0 
33 252 67 0 0 
66 227 87 17 0 
116 196 88 0 0 
69 223 69 0 0 
115 280 66 0 0 
114 238 111 0 0 
91 253 54 0 0 
142 245 65 0 0 
93 218 20 0 0 
119 246 27 0 0 
110 246 33 0 0 
70 172 59 0 0 
138 178 32 0 0 
57 227 61 0 0 
118 188 30 38 0 
171 298 41 7 0 
58 221 108 0 0 
118 223 21 0 0 
115 203 35 0 0 
105 248 124 0 0 
138 153 58 0 0 
52 258 51 0 0 
238 196 83 0 0 
88 187 156 0 0 
103 211 98 0 0 
138 275 52 0 0 
194 243 78 2 0 
236 172 50 0 0 
59 293 61 0 0 
84 232 79 0 0 
53 271 42 0 0 
73 250 59 17 0 
156 250 54 0 0 
138 252 30 32 0 
121 210 54 5 0 
211 285 52 28 0 
125 239 20 0 0 
121 216 47 0 0 
149 221 34 0 0 
152 206 109 0 0 
91 233 122 0 0 
92 183 45 6 0 
98 156 93 0 0 
149 261 30 0 0 
114 162 42 0 0 
49 324 78 0 0 
193 184 102 2 0 
112 195 77 0 0 
172 311 11 0 0 
73 214 32 8 0 
91 181 92 0 0 
121 223 31 0 0 
79 332 40 0 0 
133 178 59 0 0 
177 233 38 0 0 
74 245 92 0 0 
119 282 60 0 0 
60 119 45 0 0 
125 153 36 6 0 
111 223 50 0 0 
98 222 33 23 0 
101 242 67 0 0 
58 252 43 0 0 
196 161 48 17 0 
92 281 39 0 0 
211 170 27 0 0 
108 204 84 0 0 
116 262 42 1 0 
194 185 39 0 0 
109 270 26 0 0 
185 192 60 0 0 
190 215 42 0 0 
171 205 101 0 0 
103 168 63 0 0 
119 165 44 0 0 
88 211 20 0 0 
172 308 102 1 0 
73 375 34 0 0 
112 241 16 0 0 
142 311 38 2 0 
117 296 49 0 0 
114 211 113 0 0 
62 199 87 0 0 
190 186 33 0 0 
69 311 85 0 0 
159 239 52 0 0 
108 217 60 1 0 
145 91 40 5 0 
141 234 28 0 0 
99 297 80 0 0 
88 328 15 0 0 
153 325 54 0 0 
35 316 72 0 0 
136 218 23 0 0 
79 218 45 0 0 
125 165 65 23 0 
84 265 33 1 0 
120 282 25 0 0 
135 251 76 0 0 
210 164 33 0 0 
134 199 63 1 0 
100 150 20 7 0 
180 231 21 0 0 
52 190 95 0 0 
166 210 26 0 0 
101 221 22 0 0 
69 221 95 0 0 
146 251 62 14 0 
94 275 115 44 0 
161 197 74 0 0 
208 162 39 0 0 
159 201 67 0 0 
163 247 58 0 0 
138 269 100 0 0 
91 243 87 1 0 
101 242 88 20 0 
111 315 86 10 0 
56 319 52 1 0 
139 185 52 0 0 
261 171 48 0 0 
90 235 43 0 0 
204 249 13 0 0 
115 267 22 0 0 
159 156 70 0 0 
137 228 35 14 0 
115 278 46 1 0 
125 223 78 0 0 
100 239 36 1 0 
123 204 66 7 0 
102 309 43 0 0 
107 271 75 16 0 
139 163 63 0 0 
118 204 82 0 0 
81 147 85 0 0 
78 191 66 0 0 
103 266 44 0 0 
133 166 26 0 0 
103 254 60 4 0 
89 201 27 0 0 
108 148 54 0 0 
114 381 9 9 0 
43 272 11 0 0 
94 228 55 1 0 
151 216 53 10 0 
109 141 37 0 0 
120 297 15 0 0 
80 219 11 0 0 
198 194 120 1 0 
114 284 74 1 0 
292 135 50 0 0 
124 258 17 0 0 
306 175 18 0 0 
181 256 24 0 0 
227 272 22 0 0 
89 213 68 0 0 
48 261 55 0 0 
141 215 67 2 0 
196 190 51 0 0 
45 262 113 0 0 
97 186 10 0 0 
45 281 36 1 0 
144 203 36 11 0 
134 361 24 0 0 
120 251 24 1 0 
186 234 41 0 0 
189 168 67 0 0 
132 239 43 0 0 
56 263 17 16 0 
164 233 110 5 0 
130 143 42 0 0 
151 258 28 1 0 
121 202 67 2 0 
169 276 31 0 0 
97 244 41 1 0 
113 294 37 0 0 
149 159 73 1 0 
174 202 87 0 0 
115 231 111 27 0 
63 212 66 0 0 
83 231 88 7 0 
153 252 55 0 0 
179 252 74 0 0 
128 312 85 0 0 
77 365 13 0 0 
119 223 54 12 0 
157 221 42 1 0 
177 201 123 13 0 
118 273 32 23 0 
113 314 36 0 0 
96 129 204 0 0 
120 167 88 0 0 
132 235 61 2 0 
178 198 102 0 0 
94 192 42 0 0 
66 281 75 0 0 
35 224 113 19 0 
95 336 25 0 0 
60 303 43 1 0 
192 275 69 0 0 
98 268 84 1 0 
269 175 62 0 0 
100 225 21 0 0 
175 323 75 0 0 
39 209 82 8 0 
128 261 101 0 0 
101 322 61 0 0 
80 215 20 7 0 
103 288 29 0 0 
64 246 33 0 0 
109 236 105 2 0 
55 236 42 0 0 
107 165 53 22 0 
101 253 79 15 0 
138 189 38 35 0 
86 229 29 14 0 
88 189 77 0 0 
90 254 32 3 0 
42 255 71 0 0 
45 157 38 69 0 
80 211 46 1 0 
97 266 99 18 0 
136 243 18 6 0 
42 207 71 0 0 
94 245 10 1 0 
82 279 28 0 0 
100 291 142 0 0 
124 199 47 5 0 
144 256 64 0 0 
135 175 95 1 0 
124 113 56 0 0 
52 279 61 0 0 
133 240 3 0 0 
210 220 12 0 0 
107 157 68 0 0 
72 187 103 0 0 
127 248 12 0 0 
130 231 47 0 0 
113 255 83 0 0 
162 184 54 8 0 
114 206 121 1 0 
101 231 54 5 0 
158 214 37 0 0 
163 226 24 12 0 
297 154 45 0 0 
123 290 50 0 0 
179 173 25 0 0 
185 225 116 3 0 
112 312 21 0 0 
133 229 36 0 0 
74 273 54 3 0 
162 130 78 0 0 
90 257 30 14 0 
87 191 76 1 0 
173 247 77 0 0 
53 279 84 0 0 
94 341 55 2 0 
187 225 27 0 0 
84 282 112 1 0 
74 154 4 0 0 
107 212 105 0 0 
115 197 50 0 0 
60 225 82 1 0 
60 211 121 0 0 
77 220 84 0 0 
58 257 75 7 0 
61 295 19 0 0 
74 479 75 1 0 
91 206 72 2 0 
134 247 35 0 0 
77 102 97 0 0 
22 251 51 0 0 
50 188 36 2 0 
55 207 43 2 0 
121 190 59 0 0 
137 187 51 0 0 
95 303 26 0 0 
177 234 70 0 0 
76 291 73 0 0 
148 198 53 1 0 
56 322 82 0 0 
81 252 56 6 0 
183 222 40 1 0 
112 189 23 1 0 
120 215 25 4 0 
99 189 21 31 0 
79 262 92 0 0 
138 276 30 0 0 
123 252 25 9 0 
65 165 90 0 0 
141 150 33 6 0 
98 318 59 0 0 
164 154 66 0 0 
70 199 103 10 0 
101 243 27 16 0 
98 257 75 0 0 
97 232 102 0 0 
177 185 67 18 0 
82 355 58 6 0 
133 304 53 0 0 
201 276 9 1 0 
63 165 99 32 0 
98 266 74 0 0 
74 196 45 5 0 
118 237 62 0 0 
105 198 51 0 0 
97 274 19 0 0 
66 373 48 0 0 
38 209 94 0 0 
114 210 50 6 0 
152 170 45 0 0 
149 210 81 0 0 
128 218 79 0 0 
94 305 73 0 0 
64 336 118 0 0 
80 131 51 0 0 
148 269 41 0 0 
170 253 2 0 0 
176 210 29 0 0 
51 200 94 0 0 
207 252 29 5 0 
172 226 72 0 0 
230 224 32 0 0 
101 245 72 0 0 
145 208 66 0 0 
83 222 59 0 0 
57 220 54 4 0 
116 232 24 6 0 
35 198 75 4 0 
71 290 53 6 0 
115 289 43 0 0 
180 114 110 1 0 
95 184 28 0 0 
78 283 83 3 0 
58 319 84 9 0 
94 269 43 0 0 
175 171 108 0 0 
83 313 41 0 0 
130 246 97 0 0 
110 274 47 0 0 
100 173 85 0 0 
85 208 127 0 0 
75 211 83 3 0 
103 220 52 1 0 
48 203 21 0 0 
44 270 55 0 0 
35 265 55 29 0 
137 266 23 0 0 
33 352 29 0 0 
100 253 21 0 0 
97 224 79 0 0 
102 261 68 2 0 
47 292 60 0 0 
160 272 65 0 0 
209 230 63 0 0 
39 235 93 0 0 
105 166 44 10 0 
86 261 24 0 0 
185 196 37 10 0 
146 145 63 0 0 
228 244 8 0 0 
89 203 103 0 0 
154 319 28 0 0 
109 240 47 0 0 
90 221 55 0 0 
108 174 81 0 0 
168 314 21 0 8 
94 189 109 0 0 
160 186 83 0 0 
136 142 114 3 0 
54 207 98 0 0 
193 173 87 1 0 
113 234 67 0 0 
121 204 75 0 0 
103 363 19 0 0 
96 330 11 0 0 
85 158 35 0 0 
71 292 50 1 0 
101 145 51 0 0 
142 302 51 0 0 
85 210 26 0 0 
131 254 42 0 0 
148 275 132 0 0 
73 307 67 14 0 
123 307 48 0 0 
169 229 11 0 0 
48 235 90 0 0 
131 198 145 0 0 
88 238 63 6 0 
77 270 69 0 0 
118 316 71 0 0 
148 250 21 0 0 
117 269 106 0 0 
95 149 40 0 0 
109 296 30 0 0 
88 271 32 0 0 
169 284 27 0 0 
107 249 74 0 0 
190 201 40 0 0 
117 213 40 2 0 
85 249 49 0 0 
128 358 29 0 0 
53 212 41 0 0 
141 236 56 0 0 
188 204 34 0 0 
145 209 34 0 0 
118 213 77 0 0 
79 345 8 0 0 
113 191 31 0 0 
128 172 43 1 0 
120 209 23 0 0 
225 254 42 0 0 
170 204 21 0 0 
191 253 65 0 0 
121 304 53 0 0 
89 256 38 0 0 
112 235 44 0 0 
176 172 55 0 0 
89 241 36 0 0 
179 156 75 0 0 
154 173 50 0 0 
166 298 20 0 0 
181 188 89 0 0 
128 288 147 0 0 
155 187 115 0 0 
162 202 51 10 0 
97 161 23 1 0 
152 161 86 0 0 
132 284 33 0 0 
88 200 41 6 0 
97 188 68 2 0 
102 271 77 15 0 
125 205 40 0 0 
109 193 90 0 0 
81 328 70 1 0 
168 258 77 31 0 
52 214 46 12 0 
230 175 55 0 0 
52 268 74 0 0 
120 195 121 0 0 
167 213 78 0 0 
96 260 13 0 0 
172 312 18 1 0 
140 189 60 2 0 
77 275 24 0 0 
90 258 8 0 0 
86 182 86 0 0 
138 393 21 5 0 
162 247 37 0 0 
135 296 23 3 0 
189 251 54 0 0 
153 202 26 4 0 
140 248 26 0 0 
94 207 34 0 0 
105 189 59 0 0 
147 200 80 0 0 
50 221 72 1 0 
147 265 94 0 0 
75 108 59 0 0 
94 358 30 0 0 
93 307 44 0 0 
114 208 65 0 0 
119 208 119 9 0 
107 146 88 0 0 
81 246 71 0 0 
98 202 72 0 0 
164 281 37 0 0 
113 255 57 1 0 
189 185 71 3 0 
117 252 51 0 0 
161 240 61 0 0 
138 233 65 21 0 
42 311 50 0 0 
122 181 121 18 0 
176 313 31 1 0 
244 150 25 2 0 
133 214 63 2 0 
112 285 99 0 0 
116 167 55 0 0 
124 241 50 0 0 
47 228 35 0 0 
112 246 68 0 0 
124 183 85 0 0 
115 281 50 0 0 
97 247 49 1 0 
177 171 34 0 0 
156 231 21 0 0 
66 262 25 0 13 
133 277 52 0 0 
127 249 122 0 0 
152 230 116 0 0 
148 226 15 0 0 
171 282 2 0 0 
113 199 125 0 0 
107 264 78 0 0 
234 177 31 1 0 
62 288 54 0 0 
158 284 24 0 0 
144 262 73 0 0 
117 222 147 0 0 
106 178 55 0 0 
97 244 25 0 0 
142 226 91 0 0 
131 269 52 0 0 
31 216 58 6 0 
128 224 9 39 0 
91 204 139 0 0 
139 179 52 0 0 
134 295 37 9 0 
135 284 50 0 0 
171 246 49 7 0 
121 317 69 8 0 
155 182 26 0 0 
236 134 20 0 0 
76 255 154 0 0 
64 248 76 0 0 
170 133 93 0 0 
131 223 29 0 0 
88 278 27 0 0 
122 238 41 0 0 
162 227 58 1 0 
153 300 35 0 0 
76 255 48 0 0 
115 161 194 0 0 
55 226 33 10 0 
88 384 24 0 0 
121 189 86 0 0 
258 137 57 0 0 
100 274 111 0 0 
75 149 34 8 0 
88 239 37 1 0 
122 243 75 0 0 
67 330 42 0 0 
104 217 29 0 0 
164 225 34 0 0 
87 223 57 0 0 
77 392 28 0 0 
245 224 27 0 0 
61 208 54 0 0 
97 343 27 0 0 
123 261 59 0 0 
80 232 25 18 0 
152 233 46 4 0 
87 254 66 0 0 
128 233 8 0 0 
91 238 38 1 0 
61 266 11 0 0 
189 255 26 0 0 
93 198 48 0 0 
100 149 74 1 0 
86 293 38 0 0 
106 150 71 8 0 
177 157 39 0 0 
84 125 87 2 0 
97 222 61 0 0 
90 200 38 3 0 
203 183 23 0 0 
91 215 58 0 0 
112 210 73 2 0 
56 289 67 0 0 
119 227 44 0 0 
99 222 69 0 0 
135 236 34 3 0 
95 310 49 0 0 
179 166 38 1 0 
101 287 36 0 0 
101 192 48 0 0 
160 366 38 1 0 
129 373 18 1 0 
93 291 125 2 9 
53 279 73 0 0 
107 168 38 0 0 
123 186 78 2 0 
159 173 152 1 0 
100 267 10 15 0 
91 305 23 0 0 
125 178 11 0 0 
95 272 54 0 0 
146 140 28 0 0 
60 272 34 0 0 
127 180 68 0 0 
115 234 35 0 0 
36 249 24 4 0 
238 207 37 0 0 
127 152 153 0 0 
135 194 10 0 0 
116 284 112 17 0 
248 243 81 0 0 
156 187 12 15 0 
90 238 48 0 0 
124 189 64 0 0 
124 363 52 0 0 
119 220 84 0 0 
164 232 55 0 0 
123 296 70 0 0 
71 186 123 0 0 
75 213 72 0 0 
125 207 41 0 0 
134 263 57 9 0 
41 325 83 0 0 
137 110 28 0 0 
122 218 29 19 0 
119 275 40 0 0 
105 250 63 1 0 
175 179 12 0 0 
189 216 107 0 0 
115 267 38 7 0 
182 199 44 0 0 
120 261 51 0 0 
104 310 168 0 0 
136 280 44 0 0 
155 253 52 0 0 
182 166 32 0 0 
139 222 18 0 0 
78 137 114 0 0 
131 323 22 0 0 
204 122 42 18 0 
178 206 4 0 0 
217 251 53 0 0 
136 145 106 16 0 
93 256 56 0 0 
165 188 52 2 0 
82 259 55 10 0 
74 199 66 0 0 
114 401 16 0 0 
111 183 87 1 0 
194 153 63 0 0 
177 202 56 8 0 
187 251 48 0 0 
212 177 64 0 0 
175 166 215 0 0 
205 142 31 0 0 
128 431 34 0 0 
45 401 43 10 0 
190 143 46 0 0 
127 165 39 0 0 
97 335 50 0 0 
96 127 89 0 0 
118 156 40 0 0 
167 305 19 0 0 
124 199 102 0 0 
107 219 13 0 0 
179 223 35 0 0 
120 353 28 0 0 
89 188 85 0 0 
120 243 53 23 0 
108 151 136 0 0 
95 223 33 0 0 
69 237 76 0 0 
46 229 32 0 0 
142 237 81 0 0 
131 234 83 0 0 
127 288 28 20 0 
45 230 32 0 0 
75 150 127 39 0 
142 257 51 0 0 
69 218 50 0 0 
88 203 20 21 0 
165 151 70 0 0 
57 346 40 0 0 
159 248 38 0 0 
87 311 61 0 0 
222 248 18 0 0 
123 307 39 0 0 
153 237 44 0 0 
183 258 1 0 0 
132 191 99 0 0 
79 304 44 0 0 
118 228 57 0 0 
46 225 113 0 0 
99 246 80 0 0 
89 224 48 0 0 
162 174 41 7 0 
106 280 48 0 0 
118 265 73 0 0 
186 190 10 1 0 
197 186 36 0 0 
217 186 91 0 0 
64 301 41 0 0 
147 260 56 0 0 
78 224 53 0 0 
114 249 36 0 0 
93 230 35 0 0 
92 204 33 0 0 
194 165 28 0 0 
215 250 14 0 0 
183 286 25 2 0 
98 160 25 0 0 
148 243 47 1 0 
135 218 26 11 0 
117 237 107 0 0 
107 270 31 0 0 
34 275 29 0 0 
131 269 49 1 0 
65 193 81 0 0 
86 228 46 0 0 
191 369 40 0 0 
150 257 57 0 0 
109 272 37 8 0 
135 369 46 0 0 
69 254 49 0 0 
198 240 97 0 0 
63 314 57 0 0 
106 188 37 0 0 
149 278 36 0 0 
157 284 87 0 0 
46 186 95 2 0 
151 204 53 0 0 
94 192 25 0 0 
147 169 47 0 0 
69 283 74 0 0 
96 291 77 1 0 
106 255 82 1 0 
129 227 101 0 0 
175 221 44 1 0 
91 275 49 0 0 
153 199 21 1 0 
124 294 43 0 0 
123 167 65 0 0 
128 306 31 0 0 
240 146 34 0 0 
112 251 19 0 0 
163 225 39 0 0 
117 386 17 0 0 
155 217 87 0 0 
111 291 48 0 0 
128 217 51 0 0 
112 161 29 0 21 
179 151 20 0 0 
186 191 99 6 0 
74 309 71 0 0 
57 189 33 0 0 
81 210 65 0 0 
93 208 135 0 0 
107 175 54 0 0 
143 312 138 0 0 
72 194 158 0 0 
67 172 74 0 0 
131 345 48 0 0 
82 197 73 0 0 
103 129 108 9 0 
109 319 47 0 0 
74 220 62 0 0 
31 216 100 0 0 
130 172 27 0 0 
54 221 78 0 0 
116 168 68 0 0 
106 242 27 0 0 
112 215 26 0 0 
137 222 18 4 0 
97 224 70 0 0 
164 276 31 6 0 
183 155 49 0 0 
132 156 57 0 0 
56 170 93 12 0 
210 221 34 3 0 
151 344 17 0 0 
92 364 66 0 0 
205 152 61 0 0 
199 197 81 0 0 
135 201 100 0 0 
143 306 67 1 0 
50 276 56 0 0 
159 212 72 0 0 
193 211 35 0 0 
118 207 56 0 0 
154 205 49 0 0 
71 172 31 0 0 
106 296 59 0 0 
149 291 42 14 0 
95 298 81 0 0 
147 197 34 0 0 
105 380 39 2 0 
82 317 24 0 0 
129 422 18 0 0 
154 159 95 0 0 
47 279 38 7 0 
156 173 85 0 0 
95 202 118 0 0 
119 327 10 0 0 
165 145 52 11 0 
124 164 55 0 0 
124 233 25 1 0 
71 226 38 0 0 
51 217 70 0 0 
126 212 47 7 0 
149 124 98 0 0 
69 286 38 0 0 
87 163 64 0 0 
73 295 90 6 0 
83 196 48 0 0 
59 293 64 0 0 
100 263 70 2 0 
187 247 91 1 0 
137 186 34 4 0 
132 196 76 4 0 
148 277 63 0 0 
64 304 55 0 0 
148 285 12 0 0 
102 288 43 0 0 
99 324 54 10 0 
93 215 33 0 0 
99 206 32 0 0 
