0 95 39 
0 98 26 
0 154 44 
0 88 54 
0 110 36 
0 101 37 
0 102 26 
0 49 30 
0 114 21 
0 144 31 
0 97 71 
0 132 12 
0 135 76 
0 126 36 
0 91 32 
0 65 32 
0 124 49 
0 89 9 
0 97 30 
0 112 12 
0 130 45 
0 86 76 
0 123 18 
0 74 25 
0 76 32 
0 93 60 
0 113 91 
0 134 15 
0 135 22 
0 97 12 
0 188 36 
0 116 4 
0 163 14 
0 74 34 
0 96 31 
0 147 72 
0 128 7 
0 139 12 
0 134 36 
0 89 14 
0 89 44 
0 52 144 
0 146 23 
0 82 2 
0 198 57 
0 104 11 
0 88 28 
0 124 36 
0 168 63 
0 139 73 
0 83 112 
0 115 43 
0 126 10 
0 99 58 
0 129 44 
0 77 21 
0 119 31 
0 145 34 
0 86 54 
0 118 25 
0 112 60 
0 136 39 
0 105 25 
0 123 19 
0 111 18 
0 115 54 
0 54 27 
0 125 19 
0 104 24 
0 96 27 
0 100 32 
0 145 14 
0 151 23 
0 125 69 
0 132 17 
0 131 79 
0 81 19 
0 167 30 
0 146 40 
0 119 17 
0 152 48 
0 142 14 
0 174 36 
0 80 75 
0 114 15 
0 113 63 
0 164 65 
0 136 10 
0 131 75 
0 151 24 
0 120 25 
0 115 16 
0 149 36 
0 77 73 
0 131 16 
0 91 22 
0 86 35 
0 143 91 
0 141 12 
0 125 19 
0 53 71 
0 124 1 
0 63 18 
0 115 38 
0 99 53 
0 97 25 
0 92 7 
0 132 70 
0 122 61 
0 96 22 
0 92 28 
0 171 32 
0 116 15 
0 104 43 
0 97 17 
0 94 15 
0 60 37 
0 103 60 
0 120 51 
0 95 47 
0 93 8 
0 134 67 
0 165 76 
0 104 15 
0 167 34 
0 98 56 
0 84 8 
0 170 25 
0 92 159 
0 73 96 
0 122 15 
0 137 61 
0 127 46 
0 69 21 
0 140 33 
0 167 15 
0 86 28 
0 62 21 
0 117 5 
0 155 46 
0 101 22 
0 125 40 
0 144 23 
0 73 21 
0 116 33 
0 132 63 
0 65 3 
0 120 55 
0 150 27 
0 94 37 
0 122 45 
0 146 23 
0 131 27 
0 158 19 
0 127 44 
0 132 30 
0 139 45 
0 147 63 
0 178 16 
0 111 26 
0 141 43 
0 138 60 
0 69 25 
0 107 27 
0 170 33 
0 130 25 
0 115 55 
0 136 3 
0 84 40 
0 133 69 
0 93 25 
0 112 36 
0 69 24 
0 81 46 
0 100 74 
0 137 50 
0 128 29 
0 141 61 
0 178 46 
0 105 26 
0 95 20 
0 156 69 
0 114 38 
0 97 11 
0 83 28 
0 133 25 
0 146 48 
0 125 70 
0 69 57 
0 158 71 
0 102 9 
0 133 30 
0 112 38 
0 117 47 
0 88 15 
0 124 15 
0 110 28 
0 71 37 
0 103 22 
0 94 34 
0 128 56 
0 95 11 
0 133 63 
0 88 26 
0 119 49 
0 111 36 
0 97 5 
0 86 70 
0 127 75 
0 132 8 
0 152 17 
0 93 58 
0 134 47 
0 110 42 
0 126 18 
0 128 31 
0 81 37 
0 141 49 
0 77 36 
0 106 95 
0 125 18 
0 167 4 
0 105 27 
0 74 97 
0 121 27 
0 114 26 
0 94 58 
0 96 38 
0 112 57 
0 110 11 
0 93 59 
0 128 44 
0 96 81 
0 94 23 
0 101 27 
0 74 31 
0 152 21 
0 74 17 
0 59 36 
0 93 21 
0 179 44 
0 115 10 
0 108 28 
0 105 33 
0 106 83 
0 130 45 
0 74 45 
0 122 47 
0 111 17 
0 159 55 
0 131 91 
0 88 84 
0 90 44 
0 91 24 
0 114 137 
0 98 33 
0 84 13 
0 82 31 
0 117 62 
0 118 47 
0 97 21 
0 138 53 
0 149 5 
0 141 20 
0 150 30 
0 166 27 
0 72 60 
0 108 39 
0 100 117 
0 110 9 
0 88 8 
0 73 44 
0 98 25 
0 123 18 
0 144 40 
0 95 44 
0 90 40 
0 111 25 
0 137 31 
0 76 22 
0 124 74 
0 114 15 
0 119 26 
0 70 65 
0 84 26 
0 66 12 
0 109 27 
0 103 34 
0 138 54 
0 141 6 
0 101 49 
0 214 17 
0 107 35 
0 143 35 
0 112 49 
0 176 33 
0 133 63 
0 120 39 
0 131 36 
0 181 17 
0 82 23 
0 115 47 
0 111 43 
0 64 128 
0 154 66 
0 106 39 
0 89 19 
0 105 16 
0 107 43 
0 91 9 
0 148 56 
0 112 39 
0 131 26 
0 120 21 
0 104 29 
0 118 71 
0 77 20 
0 97 25 
0 185 1 
0 78 17 
0 142 25 
0 137 47 
0 90 42 
0 112 40 
0 100 37 
0 137 38 
0 147 39 
0 157 27 
0 93 30 
0 126 19 
0 124 36 
0 80 59 
0 122 37 
0 78 34 
0 55 30 
0 108 71 
0 119 74 
0 132 17 
0 128 36 
0 97 31 
0 128 41 
0 158 36 
0 132 7 
0 138 10 
0 150 32 
0 123 22 
0 132 55 
0 113 36 
0 146 77 
0 127 16 
0 117 47 
0 115 25 
0 120 62 
0 97 19 
0 129 17 
0 157 39 
0 102 41 
0 107 14 
0 114 54 
0 98 39 
0 121 22 
0 139 8 
0 110 63 
0 70 66 
0 97 52 
0 107 52 
0 75 30 
0 91 11 
0 122 44 
0 76 53 
0 150 50 
0 90 50 
0 94 87 
0 111 23 
0 76 13 
0 122 36 
0 154 32 
0 64 27 
0 160 45 
0 140 75 
0 93 17 
0 116 25 
0 154 34 
0 149 72 
0 152 7 
0 121 60 
0 89 52 
0 96 96 
0 142 20 
0 119 57 
0 77 78 
0 72 35 
0 124 59 
0 116 15 
0 75 10 
0 106 16 
0 130 36 
0 123 21 
0 110 18 
0 81 31 
0 150 40 
0 141 16 
0 88 17 
0 42 39 
0 114 40 
0 97 40 
0 139 34 
0 103 48 
0 131 34 
0 122 36 
0 113 21 
0 120 105 
0 134 25 
0 108 29 
0 115 26 
0 91 67 
0 153 24 
0 180 61 
0 109 15 
0 134 43 
0 154 32 
0 108 56 
0 126 67 
0 110 50 
0 126 120 
0 110 29 
0 105 45 
0 210 32 
0 118 36 
0 136 46 
0 97 54 
0 82 17 
0 88 4 
0 76 22 
0 93 82 
0 142 51 
0 83 73 
0 121 58 
0 144 47 
0 138 16 
0 104 54 
0 140 40 
0 144 17 
0 129 38 
0 125 115 
0 77 35 
0 170 37 
0 115 35 
0 101 29 
0 149 43 
0 83 54 
0 158 41 
0 116 72 
0 73 26 
0 132 23 
0 141 30 
0 97 53 
0 116 32 
0 112 17 
0 87 61 
0 103 11 
0 123 4 
0 109 34 
0 117 53 
0 81 31 
0 103 27 
0 114 26 
0 174 11 
0 68 16 
0 85 25 
0 186 44 
0 161 58 
0 114 67 
0 135 39 
0 78 29 
0 161 59 
0 96 43 
0 111 16 
0 151 59 
0 133 69 
0 136 29 
0 149 18 
0 163 8 
0 123 91 
0 132 44 
0 136 16 
0 111 83 
0 175 38 
0 114 46 
0 74 49 
0 140 60 
0 108 14 
0 90 33 
0 75 40 
0 140 38 
0 128 20 
0 113 21 
0 132 24 
0 84 18 
0 159 36 
0 96 33 
0 123 56 
0 133 101 
0 91 57 
0 160 60 
0 128 27 
0 143 62 
0 122 44 
0 74 38 
0 107 60 
0 151 85 
0 173 75 
0 100 67 
0 135 5 
0 116 60 
0 76 34 
0 106 35 
0 84 30 
0 105 23 
0 123 51 
0 144 36 
0 111 52 
0 172 53 
0 95 24 
0 94 45 
0 103 68 
0 72 78 
0 76 121 
0 162 12 
0 98 77 
0 131 24 
0 94 54 
0 143 40 
0 75 89 
0 142 36 
0 112 13 
0 110 32 
0 121 84 
0 153 21 
0 129 6 
0 177 48 
0 135 87 
0 93 36 
0 115 21 
0 124 38 
0 148 24 
0 126 16 
0 104 32 
0 70 24 
0 103 67 
0 112 51 
0 116 20 
0 137 23 
0 133 18 
0 132 61 
0 97 46 
0 57 75 
0 127 65 
0 80 46 
0 167 95 
0 113 57 
0 103 86 
0 73 42 
0 126 55 
0 129 70 
0 89 13 
0 99 58 
0 163 35 
0 143 51 
0 137 36 
0 110 31 
0 129 47 
0 97 10 
0 99 18 
0 89 62 
0 112 42 
0 125 77 
0 109 62 
0 125 41 
0 135 67 
0 132 26 
0 82 21 
0 135 37 
0 78 34 
0 103 34 
0 176 13 
0 111 33 
0 132 11 
0 118 56 
0 178 30 
0 116 19 
0 108 48 
0 127 54 
0 135 54 
0 82 64 
0 115 31 
0 113 54 
0 107 22 
0 147 32 
0 134 5 
0 63 34 
0 101 26 
0 120 29 
0 99 28 
0 123 7 
0 134 36 
0 67 57 
0 109 39 
0 87 89 
0 72 27 
0 105 32 
0 135 25 
0 98 30 
0 166 73 
0 125 67 
0 114 24 
0 96 14 
0 78 54 
0 59 53 
0 65 39 
0 112 53 
0 178 15 
0 82 29 
0 71 43 
0 62 19 
0 70 46 
0 122 110 
0 126 53 
0 151 47 
0 76 25 
0 121 35 
0 118 25 
0 102 6 
0 106 9 
0 71 1 
0 91 142 
0 116 48 
0 98 22 
0 94 44 
0 154 9 
0 101 22 
0 136 4 
0 114 16 
0 113 28 
0 122 25 
0 188 12 
0 100 25 
0 121 40 
0 138 18 
0 132 17 
0 93 94 
0 80 18 
0 113 50 
0 109 44 
0 120 46 
0 95 11 
0 178 65 
0 115 106 
0 125 107 
0 92 70 
0 133 32 
0 90 92 
0 128 37 
0 123 15 
0 95 65 
0 84 44 
0 111 41 
0 191 24 
0 160 42 
0 120 47 
0 109 86 
0 144 29 
0 168 24 
0 130 50 
0 157 19 
0 132 29 
0 152 42 
0 171 42 
0 123 25 
0 179 28 
0 125 16 
0 133 51 
0 100 26 
0 102 7 
0 132 26 
0 99 86 
0 91 40 
0 108 56 
0 109 41 
0 105 7 
0 88 26 
0 132 30 
0 109 37 
0 87 3 
0 135 24 
0 104 61 
0 102 95 
0 114 33 
0 121 70 
0 151 16 
0 117 32 
0 59 33 
0 125 18 
0 134 23 
0 131 69 
0 112 28 
0 98 56 
0 105 52 
0 74 55 
0 122 19 
0 103 64 
0 140 52 
0 140 25 
0 116 42 
0 162 24 
0 132 40 
0 86 88 
0 136 36 
0 134 22 
0 91 15 
0 107 90 
0 100 30 
0 155 14 
0 95 50 
0 129 72 
0 117 121 
0 102 103 
0 149 97 
0 95 53 
0 154 43 
0 123 34 
0 119 40 
0 125 30 
0 146 61 
0 117 23 
0 155 22 
0 120 36 
0 110 60 
0 78 10 
0 83 25 
0 169 36 
0 118 46 
0 120 32 
0 139 33 
0 136 33 
0 87 36 
0 113 60 
0 96 29 
0 108 14 
0 67 93 
0 46 21 
0 146 19 
0 108 25 
0 124 70 
0 91 40 
0 114 23 
0 104 16 
0 123 83 
0 118 59 
0 134 19 
0 126 89 
0 120 20 
0 191 16 
0 108 61 
0 101 37 
0 175 38 
0 93 31 
0 94 23 
0 119 112 
0 117 41 
0 105 23 
0 65 49 
0 107 35 
0 132 67 
0 95 53 
0 121 78 
0 106 13 
0 138 132 
0 94 16 
0 73 44 
0 101 70 
0 161 61 
0 161 17 
0 133 131 
0 102 29 
0 94 61 
0 94 55 
0 123 19 
0 95 33 
0 76 35 
0 113 35 
0 147 77 
0 104 91 
0 125 42 
0 125 69 
0 105 95 
0 117 78 
0 107 48 
0 125 13 
0 140 19 
0 115 34 
0 109 32 
0 120 70 
0 95 44 
0 83 69 
0 93 30 
0 102 18 
0 130 68 
0 101 27 
0 140 63 
0 156 23 
0 170 50 
0 122 20 
0 82 70 
0 103 21 
0 130 33 
0 147 9 
0 137 53 
0 104 9 
0 117 117 
0 127 137 
0 99 100 
0 131 33 
0 168 26 
0 48 23 
0 61 70 
0 98 7 
0 63 96 
0 132 56 
0 107 56 
0 119 18 
0 79 36 
0 162 9 
0 114 51 
0 178 58 
0 138 83 
0 88 58 
0 98 10 
0 118 34 
0 31 16 
0 146 23 
0 118 9 
0 173 49 
0 128 72 
0 132 37 
0 115 26 
0 99 68 
0 114 16 
0 118 55 
0 72 48 
0 120 73 
0 74 53 
0 122 31 
0 164 17 
0 110 20 
0 93 53 
0 134 53 
0 86 10 
0 132 33 
0 102 29 
0 106 27 
0 85 84 
0 142 37 
0 136 15 
0 132 71 
0 66 20 
0 78 24 
0 112 15 
0 80 12 
0 153 3 
0 95 46 
0 117 22 
0 85 36 
0 119 87 
0 108 17 
0 143 40 
0 122 14 
0 133 41 
0 117 20 
0 111 26 
0 164 21 
0 103 3 
0 123 16 
0 115 10 
0 111 35 
0 122 26 
0 121 45 
0 122 22 
0 99 5 
0 158 24 
0 80 90 
0 119 38 
0 137 80 
0 92 27 
0 65 36 
0 107 31 
0 108 57 
0 133 29 
0 163 23 
0 98 64 
0 178 35 
0 135 4 
0 122 33 
0 133 55 
0 82 6 
0 149 29 
0 171 9 
0 138 12 
0 117 46 
0 107 37 
0 135 54 
0 122 26 
0 128 61 
0 90 65 
0 133 50 
0 126 56 
0 169 34 
0 57 49 
0 111 43 
0 116 49 
0 121 32 
0 147 82 
0 78 26 
0 174 35 
0 117 36 
0 123 63 
0 127 52 
0 82 47 
0 120 56 
0 106 78 
0 109 25 
0 90 20 
0 133 54 
0 101 43 
0 109 38 
0 125 14 
0 59 27 
0 90 62 
0 147 14 
0 106 19 
0 184 40 
0 113 69 
0 62 43 
0 156 48 
0 94 60 
0 108 46 
0 100 72 
0 86 39 
0 132 6 
0 82 21 
0 115 32 
0 73 85 
0 82 70 
0 106 34 
0 126 18 
0 100 22 
0 190 49 
0 83 22 
0 121 87 
0 134 70 
0 117 9 
0 124 11 
0 145 48 
0 79 10 
0 134 36 
0 181 24 
0 90 26 
0 90 10 
0 99 59 
0 120 11 
0 118 7 
0 135 50 
0 112 27 
0 127 96 
0 93 27 
0 129 61 
0 107 15 
0 100 142 
0 137 40 
0 128 50 
0 120 46 
0 82 37 
0 111 20 
0 93 117 
0 83 41 
0 95 38 
0 81 56 
0 79 107 
0 173 43 
0 110 28 
0 76 45 
0 89 46 
0 124 52 
0 106 49 
0 90 65 
0 89 37 
0 88 45 
0 108 52 
0 136 28 
0 161 23 
