21 498 16 0 0 
15 385 43 0 0 
145 288 16 0 0 
39 362 69 0 0 
95 441 10 0 0 
42 397 20 0 0 
27 503 12 0 0 
12 397 43 0 0 
109 446 31 0 0 
15 551 17 0 0 
74 460 31 0 0 
15 312 18 0 0 
19 524 17 0 0 
16 362 46 0 0 
30 477 52 0 0 
2 376 42 0 0 
29 413 69 0 0 
90 338 16 0 0 
18 555 5 0 0 
60 373 34 0 0 
83 461 12 0 0 
22 436 25 0 0 
33 461 39 0 0 
32 276 7 0 0 
32 529 30 0 0 
50 269 88 0 0 
75 269 56 0 0 
23 358 23 0 0 
90 439 15 0 0 
29 369 50 0 0 
47 377 41 0 0 
29 457 16 0 0 
47 404 39 0 0 
58 464 17 7 0 
8 435 21 0 0 
38 398 24 0 0 
47 468 9 0 0 
6 481 42 0 0 
11 492 17 0 0 
31 460 68 0 0 
6 358 48 0 0 
5 443 71 0 0 
62 429 3 0 0 
75 493 23 0 0 
60 426 16 0 0 
6 547 28 10 0 
49 474 25 0 0 
60 489 6 0 0 
5 462 25 0 0 
15 470 1 0 0 
44 536 9 0 0 
82 493 20 0 0 
69 361 4 0 0 
25 422 32 0 0 
22 385 37 0 0 
12 488 10 0 0 
35 409 37 0 0 
12 388 57 0 0 
12 436 16 0 0 
37 365 23 0 0 
11 369 48 0 0 
31 290 36 0 0 
62 508 10 0 0 
35 481 0 0 0 
51 475 27 0 0 
8 570 42 0 0 
43 361 37 0 0 
31 414 32 0 0 
1 407 51 0 0 
65 394 66 0 0 
11 333 22 0 0 
75 378 8 0 0 
47 415 26 0 0 
67 403 27 4 0 
30 435 19 0 0 
13 471 14 0 0 
89 431 52 0 0 
17 399 109 0 0 
63 525 34 0 0 
56 366 20 0 0 
80 427 30 0 0 
69 434 41 0 0 
27 503 33 0 0 
28 437 41 0 0 
36 381 56 0 0 
12 430 1 0 0 
64 429 17 0 0 
8 450 22 0 0 
23 317 62 0 0 
40 401 4 0 0 
13 480 29 0 0 
13 517 6 0 0 
60 461 22 0 0 
15 502 10 0 0 
54 386 5 0 0 
43 441 67 0 0 
26 492 28 0 0 
16 551 44 0 0 
34 516 30 0 0 
40 417 40 0 0 
41 446 16 0 0 
19 362 49 0 0 
69 332 33 0 0 
70 426 63 0 0 
22 438 21 0 0 
43 381 45 0 0 
36 355 9 0 0 
18 456 37 0 0 
30 282 158 0 0 
38 410 31 0 0 
19 364 54 0 0 
19 419 22 0 0 
4 413 60 0 0 
18 461 33 0 0 
40 331 56 0 0 
53 507 8 0 0 
9 460 31 0 0 
32 432 19 0 0 
35 426 4 0 0 
8 470 16 0 0 
109 391 13 0 0 
70 450 14 0 0 
73 318 40 0 0 
30 493 3 0 0 
27 403 23 0 0 
29 477 11 0 0 
24 482 64 0 0 
54 426 66 0 0 
26 440 6 0 0 
25 468 34 0 0 
17 464 14 0 0 
60 369 35 0 0 
6 454 35 0 0 
47 470 8 0 0 
23 441 1 0 0 
16 476 20 0 0 
41 438 16 0 0 
65 336 37 0 0 
47 475 26 0 0 
19 382 47 0 0 
33 429 50 0 0 
54 412 38 0 0 
64 389 13 0 0 
43 415 9 0 0 
57 437 21 0 0 
12 388 6 0 0 
75 482 32 0 0 
6 397 9 0 0 
46 491 10 0 0 
17 476 27 0 0 
47 516 73 0 0 
15 403 40 0 0 
40 390 10 0 0 
137 337 50 0 0 
41 467 35 0 0 
27 378 13 0 0 
8 401 42 0 0 
75 396 27 0 0 
41 391 18 0 0 
24 428 62 0 0 
27 442 33 0 0 
30 496 9 0 0 
62 466 27 0 0 
41 463 0 0 0 
53 413 30 0 0 
12 500 12 0 0 
22 450 20 0 0 
26 429 90 0 0 
13 445 67 0 0 
17 474 22 0 0 
14 341 14 0 0 
19 420 17 21 0 
42 414 40 0 0 
29 520 29 0 0 
29 409 7 0 0 
37 423 63 0 0 
43 501 18 0 0 
37 317 29 0 0 
26 368 10 0 0 
35 445 62 0 0 
12 392 74 0 0 
19 392 28 0 0 
46 390 3 0 0 
129 314 17 0 0 
51 477 4 0 0 
33 333 20 0 0 
21 450 17 0 0 
62 347 46 0 0 
10 417 44 0 0 
38 448 26 0 0 
34 420 23 0 0 
35 360 60 0 0 
54 402 69 0 0 
68 428 82 0 0 
30 300 26 0 0 
21 549 2 0 0 
47 356 39 0 0 
25 435 19 0 0 
11 508 19 0 0 
34 402 51 0 0 
44 338 31 0 0 
8 441 7 0 0 
22 444 24 0 0 
22 434 6 0 0 
3 493 30 0 0 
57 439 32 0 0 
43 371 9 0 0 
44 504 12 0 0 
86 354 37 0 0 
27 415 7 0 0 
30 352 30 0 0 
10 517 30 0 0 
16 460 12 0 0 
112 383 59 0 0 
11 478 35 20 0 
60 401 8 0 0 
39 394 36 0 0 
56 513 4 0 0 
65 466 30 0 0 
33 455 20 0 0 
42 486 48 0 0 
73 365 12 0 0 
46 401 27 0 0 
60 431 37 0 0 
19 421 44 0 0 
52 378 66 0 0 
44 399 17 0 0 
28 353 21 0 0 
10 489 19 0 0 
33 385 48 0 0 
42 497 14 0 0 
33 383 39 0 0 
9 450 31 0 0 
42 352 33 0 0 
45 442 12 0 0 
20 383 13 0 0 
26 423 25 0 0 
38 392 30 0 0 
60 475 45 0 0 
29 518 33 0 0 
64 495 9 0 0 
8 551 17 0 0 
32 410 62 0 0 
39 449 35 0 0 
4 499 22 0 0 
43 455 36 0 0 
9 415 48 0 0 
16 392 27 0 0 
13 523 21 0 0 
38 450 12 0 0 
23 412 29 0 0 
47 363 49 0 0 
51 514 32 0 0 
22 332 31 0 0 
67 520 3 0 0 
67 474 41 0 0 
27 443 11 0 0 
24 487 43 0 0 
8 514 21 0 0 
26 491 56 0 0 
21 453 15 0 0 
9 493 5 0 0 
15 460 16 0 0 
104 420 19 0 0 
48 462 60 0 0 
21 377 56 0 0 
21 442 7 0 0 
26 491 78 0 0 
10 410 82 0 0 
14 479 20 0 0 
23 488 47 0 0 
18 422 44 0 0 
45 541 29 0 0 
52 375 51 0 0 
22 453 76 0 0 
35 517 25 0 0 
22 477 1 0 0 
63 493 18 0 0 
20 396 24 0 0 
62 466 4 0 0 
21 495 34 0 0 
35 492 3 0 0 
27 518 23 0 0 
4 478 12 0 0 
80 430 13 0 0 
35 504 2 0 0 
15 431 37 0 0 
25 301 48 0 0 
90 383 18 0 0 
11 466 51 0 0 
45 546 20 0 0 
10 523 27 0 0 
19 540 13 0 0 
36 483 4 0 0 
14 561 37 0 0 
30 487 3 0 0 
37 206 2 0 0 
41 478 16 0 0 
21 368 0 0 0 
8 465 25 0 0 
67 290 81 0 0 
26 361 22 0 0 
17 484 40 0 0 
25 384 24 0 0 
46 493 19 0 0 
94 311 46 0 0 
18 464 51 0 0 
8 472 52 0 0 
74 462 7 0 0 
60 500 3 0 0 
9 462 20 0 0 
40 492 23 0 0 
17 403 20 0 0 
57 452 29 0 0 
18 539 15 0 0 
14 390 16 0 0 
38 488 18 0 0 
36 432 16 0 0 
10 472 23 0 0 
117 404 13 0 0 
28 341 22 0 0 
46 419 17 0 0 
31 442 2 0 0 
46 341 31 0 0 
16 528 3 0 0 
27 386 8 0 0 
32 286 71 0 0 
12 368 24 0 0 
44 302 30 0 0 
31 375 30 0 0 
26 466 6 0 0 
15 642 0 0 0 
41 469 51 0 0 
49 446 9 0 0 
21 345 31 0 0 
29 400 24 0 0 
36 515 14 0 0 
1 409 39 0 0 
15 407 12 0 0 
51 378 6 0 0 
13 403 56 0 0 
22 501 6 0 0 
51 560 58 0 0 
81 440 18 0 0 
21 407 54 0 0 
41 469 14 0 0 
89 407 67 0 0 
42 386 10 0 0 
39 439 56 0 0 
47 374 13 0 0 
23 458 18 0 0 
27 505 21 0 0 
9 366 33 0 0 
20 420 32 0 0 
37 505 16 0 0 
1 392 50 0 0 
48 452 32 0 0 
17 581 38 0 0 
34 290 46 0 0 
23 369 95 0 0 
20 355 66 0 0 
21 556 22 0 0 
38 453 17 0 0 
40 458 28 0 0 
32 297 78 0 0 
108 396 100 0 0 
13 414 32 0 0 
66 342 36 0 0 
46 375 47 0 0 
43 490 24 0 0 
31 346 36 0 0 
24 468 14 0 0 
38 520 12 0 0 
45 484 21 0 0 
3 405 15 0 0 
92 467 13 0 0 
45 474 54 0 0 
11 408 17 0 0 
29 469 48 0 0 
59 464 12 0 0 
22 406 37 0 0 
64 512 28 0 0 
6 402 13 0 0 
36 495 19 0 0 
15 505 18 0 0 
45 486 30 0 0 
43 412 17 0 0 
42 403 33 0 0 
154 353 44 0 0 
20 451 13 0 0 
32 379 24 0 0 
54 399 1 0 0 
74 396 21 0 0 
71 502 25 0 0 
13 449 39 0 0 
10 395 61 0 0 
46 351 33 0 0 
90 361 2 0 0 
49 358 72 0 0 
49 365 22 0 0 
35 550 17 0 0 
34 368 14 0 0 
10 368 29 0 0 
45 471 10 0 0 
23 429 61 0 0 
39 447 36 0 0 
20 319 49 0 0 
27 396 32 0 0 
48 474 22 0 0 
9 499 57 0 0 
73 392 8 0 0 
30 313 43 0 0 
20 391 25 0 0 
18 400 67 0 0 
29 374 64 0 0 
71 342 29 0 0 
23 366 25 0 0 
61 435 26 0 0 
27 514 23 0 0 
50 406 28 0 0 
61 411 46 0 0 
56 448 16 0 0 
25 502 31 0 0 
54 325 79 0 0 
71 426 28 0 0 
52 541 36 0 0 
8 421 20 0 0 
39 375 43 0 0 
26 439 27 0 0 
43 368 18 1 0 
43 520 18 0 0 
48 377 55 0 0 
38 411 7 0 0 
24 493 40 0 0 
27 506 27 0 0 
10 323 55 0 0 
20 418 63 0 0 
7 442 25 0 0 
2 444 33 0 0 
51 386 78 0 0 
4 406 48 0 0 
26 449 11 0 0 
75 485 68 0 0 
35 519 13 0 0 
73 435 11 0 0 
81 356 39 0 0 
33 444 36 0 0 
67 341 26 0 0 
1 439 32 0 0 
77 471 16 0 0 
71 469 10 0 0 
49 456 58 0 0 
33 571 15 0 0 
11 459 30 0 0 
21 428 35 17 0 
2 431 52 0 0 
27 467 30 0 0 
44 418 13 0 0 
106 370 4 0 0 
36 353 40 0 0 
17 426 55 0 0 
16 465 25 0 0 
28 366 18 0 0 
78 398 37 0 0 
37 475 18 0 0 
12 429 63 0 0 
42 363 49 0 0 
43 449 9 0 0 
71 397 47 0 0 
32 486 51 0 0 
16 484 26 0 0 
14 456 8 0 0 
16 408 4 0 0 
63 360 56 0 0 
17 395 27 0 0 
25 483 22 0 0 
70 400 12 0 0 
19 472 2 0 0 
19 479 17 0 0 
31 392 15 0 0 
24 495 36 0 0 
18 359 54 0 0 
70 394 24 0 0 
75 398 4 0 0 
30 369 47 0 0 
29 446 35 0 0 
22 420 34 0 0 
54 358 104 0 0 
35 396 10 0 0 
40 401 41 0 0 
19 591 3 0 0 
23 552 1 0 0 
36 376 54 0 0 
12 463 19 0 0 
18 496 11 0 0 
22 387 16 0 0 
10 432 29 0 0 
62 380 14 0 0 
25 479 76 0 0 
38 396 38 0 0 
85 452 10 0 0 
104 445 38 0 0 
80 510 4 0 0 
76 299 32 5 0 
96 355 41 0 0 
8 435 26 0 0 
73 479 62 0 0 
33 547 7 0 0 
122 331 1 0 0 
28 441 22 0 0 
44 474 1 0 0 
23 391 23 0 0 
49 437 4 0 0 
48 466 11 0 0 
19 427 19 0 0 
13 444 2 0 0 
4 468 45 0 0 
39 427 54 0 0 
23 382 13 0 0 
17 478 32 0 0 
35 361 49 0 0 
37 455 3 0 0 
19 485 24 0 0 
100 342 10 0 0 
13 550 14 0 0 
17 471 12 0 0 
11 526 16 0 0 
64 439 40 0 0 
48 485 33 0 0 
53 338 119 0 0 
28 419 26 0 0 
22 422 32 0 0 
20 467 33 0 0 
53 389 59 0 0 
48 403 34 0 0 
59 387 19 0 0 
7 500 27 0 0 
16 385 81 0 0 
17 281 56 0 0 
2 467 65 1 0 
16 381 44 0 0 
51 392 25 0 0 
11 385 41 0 0 
33 380 28 0 0 
70 378 34 0 0 
36 369 32 0 0 
61 380 22 0 0 
30 301 5 0 0 
93 436 37 0 0 
32 626 51 0 0 
20 509 45 0 0 
16 468 37 0 0 
21 415 39 0 0 
33 431 26 0 0 
42 398 24 0 0 
38 387 44 0 0 
56 423 69 0 0 
33 404 14 0 0 
11 516 71 0 0 
40 471 18 0 0 
132 432 0 0 0 
41 356 88 0 0 
41 466 25 0 0 
27 503 1 0 0 
34 418 18 0 0 
38 474 30 0 0 
27 497 14 0 0 
28 477 28 0 0 
37 480 15 0 0 
51 428 7 0 0 
4 368 27 0 0 
34 365 79 0 0 
20 337 31 0 0 
33 446 11 0 0 
50 373 26 0 0 
22 505 26 0 0 
69 390 4 0 0 
83 520 20 0 0 
38 507 12 0 0 
23 432 46 0 0 
7 431 30 0 0 
26 479 30 0 0 
111 426 22 0 0 
38 468 15 0 0 
25 545 71 0 0 
19 427 41 0 0 
96 370 22 0 0 
4 380 50 0 0 
49 432 70 0 0 
51 396 15 0 0 
33 485 20 0 0 
55 367 56 0 0 
28 570 11 0 0 
37 437 58 0 0 
40 417 19 0 0 
20 507 30 0 0 
31 439 32 0 0 
67 426 6 0 0 
21 376 20 0 0 
34 435 19 0 0 
20 471 46 0 0 
43 459 18 0 0 
61 356 95 0 0 
25 488 5 0 0 
28 475 37 0 0 
13 494 5 0 0 
25 400 25 0 0 
21 440 66 0 0 
51 409 20 0 0 
15 342 75 0 0 
68 487 4 0 0 
17 486 2 0 0 
22 379 104 0 0 
19 489 24 0 0 
84 386 12 0 0 
5 434 37 0 0 
33 599 33 0 0 
24 481 27 0 0 
7 366 18 0 0 
31 417 47 0 0 
38 402 55 0 0 
19 463 83 0 0 
46 400 39 0 0 
21 374 29 0 0 
30 445 11 0 0 
121 309 46 0 0 
48 443 32 0 0 
25 478 27 0 0 
38 378 50 0 0 
17 368 36 0 0 
52 491 46 0 0 
42 454 17 0 0 
49 451 69 0 0 
56 430 30 0 0 
31 516 4 0 0 
22 395 56 0 0 
19 419 30 0 0 
126 342 42 0 0 
73 358 20 0 0 
48 356 37 0 0 
21 520 8 0 0 
11 430 49 0 0 
29 330 53 0 0 
24 433 33 0 0 
70 418 15 0 0 
65 347 30 0 0 
30 365 59 0 0 
35 447 12 0 0 
34 394 2 0 0 
33 471 33 0 0 
32 501 31 0 0 
5 522 8 0 0 
39 489 31 0 0 
59 451 49 0 0 
15 485 4 0 0 
70 454 27 0 0 
28 446 35 0 0 
32 479 45 0 0 
87 420 34 0 0 
25 497 28 0 0 
19 478 1 0 0 
42 490 28 0 0 
15 524 4 0 0 
20 479 22 0 0 
54 466 39 0 0 
34 339 45 0 0 
50 304 33 0 0 
43 444 60 0 0 
26 509 19 0 0 
29 394 39 0 0 
52 459 19 0 0 
33 376 33 0 0 
12 351 13 0 0 
23 411 7 0 0 
38 512 3 0 0 
19 371 61 0 0 
28 290 75 0 0 
17 507 12 0 0 
56 491 34 0 0 
6 539 41 0 0 
14 507 27 0 0 
78 393 27 0 0 
42 409 68 0 0 
32 368 29 0 0 
31 523 47 0 0 
1 574 88 0 0 
22 353 36 0 0 
47 368 41 0 0 
0 509 8 0 0 
35 448 8 0 0 
56 321 42 0 0 
56 387 8 0 0 
12 447 37 0 0 
26 368 44 0 0 
100 287 54 0 0 
6 436 78 0 0 
58 471 1 0 0 
26 442 14 0 0 
54 604 13 0 0 
11 490 42 0 0 
15 446 26 0 0 
52 313 3 0 0 
8 505 4 0 0 
59 364 75 0 0 
18 512 24 0 0 
45 378 16 0 0 
31 432 43 0 0 
28 422 13 0 0 
44 506 1 0 0 
14 553 15 0 0 
20 492 22 0 0 
10 573 22 0 0 
41 447 17 0 0 
155 382 14 0 0 
11 443 36 0 0 
74 351 82 0 0 
64 370 84 0 0 
2 467 43 0 0 
11 469 32 0 0 
60 384 48 0 0 
12 409 13 0 0 
4 402 27 0 0 
34 457 33 0 0 
2 476 16 0 0 
18 396 58 0 0 
27 383 20 0 0 
18 419 18 0 0 
54 451 43 0 0 
60 430 22 0 0 
23 372 53 0 0 
36 427 24 0 0 
56 462 55 0 0 
92 374 9 0 0 
35 474 10 0 0 
86 383 14 0 0 
1 444 75 0 0 
30 351 34 0 0 
18 485 5 0 0 
26 466 8 0 0 
20 493 12 0 0 
60 542 14 0 0 
16 532 6 0 0 
41 489 15 0 0 
16 479 2 0 0 
10 417 13 0 0 
36 433 7 0 0 
3 497 13 0 0 
55 521 14 0 0 
51 372 18 0 0 
32 497 6 0 0 
58 531 15 0 0 
28 430 28 0 0 
44 401 6 0 0 
122 422 26 0 0 
32 461 14 0 0 
31 422 44 0 0 
89 434 28 0 0 
6 451 25 0 0 
20 462 41 0 0 
3 424 41 0 0 
45 521 7 0 0 
68 379 55 0 0 
43 473 11 0 0 
61 510 46 0 0 
32 457 14 0 0 
66 496 51 0 0 
16 333 76 0 0 
20 508 14 0 0 
34 528 17 0 0 
53 388 9 0 0 
40 287 55 0 0 
45 502 16 0 0 
65 515 44 0 0 
72 461 57 0 0 
6 327 43 0 0 
35 445 39 0 0 
63 439 83 0 0 
18 418 28 0 0 
3 493 42 0 0 
49 488 12 0 0 
42 492 49 0 0 
22 416 33 0 0 
23 433 37 0 0 
11 377 37 0 0 
4 391 15 0 0 
61 421 17 0 0 
57 403 8 0 0 
35 554 23 0 0 
71 461 12 0 0 
20 409 37 0 0 
24 484 51 0 0 
31 433 14 0 0 
36 438 9 0 0 
73 372 7 0 0 
75 421 23 0 0 
6 365 17 0 0 
39 445 31 0 0 
38 548 5 0 0 
9 369 15 2 0 
36 406 38 0 0 
36 506 33 0 0 
18 338 23 0 0 
60 393 49 0 0 
13 513 79 0 0 
42 454 45 0 0 
24 502 22 0 0 
22 466 6 0 0 
21 393 56 0 0 
34 491 28 0 0 
21 371 31 0 0 
31 522 79 0 0 
5 383 7 0 0 
76 346 23 0 0 
0 424 108 0 0 
43 514 5 0 0 
1 461 54 0 0 
23 486 34 0 0 
46 470 39 0 0 
70 430 27 0 0 
32 374 64 0 0 
77 431 25 0 0 
42 338 15 0 0 
48 454 32 0 0 
13 468 19 0 0 
35 488 30 0 0 
82 513 19 0 0 
56 373 23 0 0 
16 496 11 0 0 
9 506 0 0 0 
17 402 7 1 0 
44 272 15 0 0 
57 418 54 0 0 
8 494 32 0 0 
26 359 63 0 0 
1 461 24 0 0 
5 434 45 0 0 
42 392 72 0 0 
31 402 33 0 0 
16 522 35 0 0 
15 390 7 0 0 
18 516 15 0 0 
30 395 28 0 0 
34 511 62 0 0 
25 493 12 0 0 
64 514 16 0 0 
86 388 49 0 0 
13 433 43 0 0 
17 485 2 0 0 
42 436 4 0 0 
27 543 7 0 0 
82 433 42 0 0 
55 413 72 0 0 
65 410 29 0 0 
40 491 19 0 0 
31 450 36 0 0 
24 454 9 0 0 
12 423 3 0 0 
23 404 39 0 0 
29 399 61 0 0 
41 443 14 0 0 
17 432 23 1 0 
15 388 30 0 0 
42 442 28 0 0 
31 503 39 0 0 
48 435 20 0 0 
34 480 35 0 0 
24 517 21 0 0 
66 425 8 0 0 
2 506 13 0 0 
33 405 41 0 0 
30 514 14 0 0 
56 393 35 0 0 
23 445 39 0 0 
24 408 24 0 0 
68 429 65 0 0 
42 342 118 0 0 
13 577 7 0 0 
8 350 40 0 0 
52 436 99 0 0 
103 380 44 0 0 
29 455 26 0 0 
57 487 6 0 0 
19 369 80 0 0 
31 451 3 0 0 
52 464 45 0 0 
24 404 49 0 0 
37 431 12 0 0 
30 409 43 0 0 
35 455 20 0 0 
47 442 13 0 0 
57 372 57 0 0 
12 394 47 0 0 
58 361 37 0 0 
66 385 50 0 0 
17 415 44 0 0 
24 428 22 0 0 
51 406 44 0 0 
22 426 21 0 0 
60 494 25 0 0 
74 389 18 0 0 
63 374 29 0 0 
12 557 29 0 0 
10 374 35 0 0 
56 408 16 0 0 
27 503 1 0 0 
32 467 7 0 0 
14 367 24 0 0 
3 342 51 0 0 
27 583 18 0 0 
57 374 42 0 0 
9 481 14 0 0 
29 482 40 0 0 
5 467 51 0 0 
9 488 126 0 0 
46 422 23 0 0 
49 460 20 0 0 
19 482 46 0 0 
16 448 13 0 0 
37 440 75 0 0 
7 467 25 0 0 
49 367 30 0 0 
5 496 8 0 0 
47 414 45 0 0 
29 406 20 0 0 
46 409 5 0 0 
48 535 23 0 0 
12 507 43 0 0 
37 444 2 0 0 
102 348 52 0 0 
42 527 11 0 0 
16 434 25 0 0 
4 359 8 0 0 
20 359 21 0 0 
23 409 23 0 0 
17 400 43 0 0 
75 441 9 0 0 
7 562 24 0 0 
15 442 33 0 0 
16 484 38 0 0 
9 433 53 0 0 
59 523 12 0 0 
36 423 13 0 0 
24 438 47 0 0 
13 469 13 0 0 
61 424 30 0 0 
11 379 0 0 0 
25 478 19 0 0 
30 378 23 0 0 
45 393 3 0 0 
44 405 22 0 0 
36 508 34 0 0 
85 333 14 0 0 
22 485 60 0 0 
117 391 6 0 0 
84 390 25 0 0 
11 624 24 0 0 
11 422 14 0 0 
18 419 5 0 0 
25 310 35 0 0 
83 372 58 0 0 
47 449 7 0 0 
68 357 73 0 0 
46 419 27 0 0 
39 445 41 0 0 
48 526 47 0 0 
55 507 23 0 0 
25 428 68 0 0 
20 452 30 0 0 
14 388 29 0 0 
33 360 72 0 0 
24 454 33 0 0 
24 459 6 0 0 
14 429 6 0 0 
18 525 44 0 0 
106 458 33 0 0 
23 364 81 0 0 
0 550 14 0 0 
35 453 37 0 0 
77 437 6 0 0 
85 496 44 0 0 
42 475 50 0 0 
19 429 42 0 0 
24 381 74 0 0 
17 405 1 0 0 
28 430 54 0 0 
92 298 46 0 0 
25 414 46 0 0 
48 390 18 0 0 
52 339 28 0 0 
15 419 2 0 0 
8 450 14 0 0 
41 490 9 0 0 
29 468 2 0 0 
7 621 26 0 0 
11 482 12 0 0 
51 426 18 0 0 
64 444 44 0 0 
53 451 27 0 0 
22 435 37 0 0 
41 425 16 0 0 
