380 314 306 
378 287 335 
388 321 291 
375 317 308 
408 290 302 
400 311 289 
385 288 327 
361 344 295 
364 300 336 
363 301 336 
369 312 319 
400 320 280 
363 324 313 
364 319 317 
417 309 274 
428 317 255 
405 317 278 
383 308 309 
393 298 309 
395 320 285 
375 340 285 
366 333 301 
391 314 295 
370 326 304 
377 312 311 
382 300 318 
429 285 286 
393 305 302 
357 321 322 
345 350 305 
400 317 283 
389 311 300 
359 320 321 
391 317 292 
332 324 344 
370 330 300 
336 294 370 
372 318 310 
359 312 329 
411 280 309 
378 327 295 
385 304 311 
357 312 331 
389 317 294 
393 337 270 
370 300 330 
389 302 309 
356 343 301 
367 321 312 
362 334 304 
364 365 271 
384 269 347 
429 290 281 
423 314 263 
373 317 310 
374 316 310 
349 299 352 
386 304 310 
412 296 292 
355 312 333 
388 302 310 
387 321 292 
382 336 282 
369 329 302 
386 293 321 
379 311 310 
375 314 311 
387 322 291 
351 347 302 
420 323 257 
371 293 336 
382 272 346 
372 342 286 
351 343 306 
403 315 282 
383 322 295 
380 285 335 
418 285 297 
353 295 352 
407 287 306 
399 351 250 
363 311 326 
358 308 334 
387 301 312 
371 330 299 
360 341 299 
352 305 343 
373 328 299 
395 308 297 
389 312 299 
359 340 301 
423 303 274 
353 294 353 
376 304 320 
396 297 307 
375 321 304 
362 306 332 
380 300 320 
408 303 289 
394 294 312 
372 302 326 
375 341 284 
380 315 305 
410 265 325 
372 337 291 
389 305 306 
402 301 297 
363 331 306 
370 304 326 
387 327 286 
423 308 269 
379 327 294 
392 305 303 
353 296 351 
408 295 297 
353 297 350 
338 341 321 
363 332 305 
373 309 318 
356 326 318 
380 322 298 
411 311 278 
385 339 276 
364 331 305 
397 337 266 
410 309 281 
382 331 287 
391 314 295 
375 299 326 
359 323 318 
394 325 281 
410 300 290 
359 300 341 
377 299 324 
378 320 302 
367 324 309 
365 287 348 
393 297 310 
369 354 277 
353 325 322 
414 269 317 
352 309 339 
373 324 303 
363 335 302 
375 315 310 
385 315 300 
376 301 323 
396 332 272 
348 326 326 
368 317 315 
384 288 328 
426 303 271 
391 307 302 
389 283 328 
400 317 283 
362 339 299 
374 305 321 
377 311 312 
351 318 331 
377 342 281 
334 302 364 
400 323 277 
382 333 285 
345 292 363 
402 306 292 
375 309 316 
392 348 260 
358 306 336 
341 329 330 
425 298 277 
374 305 321 
395 316 289 
358 342 300 
423 309 268 
356 332 312 
419 253 328 
375 350 275 
393 315 292 
382 310 308 
381 303 316 
393 314 293 
393 315 292 
371 315 314 
393 321 286 
373 325 302 
369 304 327 
384 325 291 
373 310 317 
374 295 331 
376 333 291 
360 308 332 
377 304 319 
367 322 311 
362 321 317 
391 312 297 
371 299 330 
304 323 373 
378 334 288 
361 328 311 
389 301 310 
371 354 275 
393 285 322 
336 310 354 
387 334 279 
331 351 318 
406 294 300 
395 303 302 
390 291 319 
387 324 289 
341 326 333 
403 281 316 
408 316 276 
411 304 285 
360 328 312 
374 341 285 
368 320 312 
404 317 279 
402 315 283 
385 298 317 
377 341 282 
390 289 321 
349 299 352 
356 332 312 
403 314 283 
365 301 334 
385 304 311 
357 297 346 
361 337 302 
417 284 299 
379 326 295 
348 341 311 
357 326 317 
375 323 302 
392 295 313 
366 298 336 
386 338 276 
359 316 325 
368 297 335 
394 312 294 
406 306 288 
368 332 300 
377 309 314 
341 355 304 
374 346 280 
411 329 260 
395 295 310 
408 310 282 
410 311 279 
346 306 348 
409 288 303 
368 299 333 
386 316 298 
348 313 339 
382 333 285 
375 317 308 
391 307 302 
384 280 336 
374 305 321 
339 321 340 
380 314 306 
364 299 337 
339 341 320 
332 338 330 
385 331 284 
389 334 277 
389 300 311 
409 316 275 
358 309 333 
391 293 316 
363 349 288 
363 335 302 
404 301 295 
405 295 300 
404 288 308 
336 358 306 
394 345 261 
414 305 281 
394 292 314 
337 318 345 
379 293 328 
370 316 314 
336 346 318 
388 320 292 
496 296 208 
425 321 254 
375 316 309 
381 329 290 
361 303 336 
347 366 287 
379 317 304 
352 325 323 
396 287 317 
385 303 312 
395 305 300 
358 338 304 
398 327 275 
387 325 288 
365 299 336 
399 275 326 
386 326 288 
355 345 300 
388 270 342 
371 330 299 
402 313 285 
387 343 270 
386 287 327 
341 339 320 
329 346 325 
401 327 272 
433 309 258 
380 338 282 
396 310 294 
377 297 326 
418 315 267 
350 333 317 
372 339 289 
350 342 308 
372 308 320 
364 316 320 
360 327 313 
384 310 306 
360 305 335 
309 332 359 
413 291 296 
332 339 329 
345 322 333 
384 297 319 
355 310 335 
395 301 304 
376 287 337 
393 325 282 
391 299 310 
426 297 277 
421 301 278 
386 330 284 
389 346 265 
397 311 292 
334 317 349 
393 294 313 
353 309 338 
376 332 292 
395 311 294 
373 311 316 
378 298 324 
375 324 301 
354 345 301 
379 323 298 
396 333 271 
411 306 283 
339 318 343 
406 291 303 
375 317 308 
402 316 282 
386 356 258 
427 325 248 
385 326 289 
410 285 305 
389 353 258 
421 317 262 
380 311 309 
412 298 290 
384 325 291 
435 283 282 
352 297 351 
384 314 302 
394 295 311 
400 311 289 
404 310 286 
358 307 335 
383 339 278 
306 331 363 
388 312 300 
371 322 307 
408 308 284 
409 303 288 
361 320 319 
382 303 315 
365 332 303 
344 342 314 
420 289 291 
342 339 319 
377 291 332 
361 323 316 
375 315 310 
398 333 269 
353 332 315 
398 285 317 
401 311 288 
343 323 334 
390 321 289 
336 325 339 
371 312 317 
359 338 303 
372 351 277 
403 310 287 
372 304 324 
381 340 279 
351 321 328 
344 305 351 
361 344 295 
376 313 311 
376 290 334 
376 309 315 
377 312 311 
361 344 295 
367 333 300 
381 282 337 
389 306 305 
345 336 319 
391 297 312 
416 302 282 
376 327 297 
364 346 290 
386 304 310 
388 325 287 
354 349 297 
375 317 308 
360 318 322 
427 284 289 
407 310 283 
352 342 306 
324 323 353 
363 339 298 
386 297 317 
363 338 299 
411 280 309 
405 294 301 
369 302 329 
382 309 309 
402 295 303 
405 311 284 
374 317 309 
371 325 304 
386 308 306 
357 309 334 
380 306 314 
411 311 278 
451 291 258 
360 335 305 
367 282 351 
388 321 291 
385 295 320 
389 258 353 
397 294 309 
404 309 287 
364 320 316 
399 294 307 
396 317 287 
387 317 296 
364 308 328 
382 341 277 
371 352 277 
371 287 342 
364 297 339 
361 279 360 
345 330 325 
323 338 339 
352 310 338 
386 302 312 
372 304 324 
373 323 304 
349 325 326 
399 301 300 
380 303 317 
336 328 336 
397 293 310 
364 292 344 
382 280 338 
407 289 304 
342 326 332 
381 324 295 
398 323 279 
379 310 311 
370 343 287 
403 303 294 
345 303 352 
382 330 288 
394 326 280 
351 273 376 
389 322 289 
350 330 320 
385 299 316 
389 334 277 
380 325 295 
429 284 287 
398 319 283 
373 306 321 
404 307 289 
434 275 291 
366 302 332 
357 343 300 
361 322 317 
339 302 359 
391 332 277 
347 328 325 
398 315 287 
358 334 308 
338 316 346 
396 304 300 
357 313 330 
377 311 312 
375 326 299 
389 343 268 
354 324 322 
398 325 277 
432 271 297 
394 290 316 
408 292 300 
401 326 273 
385 325 290 
386 296 318 
414 281 305 
372 329 299 
358 326 316 
333 304 363 
358 352 290 
392 317 291 
381 314 305 
408 281 311 
370 299 331 
335 337 328 
422 292 286 
405 309 286 
369 319 312 
352 325 323 
380 328 292 
322 295 383 
376 321 303 
411 293 296 
368 347 285 
381 355 264 
369 328 303 
387 326 287 
414 314 272 
376 313 311 
390 301 309 
356 312 332 
394 321 285 
374 313 313 
407 296 297 
400 331 269 
400 323 277 
368 330 302 
398 302 300 
393 325 282 
382 297 321 
358 311 331 
421 314 265 
379 276 345 
381 305 314 
377 342 281 
397 270 333 
408 320 272 
385 320 295 
396 298 306 
390 311 299 
366 335 299 
388 306 306 
396 280 324 
412 290 298 
381 326 293 
401 306 293 
367 326 307 
340 309 351 
363 322 315 
365 304 331 
373 313 314 
402 311 287 
381 263 356 
407 311 282 
376 310 314 
379 295 326 
399 319 282 
398 296 306 
358 305 337 
378 298 324 
383 326 291 
351 326 323 
377 328 295 
382 309 309 
333 310 357 
409 299 292 
381 333 286 
417 320 263 
383 299 318 
377 334 289 
396 317 287 
398 337 265 
361 314 325 
376 310 314 
382 312 306 
379 319 302 
387 335 278 
373 321 306 
376 343 281 
435 286 279 
383 320 297 
354 341 305 
338 346 316 
373 300 327 
436 303 261 
370 319 311 
337 346 317 
384 332 284 
402 309 289 
376 286 338 
407 303 290 
350 295 355 
368 300 332 
315 332 353 
379 336 285 
408 326 266 
367 320 313 
404 307 289 
351 320 329 
367 337 296 
450 306 244 
403 292 305 
375 310 315 
362 315 323 
388 319 293 
358 313 329 
350 304 346 
351 337 312 
351 340 309 
367 303 330 
378 271 351 
341 328 331 
396 309 295 
380 312 308 
345 310 345 
421 302 277 
388 305 307 
406 309 285 
368 322 310 
370 308 322 
401 329 270 
403 304 293 
375 337 288 
405 308 287 
448 277 275 
382 319 299 
379 303 318 
412 274 314 
396 315 289 
377 312 311 
376 309 315 
393 300 307 
340 338 322 
404 284 312 
383 289 328 
410 305 285 
367 340 293 
368 322 310 
370 299 331 
339 326 335 
399 329 272 
354 320 326 
358 339 303 
410 280 310 
396 306 298 
387 305 308 
403 298 299 
397 326 277 
335 301 364 
350 310 340 
359 293 348 
366 332 302 
402 321 277 
366 346 288 
399 355 246 
380 317 303 
401 309 290 
401 304 295 
364 322 314 
394 316 290 
365 329 306 
395 291 314 
400 299 301 
361 323 316 
389 283 328 
375 297 328 
373 344 283 
369 289 342 
364 327 309 
348 321 331 
368 305 327 
332 324 344 
387 325 288 
371 322 307 
359 290 351 
370 277 353 
382 309 309 
410 316 274 
357 287 356 
360 332 308 
364 345 291 
341 335 324 
369 317 314 
341 310 349 
397 287 316 
435 294 271 
400 294 306 
324 362 314 
388 313 299 
376 283 341 
407 312 281 
332 330 338 
420 300 280 
376 329 295 
406 314 280 
399 313 288 
348 296 356 
366 321 313 
322 278 400 
397 282 321 
356 316 328 
392 298 310 
404 319 277 
346 320 334 
354 362 284 
363 318 319 
351 332 317 
397 342 261 
390 288 322 
345 363 292 
370 298 332 
395 307 298 
388 316 296 
384 349 267 
358 318 324 
394 322 284 
377 328 295 
386 311 303 
387 313 300 
379 317 304 
366 321 313 
403 309 288 
323 343 334 
358 336 306 
364 334 302 
364 328 308 
341 349 310 
357 304 339 
390 330 280 
392 336 272 
384 324 292 
431 292 277 
394 321 285 
369 318 313 
374 311 315 
343 328 329 
371 319 310 
355 288 357 
374 328 298 
370 347 283 
383 321 296 
404 334 262 
356 315 329 
399 306 295 
372 276 352 
353 351 296 
372 312 316 
429 290 281 
352 330 318 
380 308 312 
326 342 332 
389 319 292 
403 321 276 
323 320 357 
353 343 304 
393 306 301 
390 319 291 
378 293 329 
365 302 333 
368 303 329 
400 287 313 
363 300 337 
361 325 314 
370 285 345 
365 315 320 
359 326 315 
374 297 329 
383 297 320 
390 312 298 
361 301 338 
389 300 311 
347 360 293 
361 306 333 
413 296 291 
393 302 305 
362 297 341 
366 315 319 
353 309 338 
382 344 274 
387 312 301 
371 329 300 
389 295 316 
391 290 319 
378 311 311 
331 292 377 
375 329 296 
356 323 321 
396 280 324 
397 324 279 
374 321 305 
362 293 345 
409 296 295 
374 317 309 
366 337 297 
400 284 316 
350 351 299 
384 328 288 
348 309 343 
369 318 313 
405 310 285 
381 339 280 
386 323 291 
384 304 312 
387 300 313 
371 337 292 
352 334 314 
388 316 296 
382 300 318 
392 302 306 
425 296 279 
429 283 288 
391 302 307 
339 330 331 
362 317 321 
345 340 315 
355 322 323 
381 301 318 
376 319 305 
412 317 271 
361 314 325 
392 292 316 
362 316 322 
386 303 311 
373 327 300 
369 339 292 
343 306 351 
388 296 316 
361 336 303 
359 341 300 
392 328 280 
385 323 292 
393 309 298 
382 320 298 
365 355 280 
399 309 292 
357 328 315 
399 306 295 
437 309 254 
371 338 291 
366 273 361 
383 321 296 
384 296 320 
409 281 310 
381 328 291 
386 307 307 
347 308 345 
357 343 300 
390 302 308 
379 305 316 
375 318 307 
388 321 291 
375 321 304 
398 308 294 
366 330 304 
389 311 300 
360 309 331 
414 323 263 
352 311 337 
376 316 308 
376 290 334 
380 304 316 
444 300 256 
373 293 334 
380 295 325 
357 308 335 
357 316 327 
357 307 336 
386 330 284 
361 339 300 
365 304 331 
419 287 294 
373 345 282 
375 271 354 
353 338 309 
373 337 290 
335 328 337 
383 328 289 
416 327 257 
368 313 319 
376 346 278 
360 323 317 
389 309 302 
373 336 291 
361 312 327 
402 331 267 
375 299 326 
361 312 327 
342 325 333 
356 334 310 
393 277 330 
364 331 305 
354 333 313 
388 308 304 
415 276 309 
385 257 358 
340 320 340 
346 329 325 
333 325 342 
405 280 315 
353 322 325 
394 320 286 
363 315 322 
395 294 311 
381 300 319 
410 292 298 
403 316 281 
363 322 315 
370 300 330 
322 335 343 
372 310 318 
394 299 307 
382 311 307 
355 334 311 
411 294 295 
345 336 319 
367 332 301 
348 314 338 
430 275 295 
379 327 294 
433 289 278 
372 310 318 
398 279 323 
417 291 292 
393 305 302 
371 309 320 
341 360 299 
436 342 222 
386 297 317 
346 303 351 
392 314 294 
361 322 317 
335 330 335 
372 330 298 
407 292 301 
430 278 292 
385 317 298 
367 295 338 
377 345 278 
397 339 264 
395 314 291 
374 295 331 
435 304 261 
383 328 289 
352 329 319 
394 298 308 
343 309 348 
436 303 261 
379 332 289 
400 296 304 
347 341 312 
372 328 300 
391 311 298 
358 351 291 
391 307 302 
380 351 269 
392 291 317 
362 324 314 
374 298 328 
384 309 307 
367 301 332 
394 334 272 
366 319 315 
377 310 313 
360 299 341 
370 288 342 
309 306 385 
376 309 315 
380 311 309 
367 295 338 
354 335 311 
409 318 273 
343 292 365 
365 298 337 
353 313 334 
399 341 260 
410 306 284 
387 321 292 
367 337 296 
320 325 355 
375 317 308 
364 316 320 
348 327 325 
398 318 284 
358 305 337 
