0 96 147 
0 109 36 
0 121 118 
0 141 52 
0 122 14 
0 81 27 
0 125 26 
0 121 30 
0 98 53 
0 98 7 
0 149 37 
0 125 7 
0 209 57 
0 130 42 
0 120 31 
0 170 46 
0 99 34 
0 90 18 
0 95 75 
0 138 67 
0 152 29 
0 90 28 
0 133 18 
0 156 17 
0 102 99 
0 80 167 
0 116 40 
0 160 28 
0 122 59 
0 93 32 
0 100 82 
0 88 31 
0 93 42 
0 82 24 
0 125 22 
0 111 23 
0 93 26 
0 145 15 
0 127 19 
0 94 23 
0 151 8 
0 143 20 
0 97 31 
0 86 62 
0 123 54 
0 176 58 
0 83 45 
0 103 22 
0 86 61 
0 122 54 
0 153 21 
0 104 75 
0 90 0 
0 126 46 
0 84 28 
0 72 88 
0 189 45 
0 112 51 
0 147 41 
0 106 21 
0 122 77 
0 167 10 
0 122 8 
0 127 52 
0 125 43 
0 83 25 
0 117 23 
0 61 24 
0 94 19 
0 110 48 
0 57 38 
0 139 27 
0 116 11 
0 105 63 
0 91 13 
0 84 28 
0 144 25 
0 135 163 
0 110 46 
0 129 61 
0 84 19 
0 159 22 
0 142 30 
0 71 38 
0 89 43 
0 132 13 
0 104 45 
0 136 26 
0 127 41 
0 134 5 
0 109 50 
0 106 62 
0 115 32 
0 54 45 
0 66 58 
0 108 29 
0 174 46 
0 136 18 
0 126 49 
0 59 66 
0 88 16 
0 102 55 
0 130 24 
0 142 58 
0 90 9 
0 187 53 
0 119 31 
0 145 58 
0 134 45 
0 125 24 
0 184 28 
0 113 27 
0 186 47 
0 102 67 
0 123 26 
0 140 13 
0 152 41 
0 153 33 
0 119 30 
0 106 50 
0 142 51 
0 73 62 
0 109 46 
0 103 34 
0 127 10 
0 86 60 
0 124 91 
0 80 45 
0 119 38 
0 146 35 
0 115 70 
0 85 30 
0 115 30 
0 91 54 
0 75 9 
0 151 62 
0 133 84 
0 113 17 
0 119 56 
0 78 29 
0 197 41 
0 81 23 
0 170 50 
0 116 22 
0 100 35 
0 111 63 
0 128 41 
0 109 20 
0 114 35 
0 117 56 
0 89 26 
0 92 164 
0 75 35 
0 98 91 
0 69 70 
0 183 37 
0 107 60 
0 105 35 
0 100 6 
0 159 32 
0 70 22 
0 111 75 
0 99 15 
0 106 50 
0 63 12 
0 80 63 
0 103 28 
0 112 31 
0 114 37 
0 109 28 
0 119 27 
0 114 59 
0 141 15 
0 107 24 
0 60 53 
0 110 26 
0 100 66 
0 122 66 
0 110 27 
0 90 41 
0 151 58 
0 113 24 
0 94 17 
0 116 19 
0 107 24 
0 123 43 
0 141 0 
0 115 7 
0 126 12 
0 145 45 
0 120 9 
0 113 28 
0 123 15 
0 155 47 
0 145 44 
0 102 9 
0 80 84 
0 72 18 
0 100 20 
0 94 25 
0 72 79 
0 127 54 
0 69 27 
0 109 24 
0 111 14 
0 79 56 
0 116 63 
0 127 36 
0 177 26 
0 102 10 
0 86 43 
0 110 41 
0 96 43 
0 116 45 
0 116 14 
0 120 43 
0 127 50 
0 136 20 
0 114 65 
0 85 56 
0 96 38 
0 112 36 
0 114 18 
0 113 37 
0 83 37 
0 114 35 
0 166 10 
0 125 78 
0 89 56 
0 112 39 
0 134 75 
0 108 82 
0 141 23 
0 136 94 
0 149 84 
0 49 26 
0 60 42 
0 111 29 
0 153 32 
0 103 88 
0 104 29 
0 100 38 
0 108 63 
0 98 14 
0 150 55 
0 120 55 
0 98 16 
0 60 22 
0 153 20 
0 153 39 
0 129 32 
0 100 63 
0 141 43 
0 119 15 
0 127 44 
0 186 31 
0 133 24 
0 112 38 
0 96 28 
0 142 31 
0 77 31 
0 100 12 
0 120 10 
0 104 24 
0 121 57 
0 121 61 
0 105 66 
0 106 40 
0 144 71 
0 96 63 
0 118 48 
0 138 27 
0 117 16 
0 69 34 
0 108 75 
0 174 77 
0 107 10 
0 161 100 
0 139 67 
0 127 87 
0 129 30 
0 130 15 
0 64 94 
0 169 8 
0 122 10 
0 166 52 
0 131 15 
0 75 28 
0 118 30 
0 112 53 
0 113 43 
0 154 9 
0 108 106 
0 79 49 
0 99 41 
0 73 18 
0 113 101 
0 95 23 
0 115 45 
0 98 23 
0 79 25 
0 158 41 
0 87 29 
0 118 35 
0 103 46 
0 89 37 
0 67 24 
0 86 80 
0 154 47 
0 146 41 
0 142 45 
0 119 33 
0 94 81 
0 111 70 
0 104 10 
0 138 19 
0 137 70 
0 97 36 
0 77 91 
0 121 73 
0 178 53 
0 96 0 
0 130 14 
0 132 19 
0 167 23 
0 133 20 
0 76 49 
0 110 33 
0 143 17 
0 161 41 
0 87 127 
0 110 11 
0 107 53 
0 79 42 
0 157 17 
0 138 71 
0 93 60 
0 88 20 
0 76 37 
0 116 1 
0 150 54 
0 134 23 
0 111 51 
0 177 37 
0 105 37 
0 127 40 
0 149 29 
0 128 27 
0 113 103 
0 140 13 
0 131 30 
0 175 42 
0 79 37 
0 102 27 
0 159 46 
0 103 40 
0 122 57 
0 110 32 
0 166 8 
0 127 52 
0 103 35 
0 144 49 
0 95 37 
0 153 16 
0 102 21 
0 65 75 
0 110 54 
0 110 58 
0 142 39 
0 168 84 
0 111 80 
0 124 57 
0 127 14 
0 114 131 
0 136 47 
0 182 29 
0 104 40 
0 87 103 
0 90 45 
0 107 38 
0 90 50 
0 70 40 
0 143 29 
0 132 37 
0 124 101 
0 172 2 
0 102 43 
0 53 25 
0 98 109 
0 136 80 
0 122 16 
0 81 43 
0 95 20 
0 166 18 
0 154 24 
0 125 13 
0 137 54 
0 116 15 
0 93 49 
0 52 46 
0 137 32 
0 158 66 
0 119 33 
0 68 48 
0 114 41 
0 117 22 
0 97 31 
0 120 23 
0 139 113 
0 134 22 
0 136 53 
0 146 16 
0 135 49 
0 86 55 
0 75 9 
0 115 65 
0 85 65 
0 58 40 
0 89 48 
0 116 46 
0 179 19 
0 156 61 
0 109 24 
0 84 18 
0 141 22 
0 105 36 
0 136 9 
0 58 27 
0 121 91 
0 87 51 
0 78 67 
0 71 42 
0 160 36 
0 137 43 
0 108 67 
0 84 19 
0 68 64 
0 98 37 
0 100 49 
0 137 50 
0 98 36 
0 123 20 
0 135 14 
0 205 51 
0 94 29 
0 122 26 
0 101 33 
0 87 44 
0 110 11 
0 102 18 
0 109 40 
0 93 54 
0 147 44 
0 101 8 
0 160 39 
0 120 68 
0 129 34 
0 80 11 
0 174 39 
0 101 22 
0 87 21 
0 96 9 
0 85 59 
0 122 55 
0 113 19 
0 93 39 
0 108 38 
0 110 66 
0 137 60 
0 113 27 
0 58 37 
0 101 59 
0 126 13 
0 152 28 
0 164 52 
0 120 31 
0 91 61 
0 129 26 
0 97 13 
0 123 62 
0 114 22 
0 113 38 
0 130 84 
0 128 31 
0 146 71 
0 89 47 
0 148 23 
0 99 27 
0 138 45 
0 155 41 
0 188 32 
0 165 22 
0 148 20 
0 74 25 
0 87 11 
0 125 37 
0 90 22 
0 152 49 
0 93 35 
0 54 113 
0 129 21 
0 156 8 
0 137 12 
0 95 46 
0 136 38 
0 148 67 
0 47 32 
0 134 25 
0 89 61 
0 110 106 
0 93 58 
0 117 58 
0 118 72 
0 120 42 
0 105 17 
0 106 59 
0 131 39 
0 121 19 
0 114 28 
0 109 58 
0 137 36 
0 124 52 
0 96 12 
0 147 33 
0 110 34 
0 74 16 
0 162 33 
0 153 67 
0 133 38 
0 62 75 
0 133 10 
0 88 162 
0 157 19 
0 104 94 
0 142 31 
0 90 37 
0 69 15 
0 131 52 
0 118 67 
0 97 16 
0 123 19 
0 179 40 
0 137 13 
0 112 54 
0 108 24 
0 88 29 
0 84 41 
0 103 44 
0 116 16 
0 70 9 
0 146 19 
0 81 40 
0 145 21 
0 52 16 
0 75 14 
0 104 55 
0 58 33 
0 179 15 
0 118 28 
0 101 28 
0 141 36 
0 114 90 
0 127 49 
0 91 62 
0 146 43 
0 101 16 
0 102 54 
0 74 17 
0 98 47 
0 166 13 
0 148 60 
0 85 88 
0 107 37 
0 76 21 
0 155 16 
0 149 23 
0 121 38 
0 68 16 
0 105 60 
0 85 3 
0 136 51 
0 133 39 
0 139 5 
0 169 26 
0 90 37 
0 149 22 
0 136 32 
0 65 22 
0 151 33 
0 142 20 
0 131 88 
0 149 67 
0 134 77 
0 123 32 
0 100 25 
0 102 34 
0 98 55 
0 82 16 
0 120 88 
0 74 36 
0 127 38 
0 174 36 
0 104 54 
0 140 20 
0 135 36 
0 162 37 
0 152 14 
0 104 22 
0 117 73 
0 122 15 
0 144 43 
0 147 23 
0 92 64 
0 120 14 
0 76 78 
0 105 46 
0 102 49 
0 140 10 
0 132 82 
0 95 16 
0 61 76 
0 99 93 
0 99 64 
0 102 53 
0 124 29 
0 98 18 
0 74 41 
0 170 36 
0 147 35 
0 106 58 
0 93 46 
0 148 39 
0 107 59 
0 130 47 
0 93 9 
0 90 21 
0 101 29 
0 98 17 
0 79 97 
0 74 14 
0 131 29 
0 120 36 
0 125 28 
0 88 89 
0 142 24 
0 159 11 
0 127 51 
0 107 2 
0 93 56 
0 134 11 
0 73 15 
0 178 20 
0 103 53 
0 128 44 
0 148 39 
0 131 27 
0 123 42 
0 142 67 
0 114 15 
0 128 7 
0 133 18 
0 101 29 
0 96 101 
0 110 116 
0 142 47 
0 124 50 
0 150 9 
0 111 20 
0 65 39 
0 127 40 
0 168 62 
0 107 12 
0 114 50 
0 106 36 
0 140 14 
0 112 20 
0 103 32 
0 112 67 
0 145 13 
0 86 36 
0 154 62 
0 84 84 
0 147 32 
0 133 30 
0 101 48 
0 110 33 
0 113 28 
0 112 43 
0 117 7 
0 77 20 
0 112 16 
0 83 68 
0 89 67 
0 162 59 
0 99 20 
0 107 39 
0 77 45 
0 118 21 
0 110 52 
0 116 38 
0 109 41 
0 98 85 
0 96 36 
0 81 104 
0 162 20 
0 149 35 
0 160 18 
0 136 6 
0 83 33 
0 122 9 
0 107 51 
0 102 20 
0 152 19 
0 116 145 
0 119 43 
0 152 39 
0 86 57 
0 80 5 
0 162 19 
0 93 51 
0 114 17 
0 118 42 
0 121 25 
0 39 42 
0 146 33 
0 139 20 
0 111 53 
0 103 43 
0 117 23 
0 92 14 
0 95 46 
0 114 33 
0 96 30 
0 118 34 
0 117 57 
0 81 30 
0 69 42 
0 135 88 
0 102 84 
0 157 19 
0 79 18 
0 89 98 
0 56 29 
0 108 41 
0 170 62 
0 158 30 
0 112 36 
0 102 21 
0 138 12 
0 92 44 
0 106 23 
0 155 18 
0 100 41 
0 80 22 
0 105 53 
0 145 44 
0 108 35 
0 100 19 
0 142 53 
0 115 18 
0 146 10 
0 76 71 
0 120 43 
0 133 88 
0 93 44 
0 184 32 
0 141 18 
0 80 38 
0 47 26 
0 69 61 
0 156 12 
0 115 27 
0 148 15 
0 116 56 
0 128 53 
0 119 38 
0 133 49 
0 143 18 
0 132 36 
0 137 32 
0 195 47 
0 146 27 
0 111 14 
0 124 53 
0 112 19 
0 115 29 
0 108 49 
0 119 8 
0 108 34 
0 124 13 
0 48 61 
0 97 23 
0 125 30 
0 178 81 
0 124 75 
0 82 76 
0 88 37 
0 71 33 
0 74 49 
0 140 32 
0 148 13 
0 141 23 
0 101 52 
0 121 50 
0 134 35 
0 114 16 
0 138 25 
0 156 11 
0 153 51 
0 148 36 
0 169 45 
0 71 5 
0 145 49 
0 97 55 
0 81 8 
0 83 54 
0 116 55 
0 130 34 
0 87 13 
0 181 42 
0 99 2 
0 85 42 
0 132 59 
0 136 16 
0 85 13 
0 94 9 
0 98 11 
0 135 55 
0 110 33 
0 104 53 
0 86 30 
0 153 40 
0 145 19 
0 99 56 
0 121 73 
0 126 88 
0 52 14 
0 72 44 
0 94 46 
0 114 26 
0 107 20 
0 164 44 
0 103 14 
0 141 60 
0 116 30 
0 124 35 
0 99 40 
0 191 21 
0 151 74 
0 116 16 
0 104 21 
0 63 36 
0 86 20 
0 125 30 
0 103 29 
0 117 88 
0 113 45 
0 154 34 
0 101 41 
0 89 44 
0 88 27 
0 130 41 
0 130 42 
0 129 19 
0 78 31 
0 126 38 
0 80 35 
0 105 23 
0 107 52 
0 165 33 
0 58 87 
0 113 74 
0 123 39 
0 89 40 
0 133 49 
0 68 19 
0 108 75 
0 111 40 
0 107 84 
0 136 61 
0 207 28 
0 114 23 
0 113 29 
0 120 26 
0 95 42 
0 116 47 
0 122 39 
0 87 40 
0 113 63 
0 139 20 
0 99 152 
0 147 20 
0 112 60 
0 141 35 
0 138 12 
0 80 39 
0 95 64 
0 116 14 
0 67 28 
0 168 27 
0 73 29 
0 153 38 
0 111 16 
0 127 43 
0 79 37 
0 146 52 
0 110 27 
0 74 32 
0 130 97 
0 78 37 
0 99 52 
0 131 70 
0 110 73 
0 75 18 
0 102 88 
0 95 35 
0 100 34 
0 91 46 
0 143 64 
0 106 19 
0 134 23 
0 187 11 
0 143 40 
0 122 27 
0 133 24 
0 126 98 
0 134 31 
0 124 32 
0 154 7 
0 122 27 
0 144 5 
0 152 7 
0 166 14 
0 93 58 
0 127 25 
0 159 20 
0 80 40 
0 126 130 
0 149 10 
0 87 39 
0 85 103 
0 139 14 
0 85 7 
0 103 41 
0 125 70 
0 79 30 
0 91 37 
0 120 49 
0 142 36 
0 135 6 
0 144 40 
0 130 16 
0 146 5 
0 97 29 
0 111 41 
0 170 21 
0 102 47 
0 183 43 
0 113 40 
0 157 30 
0 105 55 
0 122 49 
0 149 85 
0 107 58 
0 162 55 
0 119 80 
0 95 47 
0 113 35 
0 94 40 
0 78 76 
0 151 24 
0 107 17 
0 72 66 
0 135 24 
0 157 38 
0 86 11 
0 91 58 
0 118 47 
0 97 29 
0 169 30 
0 157 43 
0 86 21 
0 113 42 
0 66 59 
0 162 34 
0 147 63 
0 171 29 
0 108 31 
0 124 86 
0 117 51 
0 144 58 
0 146 35 
0 69 23 
0 71 59 
0 108 49 
0 88 51 
0 130 62 
0 169 33 
0 74 76 
0 86 9 
