0 101 167 0 0 
50 61 406 16 0 
12 8 113 93 0 
16 63 37 166 0 
32 61 75 51 4 
1 8 90 262 0 
1 10 247 58 0 
4 71 120 36 0 
10 57 68 31 0 
9 70 50 16 10 
15 90 454 55 0 
6 39 107 0 0 
20 79 326 65 0 
6 16 347 21 0 
0 13 36 113 0 
3 96 48 138 0 
13 118 126 31 27 
3 104 52 117 0 
8 12 183 77 0 
31 16 438 55 0 
26 28 95 13 0 
0 49 116 0 0 
36 173 60 14 3 
1 31 132 98 0 
1 138 253 66 0 
0 78 200 234 0 
0 96 133 14 1 
5 11 267 2 0 
0 0 121 75 0 
9 23 252 112 57 
58 173 116 219 0 
31 179 210 18 0 
0 139 310 22 22 
15 177 226 67 0 
1 205 154 47 0 
0 66 375 71 0 
44 129 271 0 0 
8 157 145 138 0 
9 66 82 196 19 
40 263 101 16 0 
1 40 193 153 0 
9 136 52 1 36 
0 100 375 10 0 
0 3 318 1 0 
0 53 191 212 0 
0 182 27 123 9 
6 17 284 0 0 
39 3 22 485 0 
1 2 248 85 0 
1 28 195 142 0 
2 36 124 23 108 
9 66 104 108 0 
2 79 287 2 0 
5 93 93 29 0 
0 89 248 26 0 
22 99 108 49 0 
0 338 93 38 0 
1 44 19 74 0 
6 32 269 63 0 
43 95 13 363 0 
5 32 239 1 0 
0 26 112 123 6 
0 43 28 49 10 
30 36 257 74 0 
6 174 133 116 0 
1 3 277 6 0 
14 96 270 61 0 
0 29 418 73 0 
6 136 99 246 0 
42 25 99 0 0 
0 54 157 250 0 
3 145 68 44 0 
36 53 251 19 0 
0 123 80 21 0 
2 70 116 50 1 
0 33 203 55 0 
0 165 83 13 0 
1 63 119 22 0 
0 125 119 48 0 
22 22 285 51 0 
0 35 85 158 0 
17 18 187 80 0 
25 7 438 63 0 
1 97 97 10 0 
10 55 22 225 0 
8 73 238 65 0 
0 83 98 131 1 
0 63 250 70 0 
1 34 272 160 0 
0 83 214 69 0 
11 249 49 172 0 
3 129 110 44 0 
2 129 142 96 0 
27 33 192 68 0 
0 57 213 1 0 
0 26 164 167 0 
10 14 156 52 0 
16 181 22 72 0 
21 137 42 1 0 
102 144 166 8 0 
52 160 109 125 0 
0 37 236 39 23 
6 92 170 0 0 
1 64 228 8 0 
11 46 135 133 0 
0 0 225 593 0 
0 97 57 20 0 
4 44 9 58 0 
7 220 154 101 25 
0 9 214 189 0 
11 86 184 3 0 
7 50 164 64 25 
1 13 214 52 1 
0 90 276 89 0 
0 13 389 100 1 
0 1 267 36 0 
59 45 52 1 0 
4 85 67 114 0 
1 33 68 124 10 
8 152 104 37 0 
0 181 237 8 0 
0 129 37 218 0 
2 15 270 14 0 
0 7 413 24 0 
3 38 407 139 5 
1 34 175 103 0 
0 61 141 156 0 
27 74 45 12 0 
9 71 240 37 0 
6 10 196 262 0 
18 23 508 81 0 
14 75 230 101 0 
0 16 98 52 0 
0 129 362 119 0 
10 89 379 106 0 
16 142 32 183 0 
8 198 112 3 29 
0 70 215 36 0 
4 142 99 204 0 
0 17 164 47 0 
0 31 155 134 0 
0 134 82 220 0 
21 36 177 418 0 
0 136 250 22 0 
6 131 107 80 13 
0 202 522 32 0 
10 13 125 14 0 
4 51 113 379 0 
0 76 173 17 0 
4 105 209 158 0 
6 130 46 9 0 
1 245 135 124 0 
7 104 144 7 0 
7 59 102 21 0 
0 22 111 152 0 
0 113 169 72 0 
1 63 84 49 96 
3 68 246 83 0 
2 122 140 58 0 
0 29 37 119 0 
31 59 86 128 0 
14 53 116 97 0 
3 0 77 122 58 
21 52 37 1 0 
0 35 148 36 1 
0 50 106 88 0 
0 81 65 71 0 
8 15 144 157 0 
1 86 97 11 0 
2 307 56 381 0 
1 117 50 184 0 
2 107 212 0 0 
50 10 52 85 0 
0 0 390 29 0 
13 14 240 22 46 
0 11 275 266 0 
23 28 265 51 0 
5 111 204 5 0 
4 70 108 6 0 
26 15 244 0 1 
10 109 146 4 0 
12 19 82 2 0 
0 55 127 130 0 
7 19 314 182 0 
0 36 94 62 0 
0 299 35 6 0 
0 72 254 0 0 
1 8 122 270 0 
0 4 304 133 0 
47 121 224 38 0 
17 8 194 0 0 
21 66 407 1 0 
0 89 139 1 0 
9 66 238 36 0 
8 66 219 5 0 
2 15 295 10 0 
3 90 136 15 0 
5 24 401 65 8 
12 3 59 158 0 
16 67 198 72 0 
5 33 461 69 0 
6 29 203 25 0 
17 99 51 26 21 
0 317 168 0 0 
0 67 198 34 14 
2 75 72 141 0 
0 135 394 93 0 
21 116 94 46 0 
1 84 66 2 0 
3 7 265 46 0 
53 90 104 0 0 
34 44 157 96 1 
0 13 128 122 1 
0 5 250 36 0 
3 11 150 73 9 
5 9 29 64 0 
35 170 130 45 0 
9 1 122 69 0 
0 0 179 100 0 
3 0 371 112 0 
1 97 56 33 0 
0 157 398 131 0 
14 60 58 77 0 
9 152 198 46 0 
4 4 480 23 0 
6 92 190 41 0 
16 29 174 11 1 
9 27 63 272 0 
0 79 112 126 0 
0 70 211 97 0 
0 110 407 100 0 
15 8 100 6 0 
4 223 235 53 0 
2 141 45 3 30 
0 48 191 58 0 
2 135 177 127 0 
5 9 163 127 0 
0 23 130 1 0 
7 29 258 59 35 
0 164 152 188 15 
8 18 158 36 0 
6 16 131 49 26 
0 64 333 10 0 
21 69 237 52 0 
0 135 62 277 0 
0 31 137 220 0 
0 36 268 4 0 
0 3 106 279 0 
6 82 113 67 0 
15 113 300 14 0 
4 167 155 40 0 
1 5 233 36 0 
13 60 620 1 0 
1 8 91 25 0 
21 69 136 0 0 
13 10 126 51 1 
28 46 289 163 0 
1 54 223 0 0 
6 74 36 282 0 
58 126 75 3 0 
1 94 56 10 0 
2 12 140 3 0 
5 94 325 3 0 
26 87 134 169 0 
0 238 173 2 0 
0 213 75 65 0 
1 17 183 92 1 
8 28 309 100 0 
0 194 99 29 0 
0 185 69 86 0 
9 27 277 27 0 
17 25 219 39 0 
1 48 569 177 0 
0 18 68 8 0 
2 436 64 80 0 
0 24 142 44 0 
11 49 302 54 0 
0 174 454 198 0 
62 25 248 25 144 
41 166 53 99 0 
6 51 157 15 0 
14 93 53 44 0 
0 12 167 19 0 
6 60 154 6 0 
2 88 71 61 0 
0 117 60 163 0 
0 17 336 33 0 
13 491 67 67 0 
22 118 174 2 0 
0 79 178 32 0 
7 182 81 6 0 
24 69 128 0 0 
17 106 168 18 0 
5 95 92 112 0 
3 12 280 49 0 
1 62 87 234 0 
13 157 109 28 0 
19 12 370 46 0 
34 51 194 2 0 
2 82 309 16 0 
0 267 82 16 0 
1 56 170 70 0 
95 42 121 87 0 
1 19 201 124 0 
11 36 100 8 0 
12 50 150 41 0 
0 84 69 115 0 
7 252 46 7 0 
0 177 247 18 0 
0 0 49 215 0 
4 316 113 0 0 
9 7 256 27 0 
5 51 179 315 0 
13 38 137 3 0 
0 103 382 112 0 
0 20 198 82 0 
0 80 384 12 0 
0 6 428 24 0 
11 17 106 15 3 
0 16 462 87 0 
9 56 168 68 52 
0 8 145 0 0 
12 110 160 0 0 
7 144 88 43 0 
0 82 88 49 0 
0 82 218 59 0 
1 46 101 102 0 
0 128 47 37 0 
0 41 82 0 0 
0 135 134 24 0 
19 132 170 20 0 
1 111 118 14 0 
1 63 37 22 0 
1 27 166 136 0 
6 1 166 38 0 
11 93 282 89 0 
43 103 172 117 0 
0 16 507 235 0 
3 69 240 0 0 
12 41 165 35 0 
5 7 287 284 0 
0 23 137 30 9 
12 3 147 62 67 
13 15 195 126 0 
0 32 50 214 0 
1 97 346 148 0 
0 101 86 13 0 
0 18 180 73 0 
30 87 145 2 0 
5 9 266 115 1 
0 77 224 44 0 
0 69 282 21 0 
0 37 255 231 17 
0 37 201 87 1 
1 47 98 158 37 
13 123 48 85 0 
1 41 334 1 0 
38 78 358 74 0 
0 61 93 34 0 
32 125 186 72 0 
4 118 90 186 0 
3 42 47 113 0 
15 107 260 26 0 
44 78 127 57 0 
1 1 165 20 0 
0 9 232 5 0 
8 124 315 15 0 
0 99 94 2 4 
1 24 210 125 0 
24 10 255 11 0 
6 189 105 18 0 
3 123 72 19 0 
28 432 126 28 1 
3 43 181 124 0 
6 67 86 5 0 
0 21 80 48 0 
1 159 109 59 0 
1 110 128 123 0 
0 150 168 27 0 
0 83 158 98 0 
14 7 630 74 0 
54 44 160 1 0 
20 33 270 26 0 
7 6 34 126 0 
85 38 394 5 0 
0 1 53 232 0 
24 115 52 41 0 
0 38 114 17 0 
3 51 270 67 0 
1 29 118 169 1 
1 70 80 34 0 
0 47 168 43 0 
0 164 129 6 0 
6 38 153 157 0 
0 46 159 409 0 
0 41 364 19 0 
0 172 136 92 0 
25 91 112 75 0 
3 29 165 65 0 
7 278 39 103 0 
20 128 87 23 0 
4 163 39 53 0 
32 53 168 148 0 
0 35 300 166 0 
0 20 202 20 0 
0 15 82 1 0 
1 1 196 1 0 
0 14 46 235 68 
15 52 322 154 0 
6 193 263 60 0 
0 76 248 38 0 
6 26 166 107 0 
41 33 90 19 0 
0 46 95 494 0 
1 115 627 21 0 
2 78 196 0 0 
0 59 413 81 0 
0 66 189 155 0 
2 62 60 164 0 
15 111 294 15 0 
4 27 137 20 0 
0 7 193 1 0 
1 34 113 43 0 
3 27 113 48 0 
3 208 159 53 0 
0 63 329 203 0 
0 102 254 101 0 
0 35 75 402 2 
25 16 231 120 1 
10 103 74 148 0 
0 139 138 40 1 
11 83 187 8 0 
4 180 42 64 0 
0 116 128 23 0 
0 48 93 55 0 
0 21 78 60 0 
0 36 146 137 0 
1 10 64 180 40 
0 44 215 100 0 
10 70 89 39 53 
0 79 226 27 0 
56 30 99 108 0 
12 131 61 74 0 
0 4 210 12 0 
0 32 215 123 20 
23 59 196 35 0 
114 77 46 44 31 
0 1 133 46 0 
0 43 128 169 5 
0 77 205 163 0 
0 1 134 182 1 
1 2 240 106 119 
0 0 127 110 0 
24 111 224 216 0 
0 49 39 87 0 
1 36 235 4 0 
3 87 43 96 0 
31 11 70 106 0 
5 42 81 8 17 
1 24 206 23 0 
28 39 84 6 0 
6 83 186 39 0 
1 153 217 113 0 
5 27 125 141 0 
0 37 135 94 0 
46 27 327 12 0 
25 20 212 54 2 
26 3 124 12 0 
21 91 268 65 0 
1 69 113 112 0 
9 35 201 73 0 
83 16 143 300 0 
1 71 166 153 0 
2 48 44 13 0 
1 2 94 57 0 
13 44 113 243 0 
0 1 366 3 0 
0 0 413 176 0 
0 123 57 119 0 
6 124 61 300 0 
0 31 78 20 0 
0 10 155 4 0 
8 54 50 53 0 
14 58 114 128 0 
0 59 175 311 0 
0 81 186 9 0 
15 19 192 133 0 
19 13 204 83 0 
6 17 86 124 0 
0 30 100 56 0 
12 162 211 191 0 
1 3 370 142 0 
13 2 233 9 0 
0 94 305 0 0 
1 69 60 98 0 
0 129 145 63 0 
12 71 105 184 0 
10 166 97 31 0 
0 51 50 0 0 
0 7 85 38 0 
0 88 176 85 0 
0 187 254 13 0 
17 29 102 41 1 
5 19 176 0 0 
1 61 205 1 0 
5 75 35 4 0 
0 41 117 2 0 
84 47 73 241 0 
0 50 118 28 0 
1 79 201 20 0 
0 259 201 3 0 
4 60 142 32 0 
0 1 128 114 0 
1 35 197 68 0 
0 0 195 1 78 
27 30 221 229 319 
4 217 12 216 0 
20 1 59 99 0 
0 109 293 121 0 
0 34 106 37 0 
0 79 748 0 0 
28 227 166 119 0 
1 0 239 101 4 
0 31 72 342 0 
7 40 248 48 0 
0 0 221 26 16 
9 20 17 29 0 
32 188 95 248 1 
21 141 98 14 0 
0 14 236 211 0 
0 4 223 6 0 
9 164 53 104 0 
3 174 69 44 0 
3 67 106 122 0 
22 4 82 60 69 
11 81 121 57 0 
3 90 119 44 0 
0 8 65 35 0 
23 97 58 76 5 
20 32 123 5 0 
16 21 53 271 1 
10 43 233 195 0 
0 39 127 213 0 
11 74 116 145 0 
37 48 186 7 0 
1 18 174 41 0 
0 48 230 58 0 
0 109 72 2 0 
0 33 133 128 0 
0 78 239 38 0 
1 124 322 0 0 
4 206 206 7 0 
0 61 152 89 0 
0 46 98 119 0 
8 14 326 367 0 
37 117 195 92 0 
8 146 390 0 0 
0 23 44 286 0 
2 34 150 20 0 
34 41 152 91 0 
2 195 281 39 0 
1 40 240 153 0 
0 0 195 19 0 
24 1 33 74 0 
22 47 25 181 0 
5 20 150 176 0 
48 68 271 50 0 
0 62 147 226 0 
0 57 86 69 0 
1 29 211 153 61 
0 14 200 45 0 
5 21 175 12 3 
9 103 216 31 0 
0 56 364 0 0 
14 25 307 16 0 
0 66 100 10 27 
9 26 146 0 0 
19 88 143 3 0 
3 11 187 0 25 
0 5 297 172 0 
0 24 47 4 0 
1 64 181 87 0 
0 121 198 25 0 
9 31 123 28 0 
0 282 227 149 0 
28 2 228 149 18 
16 106 50 32 0 
0 53 174 111 0 
17 33 145 62 0 
4 77 200 39 5 
21 15 96 22 0 
4 92 222 122 0 
13 8 96 87 0 
2 15 171 12 0 
5 51 125 14 0 
0 104 242 39 0 
7 0 192 56 0 
3 30 249 86 0 
0 20 131 121 0 
28 60 280 48 0 
12 130 224 124 0 
24 31 250 232 0 
7 120 120 87 0 
1 43 40 138 0 
0 25 31 6 0 
5 95 299 170 0 
8 105 71 119 0 
1 205 211 12 0 
5 7 25 260 0 
70 29 160 177 0 
9 89 61 21 0 
0 27 258 211 18 
0 74 74 104 10 
8 71 145 51 0 
29 20 580 109 0 
0 39 50 27 0 
0 51 106 29 0 
1 102 342 21 0 
1 39 89 14 3 
5 2 240 53 0 
3 1 413 25 2 
3 121 43 186 0 
0 85 187 82 0 
19 119 147 64 1 
16 35 283 16 0 
1 52 106 60 0 
0 79 132 76 0 
11 10 80 162 0 
5 76 158 49 0 
1 10 67 13 0 
15 80 111 62 0 
12 220 108 23 0 
1 279 135 7 0 
0 36 503 98 15 
1 84 229 5 6 
18 95 94 4 0 
0 1 188 49 0 
2 125 272 50 0 
0 113 99 6 3 
0 22 204 390 0 
15 140 131 36 46 
4 229 57 38 0 
14 19 241 32 0 
1 44 114 83 0 
0 152 256 0 0 
0 66 184 73 0 
4 60 116 84 0 
0 87 160 0 0 
33 34 202 42 0 
3 0 89 85 0 
2 69 30 0 0 
19 109 25 84 6 
0 91 221 142 0 
12 7 91 47 0 
1 192 194 89 0 
0 17 130 30 0 
0 13 413 105 0 
0 64 283 14 0 
25 83 116 21 0 
0 1 115 160 0 
4 167 122 73 0 
6 154 107 183 0 
0 91 524 7 8 
9 93 165 33 0 
3 123 209 62 49 
0 37 132 141 0 
0 142 124 53 0 
0 16 172 58 0 
7 27 327 248 0 
0 1 150 32 29 
1 4 45 141 0 
0 112 136 124 0 
7 28 143 137 0 
0 0 279 31 0 
19 87 22 36 0 
0 1 248 1 0 
0 4 351 21 0 
1 116 135 75 0 
5 55 159 13 0 
2 147 193 2 0 
2 11 97 55 0 
0 102 167 54 0 
6 91 19 55 11 
0 36 371 12 0 
0 35 106 58 0 
13 27 38 81 31 
24 89 271 119 0 
11 45 122 71 0 
1 92 64 113 0 
0 176 64 32 0 
0 90 104 98 0 
1 62 262 8 0 
4 46 279 120 0 
0 1 113 9 0 
2 40 223 131 0 
9 59 184 32 0 
2 1 508 22 0 
0 39 407 57 0 
0 60 123 139 0 
0 25 160 82 1 
4 105 292 220 0 
0 33 312 250 0 
3 197 413 174 0 
4 7 318 154 0 
0 13 235 143 0 
1 117 66 14 0 
6 82 239 56 0 
3 73 300 24 0 
0 1 174 41 0 
5 134 281 0 0 
0 122 261 1 0 
0 15 124 128 0 
8 37 266 320 0 
8 49 276 129 0 
0 100 387 5 0 
0 105 84 1 0 
0 0 167 1 10 
0 92 87 166 0 
0 156 113 30 0 
1 62 72 174 0 
0 79 25 57 1 
7 307 37 115 0 
0 130 130 65 0 
0 116 297 1 0 
8 9 126 32 45 
2 91 67 89 0 
0 53 174 97 8 
11 97 180 48 0 
0 125 223 201 0 
0 105 175 17 0 
12 22 155 83 21 
0 57 57 84 0 
11 38 45 42 0 
2 30 102 24 0 
9 44 98 52 0 
0 1 217 117 0 
15 178 90 17 0 
0 40 168 17 0 
18 191 33 453 0 
4 146 151 148 0 
20 12 180 56 0 
22 102 240 16 0 
0 50 67 175 0 
0 27 149 148 7 
6 115 209 26 0 
0 68 343 11 0 
2 48 147 70 7 
10 16 151 0 0 
45 47 95 13 0 
0 46 144 65 0 
8 102 98 86 0 
12 26 94 84 0 
4 47 106 49 0 
28 60 36 8 0 
0 10 107 185 5 
0 4 141 59 0 
0 10 229 8 0 
22 161 72 69 0 
9 57 206 11 0 
22 71 271 29 0 
0 82 190 110 0 
1 93 206 74 33 
0 33 277 0 0 
14 66 101 0 51 
0 0 123 11 0 
32 71 211 12 0 
0 33 179 2 0 
0 38 169 77 0 
2 37 62 185 1 
152 42 211 1 0 
35 9 167 37 0 
57 149 109 17 0 
2 0 275 25 0 
2 94 63 32 1 
24 29 250 80 0 
31 35 187 17 0 
6 165 170 9 1 
78 50 32 8 0 
12 30 152 21 57 
0 354 70 99 0 
0 19 382 24 0 
29 0 75 85 0 
30 6 150 194 0 
2 46 143 58 0 
15 197 48 56 0 
1 25 59 1 0 
0 22 68 279 0 
1 230 33 68 0 
1 72 21 187 103 
0 152 65 77 0 
2 192 89 405 0 
98 78 71 27 0 
0 55 120 204 0 
13 300 17 294 0 
6 29 214 61 0 
2 146 102 37 3 
3 234 61 64 0 
1 75 127 96 0 
10 55 184 0 0 
3 27 52 68 0 
3 100 175 8 0 
1 42 68 266 0 
8 91 225 15 0 
0 0 256 37 0 
5 65 179 19 0 
1 140 220 40 0 
3 236 52 86 0 
28 22 176 42 0 
0 29 72 243 0 
28 59 371 13 0 
2 53 134 19 0 
15 141 297 47 0 
0 71 88 26 0 
2 22 64 87 0 
3 43 85 118 0 
1 51 133 44 0 
1 3 375 9 0 
3 12 174 33 0 
0 220 36 239 0 
0 24 224 101 0 
11 119 98 203 1 
5 84 151 532 0 
0 59 204 76 0 
9 52 86 29 0 
37 44 371 0 0 
0 125 255 15 0 
5 62 292 29 0 
47 211 76 36 0 
48 80 130 58 0 
32 20 56 19 0 
0 75 61 12 0 
1 134 228 11 6 
0 87 188 63 0 
1 32 212 46 5 
18 34 53 61 9 
0 33 257 132 47 
0 255 254 63 0 
12 93 129 55 0 
0 31 208 252 0 
31 0 140 25 0 
2 38 78 80 0 
2 5 555 2 0 
5 68 342 35 0 
22 18 74 68 0 
0 13 222 20 0 
2 52 284 35 6 
1 2 103 1 0 
0 1 187 70 0 
2 55 65 106 0 
1 31 258 10 31 
2 8 152 144 0 
0 68 367 196 11 
27 191 312 181 0 
19 166 169 78 0 
1 164 43 6 0 
8 143 39 47 0 
0 177 72 41 0 
0 39 98 48 0 
0 2 380 83 0 
0 9 206 134 0 
14 96 49 138 25 
0 14 145 136 0 
2 2 53 43 0 
1 102 207 20 6 
2 75 128 20 0 
6 107 122 15 0 
0 19 46 386 0 
17 5 97 54 0 
2 58 95 190 0 
13 3 111 23 0 
0 63 112 0 0 
29 189 120 28 0 
0 51 39 75 0 
39 179 52 13 1 
0 100 319 36 0 
0 1 74 17 0 
12 12 180 12 0 
0 164 138 18 0 
2 39 150 117 0 
2 85 294 159 0 
3 2 10 2 0 
16 1 143 204 0 
0 24 165 150 0 
19 2 299 81 0 
9 172 55 72 0 
11 240 37 1 0 
18 4 73 136 0 
1 45 111 10 0 
22 227 5 3 0 
0 1 316 24 0 
1 80 140 51 0 
6 2 455 171 0 
3 107 135 0 0 
0 75 103 58 0 
0 11 125 35 0 
0 20 296 0 25 
20 14 261 0 0 
19 125 44 84 0 
0 56 181 34 0 
0 30 142 7 0 
0 143 130 260 0 
7 57 92 136 5 
0 110 101 171 30 
2 29 105 32 0 
0 77 49 235 0 
22 13 221 26 0 
23 177 178 0 0 
0 9 17 154 0 
15 164 208 7 0 
4 27 178 0 0 
0 71 96 1 0 
0 14 97 145 24 
4 264 87 53 0 
34 48 135 55 0 
6 132 197 127 0 
2 33 63 40 0 
0 147 112 47 0 
4 0 247 137 0 
1 32 170 109 45 
12 88 446 23 0 
4 40 54 90 0 
0 79 282 127 0 
5 153 68 21 0 
0 26 109 61 0 
21 32 259 61 0 
54 117 113 162 0 
0 50 126 106 0 
23 172 72 56 0 
47 126 62 49 0 
3 86 184 130 0 
0 97 164 88 0 
18 8 129 224 0 
1 41 148 68 0 
23 16 92 27 0 
1 50 281 81 0 
1 63 103 51 0 
0 61 207 34 0 
2 41 292 56 0 
1 134 189 32 14 
11 138 89 22 0 
11 25 25 194 0 
0 30 159 248 39 
0 56 134 181 0 
3 32 308 1 1 
15 148 105 29 0 
1 5 48 63 0 
0 125 149 83 0 
11 28 278 30 93 
0 156 217 14 0 
3 14 241 228 0 
94 59 174 11 0 
4 67 229 0 0 
8 105 415 41 0 
2 0 143 4 0 
0 68 125 28 0 
93 28 163 208 0 
9 31 176 35 0 
1 11 363 265 1 
4 5 101 46 0 
0 0 123 95 0 
0 89 42 61 6 
11 9 89 70 0 
10 239 93 27 0 
0 113 68 0 0 
10 23 210 36 0 
21 55 221 3 1 
0 451 81 1 0 
1 0 121 69 0 
0 11 469 71 0 
0 5 200 20 0 
0 145 284 273 0 
0 109 349 8 0 
0 122 351 12 0 
2 68 186 102 0 
24 81 180 55 0 
4 254 96 25 0 
16 39 78 2 9 
0 106 58 192 3 
4 36 174 33 0 
0 116 141 89 5 
0 13 102 35 0 
23 24 335 20 0 
21 72 226 29 0 
1 66 117 29 0 
1 54 187 219 0 
0 83 136 181 0 
51 66 88 2 0 
3 3 58 191 0 
36 14 107 279 0 
4 87 118 48 0 
14 40 163 75 0 
0 87 510 83 0 
28 105 75 70 7 
0 107 229 168 0 
2 1 80 73 93 
0 119 196 40 0 
1 4 139 158 0 
5 40 187 4 0 
2 19 348 75 0 
10 10 224 1 0 
