0 189 62 
0 189 3 
0 202 13 
0 204 3 
0 176 26 
0 192 37 
0 136 20 
0 228 26 
0 207 0 
0 216 2 
0 225 6 
0 193 25 
0 281 11 
0 238 34 
0 243 41 
0 235 9 
0 206 24 
0 240 15 
0 237 15 
0 233 22 
0 254 14 
0 259 16 
0 167 63 
0 207 32 
0 200 4 
0 188 8 
0 237 41 
0 181 17 
0 207 19 
0 216 35 
0 150 9 
0 202 14 
0 211 36 
0 184 38 
0 170 21 
0 201 24 
0 192 35 
0 155 16 
0 179 6 
0 243 0 
0 199 25 
0 187 13 
0 245 28 
0 253 58 
0 114 29 
0 206 19 
0 213 9 
0 197 1 
0 223 4 
0 167 21 
0 190 15 
0 186 22 
0 196 18 
0 221 32 
0 203 24 
0 223 22 
0 161 26 
0 247 6 
0 295 26 
0 183 12 
0 203 4 
0 198 28 
0 199 2 
0 262 39 
0 226 35 
0 190 18 
0 179 31 
0 197 12 
0 203 37 
0 225 17 
0 230 38 
0 254 14 
0 205 14 
0 215 0 
0 227 64 
0 204 38 
0 236 6 
0 192 8 
0 172 30 
0 259 13 
0 185 18 
0 197 20 
0 245 7 
0 241 40 
0 220 4 
0 185 11 
0 221 7 
0 248 32 
0 218 18 
0 187 41 
0 228 1 
0 217 14 
0 170 7 
0 177 21 
0 240 34 
0 231 9 
0 169 4 
0 231 14 
0 175 11 
0 231 15 
0 239 10 
0 211 11 
0 242 30 
0 174 42 
0 137 0 
0 179 13 
0 205 4 
0 198 29 
0 171 23 
0 181 9 
0 229 18 
0 209 23 
0 273 41 
0 167 87 
0 190 1 
0 198 19 
0 234 23 
0 173 11 
0 294 2 
0 196 16 
0 203 14 
0 141 22 
0 226 18 
0 195 21 
0 256 51 
0 181 27 
0 239 26 
0 280 25 
0 173 32 
0 201 20 
0 168 0 
0 166 25 
0 181 21 
0 186 16 
0 176 17 
0 197 26 
0 219 13 
0 234 39 
0 157 1 
0 193 37 
0 207 15 
0 221 15 
0 228 5 
0 193 1 
0 134 52 
0 176 44 
0 215 36 
0 194 16 
0 231 23 
0 140 15 
0 227 64 
0 294 11 
0 186 9 
0 244 19 
0 172 35 
0 258 21 
0 209 14 
0 181 29 
0 226 8 
0 224 0 
0 206 11 
0 194 17 
0 155 51 
0 246 42 
0 251 16 
0 235 24 
0 233 2 
0 212 11 
0 196 12 
0 230 7 
0 195 1 
0 251 8 
0 248 16 
0 217 14 
0 174 51 
0 170 27 
0 255 5 
0 221 5 
0 208 27 
0 222 14 
0 188 0 
0 244 17 
0 201 0 
0 222 6 
0 176 13 
0 197 15 
0 254 16 
0 267 1 
0 182 27 
0 221 29 
0 149 24 
0 224 10 
0 133 24 
0 156 1 
0 199 5 
0 213 18 
0 190 24 
0 262 17 
0 179 4 
0 204 18 
0 207 32 
0 230 11 
0 210 15 
0 162 48 
0 240 7 
0 183 10 
0 206 36 
0 172 15 
0 224 10 
0 187 11 
0 193 0 
0 180 63 
0 196 55 
0 189 124 
0 247 6 
0 175 18 
0 166 29 
0 160 120 
0 218 59 
0 232 25 
0 231 3 
0 247 10 
0 167 49 
0 222 14 
0 200 22 
0 192 18 
0 235 87 
0 231 3 
0 219 12 
0 187 65 
0 201 16 
0 246 4 
0 172 19 
0 232 1 
0 197 30 
0 267 13 
0 250 11 
0 167 8 
0 205 5 
0 240 51 
0 149 48 
0 196 1 
0 179 13 
0 211 8 
0 220 10 
0 206 9 
0 204 7 
0 213 13 
0 200 28 
0 226 5 
0 218 19 
0 233 14 
0 172 1 
0 242 19 
0 290 49 
0 217 14 
0 199 8 
0 187 41 
0 199 8 
0 206 16 
0 198 53 
0 172 50 
0 202 21 
0 197 9 
0 192 40 
0 232 1 
0 211 22 
0 237 30 
0 159 7 
0 191 22 
0 204 21 
0 289 5 
0 250 24 
0 176 108 
0 163 15 
0 245 15 
0 158 25 
0 229 14 
0 239 16 
0 208 40 
0 243 19 
0 236 54 
0 244 16 
0 209 45 
0 234 12 
0 280 29 
0 158 36 
0 230 11 
0 195 7 
0 199 3 
0 242 4 
0 181 38 
0 165 6 
0 279 39 
0 189 3 
0 204 10 
0 192 33 
0 210 55 
0 207 23 
0 199 10 
0 193 9 
0 248 28 
0 153 195 
0 178 21 
0 203 5 
0 208 55 
0 255 20 
0 196 37 
0 171 9 
0 158 45 
0 206 10 
0 198 20 
0 219 23 
0 267 16 
0 194 17 
0 180 78 
0 176 17 
0 190 32 
0 233 42 
0 307 27 
0 214 11 
0 205 22 
0 175 16 
0 212 6 
0 186 46 
0 168 10 
0 174 32 
0 240 6 
0 246 42 
0 135 43 
0 184 10 
0 221 10 
0 153 50 
0 156 35 
0 136 15 
0 269 10 
0 203 22 
0 158 7 
0 168 8 
0 194 24 
0 248 9 
0 265 94 
0 248 69 
0 200 8 
0 222 29 
0 173 8 
0 157 37 
0 232 16 
0 232 10 
0 145 15 
0 186 15 
0 210 21 
0 177 1 
0 223 4 
0 208 41 
0 289 9 
0 220 15 
0 186 0 
0 177 32 
0 156 24 
0 219 12 
0 164 11 
0 223 51 
0 203 8 
0 261 52 
0 223 34 
0 204 1 
0 201 9 
0 132 38 
0 226 24 
0 260 10 
0 233 46 
0 258 40 
0 249 21 
0 230 59 
0 228 9 
0 190 38 
0 165 14 
0 244 0 
0 192 22 
0 210 6 
0 180 35 
0 165 9 
0 212 30 
0 247 18 
0 250 0 
0 219 1 
0 171 19 
0 169 2 
0 246 10 
0 272 22 
0 213 10 
0 236 2 
0 168 13 
0 213 16 
0 191 2 
0 171 14 
0 222 42 
0 166 39 
0 242 48 
0 223 45 
0 228 33 
0 223 8 
0 156 24 
0 232 12 
0 254 19 
0 153 47 
0 261 4 
0 247 26 
0 249 20 
0 192 56 
0 170 9 
0 228 17 
0 227 12 
0 251 6 
0 246 45 
0 166 20 
0 220 18 
0 215 25 
0 247 26 
0 232 11 
0 227 11 
0 237 14 
0 229 27 
0 287 29 
0 259 22 
0 219 1 
0 183 11 
0 189 12 
0 217 8 
0 201 17 
0 160 15 
0 214 80 
0 187 17 
0 219 6 
0 166 17 
0 236 55 
0 167 6 
0 250 16 
0 157 26 
0 235 2 
0 232 6 
0 168 15 
0 225 14 
0 191 25 
0 231 22 
0 274 28 
0 165 3 
0 178 23 
0 202 7 
0 169 17 
0 197 9 
0 227 19 
0 252 18 
0 228 44 
0 172 5 
0 197 24 
0 206 7 
0 209 13 
0 231 3 
0 196 3 
0 238 16 
0 126 14 
0 186 23 
0 226 9 
0 199 11 
0 129 0 
0 214 22 
0 225 5 
0 219 27 
0 199 14 
0 208 21 
0 210 15 
0 230 15 
0 209 39 
0 230 6 
0 179 7 
0 176 14 
0 180 8 
0 164 99 
0 227 27 
0 162 5 
0 207 16 
0 186 39 
0 223 17 
0 204 11 
0 182 39 
0 228 13 
0 288 14 
0 163 23 
0 230 32 
0 202 7 
0 298 16 
0 199 65 
0 248 34 
0 190 25 
0 205 98 
0 208 21 
0 245 37 
0 184 32 
0 178 1 
0 230 1 
0 256 12 
0 212 2 
0 240 19 
0 142 33 
0 173 14 
0 167 24 
0 202 3 
0 221 22 
0 211 20 
0 172 14 
0 252 12 
0 202 25 
0 175 69 
0 162 15 
0 234 18 
0 210 13 
0 190 32 
0 202 13 
0 182 40 
0 177 22 
0 232 44 
0 165 134 
0 243 70 
0 212 12 
0 160 7 
0 210 14 
0 196 42 
0 191 6 
0 200 37 
0 177 2 
0 183 18 
0 217 33 
0 186 29 
0 235 49 
0 186 27 
0 167 41 
0 222 28 
0 223 4 
0 195 65 
0 194 63 
0 221 21 
0 196 2 
0 189 11 
0 243 24 
0 201 13 
0 214 7 
0 218 13 
0 285 9 
0 196 44 
0 162 2 
0 244 30 
0 241 57 
0 233 4 
0 137 6 
0 236 76 
0 209 16 
0 200 43 
0 239 14 
0 219 13 
0 206 19 
0 165 25 
0 190 19 
0 196 41 
0 212 7 
0 254 33 
0 204 24 
0 165 4 
0 178 19 
0 197 7 
0 196 0 
0 190 54 
0 230 49 
0 206 8 
0 202 22 
0 201 2 
0 164 11 
0 149 15 
0 178 28 
0 172 7 
0 183 5 
0 209 18 
0 181 16 
0 190 2 
0 198 31 
0 228 159 
0 220 21 
0 182 66 
0 190 57 
0 193 12 
0 171 35 
0 234 73 
0 260 32 
0 238 23 
0 207 11 
0 174 33 
0 167 11 
0 285 22 
0 202 34 
0 148 12 
0 207 8 
0 243 11 
0 170 19 
0 273 26 
0 203 50 
0 231 6 
0 168 45 
0 191 24 
0 237 20 
0 192 46 
0 179 17 
0 252 28 
0 243 65 
0 224 7 
0 194 159 
0 246 25 
0 306 12 
0 284 13 
0 225 19 
0 196 7 
0 168 22 
0 233 6 
0 202 26 
0 229 7 
0 208 56 
0 219 42 
0 204 28 
0 247 24 
0 171 27 
0 222 9 
0 204 7 
0 220 20 
0 231 5 
0 245 9 
0 155 22 
0 292 12 
0 213 8 
0 188 13 
0 189 149 
0 258 16 
0 223 34 
0 246 15 
0 236 8 
0 157 20 
0 229 17 
0 231 38 
0 276 16 
0 208 25 
0 193 70 
0 180 39 
0 207 40 
0 242 26 
0 208 14 
0 165 25 
0 154 7 
0 219 13 
0 210 38 
0 236 29 
0 221 8 
0 202 14 
0 199 19 
0 255 32 
0 166 28 
0 210 6 
0 257 20 
0 201 2 
0 196 10 
0 182 79 
0 116 55 
0 145 22 
0 185 57 
0 123 16 
0 207 41 
0 173 1 
0 200 11 
0 217 8 
0 201 12 
0 187 52 
0 219 30 
0 215 32 
0 252 8 
0 218 15 
0 251 29 
0 228 20 
0 234 20 
0 243 82 
0 255 1 
0 146 54 
0 203 34 
0 152 62 
0 260 32 
0 222 20 
0 190 19 
0 225 7 
0 183 11 
0 244 27 
0 225 12 
0 239 6 
0 206 13 
0 245 3 
0 262 8 
0 161 20 
0 229 10 
0 198 41 
0 230 1 
0 213 12 
0 150 9 
0 215 14 
0 204 11 
0 242 26 
0 193 16 
0 234 11 
0 232 24 
0 192 7 
0 192 17 
0 193 21 
0 236 9 
0 216 20 
0 167 24 
0 217 2 
0 179 8 
0 308 7 
0 226 7 
0 230 7 
0 197 14 
0 263 5 
0 210 15 
0 184 18 
0 275 41 
0 145 9 
0 191 12 
0 186 37 
0 202 16 
0 258 13 
0 192 3 
0 248 18 
0 143 45 
0 155 28 
0 238 45 
0 181 6 
0 307 7 
0 163 35 
0 156 17 
0 199 5 
0 179 93 
0 158 8 
0 197 0 
0 224 24 
0 203 18 
0 244 35 
0 187 10 
0 159 5 
0 194 16 
0 264 10 
0 215 9 
0 194 19 
0 246 6 
0 211 27 
0 258 2 
0 165 4 
0 217 22 
0 247 15 
0 195 0 
0 184 25 
0 207 8 
0 240 22 
0 167 1 
0 188 112 
0 179 10 
0 211 9 
0 216 7 
0 193 21 
0 208 12 
0 200 55 
0 162 12 
0 241 12 
0 187 18 
0 213 33 
0 220 4 
0 226 21 
0 212 17 
0 266 51 
0 204 59 
0 171 4 
0 189 7 
0 204 33 
0 180 15 
0 152 22 
0 166 7 
0 269 12 
0 181 26 
0 256 42 
0 209 12 
0 268 30 
0 222 7 
0 229 11 
0 205 19 
0 169 38 
0 198 47 
0 198 61 
0 224 8 
0 200 40 
0 227 7 
0 252 4 
0 194 20 
0 183 24 
0 232 23 
0 199 1 
0 231 13 
0 212 18 
0 194 45 
0 195 18 
0 250 13 
0 216 19 
0 165 63 
0 250 27 
0 268 10 
0 235 31 
0 231 5 
0 158 21 
0 235 4 
0 172 24 
0 230 22 
0 195 15 
0 186 13 
0 249 7 
0 222 18 
0 196 27 
0 190 33 
0 210 27 
0 227 0 
0 235 39 
0 184 4 
0 222 3 
0 136 49 
0 239 8 
0 236 29 
0 260 11 
0 221 48 
0 199 22 
0 184 17 
0 225 12 
0 169 10 
0 195 72 
0 229 39 
0 226 4 
0 172 16 
0 193 11 
0 200 0 
0 172 44 
0 177 35 
0 171 39 
0 256 51 
0 180 18 
0 235 3 
0 208 29 
0 217 11 
0 222 6 
0 210 25 
0 252 43 
0 180 20 
0 143 15 
0 184 32 
0 232 19 
0 215 17 
0 202 33 
0 157 18 
0 200 26 
0 194 4 
0 175 31 
0 188 37 
0 139 38 
0 247 16 
0 250 4 
0 261 13 
0 212 15 
0 197 20 
0 243 32 
0 168 8 
0 219 168 
0 261 16 
0 246 9 
0 156 6 
0 201 34 
0 209 34 
0 240 28 
0 195 16 
0 220 63 
0 229 10 
0 199 27 
0 186 47 
0 227 72 
0 246 14 
0 241 24 
0 199 28 
0 239 48 
0 231 29 
0 191 56 
0 233 11 
0 200 12 
0 134 45 
0 276 52 
0 154 48 
0 188 9 
0 242 1 
0 204 21 
0 209 41 
0 145 22 
0 185 11 
0 200 19 
0 184 24 
0 217 0 
0 219 9 
0 218 20 
0 188 5 
0 166 14 
0 174 25 
0 196 10 
0 215 53 
0 218 16 
0 221 39 
0 219 29 
0 224 17 
0 238 19 
0 253 38 
0 165 55 
0 124 16 
0 234 25 
0 209 19 
0 194 6 
0 214 12 
0 211 22 
0 175 2 
0 227 88 
0 164 19 
0 213 9 
0 198 18 
0 168 15 
0 222 5 
0 207 27 
0 226 26 
0 223 53 
0 204 34 
0 278 9 
0 175 6 
0 245 13 
0 236 14 
0 197 29 
0 215 11 
0 212 26 
0 181 58 
0 264 92 
0 202 16 
0 256 61 
0 223 18 
0 279 6 
0 254 3 
0 206 32 
0 172 40 
0 192 7 
0 200 17 
0 162 4 
0 189 66 
0 180 0 
0 185 16 
0 217 12 
0 213 0 
0 153 20 
0 261 31 
0 262 27 
0 231 53 
0 224 18 
0 234 13 
0 199 6 
0 141 56 
0 172 46 
0 173 20 
0 202 7 
0 253 4 
0 270 13 
0 278 6 
0 249 6 
0 164 37 
0 219 35 
0 170 6 
0 196 2 
0 231 14 
0 226 27 
0 236 40 
0 195 13 
0 221 0 
0 178 6 
0 176 18 
0 223 26 
0 198 17 
0 145 57 
0 258 24 
0 198 23 
0 224 11 
