29 426 5 0 0 
65 437 21 0 0 
42 362 41 0 0 
39 493 19 0 0 
81 436 19 0 0 
63 519 20 0 0 
96 428 10 0 0 
73 354 32 0 0 
41 473 9 0 0 
30 435 12 0 0 
62 434 21 0 0 
102 367 3 0 0 
30 482 18 0 0 
30 503 28 0 0 
12 510 24 0 0 
4 456 60 0 0 
20 480 10 0 0 
35 533 5 0 0 
4 466 55 0 0 
55 335 69 0 0 
63 448 49 0 0 
56 506 5 0 0 
35 424 20 0 0 
30 370 59 0 0 
28 419 45 0 0 
62 381 42 0 0 
47 501 20 0 0 
41 465 1 0 0 
16 474 10 0 0 
46 401 18 0 0 
21 365 2 0 0 
43 425 35 0 0 
1 502 63 0 0 
56 517 1 0 0 
98 387 22 0 0 
46 423 3 0 0 
18 492 49 0 0 
78 347 49 0 0 
47 460 18 0 0 
26 409 14 0 0 
76 408 33 0 0 
42 364 2 0 0 
19 397 35 0 0 
54 371 10 0 0 
18 516 39 0 0 
6 450 45 0 0 
25 485 5 0 0 
18 517 52 0 0 
14 435 42 0 0 
19 430 26 0 0 
14 378 53 0 0 
13 524 42 0 0 
43 513 23 0 0 
76 319 46 0 0 
41 553 43 0 0 
56 383 16 0 0 
43 371 42 0 0 
29 445 14 0 0 
36 445 33 0 0 
115 315 32 0 0 
48 456 8 12 0 
3 493 62 0 0 
44 394 33 0 0 
38 479 9 0 0 
10 434 72 0 0 
38 396 39 0 0 
54 342 37 0 0 
6 468 42 0 0 
38 553 25 0 0 
6 462 5 0 0 
11 348 33 0 0 
40 441 17 0 0 
26 433 42 0 0 
33 523 38 0 0 
27 503 42 0 0 
47 424 16 0 0 
21 379 48 0 0 
9 431 3 0 0 
23 486 14 0 0 
18 440 58 0 0 
1 495 1 0 0 
14 339 46 0 0 
29 366 34 0 0 
37 393 18 0 0 
13 326 23 0 0 
42 509 57 0 0 
40 378 27 0 0 
10 515 39 0 0 
23 439 21 0 0 
22 374 40 0 0 
50 400 45 0 0 
45 481 32 0 0 
18 459 24 0 0 
61 368 41 0 0 
34 504 21 0 0 
72 354 80 0 0 
30 493 38 0 0 
25 404 20 0 0 
50 432 57 0 0 
55 482 59 0 0 
71 383 36 0 0 
14 493 5 0 0 
23 537 26 0 0 
18 513 8 0 0 
44 471 6 0 0 
3 451 5 0 0 
52 476 45 0 0 
18 410 20 1 0 
61 397 4 0 0 
15 300 43 0 0 
58 426 66 0 0 
12 334 35 0 0 
48 461 6 0 0 
66 511 40 0 0 
27 484 11 0 0 
23 418 4 0 0 
50 464 6 0 0 
34 455 47 0 0 
23 435 7 0 0 
26 386 16 0 0 
95 433 8 0 0 
40 351 19 0 0 
51 523 28 0 0 
14 337 35 0 0 
33 349 50 0 0 
39 421 63 0 0 
22 494 0 0 0 
41 447 26 0 0 
85 362 23 0 0 
58 365 22 0 0 
33 433 37 0 0 
32 400 28 0 0 
52 507 21 0 0 
7 416 32 0 0 
34 489 94 0 0 
37 457 28 0 0 
42 430 13 0 0 
50 503 27 0 0 
24 412 75 0 0 
43 496 12 0 0 
41 496 24 0 0 
38 302 46 0 0 
31 526 21 0 0 
92 468 36 0 0 
55 443 7 0 0 
31 515 39 0 0 
43 417 8 0 0 
24 432 18 0 0 
50 448 22 0 0 
81 414 28 0 0 
12 483 7 0 0 
124 375 15 0 0 
21 356 58 0 0 
102 414 21 0 0 
34 490 27 0 0 
34 496 20 0 0 
9 550 58 0 0 
16 462 16 0 0 
64 302 11 0 0 
103 403 24 0 0 
43 381 45 0 0 
2 428 40 0 0 
15 519 11 0 0 
88 370 42 0 0 
38 441 27 0 0 
30 422 34 0 0 
20 544 82 0 0 
31 534 40 0 0 
116 494 24 0 0 
75 371 34 0 0 
31 419 13 0 0 
18 377 46 0 0 
5 507 16 0 0 
6 359 78 0 0 
59 434 39 0 0 
41 482 36 0 0 
14 452 30 0 0 
27 439 28 0 0 
34 473 41 0 0 
13 336 28 0 0 
25 441 49 0 0 
31 392 38 0 0 
15 425 19 0 0 
17 530 30 0 0 
13 456 46 0 0 
23 398 66 0 0 
22 438 13 0 0 
32 342 7 0 0 
45 426 58 0 0 
26 431 56 0 0 
40 462 6 0 0 
53 418 43 0 0 
12 385 30 0 0 
21 392 36 2 0 
17 484 33 6 0 
6 480 24 0 0 
21 397 49 0 0 
34 459 19 0 0 
20 441 36 0 0 
7 311 57 0 0 
24 380 37 0 0 
4 444 15 0 0 
39 383 12 0 0 
29 482 59 0 0 
17 471 43 0 0 
59 453 10 0 0 
2 368 56 0 0 
15 466 29 0 0 
41 403 21 0 0 
24 364 28 0 0 
40 383 32 0 0 
8 492 57 1 0 
80 359 45 0 0 
40 388 10 0 0 
19 424 46 0 0 
24 422 18 0 0 
54 441 72 0 0 
26 496 36 0 0 
87 468 23 0 0 
9 417 64 0 0 
32 429 9 0 0 
37 479 34 0 0 
36 454 18 0 0 
52 445 8 0 0 
31 472 11 0 0 
15 364 28 0 0 
24 394 10 0 0 
11 424 18 0 0 
50 382 63 0 0 
110 483 7 0 0 
51 393 84 0 0 
16 467 19 0 0 
55 496 11 0 0 
52 367 11 0 0 
22 477 10 0 0 
24 406 69 0 0 
43 504 31 0 0 
45 338 14 0 0 
65 452 61 0 0 
14 479 26 0 0 
72 390 26 0 0 
16 371 5 0 0 
22 432 10 0 0 
63 352 66 0 0 
52 382 19 0 0 
47 405 37 0 0 
48 567 3 0 0 
29 339 24 0 0 
23 443 61 0 0 
47 478 5 0 0 
53 310 4 0 0 
33 428 33 0 0 
9 473 66 0 0 
65 404 81 0 0 
23 528 42 0 0 
25 407 28 0 0 
41 446 39 0 0 
6 504 29 0 0 
69 423 7 0 0 
38 381 0 0 0 
15 430 8 0 0 
69 426 6 0 0 
31 445 3 0 0 
30 478 12 0 0 
2 535 10 0 0 
33 478 7 0 0 
77 469 46 0 0 
8 455 4 0 0 
36 384 47 0 0 
64 516 13 0 0 
44 463 20 0 0 
58 455 19 0 0 
13 408 41 0 0 
79 435 37 0 0 
61 434 5 0 0 
11 435 19 0 0 
75 379 52 0 0 
23 413 32 0 0 
11 434 95 0 0 
57 378 31 0 0 
25 367 32 0 0 
34 465 47 0 0 
34 459 64 0 0 
40 387 11 0 0 
35 452 54 0 0 
11 504 49 0 0 
15 514 10 0 0 
34 459 59 0 0 
58 373 54 0 0 
31 374 45 0 0 
89 416 13 0 0 
42 461 28 0 0 
24 510 33 0 0 
37 354 38 0 0 
21 484 31 0 0 
67 387 8 0 0 
27 410 34 0 0 
82 422 7 0 0 
42 442 27 0 0 
46 418 37 0 0 
51 414 3 0 0 
26 383 21 0 0 
24 387 29 0 0 
22 339 54 0 0 
10 423 28 0 0 
112 480 35 0 0 
39 430 41 0 0 
20 428 32 0 0 
16 511 27 0 0 
49 376 16 0 0 
37 344 55 0 0 
64 434 25 0 0 
41 414 52 0 0 
28 447 20 0 0 
20 486 64 0 0 
39 444 13 0 0 
10 473 32 0 0 
27 458 46 0 0 
74 466 13 0 0 
33 397 18 0 0 
42 407 30 0 0 
47 477 0 0 0 
70 336 11 0 0 
32 411 31 0 0 
65 323 39 0 0 
32 424 52 0 0 
69 302 50 0 0 
29 415 30 0 0 
54 410 22 0 0 
109 377 38 0 0 
10 464 18 0 0 
18 376 61 0 0 
16 437 74 0 0 
48 406 45 0 0 
23 463 73 0 0 
29 462 27 0 0 
40 383 40 0 0 
40 471 4 0 0 
104 308 19 0 0 
18 384 23 0 0 
81 396 27 0 0 
16 452 29 0 0 
52 365 24 0 0 
49 393 12 0 0 
40 473 3 0 0 
28 382 39 0 0 
76 455 25 0 0 
88 436 78 0 0 
25 390 47 0 0 
0 455 43 0 0 
55 476 29 0 0 
30 537 19 0 0 
50 469 9 0 0 
38 475 35 0 0 
45 472 22 0 0 
7 448 30 0 0 
24 438 18 0 0 
35 463 6 0 0 
72 384 38 0 0 
30 579 22 0 0 
54 476 12 0 0 
15 433 77 0 0 
22 473 2 0 0 
36 382 38 0 0 
41 389 50 0 0 
25 437 40 0 0 
25 459 18 0 0 
27 495 24 0 0 
19 407 22 0 0 
18 552 11 0 0 
45 453 94 0 0 
32 560 3 0 0 
8 486 13 0 0 
26 455 11 0 0 
56 421 36 0 0 
18 503 29 0 0 
7 515 11 0 0 
21 403 59 0 0 
28 462 14 0 0 
16 404 28 0 0 
14 483 53 0 0 
1 493 64 0 0 
46 376 48 0 0 
62 432 56 0 0 
38 329 18 0 0 
61 315 19 0 0 
10 394 39 0 0 
21 408 36 0 0 
66 492 9 0 0 
29 429 9 0 0 
21 485 13 0 0 
20 414 9 0 0 
23 422 7 0 0 
82 453 28 0 0 
26 439 56 0 0 
25 505 5 0 0 
38 377 41 0 0 
4 551 34 0 0 
11 442 8 0 0 
32 425 14 0 0 
38 390 120 0 0 
3 438 40 0 0 
52 385 87 0 0 
29 418 30 1 0 
23 485 17 0 0 
36 458 21 0 0 
12 502 21 0 0 
8 530 36 0 0 
16 468 18 0 0 
12 438 14 0 0 
28 327 56 0 0 
67 440 24 0 0 
21 403 32 0 0 
32 427 28 0 0 
19 355 50 0 0 
69 460 10 0 0 
22 507 29 0 0 
54 489 16 0 0 
47 416 10 0 0 
37 515 62 0 0 
36 523 34 0 0 
11 506 46 0 0 
59 471 44 0 0 
74 440 6 0 0 
31 409 33 0 0 
31 438 12 0 0 
36 431 24 0 0 
18 530 21 0 0 
16 472 25 0 0 
22 496 54 0 0 
9 436 39 0 0 
67 323 22 0 0 
32 442 14 0 0 
15 456 6 0 0 
33 387 26 0 0 
52 294 69 0 0 
77 472 15 0 0 
40 479 10 0 0 
57 393 37 0 0 
47 373 23 0 0 
45 466 14 0 0 
65 379 37 0 0 
23 414 51 0 0 
16 443 22 0 0 
53 438 0 0 0 
5 492 35 0 0 
56 325 39 0 0 
27 502 11 0 0 
7 348 59 0 0 
19 349 25 0 0 
73 397 16 0 0 
33 396 10 0 0 
18 533 20 0 0 
32 385 23 0 0 
26 416 78 0 0 
9 344 30 0 0 
67 447 36 0 0 
76 401 8 0 0 
64 489 29 0 0 
18 404 56 0 0 
50 457 28 0 0 
22 503 64 0 0 
80 447 18 0 0 
38 373 52 0 0 
52 490 11 0 0 
56 396 51 0 0 
27 432 19 0 0 
28 441 14 0 0 
75 399 5 0 0 
33 469 50 0 0 
28 402 8 0 0 
13 454 23 0 0 
28 412 73 0 0 
93 385 21 0 0 
43 383 42 0 0 
30 451 49 0 0 
45 391 4 0 0 
23 494 17 0 0 
17 550 16 0 0 
89 375 0 0 0 
20 424 36 0 0 
31 569 4 0 0 
34 534 26 0 0 
60 379 6 0 0 
31 394 40 0 0 
79 388 32 0 0 
10 472 24 0 0 
17 457 44 6 0 
42 478 34 0 0 
32 392 96 0 0 
39 454 11 0 0 
114 426 39 0 0 
32 424 17 0 0 
37 467 16 0 0 
24 334 29 0 0 
39 498 31 0 0 
35 405 16 0 0 
103 342 36 0 0 
54 363 31 0 0 
17 387 33 0 0 
28 484 18 0 0 
26 480 14 0 0 
53 403 15 0 0 
16 509 17 0 0 
79 461 54 0 0 
46 436 39 0 0 
24 418 8 0 0 
10 533 33 0 0 
17 366 23 0 0 
21 377 37 0 0 
12 491 60 0 0 
21 410 13 0 0 
46 412 27 0 0 
13 468 12 0 0 
27 377 49 0 0 
41 461 22 0 0 
4 334 50 0 0 
21 341 8 0 0 
42 423 31 0 0 
58 366 47 0 0 
5 447 42 0 0 
37 370 60 0 0 
38 458 42 0 0 
37 514 29 0 0 
88 439 36 0 0 
20 441 3 0 0 
86 409 33 0 0 
81 492 12 0 0 
57 429 69 0 0 
43 473 15 0 0 
43 388 20 0 0 
13 434 77 0 0 
13 344 22 10 0 
17 500 83 0 0 
68 480 19 0 0 
53 357 45 5 0 
70 474 85 0 0 
84 363 18 0 0 
38 485 27 0 0 
40 452 29 0 0 
58 453 33 0 0 
60 443 34 0 0 
5 464 75 0 0 
45 409 7 0 0 
80 467 18 0 0 
68 386 19 0 0 
45 293 36 0 0 
7 383 24 0 0 
54 378 7 0 0 
21 476 31 0 0 
51 404 42 0 0 
50 496 24 0 0 
31 406 15 0 0 
23 393 89 0 0 
35 444 37 0 0 
69 414 19 0 0 
65 445 0 0 0 
85 473 33 0 0 
27 445 6 0 0 
26 425 9 0 0 
21 547 18 0 0 
45 400 34 0 0 
59 414 27 0 0 
43 460 19 0 0 
10 329 18 0 0 
64 513 3 0 0 
17 365 40 0 0 
40 394 86 0 0 
29 471 40 0 0 
16 469 5 0 0 
45 450 10 0 0 
58 432 17 0 0 
93 313 6 0 0 
20 391 31 0 0 
72 414 45 0 0 
40 418 43 0 0 
17 396 20 0 0 
43 455 6 0 0 
62 403 40 0 0 
63 389 35 0 0 
17 422 29 0 0 
48 368 18 0 0 
12 307 81 0 0 
39 475 43 0 0 
74 291 51 0 0 
23 451 37 0 0 
46 380 31 0 0 
36 416 5 0 0 
35 381 39 0 0 
23 373 85 0 0 
12 503 14 0 0 
19 410 84 0 0 
24 417 2 0 0 
80 424 6 0 0 
49 409 21 0 0 
28 538 11 0 0 
27 490 17 0 0 
34 452 30 0 0 
25 386 35 0 0 
31 478 34 0 0 
45 411 3 0 0 
25 298 13 0 0 
27 347 43 0 0 
59 369 31 0 0 
18 414 32 0 0 
16 445 15 1 0 
40 441 10 0 0 
11 478 29 0 0 
29 443 27 0 0 
7 408 43 0 0 
34 514 21 0 0 
29 401 15 0 0 
16 549 28 0 0 
46 444 1 0 0 
9 316 45 0 0 
24 447 29 0 0 
28 383 29 0 0 
43 485 5 0 0 
23 402 63 0 0 
53 365 47 0 0 
56 393 24 0 0 
13 440 81 0 0 
8 440 85 0 0 
25 405 26 0 0 
26 452 13 0 0 
43 496 19 0 0 
9 451 37 0 0 
98 434 34 0 0 
44 524 33 0 0 
13 507 19 0 0 
27 483 35 0 0 
15 480 42 0 0 
11 567 14 0 0 
40 505 60 0 0 
84 392 15 0 0 
59 394 11 0 0 
18 421 18 0 0 
33 490 14 0 0 
36 355 33 0 0 
45 399 13 0 0 
72 399 33 0 0 
52 448 54 0 0 
32 531 21 0 0 
4 525 16 0 0 
34 428 33 0 0 
24 451 13 0 0 
21 382 17 0 0 
24 455 47 0 0 
28 420 26 0 0 
5 539 59 0 0 
22 545 7 0 0 
66 333 52 0 0 
29 369 73 0 0 
55 425 33 0 0 
74 362 33 0 0 
20 511 21 0 0 
36 482 56 0 0 
10 423 43 0 0 
36 405 58 0 0 
29 403 105 0 0 
16 449 19 0 0 
11 458 33 0 0 
23 450 29 0 0 
65 495 12 0 0 
114 376 34 0 0 
43 506 6 0 0 
16 501 13 3 0 
75 454 34 0 0 
47 365 80 0 0 
7 566 17 0 0 
31 422 17 0 0 
17 387 35 0 0 
17 433 31 0 0 
47 421 14 0 0 
38 390 65 0 0 
6 439 93 1 0 
10 411 8 0 0 
79 338 75 0 0 
37 322 27 0 0 
41 410 31 0 0 
51 341 28 0 0 
35 312 26 0 0 
63 418 15 0 0 
36 428 15 0 0 
60 403 21 0 0 
41 416 46 0 0 
23 348 80 0 0 
36 471 53 0 0 
36 458 41 0 0 
69 479 35 0 0 
13 350 76 0 0 
22 415 34 0 0 
16 482 27 0 0 
43 395 39 0 0 
56 454 8 0 0 
20 521 31 0 0 
25 586 12 0 0 
35 448 21 0 0 
43 387 21 0 0 
7 255 74 0 0 
11 390 33 0 0 
20 419 56 0 0 
56 412 4 0 0 
34 506 39 0 0 
21 377 51 0 0 
79 525 14 0 0 
45 399 33 0 0 
25 375 53 0 0 
36 348 3 0 0 
71 488 4 0 0 
25 341 55 0 0 
22 424 11 0 0 
67 326 13 0 0 
27 423 47 0 0 
12 455 40 0 0 
21 449 9 0 0 
27 497 59 0 0 
15 328 55 0 0 
8 391 17 0 0 
85 337 19 0 0 
61 449 19 0 0 
47 351 50 1 0 
61 396 23 0 0 
56 400 28 0 0 
38 488 29 0 0 
20 417 11 0 0 
6 294 13 0 0 
51 393 57 0 0 
39 465 30 0 0 
37 334 41 0 0 
72 397 32 0 0 
66 306 56 0 0 
23 429 39 0 0 
41 344 47 0 0 
5 452 44 0 0 
8 370 24 0 0 
41 506 17 0 0 
56 429 51 0 0 
29 431 1 0 0 
12 585 8 0 0 
38 518 24 0 0 
8 417 38 0 0 
60 425 17 0 0 
48 484 29 0 0 
58 467 36 0 0 
5 511 27 0 0 
32 398 54 0 0 
30 388 19 0 0 
85 455 6 0 0 
31 561 11 0 0 
19 418 9 0 0 
120 354 3 0 0 
26 464 44 0 0 
20 371 38 0 0 
26 476 24 0 0 
22 533 19 0 0 
22 429 75 0 0 
12 414 58 0 0 
12 426 31 0 0 
27 498 32 0 0 
34 444 5 0 0 
40 469 21 0 0 
20 512 13 0 0 
13 435 61 0 0 
43 551 3 0 0 
48 471 12 0 0 
53 552 59 0 0 
33 481 19 0 0 
51 436 27 0 0 
38 424 63 0 0 
62 385 36 0 0 
28 437 60 0 0 
39 379 50 0 0 
46 499 23 0 0 
35 529 34 0 0 
36 529 9 0 0 
67 446 6 0 0 
7 490 29 0 0 
26 379 52 0 0 
14 469 16 0 0 
29 455 27 0 0 
76 494 5 0 0 
81 288 33 0 0 
19 504 39 0 0 
89 452 16 0 0 
20 401 26 0 0 
43 544 43 0 0 
3 430 89 0 0 
64 461 36 0 0 
62 380 40 0 0 
49 384 0 0 0 
15 428 14 0 0 
51 428 22 0 0 
23 415 32 0 0 
10 471 34 0 0 
7 458 19 0 0 
45 388 21 0 0 
22 449 89 0 0 
17 499 15 0 0 
32 450 33 0 0 
25 376 53 0 0 
11 395 49 0 0 
39 368 40 0 0 
70 286 71 0 0 
25 461 36 0 0 
27 341 11 0 0 
28 441 32 0 0 
20 489 23 0 0 
3 442 41 0 0 
119 315 23 0 0 
45 481 7 0 0 
27 474 19 0 0 
48 425 20 0 0 
14 503 14 0 0 
53 376 13 0 0 
23 449 10 0 0 
28 470 7 0 0 
40 489 33 0 0 
52 463 40 0 0 
57 365 18 0 0 
28 460 16 0 0 
13 417 61 0 0 
40 390 74 0 0 
41 381 54 0 0 
40 479 19 0 0 
34 504 1 0 0 
22 452 26 0 0 
38 406 34 0 0 
27 437 10 0 0 
34 392 55 0 0 
4 368 57 0 0 
52 525 43 0 0 
55 403 1 0 0 
34 403 44 0 0 
24 491 41 0 0 
20 355 99 0 0 
47 366 31 0 0 
33 448 21 0 0 
32 395 23 0 0 
26 411 27 0 0 
20 423 63 0 0 
68 539 28 0 0 
21 419 16 0 0 
33 478 29 0 0 
17 463 8 0 0 
26 502 16 0 0 
37 474 25 0 0 
41 496 17 0 0 
60 389 52 0 0 
43 476 16 0 0 
12 462 10 0 0 
34 509 26 0 0 
79 373 43 0 0 
32 466 16 0 0 
13 369 5 0 0 
34 386 55 0 0 
4 400 26 0 0 
44 403 23 0 0 
6 443 46 0 0 
91 301 33 0 0 
54 443 4 0 0 
1 503 42 0 0 
43 489 24 0 0 
4 399 43 0 0 
34 402 67 0 0 
59 367 21 0 0 
14 501 4 12 0 
70 431 8 0 0 
79 342 12 0 0 
21 362 52 0 0 
21 362 27 0 0 
15 522 43 0 0 
81 431 14 0 0 
63 366 58 0 0 
70 408 34 0 0 
33 535 29 0 0 
52 426 5 0 0 
38 407 21 0 0 
25 405 56 0 0 
30 453 31 0 0 
51 355 16 0 0 
37 411 57 0 0 
39 299 23 0 0 
60 481 42 0 0 
42 405 62 0 0 
46 495 51 0 0 
44 379 26 0 0 
21 479 30 0 0 
24 412 44 0 0 
47 426 77 0 0 
51 489 36 0 0 
21 447 42 0 0 
7 426 67 0 0 
17 419 41 0 0 
15 362 80 0 0 
45 335 39 0 0 
1 498 63 0 0 
64 405 40 0 0 
21 484 26 0 0 
34 470 82 0 0 
10 476 16 0 0 
10 379 19 0 0 
20 453 23 0 0 
51 360 66 0 0 
46 437 27 0 0 
25 491 80 0 0 
73 410 24 0 0 
27 412 25 0 0 
51 451 8 0 0 
38 450 12 0 0 
42 357 28 0 0 
50 446 31 0 0 
40 455 68 0 0 
23 395 8 0 0 
61 436 66 0 0 
51 595 11 0 0 
23 469 9 0 0 
45 331 79 0 0 
59 480 27 0 0 
94 400 22 0 0 
47 453 48 0 0 
19 479 30 0 0 
42 420 28 0 0 
1 351 20 0 0 
43 420 34 0 0 
42 415 49 24 0 
6 522 30 0 0 
41 396 70 0 0 
22 347 48 0 0 
51 414 8 0 0 
37 461 49 0 0 
6 464 19 0 0 
31 480 16 0 0 
59 353 20 0 0 
40 400 69 0 0 
52 460 41 0 0 
95 383 8 0 0 
45 499 10 0 0 
36 389 21 0 0 
16 470 25 0 0 
33 383 34 0 0 
30 400 18 0 0 
41 367 14 0 0 
44 381 26 0 0 
32 450 0 0 0 
3 444 8 0 0 
21 491 25 0 0 
56 435 50 0 0 
22 501 13 0 0 
26 431 52 0 0 
21 461 47 0 0 
61 476 10 0 0 
27 477 52 0 0 
44 468 15 0 0 
22 471 13 0 0 
27 523 42 0 0 
62 389 20 0 0 
83 464 21 0 0 
27 419 29 0 0 
7 501 35 0 0 
45 392 58 0 0 
44 416 26 0 0 
129 327 27 0 0 
65 422 30 0 0 
20 471 20 0 0 
6 493 9 0 0 
32 525 12 0 0 
70 391 15 0 0 
11 405 11 0 0 
94 290 67 0 0 
32 392 41 0 0 
24 528 4 0 0 
34 448 32 0 0 
18 417 10 0 0 
61 481 27 0 0 
15 384 62 0 0 
18 521 15 0 0 
39 417 46 0 0 
45 417 50 0 0 
41 457 31 0 0 
71 400 18 0 0 
20 479 31 0 0 
17 506 28 0 0 
26 476 1 0 0 
101 338 27 0 0 
55 351 51 0 0 
26 480 13 0 0 
21 427 36 0 0 
18 333 76 0 0 
26 427 48 0 0 
120 494 5 0 0 
61 451 36 0 0 
44 413 4 0 0 
1 491 30 0 0 
49 335 47 0 0 
48 390 38 0 0 
19 588 24 0 0 
67 377 21 0 0 
5 491 75 0 0 
45 322 57 0 0 
