0 159 11 
0 92 46 
0 167 41 
0 120 12 
0 94 6 
0 99 31 
0 85 55 
0 122 29 
0 118 28 
0 130 33 
0 137 25 
0 124 25 
0 99 36 
0 188 56 
0 81 101 
0 114 36 
0 95 13 
0 95 33 
0 127 24 
0 149 19 
0 65 58 
0 91 34 
0 166 121 
0 114 27 
0 106 39 
0 104 65 
0 79 22 
0 136 23 
0 121 29 
0 130 58 
0 125 89 
0 63 36 
0 131 4 
0 127 40 
0 91 52 
0 142 30 
0 187 45 
0 124 48 
0 123 25 
0 88 52 
0 104 61 
0 120 76 
0 70 70 
0 100 49 
0 93 41 
0 123 58 
0 175 26 
0 93 9 
0 112 62 
0 107 49 
0 99 30 
0 155 29 
0 117 19 
0 80 1 
0 86 31 
0 111 18 
0 112 24 
0 92 30 
0 138 105 
0 140 95 
0 111 15 
0 92 21 
0 125 13 
0 113 29 
0 69 69 
0 116 67 
0 126 32 
0 134 35 
0 144 44 
0 104 66 
0 81 21 
0 110 54 
0 105 43 
0 163 10 
0 111 21 
0 89 29 
0 119 28 
0 127 63 
0 119 39 
0 118 40 
0 106 12 
0 126 40 
0 127 27 
0 108 45 
0 128 4 
0 118 17 
0 111 57 
0 115 56 
0 115 11 
0 101 9 
0 110 13 
0 121 66 
0 143 36 
0 99 43 
0 99 22 
0 142 37 
0 164 33 
0 151 21 
0 115 45 
0 105 19 
0 136 71 
0 90 16 
0 114 29 
0 115 26 
0 67 27 
0 116 30 
0 84 60 
0 63 1 
0 135 20 
0 84 24 
0 101 54 
0 122 43 
0 116 12 
0 131 6 
0 116 46 
0 119 55 
0 124 8 
0 123 48 
0 105 90 
0 72 14 
0 115 36 
0 143 29 
0 105 26 
0 109 25 
0 149 31 
0 101 65 
0 120 39 
0 99 55 
0 135 40 
0 55 56 
0 80 50 
0 78 31 
0 108 49 
0 84 65 
0 144 17 
0 131 106 
0 160 58 
0 142 30 
0 93 28 
0 119 60 
0 98 43 
0 168 27 
0 75 39 
0 167 56 
0 152 18 
0 118 39 
0 161 35 
0 100 27 
0 93 51 
0 82 20 
0 99 65 
0 115 21 
0 89 24 
0 113 56 
0 101 33 
0 123 31 
0 111 8 
0 84 26 
0 158 57 
0 118 53 
0 158 26 
0 171 41 
0 70 63 
0 111 48 
0 153 12 
0 128 33 
0 87 27 
0 173 18 
0 85 88 
0 50 40 
0 171 25 
0 94 57 
0 134 29 
0 123 27 
0 147 4 
0 118 79 
0 156 22 
0 117 7 
0 112 34 
0 165 23 
0 81 2 
0 124 15 
0 125 23 
0 101 50 
0 160 42 
0 84 14 
0 127 31 
0 157 60 
0 73 78 
0 128 33 
0 148 54 
0 102 19 
0 88 25 
0 121 41 
0 63 17 
0 110 29 
0 114 1 
0 104 42 
0 92 31 
0 116 69 
0 110 36 
0 94 59 
0 116 10 
0 85 27 
0 143 77 
0 163 13 
0 167 3 
0 141 45 
0 139 34 
0 112 80 
0 106 8 
0 103 13 
0 144 12 
0 114 17 
0 174 36 
0 184 21 
0 115 41 
0 115 10 
0 131 32 
0 150 34 
0 114 56 
0 100 17 
0 148 47 
0 95 33 
0 76 37 
0 144 102 
0 109 19 
0 127 31 
0 121 16 
0 156 34 
0 183 54 
0 118 17 
0 106 64 
0 123 39 
0 104 29 
0 100 12 
0 149 10 
0 144 47 
0 142 38 
0 120 10 
0 88 27 
0 111 41 
0 99 4 
0 84 48 
0 113 97 
0 135 50 
0 71 41 
0 99 75 
0 95 52 
0 155 27 
0 116 55 
0 134 41 
0 111 22 
0 75 44 
0 115 7 
0 80 62 
0 79 38 
0 77 5 
0 111 28 
0 136 25 
0 102 48 
0 152 32 
0 121 15 
0 147 73 
0 143 27 
0 120 18 
0 139 8 
0 109 27 
0 89 22 
0 130 71 
0 77 55 
0 124 43 
0 86 47 
0 117 24 
0 102 53 
0 115 61 
0 151 36 
0 114 72 
0 157 26 
0 119 14 
0 110 34 
0 106 16 
0 108 38 
0 94 46 
0 114 27 
0 144 62 
0 183 53 
0 110 21 
0 142 15 
0 65 45 
0 114 11 
0 144 17 
0 86 34 
0 135 45 
0 131 8 
0 127 15 
0 91 10 
0 109 19 
0 112 54 
0 108 76 
0 166 47 
0 141 50 
0 123 17 
0 141 34 
0 120 20 
0 89 83 
0 127 36 
0 88 84 
0 107 31 
0 83 42 
0 136 40 
0 132 47 
0 82 33 
0 115 47 
0 134 32 
0 112 30 
0 127 16 
0 94 40 
0 117 48 
0 134 29 
0 144 20 
0 92 42 
0 96 24 
0 123 65 
0 75 27 
0 135 59 
0 94 55 
0 58 73 
0 87 50 
0 142 7 
0 105 57 
0 98 20 
0 101 51 
0 78 8 
0 118 43 
0 136 25 
0 83 37 
0 106 28 
0 125 22 
0 76 43 
0 156 42 
0 64 54 
0 135 81 
0 114 35 
0 121 22 
0 167 33 
0 90 26 
0 110 28 
0 118 62 
0 114 22 
0 128 15 
0 90 13 
0 140 16 
0 114 21 
0 77 31 
0 126 21 
0 141 20 
0 114 23 
0 79 30 
0 122 19 
0 98 62 
0 219 60 
0 162 20 
0 112 34 
0 110 65 
0 69 86 
0 101 8 
0 139 27 
0 94 43 
0 89 31 
0 83 44 
0 109 58 
0 84 25 
0 136 21 
0 93 52 
0 113 3 
0 112 39 
0 167 18 
0 83 42 
0 154 49 
0 119 33 
0 139 38 
0 158 24 
0 140 27 
0 107 29 
0 87 28 
0 125 57 
0 117 9 
0 108 77 
0 107 50 
0 86 58 
0 95 35 
0 127 15 
0 78 22 
0 98 42 
0 116 74 
0 143 12 
0 142 20 
0 112 45 
0 155 51 
0 131 116 
0 131 13 
0 124 37 
0 113 24 
0 108 45 
0 154 34 
0 109 24 
0 70 8 
0 113 52 
0 144 39 
0 162 38 
0 139 43 
0 161 63 
0 140 69 
0 118 1 
0 109 75 
0 131 26 
0 180 15 
0 88 26 
0 136 60 
0 57 48 
0 151 41 
0 80 20 
0 104 26 
0 87 44 
0 150 16 
0 97 40 
0 69 29 
0 159 32 
0 42 60 
0 110 45 
0 78 62 
0 127 53 
0 117 22 
0 139 1 
0 164 31 
0 70 63 
0 105 37 
0 114 52 
0 120 55 
0 72 9 
0 72 24 
0 123 38 
0 190 72 
0 120 29 
0 114 38 
0 123 54 
0 95 46 
0 149 29 
0 116 39 
0 77 14 
0 105 20 
0 115 18 
0 100 26 
0 116 40 
0 106 24 
0 98 85 
0 100 58 
0 178 19 
0 183 20 
0 113 18 
0 102 44 
0 141 43 
0 96 23 
0 134 20 
0 106 27 
0 130 69 
0 96 58 
0 101 28 
0 154 15 
0 112 16 
0 122 32 
0 109 33 
0 93 21 
0 92 29 
0 144 31 
0 107 57 
0 110 26 
0 102 91 
0 235 30 
0 107 43 
0 96 12 
0 116 60 
0 142 26 
0 106 15 
0 149 36 
0 126 34 
0 106 28 
0 124 49 
0 109 22 
0 83 55 
0 143 72 
0 87 43 
0 151 35 
0 130 43 
0 95 53 
0 114 14 
0 138 29 
0 132 27 
0 78 25 
0 113 40 
0 117 67 
0 148 54 
0 124 31 
0 149 26 
0 113 38 
0 162 17 
0 132 33 
0 149 14 
0 68 30 
0 111 23 
0 125 23 
0 131 27 
0 127 35 
0 107 24 
0 139 28 
0 119 19 
0 139 34 
0 95 38 
0 68 36 
0 122 15 
0 133 89 
0 55 80 
0 72 66 
0 120 45 
0 94 42 
0 118 54 
0 112 15 
0 96 104 
0 133 51 
0 117 42 
0 128 71 
0 102 32 
0 91 94 
0 98 14 
0 141 17 
0 148 20 
0 165 31 
0 111 51 
0 86 22 
0 120 13 
0 166 71 
0 126 50 
0 118 40 
0 62 15 
0 137 41 
0 101 38 
0 157 39 
0 104 53 
0 112 62 
0 144 91 
0 105 18 
0 119 18 
0 134 101 
0 95 14 
0 97 35 
0 146 31 
0 147 80 
0 169 29 
0 150 49 
0 105 63 
0 115 50 
0 100 20 
0 87 43 
0 109 56 
0 95 41 
0 141 33 
0 103 41 
0 217 32 
0 167 23 
0 103 67 
0 110 38 
0 123 35 
0 115 72 
0 140 31 
0 103 29 
0 121 42 
0 111 50 
0 142 28 
0 86 45 
0 160 37 
0 93 54 
0 149 29 
0 133 38 
0 158 42 
0 113 20 
0 99 31 
0 168 60 
0 72 81 
0 109 12 
0 138 14 
0 90 20 
0 125 45 
0 117 78 
0 107 43 
0 105 25 
0 97 28 
0 100 18 
0 119 15 
0 90 70 
0 101 16 
0 94 4 
0 151 24 
0 109 84 
0 103 12 
0 105 33 
0 111 30 
0 151 26 
0 196 22 
0 97 35 
0 111 28 
0 138 76 
0 161 16 
0 83 31 
0 111 18 
0 185 43 
0 120 50 
0 123 60 
0 115 18 
0 143 26 
0 117 8 
0 137 68 
0 119 34 
0 106 69 
0 87 27 
0 107 17 
0 120 48 
0 143 52 
0 130 18 
0 142 19 
0 125 23 
0 147 29 
0 126 18 
0 108 6 
0 75 89 
0 110 35 
0 97 34 
0 134 42 
0 97 86 
0 111 21 
0 131 34 
0 112 44 
0 113 80 
0 114 60 
0 152 25 
0 98 104 
0 135 65 
0 94 69 
0 141 11 
0 113 87 
0 77 57 
0 122 61 
0 131 20 
0 106 24 
0 123 59 
0 127 35 
0 98 26 
0 179 38 
0 93 20 
0 84 52 
0 118 21 
0 150 23 
0 137 49 
0 111 46 
0 95 68 
0 125 25 
0 127 70 
0 83 18 
0 100 82 
0 162 25 
0 134 34 
0 85 53 
0 119 66 
0 119 58 
0 104 85 
0 114 58 
0 71 18 
0 88 48 
0 106 22 
0 151 58 
0 78 14 
0 96 52 
0 112 18 
0 124 12 
0 142 70 
0 118 62 
0 100 6 
0 118 40 
0 104 32 
0 126 62 
0 108 19 
0 117 35 
0 88 9 
0 103 13 
0 175 14 
0 181 42 
0 39 39 
0 95 50 
0 116 24 
0 123 138 
0 137 47 
0 121 16 
0 122 18 
0 135 16 
0 135 36 
0 132 96 
0 131 64 
0 146 41 
0 136 12 
0 112 6 
0 92 35 
0 105 56 
0 84 75 
0 110 64 
0 106 30 
0 135 19 
0 175 22 
0 113 21 
0 111 57 
0 141 16 
0 77 47 
0 65 40 
0 102 37 
0 147 27 
0 145 152 
0 128 28 
0 91 35 
0 87 23 
0 104 13 
0 84 24 
0 87 15 
0 143 91 
0 128 38 
0 124 44 
0 134 40 
0 101 81 
0 139 37 
0 86 28 
0 83 13 
0 80 40 
0 142 47 
0 110 31 
0 64 71 
0 131 31 
0 136 44 
0 128 26 
0 112 17 
0 82 47 
0 122 9 
0 120 30 
0 117 44 
0 123 20 
0 87 17 
0 134 34 
0 91 30 
0 80 22 
0 148 31 
0 83 65 
0 104 75 
0 94 23 
0 116 97 
0 81 17 
0 112 53 
0 131 34 
0 110 37 
0 106 18 
0 151 65 
0 152 41 
0 84 54 
0 110 89 
0 126 18 
0 83 17 
0 96 21 
0 160 24 
0 119 43 
0 135 14 
0 116 77 
0 197 42 
0 128 29 
0 152 54 
0 104 59 
0 110 55 
0 145 34 
0 77 28 
0 132 49 
0 105 68 
0 105 71 
0 143 15 
0 79 34 
0 100 17 
0 127 51 
0 117 24 
0 123 7 
0 98 41 
0 151 35 
0 117 103 
0 150 47 
0 119 51 
0 82 109 
0 69 38 
0 123 15 
0 124 22 
0 154 22 
0 60 76 
0 92 43 
0 106 23 
0 117 93 
0 125 6 
0 108 108 
0 98 77 
0 68 20 
0 124 48 
0 94 67 
0 122 54 
0 73 41 
0 131 27 
0 140 46 
0 84 27 
0 124 44 
0 105 80 
0 142 6 
0 83 28 
0 84 7 
0 106 20 
0 107 31 
0 136 9 
0 115 58 
0 103 37 
0 163 28 
0 133 22 
0 107 25 
0 108 19 
0 141 112 
0 124 33 
0 88 32 
0 165 17 
0 124 84 
0 141 32 
0 172 38 
0 103 74 
0 117 40 
0 131 47 
0 100 46 
0 82 36 
0 114 39 
0 114 17 
0 60 51 
0 150 24 
0 100 89 
0 120 12 
0 103 49 
0 113 14 
0 112 11 
0 162 25 
0 79 17 
0 132 15 
0 144 44 
0 101 27 
0 183 32 
0 105 20 
0 101 24 
0 117 5 
0 75 39 
0 105 45 
0 121 5 
0 125 34 
0 92 27 
0 79 65 
0 149 39 
0 92 72 
0 161 65 
0 97 44 
0 84 40 
0 97 66 
0 166 20 
0 142 9 
0 100 58 
0 142 24 
0 112 53 
0 87 39 
0 179 51 
0 104 29 
0 103 74 
0 87 6 
0 108 37 
0 95 4 
0 127 18 
0 78 39 
0 113 71 
0 132 27 
0 135 5 
0 166 41 
0 128 19 
0 66 71 
0 133 66 
0 95 95 
0 96 34 
0 139 18 
0 116 76 
0 114 22 
0 101 97 
0 137 25 
0 96 7 
0 149 40 
0 80 69 
0 109 52 
0 132 157 
0 130 28 
0 119 48 
0 90 87 
0 73 65 
0 144 31 
0 117 26 
0 132 35 
0 70 21 
0 108 104 
0 115 61 
0 103 47 
0 120 2 
0 47 45 
0 107 41 
0 149 25 
0 163 74 
0 123 18 
0 94 69 
0 72 12 
0 135 41 
0 129 27 
0 89 29 
0 116 26 
0 119 52 
0 131 68 
0 149 18 
0 65 29 
0 106 20 
0 78 33 
0 150 16 
0 122 39 
0 170 48 
0 127 28 
0 116 38 
0 90 105 
0 209 23 
0 130 9 
0 102 29 
0 162 13 
0 126 51 
0 89 96 
0 106 17 
0 71 8 
0 111 30 
0 137 39 
0 121 26 
0 97 42 
0 151 112 
0 97 10 
0 83 6 
0 97 40 
0 133 17 
0 132 33 
0 118 41 
0 133 48 
0 91 72 
0 122 29 
0 126 94 
0 130 51 
0 138 71 
0 116 18 
0 135 10 
0 119 39 
0 95 21 
0 143 50 
0 87 27 
0 81 103 
0 111 79 
0 127 57 
0 127 65 
0 110 38 
0 134 34 
0 171 33 
0 102 58 
0 113 38 
0 80 27 
0 116 49 
0 126 87 
0 129 47 
0 118 70 
0 136 22 
0 81 45 
0 101 40 
0 93 44 
0 148 15 
0 108 70 
0 111 51 
0 85 29 
0 115 33 
0 64 71 
0 124 41 
0 104 74 
0 133 50 
