0 27 102 
0 78 114 
0 16 176 
0 32 252 
0 28 52 
0 43 65 
0 14 91 
0 16 166 
0 43 138 
0 18 99 
0 102 84 
0 44 167 
0 4 88 
0 63 90 
0 16 109 
0 21 68 
0 14 62 
0 24 70 
0 4 44 
0 10 77 
0 15 110 
0 46 81 
0 37 137 
0 27 67 
0 21 48 
0 26 104 
0 21 152 
0 35 124 
0 26 59 
0 39 78 
0 26 42 
0 13 21 
0 30 61 
0 43 67 
0 30 103 
0 19 33 
0 13 67 
0 14 79 
0 5 56 
0 25 115 
0 29 78 
0 34 95 
0 40 111 
0 18 48 
0 29 118 
0 19 94 
0 21 32 
0 35 70 
0 37 36 
0 14 68 
0 29 107 
0 42 137 
0 52 130 
0 8 95 
0 24 92 
0 19 153 
0 24 115 
0 14 99 
0 19 112 
0 7 138 
0 33 47 
0 12 131 
0 36 123 
0 21 117 
0 46 84 
0 12 94 
0 44 90 
0 9 208 
0 29 163 
0 13 133 
0 48 41 
0 10 73 
0 5 61 
0 31 44 
0 42 71 
0 15 62 
0 41 84 
0 20 211 
0 13 72 
0 51 143 
0 14 122 
0 58 54 
0 11 46 
0 49 38 
0 11 155 
0 20 99 
0 38 43 
0 63 22 
0 10 53 
0 23 88 
0 17 106 
0 8 106 
0 15 106 
0 9 110 
0 15 184 
0 42 136 
0 3 90 
0 22 62 
0 53 114 
0 20 107 
0 36 149 
0 22 99 
0 57 91 
0 40 62 
0 11 126 
0 70 85 
0 21 142 
0 13 114 
0 36 35 
0 24 105 
0 17 145 
0 21 53 
0 14 45 
0 29 137 
0 26 72 
0 39 55 
0 45 52 
0 33 105 
0 45 33 
0 17 55 
0 37 38 
0 11 50 
0 19 23 
0 29 124 
0 16 84 
0 21 34 
0 36 76 
0 4 53 
0 24 78 
0 45 48 
0 28 61 
0 10 129 
0 22 86 
0 32 123 
0 22 86 
0 23 115 
0 46 56 
0 46 110 
0 24 43 
0 34 52 
0 1 18 
0 49 67 
0 77 87 
0 32 127 
0 90 79 
0 39 59 
0 11 77 
0 23 161 
0 30 157 
0 14 74 
0 27 97 
0 21 65 
0 24 129 
0 23 117 
0 48 90 
0 16 93 
0 35 80 
0 25 138 
0 30 178 
0 16 223 
0 63 41 
0 50 90 
0 21 68 
0 10 151 
0 26 70 
0 43 106 
0 46 181 
0 14 122 
0 37 54 
0 43 143 
0 6 70 
0 45 38 
0 65 163 
0 64 94 
0 32 46 
0 52 139 
0 17 86 
0 11 93 
0 40 120 
0 40 103 
0 23 142 
0 45 146 
0 26 109 
0 40 102 
0 38 93 
0 33 144 
0 19 41 
0 70 79 
0 8 87 
0 26 80 
0 49 113 
0 30 124 
0 26 134 
0 14 82 
0 56 103 
0 45 51 
0 11 106 
0 13 79 
0 36 88 
0 42 114 
0 18 76 
0 12 44 
0 19 136 
0 17 108 
0 34 77 
0 14 96 
0 45 70 
0 27 73 
0 24 78 
0 17 72 
0 35 65 
0 30 61 
0 35 87 
0 52 89 
0 47 65 
0 27 83 
0 22 81 
0 19 114 
0 21 50 
0 24 68 
0 43 122 
0 19 134 
0 56 135 
0 49 65 
0 43 145 
0 26 71 
0 21 63 
0 5 88 
0 0 34 
0 43 80 
0 14 99 
0 28 80 
0 15 65 
0 27 39 
0 3 160 
0 37 133 
0 27 101 
0 15 79 
0 9 99 
0 20 163 
0 15 112 
0 17 86 
0 45 75 
0 44 51 
0 44 24 
0 45 155 
0 39 67 
0 26 154 
0 18 57 
0 15 143 
0 38 67 
0 8 83 
0 29 96 
0 42 144 
0 16 68 
0 45 43 
0 12 149 
0 26 114 
0 18 128 
0 13 87 
0 35 92 
0 35 61 
0 6 199 
0 42 53 
0 22 104 
0 16 165 
0 38 72 
0 4 107 
0 42 90 
0 23 181 
0 9 115 
0 15 47 
0 37 93 
0 15 94 
0 37 92 
0 22 122 
0 36 93 
0 10 73 
0 3 49 
0 14 21 
0 17 13 
0 18 129 
0 62 126 
0 11 102 
0 23 98 
0 31 110 
0 21 40 
0 36 60 
0 6 121 
0 35 86 
0 9 210 
0 26 145 
0 19 139 
0 49 96 
0 16 120 
0 42 100 
0 19 35 
0 34 205 
0 78 94 
0 38 54 
0 62 119 
0 19 77 
0 12 39 
0 23 67 
0 23 131 
0 10 88 
0 19 120 
0 24 44 
0 1 130 
0 44 85 
0 32 153 
0 20 97 
0 41 57 
0 28 149 
0 42 117 
0 39 63 
0 59 80 
0 16 55 
0 25 51 
0 21 90 
0 23 66 
0 39 73 
0 38 134 
0 23 76 
0 63 102 
0 48 129 
0 8 70 
0 14 38 
0 7 128 
0 47 55 
0 26 35 
0 62 85 
0 18 47 
0 25 78 
0 23 104 
0 23 41 
0 26 59 
0 25 131 
0 48 91 
0 18 51 
0 11 94 
0 14 145 
0 19 106 
0 12 135 
0 48 55 
0 36 73 
0 16 127 
0 16 255 
0 12 79 
0 18 106 
0 36 135 
0 19 77 
0 41 52 
0 17 96 
0 41 77 
0 11 130 
0 21 70 
0 58 67 
0 21 87 
0 17 69 
0 23 110 
0 42 84 
0 56 56 
0 67 56 
0 28 88 
0 12 120 
0 34 105 
0 12 98 
0 55 45 
0 47 70 
0 17 91 
0 36 108 
0 44 63 
0 1 126 
0 72 86 
0 26 28 
0 10 40 
0 15 130 
0 32 23 
0 23 128 
0 27 95 
0 22 42 
0 12 32 
0 30 53 
0 11 41 
0 58 71 
0 45 72 
0 38 55 
0 41 72 
0 36 55 
0 6 124 
0 36 72 
0 21 118 
0 18 90 
0 48 89 
0 32 72 
0 11 81 
0 37 67 
0 13 95 
0 11 169 
0 6 85 
0 24 126 
0 22 76 
0 29 92 
0 0 80 
0 49 63 
0 64 103 
0 20 88 
0 11 137 
0 26 175 
0 36 78 
0 60 135 
0 19 106 
0 20 137 
0 18 120 
0 32 52 
0 24 75 
0 19 60 
0 59 90 
0 27 195 
0 17 61 
0 23 108 
0 14 102 
0 8 49 
0 32 157 
0 27 86 
0 23 74 
0 32 260 
0 27 56 
0 32 130 
0 54 98 
0 40 91 
0 31 106 
0 24 91 
0 67 43 
0 37 125 
0 16 70 
0 38 73 
0 0 59 
0 25 135 
0 65 57 
0 38 79 
0 20 108 
0 5 215 
0 53 129 
0 10 75 
0 5 110 
0 17 109 
0 58 104 
0 18 95 
0 42 129 
0 29 83 
0 80 46 
0 17 151 
0 5 151 
0 23 98 
0 35 67 
0 41 44 
0 3 111 
0 27 210 
0 17 77 
0 30 68 
0 10 148 
0 38 130 
0 5 120 
0 46 125 
0 47 104 
0 16 137 
0 24 99 
0 23 94 
0 8 33 
0 21 28 
0 36 47 
0 72 57 
0 28 171 
0 25 159 
0 59 126 
0 23 101 
0 39 106 
0 18 77 
0 17 105 
0 36 58 
0 31 105 
0 35 62 
0 41 77 
0 25 76 
0 40 81 
0 34 96 
0 49 29 
0 51 60 
0 15 72 
0 16 157 
0 12 73 
0 20 78 
0 3 58 
0 65 130 
0 23 90 
0 50 127 
0 40 145 
0 27 74 
0 42 57 
0 44 100 
0 23 53 
0 19 115 
0 19 112 
0 18 117 
0 7 122 
0 18 102 
0 7 49 
0 12 60 
0 14 161 
0 29 126 
0 32 164 
0 20 67 
0 39 55 
0 19 85 
0 53 59 
0 30 110 
0 20 66 
0 20 66 
0 28 103 
0 16 64 
0 19 84 
0 60 119 
0 28 46 
0 5 82 
0 25 63 
0 14 51 
0 14 42 
0 45 95 
0 33 114 
0 80 107 
0 15 87 
0 44 60 
0 42 81 
0 43 137 
0 40 110 
0 5 150 
0 48 72 
0 20 85 
0 23 72 
0 11 91 
0 30 92 
0 21 111 
0 10 177 
0 34 148 
0 48 139 
0 31 43 
0 48 69 
0 33 83 
0 28 15 
0 16 125 
0 22 31 
0 103 41 
0 21 93 
0 8 117 
0 17 72 
0 60 67 
0 14 77 
0 23 142 
0 6 72 
0 58 77 
0 29 135 
0 35 44 
0 15 74 
0 17 96 
0 42 95 
0 13 77 
0 14 114 
0 23 76 
0 24 102 
0 34 40 
0 76 76 
0 21 126 
0 29 121 
0 22 102 
0 24 82 
0 7 134 
0 22 200 
0 29 108 
0 37 167 
0 34 36 
0 44 115 
0 24 52 
0 32 68 
0 23 123 
0 35 52 
0 43 131 
0 51 47 
0 24 102 
0 23 49 
0 15 118 
0 46 195 
0 14 83 
0 32 156 
0 1 148 
0 54 68 
0 21 51 
0 15 104 
0 27 100 
0 12 117 
0 17 40 
0 26 84 
0 40 73 
0 3 134 
0 17 96 
0 42 79 
0 20 64 
0 46 162 
0 4 64 
0 4 143 
0 59 59 
0 16 66 
0 38 81 
0 3 44 
0 37 103 
0 20 85 
0 45 87 
0 11 109 
0 24 66 
0 14 153 
0 33 42 
0 20 151 
0 27 96 
0 49 84 
0 11 83 
0 20 121 
0 32 129 
0 43 102 
0 13 78 
0 40 218 
0 37 228 
0 12 98 
0 24 69 
0 12 116 
0 25 39 
0 8 111 
0 22 180 
0 11 101 
0 28 79 
0 11 101 
0 19 69 
0 31 42 
0 29 94 
0 54 66 
0 33 67 
0 36 66 
0 27 130 
0 44 161 
0 51 131 
0 14 98 
0 18 98 
0 19 104 
0 23 66 
0 58 65 
0 69 37 
0 34 102 
0 40 109 
0 12 51 
0 48 95 
0 29 99 
0 34 158 
0 43 67 
0 36 78 
0 41 270 
0 30 111 
0 36 66 
0 22 47 
0 25 71 
0 41 55 
0 16 73 
0 5 58 
0 36 96 
0 28 80 
0 33 89 
0 24 74 
0 27 52 
0 45 57 
0 29 86 
0 47 130 
0 73 63 
0 45 92 
0 27 83 
0 23 198 
0 19 149 
0 57 56 
0 16 28 
0 20 113 
0 32 29 
0 82 29 
0 20 84 
0 38 144 
0 13 73 
0 32 67 
0 20 164 
0 20 124 
0 9 83 
0 11 28 
0 26 45 
0 27 61 
0 49 23 
0 23 97 
0 35 180 
0 25 77 
0 37 163 
0 51 44 
0 29 107 
0 26 131 
0 28 72 
0 23 123 
0 9 78 
0 25 102 
0 31 79 
0 19 49 
0 5 70 
0 6 81 
0 39 112 
0 11 34 
0 37 77 
0 59 171 
0 6 95 
0 37 72 
0 24 46 
0 41 82 
0 32 158 
0 9 103 
0 15 42 
0 31 50 
0 53 141 
0 22 124 
0 30 69 
0 13 105 
0 12 53 
0 30 48 
0 18 94 
0 27 37 
0 18 33 
0 13 66 
0 8 168 
0 109 45 
0 37 108 
0 7 83 
0 24 87 
0 36 64 
0 48 73 
0 37 87 
0 23 57 
0 32 142 
0 35 120 
0 12 58 
0 71 65 
0 35 122 
0 24 52 
0 37 47 
0 24 93 
0 24 99 
0 17 29 
0 2 110 
0 15 213 
0 23 68 
0 38 71 
0 32 54 
0 61 90 
0 51 44 
0 36 144 
0 31 101 
0 76 49 
0 15 77 
0 31 57 
0 28 80 
0 40 156 
0 47 139 
0 21 73 
0 39 73 
0 12 100 
0 18 61 
0 22 100 
0 16 118 
0 39 250 
0 20 123 
0 8 40 
0 12 65 
0 31 51 
0 9 163 
0 53 70 
0 27 79 
0 22 113 
0 28 87 
0 19 68 
0 30 57 
0 23 129 
0 50 63 
0 8 72 
0 17 52 
0 12 98 
0 3 103 
0 43 98 
0 38 86 
0 28 107 
0 45 148 
0 8 104 
0 15 104 
0 18 151 
0 52 113 
0 19 120 
0 22 51 
0 20 88 
0 14 171 
0 13 59 
0 40 102 
0 23 96 
0 18 42 
0 1 61 
0 14 54 
0 30 53 
0 3 102 
0 34 86 
0 42 107 
0 40 143 
0 52 125 
0 39 196 
0 19 62 
0 39 121 
0 38 60 
0 30 95 
0 11 43 
0 6 237 
0 11 61 
0 32 47 
0 46 70 
0 42 56 
0 43 56 
0 24 83 
0 35 112 
0 40 71 
0 6 63 
0 18 68 
0 39 29 
0 24 76 
0 17 86 
0 38 63 
0 27 87 
0 15 37 
0 33 110 
0 19 117 
0 55 111 
0 65 59 
0 22 89 
0 37 29 
0 49 60 
0 29 32 
0 10 27 
0 23 140 
0 14 167 
0 34 122 
0 19 78 
0 5 65 
0 12 163 
0 76 76 
0 19 34 
0 14 81 
0 49 50 
0 11 83 
0 54 125 
0 51 80 
0 35 81 
0 48 84 
0 23 149 
0 29 54 
0 65 155 
0 27 194 
0 28 98 
0 11 165 
0 10 250 
0 33 151 
0 10 48 
0 17 59 
0 76 92 
0 22 144 
0 8 20 
0 25 125 
0 17 69 
0 33 48 
0 16 111 
0 21 154 
0 8 94 
0 16 146 
0 10 193 
0 33 106 
0 16 116 
0 25 71 
0 7 60 
0 22 108 
0 31 123 
0 7 126 
0 13 92 
0 11 78 
0 52 112 
0 69 154 
0 12 58 
0 18 123 
0 30 72 
0 27 101 
0 40 78 
0 33 150 
0 16 60 
0 3 66 
0 38 111 
0 36 97 
0 29 66 
0 39 87 
0 14 77 
0 46 55 
0 17 152 
0 31 170 
0 30 95 
0 25 67 
0 31 83 
0 52 109 
0 23 67 
0 6 156 
0 31 86 
0 39 52 
0 17 106 
0 20 117 
0 24 63 
0 10 152 
0 54 24 
0 12 98 
0 30 101 
0 56 103 
0 15 96 
0 18 114 
0 39 54 
0 5 126 
0 76 184 
0 21 91 
0 15 115 
0 46 72 
0 36 84 
0 26 88 
0 21 124 
0 8 63 
0 2 114 
0 11 161 
0 30 98 
0 33 93 
0 15 100 
0 0 71 
0 79 124 
0 39 94 
0 45 62 
0 44 148 
0 30 65 
0 19 76 
0 65 82 
0 6 74 
0 73 77 
0 10 83 
0 27 106 
0 16 131 
0 33 124 
0 7 55 
0 33 49 
0 53 98 
0 31 51 
0 72 58 
0 12 67 
0 44 83 
0 35 59 
0 18 111 
0 51 96 
0 16 30 
0 20 58 
0 62 104 
0 16 99 
0 28 118 
0 54 39 
0 47 97 
0 49 64 
0 6 83 
0 17 79 
0 53 127 
0 23 152 
0 15 67 
0 19 55 
0 26 82 
0 20 75 
0 20 40 
0 9 95 
0 31 86 
0 31 88 
0 17 100 
0 32 99 
0 19 87 
0 43 42 
0 54 74 
0 34 111 
0 40 74 
0 37 92 
