0 24 129 
0 10 109 
0 45 58 
0 39 64 
0 35 64 
0 48 29 
0 6 62 
0 27 165 
0 23 98 
0 21 77 
0 14 59 
0 36 92 
0 24 129 
0 22 124 
0 1 81 
0 25 156 
0 9 142 
0 43 60 
0 29 120 
0 19 134 
0 28 84 
0 49 89 
0 45 73 
0 24 119 
0 14 87 
0 19 57 
0 81 76 
0 34 158 
0 43 93 
0 4 108 
0 46 66 
0 17 29 
0 47 91 
0 46 123 
0 38 71 
0 38 91 
0 13 76 
0 14 61 
0 5 102 
0 36 65 
0 23 66 
0 33 107 
0 47 78 
0 20 121 
0 77 186 
0 10 148 
0 74 23 
0 27 40 
0 4 87 
0 16 111 
0 19 68 
0 34 53 
0 33 108 
0 21 97 
0 26 152 
0 27 80 
0 33 102 
0 31 143 
0 2 45 
0 47 141 
0 58 70 
0 57 78 
0 4 96 
0 9 68 
0 6 29 
0 28 39 
0 20 27 
0 44 50 
0 38 75 
0 36 34 
0 25 72 
0 52 72 
0 50 98 
0 31 49 
0 15 27 
0 26 164 
0 9 77 
0 22 74 
0 40 113 
0 39 60 
0 17 59 
0 30 160 
0 47 69 
0 23 126 
0 47 150 
0 17 79 
0 34 80 
0 12 103 
0 36 89 
0 53 39 
0 20 111 
0 56 125 
0 31 28 
0 38 68 
0 53 117 
0 61 88 
0 74 160 
0 18 186 
0 32 99 
0 23 265 
0 43 32 
0 44 190 
0 46 134 
0 26 64 
0 11 189 
0 59 36 
0 28 54 
0 46 51 
0 15 124 
0 12 114 
0 1 42 
0 37 88 
0 53 70 
0 27 76 
0 39 135 
0 65 73 
0 6 109 
0 10 96 
0 31 58 
0 15 94 
0 39 101 
0 7 71 
0 17 130 
0 22 101 
0 51 126 
0 14 107 
0 33 80 
0 39 77 
0 32 48 
0 55 93 
0 25 48 
0 6 47 
0 23 43 
0 20 160 
0 6 50 
0 37 134 
0 7 123 
0 2 136 
0 4 128 
0 61 176 
0 14 96 
0 18 144 
0 59 75 
0 31 77 
0 1 42 
0 21 112 
0 33 128 
0 27 43 
0 26 104 
0 28 149 
0 32 107 
0 26 82 
0 51 53 
0 21 58 
0 21 84 
0 24 57 
0 30 56 
0 43 82 
0 42 73 
0 19 84 
0 31 121 
0 43 37 
0 26 72 
0 33 101 
0 18 129 
0 0 50 
0 31 162 
0 21 41 
0 27 80 
0 13 56 
0 28 210 
0 13 207 
0 16 109 
0 14 36 
0 13 104 
0 7 104 
0 9 65 
0 18 93 
0 13 101 
0 11 55 
0 14 115 
0 27 140 
0 8 89 
0 52 123 
0 16 36 
0 4 93 
0 21 14 
0 8 47 
0 36 77 
0 23 121 
0 2 118 
0 2 23 
0 23 27 
0 8 81 
0 18 93 
0 39 90 
0 33 94 
0 30 91 
0 11 165 
0 57 185 
0 39 94 
0 7 31 
0 24 107 
0 4 120 
0 50 44 
0 5 75 
0 33 83 
0 10 59 
0 25 46 
0 39 61 
0 36 148 
0 2 194 
0 45 103 
0 4 143 
0 40 103 
0 23 48 
0 51 72 
0 11 59 
0 5 88 
0 52 155 
0 5 23 
0 3 141 
0 27 71 
0 43 245 
0 55 148 
0 28 123 
0 8 123 
0 17 76 
0 38 51 
0 32 86 
0 2 48 
0 21 61 
0 35 81 
0 30 136 
0 1 88 
0 41 58 
0 25 93 
0 56 71 
0 42 84 
0 75 54 
0 19 51 
0 32 71 
0 24 112 
0 39 61 
0 42 174 
0 10 153 
0 52 78 
0 9 75 
0 12 59 
0 27 114 
0 20 94 
0 22 219 
0 17 94 
0 16 56 
0 6 165 
0 9 22 
0 28 58 
0 19 61 
0 7 50 
0 16 114 
0 7 58 
0 10 87 
0 49 70 
0 14 100 
0 12 67 
0 1 86 
0 52 62 
0 46 46 
0 23 99 
0 66 31 
0 42 136 
0 10 93 
0 15 84 
0 17 97 
0 25 92 
0 16 36 
0 66 128 
0 4 82 
0 37 113 
0 13 38 
0 48 49 
0 9 97 
0 37 174 
0 2 36 
0 46 88 
0 33 120 
0 33 77 
0 21 75 
0 14 81 
0 32 146 
0 15 94 
0 34 196 
0 45 169 
0 40 229 
0 18 154 
0 21 76 
0 18 102 
0 45 78 
0 22 89 
0 15 74 
0 3 275 
0 64 93 
0 17 34 
0 14 76 
0 33 166 
0 58 58 
0 28 90 
0 16 81 
0 45 220 
0 28 23 
0 36 125 
0 60 57 
0 79 135 
0 41 54 
0 19 86 
0 37 85 
0 29 226 
0 36 32 
0 75 98 
0 38 95 
0 44 75 
0 20 86 
0 6 106 
0 1 65 
0 8 100 
0 38 43 
0 32 99 
0 46 179 
0 63 80 
0 41 26 
0 34 92 
0 10 45 
0 14 175 
0 59 54 
0 31 124 
0 29 85 
0 7 72 
0 24 43 
0 11 139 
0 34 141 
0 15 86 
0 10 60 
0 15 29 
0 29 79 
0 27 127 
0 14 51 
0 59 112 
0 31 42 
0 22 64 
0 25 80 
0 8 67 
0 31 91 
0 12 101 
0 8 221 
0 39 70 
0 39 25 
0 13 65 
0 54 53 
0 5 80 
0 43 85 
0 50 168 
0 17 114 
0 55 82 
0 11 139 
0 44 134 
0 5 95 
0 44 103 
0 53 100 
0 16 214 
0 25 50 
0 15 126 
0 11 141 
0 22 131 
0 18 143 
0 38 40 
0 15 167 
0 45 87 
0 37 86 
0 10 268 
0 30 68 
0 39 71 
0 31 105 
0 24 155 
0 22 119 
0 16 178 
0 40 164 
0 15 131 
0 35 60 
0 50 105 
0 17 83 
0 6 105 
0 26 51 
0 33 42 
0 34 154 
0 16 101 
0 38 126 
0 27 106 
0 25 77 
0 3 66 
0 8 163 
0 5 12 
0 2 59 
0 75 64 
0 1 156 
0 70 62 
0 67 203 
0 37 84 
0 31 68 
0 28 86 
0 46 21 
0 28 132 
0 29 105 
0 14 115 
0 25 75 
0 34 119 
0 54 84 
0 31 122 
0 4 30 
0 8 110 
0 26 126 
0 37 76 
0 32 138 
0 55 80 
0 33 80 
0 40 69 
0 18 65 
0 17 46 
0 3 58 
0 15 85 
0 29 71 
0 3 22 
0 7 73 
0 11 59 
0 23 47 
0 17 46 
0 45 73 
0 36 90 
0 11 46 
0 39 42 
0 48 40 
0 60 86 
0 14 179 
0 18 142 
0 23 145 
0 42 183 
0 59 135 
0 39 77 
0 23 103 
0 34 92 
0 20 55 
0 12 40 
0 46 133 
0 19 54 
0 27 74 
0 22 39 
0 53 33 
0 3 21 
0 21 68 
0 58 47 
0 18 57 
0 47 91 
0 17 83 
0 20 177 
0 15 98 
0 9 112 
0 33 122 
0 24 261 
0 39 36 
0 44 54 
0 11 79 
0 23 92 
0 33 92 
0 91 116 
0 25 80 
0 23 150 
0 19 145 
0 18 191 
0 23 156 
0 2 47 
0 21 113 
0 28 59 
0 21 199 
0 8 139 
0 24 93 
0 16 45 
0 40 108 
0 32 104 
0 35 77 
0 14 62 
0 37 109 
0 36 129 
0 31 139 
0 9 99 
0 20 59 
0 23 63 
0 2 97 
0 38 54 
0 65 125 
0 29 58 
0 10 99 
0 52 114 
0 35 89 
0 26 80 
0 11 75 
0 23 37 
0 16 90 
0 8 86 
0 32 48 
0 39 19 
0 16 54 
0 68 121 
0 15 25 
0 4 176 
0 31 156 
0 26 96 
0 18 31 
0 25 99 
0 22 106 
0 19 64 
0 31 198 
0 18 118 
0 19 55 
0 53 117 
0 6 44 
0 37 130 
0 6 94 
0 86 124 
0 8 51 
0 37 197 
0 4 34 
0 24 62 
0 18 88 
0 34 68 
0 34 111 
0 67 226 
0 30 96 
0 33 108 
0 12 61 
0 24 107 
0 13 115 
0 69 150 
0 33 52 
0 32 121 
0 27 218 
0 9 46 
0 21 110 
0 36 56 
0 4 63 
0 51 53 
0 40 133 
0 49 85 
0 34 70 
0 25 122 
0 26 55 
0 43 148 
0 18 82 
0 5 136 
0 25 58 
0 30 118 
0 58 29 
0 17 99 
0 19 63 
0 34 54 
0 50 165 
0 6 40 
0 6 70 
0 8 145 
0 19 48 
0 54 57 
0 20 129 
0 16 81 
0 53 137 
0 8 67 
0 18 31 
0 45 70 
0 10 60 
0 27 67 
0 40 132 
0 25 183 
0 24 154 
0 24 69 
0 22 75 
0 12 43 
0 34 124 
0 14 65 
0 32 56 
0 4 121 
0 0 89 
0 18 122 
0 13 145 
0 16 52 
0 20 139 
0 29 130 
0 29 85 
0 24 71 
0 12 93 
0 52 77 
0 6 122 
0 22 21 
0 52 62 
0 35 71 
0 14 115 
0 11 65 
0 46 76 
0 19 85 
0 42 135 
0 19 116 
0 11 139 
0 49 72 
0 48 103 
0 32 63 
0 34 107 
0 38 129 
0 29 38 
0 43 17 
0 44 26 
0 40 84 
0 29 71 
0 9 194 
0 45 162 
0 27 152 
0 11 101 
0 18 35 
0 29 62 
0 44 120 
0 19 56 
0 14 115 
0 59 95 
0 23 163 
0 59 107 
0 5 111 
0 15 114 
0 60 123 
0 35 26 
0 28 49 
0 20 34 
0 19 109 
0 17 78 
0 25 103 
0 10 63 
0 27 132 
0 24 79 
0 27 91 
0 32 74 
0 10 152 
0 23 68 
0 55 89 
0 50 97 
0 0 93 
0 25 186 
0 25 75 
0 42 82 
0 8 141 
0 8 53 
0 9 84 
0 21 54 
0 33 68 
0 54 76 
0 18 84 
0 42 39 
0 18 39 
0 17 92 
0 27 93 
0 33 120 
0 33 61 
0 16 108 
0 23 37 
0 33 161 
0 18 138 
0 37 75 
0 77 28 
0 39 159 
0 19 96 
0 28 89 
0 10 63 
0 38 34 
0 3 149 
0 16 56 
0 39 67 
0 46 106 
0 30 89 
0 27 69 
0 37 97 
0 56 61 
0 20 52 
0 19 115 
0 26 116 
0 22 49 
0 18 55 
0 14 118 
0 16 27 
0 42 114 
0 55 79 
0 38 100 
0 41 152 
0 29 94 
0 43 153 
0 40 312 
0 35 126 
0 37 105 
0 17 49 
0 43 129 
0 37 118 
0 23 106 
0 29 42 
0 35 90 
0 18 100 
0 55 26 
0 22 65 
0 5 92 
0 26 42 
0 37 133 
0 8 115 
0 20 101 
0 10 95 
0 25 74 
0 32 57 
0 34 63 
0 29 42 
0 34 41 
0 13 85 
0 25 103 
0 1 127 
0 16 153 
0 20 79 
0 10 130 
0 73 43 
0 28 105 
0 57 163 
0 38 138 
0 35 183 
0 24 120 
0 37 61 
0 34 104 
0 30 110 
0 32 99 
0 48 71 
0 10 99 
0 42 88 
0 27 76 
0 39 102 
0 11 146 
0 39 58 
0 24 65 
0 16 80 
0 24 94 
0 50 77 
0 20 89 
0 51 229 
0 21 76 
0 38 49 
0 29 21 
0 48 124 
0 31 94 
0 20 56 
0 31 127 
0 16 32 
0 3 56 
0 29 47 
0 32 129 
0 111 50 
0 66 42 
0 30 50 
0 10 66 
0 52 118 
0 26 57 
0 7 65 
0 25 90 
0 18 113 
0 10 37 
0 14 47 
0 44 64 
0 7 78 
0 22 48 
0 15 115 
0 71 93 
0 14 124 
0 8 136 
0 20 72 
0 62 107 
0 60 74 
0 12 104 
0 13 80 
0 15 95 
0 52 184 
0 40 94 
0 61 106 
0 10 204 
0 16 121 
0 20 121 
0 36 47 
0 20 153 
0 63 93 
0 14 133 
0 10 105 
0 52 64 
0 7 75 
0 50 73 
0 27 72 
0 23 114 
0 11 162 
0 47 107 
0 67 34 
0 32 92 
0 22 29 
0 37 79 
0 11 146 
0 73 78 
0 35 66 
0 18 64 
0 16 43 
0 36 56 
0 39 90 
0 5 120 
0 23 81 
0 19 135 
0 13 105 
0 35 75 
0 31 80 
0 16 50 
0 22 136 
0 21 113 
0 25 27 
0 35 140 
0 13 31 
0 52 92 
0 29 95 
0 11 36 
0 12 42 
0 2 120 
0 32 114 
0 9 51 
0 112 148 
0 28 277 
0 7 85 
0 24 146 
0 40 104 
0 51 125 
0 16 104 
0 15 69 
0 16 151 
0 25 134 
0 48 110 
0 72 96 
0 28 63 
0 19 62 
0 12 97 
0 22 65 
0 47 92 
0 26 68 
0 33 40 
0 24 61 
0 42 108 
0 41 167 
0 16 208 
0 23 87 
0 25 79 
0 32 44 
0 10 131 
0 17 117 
0 18 141 
0 11 179 
0 9 72 
0 12 22 
0 95 119 
0 64 42 
0 39 125 
0 9 80 
0 16 82 
0 23 50 
0 13 130 
0 64 111 
0 43 97 
0 37 92 
0 39 118 
0 9 50 
0 32 116 
0 22 157 
0 27 136 
0 33 88 
0 90 47 
0 40 169 
0 15 76 
0 47 150 
0 58 106 
0 69 98 
0 23 155 
0 6 49 
0 27 50 
0 1 51 
0 53 57 
0 19 50 
0 68 110 
0 15 144 
0 4 72 
0 8 116 
0 38 70 
0 8 99 
0 30 13 
0 27 83 
0 11 59 
0 32 51 
0 40 142 
0 52 82 
0 40 51 
0 18 40 
0 25 90 
0 15 114 
0 40 179 
0 59 79 
0 15 68 
0 8 174 
0 9 110 
0 39 76 
0 11 64 
0 11 64 
0 23 61 
0 25 59 
0 23 136 
0 11 63 
0 21 152 
0 41 144 
0 23 41 
0 16 96 
0 34 149 
0 35 116 
0 15 206 
0 30 103 
0 48 109 
0 15 85 
0 38 97 
0 61 88 
0 29 51 
0 22 68 
0 12 131 
0 31 84 
0 14 41 
0 27 51 
0 47 130 
0 35 153 
0 10 54 
0 32 76 
0 32 104 
0 30 105 
0 31 132 
0 18 67 
0 71 50 
0 52 75 
0 7 108 
0 66 54 
0 20 86 
0 50 146 
0 45 47 
0 39 82 
0 43 61 
0 21 25 
0 33 91 
0 10 129 
0 10 118 
0 19 67 
0 13 82 
0 18 58 
0 11 119 
0 36 73 
0 26 166 
0 41 66 
0 44 82 
0 11 59 
0 29 71 
0 26 52 
0 32 75 
0 52 102 
0 37 52 
0 17 196 
0 28 122 
0 22 37 
0 30 103 
0 32 190 
0 21 52 
0 31 114 
0 18 82 
0 11 128 
0 43 110 
0 48 124 
0 9 123 
0 43 53 
0 67 116 
0 50 99 
0 21 204 
0 8 174 
0 50 69 
0 33 83 
0 34 114 
0 54 138 
0 56 84 
0 35 168 
0 7 130 
0 23 92 
0 52 147 
0 37 49 
