6 54 181 73 14 
1 40 213 150 0 
16 107 132 57 0 
11 105 256 27 0 
45 58 149 89 0 
14 44 151 37 1 
10 129 71 90 0 
4 84 158 32 29 
4 16 166 21 0 
2 26 243 55 0 
3 50 70 27 20 
0 24 103 51 26 
20 49 171 62 1 
37 50 88 25 0 
7 74 131 22 0 
3 96 226 43 0 
16 120 158 62 6 
1 115 159 32 2 
0 146 110 83 70 
20 78 79 110 0 
7 45 167 253 0 
15 54 162 103 2 
12 100 104 26 0 
17 127 105 88 0 
5 92 237 118 0 
3 58 142 79 0 
2 101 107 102 9 
3 72 201 61 0 
12 169 149 94 4 
2 77 141 81 0 
1 78 162 57 3 
4 60 180 130 0 
3 56 216 77 0 
27 54 186 69 0 
6 52 171 55 0 
3 6 247 117 0 
8 30 164 52 0 
5 92 165 130 0 
0 150 69 50 0 
3 25 127 33 0 
6 47 153 76 31 
6 47 90 56 3 
6 25 102 62 0 
2 80 339 117 0 
4 18 156 163 0 
6 58 187 144 0 
32 5 172 90 17 
1 45 174 155 0 
11 190 207 87 1 
12 99 131 122 0 
1 41 241 69 0 
19 46 160 10 0 
13 66 263 13 0 
5 79 133 106 0 
0 113 154 101 0 
0 69 142 63 10 
0 49 90 60 0 
0 56 387 71 15 
1 74 122 135 0 
4 76 114 58 0 
7 117 207 55 14 
4 55 117 51 0 
2 16 162 45 0 
8 35 63 68 5 
31 62 201 54 0 
21 70 236 65 1 
8 94 298 20 2 
11 35 99 62 0 
12 55 208 114 0 
15 73 210 67 28 
8 59 205 24 0 
73 74 309 72 0 
2 40 197 40 5 
8 19 126 63 0 
0 102 299 23 0 
2 42 160 87 10 
31 68 222 15 0 
15 55 102 192 19 
18 236 138 47 67 
1 81 183 14 0 
5 71 105 31 0 
2 86 254 94 0 
5 43 183 88 0 
8 38 160 41 1 
25 102 117 55 0 
1 43 385 28 0 
16 13 161 63 0 
8 81 301 82 0 
11 32 282 54 0 
66 83 252 23 0 
0 32 246 93 0 
12 8 46 130 4 
8 125 217 21 0 
3 81 138 87 0 
7 95 126 5 0 
0 27 298 48 29 
8 32 191 98 0 
14 85 190 93 0 
15 61 170 86 14 
4 75 148 90 0 
27 34 211 76 1 
0 107 292 81 0 
2 55 206 37 0 
13 68 123 75 0 
1 103 257 15 9 
12 118 107 55 0 
5 45 248 27 8 
0 84 133 35 0 
19 56 116 23 39 
4 35 145 23 0 
2 18 279 15 0 
6 17 154 62 1 
1 87 290 42 0 
1 49 201 92 0 
19 81 141 96 2 
5 34 160 16 8 
29 104 58 47 3 
7 35 145 30 0 
10 104 228 16 57 
6 35 194 48 0 
0 10 159 38 0 
24 39 171 121 0 
8 141 295 54 0 
7 91 130 13 27 
2 98 146 74 4 
5 93 127 85 35 
19 158 140 93 4 
2 176 133 58 0 
1 64 269 15 0 
17 28 170 41 8 
2 58 90 17 9 
5 89 42 118 0 
4 74 116 71 16 
1 130 110 50 1 
6 41 133 54 1 
9 27 159 13 0 
12 157 327 61 0 
2 106 91 71 1 
0 73 171 18 0 
1 37 203 54 0 
2 63 163 49 0 
0 79 153 111 9 
1 114 220 44 43 
1 57 207 55 1 
9 58 287 86 0 
3 33 69 57 0 
2 81 112 127 76 
5 32 190 46 0 
18 26 127 92 0 
9 73 191 189 0 
8 89 325 69 0 
8 54 209 107 0 
3 35 137 30 12 
1 33 339 70 0 
19 82 90 85 0 
2 50 196 73 0 
2 14 140 95 0 
28 49 214 52 2 
16 210 141 129 2 
1 37 242 92 0 
8 144 154 122 0 
2 103 195 81 0 
15 41 160 84 0 
9 45 161 83 0 
2 23 167 175 1 
7 51 197 75 13 
17 50 171 76 4 
14 103 139 27 12 
0 90 155 69 6 
1 81 126 80 1 
24 114 166 55 19 
34 17 243 54 0 
14 67 164 112 4 
1 40 84 108 0 
1 10 139 71 0 
4 73 92 80 15 
20 43 71 73 19 
3 55 221 71 0 
12 57 162 110 0 
16 48 181 27 0 
2 25 158 111 0 
24 95 201 110 0 
6 47 166 54 1 
48 88 125 64 0 
1 136 165 48 0 
0 52 219 59 0 
0 66 92 79 0 
12 41 42 156 0 
0 80 158 67 0 
10 78 158 151 0 
17 75 103 209 0 
8 125 168 6 0 
0 26 124 163 0 
4 142 157 53 3 
5 75 158 139 2 
1 29 193 109 0 
11 98 189 75 0 
6 67 203 71 15 
6 163 106 52 0 
3 81 218 79 0 
17 74 65 36 4 
22 108 66 205 0 
24 149 182 70 5 
8 114 105 22 1 
61 47 223 42 0 
4 35 121 66 0 
27 17 308 16 0 
10 73 220 30 14 
2 58 231 36 1 
2 74 218 211 0 
6 61 121 71 0 
3 46 177 89 0 
4 38 182 27 1 
0 15 109 94 12 
10 85 91 159 0 
12 18 84 57 10 
1 66 217 93 39 
41 28 159 109 17 
5 26 138 127 0 
15 106 140 103 1 
0 85 150 96 0 
0 22 158 135 0 
15 48 46 31 0 
12 86 222 33 0 
3 36 152 28 2 
4 151 84 43 0 
11 17 208 36 18 
14 42 126 97 1 
6 90 185 32 9 
1 87 162 9 0 
17 28 148 183 0 
12 44 72 75 0 
16 155 402 55 0 
1 173 147 93 0 
22 40 245 9 0 
17 60 152 49 0 
8 33 107 54 9 
4 102 200 90 8 
23 66 154 106 0 
2 33 142 74 0 
5 10 96 85 0 
8 34 190 100 1 
5 107 199 111 0 
10 120 90 106 0 
19 79 234 211 0 
0 67 149 65 0 
20 87 71 57 0 
7 52 248 67 1 
0 57 100 109 0 
8 44 307 108 0 
14 74 212 32 0 
3 50 246 54 1 
0 126 228 17 0 
17 216 162 40 0 
11 43 285 99 0 
5 5 147 44 3 
0 54 229 61 1 
10 126 141 118 0 
8 24 184 22 0 
3 121 102 164 8 
18 69 147 11 0 
1 135 301 71 0 
6 54 138 137 0 
1 164 164 40 0 
20 57 216 8 43 
12 82 125 16 0 
6 129 120 18 0 
4 30 95 87 5 
4 51 127 115 1 
1 86 218 61 11 
9 14 289 41 0 
7 9 129 155 0 
17 98 108 138 0 
1 57 191 56 0 
8 42 237 151 0 
6 42 186 88 37 
6 78 271 47 9 
10 107 172 60 0 
8 190 259 24 0 
20 63 112 103 0 
21 76 165 14 31 
8 39 201 61 0 
32 79 182 86 0 
13 62 177 94 5 
38 54 94 96 11 
21 11 167 13 0 
7 53 153 75 1 
19 61 85 46 0 
3 102 174 110 0 
11 200 188 59 0 
5 15 151 188 1 
5 75 67 4 0 
3 95 146 43 0 
2 57 147 120 0 
7 77 252 53 0 
16 96 126 76 0 
6 83 234 143 0 
6 7 117 105 8 
19 21 250 44 0 
6 44 156 52 0 
8 54 136 48 0 
35 45 196 8 0 
11 39 70 49 0 
15 32 132 75 0 
13 77 125 69 0 
0 103 133 149 0 
24 89 153 53 0 
4 43 157 105 0 
14 49 136 97 0 
3 56 194 47 25 
4 18 332 20 6 
19 102 159 28 0 
0 54 124 6 0 
7 145 102 53 8 
6 93 310 33 0 
2 88 143 76 0 
3 113 66 50 0 
2 53 83 82 0 
14 34 208 72 0 
51 62 128 81 0 
0 152 234 62 0 
46 42 285 18 0 
10 110 179 6 0 
1 59 191 149 0 
3 10 292 86 6 
0 49 63 55 0 
14 120 193 5 0 
7 151 181 18 0 
5 56 205 51 0 
1 60 245 53 0 
0 90 123 131 0 
8 157 147 96 0 
2 79 153 26 0 
24 35 177 100 0 
25 33 240 19 0 
11 90 190 110 0 
16 108 148 1 13 
19 82 122 93 0 
3 72 146 151 7 
19 39 236 26 9 
23 28 216 56 1 
8 177 73 29 0 
8 242 177 83 0 
4 50 203 78 0 
16 47 168 132 0 
22 13 96 56 0 
0 12 225 36 7 
8 56 152 123 0 
2 41 147 72 0 
7 36 131 85 15 
3 69 83 59 0 
7 117 174 129 0 
2 36 257 24 0 
12 68 115 62 0 
6 50 78 64 0 
13 86 29 178 1 
18 73 194 147 0 
1 69 153 43 0 
3 75 204 80 0 
0 33 146 118 16 
4 41 122 19 5 
9 107 59 30 0 
4 56 273 109 0 
8 13 137 164 0 
18 73 102 138 1 
10 53 250 37 0 
29 38 308 74 0 
6 74 242 45 0 
4 43 215 33 1 
0 153 225 175 0 
8 84 83 48 2 
12 79 123 44 8 
7 143 64 59 0 
2 67 204 145 0 
8 71 100 30 0 
2 55 186 77 25 
1 40 82 80 0 
1 35 79 57 0 
1 124 141 88 0 
21 115 89 126 0 
4 51 263 80 0 
6 107 203 174 1 
8 27 103 73 4 
27 51 205 125 0 
10 82 272 112 7 
2 51 295 73 1 
5 80 159 63 33 
5 53 212 57 18 
3 59 169 60 0 
0 55 136 28 7 
18 38 195 56 0 
7 89 142 41 0 
7 36 227 85 0 
0 100 135 123 2 
8 35 281 76 0 
1 84 124 53 0 
16 79 110 88 4 
10 106 237 47 0 
2 154 144 55 0 
1 76 188 72 5 
15 67 112 13 0 
33 79 199 30 0 
0 77 138 129 0 
3 34 275 62 74 
0 100 227 140 1 
5 29 187 17 0 
2 89 179 66 26 
11 21 306 23 0 
13 203 168 6 5 
8 56 35 46 0 
1 80 73 15 0 
2 109 236 107 0 
2 142 153 40 1 
0 184 127 43 0 
25 54 145 61 0 
2 38 266 116 1 
5 187 149 58 0 
1 2 182 130 80 
20 11 121 124 0 
5 104 197 26 0 
2 2 186 135 0 
1 53 209 107 0 
7 101 237 120 11 
12 39 112 96 0 
15 98 174 31 9 
7 48 159 123 0 
3 13 235 29 0 
2 109 177 74 9 
0 56 245 166 0 
1 240 144 42 14 
8 63 149 26 0 
5 84 322 16 1 
8 117 199 99 0 
4 120 132 42 1 
10 79 163 57 0 
0 94 162 67 0 
7 74 160 112 0 
3 47 219 69 37 
8 37 135 96 1 
2 33 82 48 0 
18 3 194 235 0 
1 22 229 85 31 
3 107 77 95 0 
1 41 146 129 0 
21 55 136 91 17 
13 51 264 83 2 
21 50 436 55 0 
12 112 128 95 3 
13 73 284 25 0 
24 67 267 19 0 
23 70 187 55 1 
16 45 73 115 6 
7 12 191 48 0 
5 54 316 67 0 
14 32 217 28 35 
26 15 210 64 55 
33 30 165 75 0 
11 104 147 136 0 
16 103 181 8 0 
16 39 184 81 23 
2 29 142 82 0 
3 66 308 33 0 
9 142 215 24 1 
7 56 173 52 0 
11 96 253 44 0 
12 25 274 115 1 
0 105 127 87 0 
23 61 300 115 0 
4 42 261 50 0 
14 59 207 28 12 
10 20 172 26 0 
1 59 194 129 11 
15 32 208 68 0 
5 51 98 87 0 
0 31 397 85 3 
0 65 471 53 0 
2 63 211 78 0 
6 103 129 112 0 
4 60 169 49 0 
17 152 163 60 0 
0 43 179 126 0 
35 128 187 42 0 
8 8 224 101 3 
7 28 75 25 0 
4 102 200 24 0 
6 66 198 46 4 
2 270 68 114 0 
5 80 196 61 0 
36 63 276 109 0 
2 42 166 35 0 
7 80 353 90 1 
17 17 159 209 16 
5 50 127 151 0 
0 127 212 44 2 
6 49 256 46 6 
5 56 205 9 1 
3 37 157 80 1 
1 75 180 66 5 
15 54 315 12 4 
13 92 145 151 1 
6 53 190 125 1 
7 99 136 46 23 
15 108 190 53 1 
1 27 91 105 0 
4 90 65 14 0 
2 130 295 48 0 
13 172 102 71 57 
5 43 170 62 0 
14 64 113 74 0 
5 117 122 101 0 
0 116 216 41 0 
15 13 167 30 0 
9 73 238 59 0 
2 63 267 18 0 
2 56 246 69 0 
6 32 69 98 4 
6 88 104 119 56 
3 10 120 122 0 
0 59 234 95 0 
5 61 206 26 0 
23 106 207 75 0 
10 83 150 147 0 
9 124 201 96 1 
10 44 231 37 0 
2 66 189 33 0 
1 46 348 46 0 
3 36 249 60 0 
29 48 91 49 0 
12 61 351 45 0 
9 5 216 71 0 
1 29 208 80 0 
24 56 143 52 0 
2 70 171 70 5 
7 90 266 42 0 
0 71 218 55 9 
8 113 70 126 0 
35 42 98 60 0 
19 70 94 18 0 
1 52 192 73 19 
1 45 195 29 0 
0 33 247 154 0 
25 44 105 58 10 
4 54 140 66 1 
7 18 224 102 0 
3 37 223 100 3 
36 81 175 79 0 
30 38 239 41 0 
19 41 152 51 0 
1 35 175 32 0 
1 68 190 90 0 
6 38 200 85 0 
3 89 228 6 0 
4 143 95 90 0 
8 88 104 56 0 
7 79 280 11 0 
15 108 119 60 0 
10 96 141 47 0 
0 24 153 67 0 
16 32 95 103 0 
4 29 289 19 0 
9 60 108 47 4 
7 46 82 70 0 
0 138 181 57 2 
6 61 155 46 4 
12 31 140 15 0 
7 14 85 23 0 
3 71 98 64 0 
0 78 135 67 0 
2 127 149 17 0 
4 74 116 155 0 
12 30 236 52 0 
1 63 109 14 0 
37 88 135 46 0 
0 98 213 33 0 
1 74 154 26 0 
17 52 267 81 0 
31 36 127 48 0 
3 91 180 135 8 
9 104 204 44 0 
32 126 129 118 4 
4 54 305 295 0 
7 124 139 52 1 
6 17 92 73 10 
2 92 191 76 0 
44 60 241 25 0 
0 192 192 26 9 
10 90 259 80 0 
2 43 200 137 0 
15 18 260 46 0 
17 46 252 47 0 
6 32 261 44 0 
0 7 360 83 26 
20 14 144 58 8 
11 88 123 37 2 
8 33 132 90 2 
1 172 165 60 0 
16 62 184 58 0 
6 85 78 61 6 
0 67 199 88 0 
29 186 96 57 21 
9 53 173 178 0 
11 35 288 172 29 
5 69 305 165 8 
1 66 247 19 22 
10 0 190 83 0 
6 87 265 71 0 
8 147 198 28 0 
0 17 207 141 8 
25 56 155 181 1 
14 109 191 152 0 
18 69 194 101 0 
17 76 160 50 3 
3 60 118 80 0 
4 78 93 48 0 
13 21 189 120 1 
0 57 91 86 62 
2 48 167 115 0 
3 47 272 131 0 
6 96 210 3 0 
6 63 161 95 85 
7 126 191 80 0 
28 66 149 61 0 
4 31 146 141 0 
4 29 326 25 0 
1 48 153 55 1 
0 64 103 51 0 
12 84 103 33 13 
16 96 301 23 0 
15 111 228 78 0 
9 53 140 70 6 
11 59 127 27 0 
3 33 135 59 0 
7 28 144 23 0 
5 57 109 54 0 
13 40 245 48 0 
4 37 272 4 0 
6 43 184 63 0 
2 46 240 22 0 
13 97 164 55 0 
14 158 125 92 0 
20 40 175 65 0 
6 48 210 94 0 
5 96 80 93 0 
5 70 290 58 0 
0 33 176 135 19 
2 191 196 36 0 
18 99 136 74 0 
0 82 151 82 1 
5 136 127 80 0 
1 36 107 85 0 
0 124 134 66 16 
5 156 87 67 0 
2 26 347 59 0 
0 115 58 118 1 
9 37 203 63 1 
7 38 112 28 0 
6 54 170 87 0 
20 9 133 65 0 
20 58 245 55 0 
1 71 138 90 0 
4 86 166 30 0 
3 61 166 150 1 
8 27 72 110 1 
6 58 186 65 0 
17 73 83 26 0 
3 19 171 76 0 
11 30 111 84 0 
10 52 167 86 0 
21 91 144 17 1 
4 50 207 130 0 
1 39 127 75 0 
4 90 200 31 0 
4 86 179 65 0 
26 56 230 16 0 
1 81 291 46 0 
12 27 271 71 0 
3 91 198 85 0 
8 81 217 97 1 
3 162 237 176 12 
18 104 92 6 0 
11 66 163 117 0 
25 64 153 85 5 
4 36 140 112 0 
14 25 374 124 0 
8 60 102 92 0 
21 30 222 19 0 
15 117 240 75 0 
1 36 180 58 0 
30 49 158 82 0 
4 66 171 18 0 
10 56 80 19 0 
3 18 79 171 0 
8 173 89 26 0 
2 88 118 80 1 
8 120 284 98 19 
7 16 207 96 0 
17 46 116 122 0 
8 49 252 48 0 
4 195 189 42 0 
7 57 227 42 0 
14 93 168 47 2 
4 28 93 53 11 
1 60 218 116 0 
10 49 189 35 1 
1 62 393 64 53 
10 26 88 41 0 
8 10 188 73 0 
5 74 320 37 0 
17 142 114 144 0 
5 132 183 61 0 
27 104 157 103 0 
2 78 129 59 0 
3 42 251 150 0 
4 52 100 137 15 
4 168 197 25 0 
18 35 124 50 23 
9 83 129 74 1 
1 19 150 103 0 
0 161 247 97 0 
6 15 203 89 0 
4 28 111 45 0 
11 31 103 49 0 
4 108 164 58 14 
9 49 196 106 0 
5 67 131 76 0 
5 119 129 98 0 
12 71 208 44 0 
4 104 173 116 8 
21 17 268 12 0 
8 102 139 82 57 
3 26 202 14 0 
1 92 157 72 0 
15 103 186 47 0 
1 32 182 157 0 
8 27 101 32 0 
0 32 297 12 0 
0 25 176 93 1 
5 91 235 93 0 
0 17 232 68 0 
3 37 138 167 0 
15 61 217 137 0 
10 26 200 109 3 
1 68 201 26 7 
9 139 283 32 0 
7 75 195 167 6 
7 36 226 37 0 
13 76 113 88 0 
1 56 44 97 1 
13 138 209 35 0 
0 73 234 53 0 
6 24 231 30 0 
22 108 285 30 0 
0 110 115 29 0 
30 74 179 42 1 
15 55 146 59 1 
13 94 206 43 0 
2 58 351 17 0 
8 43 79 19 0 
2 16 122 131 0 
1 34 47 98 1 
54 45 257 9 0 
16 59 201 54 46 
3 64 202 117 0 
8 125 214 72 0 
2 67 238 19 0 
2 49 183 144 9 
11 21 112 94 0 
7 81 97 64 0 
18 77 88 79 27 
4 141 178 39 19 
6 101 251 9 0 
3 155 205 18 0 
0 60 275 69 0 
3 27 194 63 4 
2 96 197 32 0 
0 46 197 39 2 
39 14 147 18 0 
5 12 134 34 0 
2 199 115 81 13 
5 32 133 68 0 
0 40 221 53 0 
12 40 143 77 0 
2 74 155 88 1 
9 29 171 48 0 
18 60 145 149 5 
6 61 276 96 1 
3 55 109 5 0 
3 67 168 106 26 
6 59 284 37 0 
3 34 190 153 0 
13 13 137 91 0 
3 34 137 34 2 
3 103 143 109 0 
0 89 237 20 13 
1 73 246 49 5 
6 16 126 112 37 
1 153 147 78 0 
2 26 192 235 0 
4 51 125 88 6 
6 70 115 47 0 
14 87 195 43 0 
3 44 133 38 0 
5 61 184 59 4 
5 68 170 44 0 
5 72 110 56 3 
16 77 175 55 5 
6 172 204 16 0 
3 90 186 100 17 
1 106 111 148 0 
15 26 308 54 0 
5 91 159 64 1 
1 76 301 47 3 
9 141 220 8 0 
19 116 292 72 0 
5 43 173 120 0 
19 68 148 23 13 
8 81 101 35 0 
6 72 83 27 0 
2 50 137 75 0 
1 72 180 69 1 
7 64 138 136 0 
41 69 139 91 1 
2 53 244 26 7 
4 106 270 31 0 
10 46 93 66 40 
16 109 206 44 6 
13 35 149 56 0 
18 90 188 31 0 
4 3 149 55 1 
3 49 290 79 0 
30 41 134 20 0 
1 52 211 75 1 
13 65 203 86 0 
3 91 145 33 0 
6 73 147 32 1 
9 63 154 47 29 
10 226 127 69 0 
2 91 285 71 3 
1 24 154 126 23 
4 48 173 40 0 
2 25 167 47 1 
22 27 168 114 0 
9 86 260 24 0 
2 31 198 38 0 
53 49 79 173 0 
2 62 158 44 0 
0 36 191 17 0 
4 52 211 109 2 
5 67 220 176 0 
16 36 136 33 29 
46 29 107 48 0 
9 33 251 43 12 
22 51 235 45 1 
2 152 212 55 0 
0 158 146 91 0 
2 37 227 42 0 
5 22 158 67 2 
12 23 100 85 0 
9 32 151 136 3 
4 47 190 177 0 
0 45 89 34 0 
4 56 106 10 0 
4 122 288 100 0 
2 101 159 34 0 
4 84 97 42 15 
4 32 149 47 0 
0 53 114 96 0 
7 34 152 37 4 
5 4 155 105 2 
8 49 104 57 1 
5 230 136 224 1 
14 43 287 225 31 
10 111 102 36 0 
31 26 69 101 0 
0 132 127 91 0 
25 6 100 86 0 
15 64 182 144 0 
17 19 100 166 31 
26 66 153 39 9 
1 39 93 122 0 
5 55 168 138 0 
19 106 137 73 48 
10 53 142 82 56 
28 19 192 29 0 
15 23 366 57 0 
12 60 101 35 1 
15 50 223 58 0 
2 46 281 60 0 
3 19 140 33 0 
5 47 276 83 4 
20 60 219 89 0 
6 61 101 34 4 
8 70 183 62 0 
0 100 66 96 0 
20 39 261 141 0 
7 43 248 84 0 
26 18 105 51 0 
0 60 132 17 7 
1 85 158 91 1 
19 139 199 140 0 
10 66 256 147 0 
0 18 99 58 15 
17 56 205 44 37 
0 43 133 97 27 
6 29 205 23 0 
10 15 259 181 12 
12 20 219 7 0 
0 26 311 57 0 
6 70 114 30 0 
1 30 102 116 41 
4 62 178 89 0 
2 23 231 63 4 
1 65 160 127 1 
4 136 177 88 0 
6 107 130 85 1 
39 74 175 121 0 
2 119 136 106 1 
6 54 117 82 0 
0 48 139 40 0 
0 94 203 60 0 
15 113 108 82 113 
11 139 201 69 0 
5 157 72 52 0 
3 82 130 42 1 
12 107 238 13 0 
29 38 121 46 0 
0 154 90 92 0 
7 96 97 160 0 
9 157 170 8 0 
4 20 274 81 0 
7 69 67 114 0 
1 118 106 47 63 
12 65 113 249 0 
13 33 155 113 3 
12 61 58 170 0 
22 154 162 69 3 
31 34 137 120 0 
21 19 152 99 0 
3 56 174 102 1 
1 46 286 51 1 
3 27 144 193 0 
2 23 143 78 12 
4 79 96 52 7 
8 58 117 44 0 
10 84 129 113 21 
10 91 134 22 0 
29 128 91 23 1 
6 48 283 89 0 
9 73 282 104 0 
11 93 206 99 1 
16 100 167 49 32 
4 50 179 170 0 
4 108 151 24 1 
7 35 280 59 0 
0 67 154 126 9 
9 53 181 104 14 
6 145 154 91 28 
3 73 146 41 0 
28 96 207 46 2 
12 130 86 96 0 
31 36 168 26 38 
22 37 92 121 14 
2 39 172 92 0 
14 170 137 158 0 
8 28 205 37 0 
1 134 185 150 0 
4 77 213 36 0 
4 38 216 56 0 
4 76 179 120 0 
10 61 202 110 8 
26 34 110 32 0 
12 23 161 169 0 
6 34 98 14 5 
3 149 107 49 0 
16 72 327 15 1 
28 113 251 50 0 
26 35 123 79 0 
1 73 126 94 0 
1 56 140 65 5 
7 147 135 5 4 
0 63 197 34 0 
9 89 294 94 0 
25 42 187 151 0 
0 118 156 12 0 
33 21 215 53 0 
2 62 139 1 0 
2 54 169 51 0 
25 50 144 26 0 
11 58 196 86 4 
2 101 388 63 11 
14 89 240 114 0 
84 132 209 125 0 
17 101 221 66 19 
0 80 193 76 1 
37 72 158 10 13 
5 56 214 76 1 
4 107 165 53 1 
8 70 159 15 0 
13 55 110 62 0 
14 164 127 25 0 
