0 253 0 
0 224 1 
0 171 22 
0 217 12 
0 152 2 
0 175 18 
0 257 0 
0 222 13 
0 220 2 
0 239 57 
0 204 15 
0 112 2 
0 150 82 
0 191 3 
0 207 39 
0 208 2 
0 166 18 
0 228 28 
0 149 0 
0 174 0 
0 212 9 
0 144 40 
0 204 2 
0 232 6 
0 178 26 
0 213 7 
0 123 63 
0 186 1 
0 228 7 
0 188 4 
0 206 3 
0 155 22 
0 205 28 
0 246 0 
0 262 26 
0 197 56 
0 195 94 
0 214 10 
0 263 5 
0 179 4 
0 258 23 
0 165 22 
0 156 9 
0 208 33 
0 271 41 
0 309 12 
0 269 8 
0 215 55 
0 190 99 
0 235 8 
0 211 0 
0 239 26 
0 238 15 
0 269 42 
0 143 17 
0 203 66 
0 240 2 
0 194 16 
0 160 0 
0 249 15 
0 149 24 
0 234 3 
0 214 21 
0 172 14 
0 175 25 
0 157 4 
0 251 1 
0 277 0 
0 267 0 
0 186 90 
0 296 5 
0 173 38 
0 263 3 
0 250 56 
0 245 29 
0 234 6 
0 296 3 
0 194 34 
0 144 20 
0 234 0 
0 202 12 
0 183 12 
0 261 14 
0 284 12 
0 216 16 
0 203 8 
0 202 6 
0 194 46 
0 182 14 
0 301 14 
0 197 5 
0 268 0 
0 181 29 
0 156 34 
0 221 6 
0 293 25 
0 230 8 
0 232 7 
0 258 31 
0 306 2 
0 149 35 
0 207 23 
0 189 61 
0 225 31 
0 208 22 
0 230 4 
0 225 44 
0 166 8 
0 241 37 
0 210 1 
0 304 26 
0 205 18 
0 199 15 
0 159 12 
0 185 14 
0 325 40 
0 244 6 
0 207 6 
0 269 29 
0 271 3 
0 217 26 
0 238 11 
0 208 11 
0 195 31 
0 135 2 
0 228 10 
0 172 34 
0 242 5 
0 177 0 
0 191 12 
0 223 27 
0 168 68 
0 149 56 
0 216 43 
0 171 10 
0 201 36 
0 248 47 
0 209 48 
0 203 0 
0 161 45 
0 228 0 
0 168 3 
0 227 24 
0 249 7 
0 159 21 
0 191 0 
0 225 1 
0 278 16 
0 266 12 
0 198 39 
0 187 12 
0 258 13 
0 181 54 
0 250 5 
0 235 0 
0 185 30 
0 284 18 
0 174 30 
0 217 13 
0 230 49 
0 162 19 
0 249 10 
0 173 16 
0 180 5 
0 277 1 
0 244 15 
0 265 20 
0 189 9 
0 187 10 
0 267 2 
0 227 0 
0 242 0 
0 231 4 
0 272 17 
0 182 16 
0 341 18 
0 193 7 
0 198 14 
0 251 11 
0 188 15 
0 203 75 
0 235 1 
0 209 0 
0 192 71 
0 152 109 
0 213 9 
0 140 22 
0 168 2 
0 184 6 
0 182 4 
0 255 71 
0 269 9 
0 203 33 
0 222 21 
0 229 2 
0 253 19 
0 166 80 
0 193 7 
0 207 0 
0 167 0 
0 229 0 
0 235 17 
0 226 11 
0 198 2 
0 295 18 
0 243 6 
0 200 51 
0 222 3 
0 192 59 
0 142 6 
0 246 23 
0 216 1 
0 212 7 
0 159 15 
0 181 16 
0 280 1 
0 239 3 
0 176 16 
0 235 35 
0 143 3 
0 200 0 
0 174 4 
0 229 2 
0 260 6 
0 219 14 
0 212 10 
0 196 12 
0 186 12 
0 176 31 
0 236 0 
0 196 0 
0 203 18 
0 181 8 
0 236 11 
0 196 132 
0 196 1 
0 202 42 
0 216 21 
0 225 37 
0 197 2 
0 231 49 
0 193 0 
0 219 0 
0 201 8 
0 207 6 
0 216 22 
0 205 74 
0 191 47 
0 210 31 
0 208 24 
0 198 1 
0 155 29 
0 228 4 
0 222 84 
0 201 50 
0 239 9 
0 231 4 
0 224 72 
0 197 13 
0 213 15 
0 183 11 
0 205 27 
0 163 14 
0 206 24 
0 208 18 
0 127 14 
0 230 41 
0 268 21 
0 158 11 
0 169 19 
0 226 26 
0 231 7 
0 211 43 
0 291 10 
0 218 12 
0 249 4 
0 197 25 
0 284 0 
0 280 6 
0 219 21 
0 275 41 
0 227 18 
0 206 38 
0 231 38 
0 176 2 
0 248 62 
0 268 44 
0 225 16 
0 160 25 
0 192 7 
0 237 3 
0 219 44 
0 185 44 
0 173 0 
0 185 6 
0 202 2 
0 150 12 
0 186 14 
0 209 5 
0 155 12 
0 193 10 
0 281 4 
0 197 38 
0 249 11 
0 224 27 
0 173 117 
0 222 17 
0 210 7 
0 293 2 
0 222 12 
0 191 1 
0 218 63 
0 232 37 
0 174 1 
0 202 9 
0 278 42 
0 244 9 
0 216 1 
0 219 4 
0 198 26 
0 246 45 
0 184 13 
0 289 9 
0 222 24 
0 232 7 
0 270 33 
0 181 33 
0 215 3 
0 237 43 
0 257 10 
0 148 35 
0 272 10 
0 195 13 
0 217 33 
0 258 10 
0 242 25 
0 170 54 
0 192 3 
0 205 50 
0 255 13 
0 193 2 
0 248 9 
0 252 25 
0 182 0 
0 219 0 
0 251 53 
0 233 3 
0 162 5 
0 270 3 
0 259 16 
0 169 55 
0 241 11 
0 130 5 
0 183 30 
0 194 11 
0 225 16 
0 180 22 
0 268 13 
0 204 43 
0 215 2 
0 284 28 
0 214 5 
0 278 3 
0 207 2 
0 256 12 
0 163 5 
0 218 10 
0 233 24 
0 167 33 
0 256 81 
0 205 9 
0 227 1 
0 203 5 
0 195 2 
0 216 72 
0 245 31 
0 195 65 
0 229 13 
0 174 33 
0 169 31 
0 239 23 
0 175 15 
0 217 30 
0 228 0 
0 227 16 
0 186 17 
0 166 0 
0 238 73 
0 232 0 
0 164 5 
0 192 16 
0 284 23 
0 268 1 
0 214 6 
0 242 11 
0 208 22 
0 168 3 
0 245 4 
0 224 0 
0 243 11 
0 203 56 
0 218 12 
0 253 8 
0 149 11 
0 207 38 
0 175 65 
0 240 43 
0 252 15 
0 174 0 
0 258 1 
0 217 23 
0 221 7 
0 171 1 
0 138 36 
0 205 11 
0 221 41 
0 209 25 
0 175 39 
0 257 1 
0 273 8 
0 225 10 
0 234 7 
0 171 28 
0 216 20 
0 204 14 
0 173 41 
0 193 22 
0 217 3 
0 252 9 
0 193 14 
0 309 0 
0 223 15 
0 243 8 
0 206 21 
0 227 18 
0 227 12 
0 181 4 
0 226 18 
0 207 24 
0 136 5 
0 192 27 
0 174 17 
0 156 6 
0 216 37 
0 187 14 
0 194 5 
0 217 38 
0 159 48 
0 274 21 
0 226 23 
0 184 26 
0 214 20 
0 188 5 
0 196 86 
0 256 56 
0 189 9 
0 200 21 
0 245 3 
0 172 8 
0 226 0 
0 245 0 
0 192 36 
0 191 14 
0 205 3 
0 241 14 
0 247 4 
0 209 1 
0 178 46 
0 223 19 
0 176 10 
0 227 6 
0 151 66 
0 284 12 
0 242 10 
0 185 20 
0 236 66 
0 275 4 
0 317 24 
0 253 7 
0 181 18 
0 206 6 
0 168 38 
0 224 23 
0 231 55 
0 221 0 
0 215 5 
0 190 64 
0 196 43 
0 213 23 
0 258 11 
0 213 10 
0 177 14 
0 212 7 
0 172 17 
0 163 23 
0 209 8 
0 173 6 
0 212 73 
0 239 8 
0 219 5 
0 197 4 
0 213 3 
0 112 10 
0 181 13 
0 178 17 
0 148 17 
0 248 44 
0 244 31 
0 225 6 
0 239 24 
0 185 0 
0 230 28 
0 170 10 
0 246 0 
0 143 94 
0 227 64 
0 167 4 
0 252 20 
0 214 29 
0 174 11 
0 245 5 
0 212 3 
0 193 0 
0 138 44 
0 219 7 
0 203 5 
0 191 22 
0 180 3 
0 244 3 
0 206 25 
0 196 32 
0 155 19 
0 190 6 
0 186 5 
0 218 37 
0 199 4 
0 274 57 
0 213 38 
0 179 11 
0 277 13 
0 246 12 
0 91 5 
0 175 0 
0 244 7 
0 268 3 
0 191 74 
0 182 18 
0 287 8 
0 233 32 
0 186 7 
0 195 7 
0 215 26 
0 216 4 
0 182 10 
0 252 22 
0 231 11 
0 228 13 
0 225 27 
0 263 4 
0 165 3 
0 248 42 
0 197 17 
0 254 3 
0 164 20 
0 164 18 
0 241 29 
0 191 51 
0 250 80 
0 200 23 
0 171 31 
0 186 14 
0 226 12 
0 273 4 
0 226 2 
0 248 2 
0 177 0 
0 208 13 
0 221 69 
0 210 14 
0 216 37 
0 281 9 
0 239 6 
0 199 11 
0 273 55 
0 181 5 
0 191 6 
0 231 28 
0 242 9 
0 183 36 
0 252 32 
0 205 11 
0 164 2 
0 128 6 
0 184 67 
0 252 4 
0 192 28 
0 237 5 
0 201 15 
0 226 4 
0 213 10 
0 227 0 
0 220 36 
0 272 4 
0 139 53 
0 194 30 
0 258 6 
0 178 28 
0 262 14 
0 267 5 
0 286 0 
0 207 7 
0 210 2 
0 177 0 
0 261 3 
0 209 5 
0 291 5 
0 229 38 
0 175 6 
0 173 1 
0 183 12 
0 264 42 
0 187 16 
0 273 0 
0 240 6 
0 150 2 
0 161 8 
0 229 36 
0 243 0 
0 258 0 
0 208 24 
0 277 101 
0 268 0 
0 260 10 
0 198 2 
0 218 0 
0 154 41 
0 235 27 
0 237 0 
0 240 0 
0 210 12 
0 169 12 
0 213 0 
0 217 8 
0 259 18 
0 241 3 
0 284 32 
0 245 6 
0 205 13 
0 201 16 
0 204 19 
0 227 0 
0 250 25 
0 200 21 
0 179 11 
0 134 16 
0 225 9 
0 208 11 
0 190 12 
0 230 2 
0 287 4 
0 216 48 
0 163 6 
0 223 23 
0 249 2 
0 237 3 
0 239 24 
0 162 14 
0 213 10 
0 261 7 
0 255 11 
0 206 6 
0 263 26 
0 192 11 
0 216 1 
0 224 1 
0 224 8 
0 135 3 
0 177 6 
0 189 21 
0 181 6 
0 262 5 
0 194 64 
0 197 12 
0 185 24 
0 222 24 
0 129 29 
0 227 41 
0 197 11 
0 195 11 
0 176 32 
0 267 20 
0 253 9 
0 177 106 
0 266 15 
0 116 1 
0 162 17 
0 204 30 
0 184 24 
0 197 7 
0 259 80 
0 167 6 
0 243 3 
0 212 9 
0 191 48 
0 191 44 
0 232 24 
0 224 4 
0 241 9 
0 239 26 
0 241 11 
0 267 17 
0 216 4 
0 221 3 
0 173 9 
0 146 69 
0 254 30 
0 278 17 
0 196 18 
0 174 7 
0 326 8 
0 156 3 
0 278 6 
0 255 1 
0 242 8 
0 204 20 
0 172 34 
0 252 11 
0 225 13 
0 251 13 
0 225 18 
0 114 0 
0 274 10 
0 163 29 
0 154 18 
0 190 26 
0 229 15 
0 243 0 
0 213 7 
0 200 0 
0 202 1 
0 265 30 
0 202 21 
0 243 11 
0 186 17 
0 127 0 
0 190 62 
0 235 24 
0 261 12 
0 190 33 
0 206 3 
0 182 15 
0 247 8 
0 264 8 
0 199 40 
0 254 32 
0 233 22 
0 170 19 
0 148 11 
0 275 31 
0 194 9 
0 243 0 
0 208 23 
0 238 13 
0 181 13 
0 205 5 
0 196 12 
0 251 1 
0 217 23 
0 227 2 
0 202 16 
0 222 29 
0 140 22 
0 260 23 
0 275 1 
0 208 16 
0 205 3 
0 248 7 
0 175 18 
0 307 1 
0 254 4 
0 208 40 
0 200 2 
0 181 43 
0 167 69 
0 240 2 
0 206 21 
0 235 12 
0 213 25 
0 298 13 
0 222 33 
0 162 13 
0 106 0 
0 283 21 
0 222 0 
0 232 33 
0 187 37 
0 246 2 
0 202 0 
0 231 19 
0 288 3 
0 179 5 
0 214 2 
0 195 11 
0 218 15 
0 210 15 
0 147 8 
0 164 11 
0 194 9 
0 217 2 
0 134 34 
0 235 42 
0 195 3 
0 188 7 
0 216 50 
0 202 16 
0 206 16 
0 208 18 
0 267 0 
0 219 18 
0 208 24 
0 168 34 
0 217 37 
0 209 3 
0 183 36 
0 238 5 
0 241 12 
0 171 22 
0 197 33 
0 228 7 
0 177 22 
0 226 11 
0 188 15 
0 231 17 
0 221 27 
0 246 16 
0 225 6 
0 215 5 
0 194 7 
0 224 15 
0 291 0 
0 152 19 
0 243 10 
0 176 13 
0 222 21 
0 227 0 
0 171 18 
0 232 19 
0 198 6 
0 310 16 
0 206 17 
0 225 4 
0 150 13 
0 164 58 
0 181 21 
0 155 23 
0 203 24 
0 246 2 
0 280 25 
0 228 24 
0 229 2 
0 156 61 
0 206 0 
0 179 126 
0 157 1 
0 219 3 
0 217 30 
0 219 21 
0 263 6 
0 186 1 
0 254 24 
0 249 16 
0 299 9 
0 238 4 
0 280 3 
0 290 0 
0 280 45 
0 177 40 
0 115 23 
0 200 14 
0 280 3 
0 240 17 
0 173 1 
0 202 69 
0 227 4 
0 282 15 
0 157 64 
0 250 7 
0 268 0 
0 211 86 
0 167 0 
0 238 21 
0 227 57 
0 187 2 
0 264 15 
0 254 26 
0 137 25 
0 256 15 
0 239 14 
0 241 0 
0 212 19 
0 248 3 
0 188 22 
0 253 4 
0 242 5 
0 223 4 
0 223 6 
0 124 59 
0 169 59 
0 239 27 
0 267 4 
0 257 30 
0 213 1 
0 192 33 
0 259 12 
0 133 66 
0 232 18 
0 229 0 
0 221 25 
0 226 36 
0 159 21 
0 228 51 
0 288 0 
0 195 8 
0 198 1 
0 219 8 
0 118 7 
0 156 23 
0 188 1 
0 196 0 
0 227 19 
0 232 34 
0 154 40 
0 205 6 
0 259 12 
0 185 30 
0 259 20 
0 213 5 
0 173 15 
0 196 2 
0 209 6 
0 183 16 
0 273 10 
0 178 0 
0 194 31 
0 221 17 
0 217 19 
0 229 4 
0 270 7 
0 198 29 
0 208 21 
0 216 46 
0 186 4 
0 246 2 
0 232 14 
0 215 5 
0 210 9 
0 280 7 
0 234 6 
0 114 5 
0 199 39 
0 155 29 
0 188 21 
0 211 21 
0 223 7 
0 153 25 
0 178 22 
0 224 47 
0 223 10 
0 246 15 
0 240 56 
0 242 24 
0 189 32 
0 154 19 
0 182 18 
0 253 4 
0 195 50 
0 189 15 
0 207 5 
0 214 3 
0 257 6 
0 204 0 
0 234 8 
0 256 23 
0 187 22 
0 314 9 
0 160 220 
0 223 4 
0 169 5 
0 249 16 
0 169 0 
0 263 27 
0 255 0 
0 248 14 
0 226 8 
0 188 11 
0 116 11 
0 194 53 
0 236 15 
0 256 20 
0 252 7 
