0 97 42 
0 169 10 
0 128 54 
0 105 8 
0 93 28 
0 173 15 
0 126 28 
0 178 13 
0 133 43 
0 108 35 
0 89 59 
0 147 10 
0 79 33 
0 87 67 
0 156 34 
0 84 31 
0 81 27 
0 133 31 
0 91 82 
0 97 64 
0 149 17 
0 120 93 
0 95 167 
0 89 60 
0 137 28 
0 126 26 
0 115 29 
0 75 107 
0 73 32 
0 127 26 
0 83 2 
0 77 51 
0 47 46 
0 116 78 
0 118 28 
0 140 22 
0 93 12 
0 138 26 
0 128 39 
0 138 10 
0 122 73 
0 102 71 
0 117 53 
0 86 41 
0 117 33 
0 141 9 
0 97 23 
0 107 27 
0 107 30 
0 121 63 
0 119 33 
0 123 24 
0 165 57 
0 84 16 
0 124 18 
0 111 35 
0 134 43 
0 174 43 
0 119 85 
0 83 20 
0 133 20 
0 115 29 
0 101 54 
0 193 42 
0 140 14 
0 123 64 
0 148 13 
0 119 27 
0 136 47 
0 112 63 
0 94 80 
0 51 26 
0 122 24 
0 134 43 
0 105 11 
0 92 34 
0 163 84 
0 157 18 
0 98 32 
0 84 40 
0 120 35 
0 123 33 
0 57 74 
0 103 99 
0 128 17 
0 143 35 
0 107 15 
0 111 34 
0 133 1 
0 68 66 
0 111 77 
0 142 66 
0 83 82 
0 77 88 
0 108 25 
0 108 19 
0 149 39 
0 174 62 
0 94 66 
0 100 48 
0 117 43 
0 77 10 
0 82 97 
0 96 25 
0 141 88 
0 112 59 
0 139 70 
0 151 28 
0 80 14 
0 100 50 
0 154 30 
0 144 21 
0 71 33 
0 149 17 
0 86 28 
0 127 5 
0 149 37 
0 115 70 
0 83 19 
0 69 16 
0 82 46 
0 138 18 
0 138 36 
0 102 32 
0 120 39 
0 154 29 
0 135 30 
0 116 15 
0 121 29 
0 113 59 
0 181 38 
0 99 36 
0 92 59 
0 117 45 
0 144 50 
0 130 35 
0 115 30 
0 49 1 
0 78 113 
0 88 23 
0 137 26 
0 87 102 
0 126 70 
0 97 76 
0 108 11 
0 93 55 
0 160 21 
0 88 34 
0 155 18 
0 85 35 
0 175 13 
0 92 104 
0 110 35 
0 144 65 
0 101 63 
0 123 8 
0 93 39 
0 127 51 
0 61 25 
0 60 7 
0 102 74 
0 89 26 
0 124 66 
0 122 18 
0 46 43 
0 141 37 
0 90 42 
0 130 14 
0 126 33 
0 137 32 
0 68 69 
0 126 22 
0 125 42 
0 110 10 
0 115 32 
0 135 35 
0 156 9 
0 94 41 
0 130 29 
0 93 26 
0 90 31 
0 105 57 
0 159 51 
0 86 22 
0 105 26 
0 118 34 
0 123 30 
0 111 50 
0 82 41 
0 72 33 
0 101 10 
0 169 32 
0 102 35 
0 81 21 
0 164 35 
0 151 41 
0 144 73 
0 140 13 
0 160 8 
0 110 33 
0 88 27 
0 101 84 
0 104 17 
0 207 29 
0 168 51 
0 153 17 
0 139 53 
0 123 77 
0 123 30 
0 100 6 
0 114 14 
0 134 10 
0 88 25 
0 66 21 
0 175 18 
0 127 36 
0 111 22 
0 142 44 
0 179 64 
0 131 67 
0 82 90 
0 98 66 
0 121 35 
0 133 27 
0 130 25 
0 115 51 
0 99 20 
0 95 57 
0 130 63 
0 135 21 
0 100 21 
0 94 6 
0 121 20 
0 163 13 
0 127 59 
0 112 21 
0 123 28 
0 70 3 
0 132 39 
0 125 31 
0 63 78 
0 122 48 
0 134 100 
0 98 51 
0 125 76 
0 111 68 
0 91 41 
0 125 27 
0 73 36 
0 83 27 
0 94 36 
0 120 29 
0 109 29 
0 115 31 
0 129 10 
0 107 84 
0 94 36 
0 101 17 
0 81 36 
0 94 21 
0 113 85 
0 107 80 
0 129 13 
0 135 36 
0 97 28 
0 111 140 
0 102 26 
0 91 23 
0 104 9 
0 143 46 
0 82 39 
0 86 123 
0 123 52 
0 120 67 
0 104 39 
0 82 43 
0 135 16 
0 104 71 
0 93 6 
0 105 27 
0 99 26 
0 124 27 
0 128 112 
0 87 60 
0 132 21 
0 137 12 
0 131 81 
0 77 43 
0 153 73 
0 139 32 
0 137 10 
0 125 36 
0 120 142 
0 140 29 
0 127 104 
0 81 35 
0 112 127 
0 117 60 
0 100 54 
0 83 14 
0 117 15 
0 97 59 
0 113 27 
0 176 156 
0 118 29 
0 155 58 
0 71 6 
0 116 57 
0 54 32 
0 88 30 
0 102 57 
0 125 14 
0 98 57 
0 105 96 
0 121 37 
0 88 44 
0 110 10 
0 118 14 
0 72 21 
0 111 22 
0 96 18 
0 153 13 
0 167 60 
0 115 18 
0 117 36 
0 131 57 
0 119 23 
0 132 35 
0 76 7 
0 81 21 
0 89 43 
0 124 34 
0 75 25 
0 131 54 
0 71 46 
0 112 58 
0 87 37 
0 95 13 
0 118 96 
0 123 51 
0 97 58 
0 101 64 
0 83 49 
0 117 23 
0 108 21 
0 82 7 
0 161 47 
0 109 66 
0 198 48 
0 96 31 
0 121 32 
0 65 31 
0 123 43 
0 124 50 
0 117 43 
0 160 12 
0 134 54 
0 135 29 
0 148 15 
0 100 12 
0 155 18 
0 104 42 
0 125 34 
0 88 33 
0 84 21 
0 140 57 
0 122 41 
0 141 38 
0 129 20 
0 88 19 
0 114 92 
0 55 51 
0 119 23 
0 170 41 
0 94 36 
0 112 18 
0 65 17 
0 84 56 
0 73 36 
0 111 31 
0 140 18 
0 92 106 
0 111 23 
0 132 23 
0 93 26 
0 99 33 
0 162 19 
0 120 19 
0 125 34 
0 115 43 
0 117 22 
0 114 37 
0 97 93 
0 78 24 
0 117 26 
0 129 27 
0 117 47 
0 129 14 
0 110 8 
0 133 31 
0 124 32 
0 105 20 
0 107 22 
0 122 24 
0 109 27 
0 92 74 
0 140 20 
0 115 28 
0 135 11 
0 121 62 
0 77 33 
0 149 16 
0 93 34 
0 124 7 
0 144 53 
0 72 51 
0 116 43 
0 78 62 
0 110 13 
0 93 33 
0 116 31 
0 142 30 
0 55 32 
0 92 17 
0 112 22 
0 154 15 
0 98 15 
0 73 38 
0 99 27 
0 115 10 
0 83 24 
0 116 22 
0 127 68 
0 125 42 
0 120 75 
0 123 64 
0 127 57 
0 136 2 
0 99 29 
0 137 40 
0 152 8 
0 165 21 
0 128 66 
0 120 31 
0 131 38 
0 99 53 
0 141 4 
0 96 79 
0 111 28 
0 106 24 
0 141 34 
0 155 34 
0 130 23 
0 89 57 
0 84 20 
0 85 59 
0 80 67 
0 94 20 
0 123 28 
0 110 27 
0 115 48 
0 140 41 
0 80 40 
0 102 32 
0 129 17 
0 108 31 
0 32 25 
0 142 48 
0 83 91 
0 144 23 
0 85 14 
0 99 78 
0 120 31 
0 113 70 
0 85 57 
0 91 24 
0 112 117 
0 151 37 
0 103 17 
0 121 53 
0 106 69 
0 21 20 
0 149 40 
0 122 52 
0 149 64 
0 98 34 
0 125 24 
0 131 33 
0 113 15 
0 112 22 
0 147 9 
0 111 51 
0 78 33 
0 118 60 
0 80 40 
0 152 25 
0 111 35 
0 168 11 
0 84 37 
0 136 24 
0 106 6 
0 153 25 
0 110 58 
0 105 11 
0 181 40 
0 75 15 
0 144 12 
0 128 27 
0 97 33 
0 114 26 
0 162 37 
0 136 8 
0 109 62 
0 142 66 
0 83 66 
0 114 12 
0 188 66 
0 130 48 
0 69 26 
0 121 81 
0 112 27 
0 154 17 
0 99 6 
0 82 22 
0 117 31 
0 92 25 
0 93 13 
0 117 122 
0 107 47 
0 119 29 
0 111 33 
0 157 45 
0 153 64 
0 74 23 
0 169 24 
0 145 16 
0 94 36 
0 113 9 
0 124 34 
0 76 36 
0 88 13 
0 142 9 
0 121 57 
0 128 16 
0 158 10 
0 78 12 
0 166 20 
0 103 26 
0 135 117 
0 125 14 
0 100 17 
0 73 43 
0 129 34 
0 83 18 
0 59 22 
0 192 36 
0 144 36 
0 162 9 
0 75 47 
0 51 21 
0 150 47 
0 111 16 
0 117 82 
0 89 102 
0 135 26 
0 104 54 
0 66 38 
0 109 67 
0 89 17 
0 79 136 
0 106 14 
0 99 23 
0 96 51 
0 114 25 
0 116 50 
0 106 49 
0 80 57 
0 156 12 
0 132 38 
0 128 64 
0 101 37 
0 85 43 
0 77 30 
0 117 18 
0 100 9 
0 146 16 
0 101 18 
0 114 36 
0 105 47 
0 121 20 
0 125 53 
0 146 18 
0 157 32 
0 103 47 
0 145 8 
0 154 16 
0 149 39 
0 101 27 
0 66 14 
0 80 21 
0 103 14 
0 118 83 
0 113 53 
0 142 45 
0 106 24 
0 78 143 
0 144 27 
0 141 19 
0 120 42 
0 66 38 
0 117 18 
0 99 72 
0 142 56 
0 117 53 
0 69 43 
0 87 54 
0 121 29 
0 189 31 
0 64 35 
0 164 49 
0 160 66 
0 104 20 
0 56 102 
0 89 106 
0 81 41 
0 172 74 
0 80 35 
0 133 44 
0 139 25 
0 121 10 
0 166 87 
0 93 21 
0 155 45 
0 92 30 
0 91 70 
0 96 51 
0 164 24 
0 91 15 
0 113 4 
0 75 17 
0 148 78 
0 147 103 
0 110 25 
0 113 52 
0 88 45 
0 90 22 
0 101 3 
0 105 124 
0 67 35 
0 157 22 
0 184 50 
0 118 58 
0 133 33 
0 101 38 
0 159 27 
0 139 22 
0 147 68 
0 95 17 
0 57 91 
0 123 13 
0 105 68 
0 106 9 
0 147 35 
0 94 3 
0 109 14 
0 115 23 
0 103 29 
0 149 19 
0 137 29 
0 90 36 
0 155 66 
0 98 62 
0 86 37 
0 126 33 
0 102 19 
0 144 27 
0 111 12 
0 117 26 
0 147 31 
0 130 99 
0 97 15 
0 147 44 
0 99 51 
0 78 13 
0 161 24 
0 115 8 
0 99 28 
0 117 45 
0 128 9 
0 101 40 
0 224 30 
0 108 28 
0 152 21 
0 101 35 
0 138 32 
0 95 5 
0 95 43 
0 145 31 
0 123 44 
0 84 52 
0 90 30 
0 98 53 
0 107 37 
0 96 116 
0 94 29 
0 85 33 
0 113 62 
0 72 81 
0 102 31 
0 145 33 
0 115 39 
0 104 31 
0 125 49 
0 58 93 
0 68 29 
0 165 31 
0 77 19 
0 70 33 
0 63 59 
0 113 24 
0 154 59 
0 87 3 
0 75 25 
0 89 12 
0 198 47 
0 121 18 
0 123 22 
0 118 17 
0 102 53 
0 128 28 
0 108 31 
0 147 5 
0 117 24 
0 58 89 
0 109 30 
0 111 8 
0 61 85 
0 121 74 
0 95 96 
0 101 11 
0 122 35 
0 134 42 
0 71 24 
0 154 44 
0 153 10 
0 132 11 
0 121 29 
0 89 63 
0 84 52 
0 134 23 
0 104 137 
0 173 35 
0 109 34 
0 132 19 
0 160 57 
0 154 70 
0 114 77 
0 136 14 
0 117 40 
0 158 30 
0 137 17 
0 120 9 
0 124 51 
0 70 41 
0 156 26 
0 141 73 
0 129 28 
0 152 27 
0 114 77 
0 116 7 
0 101 12 
0 56 19 
0 88 14 
0 125 56 
0 140 18 
0 91 37 
0 116 12 
0 107 43 
0 130 17 
0 130 43 
0 114 35 
0 108 56 
0 116 28 
0 120 50 
0 100 53 
0 95 71 
0 116 22 
0 83 60 
0 96 28 
0 184 16 
0 135 47 
0 77 41 
0 140 64 
0 126 39 
0 158 61 
0 125 44 
0 82 26 
0 157 15 
0 139 22 
0 87 100 
0 94 32 
0 132 53 
0 107 10 
0 86 18 
0 122 40 
0 101 142 
0 87 47 
0 126 52 
0 146 56 
0 90 57 
0 80 65 
0 176 40 
0 122 28 
0 87 82 
0 145 0 
0 132 17 
0 72 34 
0 167 46 
0 72 28 
0 121 65 
0 81 62 
0 150 28 
0 51 41 
0 150 24 
0 111 50 
0 109 24 
0 123 66 
0 98 22 
0 154 33 
0 103 27 
0 144 43 
0 108 90 
0 106 83 
0 128 33 
0 121 11 
0 78 34 
0 124 111 
0 145 75 
0 62 25 
0 83 30 
0 95 34 
0 112 51 
0 83 24 
0 67 21 
0 88 13 
0 124 15 
0 100 41 
0 151 41 
0 101 40 
0 126 63 
0 123 30 
0 109 69 
0 86 32 
0 122 18 
0 108 39 
0 71 46 
0 107 36 
0 151 20 
0 127 53 
0 113 33 
0 102 30 
0 79 34 
0 138 12 
0 123 56 
0 107 50 
0 145 46 
0 52 51 
0 114 32 
0 97 37 
0 132 18 
0 130 24 
0 111 73 
0 180 42 
0 154 39 
0 95 48 
0 55 66 
0 63 37 
0 83 71 
0 167 44 
0 86 38 
0 109 42 
0 129 78 
0 134 64 
0 120 42 
0 150 39 
0 111 21 
0 111 66 
0 137 40 
0 98 21 
0 143 2 
0 100 23 
0 113 81 
0 109 21 
0 71 9 
0 99 49 
0 123 109 
0 57 102 
0 84 14 
0 78 36 
0 127 10 
0 87 21 
0 86 15 
0 104 38 
0 110 21 
0 136 19 
0 97 67 
0 97 28 
0 119 12 
0 99 32 
0 89 47 
0 112 57 
0 73 72 
0 146 32 
0 118 27 
0 134 21 
0 104 17 
0 138 71 
0 137 23 
0 123 64 
0 64 85 
0 118 106 
0 99 19 
0 96 35 
0 89 34 
0 94 84 
0 112 26 
0 97 104 
0 96 39 
0 108 60 
0 123 39 
0 108 15 
0 146 50 
0 162 30 
0 143 63 
0 116 21 
0 115 38 
0 108 29 
0 138 40 
0 73 13 
0 115 39 
0 134 48 
0 107 51 
0 96 20 
0 61 66 
0 100 90 
0 101 32 
0 141 79 
0 85 120 
0 64 43 
0 82 62 
0 125 48 
0 69 11 
0 147 63 
0 107 35 
0 115 50 
0 113 4 
0 152 21 
0 88 25 
0 164 35 
0 134 10 
0 161 83 
0 108 41 
0 118 54 
0 79 114 
0 84 52 
0 97 40 
0 103 29 
0 147 32 
0 143 43 
0 91 69 
0 132 66 
0 121 53 
0 159 14 
0 100 70 
0 77 40 
0 154 57 
0 95 12 
0 122 10 
0 126 112 
0 71 40 
0 108 38 
0 212 16 
0 137 26 
0 135 21 
0 125 38 
0 110 19 
0 120 28 
0 92 28 
0 167 9 
0 78 50 
0 135 72 
0 88 62 
0 116 64 
0 175 32 
0 158 26 
0 101 33 
0 155 121 
0 70 23 
0 95 23 
0 114 43 
