481 300 219 
545 241 214 
435 217 348 
627 189 184 
469 229 302 
616 190 194 
557 238 205 
529 283 188 
550 243 207 
521 224 255 
468 221 311 
519 262 219 
570 222 208 
516 307 177 
558 286 156 
487 212 301 
559 271 170 
515 272 213 
527 246 227 
594 265 141 
573 225 202 
504 246 250 
445 235 320 
587 243 170 
598 230 172 
582 238 180 
535 201 264 
585 221 194 
595 218 187 
535 270 195 
548 279 173 
616 247 137 
510 235 255 
519 280 201 
516 250 234 
496 229 275 
508 236 256 
511 251 238 
566 209 225 
631 246 123 
474 267 259 
479 292 229 
507 248 245 
538 231 231 
595 246 159 
485 232 283 
563 273 164 
477 274 249 
599 214 187 
564 253 183 
498 284 218 
543 231 226 
493 256 251 
484 259 257 
561 247 192 
449 303 248 
600 238 162 
591 228 181 
613 288 99 
562 248 190 
586 247 167 
587 215 198 
501 280 219 
514 227 259 
527 285 188 
504 319 177 
479 271 250 
532 264 204 
485 230 285 
500 264 236 
472 218 310 
519 260 221 
595 270 135 
595 245 160 
556 280 164 
493 264 243 
612 188 200 
621 207 172 
490 230 280 
574 238 188 
565 184 251 
482 267 251 
512 274 214 
543 192 265 
556 270 174 
545 216 239 
515 261 224 
517 240 243 
450 252 298 
530 253 217 
463 276 261 
408 270 322 
539 246 215 
604 271 125 
556 225 219 
540 171 289 
490 290 220 
566 237 197 
569 247 184 
514 239 247 
580 202 218 
564 198 238 
549 257 194 
529 196 275 
577 224 199 
498 212 290 
612 218 170 
613 219 168 
555 311 134 
552 234 214 
499 289 212 
609 213 178 
499 248 253 
481 263 256 
472 300 228 
559 296 145 
509 275 216 
552 255 193 
516 239 245 
574 253 173 
575 231 194 
570 253 177 
518 218 264 
529 207 264 
555 235 210 
589 240 171 
515 253 232 
539 274 187 
480 261 259 
547 277 176 
553 258 189 
544 259 197 
617 215 168 
563 268 169 
520 253 227 
626 228 146 
498 277 225 
485 228 287 
484 189 327 
484 255 261 
535 274 191 
563 164 273 
527 262 211 
549 266 185 
569 238 193 
515 235 250 
478 272 250 
596 240 164 
599 226 175 
559 190 251 
642 222 136 
504 264 232 
512 249 239 
421 243 336 
513 232 255 
513 236 251 
474 196 330 
582 228 190 
530 241 229 
543 232 225 
536 267 197 
527 276 197 
461 224 315 
576 264 160 
563 226 211 
552 251 197 
604 243 153 
592 230 178 
487 208 305 
626 229 145 
503 255 242 
518 248 234 
537 282 181 
484 243 273 
552 253 195 
570 178 252 
510 217 273 
535 227 238 
534 297 169 
567 255 178 
547 263 190 
545 218 237 
522 289 189 
542 249 209 
529 238 233 
553 220 227 
548 240 212 
525 222 253 
545 246 209 
555 234 211 
536 230 234 
570 256 174 
464 253 283 
611 216 173 
503 215 282 
636 239 125 
471 259 270 
536 229 235 
479 220 301 
555 267 178 
571 249 180 
538 261 201 
481 275 244 
501 220 279 
485 273 242 
545 236 219 
538 238 224 
519 251 230 
516 245 239 
536 245 219 
528 190 282 
577 208 215 
528 275 197 
612 194 194 
492 266 242 
583 259 158 
522 260 218 
469 294 237 
617 231 152 
604 246 150 
567 236 197 
493 226 281 
497 257 246 
491 246 263 
626 212 162 
514 228 258 
581 231 188 
561 261 178 
572 228 200 
489 238 273 
595 213 192 
514 227 259 
486 259 255 
486 265 249 
488 186 326 
586 232 182 
535 244 221 
506 267 227 
506 278 216 
572 218 210 
558 233 209 
523 272 205 
486 268 246 
542 277 181 
563 226 211 
618 241 141 
566 271 163 
509 223 268 
580 272 148 
535 245 220 
544 280 176 
489 224 287 
511 260 229 
508 294 198 
488 236 276 
569 266 165 
637 249 114 
602 214 184 
516 250 234 
521 234 245 
640 214 146 
583 257 160 
521 288 191 
539 208 253 
552 215 233 
543 217 240 
510 237 253 
529 272 199 
573 240 187 
467 281 252 
534 287 179 
570 250 180 
468 226 306 
516 279 205 
562 240 198 
535 258 207 
506 234 260 
526 284 190 
503 253 244 
564 266 170 
577 209 214 
561 252 187 
538 257 205 
585 260 155 
570 259 171 
525 207 268 
472 272 256 
462 283 255 
470 238 292 
539 242 219 
575 259 166 
546 240 214 
519 205 276 
540 227 233 
498 271 231 
490 215 295 
574 250 176 
503 210 287 
566 167 267 
544 278 178 
509 215 276 
491 277 232 
488 223 289 
536 249 215 
505 263 232 
515 211 274 
494 220 286 
579 191 230 
550 208 242 
506 270 224 
551 277 172 
577 246 177 
510 255 235 
527 235 238 
432 289 279 
541 194 265 
591 236 173 
543 272 185 
519 253 228 
560 266 174 
515 263 222 
505 268 227 
568 216 216 
568 207 225 
603 276 121 
483 222 295 
504 214 282 
461 273 266 
493 275 232 
589 257 154 
535 237 228 
583 206 211 
507 220 273 
484 229 287 
566 219 215 
545 231 224 
469 262 269 
520 239 241 
484 237 279 
574 219 207 
512 204 284 
473 248 279 
545 270 185 
642 211 147 
540 265 195 
556 245 199 
505 281 214 
506 270 224 
515 266 219 
493 261 246 
524 268 208 
491 261 248 
628 193 179 
523 286 191 
530 179 291 
533 244 223 
524 237 239 
560 256 184 
538 267 195 
522 223 255 
507 285 208 
580 202 218 
537 233 230 
531 244 225 
429 299 272 
417 248 335 
581 235 184 
541 262 197 
498 274 228 
530 228 242 
618 228 154 
608 243 149 
550 248 202 
454 251 295 
579 207 214 
513 275 212 
559 252 189 
507 278 215 
546 261 193 
557 265 178 
495 246 259 
477 272 251 
560 276 164 
574 198 228 
550 272 178 
510 264 226 
533 304 163 
596 222 182 
537 304 159 
517 254 229 
526 212 262 
527 299 174 
526 255 219 
533 239 228 
553 218 229 
535 277 188 
595 264 141 
594 264 142 
521 279 200 
508 198 294 
577 222 201 
486 290 224 
520 274 206 
586 233 181 
581 240 179 
502 295 203 
530 237 233 
432 264 304 
535 206 259 
545 246 209 
469 272 259 
541 178 281 
522 263 215 
580 244 176 
512 289 199 
496 256 248 
547 266 187 
543 236 221 
618 244 138 
502 281 217 
519 289 192 
484 265 251 
532 274 194 
448 237 315 
621 230 149 
528 297 175 
449 266 285 
554 210 236 
490 273 237 
486 284 230 
471 280 249 
486 210 304 
577 203 220 
535 277 188 
574 169 257 
472 232 296 
527 288 185 
555 232 213 
524 295 181 
482 170 348 
483 287 230 
582 289 129 
612 271 117 
506 265 229 
537 213 250 
510 260 230 
600 219 181 
524 267 209 
580 252 168 
569 246 185 
559 272 169 
483 286 231 
532 299 169 
480 210 310 
578 226 196 
528 288 184 
477 262 261 
563 208 229 
485 278 237 
537 214 249 
567 236 197 
644 216 140 
485 249 266 
498 221 281 
523 237 240 
479 217 304 
558 268 174 
553 256 191 
531 278 191 
517 217 266 
501 260 239 
540 261 199 
502 234 264 
506 274 220 
548 212 240 
518 248 234 
520 272 208 
496 287 217 
518 275 207 
470 216 314 
528 243 229 
517 270 213 
605 245 150 
499 262 239 
509 267 224 
611 201 188 
564 246 190 
513 252 235 
563 208 229 
499 243 258 
506 242 252 
545 196 259 
521 245 234 
582 286 132 
601 205 194 
513 254 233 
532 261 207 
474 278 248 
500 190 310 
537 237 226 
514 222 264 
526 209 265 
484 292 224 
590 238 172 
590 260 150 
603 272 125 
429 222 349 
503 258 239 
570 211 219 
449 252 299 
538 228 234 
601 191 208 
556 246 198 
555 254 191 
493 329 178 
589 222 189 
520 284 196 
546 269 185 
603 208 189 
546 259 195 
554 289 157 
568 255 177 
521 313 166 
511 232 257 
498 263 239 
566 268 166 
578 235 187 
534 247 219 
475 268 257 
569 215 216 
572 242 186 
529 267 204 
461 268 271 
532 257 211 
572 205 223 
516 250 234 
537 258 205 
517 264 219 
484 247 269 
564 221 215 
542 234 224 
426 321 253 
528 225 247 
563 247 190 
565 182 253 
509 276 215 
611 245 144 
496 312 192 
565 263 172 
508 286 206 
530 250 220 
519 182 299 
499 264 237 
543 280 177 
409 274 317 
434 306 260 
581 263 156 
588 228 184 
486 266 248 
534 296 170 
424 211 365 
547 263 190 
544 275 181 
584 192 224 
530 229 241 
592 262 146 
470 207 323 
528 293 179 
578 254 168 
537 272 191 
557 264 179 
406 309 285 
516 248 236 
475 239 286 
513 264 223 
528 252 220 
521 276 203 
515 246 239 
553 221 226 
516 257 227 
574 185 241 
515 258 227 
436 277 287 
479 251 270 
480 256 264 
520 235 245 
503 283 214 
530 255 215 
492 236 272 
478 270 252 
490 242 268 
591 237 172 
564 278 158 
567 283 150 
506 262 232 
630 209 161 
524 254 222 
504 254 242 
537 248 215 
509 206 285 
556 276 168 
427 289 284 
620 227 153 
499 303 198 
506 225 269 
433 276 291 
502 248 250 
493 263 244 
569 249 182 
564 203 233 
472 261 267 
614 188 198 
563 247 190 
524 198 278 
499 258 243 
474 272 254 
485 270 245 
533 256 211 
498 287 215 
523 298 179 
477 271 252 
562 270 168 
569 230 201 
446 245 309 
433 277 290 
570 245 185 
502 261 237 
585 206 209 
478 340 182 
533 273 194 
523 272 205 
579 246 175 
523 238 239 
523 277 200 
485 307 208 
576 237 187 
540 269 191 
559 289 152 
547 192 261 
572 212 216 
522 214 264 
588 244 168 
605 185 210 
604 255 141 
552 275 173 
521 284 195 
542 268 190 
558 265 177 
510 210 280 
614 229 157 
570 242 188 
613 231 156 
541 259 200 
596 218 186 
422 206 372 
520 278 202 
467 225 308 
577 279 144 
563 232 205 
486 258 256 
518 250 232 
506 292 202 
508 225 267 
565 221 214 
536 236 228 
535 293 172 
529 248 223 
504 244 252 
561 225 214 
550 212 238 
513 241 246 
540 254 206 
530 255 215 
574 256 170 
575 217 208 
482 253 265 
474 274 252 
541 238 221 
543 217 240 
517 296 187 
585 239 176 
485 212 303 
496 279 225 
574 197 229 
555 248 197 
523 289 188 
548 207 245 
498 289 213 
593 256 151 
591 273 136 
557 263 180 
585 246 169 
430 266 304 
508 286 206 
535 266 199 
457 248 295 
598 238 164 
535 200 265 
481 245 274 
514 267 219 
567 249 184 
626 255 119 
481 257 262 
538 308 154 
612 254 134 
454 256 290 
490 292 218 
518 292 190 
631 208 161 
579 192 229 
572 231 197 
557 277 166 
566 212 222 
514 251 235 
576 217 207 
487 275 238 
558 233 209 
525 239 236 
551 214 235 
462 232 306 
523 256 221 
491 237 272 
541 256 203 
548 262 190 
478 233 289 
506 311 183 
573 248 179 
580 236 184 
541 246 213 
572 231 197 
559 234 207 
551 229 220 
527 255 218 
568 286 146 
481 245 274 
532 259 209 
527 225 248 
603 227 170 
480 322 198 
515 274 211 
459 291 250 
532 253 215 
541 215 244 
535 246 219 
456 270 274 
548 276 176 
538 256 206 
562 229 209 
552 227 221 
528 255 217 
477 275 248 
520 197 283 
631 185 184 
549 234 217 
544 249 207 
511 233 256 
502 253 245 
543 281 176 
516 239 245 
515 217 268 
494 270 236 
486 289 225 
537 253 210 
509 235 256 
495 251 254 
529 264 207 
482 259 259 
445 247 308 
535 277 188 
565 237 198 
518 231 251 
434 298 268 
472 272 256 
502 259 239 
582 264 154 
495 233 272 
505 189 306 
466 308 226 
515 226 259 
516 212 272 
489 207 304 
513 263 224 
556 234 210 
445 249 306 
560 201 239 
509 183 308 
483 225 292 
538 223 239 
373 236 391 
432 224 344 
536 258 206 
578 233 189 
486 248 266 
439 301 260 
487 267 246 
536 261 203 
587 232 181 
545 280 175 
534 194 272 
559 257 184 
533 263 204 
456 270 274 
619 177 204 
544 277 179 
566 284 150 
581 219 200 
520 239 241 
528 235 237 
521 248 231 
484 211 305 
543 241 216 
535 248 217 
535 205 260 
552 224 224 
485 273 242 
492 263 245 
469 265 266 
487 274 239 
583 234 183 
555 278 167 
585 237 178 
544 260 196 
544 265 191 
519 256 225 
473 245 282 
524 245 231 
499 276 225 
516 227 257 
544 288 168 
610 263 127 
578 220 202 
520 270 210 
683 177 140 
514 276 210 
519 294 187 
513 287 200 
537 276 187 
591 252 157 
508 252 240 
570 261 169 
398 290 312 
550 249 201 
503 249 248 
607 217 176 
486 241 273 
551 211 238 
556 276 168 
636 155 209 
514 243 243 
494 285 221 
504 276 220 
563 231 206 
491 292 217 
592 238 170 
562 237 201 
549 275 176 
584 232 184 
537 294 169 
501 276 223 
488 251 261 
525 213 262 
477 261 262 
471 201 328 
515 235 250 
491 270 239 
553 235 212 
546 223 231 
452 239 309 
552 247 201 
524 225 251 
593 224 183 
507 292 201 
568 247 185 
497 252 251 
593 181 226 
613 224 163 
542 295 163 
455 292 253 
549 257 194 
388 260 352 
529 271 200 
544 243 213 
434 220 346 
510 220 270 
435 225 340 
477 287 236 
493 236 271 
588 251 161 
508 221 271 
515 247 238 
460 276 264 
513 242 245 
596 249 155 
459 296 245 
484 291 225 
538 267 195 
510 290 200 
554 271 175 
522 301 177 
524 284 192 
548 260 192 
573 259 168 
533 229 238 
462 268 270 
611 201 188 
570 227 203 
520 240 240 
473 250 277 
524 232 244 
545 285 170 
531 219 250 
597 227 176 
565 234 201 
525 272 203 
530 258 212 
473 240 287 
551 265 184 
564 259 177 
614 233 153 
478 279 243 
511 264 225 
474 275 251 
444 279 277 
530 253 217 
545 242 213 
598 213 189 
557 264 179 
497 276 227 
511 256 233 
551 242 207 
536 254 210 
474 272 254 
560 259 181 
504 221 275 
500 297 203 
438 331 231 
537 293 170 
508 299 193 
605 212 183 
573 232 195 
542 247 211 
553 277 170 
514 258 228 
533 210 257 
558 278 164 
497 272 231 
641 177 182 
565 284 151 
533 266 201 
560 267 173 
430 294 276 
490 192 318 
494 192 314 
596 177 227 
499 218 283 
549 229 222 
573 225 202 
526 225 249 
613 214 173 
460 261 279 
503 234 263 
551 234 215 
542 275 183 
533 239 228 
479 314 207 
545 233 222 
522 254 224 
551 225 224 
577 250 173 
498 325 177 
499 273 228 
482 269 249 
526 237 237 
454 287 259 
545 222 233 
487 265 248 
561 187 252 
549 272 179 
532 314 154 
557 205 238 
499 236 265 
487 289 224 
507 252 241 
496 248 256 
593 150 257 
609 191 200 
524 236 240 
547 222 231 
480 243 277 
550 235 215 
498 270 232 
605 250 145 
509 227 264 
539 254 207 
496 246 258 
443 256 301 
434 217 349 
556 209 235 
501 286 213 
491 248 261 
