513 281 206 
512 251 237 
451 213 336 
549 291 160 
527 274 199 
551 264 185 
550 268 182 
547 235 218 
448 271 281 
617 179 204 
444 223 333 
591 213 196 
491 236 273 
535 267 198 
502 230 268 
487 240 273 
401 301 298 
535 250 215 
514 239 247 
522 265 213 
380 254 366 
554 227 219 
523 266 211 
486 251 263 
509 276 215 
519 251 230 
528 293 179 
508 310 182 
560 247 193 
491 228 281 
508 236 256 
578 227 195 
603 237 160 
522 316 162 
529 271 200 
540 213 247 
463 272 265 
529 247 224 
587 213 200 
517 182 301 
442 267 291 
445 224 331 
585 217 198 
564 194 242 
466 246 288 
457 301 242 
498 245 257 
563 244 193 
551 233 216 
582 223 195 
535 202 263 
481 265 254 
545 232 223 
517 237 246 
615 205 180 
498 246 256 
548 217 235 
492 240 268 
507 241 252 
508 254 238 
479 280 241 
545 211 244 
527 277 196 
519 294 187 
539 254 207 
512 256 232 
503 264 233 
498 202 300 
568 258 174 
511 175 314 
530 235 235 
466 281 253 
433 214 353 
497 272 231 
522 257 221 
525 224 251 
448 243 309 
551 281 168 
529 185 286 
565 212 223 
496 293 211 
532 258 210 
599 230 171 
592 203 205 
532 236 232 
532 265 203 
523 231 246 
495 273 232 
484 277 239 
518 177 305 
565 211 224 
582 247 171 
498 269 233 
503 221 276 
541 279 180 
502 261 237 
496 263 241 
517 271 212 
610 225 165 
498 252 250 
463 264 273 
531 236 233 
480 259 261 
581 237 182 
570 224 206 
567 238 195 
475 281 244 
625 232 143 
552 268 180 
488 214 298 
544 249 207 
455 254 291 
533 295 172 
493 262 245 
552 245 203 
501 216 283 
521 231 248 
504 280 216 
516 247 237 
564 267 169 
577 241 182 
604 221 175 
528 270 202 
576 235 189 
547 293 160 
576 236 188 
509 244 247 
471 252 277 
516 279 205 
501 234 265 
553 250 197 
448 262 290 
480 222 298 
622 250 128 
544 257 199 
501 279 220 
610 213 177 
636 199 165 
493 248 259 
550 229 221 
543 238 219 
549 219 232 
567 256 177 
552 275 173 
466 257 277 
557 260 183 
484 215 301 
579 223 198 
543 217 240 
522 211 267 
516 220 264 
516 284 200 
509 288 203 
527 216 257 
579 247 174 
458 273 269 
494 202 304 
541 262 197 
480 283 237 
556 261 183 
490 259 251 
535 254 211 
532 281 187 
570 279 151 
578 234 188 
578 235 187 
520 212 268 
515 293 192 
572 254 174 
439 257 304 
588 197 215 
526 266 208 
586 201 213 
601 229 170 
559 285 156 
596 253 151 
626 198 176 
527 283 190 
531 264 205 
531 242 227 
410 259 331 
541 241 218 
524 299 177 
510 266 224 
553 248 199 
561 229 210 
567 328 105 
559 255 186 
485 279 236 
480 246 274 
550 245 205 
503 220 277 
438 247 315 
561 222 217 
461 265 274 
564 266 170 
622 218 160 
544 255 201 
599 236 165 
510 291 199 
542 261 197 
509 227 264 
567 265 168 
606 237 157 
475 250 275 
522 277 201 
535 211 254 
504 293 203 
424 211 365 
565 260 175 
491 256 253 
580 261 159 
520 265 215 
640 199 161 
550 261 189 
549 215 236 
555 228 217 
622 180 198 
558 241 201 
536 230 234 
527 236 237 
573 208 219 
643 166 191 
484 250 266 
621 249 130 
572 216 212 
571 213 216 
518 267 215 
601 276 123 
437 270 293 
538 273 189 
561 225 214 
548 284 168 
511 258 231 
527 283 190 
577 203 220 
485 235 280 
481 249 270 
503 273 224 
542 272 186 
583 237 180 
497 265 238 
517 247 236 
617 225 158 
511 224 265 
528 208 264 
517 246 237 
492 278 230 
528 259 213 
501 279 220 
524 268 208 
525 266 209 
538 250 212 
552 263 185 
502 244 254 
498 227 275 
544 264 192 
551 258 191 
539 243 218 
523 257 220 
494 294 212 
497 221 282 
456 280 264 
545 250 205 
509 254 237 
516 277 207 
569 235 196 
501 232 267 
574 252 174 
528 258 214 
516 260 224 
563 180 257 
531 248 221 
527 272 201 
454 256 290 
545 232 223 
481 311 208 
570 267 163 
559 265 176 
667 177 156 
486 248 266 
623 244 133 
516 278 206 
570 229 201 
520 212 268 
486 283 231 
551 240 209 
485 339 176 
491 223 286 
502 255 243 
513 271 216 
577 218 205 
615 212 173 
553 250 197 
615 174 211 
601 177 222 
473 295 232 
504 254 242 
529 239 232 
531 200 269 
547 254 199 
457 277 266 
545 289 166 
574 224 202 
562 266 172 
579 229 192 
508 213 279 
514 248 238 
488 221 291 
596 257 147 
557 170 273 
449 263 288 
564 243 193 
486 257 257 
585 212 203 
533 273 194 
601 235 164 
606 261 133 
544 275 181 
542 270 188 
572 213 215 
670 180 150 
447 264 289 
567 255 178 
512 278 210 
381 213 406 
529 238 233 
613 214 173 
561 204 235 
556 227 217 
501 246 253 
494 290 216 
565 227 208 
503 239 258 
661 193 146 
503 299 198 
472 252 276 
559 231 210 
541 271 188 
500 203 297 
569 251 180 
570 213 217 
538 184 278 
505 320 175 
507 266 227 
483 310 207 
556 240 204 
499 250 251 
560 278 162 
458 215 327 
614 231 155 
602 271 127 
574 250 176 
537 234 229 
436 257 307 
569 213 218 
605 256 139 
503 272 225 
480 275 245 
583 270 147 
462 294 244 
488 317 195 
454 283 263 
537 265 198 
503 273 224 
507 219 274 
515 257 228 
542 227 231 
545 234 221 
519 271 210 
541 219 240 
614 204 182 
571 196 233 
521 196 283 
483 298 219 
597 181 222 
514 272 214 
585 255 160 
578 219 203 
533 245 222 
556 224 220 
535 229 236 
494 273 233 
525 239 236 
582 211 207 
474 292 234 
529 283 188 
532 237 231 
508 292 200 
479 281 240 
541 287 172 
525 267 208 
600 220 180 
555 276 169 
505 236 259 
521 304 175 
548 252 200 
582 256 162 
569 220 211 
512 310 178 
551 230 219 
533 247 220 
596 213 191 
569 247 184 
622 239 139 
595 222 183 
535 204 261 
569 230 201 
436 288 276 
565 258 177 
560 218 222 
503 238 259 
478 244 278 
512 217 271 
523 298 179 
613 236 151 
570 206 224 
524 295 181 
516 268 216 
510 267 223 
460 230 310 
469 272 259 
440 267 293 
596 206 198 
611 228 161 
548 279 173 
434 308 258 
473 231 296 
507 194 299 
529 249 222 
622 201 177 
460 252 288 
501 242 257 
442 234 324 
455 273 272 
548 225 227 
538 218 244 
504 220 276 
512 234 254 
523 237 240 
477 236 287 
557 254 189 
496 283 221 
557 251 192 
579 271 150 
523 228 249 
594 231 175 
528 230 242 
561 252 187 
526 207 267 
532 256 212 
494 279 227 
571 253 176 
508 241 251 
587 265 148 
544 215 241 
508 273 219 
518 232 250 
527 272 201 
547 302 151 
613 227 160 
532 292 176 
552 271 177 
558 228 214 
515 298 187 
612 255 133 
453 262 285 
551 230 219 
522 230 248 
465 264 271 
554 310 136 
512 267 221 
566 221 213 
501 232 267 
546 287 167 
514 278 208 
565 234 201 
526 262 212 
543 241 216 
551 230 219 
461 320 219 
519 215 266 
531 259 210 
502 236 262 
543 295 162 
557 255 188 
539 250 211 
635 196 169 
531 289 180 
598 246 156 
577 234 189 
543 202 255 
558 256 186 
438 251 311 
508 297 195 
516 238 246 
518 240 242 
521 259 220 
497 220 283 
584 230 186 
496 239 265 
545 246 209 
533 253 214 
496 280 224 
635 181 184 
560 323 117 
449 249 302 
451 306 243 
524 232 244 
537 227 236 
540 234 226 
482 255 263 
547 262 191 
505 252 243 
577 226 197 
477 259 264 
552 270 178 
565 222 213 
555 253 192 
493 247 260 
553 260 187 
624 244 132 
573 220 207 
539 246 215 
458 302 240 
539 270 191 
479 250 271 
469 259 272 
426 238 336 
536 287 177 
520 266 214 
469 225 306 
541 259 200 
559 248 193 
570 228 202 
497 256 247 
545 266 189 
539 264 197 
548 243 209 
475 238 287 
486 215 299 
589 245 166 
498 253 249 
489 267 244 
402 238 360 
581 227 192 
601 217 182 
566 217 217 
532 250 218 
535 245 220 
523 216 261 
565 216 219 
569 264 167 
486 266 248 
518 270 212 
570 288 142 
565 229 206 
554 260 186 
521 266 213 
468 292 240 
540 283 177 
539 244 217 
537 248 215 
522 255 223 
543 236 221 
495 282 223 
497 248 255 
487 237 276 
504 279 217 
575 269 156 
550 243 207 
492 243 265 
594 260 146 
526 227 247 
573 226 201 
444 302 254 
488 243 269 
497 277 226 
587 207 206 
611 255 134 
538 202 260 
587 236 177 
513 266 221 
503 265 232 
581 188 231 
436 261 303 
500 259 241 
491 206 303 
490 263 247 
555 233 212 
559 251 190 
551 223 226 
526 231 243 
520 223 257 
666 209 125 
571 241 188 
494 233 273 
578 263 159 
551 248 201 
524 216 260 
506 235 259 
584 254 162 
545 212 243 
588 256 156 
566 253 181 
515 243 242 
526 260 214 
558 280 162 
531 284 185 
552 249 199 
542 239 219 
563 236 201 
599 245 156 
475 287 238 
557 214 229 
595 189 216 
481 212 307 
596 219 185 
522 232 246 
482 217 301 
520 251 229 
502 301 197 
479 246 275 
563 266 171 
529 246 225 
471 262 267 
551 202 247 
512 277 211 
497 265 238 
577 238 185 
519 316 165 
547 258 195 
562 220 218 
479 263 258 
528 258 214 
561 294 145 
490 236 274 
532 245 223 
527 195 278 
394 224 382 
513 269 218 
503 243 254 
611 249 140 
556 287 157 
527 234 239 
534 227 239 
540 190 270 
483 266 251 
548 208 244 
553 211 236 
560 264 176 
489 341 170 
552 228 220 
552 263 185 
576 256 168 
478 304 218 
524 247 229 
469 272 259 
498 208 294 
538 262 200 
537 266 197 
481 289 230 
527 220 253 
535 259 206 
472 300 228 
529 272 199 
603 252 145 
670 178 152 
534 248 218 
569 220 211 
510 254 236 
584 230 186 
538 287 175 
526 286 188 
510 262 228 
561 248 191 
560 245 195 
531 221 248 
550 217 233 
582 264 154 
501 247 252 
594 257 149 
481 244 275 
492 281 227 
533 190 277 
552 208 240 
512 239 249 
447 264 289 
474 271 255 
546 247 207 
500 230 270 
566 301 133 
584 207 209 
471 253 276 
513 284 203 
539 270 191 
437 290 273 
593 271 136 
519 246 235 
603 263 134 
529 223 248 
514 267 219 
533 273 194 
557 208 235 
500 227 273 
522 265 213 
482 271 247 
534 250 216 
573 249 178 
521 285 194 
611 241 148 
544 211 245 
609 181 210 
543 263 194 
476 247 277 
509 231 260 
437 255 308 
438 227 335 
529 210 261 
571 226 203 
525 237 238 
514 303 183 
538 257 205 
475 212 313 
563 188 249 
461 262 277 
582 227 191 
522 303 175 
605 226 169 
510 255 235 
518 294 188 
535 259 206 
572 244 184 
580 220 200 
546 263 191 
531 248 221 
545 263 192 
522 277 201 
455 250 295 
479 225 296 
458 302 240 
527 295 178 
456 242 302 
523 248 229 
618 218 164 
453 258 289 
585 205 210 
539 248 213 
484 227 289 
523 265 212 
580 257 163 
604 215 181 
591 228 181 
559 216 225 
523 284 193 
502 222 276 
549 183 268 
532 248 220 
541 261 198 
568 229 203 
542 272 186 
585 243 172 
538 249 213 
547 225 228 
538 255 207 
487 289 224 
537 254 209 
480 269 251 
520 259 221 
446 304 250 
505 249 246 
540 246 214 
502 278 220 
543 197 260 
585 256 159 
552 248 200 
520 231 249 
469 272 259 
584 215 201 
568 213 219 
560 233 207 
558 242 200 
532 220 248 
541 284 175 
548 267 185 
495 287 218 
558 279 163 
552 227 221 
466 245 289 
448 239 313 
545 210 245 
516 227 257 
444 237 319 
443 284 273 
436 321 243 
523 259 218 
512 289 199 
586 194 220 
436 273 291 
463 254 283 
503 262 235 
525 280 195 
495 274 231 
437 314 249 
619 218 163 
511 253 236 
510 257 233 
533 289 178 
511 286 203 
486 250 264 
592 251 157 
538 231 231 
519 298 183 
596 242 162 
454 280 266 
539 258 203 
612 215 173 
590 231 179 
555 232 213 
472 260 268 
651 174 175 
453 227 320 
546 254 200 
548 178 274 
618 210 172 
620 251 129 
526 221 253 
544 257 199 
486 237 277 
500 275 225 
480 253 267 
512 318 170 
571 242 187 
600 267 133 
579 242 179 
504 291 205 
531 229 240 
560 236 204 
590 258 152 
440 267 293 
515 266 219 
506 276 218 
482 195 323 
499 243 258 
521 248 231 
498 293 209 
465 213 322 
483 248 269 
528 244 228 
452 260 288 
537 246 217 
475 288 237 
554 237 209 
456 281 263 
548 231 221 
604 244 152 
584 224 192 
477 340 183 
487 258 255 
525 251 224 
540 238 222 
504 262 234 
591 227 182 
535 225 240 
554 261 185 
577 241 182 
539 316 145 
476 215 309 
598 263 139 
506 274 220 
515 234 251 
534 251 215 
483 235 282 
539 273 188 
551 268 181 
512 256 232 
561 207 232 
516 265 219 
518 249 233 
475 288 237 
471 302 227 
515 240 245 
528 250 222 
566 232 202 
581 273 146 
564 256 180 
465 279 256 
534 289 177 
527 283 190 
523 265 212 
503 252 245 
506 285 209 
493 267 240 
539 202 259 
520 288 192 
532 240 228 
542 299 159 
547 235 218 
480 326 194 
529 215 256 
544 212 244 
525 216 259 
473 218 309 
529 261 210 
552 241 207 
506 254 240 
511 221 268 
542 217 241 
518 239 243 
438 227 335 
604 202 194 
540 237 223 
488 248 264 
503 264 233 
525 233 242 
512 270 218 
538 276 186 
482 254 264 
528 250 222 
504 292 204 
478 241 281 
529 272 199 
578 249 173 
506 281 213 
518 252 230 
499 230 271 
596 224 180 
552 238 210 
572 234 194 
513 270 217 
550 207 243 
518 258 224 
511 252 237 
539 323 138 
555 238 207 
564 227 209 
567 232 201 
471 265 264 
406 222 372 
492 266 242 
518 249 233 
535 248 217 
534 259 207 
346 291 363 
522 280 198 
562 264 174 
502 248 250 
530 242 228 
549 262 189 
488 251 261 
506 269 225 
570 228 202 
488 269 243 
491 261 248 
550 231 219 
546 286 168 
494 276 230 
465 225 310 
506 216 278 
505 260 235 
539 237 224 
558 204 238 
523 195 282 
481 270 249 
598 226 176 
522 182 296 
452 238 310 
557 232 211 
524 198 278 
565 228 207 
607 246 147 
564 212 224 
569 280 151 
538 222 240 
505 289 206 
503 213 284 
475 294 231 
601 249 150 
541 195 264 
509 254 237 
521 215 264 
480 273 247 
551 259 190 
509 240 251 
605 231 164 
472 264 264 
483 213 304 
556 237 207 
546 290 164 
523 250 227 
481 322 197 
511 235 254 
485 309 206 
577 200 223 
639 224 137 
463 221 316 
507 315 178 
513 230 257 
593 239 168 
513 275 212 
