4 34 118 89 17 
8 136 126 101 0 
5 77 115 61 1 
32 39 184 65 0 
12 84 157 138 0 
7 133 96 47 15 
4 66 218 28 0 
10 68 159 24 0 
15 74 55 119 67 
9 48 126 16 0 
5 92 131 86 0 
5 119 131 113 0 
1 74 284 37 22 
14 39 328 98 0 
0 76 224 74 0 
5 223 102 124 0 
11 69 95 142 0 
0 78 235 173 11 
3 50 173 21 1 
5 79 119 102 0 
7 47 259 30 6 
11 27 86 230 0 
12 8 178 72 6 
1 95 214 150 0 
2 20 231 93 9 
36 57 75 22 5 
7 15 119 71 0 
9 39 134 50 0 
1 4 246 106 16 
9 139 90 21 0 
24 120 187 59 0 
0 110 141 165 0 
33 59 94 42 0 
8 2 182 28 0 
5 82 93 140 0 
9 89 218 57 0 
2 81 183 70 0 
8 88 145 44 0 
24 85 160 6 0 
3 45 147 18 0 
4 115 152 56 0 
7 35 146 12 1 
27 52 165 42 0 
5 26 195 25 0 
14 117 237 20 0 
4 34 87 53 0 
5 103 130 64 0 
67 60 114 46 0 
10 17 136 126 0 
6 76 245 101 0 
7 60 154 109 41 
15 9 191 96 1 
6 96 99 105 1 
7 25 194 40 0 
10 59 135 19 0 
2 105 100 58 0 
5 43 301 52 0 
8 51 100 104 0 
1 61 113 148 0 
45 58 95 22 0 
8 98 117 75 0 
7 102 160 8 0 
4 62 165 134 0 
6 17 92 56 0 
4 45 230 54 0 
50 60 152 79 0 
10 14 152 88 5 
18 106 168 38 0 
4 26 169 82 32 
4 79 245 27 0 
16 109 178 15 0 
4 181 127 56 0 
1 36 106 168 6 
5 102 152 40 0 
5 105 249 54 4 
32 76 135 82 0 
21 224 47 49 0 
2 101 162 115 0 
4 52 136 89 0 
9 20 145 81 0 
9 103 107 15 0 
13 13 357 27 4 
1 94 231 105 0 
12 72 127 160 0 
12 78 147 193 2 
8 33 111 39 10 
0 71 150 102 0 
12 72 63 43 0 
6 29 174 126 0 
4 160 191 60 31 
3 89 181 95 0 
3 183 84 34 24 
0 7 367 167 0 
3 93 182 133 0 
39 84 180 169 51 
7 42 251 12 0 
6 54 201 34 3 
11 30 214 78 0 
9 90 130 40 0 
14 37 141 167 0 
11 87 72 64 0 
9 10 257 38 0 
0 26 93 73 1 
1 83 143 60 0 
25 97 139 27 0 
23 128 166 24 5 
16 35 232 23 5 
10 125 158 76 0 
2 117 140 126 0 
1 50 135 6 15 
1 73 139 16 0 
14 160 120 46 0 
12 28 347 48 0 
1 61 187 149 0 
1 102 146 149 23 
6 43 58 182 9 
18 20 177 7 0 
15 18 170 191 0 
5 54 102 62 0 
12 104 164 43 0 
11 57 288 33 0 
20 59 106 31 0 
9 34 144 11 0 
17 17 239 55 0 
32 63 258 135 0 
27 66 51 15 1 
20 155 65 143 0 
15 126 233 99 0 
23 50 187 36 3 
4 69 227 50 0 
16 87 150 62 125 
22 47 208 59 2 
1 151 181 126 0 
5 103 145 76 0 
16 87 90 14 35 
10 89 92 74 0 
2 86 160 6 0 
4 141 82 71 90 
1 17 98 160 17 
9 37 150 154 69 
11 56 249 47 27 
21 28 158 56 1 
1 27 175 30 18 
4 260 119 73 0 
9 51 164 80 0 
9 31 141 128 0 
11 89 110 29 0 
16 61 163 69 0 
15 95 201 50 0 
10 110 195 64 0 
4 69 203 64 0 
5 75 209 37 1 
1 134 204 138 0 
3 117 242 67 3 
2 44 134 100 0 
3 82 204 56 2 
1 138 116 57 0 
4 25 183 37 1 
8 45 268 91 3 
3 110 217 31 0 
9 44 153 87 0 
6 172 224 23 0 
1 137 256 115 0 
4 27 205 58 0 
49 66 158 50 0 
1 50 161 47 0 
22 42 125 109 0 
28 129 71 54 0 
0 18 106 86 0 
0 69 199 119 0 
6 90 213 59 47 
12 109 166 21 0 
0 108 218 50 0 
28 92 235 76 0 
7 33 168 75 0 
24 156 172 27 43 
9 2 295 59 49 
25 30 191 125 1 
30 97 106 33 1 
28 54 119 18 4 
2 36 41 42 0 
9 69 188 38 1 
1 5 177 109 0 
1 74 206 11 0 
12 59 183 20 0 
9 89 146 26 0 
9 132 157 55 0 
32 86 131 130 0 
7 138 219 125 0 
28 58 272 66 21 
11 137 96 82 0 
28 16 33 58 0 
1 61 227 132 0 
10 75 116 41 0 
5 9 100 89 0 
8 25 246 104 25 
4 74 225 68 0 
22 63 144 71 28 
9 44 50 96 9 
1 82 143 68 0 
6 87 255 70 0 
0 51 247 67 0 
13 140 108 151 0 
3 98 191 29 0 
18 27 141 43 73 
5 20 129 56 0 
0 60 212 7 0 
20 40 167 111 0 
4 54 123 39 9 
7 97 211 89 0 
10 66 121 40 0 
6 174 128 15 0 
8 84 134 24 8 
0 52 212 168 1 
15 96 68 56 1 
21 28 239 56 0 
11 19 295 14 0 
4 135 268 26 0 
1 34 173 127 0 
3 105 112 8 0 
14 52 210 113 1 
0 24 104 112 22 
4 82 149 58 0 
5 63 140 30 15 
6 62 180 83 0 
1 122 282 9 0 
13 37 180 62 0 
14 48 238 38 0 
2 65 167 44 0 
1 91 337 16 0 
17 69 253 16 1 
18 179 59 45 0 
13 55 86 152 13 
9 62 295 18 0 
6 84 226 128 0 
2 111 289 56 0 
17 98 138 67 0 
0 173 76 34 27 
16 92 234 62 37 
49 41 185 61 21 
2 167 108 45 0 
6 58 71 67 0 
4 179 220 139 0 
17 43 196 123 0 
4 29 145 91 21 
17 51 112 115 0 
7 41 104 78 0 
0 80 169 47 0 
23 59 108 46 0 
4 61 145 43 11 
0 40 180 115 0 
18 86 59 14 0 
26 79 199 64 0 
35 87 121 7 0 
12 25 408 91 8 
43 14 258 23 0 
30 41 47 48 0 
15 69 140 191 0 
10 75 212 105 0 
5 47 301 45 1 
0 159 131 59 0 
0 28 131 68 0 
6 153 170 12 0 
0 69 136 143 0 
17 86 173 95 0 
1 82 136 66 34 
4 188 143 192 5 
0 26 236 99 0 
11 65 106 31 1 
4 27 271 41 0 
16 44 235 98 0 
26 34 119 49 81 
1 34 36 24 0 
0 101 223 33 1 
0 96 152 72 0 
3 31 88 138 0 
0 136 176 98 0 
1 100 98 53 0 
20 110 320 52 0 
0 104 172 90 0 
0 4 207 101 0 
0 16 134 103 30 
4 33 189 35 3 
7 134 136 33 2 
18 45 183 26 19 
1 137 176 51 0 
11 54 139 64 1 
5 75 123 153 8 
6 102 85 89 0 
2 32 119 41 4 
1 160 140 49 0 
6 187 105 35 12 
2 53 153 139 0 
6 46 126 264 0 
7 22 233 56 0 
0 85 107 94 0 
30 46 178 138 0 
19 22 292 26 0 
6 30 203 44 0 
7 81 284 77 0 
4 74 120 70 57 
11 107 254 82 3 
4 15 255 34 0 
20 50 89 6 0 
7 32 123 29 0 
7 71 393 35 0 
27 100 136 45 0 
0 93 98 58 0 
2 17 214 168 1 
8 39 197 50 3 
0 61 146 130 0 
3 163 151 107 0 
3 79 254 104 1 
3 86 101 45 0 
3 33 245 86 0 
4 64 182 75 1 
4 34 146 139 0 
2 30 143 55 0 
4 75 165 134 22 
5 105 149 43 0 
9 89 115 121 1 
0 70 224 134 0 
11 78 160 119 9 
8 83 207 25 0 
8 30 94 176 11 
30 66 201 253 0 
2 41 174 69 0 
22 94 117 86 0 
5 30 233 49 1 
2 64 133 58 0 
1 37 124 141 0 
4 89 70 164 0 
9 70 189 19 8 
5 70 165 132 0 
3 71 269 85 0 
7 44 157 32 0 
3 50 125 33 1 
11 68 167 150 9 
6 50 152 63 0 
8 28 175 176 0 
6 65 184 30 0 
2 50 267 226 0 
15 42 159 87 0 
0 57 113 133 0 
34 97 96 90 0 
5 79 283 37 0 
4 20 61 65 7 
7 61 180 112 27 
3 26 248 75 0 
0 31 108 102 1 
14 79 92 54 1 
11 52 186 143 42 
3 43 180 26 0 
7 40 284 82 1 
10 59 121 97 0 
11 38 57 163 0 
17 161 236 160 2 
2 30 207 320 0 
28 53 267 77 8 
1 121 320 113 0 
40 33 285 30 11 
47 16 68 69 3 
10 116 179 51 0 
1 107 177 208 0 
3 86 176 54 2 
0 140 124 30 0 
1 49 189 35 0 
0 88 131 5 0 
11 72 102 48 0 
1 89 150 56 9 
0 58 208 6 0 
2 38 158 75 0 
10 36 180 47 0 
8 50 58 240 0 
19 35 133 180 2 
2 18 108 87 15 
18 43 162 78 8 
9 79 181 48 3 
0 63 218 98 3 
12 155 180 99 5 
6 145 153 145 0 
0 41 122 40 0 
22 59 119 34 7 
21 27 231 87 0 
18 61 177 63 0 
1 194 206 5 0 
5 31 216 42 0 
4 23 205 113 1 
17 37 201 53 0 
0 49 139 55 1 
1 134 102 80 0 
0 60 176 88 1 
2 75 284 112 0 
5 126 195 61 0 
3 56 238 196 12 
14 44 117 78 0 
17 166 255 49 7 
10 121 196 28 0 
11 26 162 29 0 
12 31 101 398 3 
13 50 142 103 2 
9 31 118 43 0 
8 89 71 67 0 
1 48 288 192 0 
14 61 175 83 0 
5 112 131 96 0 
16 127 125 63 47 
7 77 134 99 0 
2 210 154 94 0 
18 65 176 32 0 
2 102 122 22 0 
10 65 168 104 8 
8 143 209 52 0 
0 18 190 58 1 
10 133 338 68 0 
5 135 179 34 0 
20 118 157 87 0 
3 152 161 89 0 
3 71 159 53 0 
3 114 161 40 0 
9 105 170 68 0 
6 51 151 250 44 
1 168 65 48 0 
37 58 85 81 0 
16 92 186 14 0 
14 70 212 68 0 
11 55 224 48 0 
10 54 221 52 8 
12 71 173 43 2 
0 40 142 71 15 
29 30 61 32 2 
19 11 137 188 28 
2 89 112 13 0 
5 30 266 108 1 
1 107 161 115 0 
14 147 132 54 0 
13 60 147 67 19 
1 227 99 103 0 
17 36 197 49 0 
10 26 244 84 0 
1 34 166 57 0 
1 65 162 97 0 
8 69 49 80 0 
1 112 177 20 8 
18 219 105 31 11 
16 39 169 24 42 
8 169 184 69 0 
2 123 214 88 42 
5 60 192 142 0 
7 34 246 84 0 
15 1 75 129 2 
14 54 96 53 62 
11 8 297 115 0 
0 65 268 40 0 
4 37 123 57 43 
25 65 197 12 0 
3 173 99 47 0 
9 8 187 49 1 
18 48 199 63 15 
1 49 202 72 0 
2 79 284 46 0 
5 32 46 63 0 
29 111 128 21 0 
2 85 87 95 1 
17 82 201 61 0 
5 50 118 118 0 
1 48 138 78 21 
7 26 182 43 1 
13 58 149 100 12 
14 76 76 39 5 
10 119 162 20 0 
2 44 210 140 0 
39 35 157 78 0 
0 95 89 12 0 
9 72 171 41 0 
21 40 163 81 0 
3 157 142 109 9 
1 33 193 56 0 
5 66 221 175 1 
6 46 189 98 0 
17 127 383 34 0 
1 46 201 69 24 
2 6 277 131 0 
3 75 202 45 1 
4 93 142 53 0 
1 36 130 59 0 
4 43 157 36 0 
1 89 137 51 38 
4 111 76 16 2 
17 61 199 50 2 
6 141 130 33 0 
7 70 99 133 3 
3 159 244 41 0 
16 101 220 24 0 
31 56 206 71 0 
12 76 177 26 0 
1 36 165 107 0 
0 23 175 109 1 
9 63 141 101 0 
13 32 116 138 0 
0 95 173 50 0 
13 16 68 17 15 
18 50 135 74 1 
12 44 192 178 0 
14 90 130 182 12 
16 61 135 69 0 
14 24 324 19 0 
10 71 193 155 0 
6 37 226 87 0 
3 109 204 63 4 
19 109 312 56 0 
11 62 150 96 0 
0 26 78 72 64 
4 96 201 121 0 
0 67 179 16 0 
2 45 322 41 0 
26 143 153 55 3 
4 20 91 127 0 
12 63 175 53 0 
3 49 201 47 2 
13 72 302 44 0 
1 42 171 80 0 
21 76 160 105 0 
5 84 217 52 0 
15 198 133 54 0 
16 115 108 28 0 
1 52 269 11 0 
1 26 164 15 9 
14 59 141 38 1 
50 23 229 69 0 
16 215 169 20 1 
2 43 166 130 0 
16 74 155 48 0 
11 136 248 21 0 
6 100 168 72 0 
18 38 196 188 0 
0 21 238 70 0 
2 80 263 18 13 
9 17 137 64 0 
3 70 173 70 22 
2 53 186 54 0 
6 32 219 93 19 
2 168 224 97 0 
16 139 169 120 15 
2 25 114 31 0 
14 28 104 76 0 
8 61 259 37 0 
2 157 162 21 77 
7 56 198 165 0 
8 84 133 29 0 
7 80 174 68 0 
3 92 223 54 0 
3 67 114 6 0 
2 141 148 112 0 
0 46 219 23 0 
16 17 64 119 0 
6 31 117 130 0 
2 43 291 21 2 
14 46 122 60 0 
2 66 339 66 0 
10 184 112 31 7 
0 18 156 124 0 
1 43 210 109 9 
3 73 207 72 0 
3 46 158 82 0 
5 149 182 12 1 
0 23 134 151 0 
4 115 235 30 0 
2 40 167 150 2 
0 257 226 24 5 
50 81 199 15 0 
5 101 141 50 0 
11 27 208 109 0 
1 96 160 117 15 
8 45 178 24 0 
1 23 223 99 0 
14 19 359 62 12 
0 61 178 146 0 
2 162 224 168 21 
3 20 252 57 0 
3 124 162 185 0 
9 29 211 17 0 
16 136 152 6 0 
16 26 102 84 0 
33 19 184 65 0 
3 63 139 12 0 
29 52 76 81 0 
0 109 138 22 0 
2 132 156 142 0 
5 66 411 53 0 
13 91 112 69 0 
18 174 128 194 2 
1 145 140 57 0 
4 44 155 95 6 
4 145 120 67 0 
5 49 146 172 1 
0 34 176 53 0 
35 58 225 59 0 
24 49 287 87 1 
13 29 264 94 0 
19 74 184 124 23 
16 125 66 62 0 
18 135 189 85 4 
37 34 172 54 0 
11 39 143 66 3 
5 39 121 152 0 
0 67 190 47 1 
32 63 150 39 0 
1 78 215 20 0 
17 23 111 164 0 
1 83 157 29 0 
3 9 199 210 0 
24 73 165 191 12 
1 26 125 77 0 
23 52 74 32 0 
27 26 168 63 62 
10 119 97 18 0 
0 54 172 32 0 
13 68 63 7 0 
0 64 181 16 0 
12 23 198 169 0 
14 77 160 37 13 
2 36 72 136 0 
17 104 128 81 0 
25 29 437 35 0 
12 67 137 49 5 
12 52 91 97 3 
1 74 146 100 0 
2 60 206 29 1 
2 69 89 46 0 
3 10 192 203 0 
9 56 128 170 43 
16 27 72 7 0 
4 85 118 53 10 
9 90 120 31 2 
21 83 123 147 0 
1 111 222 25 0 
6 30 99 186 9 
19 80 115 87 0 
9 87 136 40 1 
3 49 290 34 0 
13 37 176 81 0 
9 111 177 52 0 
4 170 289 120 0 
6 8 127 157 0 
11 53 199 93 0 
14 44 110 143 8 
0 77 108 72 25 
31 74 132 85 0 
8 22 132 40 19 
1 22 42 31 10 
22 39 185 87 0 
0 62 217 67 31 
15 67 304 25 0 
9 40 349 122 0 
0 69 162 80 0 
12 85 266 25 0 
0 55 224 26 30 
0 32 123 181 0 
4 15 124 84 1 
4 48 109 107 0 
0 60 195 17 3 
2 15 49 207 62 
0 13 189 127 0 
17 74 276 44 10 
10 54 230 86 0 
20 97 232 71 0 
0 44 153 9 0 
27 90 194 68 2 
3 67 245 14 8 
14 12 369 65 0 
3 55 228 91 0 
2 96 134 100 0 
11 37 225 104 0 
7 75 114 207 0 
3 201 77 58 0 
8 34 101 123 0 
25 52 189 97 0 
0 132 162 65 0 
19 21 136 111 3 
7 139 76 47 0 
7 19 157 79 0 
2 63 73 153 0 
9 72 85 26 0 
29 102 151 22 0 
2 65 96 177 3 
3 137 175 276 0 
3 8 83 102 0 
2 31 162 70 21 
16 32 177 77 4 
4 182 119 72 7 
1 95 178 107 0 
3 46 116 83 0 
30 51 186 119 61 
2 132 185 47 10 
11 37 168 58 0 
3 279 227 7 0 
5 48 95 123 0 
2 22 126 103 0 
0 55 249 19 0 
24 32 160 38 10 
4 37 136 150 0 
12 47 154 21 0 
2 44 168 78 0 
18 17 130 77 0 
14 70 100 39 54 
6 50 192 65 0 
2 38 197 22 0 
12 144 77 38 0 
12 49 197 43 0 
11 117 84 73 0 
3 142 146 143 0 
6 53 225 7 0 
8 28 144 135 1 
5 149 211 154 0 
3 97 197 78 37 
0 89 204 76 0 
5 17 134 40 11 
2 98 175 84 0 
17 136 156 99 19 
5 33 270 74 8 
29 91 138 61 14 
1 62 143 9 0 
2 159 169 50 0 
14 52 225 124 0 
20 70 137 36 0 
6 67 131 90 0 
3 70 137 52 0 
3 103 105 39 15 
5 86 162 67 0 
2 33 268 217 1 
4 39 101 45 0 
6 208 165 17 0 
6 45 229 21 0 
2 94 182 94 1 
8 49 124 165 3 
30 37 217 71 0 
10 81 97 29 4 
10 103 189 55 0 
7 100 83 142 0 
22 29 124 93 0 
0 38 146 51 0 
7 80 190 11 4 
28 132 134 8 16 
17 35 115 77 0 
18 63 168 36 0 
7 54 171 68 0 
9 113 55 113 0 
2 35 257 165 0 
10 59 227 45 0 
7 81 77 106 0 
4 116 330 29 0 
2 70 174 9 0 
8 37 111 35 0 
6 35 101 109 0 
5 135 78 61 0 
0 38 111 199 26 
17 56 176 68 0 
0 46 191 37 0 
0 13 143 76 0 
3 42 229 26 0 
0 98 142 36 0 
1 79 226 53 9 
14 27 216 69 53 
2 21 176 29 5 
7 63 89 83 0 
7 72 370 89 0 
27 32 57 156 0 
2 86 171 63 0 
2 67 133 88 0 
6 168 173 25 0 
1 129 76 25 0 
17 48 324 7 0 
19 4 194 50 0 
4 102 192 40 8 
8 44 210 28 0 
9 34 146 58 0 
12 52 217 109 0 
7 153 154 42 0 
12 9 243 64 0 
2 46 140 116 0 
17 95 95 160 0 
3 57 295 10 0 
9 134 66 43 0 
14 70 196 47 0 
0 14 134 72 1 
4 223 187 39 0 
2 36 168 102 0 
25 102 182 29 0 
3 33 277 59 0 
1 71 181 65 0 
6 51 233 110 0 
8 80 360 43 1 
0 76 202 44 0 
3 55 270 81 0 
4 103 205 167 0 
14 16 217 19 6 
17 58 128 22 0 
2 313 188 8 0 
14 40 114 76 0 
13 80 205 36 0 
15 32 145 88 0 
0 42 134 92 0 
4 61 35 108 0 
13 34 141 183 0 
11 64 269 119 0 
5 75 177 30 0 
2 74 130 100 0 
9 36 333 262 0 
19 19 176 9 0 
2 29 273 24 6 
4 78 167 7 12 
12 123 172 184 29 
0 65 160 15 42 
3 92 198 58 0 
1 84 155 164 52 
2 55 127 138 2 
5 84 211 6 0 
25 84 82 31 0 
15 33 108 162 0 
20 45 125 58 0 
1 45 214 123 0 
31 20 179 27 0 
12 88 86 132 4 
8 58 225 117 1 
12 66 215 100 0 
3 59 315 88 0 
3 31 320 35 0 
0 77 288 208 0 
14 42 106 150 9 
9 10 194 109 0 
1 36 219 64 1 
14 44 272 88 0 
2 194 185 102 0 
15 110 132 5 1 
2 18 141 64 6 
8 22 152 95 0 
13 21 197 43 0 
11 106 149 138 0 
16 68 116 9 0 
7 129 235 18 0 
9 94 162 40 0 
12 61 262 61 1 
2 117 178 58 0 
18 21 195 71 0 
0 75 59 81 0 
4 31 112 87 23 
3 33 148 15 0 
2 95 71 116 7 
21 113 236 40 0 
0 66 198 113 5 
4 28 271 5 0 
22 119 118 22 0 
6 78 179 18 0 
8 105 196 145 1 
11 102 282 8 0 
16 137 102 53 0 
9 55 271 38 0 
3 31 182 149 1 
11 78 196 72 0 
17 53 113 20 0 
1 87 318 28 0 
8 169 179 21 2 
11 50 160 7 0 
4 15 138 111 14 
17 297 106 105 0 
3 52 182 20 0 
24 129 83 0 0 
5 43 257 125 0 
1 82 212 62 4 
1 78 244 72 0 
36 63 151 127 0 
3 22 222 53 16 
7 107 167 27 0 
1 100 303 8 0 
13 35 171 83 0 
1 82 180 35 0 
9 87 67 131 0 
10 41 283 52 0 
7 78 165 22 0 
1 22 255 53 0 
1 44 281 66 0 
1 182 286 43 51 
9 123 73 92 0 
17 77 176 40 0 
10 137 66 98 0 
23 119 127 59 1 
12 82 101 10 0 
18 6 189 96 25 
38 45 109 56 1 
38 86 126 119 0 
15 85 347 102 10 
15 20 137 56 0 
0 113 152 65 2 
4 35 117 37 3 
8 105 134 125 6 
1 44 112 27 16 
6 110 229 27 0 
10 30 96 57 0 
0 147 48 51 0 
0 57 165 149 0 
4 10 137 67 2 
4 44 139 30 10 
1 38 182 88 1 
9 53 195 103 1 
21 7 201 73 0 
1 39 239 27 16 
9 28 122 116 0 
10 112 126 81 0 
12 30 97 103 3 
23 96 118 90 0 
29 104 65 66 0 
5 125 138 45 0 
15 187 82 37 0 
1 65 364 34 10 
15 56 182 76 0 
12 104 108 107 43 
12 128 162 51 0 
7 99 239 36 11 
1 54 131 71 1 
13 66 115 53 0 
19 53 112 9 0 
7 57 132 65 3 
2 44 218 43 0 
11 32 402 57 0 
14 28 247 178 0 
14 46 165 39 0 
6 52 115 92 18 
20 96 119 69 4 
4 30 157 75 41 
21 126 133 102 0 
15 30 249 51 7 
15 95 231 109 0 
3 49 109 90 0 
1 25 299 16 0 
4 77 204 107 0 
5 120 135 64 0 
19 31 276 32 0 
2 41 253 48 15 
10 29 114 81 0 
1 120 40 74 0 
15 62 83 63 0 
11 17 130 55 26 
24 42 195 48 1 
5 52 229 33 4 
5 53 235 43 4 
6 75 204 53 33 
12 53 151 70 0 
18 69 106 19 43 
18 84 95 109 0 
16 27 189 151 0 
3 46 96 104 0 
5 175 191 51 0 
1 83 282 56 0 
2 72 162 166 0 
2 46 363 108 11 
4 39 168 93 0 
3 149 225 122 0 
6 26 310 58 0 
1 16 192 128 9 
1 90 99 177 0 
15 51 86 92 0 
19 101 123 53 0 
5 45 209 139 0 
6 127 163 48 0 
2 52 168 52 0 
5 76 242 72 0 
20 104 179 61 0 
12 42 66 35 0 
0 41 249 54 0 
3 34 208 150 0 
4 26 87 42 1 
11 94 140 72 0 
4 23 112 102 3 
9 14 106 52 0 
18 78 175 164 0 
14 92 118 45 0 
9 37 305 65 0 
2 145 154 28 0 
18 22 145 268 7 
8 62 173 15 0 
6 50 127 144 1 
0 58 121 14 0 
8 139 77 47 0 
5 65 104 64 13 
1 54 200 21 0 
28 145 61 60 11 
2 34 150 230 16 
1 50 258 50 0 
2 59 221 53 0 
9 32 112 67 0 
24 35 127 85 1 
4 116 145 97 1 
2 61 202 7 6 
0 26 153 63 0 
6 46 94 162 1 
0 26 187 128 4 
7 75 101 156 0 
4 78 168 146 4 
2 132 49 91 0 
