0 186 8 
0 202 44 
0 211 17 
0 185 21 
0 251 14 
0 180 14 
0 223 36 
0 228 7 
0 226 32 
0 255 14 
0 209 12 
0 204 3 
0 199 10 
0 233 8 
0 192 12 
0 255 9 
0 241 28 
0 219 32 
0 236 25 
0 198 29 
0 216 45 
0 181 9 
0 234 23 
0 192 16 
0 253 4 
0 237 59 
0 247 18 
0 210 27 
0 220 14 
0 237 11 
0 239 3 
0 201 18 
0 194 0 
0 211 9 
0 196 16 
0 192 20 
0 218 19 
0 214 11 
0 225 18 
0 186 8 
0 215 29 
0 197 8 
0 207 17 
0 257 13 
0 249 13 
0 227 6 
0 185 20 
0 202 10 
0 248 10 
0 209 15 
0 233 11 
0 226 45 
0 244 7 
0 194 49 
0 207 37 
0 214 38 
0 215 42 
0 219 14 
0 223 9 
0 250 11 
0 204 12 
0 195 22 
0 216 3 
0 193 21 
0 235 18 
0 196 7 
0 227 15 
0 218 17 
0 181 29 
0 259 46 
0 217 30 
0 219 55 
0 251 24 
0 252 32 
0 214 19 
0 236 17 
0 252 15 
0 237 26 
0 221 22 
0 196 15 
0 196 27 
0 226 13 
0 198 21 
0 217 26 
0 196 24 
0 229 21 
0 222 7 
0 203 29 
0 221 26 
0 218 17 
0 178 29 
0 219 4 
0 211 12 
0 226 8 
0 198 2 
0 248 50 
0 209 27 
0 239 6 
0 234 45 
0 230 13 
0 222 24 
0 216 18 
0 222 6 
0 196 13 
0 194 32 
0 226 5 
0 256 2 
0 240 9 
0 229 12 
0 164 32 
0 184 15 
0 228 23 
0 197 9 
0 192 22 
0 253 27 
0 214 9 
0 233 33 
0 206 17 
0 186 14 
0 200 51 
0 220 3 
0 231 12 
0 200 17 
0 220 33 
0 211 24 
0 261 22 
0 207 19 
0 186 22 
0 204 12 
0 222 18 
0 233 12 
0 208 28 
0 209 15 
0 183 35 
0 226 17 
0 220 9 
0 234 12 
0 244 13 
0 233 13 
0 205 12 
0 239 23 
0 232 8 
0 215 17 
0 210 10 
0 248 14 
0 193 42 
0 220 12 
0 177 23 
0 205 41 
0 172 6 
0 202 29 
0 179 16 
0 192 33 
0 222 28 
0 231 4 
0 218 17 
0 232 18 
0 255 19 
0 187 29 
0 212 52 
0 152 33 
0 237 54 
0 194 10 
0 191 22 
0 190 27 
0 213 43 
0 196 10 
0 181 35 
0 210 9 
0 195 17 
0 218 12 
0 214 13 
0 230 11 
0 228 39 
0 186 26 
0 226 17 
0 259 15 
0 236 35 
0 203 13 
0 242 9 
0 201 33 
0 209 25 
0 207 48 
0 236 31 
0 235 3 
0 223 14 
0 235 6 
0 195 8 
0 254 35 
0 239 43 
0 204 4 
0 200 8 
0 242 4 
0 240 27 
0 186 11 
0 198 14 
0 207 38 
0 236 21 
0 233 4 
0 244 10 
0 197 9 
0 182 13 
0 217 14 
0 208 15 
0 222 7 
0 191 7 
0 180 12 
0 198 17 
0 242 6 
0 204 21 
0 179 5 
0 201 20 
0 216 28 
0 224 24 
0 181 15 
0 203 12 
0 213 12 
0 224 8 
0 159 21 
0 220 57 
0 199 57 
0 199 22 
0 187 9 
0 248 15 
0 194 13 
0 193 29 
0 258 24 
0 216 12 
0 214 49 
0 192 33 
0 237 24 
0 206 27 
0 221 6 
0 247 18 
0 204 7 
0 243 24 
0 265 12 
0 249 55 
0 212 9 
0 179 22 
0 282 10 
0 224 34 
0 210 40 
0 209 28 
0 230 12 
0 218 58 
0 192 10 
0 184 22 
0 220 17 
0 170 13 
0 182 54 
0 237 8 
0 233 11 
0 211 6 
0 273 28 
0 185 47 
0 206 36 
0 198 15 
0 198 12 
0 236 18 
0 265 20 
0 209 9 
0 202 29 
0 218 49 
0 265 7 
0 242 26 
0 207 34 
0 243 19 
0 267 7 
0 176 40 
0 241 0 
0 230 20 
0 204 31 
0 255 10 
0 224 28 
0 191 16 
0 186 65 
0 249 22 
0 149 14 
0 187 28 
0 264 46 
0 209 12 
0 209 13 
0 212 30 
0 220 25 
0 179 17 
0 173 27 
0 234 9 
0 214 19 
0 203 72 
0 210 15 
0 252 14 
0 196 21 
0 210 10 
0 180 21 
0 218 39 
0 188 15 
0 199 7 
0 200 16 
0 231 22 
0 212 1 
0 224 11 
0 203 12 
0 248 12 
0 194 28 
0 179 8 
0 199 11 
0 165 14 
0 188 16 
0 247 17 
0 205 16 
0 216 21 
0 218 39 
0 220 27 
0 200 6 
0 173 11 
0 174 17 
0 223 26 
0 211 34 
0 251 19 
0 215 8 
0 206 16 
0 208 1 
0 215 31 
0 204 36 
0 201 24 
0 185 14 
0 197 8 
0 250 20 
0 206 10 
0 199 26 
0 266 19 
0 217 14 
0 228 11 
0 201 15 
0 196 57 
0 201 26 
0 178 23 
0 233 13 
0 276 42 
0 258 12 
0 188 9 
0 239 5 
0 254 9 
0 200 9 
0 199 20 
0 228 27 
0 162 45 
0 206 17 
0 168 16 
0 213 20 
0 194 10 
0 184 6 
0 211 18 
0 241 16 
0 221 37 
0 228 20 
0 222 23 
0 196 20 
0 218 35 
0 226 11 
0 193 26 
0 228 41 
0 232 11 
0 241 11 
0 196 15 
0 191 11 
0 196 22 
0 210 12 
0 202 34 
0 190 14 
0 208 20 
0 223 17 
0 242 13 
0 234 23 
0 225 27 
0 206 15 
0 285 31 
0 258 46 
0 208 5 
0 198 9 
0 215 12 
0 185 9 
0 250 24 
0 196 5 
0 244 17 
0 247 7 
0 168 16 
0 201 14 
0 166 11 
0 198 7 
0 219 14 
0 195 12 
0 211 14 
0 191 61 
0 214 14 
0 220 15 
0 222 5 
0 193 23 
0 235 18 
0 223 12 
0 204 12 
0 233 22 
0 222 10 
0 243 33 
0 210 26 
0 276 14 
0 222 17 
0 184 35 
0 241 10 
0 157 6 
0 214 22 
0 199 39 
0 188 34 
0 199 24 
0 238 15 
0 252 36 
0 230 49 
0 234 27 
0 274 29 
0 213 6 
0 243 17 
0 226 12 
0 201 18 
0 188 52 
0 223 18 
0 200 24 
0 193 10 
0 216 27 
0 214 14 
0 189 5 
0 209 30 
0 213 10 
0 265 33 
0 207 35 
0 208 54 
0 206 4 
0 209 53 
0 202 31 
0 194 20 
0 228 8 
0 229 14 
0 241 8 
0 213 20 
0 250 1 
0 206 6 
0 189 27 
0 219 21 
0 223 25 
0 210 20 
0 201 27 
0 222 28 
0 275 22 
0 224 23 
0 215 12 
0 252 19 
0 168 9 
0 207 27 
0 220 6 
0 206 7 
0 195 11 
0 201 29 
0 207 5 
0 164 21 
0 217 14 
0 189 22 
0 223 25 
0 229 20 
0 197 16 
0 233 14 
0 251 25 
0 237 11 
0 183 12 
0 177 26 
0 249 27 
0 284 17 
0 212 33 
0 198 19 
0 234 4 
0 183 26 
0 195 3 
0 227 10 
0 202 19 
0 221 14 
0 183 42 
0 226 32 
0 183 3 
0 225 31 
0 228 35 
0 204 33 
0 237 2 
0 242 19 
0 183 9 
0 198 53 
0 246 15 
0 206 49 
0 264 30 
0 286 16 
0 230 21 
0 258 20 
0 210 13 
0 230 3 
0 224 16 
0 231 11 
0 207 33 
0 197 20 
0 198 43 
0 193 9 
0 236 31 
0 176 12 
0 174 27 
0 204 16 
0 184 48 
0 231 29 
0 263 16 
0 287 10 
0 220 49 
0 198 11 
0 202 29 
0 232 14 
0 202 1 
0 235 8 
0 205 27 
0 244 14 
0 236 9 
0 268 14 
0 226 24 
0 214 22 
0 246 3 
0 250 9 
0 228 25 
0 215 37 
0 208 17 
0 278 34 
0 176 20 
0 228 11 
0 214 12 
0 228 25 
0 218 30 
0 154 6 
0 230 22 
0 253 8 
0 215 3 
0 264 21 
0 205 9 
0 183 14 
0 216 7 
0 242 26 
0 215 10 
0 228 16 
0 189 19 
0 221 19 
0 208 32 
0 194 9 
0 200 15 
0 205 16 
0 188 4 
0 214 29 
0 167 11 
0 205 22 
0 177 21 
0 217 14 
0 191 16 
0 195 14 
0 241 8 
0 207 27 
0 204 65 
0 178 15 
0 202 26 
0 210 17 
0 222 7 
0 267 23 
0 220 17 
0 243 21 
0 201 21 
0 208 8 
0 239 19 
0 204 18 
0 231 14 
0 207 28 
0 154 19 
0 218 7 
0 251 32 
0 204 27 
0 199 13 
0 242 33 
0 182 38 
0 231 28 
0 217 19 
0 207 14 
0 228 13 
0 190 63 
0 208 29 
0 187 28 
0 219 10 
0 230 25 
0 205 14 
0 173 28 
0 198 20 
0 203 24 
0 193 30 
0 213 20 
0 188 25 
0 166 18 
0 227 12 
0 255 16 
0 210 10 
0 258 6 
0 211 41 
0 182 11 
0 188 11 
0 201 9 
0 199 10 
0 207 20 
0 220 45 
0 214 5 
0 202 57 
0 204 26 
0 229 3 
0 233 23 
0 218 26 
0 267 14 
0 242 5 
0 199 8 
0 205 31 
0 223 16 
0 256 9 
0 221 22 
0 200 23 
0 152 46 
0 209 24 
0 206 22 
0 216 37 
0 195 46 
0 212 3 
0 200 14 
0 230 13 
0 217 23 
0 200 3 
0 287 16 
0 200 2 
0 203 20 
0 222 3 
0 204 22 
0 204 12 
0 184 46 
0 198 9 
0 237 17 
0 222 36 
0 229 26 
0 229 7 
0 236 23 
0 183 5 
0 246 31 
0 232 9 
0 244 44 
0 216 15 
0 233 27 
0 238 35 
0 238 14 
0 196 20 
0 235 11 
0 239 9 
0 236 13 
0 222 27 
0 165 30 
0 195 31 
0 210 10 
0 231 4 
0 283 32 
0 219 11 
0 214 7 
0 189 49 
0 196 18 
0 199 41 
0 197 18 
0 242 24 
0 220 31 
0 203 9 
0 195 7 
0 188 24 
0 227 14 
0 191 9 
0 197 18 
0 171 12 
0 216 14 
0 186 6 
0 228 21 
0 197 40 
0 222 21 
0 204 0 
0 242 19 
0 235 13 
0 216 10 
0 240 3 
0 249 11 
0 191 29 
0 235 15 
0 235 45 
0 231 2 
0 205 26 
0 219 16 
0 225 20 
0 234 21 
0 255 21 
0 224 15 
0 245 25 
0 219 44 
0 183 24 
0 275 22 
0 234 13 
0 187 27 
0 194 45 
0 201 18 
0 205 21 
0 203 24 
0 246 5 
0 198 2 
0 206 29 
0 185 21 
0 172 48 
0 197 17 
0 223 26 
0 208 24 
0 252 8 
0 229 29 
0 184 18 
0 165 9 
0 211 45 
0 209 23 
0 218 23 
0 244 17 
0 194 8 
0 233 6 
0 214 9 
0 202 8 
0 205 5 
0 209 34 
0 213 10 
0 206 24 
0 172 13 
0 223 14 
0 226 81 
0 208 20 
0 254 35 
0 225 24 
0 199 19 
0 190 23 
0 175 6 
0 164 25 
0 207 65 
0 226 19 
0 200 22 
0 171 28 
0 231 30 
0 234 32 
0 222 22 
0 221 15 
0 261 10 
0 196 22 
0 259 29 
0 214 36 
0 180 43 
0 232 7 
0 212 28 
0 187 29 
0 235 23 
0 199 15 
0 213 23 
0 247 26 
0 209 31 
0 220 11 
0 140 16 
0 213 11 
0 203 25 
0 217 9 
0 243 10 
0 232 26 
0 184 47 
0 180 62 
0 212 9 
0 226 14 
0 231 17 
0 196 12 
0 178 38 
0 220 41 
0 239 5 
0 224 18 
0 192 11 
0 239 4 
0 188 23 
0 196 15 
0 228 25 
0 274 13 
0 232 33 
0 212 13 
0 177 49 
0 241 12 
0 242 14 
0 229 21 
0 200 3 
0 195 8 
0 168 8 
0 205 24 
0 222 27 
0 234 12 
0 229 34 
0 181 28 
0 242 27 
0 208 6 
0 208 12 
0 206 18 
0 217 25 
0 206 5 
0 198 22 
0 204 37 
0 194 43 
0 201 3 
0 181 13 
0 211 31 
0 230 36 
0 213 49 
0 205 28 
0 254 9 
0 207 9 
0 212 8 
0 164 10 
0 217 31 
0 206 12 
0 217 20 
0 227 11 
0 192 17 
0 206 28 
0 227 13 
0 221 8 
0 189 18 
0 210 15 
0 188 62 
0 200 42 
0 193 10 
0 194 33 
0 222 38 
0 198 13 
0 205 14 
0 183 22 
0 153 8 
0 224 25 
0 189 13 
0 196 27 
0 197 22 
0 212 29 
0 218 19 
0 165 22 
0 221 12 
0 233 31 
0 226 12 
0 189 39 
0 215 25 
0 173 18 
0 200 21 
0 186 24 
0 214 45 
0 199 16 
0 194 11 
0 200 13 
0 217 12 
0 198 16 
0 240 14 
0 201 22 
0 218 27 
0 179 11 
0 235 51 
0 199 21 
0 208 5 
0 202 21 
0 183 13 
0 212 41 
0 207 8 
0 220 26 
0 221 10 
0 211 19 
0 235 11 
0 157 2 
0 223 24 
0 223 14 
0 210 18 
0 230 11 
0 207 7 
0 205 29 
0 253 31 
0 202 10 
0 211 20 
0 244 5 
0 190 13 
0 223 18 
0 202 8 
0 213 21 
0 216 9 
0 207 19 
0 252 4 
0 219 34 
0 246 16 
0 251 9 
0 250 19 
0 190 17 
0 220 17 
0 213 27 
0 270 5 
0 237 18 
0 259 18 
0 232 11 
0 196 36 
0 245 28 
0 210 9 
0 231 9 
0 232 18 
0 179 14 
0 228 8 
0 206 21 
0 244 33 
0 196 7 
0 233 6 
0 215 14 
0 208 33 
0 189 19 
0 229 17 
0 259 23 
0 205 19 
0 175 22 
0 222 15 
0 195 15 
0 257 21 
0 240 21 
0 228 23 
0 246 53 
0 226 17 
0 189 25 
0 219 27 
0 211 20 
0 216 14 
0 202 22 
0 253 25 
0 276 22 
0 181 22 
0 225 26 
0 214 15 
0 238 23 
0 194 3 
0 238 13 
0 213 8 
0 201 2 
0 231 3 
0 257 5 
0 212 15 
0 234 28 
0 197 18 
0 211 36 
0 229 14 
0 245 15 
0 224 29 
0 203 36 
0 211 24 
0 220 23 
0 204 10 
0 227 4 
0 197 20 
0 233 25 
0 183 22 
0 213 19 
0 245 26 
0 196 35 
0 245 5 
0 259 10 
0 233 15 
0 228 19 
0 197 14 
0 216 6 
0 222 29 
0 204 7 
0 238 35 
0 247 19 
0 193 6 
0 254 14 
0 267 6 
0 242 17 
0 211 17 
0 245 20 
0 251 21 
0 183 17 
0 217 5 
0 190 28 
0 172 25 
0 182 38 
0 246 10 
0 179 4 
0 177 15 
0 219 22 
0 245 17 
0 193 19 
0 241 5 
