0 37 279 13 0 
0 46 314 23 0 
5 33 267 84 0 
0 59 370 60 0 
0 64 312 48 0 
1 26 405 46 0 
0 6 381 18 0 
0 43 299 13 0 
0 84 380 48 0 
0 49 273 56 0 
2 38 364 32 0 
0 17 315 79 0 
1 22 473 7 4 
0 45 355 29 0 
0 17 318 62 0 
0 10 369 3 0 
0 8 352 4 0 
1 32 364 5 0 
0 23 300 91 0 
0 31 302 15 0 
0 50 273 11 0 
0 12 326 23 0 
0 6 364 55 1 
0 21 320 27 0 
3 19 375 58 0 
0 68 404 15 0 
0 14 498 43 0 
1 8 297 45 0 
2 12 303 62 0 
0 25 260 36 0 
0 98 304 22 0 
0 46 357 19 0 
0 17 412 15 0 
0 29 473 26 0 
1 4 327 6 0 
0 19 404 45 0 
3 73 278 61 0 
0 17 349 15 0 
0 53 390 42 0 
0 12 333 23 0 
0 38 365 48 0 
0 56 245 39 0 
0 40 248 31 0 
0 46 284 23 3 
2 74 269 12 0 
4 17 230 13 0 
0 55 299 25 0 
2 65 339 22 0 
0 17 297 87 0 
0 12 245 24 0 
0 62 366 47 0 
1 28 275 25 0 
0 96 334 38 0 
1 114 348 14 0 
1 65 244 52 0 
6 38 302 36 0 
0 4 322 11 0 
0 10 304 55 0 
0 30 343 10 0 
0 16 282 19 0 
0 25 382 29 0 
0 20 369 52 0 
4 47 329 45 0 
1 26 358 30 0 
0 7 361 38 0 
0 41 327 73 0 
0 41 240 5 0 
1 41 283 3 0 
0 25 310 31 0 
1 23 352 29 0 
0 47 424 54 0 
0 56 365 44 0 
0 27 349 38 0 
0 26 373 28 0 
0 8 323 60 0 
0 19 405 90 0 
0 10 362 45 0 
0 15 394 29 0 
1 74 309 3 0 
0 43 306 32 0 
2 21 455 12 0 
1 44 340 58 0 
0 14 328 47 0 
0 34 316 27 0 
0 21 244 30 0 
1 56 286 70 0 
0 52 376 11 0 
0 30 319 43 0 
0 28 234 16 0 
0 63 322 46 0 
0 58 330 16 0 
0 56 358 44 0 
2 25 299 34 0 
5 30 285 41 0 
1 22 341 48 0 
1 46 363 30 0 
2 16 448 32 0 
0 63 312 27 0 
1 46 365 76 0 
1 23 356 71 0 
0 7 380 49 0 
0 25 322 27 0 
0 24 335 28 0 
0 39 397 73 0 
0 76 299 66 0 
2 32 347 32 0 
25 24 329 13 0 
0 35 412 31 0 
0 24 220 20 0 
0 32 277 8 0 
0 21 230 42 0 
1 21 345 28 0 
3 20 379 26 0 
0 19 275 70 0 
0 28 344 24 0 
0 37 377 73 0 
1 62 347 25 0 
0 49 292 37 0 
7 34 306 15 0 
1 71 326 24 1 
0 6 359 7 0 
0 24 315 28 0 
1 52 397 10 0 
1 93 279 53 0 
0 8 301 73 0 
0 19 341 38 0 
4 52 325 41 0 
1 52 266 41 0 
0 30 442 39 0 
0 66 274 37 0 
1 7 296 54 0 
3 61 306 43 0 
0 21 304 44 0 
1 21 302 13 0 
1 26 291 17 0 
0 16 329 21 0 
2 90 311 52 0 
0 14 471 32 0 
1 47 279 15 0 
0 51 317 55 0 
0 60 304 41 0 
0 48 351 18 0 
0 21 348 25 0 
0 10 389 27 0 
1 24 282 53 0 
0 49 319 49 0 
0 22 308 32 0 
0 49 343 27 0 
0 28 405 91 0 
4 25 363 35 0 
0 13 402 18 0 
0 32 460 23 0 
0 19 344 35 0 
0 54 308 30 0 
1 56 330 29 0 
0 11 304 23 0 
0 18 416 31 0 
0 31 393 28 0 
0 57 314 88 0 
0 23 340 58 0 
0 40 296 24 0 
0 18 317 25 0 
0 86 342 20 0 
0 46 424 32 0 
3 57 251 15 0 
2 26 390 7 0 
0 17 408 6 0 
0 7 276 20 0 
0 7 339 36 0 
0 59 324 36 0 
0 30 321 8 0 
0 22 351 43 0 
0 8 341 23 0 
0 40 417 18 0 
3 23 304 45 0 
1 28 341 47 0 
2 27 377 19 0 
0 30 352 10 10 
0 28 330 64 0 
0 57 352 17 0 
0 74 364 16 0 
0 32 356 77 0 
1 47 321 41 0 
0 11 406 33 0 
1 51 316 43 0 
4 21 263 11 3 
0 53 414 15 0 
0 18 289 40 0 
0 28 324 97 0 
0 68 270 42 0 
0 43 339 14 0 
1 39 376 11 0 
1 119 375 18 0 
3 22 266 42 0 
0 27 257 37 0 
0 25 358 52 0 
1 19 342 8 0 
0 2 334 15 0 
0 28 336 35 0 
0 12 402 31 0 
1 45 242 21 0 
1 49 351 71 0 
0 14 225 44 0 
0 16 316 108 0 
0 50 409 48 0 
0 6 230 96 0 
4 9 451 38 0 
0 38 355 17 0 
0 16 246 25 1 
0 37 262 55 0 
6 14 322 63 0 
1 20 306 62 0 
2 77 322 12 0 
0 11 404 41 0 
0 66 409 52 0 
5 23 492 22 0 
0 111 271 15 0 
1 30 239 18 0 
0 79 326 65 0 
2 39 349 5 0 
2 22 290 22 0 
0 41 354 36 0 
0 48 319 45 0 
0 40 307 10 0 
0 51 368 15 0 
1 105 333 7 0 
1 15 283 58 0 
0 43 302 35 0 
0 38 279 16 0 
0 39 342 5 0 
1 33 395 6 0 
0 31 381 33 0 
0 17 267 35 0 
2 21 367 20 0 
0 41 302 47 0 
0 44 303 29 0 
0 21 402 48 0 
2 22 318 30 0 
0 92 238 25 0 
0 36 246 30 0 
0 59 273 48 0 
1 36 313 19 0 
0 14 334 101 0 
0 3 339 76 0 
0 66 293 57 0 
0 109 342 44 0 
2 50 347 20 0 
0 90 340 9 0 
0 70 340 6 0 
0 3 350 92 0 
0 46 328 65 0 
2 42 253 93 0 
0 6 351 54 0 
0 66 387 28 0 
0 3 276 16 0 
0 19 309 20 0 
0 63 341 18 0 
2 29 321 45 0 
0 30 347 18 0 
1 77 272 65 0 
0 56 365 44 0 
0 18 290 19 0 
0 32 284 62 0 
0 24 299 57 0 
1 26 393 29 0 
4 20 352 16 0 
1 10 228 41 0 
0 29 399 43 0 
0 25 288 46 0 
0 9 250 6 0 
0 71 302 11 0 
0 53 298 88 0 
0 31 314 29 0 
0 42 378 43 0 
0 31 439 3 0 
0 26 413 47 0 
0 48 432 4 0 
1 5 235 58 0 
0 18 327 27 0 
2 24 264 36 0 
3 38 392 26 0 
0 53 418 18 0 
0 17 342 5 0 
1 6 235 40 0 
0 21 363 82 0 
18 19 382 21 0 
0 16 397 21 0 
0 8 371 31 0 
1 62 378 39 0 
0 47 215 22 0 
0 33 366 30 0 
0 46 327 9 0 
1 45 353 63 0 
0 21 337 0 2 
1 22 244 32 0 
0 50 293 5 0 
0 61 197 7 0 
2 24 311 38 0 
0 20 270 11 0 
0 50 242 24 0 
0 20 368 19 0 
1 49 449 3 0 
0 1 286 48 0 
0 39 255 67 0 
2 19 321 38 0 
0 28 280 20 0 
0 19 398 50 0 
0 60 322 27 0 
0 58 324 39 0 
0 13 357 39 0 
0 72 330 38 0 
0 37 338 11 0 
0 53 331 32 0 
0 25 359 63 0 
0 45 317 22 0 
1 51 305 12 0 
0 26 339 24 0 
1 38 431 20 0 
0 47 391 138 0 
0 47 353 26 0 
0 13 315 66 0 
0 49 324 22 0 
0 60 287 28 0 
0 72 237 78 0 
0 8 411 28 0 
1 25 308 19 0 
0 45 341 6 0 
0 22 351 52 0 
0 17 346 24 0 
0 15 357 16 0 
0 17 304 27 0 
0 46 273 14 0 
0 17 295 36 0 
6 48 289 20 0 
0 39 363 12 0 
1 42 278 35 0 
0 50 316 28 0 
0 21 350 40 1 
0 15 379 37 0 
0 42 456 60 0 
0 75 367 29 0 
1 61 336 30 0 
1 10 322 18 0 
6 79 245 15 0 
1 18 378 19 0 
2 18 193 28 0 
2 24 314 18 0 
0 47 350 29 0 
1 18 368 31 0 
0 38 530 7 0 
3 15 278 49 0 
1 15 312 29 0 
1 19 365 6 0 
0 40 416 11 0 
1 38 398 48 0 
0 44 345 48 0 
0 23 386 63 0 
1 58 365 41 0 
1 22 286 25 0 
1 19 159 33 0 
1 27 286 9 0 
0 30 342 76 0 
0 63 303 32 0 
1 49 250 56 0 
0 40 309 24 0 
1 34 454 86 0 
0 28 365 59 0 
0 23 303 28 0 
0 2 334 32 0 
0 41 208 54 0 
3 11 316 71 0 
2 33 295 33 0 
0 45 413 32 0 
0 11 347 12 0 
0 39 249 50 0 
0 55 297 21 0 
0 30 320 36 0 
0 38 289 57 0 
1 37 308 76 0 
0 42 282 29 0 
3 18 353 58 0 
0 26 223 44 0 
0 33 365 5 0 
2 17 316 26 0 
1 55 288 59 0 
1 39 450 13 0 
0 43 253 22 0 
2 15 298 44 0 
5 38 299 19 0 
0 32 398 44 0 
1 17 311 22 0 
0 38 289 107 0 
1 101 237 49 0 
3 17 367 32 0 
0 32 308 49 0 
3 59 387 14 0 
0 35 272 51 0 
0 30 335 17 0 
0 35 339 25 0 
0 6 332 61 0 
1 66 321 13 0 
0 78 258 16 0 
1 45 336 23 0 
0 7 305 28 0 
2 5 329 45 0 
0 17 277 43 0 
0 30 278 8 0 
1 11 362 26 0 
1 31 292 30 0 
0 38 297 97 0 
0 95 315 61 0 
0 15 380 30 0 
0 63 267 25 0 
2 22 239 59 0 
0 58 362 45 0 
0 9 413 23 0 
0 100 397 26 0 
1 17 346 53 0 
0 29 408 14 0 
0 31 351 22 0 
0 69 331 43 11 
0 54 332 1 0 
0 0 344 27 92 
1 39 320 104 0 
0 48 251 56 0 
0 4 427 20 0 
1 31 378 46 0 
0 9 313 4 0 
0 139 353 35 0 
1 110 294 41 0 
0 11 207 81 0 
0 15 247 64 0 
1 28 443 37 0 
1 41 239 116 0 
0 10 382 14 0 
1 20 379 13 0 
0 62 324 35 0 
0 19 275 58 0 
0 6 446 29 0 
0 30 413 23 0 
0 9 364 22 0 
0 11 413 27 0 
1 36 380 6 0 
0 61 303 57 0 
2 26 446 19 0 
0 54 289 42 0 
0 16 377 19 0 
0 56 369 17 0 
0 28 354 28 0 
2 101 282 47 0 
1 27 298 26 0 
0 44 345 17 0 
0 18 384 29 0 
8 83 262 38 0 
3 26 334 36 0 
1 23 304 70 0 
0 68 278 68 0 
0 13 433 15 0 
1 23 275 64 0 
0 116 275 50 0 
0 29 303 54 0 
6 105 295 36 0 
0 29 422 24 0 
3 10 433 11 0 
1 43 289 45 0 
0 21 359 53 0 
6 22 415 18 0 
1 8 304 22 0 
0 51 249 34 0 
0 28 330 29 0 
0 26 372 17 0 
1 43 289 11 0 
0 67 318 17 0 
1 30 382 43 0 
0 14 320 35 0 
0 48 331 16 0 
0 36 286 16 0 
1 13 347 27 0 
0 50 378 63 0 
1 4 249 29 0 
2 8 369 23 0 
0 25 282 32 0 
2 51 298 36 1 
1 34 335 24 0 
1 25 315 84 0 
0 47 277 58 0 
0 11 406 31 0 
0 9 305 65 0 
2 4 390 27 0 
3 27 302 31 0 
0 39 321 13 0 
0 42 344 45 0 
0 47 420 28 0 
1 55 317 49 0 
2 30 233 46 0 
2 59 299 19 0 
0 54 346 57 0 
0 32 336 44 0 
0 88 231 39 0 
3 32 330 40 0 
0 10 304 62 0 
0 17 245 17 0 
0 51 257 51 0 
0 14 325 56 0 
12 9 238 20 0 
0 24 386 79 0 
0 3 440 20 0 
0 30 256 15 0 
0 26 395 27 0 
0 44 366 22 0 
0 20 311 34 0 
0 26 451 53 0 
2 48 322 20 0 
1 21 293 34 0 
0 46 363 26 0 
4 39 318 47 0 
4 41 306 29 0 
1 40 271 82 0 
0 41 338 27 0 
1 28 290 36 0 
1 31 300 45 0 
0 33 256 80 0 
0 40 361 4 0 
0 41 408 25 0 
0 13 419 8 0 
0 12 317 44 0 
0 40 302 17 0 
1 41 370 42 0 
0 43 308 25 0 
1 24 319 78 0 
0 32 417 43 0 
0 38 363 15 0 
0 1 362 38 0 
0 29 344 54 0 
1 18 328 25 0 
0 36 365 25 0 
1 85 280 14 0 
0 63 307 23 0 
2 33 309 26 0 
0 17 347 20 0 
0 99 258 66 0 
0 32 394 40 0 
0 37 394 10 0 
0 23 350 36 0 
0 17 337 30 0 
0 20 327 21 0 
0 19 319 39 0 
1 17 362 13 0 
0 63 277 12 0 
4 38 449 47 0 
0 24 268 46 0 
0 73 340 30 0 
0 78 314 35 0 
8 29 269 48 0 
0 3 330 31 0 
0 16 285 6 0 
0 32 261 22 0 
0 80 309 46 0 
1 19 416 37 0 
1 48 247 35 0 
1 51 339 11 0 
0 25 348 22 1 
0 29 417 14 0 
0 29 387 22 0 
0 28 370 60 0 
4 29 386 26 0 
1 54 438 20 0 
0 53 367 25 0 
0 37 269 31 0 
8 20 319 27 0 
3 66 216 35 0 
0 8 417 14 0 
1 42 321 73 0 
2 9 272 46 0 
0 16 431 9 0 
0 26 321 20 0 
0 22 369 78 0 
0 45 329 52 0 
0 12 412 48 0 
0 22 249 11 0 
0 47 312 13 0 
1 108 387 47 0 
0 26 361 52 0 
0 45 259 55 0 
0 69 245 79 0 
3 48 327 36 0 
2 13 305 20 0 
2 46 406 25 0 
0 126 287 31 0 
0 52 365 6 0 
1 43 362 68 0 
1 85 262 21 0 
2 27 303 25 0 
1 74 249 20 0 
0 45 375 15 0 
0 70 344 35 0 
0 39 304 50 0 
0 43 345 51 0 
0 41 302 21 0 
0 78 338 54 1 
0 4 359 72 1 
0 25 262 19 0 
0 51 417 36 0 
0 21 375 75 0 
6 33 361 58 0 
1 27 351 44 0 
0 49 356 46 0 
1 44 300 36 0 
5 32 263 40 0 
2 12 380 13 0 
0 35 322 39 0 
1 17 206 8 0 
0 57 369 24 0 
0 2 393 109 0 
0 15 295 33 0 
0 34 302 43 0 
0 17 264 89 0 
7 51 320 20 0 
4 42 350 86 0 
0 53 343 51 0 
0 32 364 20 0 
0 18 379 34 0 
1 81 332 5 0 
0 63 315 36 0 
0 28 312 60 0 
1 52 375 23 0 
2 26 324 38 0 
0 63 332 28 0 
0 44 315 55 0 
0 41 371 56 0 
1 54 317 56 0 
0 15 323 108 0 
0 25 280 16 0 
0 31 277 18 0 
2 55 378 16 0 
0 66 356 7 0 
0 26 355 38 0 
1 28 420 15 0 
0 28 368 11 0 
0 7 324 32 0 
0 21 500 25 0 
0 55 299 47 0 
2 7 324 36 0 
0 32 256 15 0 
3 41 305 24 0 
0 10 405 27 0 
1 36 304 84 0 
1 54 323 129 0 
0 18 325 2 0 
2 54 220 38 0 
0 44 267 50 0 
1 18 309 64 0 
5 14 213 64 0 
0 49 287 75 0 
6 22 430 8 0 
0 19 365 57 0 
0 49 344 20 0 
1 30 431 14 0 
0 39 315 71 0 
1 39 350 10 0 
0 99 338 21 0 
0 55 179 34 0 
0 23 285 44 0 
0 22 357 99 3 
1 19 231 23 0 
0 20 361 22 0 
0 8 302 16 0 
1 32 441 25 0 
0 17 383 36 0 
1 7 247 60 0 
0 34 310 40 0 
0 21 337 20 0 
1 28 390 84 0 
0 2 348 57 0 
2 43 336 10 0 
1 14 381 13 0 
2 139 462 38 0 
0 37 359 21 0 
0 34 234 83 0 
0 36 392 63 0 
0 16 436 15 0 
0 64 339 27 0 
0 15 255 22 0 
0 67 302 55 11 
0 14 347 43 0 
2 27 351 42 0 
0 57 358 50 0 
0 36 305 64 0 
0 25 355 33 0 
0 10 316 22 0 
0 56 333 18 0 
0 47 349 58 0 
3 58 416 36 0 
0 44 366 13 0 
0 4 339 36 0 
0 29 309 43 0 
0 43 384 24 0 
0 56 376 25 0 
1 18 415 60 0 
0 30 264 12 0 
0 39 370 37 0 
1 19 261 46 0 
0 30 297 35 0 
0 69 309 43 0 
0 62 268 23 0 
17 19 332 36 0 
0 47 276 108 0 
0 19 296 44 0 
0 10 402 4 0 
2 16 305 20 0 
0 10 385 41 0 
0 71 406 14 0 
0 69 327 47 0 
0 23 295 59 0 
1 68 357 13 0 
0 14 391 16 0 
0 42 317 51 0 
0 21 329 1 0 
3 40 432 25 0 
0 78 398 18 0 
1 12 355 59 0 
0 16 365 17 0 
0 48 327 28 2 
1 31 418 38 0 
1 9 338 31 0 
0 21 381 47 0 
0 10 370 84 0 
0 37 299 23 0 
0 8 359 45 0 
0 26 273 39 0 
0 4 462 34 0 
0 30 336 27 0 
0 45 322 38 0 
0 36 288 11 0 
0 38 365 57 0 
0 51 274 58 0 
0 10 376 14 0 
0 11 474 11 0 
0 28 462 45 0 
0 75 307 18 0 
0 41 546 34 0 
0 17 279 150 0 
0 12 483 39 0 
0 21 291 7 0 
1 133 313 18 0 
1 14 413 18 0 
3 56 339 19 0 
2 40 257 60 0 
0 31 292 9 0 
2 74 220 59 0 
0 72 347 26 0 
3 47 323 54 0 
0 36 299 13 0 
0 24 317 26 0 
0 108 427 16 0 
0 77 368 42 0 
1 40 275 54 0 
0 9 384 29 0 
0 10 309 53 0 
0 10 291 7 0 
0 53 290 25 0 
0 12 332 20 0 
0 19 282 31 0 
0 35 440 23 0 
0 31 285 23 0 
0 44 225 25 0 
0 85 269 13 0 
1 11 402 37 0 
0 106 424 35 0 
0 70 321 22 0 
0 37 363 51 0 
0 41 397 24 0 
0 64 253 47 0 
0 25 354 18 0 
0 14 357 54 0 
4 53 315 48 0 
0 58 344 61 0 
0 65 306 18 0 
0 17 287 26 0 
2 39 244 40 0 
0 35 286 57 0 
0 69 214 20 0 
2 64 380 65 0 
0 23 348 7 0 
0 8 318 6 0 
3 37 258 37 0 
0 17 279 143 0 
14 14 356 21 0 
0 53 437 25 0 
1 80 344 7 0 
0 42 375 53 0 
0 24 299 19 0 
0 24 324 21 0 
0 15 416 37 0 
1 15 294 48 0 
0 2 346 66 0 
0 20 267 52 0 
1 151 296 88 0 
0 44 309 9 0 
4 31 349 36 0 
0 11 428 42 0 
4 11 401 29 0 
0 5 371 47 0 
0 42 331 60 0 
2 34 457 74 0 
0 32 289 58 0 
3 39 404 8 0 
0 53 354 34 0 
0 13 435 50 0 
1 39 338 107 0 
0 10 304 30 0 
0 38 355 44 0 
0 60 321 32 0 
1 25 278 6 0 
1 18 349 11 0 
0 27 352 28 0 
0 22 314 21 0 
0 72 360 19 0 
1 41 398 95 0 
0 23 374 10 0 
0 57 324 20 0 
3 38 315 9 0 
0 63 280 55 0 
0 40 289 41 0 
0 50 293 13 0 
1 3 375 17 0 
0 7 373 41 0 
0 17 424 33 0 
2 66 365 30 0 
2 17 449 19 0 
0 44 333 23 0 
3 54 318 44 0 
0 34 315 18 0 
1 10 307 29 0 
1 34 256 5 0 
1 20 295 20 0 
0 52 424 20 0 
4 14 259 21 0 
1 64 225 12 0 
1 25 337 27 0 
1 67 296 11 0 
1 36 418 33 0 
0 41 340 41 0 
0 30 301 59 0 
1 69 370 37 0 
0 45 257 40 0 
2 10 381 49 0 
0 40 379 7 0 
1 55 317 29 0 
0 113 365 10 0 
0 51 364 21 0 
2 48 287 63 0 
0 27 360 49 0 
0 79 301 24 0 
0 67 354 47 0 
0 36 363 54 0 
1 49 306 29 0 
0 27 265 43 0 
0 25 242 43 0 
0 7 312 36 0 
0 53 266 26 0 
1 64 340 48 0 
1 55 342 8 0 
1 8 306 32 0 
0 11 369 18 0 
0 25 354 131 0 
0 21 307 78 0 
6 26 395 25 0 
0 32 235 8 0 
2 11 216 72 0 
1 15 348 38 0 
0 26 383 27 0 
0 51 295 58 0 
2 56 355 24 0 
1 38 261 61 0 
1 37 306 42 0 
0 19 378 6 0 
0 53 393 27 0 
0 20 325 80 0 
0 36 342 17 0 
9 59 324 22 0 
4 37 337 112 0 
1 97 294 23 0 
0 73 333 33 0 
1 118 267 81 0 
0 29 283 65 0 
0 35 308 22 0 
0 24 366 11 0 
0 24 379 41 0 
1 41 206 27 0 
0 16 272 59 0 
4 36 345 36 0 
0 30 296 42 0 
0 41 244 31 0 
1 10 306 47 0 
0 4 367 20 0 
0 26 274 21 0 
3 31 272 64 0 
0 44 400 32 0 
0 24 322 34 0 
1 58 283 16 0 
0 28 406 65 0 
0 12 337 20 0 
0 41 384 41 0 
0 47 186 52 0 
0 17 435 7 0 
0 15 282 61 0 
0 43 331 51 0 
1 5 291 24 0 
0 38 284 38 0 
0 125 352 43 0 
0 36 409 30 0 
1 80 412 11 0 
0 31 363 18 0 
0 16 365 77 0 
0 18 269 18 0 
0 64 374 76 0 
0 43 342 13 0 
1 26 271 15 0 
2 56 323 78 0 
0 23 377 5 0 
0 18 402 35 0 
0 3 395 7 0 
1 16 462 28 0 
0 16 282 16 0 
0 31 382 37 0 
7 57 252 16 0 
0 80 268 72 0 
0 35 380 97 0 
1 21 411 9 0 
0 6 306 37 0 
0 45 284 48 0 
1 32 314 29 0 
0 9 330 47 0 
2 63 323 92 0 
0 45 233 18 0 
0 54 259 69 0 
1 38 407 12 0 
0 16 314 105 0 
0 49 312 21 0 
0 22 394 53 0 
1 12 347 42 0 
0 44 298 55 0 
1 30 351 11 0 
0 20 364 71 0 
0 30 325 16 0 
1 101 365 0 0 
0 76 357 23 0 
1 64 251 18 0 
1 27 329 9 0 
0 89 311 30 0 
0 8 462 59 0 
1 58 296 76 0 
0 51 207 40 0 
0 52 345 19 0 
2 30 374 44 0 
5 33 331 25 0 
0 41 397 27 0 
1 71 331 31 0 
0 47 333 35 0 
0 68 265 17 0 
0 18 314 37 0 
0 46 259 36 0 
0 22 330 2 0 
0 38 340 39 0 
3 33 280 88 0 
2 32 326 24 0 
1 14 289 28 0 
0 64 336 26 0 
0 7 371 23 0 
0 47 325 21 0 
0 30 387 28 0 
2 65 301 36 0 
0 33 378 12 0 
0 14 300 20 0 
1 35 332 16 0 
0 8 427 31 0 
0 20 449 10 0 
0 2 278 29 0 
0 63 484 1 0 
3 28 445 17 0 
0 47 349 19 0 
0 15 331 60 0 
0 17 318 27 0 
0 11 321 13 0 
1 45 322 18 0 
3 65 281 55 0 
1 28 316 17 0 
1 31 338 40 0 
0 34 336 35 0 
0 32 293 38 0 
0 103 325 39 0 
0 49 272 51 0 
0 20 246 54 0 
0 9 405 54 0 
0 22 323 41 0 
0 36 422 47 0 
1 21 348 14 0 
0 78 329 52 0 
6 54 369 27 0 
