0 20 95 
0 5 48 
0 51 59 
0 23 33 
0 16 60 
0 28 156 
0 14 101 
0 17 146 
0 22 159 
0 34 41 
0 40 90 
0 16 52 
0 28 96 
0 20 138 
0 7 75 
0 96 52 
0 65 123 
0 89 74 
0 15 131 
0 51 55 
0 54 160 
0 30 82 
0 38 99 
0 24 46 
0 15 72 
0 34 59 
0 28 64 
0 40 112 
0 30 47 
0 32 36 
0 27 74 
0 17 61 
0 7 191 
0 8 51 
0 13 117 
0 23 94 
0 17 98 
0 20 63 
0 60 94 
0 41 101 
0 58 87 
0 19 83 
0 23 97 
0 14 109 
0 12 103 
0 39 63 
0 56 167 
0 14 108 
0 34 98 
0 30 34 
0 27 204 
0 37 56 
0 0 43 
0 13 91 
0 57 53 
0 38 172 
0 42 70 
0 41 57 
0 4 16 
0 10 42 
0 5 80 
0 8 90 
0 54 64 
0 69 53 
0 41 91 
0 19 96 
0 3 60 
0 18 98 
0 29 136 
0 28 56 
0 11 83 
0 30 89 
0 19 92 
0 36 45 
0 17 125 
0 7 122 
0 55 99 
0 69 55 
0 38 86 
0 19 96 
0 33 65 
0 15 78 
0 19 186 
0 29 172 
0 29 152 
0 8 202 
0 34 45 
0 24 54 
0 7 54 
0 57 55 
0 3 70 
0 38 44 
0 19 61 
0 61 77 
0 11 199 
0 29 154 
0 70 118 
0 25 136 
0 21 186 
0 31 67 
0 28 102 
0 37 79 
0 39 68 
0 51 41 
0 46 88 
0 7 64 
0 12 141 
0 30 113 
0 61 73 
0 8 106 
0 20 126 
0 28 28 
0 20 160 
0 20 137 
0 12 29 
0 3 39 
0 35 117 
0 25 91 
0 8 93 
0 28 106 
0 16 81 
0 19 96 
0 19 81 
0 12 93 
0 38 84 
0 31 96 
0 25 74 
0 21 91 
0 38 52 
0 7 56 
0 21 116 
0 40 56 
0 29 94 
0 21 125 
0 25 42 
0 39 14 
0 13 77 
0 27 23 
0 23 111 
0 35 101 
0 0 54 
0 42 162 
0 14 62 
0 35 131 
0 51 71 
0 39 41 
0 18 54 
0 2 164 
0 11 57 
0 32 113 
0 4 83 
0 4 45 
0 17 120 
0 15 117 
0 30 101 
0 32 157 
0 10 71 
0 47 160 
0 40 96 
0 26 62 
0 52 170 
0 58 94 
0 10 83 
0 19 157 
0 28 82 
0 23 87 
0 21 93 
0 34 243 
0 36 68 
0 29 150 
0 35 70 
0 59 106 
0 26 65 
0 57 37 
0 29 240 
0 10 72 
0 54 82 
0 76 95 
0 21 95 
0 5 135 
0 30 89 
0 26 276 
0 4 93 
0 11 65 
0 11 50 
0 47 75 
0 50 161 
0 54 90 
0 64 50 
0 54 43 
0 39 85 
0 11 102 
0 21 76 
0 16 44 
0 37 129 
0 22 95 
0 12 161 
0 12 190 
0 6 65 
0 12 145 
0 28 156 
0 54 46 
0 21 112 
0 26 106 
0 9 85 
0 34 42 
0 21 47 
0 17 205 
0 2 170 
0 69 91 
0 44 129 
0 31 92 
0 13 87 
0 42 92 
0 10 83 
0 24 60 
0 8 52 
0 7 75 
0 31 32 
0 16 58 
0 38 123 
0 19 74 
0 16 26 
0 40 117 
0 24 60 
0 35 105 
0 38 70 
0 42 112 
0 24 86 
0 30 119 
0 56 51 
0 30 117 
0 10 158 
0 8 309 
0 12 61 
0 29 81 
0 15 152 
0 31 109 
0 43 75 
0 48 34 
0 29 106 
0 21 51 
0 46 63 
0 9 114 
0 18 142 
0 67 125 
0 13 177 
0 12 62 
0 3 170 
0 40 63 
0 5 81 
0 14 100 
0 19 84 
0 13 46 
0 12 48 
0 16 157 
0 16 96 
0 29 93 
0 28 81 
0 25 139 
0 27 145 
0 1 47 
0 54 79 
0 22 94 
0 13 112 
0 18 94 
0 69 94 
0 28 162 
0 48 69 
0 33 109 
0 12 69 
0 30 53 
0 15 43 
0 4 25 
0 48 61 
0 34 82 
0 34 42 
0 39 114 
0 22 65 
0 23 93 
0 40 128 
0 2 68 
0 21 114 
0 25 204 
0 39 59 
0 5 76 
0 32 148 
0 16 57 
0 8 77 
0 27 58 
0 21 99 
0 17 68 
0 12 72 
0 15 101 
0 48 90 
0 58 63 
0 66 53 
0 4 110 
0 10 50 
0 29 82 
0 23 167 
0 4 96 
0 13 93 
0 16 89 
0 21 87 
0 52 52 
0 20 66 
0 32 113 
0 20 62 
0 51 62 
0 11 137 
0 19 140 
0 9 87 
0 2 114 
0 61 105 
0 6 90 
0 39 127 
0 31 148 
0 44 38 
0 53 20 
0 7 99 
0 52 123 
0 47 159 
0 3 117 
0 39 63 
0 28 74 
0 36 121 
0 26 72 
0 31 76 
0 12 35 
0 14 128 
0 17 42 
0 47 69 
0 6 197 
0 35 172 
0 40 50 
0 36 101 
0 17 88 
0 6 172 
0 24 101 
0 14 163 
0 30 28 
0 32 40 
0 30 98 
0 35 55 
0 8 98 
0 42 58 
0 48 114 
0 19 67 
0 35 31 
0 36 59 
0 23 63 
0 34 99 
0 32 107 
0 18 62 
0 8 39 
0 25 110 
0 52 103 
0 23 99 
0 58 60 
0 73 118 
0 67 60 
0 18 125 
0 31 103 
0 22 92 
0 23 94 
0 76 139 
0 49 129 
0 42 89 
0 59 214 
0 53 94 
0 30 24 
0 26 40 
0 14 127 
0 55 70 
0 24 142 
0 26 69 
0 22 46 
0 10 116 
0 42 110 
0 23 83 
0 45 54 
0 38 98 
0 3 68 
0 24 114 
0 22 82 
0 13 105 
0 42 52 
0 28 52 
0 30 62 
0 55 78 
0 6 101 
0 17 34 
0 28 63 
0 7 80 
0 10 107 
0 50 105 
0 10 31 
0 16 172 
0 34 71 
0 6 75 
0 32 62 
0 34 152 
0 11 54 
0 14 121 
0 38 87 
0 46 96 
0 38 108 
0 18 12 
0 53 93 
0 16 101 
0 5 118 
0 9 114 
0 13 261 
0 57 210 
0 30 106 
0 9 71 
0 8 62 
0 4 76 
0 32 123 
0 41 51 
0 17 80 
0 23 88 
0 28 115 
0 32 81 
0 43 63 
0 21 66 
0 4 95 
0 27 82 
0 23 151 
0 25 41 
0 46 30 
0 20 124 
0 36 49 
0 24 69 
0 19 94 
0 18 53 
0 2 211 
0 20 206 
0 46 121 
0 13 96 
0 81 61 
0 52 93 
0 34 66 
0 27 109 
0 15 88 
0 43 115 
0 17 58 
0 30 121 
0 46 103 
0 86 42 
0 19 145 
0 76 85 
0 13 62 
0 41 56 
0 47 49 
0 29 51 
0 6 85 
0 31 57 
0 14 91 
0 16 30 
0 55 54 
0 9 89 
0 7 108 
0 12 80 
0 35 55 
0 16 202 
0 45 98 
0 20 63 
0 17 108 
0 19 158 
0 49 49 
0 39 127 
0 28 82 
0 46 77 
0 41 86 
0 19 42 
0 41 138 
0 25 109 
0 58 82 
0 35 64 
0 4 160 
0 38 65 
0 66 109 
0 14 103 
0 16 142 
0 60 54 
0 9 126 
0 7 89 
0 31 140 
0 6 37 
0 19 66 
0 56 46 
0 21 79 
0 24 170 
0 13 177 
0 14 105 
0 8 83 
0 41 115 
0 32 104 
0 11 58 
0 27 77 
0 49 85 
0 15 54 
0 45 83 
0 41 101 
0 6 68 
0 34 143 
0 57 160 
0 23 51 
0 41 98 
0 47 129 
0 8 49 
0 36 107 
0 53 90 
0 21 75 
0 47 118 
0 21 61 
0 27 93 
0 31 60 
0 27 33 
0 29 61 
0 51 157 
0 18 98 
0 58 131 
0 70 117 
0 15 205 
0 13 138 
0 18 134 
0 42 101 
0 23 68 
0 12 128 
0 38 86 
0 0 89 
0 55 52 
0 27 104 
0 31 88 
0 32 162 
0 20 49 
0 50 137 
0 15 120 
0 2 168 
0 10 116 
0 37 90 
0 41 100 
0 60 146 
0 8 110 
0 15 74 
0 10 43 
0 26 68 
0 24 25 
0 64 112 
0 14 80 
0 42 113 
0 28 101 
0 17 74 
0 30 110 
0 23 194 
0 33 94 
0 22 90 
0 20 76 
0 27 79 
0 9 50 
0 35 54 
0 72 113 
0 27 90 
0 42 101 
0 25 56 
0 13 140 
0 25 62 
0 10 65 
0 21 154 
0 24 111 
0 35 96 
0 19 75 
0 48 108 
0 19 124 
0 36 135 
0 4 88 
0 14 90 
0 18 147 
0 18 86 
0 18 67 
0 19 76 
0 26 67 
0 23 44 
0 29 54 
0 11 62 
0 10 100 
0 15 213 
0 17 147 
0 2 114 
0 12 54 
0 12 109 
0 2 160 
0 48 69 
0 30 123 
0 45 163 
0 39 121 
0 24 69 
0 17 77 
0 36 111 
0 11 54 
0 50 120 
0 54 62 
0 27 64 
0 1 88 
0 9 60 
0 33 42 
0 48 133 
0 16 86 
0 12 56 
0 31 106 
0 27 157 
0 22 64 
0 30 173 
0 25 105 
0 47 155 
0 5 150 
0 19 44 
0 22 49 
0 24 89 
0 35 79 
0 18 106 
0 43 87 
0 18 56 
0 25 76 
0 4 81 
0 18 39 
0 41 84 
0 48 77 
0 35 134 
0 7 49 
0 32 112 
0 53 61 
0 9 85 
0 60 55 
0 18 139 
0 12 108 
0 43 127 
0 30 81 
0 19 97 
0 23 108 
0 11 53 
0 28 27 
0 33 123 
0 3 72 
0 35 67 
0 42 85 
0 24 115 
0 25 103 
0 10 141 
0 12 107 
0 5 120 
0 4 83 
0 9 86 
0 26 76 
0 32 78 
0 23 9 
0 15 41 
0 10 108 
0 28 102 
0 26 128 
0 30 37 
0 39 69 
0 12 98 
0 35 67 
0 62 67 
0 35 122 
0 36 56 
0 10 167 
0 18 126 
0 34 96 
0 41 95 
0 12 85 
0 15 64 
0 12 81 
0 37 77 
0 49 117 
0 37 65 
0 65 174 
0 31 55 
0 43 75 
0 25 167 
0 31 119 
0 14 84 
0 12 59 
0 21 36 
0 44 115 
0 13 62 
0 54 117 
0 9 130 
0 38 82 
0 23 81 
0 40 114 
0 28 122 
0 18 78 
0 20 60 
0 37 68 
0 9 104 
0 13 46 
0 31 105 
0 15 84 
0 34 61 
0 47 195 
0 62 62 
0 21 76 
0 16 141 
0 31 105 
0 43 68 
0 72 54 
0 36 79 
0 48 200 
0 48 74 
0 21 136 
0 19 91 
0 11 72 
0 9 99 
0 5 13 
0 25 100 
0 32 78 
0 74 40 
0 6 71 
0 23 105 
0 67 46 
0 27 32 
0 46 132 
0 37 260 
0 29 134 
0 8 147 
0 32 33 
0 81 66 
0 35 89 
0 42 107 
0 27 153 
0 11 84 
0 10 63 
0 31 80 
0 76 70 
0 5 105 
0 19 105 
0 32 64 
0 37 85 
0 21 89 
0 69 36 
0 71 49 
0 4 54 
0 57 81 
0 29 46 
0 62 43 
0 46 71 
0 22 66 
0 21 146 
0 21 65 
0 29 63 
0 58 73 
0 63 67 
0 40 31 
0 50 82 
0 84 62 
0 30 77 
0 14 91 
0 16 45 
0 60 79 
0 48 41 
0 17 55 
0 28 110 
0 26 21 
0 7 222 
0 41 175 
0 3 95 
0 10 93 
0 22 73 
0 2 113 
0 33 26 
0 6 146 
0 8 94 
0 40 70 
0 56 127 
0 3 28 
0 12 99 
0 22 109 
0 16 42 
0 47 140 
0 27 47 
0 24 73 
0 26 19 
0 51 47 
0 14 69 
0 20 79 
0 20 89 
0 27 109 
0 35 202 
0 16 45 
0 67 84 
0 67 26 
0 89 149 
0 32 156 
0 31 83 
0 33 78 
0 14 94 
0 101 99 
0 31 36 
0 9 102 
0 20 102 
0 74 51 
0 47 54 
0 14 96 
0 12 85 
0 62 117 
0 49 62 
0 21 54 
0 25 84 
0 20 89 
0 36 171 
0 17 74 
0 30 45 
0 12 69 
0 7 94 
0 22 111 
0 6 95 
0 62 56 
0 25 119 
0 20 76 
0 14 137 
0 14 95 
0 17 262 
0 38 168 
0 14 83 
0 6 103 
0 50 79 
0 24 89 
0 66 115 
0 35 71 
0 40 44 
0 25 87 
0 73 55 
0 14 57 
0 13 38 
0 25 93 
0 30 76 
0 52 69 
0 44 74 
0 36 42 
0 29 127 
0 38 100 
0 32 252 
0 28 96 
0 20 154 
0 60 74 
0 18 62 
0 15 114 
0 35 152 
0 20 132 
0 46 175 
0 24 57 
0 46 151 
0 36 53 
0 41 102 
0 12 97 
0 30 101 
0 15 188 
0 15 25 
0 56 92 
0 34 77 
0 46 117 
0 9 147 
0 29 58 
0 9 103 
0 21 86 
0 13 118 
0 52 74 
0 25 55 
0 19 109 
0 32 147 
0 28 48 
0 26 134 
0 23 74 
0 8 74 
0 22 142 
0 28 48 
0 33 59 
0 21 51 
0 15 107 
0 70 79 
0 33 47 
0 35 111 
0 23 126 
0 19 53 
0 62 35 
0 28 64 
0 21 67 
0 25 74 
0 6 144 
0 34 92 
0 15 118 
0 31 38 
0 23 106 
0 16 55 
0 15 76 
0 47 59 
0 6 126 
0 39 122 
0 18 79 
0 45 127 
0 46 86 
0 14 107 
0 32 25 
0 29 121 
0 59 105 
0 29 65 
0 61 88 
0 30 79 
0 23 75 
0 2 112 
0 24 63 
0 24 90 
0 36 129 
0 29 83 
0 48 105 
0 22 162 
0 32 42 
0 40 109 
0 8 55 
0 10 76 
0 6 53 
0 21 63 
0 32 48 
0 15 44 
0 27 87 
0 31 82 
0 27 107 
0 21 40 
0 11 45 
0 22 124 
0 30 164 
0 39 73 
0 65 82 
0 32 159 
0 54 75 
0 22 59 
0 49 91 
0 52 43 
0 39 122 
0 15 109 
0 35 42 
0 33 87 
0 55 122 
0 11 71 
0 17 91 
0 32 120 
0 23 36 
0 36 90 
0 13 28 
0 30 126 
0 21 111 
0 18 145 
0 2 53 
0 29 171 
0 19 67 
0 42 69 
0 16 81 
0 6 63 
0 21 153 
0 29 90 
0 36 71 
0 32 110 
0 77 82 
0 7 69 
0 38 45 
0 37 57 
0 23 123 
0 39 122 
0 21 97 
0 21 83 
0 10 166 
0 21 159 
0 19 70 
0 25 129 
0 19 69 
0 32 30 
0 13 108 
0 57 50 
0 6 66 
0 4 62 
0 16 136 
0 39 56 
0 15 110 
0 29 93 
0 10 82 
0 13 41 
0 12 115 
0 21 170 
0 27 108 
0 32 76 
0 35 127 
0 21 235 
0 15 65 
0 19 70 
0 48 65 
