0 11 163 
0 9 173 
0 27 163 
0 23 196 
0 5 182 
0 4 266 
0 30 210 
0 16 172 
0 14 275 
0 28 246 
0 12 192 
0 6 168 
0 22 217 
0 26 186 
0 8 143 
0 22 114 
0 3 211 
0 17 223 
0 18 144 
0 8 190 
0 10 296 
0 11 127 
0 19 165 
0 14 107 
0 5 172 
0 14 121 
0 7 153 
0 31 161 
0 13 193 
0 7 220 
0 10 241 
0 20 129 
0 16 140 
0 17 182 
0 2 182 
0 15 131 
0 18 178 
0 28 208 
0 10 210 
0 36 189 
0 19 235 
0 48 155 
0 15 180 
0 13 239 
0 16 178 
0 17 217 
0 10 136 
0 3 178 
0 19 134 
0 22 163 
0 14 155 
0 23 178 
0 12 216 
0 26 171 
0 26 170 
0 3 169 
0 2 132 
0 9 185 
0 13 171 
0 13 129 
0 22 157 
0 1 220 
0 19 119 
0 18 158 
0 14 242 
0 30 220 
0 17 135 
0 8 215 
0 16 159 
0 19 159 
0 9 176 
0 18 140 
0 20 163 
0 9 171 
0 26 151 
0 23 192 
0 12 154 
0 7 132 
0 39 199 
0 24 156 
0 17 156 
0 8 148 
0 12 151 
0 13 169 
0 21 154 
0 20 194 
0 16 143 
0 21 159 
0 17 217 
0 25 160 
0 13 159 
0 19 192 
0 19 213 
0 17 226 
0 15 143 
0 27 175 
0 0 214 
0 9 185 
0 27 166 
0 8 202 
0 18 202 
0 7 282 
0 24 196 
0 10 141 
0 8 228 
0 8 176 
0 14 140 
0 20 198 
0 8 211 
0 4 194 
0 8 159 
0 16 214 
0 11 184 
0 28 158 
0 18 179 
0 7 223 
0 31 142 
0 9 184 
0 2 181 
0 8 134 
0 15 216 
0 10 195 
0 2 184 
0 4 197 
0 21 155 
0 7 194 
0 20 180 
0 22 181 
0 5 208 
0 22 185 
0 4 138 
0 5 180 
0 22 254 
0 19 182 
0 16 177 
0 4 195 
0 6 226 
0 15 192 
0 37 161 
0 25 227 
0 16 148 
0 4 219 
0 8 167 
0 9 210 
0 25 198 
0 25 150 
0 20 108 
0 28 207 
0 6 245 
0 39 182 
0 10 235 
0 15 192 
0 20 156 
0 21 215 
0 27 140 
0 6 138 
0 12 200 
0 18 194 
0 20 189 
0 35 178 
0 17 175 
0 18 175 
0 5 167 
0 17 166 
0 25 161 
0 17 157 
0 14 220 
0 18 208 
0 0 254 
0 20 275 
0 26 185 
0 31 141 
0 28 173 
0 3 182 
0 30 121 
0 5 209 
0 2 151 
0 32 162 
0 5 188 
0 16 156 
0 7 192 
0 8 208 
0 35 197 
0 11 192 
0 7 162 
0 29 201 
0 18 154 
0 5 188 
0 22 187 
0 15 182 
0 6 212 
0 37 142 
0 12 138 
0 3 192 
0 24 160 
0 7 147 
0 13 179 
0 8 173 
0 14 162 
0 6 204 
0 8 184 
0 23 175 
0 11 135 
0 6 176 
0 4 164 
0 31 145 
0 12 183 
0 10 175 
0 6 165 
0 24 158 
0 1 215 
0 40 167 
0 7 241 
0 12 170 
0 15 147 
0 31 124 
0 29 144 
0 30 125 
0 22 184 
0 20 160 
0 3 235 
0 6 195 
0 25 211 
0 12 179 
0 12 168 
0 27 142 
0 24 174 
0 9 168 
0 44 194 
0 1 133 
0 11 201 
0 17 131 
0 12 178 
0 23 236 
0 30 202 
0 15 139 
0 9 201 
0 14 198 
0 14 216 
0 14 152 
0 12 206 
0 12 144 
0 4 154 
0 15 153 
0 14 163 
0 18 152 
0 11 182 
0 25 178 
0 44 197 
0 15 160 
0 25 166 
0 5 223 
0 31 147 
0 7 182 
0 15 173 
0 12 205 
0 7 237 
0 15 226 
0 8 233 
0 18 185 
0 17 151 
0 8 153 
0 3 188 
0 8 138 
0 35 225 
0 12 268 
0 32 131 
0 5 205 
0 9 256 
0 20 164 
0 14 206 
0 22 189 
0 11 145 
0 17 203 
0 10 134 
0 18 147 
0 15 172 
0 12 182 
0 6 158 
0 26 181 
0 9 187 
0 17 174 
0 19 194 
0 8 217 
0 17 234 
0 13 173 
0 0 139 
0 21 169 
0 22 184 
0 6 157 
0 26 308 
0 18 177 
0 29 140 
0 12 168 
0 18 260 
0 24 152 
0 35 88 
0 8 190 
0 14 146 
0 52 226 
0 10 172 
0 5 170 
0 16 191 
0 13 152 
0 6 172 
0 12 191 
0 11 114 
0 5 165 
0 23 183 
0 14 193 
0 9 184 
0 14 152 
0 17 190 
0 23 240 
0 7 146 
0 43 183 
0 42 132 
0 13 200 
0 15 160 
0 16 230 
0 1 133 
0 32 214 
0 7 158 
0 8 144 
0 17 154 
0 8 188 
0 17 131 
0 4 139 
0 9 254 
0 21 240 
0 10 197 
0 11 184 
0 8 176 
0 9 215 
0 23 144 
0 18 207 
0 6 216 
0 7 228 
0 6 214 
0 5 188 
0 17 240 
0 8 164 
0 22 210 
0 24 174 
0 13 238 
0 7 235 
0 9 172 
0 16 203 
0 29 181 
0 24 169 
0 18 182 
0 25 205 
0 24 224 
0 22 161 
0 24 115 
0 13 155 
0 5 100 
0 16 199 
0 11 216 
0 11 192 
0 6 124 
0 11 143 
0 14 141 
0 31 199 
0 6 208 
0 20 204 
0 11 165 
0 7 161 
0 9 228 
0 15 213 
0 26 185 
0 3 177 
0 12 169 
0 21 155 
0 12 199 
0 7 183 
0 12 273 
0 36 178 
0 12 204 
0 24 183 
0 10 147 
0 18 186 
0 8 134 
0 25 195 
0 18 146 
0 8 189 
0 14 192 
0 17 264 
0 12 260 
0 6 273 
0 24 173 
0 16 148 
0 30 158 
0 7 207 
0 37 188 
0 9 178 
0 18 197 
0 20 199 
0 4 187 
0 10 206 
0 31 211 
0 16 209 
0 2 229 
0 14 240 
0 10 194 
0 20 149 
0 25 187 
0 30 169 
0 1 108 
0 13 170 
0 12 131 
0 32 186 
0 11 152 
0 11 139 
0 6 261 
0 15 168 
0 9 212 
0 10 181 
0 8 201 
0 6 214 
0 0 231 
0 5 178 
0 16 198 
0 14 220 
0 19 143 
0 16 196 
0 45 169 
0 13 219 
0 3 145 
0 8 177 
0 7 140 
0 16 215 
0 15 217 
0 7 124 
0 13 224 
0 13 172 
0 10 147 
0 15 166 
0 20 146 
0 16 171 
0 28 237 
0 6 152 
0 3 213 
0 3 186 
0 11 150 
0 1 192 
0 14 243 
0 7 149 
0 11 117 
0 8 191 
0 8 203 
0 23 159 
0 10 155 
0 7 198 
0 24 211 
0 17 158 
0 25 256 
0 24 202 
0 26 184 
0 24 192 
0 15 164 
0 9 167 
0 5 274 
0 16 162 
0 5 170 
0 23 172 
0 1 209 
0 6 147 
0 5 218 
0 12 189 
0 6 182 
0 25 242 
0 4 178 
0 18 221 
0 18 310 
0 8 150 
0 25 127 
0 15 228 
0 3 167 
0 23 116 
0 14 296 
0 31 149 
0 15 215 
0 30 143 
0 8 167 
0 7 141 
0 23 202 
0 6 303 
0 11 185 
0 14 180 
0 24 117 
0 21 113 
0 5 231 
0 26 165 
0 23 234 
0 14 156 
0 8 233 
0 13 176 
0 18 146 
0 12 234 
0 22 216 
0 10 208 
0 13 135 
0 8 163 
0 10 197 
0 3 216 
0 22 198 
0 27 204 
0 17 211 
0 12 200 
0 17 204 
0 17 154 
0 20 179 
0 9 180 
0 33 178 
0 1 173 
0 48 154 
0 14 153 
0 26 131 
0 16 228 
0 12 177 
0 31 192 
0 5 144 
0 11 151 
0 12 184 
0 24 188 
0 20 193 
0 20 196 
0 14 200 
0 14 172 
0 10 213 
0 12 264 
0 8 194 
0 9 163 
0 22 131 
0 17 180 
0 7 157 
0 9 199 
0 19 167 
0 22 178 
0 3 180 
0 8 162 
0 6 178 
0 17 147 
0 12 136 
0 10 206 
0 12 148 
0 8 196 
0 17 198 
0 27 180 
0 11 125 
0 15 167 
0 17 231 
0 6 227 
0 10 165 
0 30 231 
0 38 192 
0 22 187 
0 14 201 
0 15 199 
0 34 175 
0 22 159 
0 14 202 
0 25 145 
0 26 180 
0 21 185 
0 18 140 
0 11 178 
0 17 204 
0 32 206 
0 8 249 
0 13 179 
0 7 210 
0 19 159 
0 23 178 
0 4 170 
0 58 195 
0 14 208 
0 9 232 
0 8 171 
0 22 139 
0 31 162 
0 36 214 
0 3 218 
0 19 213 
0 4 201 
0 0 176 
0 29 148 
0 20 186 
0 16 217 
0 34 175 
0 11 186 
0 1 126 
0 8 165 
0 12 193 
0 21 207 
0 13 199 
0 13 249 
0 9 162 
0 10 243 
0 3 164 
0 22 151 
0 13 256 
0 23 166 
0 5 195 
0 1 178 
0 7 113 
0 13 184 
0 4 222 
0 23 218 
0 1 220 
0 11 155 
0 5 201 
0 4 277 
0 12 239 
0 2 197 
0 44 169 
0 42 162 
0 12 135 
0 9 170 
0 6 154 
0 15 169 
0 27 177 
0 15 146 
0 21 115 
0 14 190 
0 14 201 
0 9 166 
0 45 148 
0 12 212 
0 10 161 
0 12 210 
0 16 229 
0 15 218 
0 10 189 
0 13 219 
0 13 213 
0 25 137 
0 8 147 
0 16 189 
0 6 229 
0 9 184 
0 26 187 
0 7 195 
0 10 218 
0 29 193 
0 13 188 
0 33 205 
0 1 182 
0 14 216 
0 3 177 
0 1 192 
0 3 136 
0 7 156 
0 27 194 
0 6 156 
0 3 197 
0 5 178 
0 37 181 
0 0 249 
0 19 149 
0 13 159 
0 18 151 
0 22 165 
0 22 176 
0 15 182 
0 4 192 
0 27 214 
0 8 142 
0 9 240 
0 37 159 
0 7 208 
0 19 177 
0 4 191 
0 3 178 
0 40 138 
0 8 201 
0 7 129 
0 3 160 
0 8 129 
0 20 171 
0 4 200 
0 15 157 
0 6 192 
0 26 123 
0 12 132 
0 11 170 
0 7 129 
0 42 281 
0 17 149 
0 8 229 
0 8 193 
0 20 156 
0 17 202 
0 34 212 
0 17 199 
0 5 155 
0 10 178 
0 12 164 
0 14 167 
0 11 215 
0 39 181 
0 7 199 
0 1 185 
0 16 180 
0 18 200 
0 20 147 
0 0 178 
0 9 167 
0 15 163 
0 28 196 
0 15 171 
0 8 201 
0 12 135 
0 15 255 
0 1 248 
0 3 168 
0 15 217 
0 10 246 
0 10 253 
0 11 165 
0 8 152 
0 10 269 
0 3 150 
0 16 169 
0 34 160 
0 19 165 
0 4 132 
0 19 130 
0 15 203 
0 42 171 
0 22 185 
0 14 155 
0 10 170 
0 17 127 
0 10 193 
0 18 190 
0 25 193 
0 20 170 
0 21 163 
0 29 203 
0 21 188 
0 5 147 
0 16 141 
0 13 253 
0 21 181 
0 31 172 
0 16 158 
0 9 182 
0 15 218 
0 5 183 
0 6 176 
0 7 122 
0 10 222 
0 6 189 
0 26 214 
0 8 236 
0 16 192 
0 28 126 
0 17 144 
0 13 179 
0 20 163 
0 45 140 
0 25 172 
0 17 182 
0 19 207 
0 29 148 
0 12 228 
0 10 168 
0 8 205 
0 33 189 
0 17 206 
0 21 218 
0 11 139 
0 38 154 
0 23 246 
0 39 188 
0 12 147 
0 1 208 
0 12 128 
0 19 191 
0 9 175 
0 12 164 
0 18 183 
0 12 224 
0 8 168 
0 50 171 
0 10 143 
0 14 164 
0 7 209 
0 28 133 
0 1 237 
0 6 241 
0 20 171 
0 11 162 
0 24 140 
0 8 185 
0 35 144 
0 48 162 
0 5 220 
0 6 212 
0 19 175 
0 24 156 
0 5 202 
0 17 128 
0 12 258 
0 16 175 
0 22 147 
0 21 147 
0 2 178 
0 2 159 
0 12 194 
0 6 203 
0 13 185 
0 9 172 
0 15 164 
0 11 194 
0 7 159 
0 16 193 
0 26 183 
0 6 184 
0 25 161 
0 41 144 
0 21 226 
0 9 197 
0 31 192 
0 12 151 
0 11 190 
0 24 138 
0 12 188 
0 14 152 
0 10 172 
0 12 167 
0 18 147 
0 21 166 
0 14 112 
0 7 188 
0 8 168 
0 10 253 
0 9 228 
0 43 158 
0 12 171 
0 14 126 
0 26 199 
0 9 184 
0 27 187 
0 10 201 
0 16 226 
0 14 254 
0 19 211 
0 15 168 
0 21 214 
0 4 205 
0 24 221 
0 7 154 
0 45 192 
0 13 200 
0 14 193 
0 6 172 
0 6 220 
0 12 128 
0 17 165 
0 19 145 
0 10 262 
0 24 225 
0 13 151 
0 19 174 
0 10 181 
0 13 226 
0 15 222 
0 25 151 
0 15 178 
0 30 219 
0 10 152 
0 25 154 
0 18 160 
0 8 172 
0 24 172 
0 16 210 
0 8 277 
0 11 207 
0 13 181 
0 13 188 
0 19 190 
0 15 163 
0 15 154 
0 3 188 
0 15 166 
0 15 283 
0 32 167 
0 16 209 
0 4 212 
0 7 162 
0 32 122 
0 10 225 
0 15 199 
0 15 232 
0 22 120 
0 9 212 
0 12 271 
0 23 179 
0 6 277 
0 23 124 
0 8 246 
0 25 215 
0 1 213 
0 5 163 
0 31 174 
0 26 197 
0 26 142 
0 10 223 
0 4 261 
0 7 157 
0 21 193 
0 34 180 
0 0 198 
0 31 203 
0 7 180 
0 12 199 
0 10 149 
0 8 167 
0 3 116 
0 2 128 
0 26 158 
0 2 145 
0 3 162 
0 6 145 
0 18 211 
0 7 168 
0 38 200 
0 4 165 
0 12 138 
0 29 150 
0 4 193 
0 18 221 
0 13 91 
0 14 196 
0 26 141 
0 10 174 
0 38 207 
0 11 122 
0 9 205 
0 9 219 
0 29 169 
0 7 189 
0 23 177 
0 17 193 
0 34 178 
0 35 179 
0 28 239 
0 14 214 
0 10 220 
0 17 200 
0 17 194 
0 8 131 
0 16 177 
0 19 181 
0 10 236 
0 9 167 
0 4 178 
0 25 185 
0 26 202 
0 25 134 
0 4 168 
0 11 168 
0 26 170 
0 4 162 
0 11 200 
0 8 185 
0 9 197 
0 31 198 
0 33 163 
0 18 190 
0 16 193 
0 0 128 
0 4 204 
0 6 215 
0 2 147 
0 16 103 
0 29 195 
0 9 193 
0 15 211 
0 5 231 
0 18 262 
0 17 145 
0 28 153 
0 5 223 
0 17 155 
0 16 226 
0 10 190 
0 6 270 
0 26 183 
0 4 171 
0 9 180 
0 9 183 
0 9 154 
0 5 227 
0 7 207 
0 16 172 
0 25 277 
