5 77 107 81 11 
10 65 285 62 0 
7 52 143 151 33 
3 143 235 27 0 
8 63 185 34 0 
5 46 151 107 0 
19 41 138 59 0 
6 65 125 246 0 
5 46 133 98 0 
17 133 267 17 0 
11 167 88 30 12 
0 114 252 30 1 
6 106 248 24 0 
12 13 242 58 0 
0 35 111 57 23 
25 72 216 79 0 
9 14 129 106 0 
1 42 271 125 1 
20 48 151 143 0 
3 50 147 84 16 
14 40 104 76 0 
27 59 126 54 7 
10 49 43 55 0 
7 56 127 84 17 
5 38 79 83 0 
0 84 173 18 0 
13 29 173 22 0 
0 103 109 85 1 
1 49 288 60 0 
4 66 144 11 0 
9 136 163 87 0 
1 51 172 81 0 
24 98 97 52 0 
6 84 217 32 0 
8 63 326 9 0 
1 62 91 96 53 
18 54 201 13 34 
10 95 238 59 0 
4 95 252 31 0 
0 40 110 81 10 
0 56 117 91 1 
22 29 316 82 20 
6 16 189 52 0 
3 54 149 47 0 
1 28 400 42 0 
23 44 88 121 0 
5 99 178 74 0 
7 66 150 41 1 
9 65 102 138 0 
7 187 91 26 1 
1 140 106 57 7 
1 54 391 95 0 
2 73 231 146 0 
8 114 135 35 0 
3 163 225 110 0 
8 20 314 67 0 
10 48 251 37 6 
28 51 213 15 1 
7 38 128 67 0 
3 74 144 50 1 
0 92 158 24 0 
0 41 195 59 0 
3 32 167 66 0 
0 119 194 190 0 
0 96 97 108 0 
2 65 140 50 0 
4 63 199 82 1 
1 75 294 32 0 
4 8 171 31 0 
15 86 135 61 0 
6 137 137 35 0 
5 161 87 8 11 
1 65 143 101 7 
12 119 262 77 0 
2 97 250 103 0 
11 20 207 60 0 
10 15 230 180 0 
4 65 275 63 0 
22 59 205 40 0 
12 45 123 26 0 
6 47 107 37 0 
4 71 166 68 0 
8 48 255 28 0 
5 77 164 47 0 
37 22 118 112 0 
31 79 87 52 0 
9 41 237 49 0 
9 71 103 37 5 
15 72 53 112 0 
5 110 78 213 0 
8 79 193 41 0 
6 45 122 105 0 
7 115 165 128 0 
14 11 144 29 3 
5 41 180 22 3 
19 68 124 42 9 
9 13 305 136 0 
5 140 135 31 0 
1 79 162 135 0 
6 47 63 37 28 
10 63 274 170 0 
9 116 128 69 20 
2 39 215 97 3 
1 88 105 78 0 
2 46 123 9 0 
11 74 173 54 14 
2 36 76 97 0 
5 79 119 67 46 
16 76 97 135 11 
6 118 269 59 45 
7 75 189 124 0 
0 62 95 49 17 
2 68 291 34 0 
1 61 211 142 0 
0 70 303 82 0 
19 79 102 52 0 
3 32 179 46 1 
2 44 233 70 0 
16 24 212 30 1 
31 53 164 118 0 
37 139 107 40 3 
6 89 205 48 1 
9 29 164 86 14 
2 34 114 55 0 
1 34 181 102 2 
7 34 278 161 0 
6 120 98 160 0 
0 28 121 41 0 
0 69 179 124 29 
17 114 203 6 0 
9 66 213 74 2 
11 78 119 14 0 
8 139 61 90 1 
2 93 222 21 0 
11 68 114 105 0 
2 14 247 20 0 
9 66 113 85 0 
25 89 92 40 2 
1 39 75 55 0 
7 40 120 48 1 
15 34 138 62 0 
2 152 137 151 0 
19 55 161 100 0 
1 2 116 110 49 
18 76 355 101 0 
5 78 120 95 0 
2 64 83 23 0 
4 130 101 104 0 
11 58 99 84 0 
17 19 270 85 0 
1 68 91 86 0 
2 23 103 83 0 
0 40 212 140 52 
1 72 125 35 0 
0 94 182 162 1 
4 62 106 57 17 
2 72 167 81 1 
6 34 88 73 0 
3 58 330 135 0 
36 31 108 48 1 
5 63 131 38 0 
9 135 108 104 0 
7 57 109 48 6 
10 161 62 148 0 
3 89 166 32 13 
2 73 105 48 4 
1 81 214 57 0 
1 70 113 147 7 
24 52 104 81 5 
7 51 165 113 0 
7 11 166 334 0 
26 83 91 40 0 
39 53 179 42 0 
12 97 283 78 0 
25 35 152 100 0 
14 91 147 58 2 
4 28 218 75 0 
4 100 181 63 0 
6 60 256 85 0 
12 44 168 122 0 
9 97 132 83 0 
8 49 232 36 0 
40 44 264 77 0 
4 82 237 141 0 
16 82 153 65 0 
14 48 129 73 0 
41 88 203 151 1 
4 113 59 97 0 
4 83 170 62 0 
0 37 259 156 0 
2 48 88 20 0 
0 59 102 103 1 
0 137 144 4 22 
1 59 84 67 1 
1 29 160 104 24 
5 120 300 54 1 
28 78 190 36 7 
4 29 226 44 1 
13 80 114 121 0 
8 79 126 78 3 
5 137 77 45 0 
14 64 205 108 0 
49 60 130 46 0 
5 60 166 208 0 
14 54 254 49 0 
12 7 187 56 47 
17 33 284 72 0 
11 87 99 127 0 
2 24 144 24 0 
24 48 298 59 11 
3 52 139 109 0 
15 24 136 19 0 
6 31 261 54 1 
16 119 124 45 38 
4 109 286 115 0 
1 131 201 52 0 
8 57 140 67 3 
6 98 183 87 0 
5 25 171 128 0 
7 99 31 32 0 
8 36 140 195 0 
23 107 46 112 0 
3 7 206 147 1 
27 84 95 55 45 
1 73 188 67 0 
1 71 220 143 0 
7 70 184 72 29 
7 92 270 87 30 
9 77 100 84 0 
6 86 85 38 0 
32 53 200 72 0 
7 44 217 16 1 
8 55 191 170 0 
18 42 174 19 32 
6 191 202 56 6 
13 75 257 120 1 
27 85 94 124 2 
6 50 103 122 1 
4 46 303 126 1 
3 29 125 87 49 
19 116 167 29 0 
40 127 86 43 1 
12 58 165 91 7 
21 22 238 90 15 
15 44 220 53 0 
1 53 127 85 0 
27 28 94 50 0 
4 53 179 19 0 
3 102 102 28 0 
13 132 73 120 0 
13 29 111 60 0 
2 23 166 51 1 
5 34 285 77 0 
1 64 122 193 0 
10 21 177 95 0 
3 153 132 43 37 
4 71 142 25 0 
7 31 121 123 5 
4 27 95 49 0 
23 100 140 106 21 
6 45 268 77 0 
2 24 123 111 0 
5 24 124 19 0 
3 14 181 76 7 
25 54 210 118 6 
1 52 127 116 0 
26 65 212 43 0 
1 110 160 25 0 
4 86 124 61 0 
5 83 225 106 0 
12 82 115 126 15 
14 76 117 49 0 
6 19 213 113 0 
12 122 266 23 1 
3 92 108 57 3 
16 76 220 59 0 
3 18 101 65 0 
31 37 206 55 4 
7 91 155 200 9 
23 46 129 68 2 
15 79 195 26 2 
6 34 186 88 10 
59 166 129 17 1 
1 97 228 65 0 
6 131 138 29 0 
2 43 225 25 8 
2 115 147 36 0 
5 140 134 41 0 
60 30 257 86 0 
3 12 105 214 0 
3 54 134 84 1 
0 74 151 62 0 
0 52 105 138 0 
53 105 219 51 0 
2 68 83 44 15 
8 60 97 67 0 
17 80 157 55 14 
3 20 190 49 0 
18 124 187 114 0 
20 45 183 148 54 
26 25 155 33 0 
5 57 218 33 0 
11 60 210 70 0 
7 67 334 111 0 
5 166 101 86 0 
8 151 84 50 16 
13 52 126 32 0 
7 29 174 42 0 
1 57 203 40 0 
11 32 146 82 14 
13 149 242 81 0 
8 162 205 133 0 
12 77 278 65 0 
22 16 203 58 2 
13 33 172 64 0 
1 68 174 79 7 
30 46 268 27 0 
0 25 312 53 0 
2 25 88 215 0 
6 62 110 117 0 
9 74 288 135 7 
1 46 107 97 0 
94 42 104 61 0 
4 114 163 32 0 
5 60 153 59 1 
2 74 181 25 0 
24 197 253 96 0 
14 96 238 35 0 
0 145 175 22 0 
6 67 75 11 0 
8 79 128 51 1 
8 70 211 80 0 
7 74 157 50 0 
0 26 195 84 0 
5 56 189 119 0 
40 84 109 101 0 
1 35 152 95 0 
4 23 234 62 0 
0 63 112 38 0 
9 76 123 68 0 
7 44 156 108 6 
2 37 189 161 0 
57 44 215 50 0 
1 139 195 132 0 
8 104 134 32 0 
6 69 80 40 19 
0 83 72 30 0 
23 50 187 45 0 
4 64 143 131 45 
2 51 169 66 0 
0 124 215 97 0 
13 87 154 64 0 
7 65 218 189 1 
1 117 187 191 0 
1 77 154 86 0 
10 62 156 107 0 
9 38 201 46 0 
5 50 268 23 1 
6 53 122 111 0 
1 21 109 75 0 
36 70 128 57 4 
5 44 212 83 0 
26 52 211 145 0 
5 90 88 66 0 
5 131 164 136 0 
8 31 209 52 0 
1 70 268 45 0 
10 75 141 78 0 
1 28 179 90 13 
15 103 119 77 0 
8 32 147 46 15 
8 34 258 48 0 
35 69 74 100 0 
2 92 285 63 0 
8 25 337 76 0 
12 158 242 15 0 
6 53 202 80 0 
11 69 123 28 0 
2 193 123 68 0 
4 97 64 119 6 
3 64 124 14 0 
2 22 137 147 0 
19 22 51 44 0 
7 108 147 13 0 
7 33 232 146 0 
16 58 270 35 0 
5 40 179 114 0 
3 64 122 45 0 
3 38 271 61 0 
20 25 327 18 0 
14 32 227 13 24 
18 31 152 62 18 
8 17 96 126 5 
7 36 78 31 0 
20 16 152 26 0 
6 45 158 92 9 
10 74 211 95 0 
9 52 159 21 12 
10 99 96 51 9 
2 179 215 79 0 
2 45 243 28 0 
4 43 206 52 4 
16 48 197 27 0 
3 56 188 78 0 
17 124 112 84 8 
22 90 248 24 7 
15 110 133 102 0 
0 32 270 169 24 
3 74 184 154 6 
5 35 259 117 0 
6 72 129 114 0 
11 41 53 62 1 
9 68 158 22 0 
36 44 124 40 0 
0 196 145 86 2 
19 46 152 17 3 
3 103 133 89 0 
14 55 328 120 0 
1 27 125 75 0 
13 99 173 41 0 
3 163 224 59 3 
13 138 223 57 0 
23 66 142 94 3 
18 63 295 61 0 
15 111 107 123 10 
12 88 211 41 1 
0 23 230 50 0 
2 82 115 140 0 
2 94 139 71 0 
13 29 163 64 0 
7 93 184 38 67 
11 29 226 151 0 
15 38 118 48 0 
1 80 162 34 0 
12 132 89 59 0 
15 41 244 41 7 
1 64 216 68 22 
0 64 261 81 0 
13 117 103 68 7 
11 29 138 37 9 
31 96 103 73 1 
5 53 201 101 0 
15 127 133 96 39 
5 165 84 97 0 
8 123 221 144 0 
9 72 151 12 0 
8 101 148 50 0 
5 135 115 72 0 
1 22 203 175 0 
2 42 132 80 0 
4 35 238 39 0 
15 59 186 51 1 
3 79 235 61 6 
12 40 107 17 8 
0 35 98 108 2 
8 67 104 81 0 
4 107 110 72 0 
22 48 138 28 1 
9 32 155 147 0 
4 69 229 39 0 
2 72 164 109 0 
7 49 224 53 0 
14 28 132 123 0 
19 18 376 128 0 
4 43 193 117 0 
10 61 269 193 30 
0 22 140 37 22 
4 105 137 58 0 
56 41 99 42 0 
3 115 164 58 0 
6 52 105 67 0 
3 32 128 188 0 
4 94 264 51 0 
3 64 234 92 0 
10 92 219 37 1 
23 24 143 68 4 
12 65 74 22 0 
7 27 127 66 2 
6 149 298 39 9 
7 104 165 25 0 
5 29 235 39 111 
5 72 170 41 0 
10 40 354 128 0 
11 35 238 68 0 
0 68 250 52 0 
32 4 98 49 0 
24 87 125 36 3 
4 46 92 85 0 
8 52 121 58 0 
31 39 213 22 8 
4 93 228 90 2 
2 72 161 72 0 
5 30 123 75 0 
20 71 203 16 15 
1 28 176 31 8 
4 247 107 11 0 
5 55 126 103 5 
2 22 430 114 0 
11 86 101 42 0 
0 50 193 53 2 
20 18 135 195 0 
1 107 100 101 0 
0 103 116 48 7 
13 64 239 53 2 
5 65 160 215 0 
10 42 132 106 0 
1 129 327 42 0 
5 39 37 134 0 
8 24 231 69 0 
5 36 87 24 8 
18 13 266 80 0 
2 246 167 43 0 
8 97 187 166 0 
9 39 176 114 2 
0 89 273 38 23 
10 73 186 120 0 
7 160 210 81 0 
3 205 223 9 14 
13 83 148 26 9 
10 105 203 84 0 
5 106 102 52 0 
0 90 173 76 0 
4 58 253 38 0 
5 58 193 104 0 
7 22 233 67 23 
9 66 176 119 0 
0 85 199 71 13 
13 54 170 70 0 
0 141 79 52 0 
2 73 225 45 3 
13 84 315 28 0 
15 40 152 11 0 
9 69 197 131 0 
0 45 174 78 0 
11 215 270 109 0 
6 69 241 67 0 
3 136 104 77 46 
17 81 169 33 21 
6 13 256 70 0 
0 20 241 163 15 
1 25 189 89 5 
8 67 98 165 0 
16 53 66 89 0 
8 83 158 54 0 
0 140 138 48 0 
4 60 230 6 0 
32 43 182 91 0 
9 101 193 116 0 
10 78 190 58 0 
8 37 144 51 1 
8 26 93 158 1 
22 112 172 79 0 
18 50 128 20 0 
1 75 110 146 35 
2 71 241 110 5 
18 57 166 80 0 
4 30 369 95 11 
7 74 199 70 0 
0 81 209 63 4 
1 62 158 80 0 
5 32 191 32 19 
7 80 182 88 1 
10 55 152 92 2 
11 67 120 61 1 
1 22 229 19 1 
3 48 263 128 0 
17 30 167 122 50 
2 32 263 81 0 
25 79 214 32 0 
9 90 286 58 37 
5 130 81 50 15 
17 72 175 46 0 
0 70 242 99 0 
24 126 203 88 5 
0 22 187 5 0 
0 95 165 108 11 
1 89 127 60 9 
0 156 185 31 0 
1 28 55 111 1 
0 31 271 87 9 
14 47 139 29 0 
18 45 102 54 3 
9 139 158 55 16 
1 52 111 87 2 
15 48 140 150 10 
4 104 232 25 0 
1 56 121 141 2 
4 37 193 49 5 
22 40 177 60 0 
8 102 135 59 0 
13 110 220 10 11 
16 10 198 95 0 
4 29 78 114 0 
7 101 154 68 0 
3 61 104 59 0 
15 68 73 4 0 
13 71 146 24 0 
6 88 184 32 7 
2 26 196 52 0 
28 94 147 81 0 
2 66 118 71 0 
6 75 147 168 2 
5 45 130 119 0 
20 36 148 54 0 
40 32 113 37 21 
4 86 81 67 0 
0 92 112 34 0 
11 48 139 16 0 
2 112 158 53 0 
24 66 164 51 0 
7 92 130 36 0 
35 43 151 151 0 
6 55 205 1 0 
6 63 147 50 0 
12 137 115 52 0 
19 68 153 73 5 
10 124 264 18 0 
1 117 240 22 22 
1 126 208 54 0 
10 55 248 73 0 
5 39 98 47 3 
43 60 112 13 0 
13 33 191 117 0 
4 130 147 78 0 
13 50 94 20 0 
1 23 163 145 36 
2 24 270 27 0 
1 36 125 30 0 
15 41 143 91 0 
1 29 249 29 0 
9 102 90 41 0 
2 42 104 106 0 
16 26 232 131 0 
5 66 129 21 0 
2 50 232 123 6 
32 43 221 42 0 
0 98 117 69 0 
4 48 218 87 7 
18 59 173 64 0 
4 74 143 107 0 
20 151 140 107 0 
2 76 232 84 0 
22 102 193 31 0 
18 107 210 119 18 
30 15 127 49 3 
0 45 162 49 1 
8 63 187 67 13 
0 88 136 72 3 
2 52 131 105 4 
2 95 121 89 0 
0 47 161 70 0 
0 36 144 108 1 
2 86 161 14 1 
10 130 84 58 7 
34 78 128 30 5 
6 35 177 43 70 
2 69 246 88 0 
5 29 90 71 0 
21 73 287 47 0 
2 86 202 78 19 
2 74 155 26 3 
16 42 140 66 0 
25 37 78 72 1 
9 63 108 91 0 
0 45 158 144 0 
5 96 175 37 0 
13 60 187 53 0 
1 53 172 65 1 
7 78 175 84 29 
6 87 71 44 5 
2 110 182 61 1 
10 40 116 121 0 
18 36 172 74 4 
17 45 118 45 0 
4 28 218 75 4 
13 247 255 7 0 
29 43 219 122 0 
13 89 99 43 0 
10 17 139 4 0 
9 136 377 10 0 
1 41 88 87 0 
2 74 289 21 0 
1 19 313 70 0 
10 41 208 24 0 
2 14 214 51 25 
13 42 237 24 0 
6 129 173 64 58 
13 32 161 2 1 
5 13 94 30 0 
23 44 123 99 7 
13 98 165 72 0 
12 69 147 12 0 
10 112 125 47 1 
11 78 106 41 4 
19 29 63 51 0 
4 86 203 37 0 
4 72 106 78 0 
6 63 144 77 0 
2 20 90 58 0 
0 86 239 28 0 
2 96 275 115 10 
29 90 134 150 7 
6 50 288 100 1 
17 99 168 98 0 
3 46 249 80 0 
1 57 247 49 0 
34 64 220 50 0 
1 36 182 117 0 
9 105 110 79 0 
5 79 123 75 2 
8 54 242 43 28 
3 88 191 12 1 
0 11 83 375 51 
10 32 216 90 0 
1 22 376 73 0 
3 45 170 5 0 
39 100 182 8 0 
12 49 185 118 0 
12 6 153 113 0 
1 40 294 48 0 
27 100 202 106 0 
13 69 169 100 0 
1 51 233 84 0 
6 142 397 22 2 
0 102 190 54 0 
12 96 225 60 0 
2 82 142 139 0 
5 78 213 62 0 
15 100 181 129 0 
23 145 265 28 0 
11 60 85 87 0 
7 55 163 97 0 
0 51 59 162 0 
9 21 229 78 0 
13 43 142 53 0 
3 50 89 107 3 
23 97 123 21 0 
3 46 97 95 0 
27 85 88 76 0 
17 103 79 45 1 
9 69 150 92 0 
4 24 119 111 26 
2 128 199 13 0 
3 30 232 141 0 
0 50 138 96 0 
12 69 210 93 30 
1 36 171 180 53 
3 108 284 49 0 
18 60 168 45 0 
10 70 35 86 0 
16 88 185 15 0 
0 62 92 31 0 
30 25 165 36 8 
4 72 468 97 0 
3 45 120 13 1 
3 142 108 53 0 
11 104 155 9 0 
0 80 123 90 59 
1 75 68 180 1 
9 54 229 124 0 
32 11 191 66 0 
9 16 208 29 5 
1 6 229 124 1 
5 101 173 100 0 
20 136 124 29 3 
10 36 148 47 0 
3 94 161 30 0 
0 30 110 78 17 
3 32 77 33 0 
7 73 84 47 0 
26 77 215 23 0 
18 106 241 36 1 
23 62 153 33 4 
7 88 287 1 0 
6 47 86 165 0 
15 92 146 68 0 
8 45 116 55 6 
12 17 86 105 0 
5 24 98 50 5 
0 71 165 50 0 
1 13 393 125 0 
3 49 202 131 0 
18 108 66 74 0 
4 15 192 66 0 
0 36 179 99 7 
8 86 190 67 0 
2 37 176 206 1 
22 69 277 45 0 
0 105 205 63 0 
6 25 145 41 1 
10 63 266 60 0 
6 86 267 71 0 
29 72 242 109 0 
31 30 251 71 6 
12 160 308 43 1 
0 55 178 74 10 
37 207 142 25 0 
2 29 358 24 11 
1 170 185 79 0 
17 76 199 23 0 
16 78 182 32 67 
11 150 213 18 0 
18 65 241 80 3 
0 86 193 82 3 
18 42 216 60 0 
1 3 167 50 12 
5 41 235 170 1 
8 42 59 112 0 
35 31 105 306 0 
0 100 137 47 0 
7 62 197 51 0 
0 4 323 30 0 
12 36 270 80 0 
11 71 273 69 0 
3 70 225 19 0 
8 27 204 117 0 
3 98 123 63 0 
11 66 106 35 0 
30 94 239 45 0 
5 25 139 203 0 
9 82 255 181 6 
7 82 92 70 0 
8 20 162 42 0 
4 39 152 146 0 
1 29 155 119 8 
0 31 169 61 3 
5 73 121 16 0 
8 64 238 102 0 
7 45 255 98 0 
13 102 143 10 1 
33 53 86 27 0 
8 63 211 79 1 
6 206 173 64 0 
4 8 210 189 0 
35 57 114 51 0 
0 104 149 21 6 
3 102 194 45 0 
3 53 260 165 0 
3 113 111 170 0 
9 51 237 23 1 
0 111 132 64 13 
7 32 210 105 1 
15 40 44 28 0 
1 77 211 87 0 
6 64 115 82 0 
2 36 97 141 1 
4 53 165 170 0 
11 127 335 39 1 
13 135 184 50 3 
9 43 129 16 0 
2 25 198 157 0 
9 81 290 65 0 
5 79 169 38 0 
4 126 101 37 38 
10 37 207 23 13 
7 163 162 103 0 
3 33 135 94 0 
17 50 273 20 0 
3 73 98 107 1 
4 52 81 38 0 
0 48 274 82 14 
4 66 179 65 21 
7 116 84 52 0 
2 33 366 97 1 
2 77 147 185 29 
80 54 167 145 0 
3 85 299 55 0 
13 56 128 33 3 
35 117 160 33 5 
2 209 137 100 0 
0 85 90 41 17 
0 47 187 72 0 
4 74 327 24 5 
13 59 80 52 0 
59 59 82 45 1 
4 80 165 72 0 
15 83 171 50 0 
4 98 135 48 0 
7 53 210 68 0 
8 53 121 170 0 
3 26 249 38 1 
5 70 103 90 0 
2 151 148 71 0 
2 79 118 63 8 
7 15 237 51 0 
14 79 205 115 50 
1 41 323 83 1 
8 107 240 73 1 
10 72 163 158 0 
23 91 194 12 0 
15 119 128 83 0 
39 73 143 56 0 
1 75 107 116 2 
3 23 296 110 6 
15 82 117 101 1 
1 72 95 25 7 
34 25 199 71 0 
1 131 186 40 0 
4 92 90 17 0 
5 73 215 68 0 
6 106 141 54 5 
20 43 89 59 0 
10 51 224 59 0 
1 46 156 17 0 
1 67 346 51 0 
54 46 179 52 0 
11 43 229 13 0 
2 68 109 99 1 
2 23 159 130 1 
4 97 198 40 4 
6 69 252 15 0 
29 61 116 57 0 
14 96 165 75 0 
9 67 107 27 1 
0 72 279 183 0 
9 9 162 184 0 
7 110 185 67 21 
14 62 217 57 0 
18 67 249 11 0 
5 34 109 56 32 
2 88 141 59 0 
14 120 251 19 0 
14 31 178 49 29 
3 99 163 98 1 
3 140 88 70 0 
5 73 114 59 0 
5 91 216 114 0 
12 63 152 70 42 
6 94 123 68 0 
28 85 160 14 0 
4 79 62 35 0 
10 64 225 103 0 
4 47 148 44 0 
4 69 363 64 0 
3 50 120 24 0 
28 58 160 73 0 
1 63 242 31 0 
6 83 238 211 0 
7 44 211 78 0 
15 109 155 51 8 
8 101 170 54 2 
10 25 88 130 32 
2 67 147 114 0 
3 76 106 24 11 
4 101 205 27 0 
9 42 328 59 0 
17 93 57 61 3 
3 62 140 152 0 
1 70 81 86 17 
0 62 139 139 0 
6 47 45 48 6 
0 45 177 22 0 
4 39 247 57 0 
10 37 155 171 0 
67 36 117 58 0 
19 116 188 113 0 
9 53 142 37 0 
1 55 112 96 0 
14 59 64 147 0 
7 113 216 58 0 
7 52 109 72 0 
1 76 96 171 0 
10 95 149 85 0 
15 35 197 68 1 
4 131 151 55 1 
1 86 187 71 0 
6 105 162 40 0 
2 78 181 85 1 
24 158 101 10 0 
9 40 347 60 0 
17 60 88 82 1 
2 145 161 22 0 
0 38 178 106 17 
2 28 108 53 36 
1 47 106 127 0 
2 86 129 45 0 
37 82 124 116 0 
16 94 120 45 0 
36 98 132 110 0 
7 46 211 29 0 
4 44 234 83 0 
15 132 171 52 9 
3 42 68 42 14 
6 88 222 19 0 
2 57 149 55 0 
1 78 247 109 20 
4 73 181 55 0 
18 186 175 20 0 
38 76 183 42 13 
12 18 266 101 0 
7 86 238 11 0 
13 33 187 20 0 
7 63 192 47 15 
0 75 217 73 0 
14 163 149 36 11 
4 32 181 209 7 
7 39 262 46 0 
1 50 182 49 0 
1 35 153 43 1 
2 53 55 87 0 
