656 186 158 
665 189 146 
534 242 224 
627 194 179 
684 166 150 
544 173 283 
586 221 193 
682 195 123 
715 199 86 
651 212 137 
659 200 141 
516 235 249 
581 171 248 
585 197 218 
672 217 111 
725 170 105 
695 148 157 
604 205 191 
640 190 170 
692 205 103 
650 216 134 
571 235 194 
639 210 151 
586 296 118 
674 194 132 
675 161 164 
688 159 153 
688 165 147 
567 173 260 
619 188 193 
636 198 166 
561 226 213 
658 189 153 
638 182 180 
680 198 122 
651 226 123 
695 219 86 
608 236 156 
642 164 194 
505 208 287 
613 198 189 
583 220 197 
558 181 261 
606 195 199 
653 231 116 
682 187 131 
582 193 225 
586 201 213 
650 185 165 
579 322 99 
539 225 236 
512 243 245 
666 181 153 
647 223 130 
633 159 208 
665 198 137 
615 186 199 
677 185 138 
695 168 137 
637 208 155 
491 256 253 
636 226 138 
594 208 198 
636 214 150 
686 196 118 
648 211 141 
485 219 296 
644 182 174 
534 132 334 
664 198 138 
616 213 171 
607 144 249 
593 252 155 
644 176 180 
584 271 145 
642 203 155 
589 220 191 
620 234 146 
572 199 229 
549 231 220 
637 230 133 
657 197 146 
646 198 156 
544 214 242 
651 247 102 
710 161 129 
636 241 123 
669 201 130 
753 157 90 
568 238 194 
684 207 109 
692 204 104 
627 233 140 
593 224 183 
611 206 183 
727 212 61 
722 140 138 
585 190 225 
686 211 103 
620 220 160 
582 217 201 
658 165 177 
528 257 215 
674 228 98 
633 217 150 
649 208 143 
573 268 159 
646 212 142 
636 200 164 
537 124 339 
686 133 181 
695 119 186 
622 232 146 
623 185 192 
634 211 155 
598 213 189 
601 200 199 
570 198 232 
625 202 173 
693 212 95 
672 185 143 
625 236 139 
619 235 146 
695 189 116 
606 225 169 
586 236 178 
661 178 161 
615 215 170 
723 183 94 
578 232 190 
700 203 97 
646 230 124 
676 195 129 
698 239 63 
692 144 164 
659 213 128 
600 243 157 
646 201 153 
523 189 288 
647 205 148 
536 272 192 
576 204 220 
586 272 142 
591 202 207 
615 179 206 
571 231 198 
698 165 137 
569 243 188 
606 205 189 
587 248 165 
584 220 196 
599 267 134 
715 205 80 
602 208 190 
584 211 205 
473 161 366 
601 180 219 
479 273 248 
563 244 193 
517 257 226 
681 202 117 
687 207 106 
684 156 160 
597 227 176 
692 205 103 
614 210 176 
620 135 245 
524 195 281 
698 186 116 
642 203 155 
575 225 200 
626 221 153 
706 184 110 
691 209 100 
570 190 240 
563 158 279 
644 233 123 
675 193 132 
687 193 120 
598 234 168 
599 171 230 
572 221 207 
629 177 194 
586 170 244 
519 269 212 
539 200 261 
549 240 211 
615 200 185 
726 199 75 
563 228 209 
619 186 195 
574 188 238 
614 195 191 
554 215 231 
681 210 109 
647 191 162 
596 181 223 
592 260 148 
581 180 239 
590 206 204 
648 229 123 
551 201 248 
646 215 139 
626 208 166 
623 258 119 
657 199 144 
494 243 263 
716 169 115 
615 213 172 
641 211 148 
636 196 168 
681 197 122 
680 220 100 
640 235 125 
638 252 110 
572 252 176 
607 179 214 
633 244 123 
631 214 155 
675 203 122 
631 185 184 
615 268 117 
561 304 135 
648 201 151 
559 260 181 
561 224 215 
620 148 232 
728 164 108 
596 252 152 
573 176 251 
629 248 123 
539 213 248 
610 234 156 
573 260 167 
654 215 131 
664 185 151 
656 225 119 
653 209 138 
580 212 208 
597 199 204 
610 193 197 
517 206 277 
590 179 231 
603 260 137 
632 175 193 
643 216 141 
684 145 171 
675 183 142 
674 217 109 
609 201 190 
633 195 172 
667 190 143 
613 193 194 
627 219 154 
598 180 222 
657 202 141 
619 203 178 
644 216 140 
694 138 168 
682 204 114 
634 215 151 
474 195 331 
575 261 164 
486 313 201 
610 226 164 
624 199 177 
697 197 106 
706 192 102 
597 284 119 
662 219 119 
628 187 185 
645 207 148 
563 216 221 
634 213 153 
541 194 265 
592 194 214 
703 176 121 
734 188 78 
603 235 162 
587 206 207 
624 188 188 
568 216 216 
668 201 131 
656 203 141 
557 191 252 
583 199 218 
675 173 152 
582 214 204 
657 173 170 
605 247 148 
699 170 131 
699 156 145 
675 195 130 
620 213 167 
604 242 154 
624 209 167 
603 171 226 
662 172 166 
575 240 185 
770 161 69 
692 215 93 
583 168 249 
696 152 152 
573 194 233 
707 171 122 
599 171 230 
669 222 109 
566 185 249 
604 221 175 
618 204 178 
653 173 174 
654 171 175 
553 177 270 
571 161 268 
574 220 206 
608 229 163 
660 179 161 
611 233 156 
636 161 203 
560 228 212 
575 239 186 
618 212 170 
646 198 156 
562 217 221 
663 232 105 
629 217 154 
659 226 115 
549 166 285 
519 235 246 
605 179 216 
715 173 112 
615 214 171 
680 178 142 
568 204 228 
721 142 137 
588 209 203 
510 246 244 
671 231 98 
650 185 165 
675 220 105 
544 230 226 
731 153 116 
602 186 212 
609 219 172 
618 215 167 
697 187 116 
629 197 174 
575 226 199 
657 196 147 
587 187 226 
621 203 176 
675 143 182 
596 200 204 
628 224 148 
618 190 192 
680 198 122 
598 159 243 
610 170 220 
584 256 160 
640 190 170 
717 168 115 
621 171 208 
672 167 161 
671 191 138 
585 167 248 
609 248 143 
696 215 89 
604 186 210 
581 201 218 
698 162 140 
646 188 166 
646 180 174 
615 178 207 
543 193 264 
632 173 195 
662 227 111 
563 243 194 
596 261 143 
698 199 103 
562 286 152 
667 218 115 
637 229 134 
695 176 129 
626 161 213 
607 243 150 
626 234 140 
671 220 109 
573 175 252 
641 169 190 
675 230 95 
651 252 97 
497 154 349 
593 239 168 
568 226 206 
593 184 223 
580 210 210 
598 233 169 
699 170 131 
657 214 129 
636 198 166 
623 184 193 
618 189 193 
604 201 195 
636 165 199 
663 192 145 
696 182 122 
507 217 276 
614 231 155 
672 185 143 
626 156 218 
646 189 165 
567 197 236 
484 254 262 
607 226 167 
616 189 195 
674 165 161 
723 178 99 
630 198 172 
598 178 224 
642 211 147 
586 214 200 
634 278 88 
643 181 176 
633 172 195 
672 232 96 
616 193 191 
687 172 141 
595 175 230 
708 180 112 
579 268 153 
687 153 160 
656 218 126 
541 195 264 
620 224 156 
581 210 209 
558 243 199 
627 145 228 
589 231 180 
597 184 219 
631 185 184 
625 199 176 
634 205 161 
599 250 151 
664 193 143 
628 213 159 
636 228 136 
642 226 132 
582 231 187 
660 215 125 
622 193 185 
682 118 200 
611 217 172 
653 188 159 
658 215 127 
651 178 171 
587 209 204 
683 207 110 
518 305 177 
692 228 80 
502 282 216 
656 197 147 
607 248 145 
529 227 244 
616 161 223 
573 221 206 
597 216 187 
619 238 143 
640 160 200 
556 237 207 
549 233 218 
631 259 110 
608 262 130 
612 201 187 
582 240 178 
571 229 200 
675 174 151 
614 292 94 
628 243 129 
671 178 151 
616 158 226 
556 216 228 
630 277 93 
569 281 150 
660 258 82 
586 206 208 
576 243 181 
587 199 214 
638 219 143 
591 165 244 
629 252 119 
574 247 179 
712 192 96 
712 203 85 
601 190 209 
628 216 156 
587 218 195 
690 183 127 
669 169 162 
628 189 183 
620 184 196 
599 239 162 
620 221 159 
620 170 210 
546 215 239 
531 175 294 
632 191 177 
691 146 163 
575 157 268 
586 231 183 
686 206 108 
634 236 130 
594 205 201 
644 222 134 
599 178 223 
641 151 208 
585 233 182 
635 247 118 
520 242 238 
680 188 132 
638 244 118 
560 217 223 
506 179 315 
617 221 162 
616 246 138 
641 243 116 
696 175 129 
596 189 215 
607 237 156 
637 184 179 
579 220 201 
642 238 120 
583 249 168 
643 183 174 
638 166 196 
613 229 158 
627 226 147 
605 211 184 
649 211 140 
619 289 92 
597 213 190 
656 214 130 
664 209 127 
651 199 150 
697 181 122 
649 200 151 
670 180 150 
653 169 178 
684 231 85 
616 220 164 
614 206 180 
560 260 180 
642 194 164 
685 176 139 
623 208 169 
576 254 170 
648 205 147 
541 236 223 
689 230 81 
582 196 222 
638 249 113 
628 192 180 
666 218 116 
697 229 74 
606 237 157 
654 212 134 
631 189 180 
657 225 118 
687 193 120 
681 199 120 
593 198 209 
639 202 159 
576 171 253 
690 201 109 
632 215 153 
643 225 132 
574 251 175 
698 186 116 
561 249 190 
638 202 160 
561 184 255 
582 188 230 
610 204 186 
502 197 301 
573 236 191 
540 162 298 
651 234 115 
620 178 202 
587 243 170 
629 247 124 
685 197 118 
698 170 132 
634 202 164 
608 191 201 
625 248 127 
623 222 155 
626 251 123 
659 190 151 
656 238 106 
589 189 222 
672 189 139 
652 224 124 
689 218 93 
581 175 244 
645 220 135 
685 172 143 
580 194 226 
643 163 194 
557 178 265 
567 141 292 
608 185 207 
652 196 152 
597 209 194 
584 197 219 
488 203 309 
604 226 170 
515 249 236 
642 193 165 
561 232 207 
568 150 282 
670 141 189 
585 204 211 
584 224 192 
490 242 268 
516 203 281 
581 261 158 
713 210 77 
561 253 186 
633 253 114 
664 183 153 
651 224 125 
624 194 182 
600 169 231 
698 181 121 
648 149 203 
631 207 162 
639 229 132 
655 216 129 
619 234 147 
555 253 192 
602 205 193 
634 181 185 
681 210 109 
618 249 133 
577 246 177 
623 200 177 
515 258 227 
526 187 287 
698 134 168 
592 254 154 
595 249 156 
652 228 120 
645 182 173 
656 198 146 
678 217 105 
656 181 163 
699 184 117 
618 174 208 
712 181 107 
622 269 109 
546 246 208 
693 208 99 
560 176 264 
614 225 161 
616 237 147 
578 233 189 
572 213 215 
640 206 154 
525 125 350 
675 202 123 
602 199 199 
588 220 192 
608 221 171 
575 272 153 
644 209 147 
529 247 224 
621 189 190 
624 214 162 
599 215 186 
675 161 164 
610 224 166 
630 236 134 
658 211 131 
593 215 192 
627 232 141 
580 228 192 
631 192 177 
570 206 224 
562 152 286 
544 225 231 
605 167 228 
595 186 219 
688 175 137 
706 180 114 
555 268 177 
685 224 91 
638 184 178 
656 167 177 
583 176 241 
583 196 221 
663 219 118 
644 159 197 
653 199 148 
643 219 138 
655 142 203 
591 165 244 
640 219 141 
694 210 96 
523 216 261 
580 245 175 
660 167 173 
679 201 120 
626 192 182 
659 142 199 
639 154 207 
639 214 147 
654 217 129 
569 225 206 
658 183 159 
646 226 128 
663 158 179 
699 208 93 
581 242 177 
609 269 122 
634 217 149 
663 203 134 
656 189 155 
633 219 148 
595 170 235 
607 181 212 
670 188 142 
600 233 167 
609 206 185 
686 147 167 
627 247 126 
551 241 208 
673 195 132 
437 238 325 
556 221 223 
614 178 208 
657 167 176 
672 194 134 
551 197 252 
543 233 224 
619 204 177 
698 207 95 
606 240 154 
623 190 187 
659 205 136 
625 223 152 
701 178 121 
628 236 136 
681 246 73 
616 220 164 
573 197 230 
577 226 197 
537 190 273 
586 218 196 
536 148 316 
657 225 118 
659 179 162 
635 188 177 
609 219 172 
598 185 217 
655 218 127 
630 198 172 
713 142 145 
626 195 179 
562 196 242 
494 172 334 
644 274 82 
581 210 209 
588 202 210 
596 210 194 
618 211 171 
608 146 246 
553 193 254 
618 181 201 
495 234 271 
608 197 195 
631 244 125 
626 173 201 
651 230 119 
630 145 225 
662 195 143 
579 278 143 
626 231 143 
588 252 160 
619 240 141 
606 189 205 
545 198 257 
680 242 78 
575 191 234 
650 169 181 
653 198 149 
615 197 188 
647 177 176 
636 208 156 
583 219 198 
645 239 116 
558 209 233 
605 195 200 
611 188 201 
646 194 160 
607 217 176 
656 220 124 
635 214 151 
579 202 219 
568 209 223 
681 194 125 
591 183 226 
717 190 93 
548 249 203 
658 202 140 
752 177 71 
580 223 197 
620 186 194 
640 199 161 
670 223 107 
586 227 187 
582 172 246 
716 139 145 
574 220 206 
705 218 77 
542 208 250 
537 181 282 
581 192 227 
597 251 152 
696 229 75 
709 150 141 
560 181 259 
712 142 146 
683 199 118 
674 214 112 
577 248 175 
639 194 167 
600 258 142 
584 176 240 
706 168 126 
632 226 142 
615 148 237 
634 221 145 
639 158 203 
617 197 186 
650 175 175 
536 199 265 
637 253 110 
646 218 136 
637 201 162 
633 197 170 
680 198 122 
627 200 173 
711 145 144 
711 207 82 
589 173 238 
578 210 212 
633 241 126 
579 239 182 
556 186 258 
658 208 134 
651 207 142 
569 250 181 
498 197 305 
611 227 162 
660 160 180 
647 197 156 
657 153 190 
632 233 135 
631 216 153 
624 226 150 
643 200 157 
531 144 325 
625 222 153 
569 204 227 
596 111 293 
697 203 100 
582 244 174 
650 206 144 
680 164 156 
559 229 212 
597 226 177 
748 177 75 
737 172 91 
523 256 221 
555 214 231 
618 231 151 
530 202 268 
619 214 167 
659 206 135 
628 235 137 
581 228 191 
619 190 191 
615 243 142 
617 271 112 
594 216 190 
661 195 144 
601 221 178 
632 197 171 
652 230 118 
667 195 138 
669 194 137 
620 192 188 
686 192 122 
732 181 87 
657 215 128 
583 147 270 
650 183 167 
618 233 149 
688 207 105 
566 203 231 
472 236 292 
544 199 257 
551 211 238 
712 174 114 
640 181 179 
745 143 112 
652 211 137 
687 150 163 
529 131 340 
707 183 110 
530 204 266 
623 248 129 
571 234 195 
566 218 216 
649 160 191 
546 182 272 
749 186 65 
527 213 260 
560 242 198 
557 248 195 
609 227 164 
557 229 214 
640 194 166 
642 217 141 
628 158 214 
573 181 246 
632 218 150 
561 234 205 
620 218 162 
599 183 218 
550 215 235 
608 238 154 
651 194 155 
694 162 144 
634 204 162 
711 157 132 
536 233 231 
616 173 211 
707 195 98 
620 220 160 
645 208 147 
687 185 128 
621 191 188 
680 161 159 
626 232 142 
642 210 148 
624 237 139 
576 288 136 
564 241 195 
649 194 157 
595 198 207 
550 236 214 
605 215 180 
593 166 241 
570 168 262 
612 206 182 
672 184 144 
553 232 215 
690 227 83 
563 271 166 
655 210 135 
597 149 254 
717 178 105 
606 200 194 
513 236 251 
648 206 146 
610 194 196 
665 208 127 
577 196 227 
641 187 172 
660 221 119 
631 155 214 
627 162 211 
580 255 165 
621 199 180 
583 192 225 
696 208 96 
672 223 105 
618 216 166 
628 210 162 
631 171 198 
553 174 273 
631 168 201 
566 255 179 
533 183 284 
594 217 189 
508 231 261 
581 183 236 
529 267 204 
723 154 123 
640 217 143 
