189 294 24 0 0 
34 205 55 3 0 
121 203 7 18 0 
88 153 33 23 0 
240 177 98 0 0 
125 111 41 7 0 
185 227 97 0 0 
121 248 53 17 0 
159 214 38 0 0 
200 201 76 6 0 
135 212 5 0 0 
128 178 51 0 0 
224 168 83 0 0 
117 156 21 14 0 
104 226 126 0 0 
152 242 37 0 0 
97 218 29 0 0 
52 231 18 0 0 
80 208 15 0 0 
50 217 161 0 0 
201 294 10 1 0 
198 264 15 0 0 
112 155 144 0 0 
128 182 32 0 0 
155 240 12 0 0 
188 256 69 0 0 
208 162 46 0 0 
53 174 63 0 0 
171 272 27 0 0 
96 259 20 0 0 
97 220 108 15 0 
134 190 43 0 0 
45 289 51 25 0 
48 289 96 0 0 
142 129 19 25 0 
94 402 12 0 0 
158 135 27 7 0 
196 266 79 1 0 
119 180 73 4 0 
88 195 96 0 0 
78 251 96 0 0 
120 172 29 0 0 
150 224 83 4 0 
157 210 23 1 0 
137 262 91 0 0 
135 228 39 0 0 
113 223 82 0 0 
53 261 41 0 0 
78 290 76 31 0 
157 150 84 0 0 
47 382 2 0 0 
40 226 21 12 0 
55 250 94 0 0 
229 118 0 0 0 
194 199 37 0 0 
223 205 132 0 0 
118 163 100 0 0 
141 242 48 0 0 
57 157 45 0 0 
129 255 14 0 0 
76 142 157 0 0 
99 212 95 0 0 
188 169 93 0 0 
95 230 75 51 0 
74 273 21 35 0 
86 361 77 0 0 
226 200 104 0 0 
113 99 63 0 0 
109 232 12 0 0 
204 272 63 0 0 
99 224 20 0 0 
201 162 32 1 0 
233 148 60 0 0 
166 279 68 0 0 
272 222 39 0 0 
134 145 26 0 0 
149 249 33 0 0 
87 165 96 39 0 
105 293 22 0 0 
332 87 128 0 0 
150 184 78 0 0 
63 215 15 6 0 
195 222 19 0 0 
302 333 63 0 0 
125 219 55 0 0 
176 281 66 0 0 
57 255 67 0 0 
34 353 37 16 0 
161 287 14 0 0 
153 120 117 0 0 
58 189 65 0 0 
133 194 44 0 0 
131 117 96 0 0 
98 171 40 1 0 
104 223 42 0 0 
58 235 66 2 0 
309 149 47 0 0 
126 301 37 0 0 
71 236 39 0 0 
116 213 28 1 0 
126 150 41 6 0 
102 170 46 0 0 
51 238 11 0 0 
128 236 55 0 0 
193 179 60 12 0 
79 158 19 0 0 
164 141 57 0 0 
72 206 53 0 0 
42 194 115 0 0 
74 250 93 0 0 
195 172 133 0 0 
122 334 4 0 0 
53 170 29 0 0 
140 330 76 9 0 
126 299 21 22 0 
87 194 25 0 0 
192 249 2 0 0 
100 259 58 22 0 
175 234 27 0 0 
32 295 77 1 0 
146 140 111 0 0 
137 260 72 0 0 
105 191 82 0 0 
142 442 28 0 0 
95 224 68 0 0 
146 181 67 0 0 
181 153 60 9 0 
146 212 52 2 0 
206 141 27 0 0 
205 151 45 1 0 
259 105 92 0 0 
229 214 45 0 0 
117 186 93 2 0 
167 183 157 1 0 
78 272 25 0 0 
96 270 55 0 0 
25 154 146 11 0 
57 283 77 0 0 
126 243 37 12 0 
116 245 19 0 0 
98 343 109 0 0 
57 310 16 0 0 
111 182 56 1 0 
231 163 125 0 0 
67 203 62 0 0 
232 240 97 7 0 
204 218 27 0 0 
71 211 164 0 0 
113 228 64 0 0 
173 178 92 0 0 
75 356 19 15 0 
158 176 55 0 0 
78 148 90 0 0 
265 112 1 0 0 
59 158 77 26 0 
168 286 31 0 0 
229 145 97 0 0 
84 338 80 0 0 
194 193 95 0 0 
98 146 81 1 0 
84 247 36 0 0 
195 175 39 0 0 
145 150 30 0 0 
142 277 19 0 0 
93 148 126 0 0 
84 78 109 0 0 
141 109 221 26 0 
109 139 45 0 0 
147 209 59 0 0 
87 278 8 0 0 
149 211 25 1 0 
167 127 51 0 0 
148 145 66 0 0 
103 324 23 1 0 
100 239 77 0 0 
109 108 34 0 0 
152 183 72 0 0 
175 177 79 0 0 
72 264 8 0 0 
158 230 57 0 0 
132 272 8 0 0 
112 45 89 0 0 
142 137 26 27 0 
201 219 25 0 0 
48 227 61 8 0 
62 185 59 0 0 
71 256 2 0 0 
202 274 8 0 0 
114 192 60 0 0 
151 214 43 0 0 
309 159 10 0 0 
132 194 63 0 0 
125 424 36 0 0 
248 264 17 0 0 
235 197 69 0 0 
114 113 0 0 0 
92 216 47 20 0 
174 253 39 0 0 
286 180 20 0 0 
100 260 26 0 0 
97 167 67 0 0 
143 204 55 0 0 
85 208 84 0 0 
99 188 52 0 0 
78 256 36 0 0 
83 217 57 0 0 
136 221 58 0 0 
110 229 119 0 0 
64 186 54 0 0 
75 273 42 0 0 
155 277 19 0 0 
218 102 24 0 0 
94 244 43 2 0 
136 232 60 0 0 
161 215 99 0 0 
168 172 6 0 0 
89 256 65 0 0 
103 217 45 0 0 
90 222 90 0 0 
142 162 101 0 0 
135 150 83 0 0 
94 218 29 0 0 
197 143 42 0 0 
108 306 89 0 0 
155 193 47 3 0 
67 251 35 1 0 
58 160 43 0 0 
187 194 73 0 0 
57 141 149 0 0 
33 227 153 1 0 
130 260 42 0 0 
76 312 26 14 0 
121 225 12 0 0 
202 191 20 3 0 
93 245 4 4 0 
111 205 97 0 0 
78 189 25 0 0 
135 262 15 0 0 
112 264 12 0 0 
87 150 52 0 0 
174 268 63 0 0 
154 146 64 17 0 
35 279 45 0 0 
149 165 93 0 0 
156 198 19 6 0 
148 328 25 0 0 
84 229 211 0 0 
136 97 32 0 0 
9 268 66 0 0 
78 184 13 0 0 
87 292 39 0 0 
108 305 52 0 0 
182 198 9 14 0 
73 305 39 0 0 
130 235 61 0 0 
176 242 10 0 0 
122 240 54 30 0 
78 178 135 0 0 
267 129 86 1 0 
127 78 54 0 0 
252 118 54 0 0 
277 150 12 23 0 
183 225 31 0 0 
83 178 149 0 0 
56 199 220 0 0 
217 181 25 0 0 
177 261 68 0 0 
60 142 31 0 0 
123 185 109 0 0 
192 138 18 0 0 
102 125 78 0 0 
271 79 55 0 0 
118 246 122 4 0 
168 283 14 23 0 
84 369 51 0 0 
125 267 44 3 0 
147 218 110 0 0 
178 129 51 7 0 
134 147 147 0 0 
119 353 18 0 0 
127 146 53 0 0 
99 302 133 0 0 
48 127 165 0 0 
51 182 98 0 0 
109 209 36 0 0 
206 258 70 14 0 
177 224 29 12 0 
129 127 57 0 0 
173 138 84 0 0 
48 345 8 0 0 
146 182 87 0 0 
102 354 11 5 0 
100 210 7 0 0 
189 197 27 0 0 
87 192 36 13 0 
123 331 59 0 0 
190 185 22 0 0 
138 161 58 0 0 
82 334 74 0 0 
111 146 20 3 0 
149 361 15 0 0 
134 206 46 0 0 
79 309 21 0 0 
64 207 89 0 0 
130 251 3 0 0 
89 248 67 0 0 
251 228 25 0 0 
121 257 29 23 0 
175 196 25 0 0 
123 212 49 0 0 
188 231 74 0 0 
174 176 103 0 0 
251 191 79 1 0 
220 242 37 0 0 
148 189 33 58 0 
98 241 66 0 0 
194 136 48 5 19 
233 166 17 0 0 
104 283 24 15 0 
94 174 25 0 0 
120 116 15 0 0 
135 334 73 0 0 
49 422 63 0 0 
129 237 33 28 0 
91 230 19 0 0 
218 160 34 0 0 
98 195 23 0 0 
176 113 185 0 0 
75 154 66 0 0 
243 172 40 1 0 
162 90 55 0 0 
202 94 41 0 0 
272 172 6 0 0 
277 139 8 0 0 
249 187 36 0 0 
58 183 114 0 0 
192 206 115 0 0 
37 293 24 10 0 
187 213 24 0 0 
126 152 128 1 0 
117 181 114 0 0 
131 235 10 0 0 
136 194 75 0 0 
111 123 132 0 0 
153 143 57 0 0 
141 251 69 19 0 
191 160 93 0 0 
146 181 35 0 0 
190 189 10 0 0 
105 271 122 0 0 
238 257 74 3 0 
69 152 75 1 0 
148 186 22 0 0 
102 182 151 0 0 
132 209 79 0 0 
41 209 40 0 0 
219 205 31 0 0 
199 141 21 12 0 
107 299 37 3 0 
127 233 55 3 0 
34 273 91 0 0 
63 160 123 0 0 
181 112 46 20 0 
128 82 110 3 0 
97 218 13 0 0 
89 208 46 0 0 
14 229 71 0 0 
22 349 23 0 0 
110 275 49 0 0 
36 355 70 0 0 
46 250 122 0 0 
96 153 38 0 0 
57 252 50 0 0 
132 129 80 0 0 
112 211 85 0 0 
79 151 93 0 0 
88 194 71 0 0 
102 180 51 0 0 
92 264 94 1 0 
74 206 164 27 0 
72 203 7 12 0 
79 87 60 0 0 
123 100 68 0 0 
121 222 51 0 0 
167 140 52 0 0 
144 155 47 0 0 
38 226 121 0 0 
80 171 115 0 0 
107 115 71 51 0 
93 282 73 0 0 
34 253 85 43 0 
69 173 117 0 0 
229 194 39 0 0 
150 126 11 0 0 
138 234 25 0 0 
61 258 56 0 0 
137 206 76 0 0 
118 250 76 0 0 
57 322 31 27 0 
166 164 162 29 0 
156 208 32 0 0 
102 265 102 0 0 
118 137 88 0 0 
150 187 70 2 0 
150 172 48 1 0 
120 185 34 0 0 
118 242 97 0 0 
99 333 75 0 0 
167 182 27 6 0 
147 141 42 0 0 
203 87 105 0 0 
111 278 12 1 0 
148 206 48 0 0 
260 140 46 11 0 
134 204 67 4 0 
122 286 32 4 0 
43 220 36 0 0 
139 228 46 0 0 
154 269 65 36 0 
78 261 61 11 0 
199 264 59 9 0 
76 188 71 0 0 
39 280 95 0 0 
157 226 27 0 0 
173 167 2 0 0 
168 141 35 0 0 
106 171 19 0 0 
158 101 118 0 0 
66 180 77 0 0 
135 135 71 0 0 
148 242 33 0 0 
87 91 183 1 0 
116 150 136 0 0 
204 116 70 0 0 
78 225 74 0 0 
183 180 80 0 0 
73 269 21 3 0 
87 190 60 8 0 
120 237 118 41 0 
259 354 18 0 0 
170 293 8 0 0 
130 259 21 0 0 
104 195 48 2 0 
160 270 51 0 0 
105 249 1 0 0 
73 268 57 1 0 
76 253 43 0 0 
198 258 18 0 0 
88 193 51 4 0 
158 179 25 0 0 
99 252 123 0 0 
108 183 37 0 0 
232 234 45 0 0 
211 210 36 0 0 
100 231 68 2 0 
132 178 40 0 0 
117 286 21 0 0 
227 216 58 0 0 
132 144 23 12 0 
333 195 25 0 0 
104 189 78 0 0 
258 148 5 0 0 
78 251 21 0 0 
111 237 24 0 0 
114 233 122 0 0 
180 112 87 0 0 
64 253 60 23 0 
26 311 50 0 0 
168 119 97 12 0 
177 136 34 0 0 
47 286 16 0 0 
88 147 45 0 0 
74 180 58 0 0 
146 301 34 0 0 
114 234 107 0 0 
87 204 32 0 0 
59 303 70 0 0 
65 273 72 5 0 
151 184 58 16 0 
68 214 58 0 0 
139 184 91 0 0 
254 225 36 0 0 
101 171 87 0 0 
159 176 143 0 0 
77 223 78 0 0 
198 122 45 0 0 
141 246 58 0 0 
97 361 60 0 0 
57 437 24 0 0 
46 216 77 2 0 
87 229 116 0 0 
237 198 3 0 0 
29 380 113 0 0 
3 292 75 7 0 
144 334 49 0 0 
182 274 16 0 0 
92 211 14 0 0 
79 380 54 0 0 
50 373 99 0 0 
212 168 36 0 0 
82 117 176 11 0 
63 106 30 8 0 
58 265 42 0 0 
89 169 87 0 0 
159 157 7 0 0 
82 329 27 0 0 
42 333 40 9 0 
216 319 0 0 0 
123 123 94 0 0 
144 191 26 0 0 
103 158 34 0 0 
105 245 46 0 0 
22 384 24 1 0 
112 210 64 12 0 
147 266 31 0 0 
97 285 39 18 0 
218 224 53 0 0 
110 206 57 0 0 
184 264 3 0 0 
76 197 51 0 0 
260 226 60 0 0 
41 245 107 0 0 
135 267 57 0 0 
37 309 88 0 0 
116 145 192 30 0 
234 358 39 0 0 
108 236 31 0 0 
135 192 37 2 0 
110 235 49 0 0 
107 285 57 0 0 
31 235 67 7 0 
65 192 100 0 0 
53 151 68 0 0 
251 121 41 0 0 
77 273 36 2 0 
140 261 22 1 0 
153 301 44 0 0 
83 309 101 0 0 
206 164 128 0 0 
178 227 6 0 0 
38 242 53 0 0 
46 235 56 0 0 
92 371 44 0 0 
166 168 73 0 0 
99 179 85 28 0 
63 327 76 0 0 
177 304 10 10 0 
89 162 41 0 0 
111 208 45 1 0 
134 240 22 0 0 
126 308 17 0 0 
152 186 113 0 0 
49 197 64 0 0 
130 133 57 0 0 
65 213 160 21 0 
91 295 82 0 0 
131 195 17 0 0 
164 222 27 0 0 
51 254 38 0 0 
100 192 5 0 0 
73 157 115 8 0 
111 184 153 0 0 
102 108 83 0 0 
136 318 41 0 0 
73 180 41 0 0 
127 214 23 0 0 
149 117 45 4 0 
240 275 14 0 0 
104 172 105 0 0 
49 453 65 0 0 
149 130 76 0 0 
135 304 82 0 0 
190 208 139 0 0 
58 338 35 0 0 
61 153 73 8 0 
132 189 146 0 0 
179 182 97 0 0 
92 177 105 0 0 
133 269 64 0 0 
213 217 88 3 0 
166 238 0 0 0 
10 286 47 0 0 
69 297 47 10 0 
85 401 21 0 0 
88 139 50 17 0 
75 300 13 0 0 
64 251 35 0 0 
194 179 10 4 0 
152 141 121 0 0 
207 102 33 40 0 
96 194 56 0 0 
148 122 93 0 0 
43 291 120 0 0 
68 250 115 43 0 
70 247 56 0 0 
120 173 61 0 0 
172 222 45 0 0 
151 195 20 0 0 
96 239 13 0 0 
182 315 31 0 0 
118 267 82 11 0 
32 201 52 8 0 
121 258 30 0 0 
129 212 51 0 0 
98 166 31 0 0 
61 310 72 0 0 
212 211 37 0 0 
135 215 126 2 0 
176 343 80 0 0 
148 134 93 0 0 
242 304 84 0 0 
159 209 20 0 0 
69 404 125 0 0 
146 238 27 1 0 
138 220 99 1 0 
72 197 38 22 0 
45 232 66 0 0 
117 216 42 1 0 
85 210 73 44 0 
202 227 25 0 0 
44 209 98 0 0 
104 280 116 0 0 
165 235 25 4 0 
202 146 60 0 0 
225 206 83 9 0 
48 258 90 0 0 
187 280 26 0 0 
252 179 81 0 0 
238 130 73 0 0 
158 166 70 0 0 
127 186 43 0 0 
153 57 62 0 0 
111 198 106 0 0 
74 166 14 0 0 
151 275 68 0 0 
113 180 118 9 0 
181 195 64 2 0 
134 321 59 0 0 
161 248 43 0 0 
82 149 102 0 0 
86 360 76 0 0 
169 279 25 0 0 
149 178 61 7 0 
136 267 95 0 0 
52 402 24 0 0 
23 350 88 0 0 
231 320 0 0 0 
305 261 74 18 0 
54 349 51 12 0 
251 227 10 0 0 
178 166 24 27 0 
77 185 26 0 0 
176 184 30 0 0 
110 321 150 0 0 
111 158 44 4 0 
80 141 16 0 0 
179 160 106 0 0 
147 224 99 10 0 
138 179 116 0 0 
28 162 23 0 0 
108 119 146 0 0 
125 226 44 0 0 
172 207 48 0 0 
19 266 115 0 0 
115 179 54 0 0 
55 327 69 0 0 
96 219 11 0 0 
58 181 64 0 0 
86 197 99 0 0 
189 218 62 0 0 
188 208 15 0 0 
141 236 58 0 0 
106 301 85 0 0 
114 248 22 0 0 
83 304 33 18 0 
225 280 37 0 0 
127 291 37 0 0 
48 218 33 0 0 
36 248 93 0 0 
161 199 26 0 0 
45 315 33 0 0 
207 262 28 0 0 
127 158 94 0 0 
118 162 53 0 0 
74 227 41 0 0 
118 154 6 0 0 
78 210 58 0 0 
103 246 72 0 0 
33 189 81 8 0 
134 167 108 69 0 
183 179 11 0 0 
142 157 78 0 0 
85 248 52 0 0 
204 207 83 0 0 
103 281 15 0 0 
21 414 57 0 0 
119 222 181 2 0 
183 188 56 0 0 
96 289 25 0 0 
80 207 50 0 0 
83 160 92 0 0 
58 260 130 0 0 
95 164 50 0 0 
161 297 19 0 0 
118 231 58 0 0 
157 237 36 18 0 
184 218 101 0 0 
156 301 43 0 0 
181 151 36 0 0 
47 142 65 5 0 
95 287 41 0 0 
72 190 11 0 0 
102 131 39 8 0 
224 114 86 0 0 
141 62 70 0 0 
67 324 34 0 0 
143 54 100 0 0 
159 180 96 6 0 
123 237 59 0 0 
168 305 12 0 0 
86 176 91 0 0 
135 308 47 0 0 
136 316 11 0 0 
133 134 10 0 0 
222 179 47 0 0 
66 259 63 0 0 
101 194 76 1 0 
119 312 25 0 0 
40 221 98 0 0 
95 198 21 0 0 
184 217 64 12 0 
73 293 36 0 0 
114 244 2 0 0 
42 202 73 0 0 
62 290 56 0 0 
70 131 90 0 0 
179 245 63 0 0 
64 185 63 13 0 
73 297 37 0 0 
171 284 87 0 0 
145 239 27 0 0 
137 245 16 0 0 
152 218 28 0 0 
23 202 163 1 0 
78 191 31 0 0 
39 252 122 7 0 
66 281 20 0 0 
82 210 41 0 0 
178 176 37 0 0 
178 215 48 0 0 
195 186 39 8 0 
136 199 31 30 0 
96 263 13 0 0 
195 196 32 0 0 
95 227 48 0 0 
198 231 33 0 0 
92 317 61 22 0 
112 226 78 0 0 
112 106 49 28 0 
105 190 83 0 0 
166 249 7 0 0 
243 150 6 0 0 
154 205 14 0 0 
53 323 39 0 0 
150 222 20 0 0 
73 228 121 0 0 
154 229 96 19 0 
256 98 46 3 0 
261 158 161 0 0 
102 408 6 0 0 
53 424 51 0 0 
109 370 65 0 0 
94 217 53 0 0 
74 182 111 14 0 
58 251 199 0 0 
104 265 75 22 0 
98 216 97 1 0 
140 220 1 95 24 
134 142 128 0 0 
187 250 15 0 0 
76 245 15 0 0 
139 183 20 0 0 
88 187 141 0 0 
226 171 17 0 0 
42 313 58 0 0 
89 187 45 0 0 
220 182 11 0 0 
143 305 14 0 0 
124 140 80 37 0 
124 203 20 3 0 
51 295 124 0 0 
119 295 8 0 0 
137 313 10 0 0 
113 308 55 0 0 
68 273 32 0 0 
118 346 20 10 0 
151 112 78 0 0 
125 167 69 30 4 
58 298 75 0 0 
195 187 5 0 0 
149 201 70 0 0 
202 349 44 0 0 
259 205 48 0 0 
155 203 41 0 0 
177 204 42 0 0 
238 84 89 0 0 
128 169 43 0 0 
151 163 92 0 0 
117 209 72 0 0 
172 181 95 0 0 
61 207 23 0 0 
124 196 114 4 0 
210 149 136 0 0 
94 241 8 0 0 
304 121 54 0 0 
160 174 29 18 0 
86 105 41 0 0 
61 238 42 0 0 
34 345 11 0 0 
269 157 39 0 0 
65 188 99 0 0 
81 292 92 0 0 
191 263 23 0 0 
201 237 75 0 0 
68 208 32 0 0 
107 360 28 0 0 
35 273 15 2 0 
129 347 5 0 0 
181 101 48 2 0 
131 187 103 8 0 
78 154 83 0 0 
103 186 13 0 0 
88 322 57 0 0 
128 269 53 0 0 
73 220 75 0 0 
109 270 96 0 0 
204 239 66 7 0 
52 260 115 0 0 
116 192 69 0 0 
154 192 36 0 0 
73 261 59 0 0 
153 317 62 0 0 
80 166 55 14 0 
134 194 24 0 0 
91 230 20 0 0 
67 172 53 0 0 
169 272 24 14 0 
73 211 187 39 0 
204 104 70 0 0 
21 177 81 4 0 
212 102 119 0 0 
80 363 19 0 0 
106 260 70 0 0 
188 146 50 0 0 
199 160 28 0 0 
105 235 34 13 0 
169 131 50 0 0 
163 276 8 0 0 
107 196 31 0 0 
159 220 4 0 0 
39 277 25 1 0 
145 86 203 0 0 
80 127 8 0 0 
59 110 90 5 0 
155 146 51 18 0 
132 223 19 12 0 
158 203 50 0 0 
105 279 50 0 0 
35 318 23 0 0 
137 115 5 0 0 
124 272 38 0 0 
126 198 74 0 0 
107 345 27 0 0 
62 279 60 0 0 
143 109 156 0 0 
105 199 27 0 0 
127 202 56 3 0 
85 259 23 0 0 
215 171 33 0 0 
180 203 64 0 0 
176 103 9 0 0 
308 130 22 0 0 
260 153 64 12 0 
54 314 11 0 0 
186 223 62 0 0 
217 135 90 0 0 
50 215 40 0 0 
105 265 32 0 0 
155 144 45 8 0 
125 153 61 0 0 
52 240 101 41 0 
156 212 14 0 0 
152 128 56 60 0 
284 201 8 0 0 
137 234 49 20 0 
188 121 47 0 0 
187 239 20 0 0 
48 314 112 4 0 
30 144 27 0 0 
92 203 12 0 0 
255 175 95 0 0 
72 262 109 0 0 
126 217 37 0 0 
68 237 77 0 0 
216 175 47 0 0 
123 250 6 0 0 
35 208 66 2 0 
129 144 40 93 0 
92 198 58 0 0 
293 265 31 0 0 
198 179 82 0 0 
103 194 115 0 0 
112 262 54 0 0 
96 258 75 17 0 
123 233 37 34 0 
32 394 12 0 0 
14 120 113 0 0 
47 94 14 0 0 
176 211 25 0 0 
48 315 87 0 4 
94 266 76 0 0 
24 257 136 0 0 
125 198 41 0 0 
311 111 0 0 0 
92 81 39 0 0 
173 170 90 0 0 
145 215 147 22 0 
133 272 70 0 0 
27 335 56 0 0 
88 252 85 0 0 
84 149 36 0 0 
102 246 20 9 0 
173 319 33 0 0 
64 303 62 10 0 
44 337 40 0 0 
127 182 21 0 0 
190 216 2 0 0 
124 183 73 0 0 
85 256 128 0 0 
47 284 86 2 0 
130 168 56 0 0 
219 167 14 0 0 
72 213 35 0 0 
38 164 136 0 0 
22 219 5 0 0 
62 252 14 63 0 
153 157 44 0 0 
114 259 65 0 0 
277 208 15 0 0 
155 158 18 0 0 
339 257 39 0 0 
136 376 9 0 0 
217 235 2 0 0 
133 92 39 18 0 
80 306 48 5 0 
118 219 15 4 0 
220 202 92 0 0 
163 280 10 0 0 
127 252 9 17 0 
135 144 154 0 0 
106 321 60 0 0 
39 262 41 0 0 
110 292 38 0 0 
72 165 146 0 0 
156 138 23 6 0 
151 154 44 1 0 
56 308 15 0 0 
25 173 36 0 0 
196 113 26 2 0 
96 134 76 0 0 
69 243 52 0 0 
172 154 128 0 0 
242 164 65 0 0 
95 168 12 4 0 
128 197 49 11 0 
27 123 115 0 0 
292 199 47 0 0 
72 256 115 2 0 
157 136 161 42 0 
96 233 57 33 0 
234 211 31 0 0 
120 243 33 0 0 
54 174 44 0 0 
127 150 136 1 0 
197 170 28 3 0 
148 316 29 0 0 
92 206 85 0 0 
50 278 29 43 0 
232 132 15 0 0 
104 264 46 1 0 
204 199 3 0 0 
104 246 47 0 0 
164 253 44 9 0 
166 162 28 15 0 
176 249 17 0 0 
183 200 57 4 0 
340 189 79 0 0 
172 227 103 0 0 
140 270 25 0 0 
197 154 21 0 0 
