0 198 15 
0 185 15 
0 200 6 
0 225 23 
0 225 1 
0 178 9 
0 232 1 
0 191 8 
0 252 5 
0 239 13 
0 224 0 
0 153 43 
0 223 0 
0 215 4 
0 211 8 
0 226 39 
0 189 2 
0 237 23 
0 206 9 
0 228 19 
0 259 25 
0 278 10 
0 171 4 
0 191 39 
0 221 26 
0 195 16 
0 217 13 
0 188 46 
0 148 27 
0 169 33 
0 189 89 
0 144 6 
0 199 10 
0 180 31 
0 196 7 
0 263 20 
0 172 2 
0 256 12 
0 217 94 
0 234 14 
0 192 14 
0 224 39 
0 266 41 
0 235 9 
0 211 3 
0 222 0 
0 216 14 
0 184 18 
0 165 18 
0 235 7 
0 225 22 
0 276 4 
0 218 20 
0 255 0 
0 249 3 
0 202 8 
0 134 63 
0 218 38 
0 231 34 
0 202 21 
0 213 65 
0 212 26 
0 157 60 
0 241 5 
0 227 103 
0 172 3 
0 251 1 
0 179 4 
0 193 10 
0 190 37 
0 220 1 
0 208 54 
0 231 19 
0 211 14 
0 175 15 
0 268 23 
0 218 30 
0 207 18 
0 190 54 
0 282 10 
0 192 10 
0 162 15 
0 183 1 
0 216 8 
0 246 26 
0 162 23 
0 170 120 
0 245 17 
0 163 23 
0 299 10 
0 222 36 
0 250 21 
0 214 15 
0 144 0 
0 251 21 
0 255 12 
0 274 16 
0 222 2 
0 182 12 
0 186 4 
0 249 8 
0 219 23 
0 263 1 
0 177 44 
0 186 14 
0 135 7 
0 210 7 
0 187 20 
0 178 14 
0 200 66 
0 193 87 
0 232 5 
0 207 0 
0 212 13 
0 240 41 
0 220 27 
0 239 12 
0 238 8 
0 273 17 
0 205 26 
0 214 19 
0 142 39 
0 243 24 
0 210 10 
0 224 37 
0 210 7 
0 201 14 
0 224 0 
0 206 12 
0 226 3 
0 212 42 
0 247 0 
0 185 18 
0 231 5 
0 257 47 
0 184 8 
0 149 43 
0 174 7 
0 152 31 
0 220 13 
0 196 30 
0 226 3 
0 242 0 
0 195 66 
0 157 9 
0 312 10 
0 259 32 
0 215 12 
0 235 25 
0 190 18 
0 151 11 
0 198 62 
0 195 7 
0 227 8 
0 236 13 
0 218 11 
0 226 26 
0 202 8 
0 201 4 
0 214 2 
0 174 16 
0 185 0 
0 269 13 
0 207 3 
0 229 3 
0 211 44 
0 155 69 
0 190 0 
0 212 35 
0 238 23 
0 201 6 
0 272 4 
0 282 14 
0 281 13 
0 191 147 
0 171 8 
0 228 6 
0 205 10 
0 247 35 
0 247 0 
0 265 3 
0 172 15 
0 251 0 
0 263 5 
0 225 48 
0 175 10 
0 166 18 
0 229 0 
0 169 8 
0 194 9 
0 254 7 
0 215 10 
0 211 1 
0 199 19 
0 242 8 
0 207 30 
0 269 23 
0 181 1 
0 212 4 
0 141 5 
0 258 25 
0 257 5 
0 182 3 
0 275 7 
0 254 20 
0 259 16 
0 247 17 
0 201 11 
0 189 5 
0 173 0 
0 223 11 
0 198 16 
0 142 14 
0 185 13 
0 245 22 
0 207 14 
0 201 6 
0 182 2 
0 186 43 
0 224 11 
0 155 9 
0 148 27 
0 217 31 
0 222 57 
0 220 11 
0 209 5 
0 240 7 
0 201 10 
0 256 18 
0 209 4 
0 256 20 
0 226 2 
0 260 4 
0 182 119 
0 159 8 
0 220 1 
0 212 2 
0 187 18 
0 227 10 
0 238 26 
0 262 15 
0 181 2 
0 204 27 
0 246 16 
0 242 9 
0 235 10 
0 151 42 
0 257 11 
0 237 12 
0 181 36 
0 210 40 
0 263 14 
0 211 1 
0 229 11 
0 146 0 
0 204 20 
0 179 6 
0 214 8 
0 192 28 
0 266 2 
0 193 26 
0 250 28 
0 241 55 
0 207 15 
0 213 12 
0 171 61 
0 195 8 
0 185 22 
0 207 12 
0 240 5 
0 243 2 
0 242 6 
0 237 130 
0 173 33 
0 166 21 
0 215 32 
0 181 87 
0 242 22 
0 172 46 
0 177 22 
0 238 33 
0 179 20 
0 262 48 
0 252 12 
0 229 0 
0 232 26 
0 206 17 
0 156 7 
0 169 20 
0 216 3 
0 243 10 
0 249 13 
0 194 137 
0 208 10 
0 158 23 
0 215 36 
0 215 90 
0 194 11 
0 224 0 
0 185 10 
0 222 14 
0 229 34 
0 195 2 
0 231 2 
0 178 11 
0 228 51 
0 140 31 
0 282 0 
0 266 43 
0 229 1 
0 204 22 
0 249 16 
0 212 0 
0 217 4 
0 191 18 
0 258 34 
0 211 26 
0 240 18 
0 177 0 
0 194 0 
0 164 0 
0 232 21 
0 175 20 
0 230 8 
0 255 0 
0 201 71 
0 246 1 
0 221 3 
0 231 9 
0 253 56 
0 179 16 
0 214 13 
0 238 23 
0 189 25 
0 209 12 
0 250 9 
0 227 5 
0 264 32 
0 223 9 
0 112 17 
0 221 79 
0 204 2 
0 149 17 
0 235 8 
0 273 21 
0 222 60 
0 230 28 
0 242 7 
0 148 7 
0 211 6 
0 231 1 
0 236 10 
0 220 25 
0 285 5 
0 273 49 
0 279 3 
0 198 24 
0 184 19 
0 191 12 
0 238 15 
0 219 31 
0 238 38 
0 270 8 
0 237 22 
0 224 16 
0 232 27 
0 232 15 
0 173 12 
0 298 17 
0 186 9 
0 202 23 
0 203 59 
0 181 15 
0 210 2 
0 198 16 
0 218 8 
0 230 19 
0 292 38 
0 269 6 
0 188 8 
0 239 17 
0 122 42 
0 288 17 
0 179 19 
0 231 73 
0 215 12 
0 174 13 
0 223 22 
0 251 15 
0 212 0 
0 173 11 
0 280 9 
0 241 12 
0 215 7 
0 204 29 
0 166 0 
0 190 47 
0 242 41 
0 197 4 
0 134 10 
0 153 43 
0 184 29 
0 189 4 
0 263 13 
0 186 8 
0 161 0 
0 183 4 
0 244 39 
0 259 12 
0 214 24 
0 217 21 
0 240 10 
0 254 1 
0 148 2 
0 201 16 
0 277 5 
0 190 25 
0 252 25 
0 226 1 
0 267 0 
0 231 17 
0 221 15 
0 135 11 
0 215 26 
0 200 22 
0 245 28 
0 269 20 
0 221 0 
0 284 36 
0 255 14 
0 205 15 
0 300 27 
0 221 4 
0 279 12 
0 220 28 
0 192 1 
0 243 34 
0 209 0 
0 203 5 
0 227 24 
0 186 3 
0 215 21 
0 209 47 
0 200 0 
0 184 102 
0 218 39 
0 135 0 
0 230 34 
0 214 18 
0 166 10 
0 185 23 
0 203 20 
0 195 12 
0 253 7 
0 204 5 
0 206 19 
0 248 26 
0 213 23 
0 246 10 
0 244 21 
0 211 42 
0 240 33 
0 190 32 
0 244 5 
0 159 29 
0 244 14 
0 218 23 
0 175 10 
0 167 45 
0 224 45 
0 280 3 
0 174 22 
0 214 9 
0 198 15 
0 314 0 
0 214 11 
0 220 19 
0 202 13 
0 201 14 
0 266 0 
0 188 5 
0 193 16 
0 159 11 
0 224 21 
0 199 26 
0 187 2 
0 201 8 
0 242 14 
0 121 12 
0 183 5 
0 222 12 
0 211 15 
0 154 1 
0 197 8 
0 197 8 
0 238 8 
0 198 43 
0 183 26 
0 236 11 
0 251 12 
0 242 73 
0 232 5 
0 230 21 
0 249 20 
0 181 19 
0 214 0 
0 233 6 
0 178 98 
0 188 18 
0 205 40 
0 239 13 
0 177 45 
0 252 25 
0 234 11 
0 235 8 
0 241 17 
0 244 4 
0 210 55 
0 185 48 
0 175 2 
0 239 9 
0 232 5 
0 155 1 
0 190 12 
0 176 30 
0 147 18 
0 224 6 
0 262 21 
0 263 9 
0 208 6 
0 180 14 
0 231 35 
0 187 1 
0 197 16 
0 252 6 
0 157 44 
0 208 13 
0 167 20 
0 196 8 
0 270 31 
0 214 56 
0 218 3 
0 239 25 
0 139 25 
0 223 8 
0 192 55 
0 228 4 
0 168 20 
0 219 15 
0 183 31 
0 164 8 
0 205 26 
0 231 34 
0 240 0 
0 248 19 
0 256 41 
0 234 17 
0 178 39 
0 213 4 
0 269 12 
0 178 9 
0 263 16 
0 217 20 
0 201 3 
0 173 26 
0 210 61 
0 213 34 
0 151 14 
0 194 1 
0 252 8 
0 230 13 
0 173 16 
0 189 12 
0 254 33 
0 214 7 
0 157 22 
0 245 9 
0 294 37 
0 193 3 
0 189 6 
0 257 46 
0 176 5 
0 164 68 
0 211 3 
0 183 22 
0 235 75 
0 235 6 
0 198 23 
0 208 17 
0 264 3 
0 230 15 
0 220 8 
0 188 11 
0 190 27 
0 163 35 
0 239 8 
0 216 10 
0 246 63 
0 227 5 
0 239 44 
0 167 20 
0 291 3 
0 197 28 
0 231 22 
0 210 25 
0 194 72 
0 224 7 
0 295 19 
0 202 6 
0 227 11 
0 205 27 
0 186 21 
0 261 38 
0 235 15 
0 181 18 
0 238 20 
0 200 0 
0 200 2 
0 123 11 
0 214 41 
0 230 5 
0 195 14 
0 211 5 
0 214 12 
0 190 14 
0 264 9 
0 173 17 
0 151 7 
0 202 26 
0 202 3 
0 214 15 
0 128 0 
0 187 14 
0 179 45 
0 250 27 
0 210 27 
0 244 85 
0 217 28 
0 252 14 
0 253 8 
0 166 118 
0 242 0 
0 214 16 
0 210 13 
0 218 19 
0 251 22 
0 237 37 
0 198 8 
0 181 13 
0 267 78 
0 275 19 
0 233 0 
0 229 15 
0 311 10 
0 244 27 
0 304 6 
0 165 2 
0 223 8 
0 160 12 
0 198 0 
0 211 15 
0 187 28 
0 229 26 
0 194 11 
0 214 3 
0 222 4 
0 249 4 
0 243 13 
0 273 2 
0 215 34 
0 183 71 
0 233 19 
0 204 51 
0 179 57 
0 274 65 
0 205 0 
0 226 13 
0 194 33 
0 228 1 
0 204 24 
0 255 1 
0 209 4 
0 261 19 
0 238 20 
0 175 18 
0 142 39 
0 225 12 
0 243 0 
0 198 12 
0 201 5 
0 181 14 
0 159 5 
0 241 41 
0 259 7 
0 200 25 
0 183 14 
0 210 63 
0 194 16 
0 248 34 
0 180 6 
0 143 9 
0 184 0 
0 295 0 
0 222 7 
0 194 16 
0 251 21 
0 212 5 
0 184 2 
0 208 36 
0 183 10 
0 167 13 
0 238 31 
0 245 1 
0 272 12 
0 202 70 
0 275 9 
0 229 32 
0 243 39 
0 190 12 
0 207 3 
0 233 28 
0 149 22 
0 242 48 
0 219 18 
0 235 12 
0 208 7 
0 219 7 
0 262 5 
0 154 1 
0 154 75 
0 190 23 
0 199 18 
0 199 7 
0 211 3 
0 222 11 
0 213 0 
0 253 40 
0 239 18 
0 201 10 
0 204 11 
0 187 56 
0 198 3 
0 166 21 
0 196 87 
0 240 13 
0 238 8 
0 218 11 
0 224 8 
0 154 23 
0 177 54 
0 232 20 
0 219 0 
0 171 8 
0 163 5 
0 188 1 
0 225 6 
0 187 55 
0 199 4 
0 232 6 
0 259 7 
0 226 22 
0 177 30 
0 248 36 
0 140 8 
0 280 14 
0 240 20 
0 155 4 
0 254 1 
0 244 41 
0 201 5 
0 217 28 
0 250 3 
0 201 12 
0 218 13 
0 198 43 
0 235 43 
0 159 41 
0 198 30 
0 258 23 
0 173 12 
0 226 21 
0 235 14 
0 271 20 
0 168 66 
0 264 0 
0 232 13 
0 238 9 
0 246 11 
0 146 11 
0 237 29 
0 172 11 
0 224 4 
0 197 98 
0 171 18 
0 208 20 
0 275 13 
0 210 7 
0 237 23 
0 132 2 
0 202 21 
0 215 32 
0 233 28 
0 188 11 
0 277 12 
0 151 26 
0 156 26 
0 231 8 
0 222 31 
0 294 7 
0 199 20 
0 234 8 
0 203 39 
0 235 13 
0 224 15 
0 228 18 
0 224 33 
0 262 11 
0 186 24 
0 212 17 
0 185 33 
0 190 3 
0 242 14 
0 246 35 
0 234 10 
0 254 12 
0 154 12 
0 190 0 
0 181 15 
0 245 8 
0 238 4 
0 148 44 
0 221 21 
0 242 13 
0 238 87 
0 271 6 
0 261 3 
0 188 27 
0 260 5 
0 245 78 
0 251 4 
0 125 1 
0 219 23 
0 276 11 
0 243 0 
0 234 35 
0 264 1 
0 271 40 
0 285 13 
0 240 13 
0 223 20 
0 167 85 
0 275 1 
0 215 21 
0 162 52 
0 231 13 
0 197 10 
0 178 32 
0 204 16 
0 167 13 
0 289 27 
0 183 50 
0 205 20 
0 192 33 
0 173 21 
0 234 10 
0 271 21 
0 233 0 
0 148 18 
0 231 2 
0 216 2 
0 187 0 
0 216 4 
0 143 42 
0 212 36 
0 181 19 
0 192 15 
0 227 18 
0 205 11 
0 236 10 
0 173 13 
0 227 0 
0 267 21 
0 255 14 
0 263 6 
0 248 29 
0 254 7 
0 238 10 
0 217 12 
0 225 3 
0 141 26 
0 165 5 
0 214 0 
0 180 1 
0 243 16 
0 211 5 
0 199 6 
0 208 2 
0 153 34 
0 244 11 
0 220 11 
0 226 10 
0 231 45 
0 174 61 
0 276 25 
0 230 41 
0 193 39 
0 225 84 
0 222 2 
0 251 22 
0 197 14 
0 181 25 
0 214 13 
0 196 10 
0 177 104 
0 240 4 
0 270 12 
0 312 9 
0 223 13 
0 237 7 
0 293 33 
0 184 29 
0 174 0 
0 226 9 
0 218 23 
0 230 24 
0 234 26 
0 196 34 
0 241 50 
0 119 3 
0 244 31 
0 224 16 
0 219 28 
0 163 15 
0 286 26 
0 219 16 
0 149 27 
0 160 4 
0 239 3 
0 148 53 
0 205 3 
0 186 18 
0 205 7 
0 255 4 
0 154 35 
0 206 22 
0 261 14 
0 195 66 
0 221 28 
0 221 5 
0 198 0 
0 191 27 
0 167 17 
0 211 1 
0 212 28 
0 238 36 
0 269 5 
0 242 15 
0 201 6 
0 244 7 
0 233 4 
0 211 16 
0 231 25 
0 208 11 
0 172 15 
0 268 3 
0 166 0 
0 237 11 
0 201 12 
0 160 41 
0 232 14 
0 248 19 
0 252 2 
0 193 7 
0 190 7 
0 130 53 
0 210 29 
0 189 49 
0 175 19 
0 213 2 
0 218 13 
0 211 28 
0 195 60 
0 170 33 
0 183 8 
0 210 12 
0 234 20 
0 171 58 
0 181 2 
0 254 16 
0 254 13 
0 249 11 
0 238 4 
0 214 8 
0 163 12 
0 279 9 
0 202 61 
0 302 12 
0 219 4 
0 243 17 
0 229 3 
