0 9 129 
0 19 181 
0 0 300 
0 37 257 
0 40 147 
0 14 232 
0 13 134 
0 21 236 
0 42 152 
0 1 190 
0 5 228 
0 32 102 
0 12 161 
0 4 179 
0 3 122 
0 3 156 
0 33 153 
0 3 92 
0 9 210 
0 12 240 
0 1 132 
0 47 123 
0 12 133 
0 4 172 
0 28 146 
0 41 160 
0 28 169 
0 2 244 
0 12 194 
0 9 157 
0 11 168 
0 17 259 
0 34 139 
0 48 163 
0 11 127 
0 15 198 
0 6 193 
0 9 212 
0 58 197 
0 22 153 
0 39 56 
0 11 170 
0 23 94 
0 1 136 
0 12 284 
0 45 135 
0 3 112 
0 12 261 
0 26 249 
0 1 114 
0 26 121 
0 8 214 
0 1 193 
0 0 247 
0 0 147 
0 0 151 
0 56 183 
0 13 190 
0 11 187 
0 5 155 
0 27 200 
0 24 176 
0 41 106 
0 0 150 
0 56 152 
0 8 210 
0 8 165 
0 19 147 
0 8 186 
0 12 135 
0 1 101 
0 25 85 
0 10 68 
0 0 407 
0 33 115 
0 42 200 
0 1 194 
0 55 170 
0 25 99 
0 16 167 
0 20 111 
0 5 202 
0 36 158 
0 18 164 
0 16 306 
0 7 243 
0 15 223 
0 4 166 
0 37 202 
0 8 136 
0 13 232 
0 11 123 
0 22 103 
0 8 204 
0 2 173 
0 23 144 
0 1 253 
0 1 294 
0 4 215 
0 43 100 
0 6 106 
0 63 91 
0 27 91 
0 31 222 
0 21 190 
0 8 113 
0 16 158 
0 71 80 
0 0 80 
0 7 90 
0 0 184 
0 1 182 
0 15 120 
0 39 180 
0 21 116 
0 4 294 
0 21 187 
0 16 142 
0 13 93 
0 14 87 
0 36 134 
0 29 185 
0 17 193 
0 22 222 
0 9 290 
0 19 152 
0 4 192 
0 29 153 
0 46 154 
0 0 152 
0 28 263 
0 15 220 
0 14 105 
0 21 204 
0 9 185 
0 10 189 
0 17 140 
0 35 182 
0 24 106 
0 16 159 
0 44 153 
0 23 188 
0 17 181 
0 31 172 
0 27 280 
0 65 134 
0 22 160 
0 13 180 
0 0 234 
0 33 105 
0 33 212 
0 22 190 
0 11 85 
0 3 120 
0 5 117 
0 1 108 
0 12 197 
0 41 183 
0 12 143 
0 17 145 
0 16 166 
0 28 133 
0 24 165 
0 19 211 
0 0 154 
0 37 220 
0 25 166 
0 8 183 
0 1 242 
0 5 197 
0 7 109 
0 36 165 
0 9 169 
0 5 357 
0 10 166 
0 19 121 
0 1 278 
0 6 237 
0 0 191 
0 15 159 
0 14 149 
0 6 145 
0 0 162 
0 13 291 
0 15 149 
0 24 127 
0 9 212 
0 73 117 
0 17 153 
0 4 181 
0 5 175 
0 47 168 
0 3 161 
0 49 149 
0 35 155 
0 7 104 
0 10 82 
0 0 187 
0 2 248 
0 25 182 
0 41 224 
0 17 244 
0 38 246 
0 30 223 
0 27 302 
0 16 206 
0 9 152 
0 35 137 
0 6 173 
0 8 285 
0 21 203 
0 9 211 
0 24 113 
0 70 207 
0 2 194 
0 29 252 
0 2 152 
0 4 137 
0 14 145 
0 18 185 
0 0 125 
0 20 106 
0 15 149 
0 7 255 
0 12 112 
0 0 158 
0 9 162 
0 49 167 
0 22 143 
0 47 133 
0 16 189 
0 65 62 
0 11 154 
0 15 147 
0 40 95 
0 20 123 
0 35 115 
0 12 171 
0 2 169 
0 4 118 
0 21 171 
0 26 190 
0 2 255 
0 13 169 
0 19 168 
0 39 193 
0 32 150 
0 4 180 
0 2 177 
0 15 229 
0 5 136 
0 18 164 
0 12 138 
0 4 249 
0 29 127 
0 3 204 
0 5 243 
0 36 100 
0 24 97 
0 31 167 
0 44 170 
0 3 224 
0 8 183 
0 5 209 
0 20 232 
0 3 228 
0 13 104 
0 4 255 
0 15 146 
0 24 163 
0 0 205 
0 12 256 
0 18 154 
0 2 99 
0 38 260 
0 15 133 
0 11 103 
0 10 182 
0 42 107 
0 27 116 
0 50 131 
0 0 127 
0 43 129 
0 11 162 
0 4 195 
0 11 97 
0 20 170 
0 21 137 
0 8 269 
0 0 139 
0 27 177 
0 18 90 
0 18 140 
0 11 198 
0 23 135 
0 13 80 
0 39 153 
0 11 297 
0 34 129 
0 0 189 
0 28 81 
0 24 106 
0 16 159 
0 16 171 
0 39 188 
0 20 284 
0 1 155 
0 9 99 
0 15 117 
0 48 69 
0 30 118 
0 3 272 
0 8 171 
0 28 95 
0 3 200 
0 28 215 
0 9 157 
0 1 124 
0 2 138 
0 26 205 
0 11 156 
0 41 175 
0 11 294 
0 47 141 
0 32 149 
0 25 169 
0 3 180 
0 2 146 
0 57 179 
0 15 220 
0 23 176 
0 47 157 
0 7 101 
0 8 248 
0 28 203 
0 21 220 
0 11 150 
0 13 267 
0 4 206 
0 39 198 
0 19 181 
0 15 192 
0 22 263 
0 13 144 
0 23 328 
0 1 122 
0 0 175 
0 17 321 
0 0 375 
0 14 170 
0 62 121 
0 18 130 
0 10 137 
0 25 113 
0 17 148 
0 7 196 
0 36 129 
0 0 166 
0 11 131 
0 13 112 
0 3 161 
0 25 176 
0 68 103 
0 14 118 
0 24 204 
0 7 143 
0 4 237 
0 83 139 
0 19 218 
0 10 317 
0 12 78 
0 5 121 
0 16 173 
0 51 195 
0 6 160 
0 23 181 
0 9 175 
0 12 223 
0 13 151 
0 29 104 
0 38 146 
0 23 217 
0 20 207 
0 11 162 
0 23 217 
0 41 128 
0 8 207 
0 6 166 
0 19 151 
0 22 90 
0 18 157 
0 54 145 
0 56 189 
0 0 112 
0 14 181 
0 13 157 
0 7 135 
0 20 173 
0 3 262 
0 8 95 
0 4 192 
0 39 162 
0 6 264 
0 19 242 
0 7 142 
0 13 114 
0 34 115 
0 4 178 
0 89 110 
0 39 195 
0 15 74 
0 32 205 
0 4 179 
0 10 240 
0 7 131 
0 34 162 
0 11 131 
0 24 252 
0 6 176 
0 2 262 
0 7 188 
0 9 127 
0 21 140 
0 0 194 
0 36 129 
0 10 300 
0 31 216 
0 26 97 
0 23 213 
0 17 182 
0 68 164 
0 25 190 
0 30 183 
0 24 186 
0 11 162 
0 0 123 
0 15 198 
0 4 206 
0 28 129 
0 19 83 
0 4 191 
0 6 342 
0 17 218 
0 15 248 
0 9 174 
0 11 269 
0 24 212 
0 12 191 
0 15 224 
0 0 180 
0 17 131 
0 28 164 
0 18 142 
0 5 151 
0 15 146 
0 15 151 
0 1 162 
0 11 271 
0 6 183 
0 17 205 
0 9 230 
0 11 167 
0 3 122 
0 9 233 
0 58 80 
0 25 169 
0 2 226 
0 16 147 
0 7 199 
0 18 141 
0 51 165 
0 78 246 
0 11 168 
0 40 231 
0 12 191 
0 0 96 
0 20 93 
0 5 201 
0 13 289 
0 4 210 
0 3 253 
0 15 308 
0 4 164 
0 21 341 
0 7 147 
0 12 100 
0 21 328 
0 55 108 
0 25 205 
0 7 291 
0 14 237 
0 26 116 
0 16 238 
0 7 120 
0 10 220 
0 11 201 
0 104 128 
0 0 139 
0 6 119 
0 20 149 
0 30 154 
0 3 133 
0 3 337 
0 6 113 
0 3 226 
0 12 185 
0 34 199 
0 0 146 
0 3 155 
0 8 190 
0 1 148 
0 1 163 
0 15 143 
0 2 171 
0 10 130 
0 75 195 
0 7 209 
0 5 138 
0 20 87 
0 70 166 
0 16 206 
0 7 160 
0 17 172 
0 13 176 
0 11 145 
0 28 170 
0 28 127 
0 22 168 
0 6 156 
0 35 91 
0 51 191 
0 4 190 
0 7 202 
0 18 98 
0 7 233 
0 2 100 
0 20 116 
0 42 177 
0 4 228 
0 16 113 
0 21 228 
0 4 126 
0 0 104 
0 20 154 
0 35 98 
0 7 150 
0 49 305 
0 31 180 
0 2 164 
0 16 191 
0 36 95 
0 44 136 
0 19 208 
0 15 295 
0 12 333 
0 16 179 
0 2 204 
0 31 123 
0 17 215 
0 25 252 
0 1 110 
0 6 142 
0 8 107 
0 23 183 
0 15 221 
0 15 177 
0 6 201 
0 3 179 
0 14 80 
0 17 275 
0 5 201 
0 40 159 
0 14 273 
0 8 132 
0 5 132 
0 12 150 
0 8 126 
0 40 260 
0 22 209 
0 18 177 
0 16 184 
0 8 172 
0 12 131 
0 13 169 
0 37 88 
0 44 160 
0 17 224 
0 28 257 
0 3 174 
0 22 174 
0 10 79 
0 12 303 
0 25 443 
0 5 207 
0 6 137 
0 14 214 
0 16 174 
0 1 217 
0 4 208 
0 34 146 
0 6 277 
0 20 137 
0 51 124 
0 12 160 
0 8 175 
0 0 219 
0 48 178 
0 30 124 
0 3 109 
0 17 77 
0 18 185 
0 8 243 
0 2 218 
0 0 86 
0 11 163 
0 10 134 
0 10 181 
0 8 236 
0 5 108 
0 19 159 
0 23 183 
0 31 120 
0 20 190 
0 14 121 
0 89 99 
0 1 163 
0 36 149 
0 16 203 
0 20 164 
0 4 166 
0 3 163 
0 20 216 
0 10 306 
0 30 144 
0 6 172 
0 5 239 
0 8 147 
0 38 184 
0 16 210 
0 2 266 
0 9 236 
0 35 203 
0 3 164 
0 20 124 
0 23 226 
0 26 270 
0 94 191 
0 15 219 
0 24 123 
0 21 138 
0 25 163 
0 3 108 
0 17 185 
0 31 199 
0 30 229 
0 41 127 
0 28 150 
0 21 71 
0 3 148 
0 10 92 
0 1 181 
0 21 187 
0 14 149 
0 19 143 
0 11 178 
0 2 117 
0 29 57 
0 16 241 
0 29 110 
0 65 129 
0 5 120 
0 21 187 
0 27 133 
0 13 219 
0 10 139 
0 9 148 
0 31 169 
0 34 274 
0 28 191 
0 12 155 
0 35 174 
0 53 255 
0 12 185 
0 15 151 
0 23 199 
0 7 232 
0 16 241 
0 2 150 
0 12 161 
0 7 178 
0 15 191 
0 18 204 
0 10 166 
0 20 195 
0 20 120 
0 12 206 
0 3 79 
0 21 161 
0 15 137 
0 5 156 
0 10 165 
0 5 201 
0 10 74 
0 22 123 
0 26 228 
0 2 190 
0 6 112 
0 18 87 
0 6 121 
0 12 110 
0 26 111 
0 8 160 
0 18 180 
0 40 138 
0 60 199 
0 5 151 
0 11 170 
0 20 258 
0 6 148 
0 7 152 
0 2 211 
0 45 130 
0 42 116 
0 27 142 
0 0 165 
0 17 142 
0 21 347 
0 12 181 
0 21 131 
0 17 137 
0 7 92 
0 12 161 
0 21 109 
0 13 256 
0 6 176 
0 17 158 
0 2 146 
0 13 175 
0 21 140 
0 23 204 
0 0 314 
0 4 135 
0 28 244 
0 11 147 
0 47 167 
0 22 154 
0 8 319 
0 14 219 
0 7 217 
0 12 223 
0 8 75 
0 26 148 
0 19 203 
0 11 273 
0 42 175 
0 7 150 
0 13 242 
0 16 101 
0 1 117 
0 7 112 
0 4 121 
0 8 182 
0 16 169 
0 10 260 
0 3 129 
0 9 184 
0 34 101 
0 63 112 
0 6 150 
0 3 217 
0 0 250 
0 5 160 
0 8 226 
0 0 208 
0 49 256 
0 4 192 
0 17 164 
0 48 137 
0 6 142 
0 2 218 
0 17 157 
0 6 164 
0 20 130 
0 15 114 
0 28 92 
0 33 160 
0 11 101 
0 36 67 
0 23 147 
0 27 255 
0 2 178 
0 35 198 
0 25 134 
0 12 146 
0 3 120 
0 8 224 
0 14 200 
0 13 121 
0 6 149 
0 13 191 
0 32 121 
0 36 179 
0 17 326 
0 16 120 
0 11 69 
0 35 159 
0 18 164 
0 15 135 
0 22 128 
0 12 189 
0 7 70 
0 3 190 
0 15 150 
0 0 129 
0 1 167 
0 36 129 
0 22 162 
0 11 162 
0 16 146 
0 16 181 
0 17 212 
0 13 117 
0 5 119 
0 14 212 
0 11 141 
0 12 77 
0 5 101 
0 0 107 
0 3 121 
0 41 159 
0 38 136 
0 0 196 
0 28 143 
0 12 121 
0 9 159 
0 0 268 
0 14 109 
0 2 119 
0 13 110 
0 2 125 
0 15 242 
0 33 182 
0 8 258 
0 25 137 
0 18 168 
0 25 211 
0 35 177 
0 38 184 
0 44 202 
0 14 72 
0 12 241 
0 12 176 
0 2 200 
0 11 114 
0 20 111 
0 23 126 
0 9 196 
0 2 201 
0 7 183 
0 18 161 
0 20 78 
0 17 306 
0 16 182 
0 4 121 
0 2 127 
0 55 155 
0 13 220 
0 23 162 
0 1 156 
0 16 209 
0 30 156 
0 7 144 
0 18 100 
0 0 232 
0 15 194 
0 4 278 
0 8 147 
0 9 128 
0 3 123 
0 12 132 
0 29 165 
0 10 153 
0 4 135 
0 33 97 
0 11 136 
0 11 188 
0 11 188 
0 4 211 
0 25 165 
0 40 214 
0 11 167 
0 15 120 
0 10 245 
0 6 200 
0 40 104 
0 11 82 
0 2 304 
0 10 187 
0 4 158 
0 20 140 
0 0 168 
0 73 168 
0 46 109 
0 6 65 
0 0 185 
0 13 133 
0 0 268 
0 8 184 
0 32 110 
0 0 144 
0 1 200 
0 2 176 
0 3 300 
0 31 216 
0 5 107 
0 16 161 
0 14 175 
0 14 334 
0 7 90 
0 0 161 
0 53 78 
0 22 142 
0 18 97 
0 12 254 
0 10 158 
0 2 139 
0 4 215 
0 28 137 
0 3 204 
0 15 183 
0 7 164 
0 9 242 
0 21 115 
0 18 114 
0 9 285 
0 0 116 
0 8 217 
0 11 172 
0 34 141 
0 4 228 
0 20 154 
0 77 145 
0 1 224 
0 2 210 
0 28 173 
0 36 217 
0 27 110 
0 14 153 
0 3 197 
0 13 159 
0 12 121 
0 18 224 
0 0 149 
0 10 167 
0 13 141 
0 4 185 
0 10 166 
0 37 170 
0 0 132 
0 27 92 
0 19 164 
0 13 191 
0 22 121 
0 6 169 
0 32 87 
0 36 85 
0 14 92 
0 4 155 
0 5 295 
0 4 125 
0 56 191 
0 8 141 
0 10 181 
0 3 124 
0 12 172 
0 11 201 
0 13 203 
0 8 147 
0 11 282 
0 37 120 
0 11 168 
0 0 143 
0 25 168 
0 22 139 
0 9 270 
0 7 176 
0 8 216 
0 10 183 
0 6 201 
0 0 108 
0 20 114 
0 34 188 
0 11 213 
0 17 197 
0 15 109 
0 26 206 
0 24 141 
0 7 245 
0 18 114 
0 24 139 
