0 23 75 
0 24 69 
0 36 59 
0 24 68 
0 21 124 
0 46 129 
0 43 142 
0 30 142 
0 78 49 
0 39 53 
0 29 70 
0 20 121 
0 29 54 
0 17 122 
0 35 74 
0 34 94 
0 110 33 
0 5 192 
0 42 141 
0 46 72 
0 44 48 
0 34 57 
0 38 103 
0 30 97 
0 49 70 
0 35 106 
0 30 207 
0 15 50 
0 37 102 
0 49 87 
0 28 56 
0 30 44 
0 27 76 
0 15 38 
0 43 119 
0 10 45 
0 51 60 
0 17 61 
0 31 130 
0 13 124 
0 40 116 
0 17 178 
0 41 103 
0 44 59 
0 17 93 
0 5 40 
0 12 42 
0 26 109 
0 62 46 
0 10 99 
0 34 35 
0 12 78 
0 5 27 
0 13 106 
0 34 156 
0 26 74 
0 34 100 
0 33 56 
0 16 146 
0 29 112 
0 15 63 
0 23 88 
0 2 150 
0 18 100 
0 21 67 
0 42 50 
0 46 46 
0 14 55 
0 9 81 
0 32 39 
0 36 82 
0 56 57 
0 27 64 
0 35 98 
0 3 116 
0 22 112 
0 50 28 
0 22 110 
0 34 131 
0 13 76 
0 11 114 
0 13 87 
0 33 49 
0 12 97 
0 39 62 
0 23 54 
0 37 113 
0 26 44 
0 16 149 
0 28 104 
0 0 135 
0 77 85 
0 35 109 
0 22 46 
0 31 107 
0 21 30 
0 16 111 
0 43 58 
0 31 69 
0 39 61 
0 8 134 
0 38 95 
0 11 59 
0 49 49 
0 7 112 
0 17 93 
0 42 71 
0 10 63 
0 31 173 
0 24 85 
0 26 129 
0 13 33 
0 28 117 
0 23 80 
0 21 100 
0 41 134 
0 13 114 
0 24 79 
0 54 117 
0 22 68 
0 80 58 
0 10 40 
0 23 32 
0 43 36 
0 32 49 
0 25 49 
0 29 198 
0 48 76 
0 87 129 
0 26 66 
0 33 109 
0 36 109 
0 32 48 
0 49 101 
0 29 76 
0 14 64 
0 21 116 
0 49 21 
0 10 78 
0 43 176 
0 26 95 
0 25 151 
0 16 32 
0 26 85 
0 20 191 
0 2 117 
0 3 99 
0 58 92 
0 33 52 
0 61 62 
0 66 75 
0 56 23 
0 32 85 
0 33 112 
0 71 80 
0 46 119 
0 28 123 
0 9 141 
0 28 74 
0 11 91 
0 28 85 
0 6 41 
0 23 161 
0 27 105 
0 30 72 
0 0 47 
0 39 40 
0 16 122 
0 29 133 
0 18 70 
0 3 130 
0 30 73 
0 47 96 
0 49 129 
0 10 111 
0 44 108 
0 34 110 
0 51 81 
0 20 67 
0 29 74 
0 16 76 
0 18 36 
0 65 122 
0 42 79 
0 42 84 
0 24 143 
0 50 88 
0 25 129 
0 23 103 
0 21 95 
0 37 57 
0 19 46 
0 107 80 
0 31 118 
0 42 68 
0 7 176 
0 57 143 
0 33 82 
0 18 67 
0 41 39 
0 45 140 
0 4 126 
0 26 104 
0 30 91 
0 27 48 
0 16 82 
0 16 195 
0 65 61 
0 16 49 
0 31 57 
0 34 81 
0 19 63 
0 19 109 
0 62 37 
0 26 102 
0 30 93 
0 13 64 
0 29 73 
0 29 46 
0 32 163 
0 4 79 
0 27 112 
0 41 127 
0 56 92 
0 21 174 
0 5 107 
0 18 41 
0 5 146 
0 34 88 
0 11 68 
0 2 40 
0 63 136 
0 8 58 
0 17 119 
0 68 81 
0 22 231 
0 36 90 
0 23 38 
0 33 58 
0 48 125 
0 21 38 
0 19 194 
0 7 89 
0 10 113 
0 27 125 
0 39 86 
0 42 40 
0 8 114 
0 9 68 
0 22 112 
0 6 88 
0 84 134 
0 25 168 
0 32 58 
0 12 191 
0 28 24 
0 91 133 
0 14 52 
0 40 133 
0 36 77 
0 31 150 
0 4 126 
0 47 77 
0 11 58 
0 13 105 
0 97 88 
0 54 107 
0 57 70 
0 40 182 
0 14 100 
0 59 113 
0 36 137 
0 12 70 
0 87 50 
0 61 140 
0 8 274 
0 34 67 
0 31 88 
0 14 134 
0 17 70 
0 21 77 
0 10 88 
0 16 44 
0 20 129 
0 5 125 
0 18 70 
0 29 78 
0 53 7 
0 15 128 
0 28 55 
0 6 69 
0 4 73 
0 8 81 
0 16 131 
0 23 35 
0 35 54 
0 17 46 
0 42 95 
0 50 25 
0 36 57 
0 13 82 
0 7 169 
0 68 128 
0 7 83 
0 14 135 
0 43 87 
0 19 31 
0 14 71 
0 13 76 
0 37 118 
0 49 79 
0 28 147 
0 13 62 
0 36 83 
0 0 99 
0 16 104 
0 16 142 
0 18 98 
0 27 208 
0 17 146 
0 74 118 
0 33 81 
0 46 286 
0 12 134 
0 13 65 
0 40 74 
0 70 93 
0 6 141 
0 17 36 
0 37 167 
0 16 104 
0 13 52 
0 49 75 
0 13 99 
0 67 138 
0 39 131 
0 15 63 
0 8 197 
0 19 126 
0 28 89 
0 4 157 
0 18 88 
0 47 73 
0 13 35 
0 19 103 
0 60 50 
0 33 117 
0 12 117 
0 31 70 
0 46 96 
0 23 110 
0 66 129 
0 38 165 
0 23 78 
0 2 136 
0 53 51 
0 74 62 
0 13 74 
0 17 110 
0 14 39 
0 17 108 
0 9 130 
0 10 103 
0 20 91 
0 22 49 
0 25 81 
0 15 57 
0 52 59 
0 42 100 
0 8 116 
0 33 70 
0 0 82 
0 33 59 
0 10 136 
0 32 30 
0 47 89 
0 19 95 
0 32 48 
0 16 133 
0 51 86 
0 20 60 
0 43 147 
0 60 93 
0 51 65 
0 28 181 
0 29 116 
0 16 72 
0 20 29 
0 5 74 
0 20 28 
0 16 32 
0 33 109 
0 20 134 
0 22 77 
0 29 65 
0 28 118 
0 34 21 
0 51 123 
0 12 119 
0 36 123 
0 4 22 
0 12 141 
0 3 8 
0 33 42 
0 6 155 
0 8 73 
0 32 54 
0 6 87 
0 26 114 
0 22 108 
0 25 181 
0 9 156 
0 16 39 
0 17 155 
0 35 103 
0 27 102 
0 19 70 
0 17 64 
0 28 88 
0 39 75 
0 16 117 
0 29 115 
0 53 46 
0 5 56 
0 113 66 
0 42 118 
0 16 39 
0 25 96 
0 25 68 
0 18 109 
0 11 62 
0 18 89 
0 18 98 
0 45 117 
0 13 79 
0 10 69 
0 0 109 
0 10 74 
0 47 121 
0 14 103 
0 14 77 
0 25 104 
0 40 65 
0 13 122 
0 30 124 
0 14 71 
0 31 49 
0 18 85 
0 37 74 
0 16 78 
0 22 107 
0 45 91 
0 11 66 
0 28 137 
0 14 96 
0 49 101 
0 45 62 
0 15 275 
0 15 113 
0 34 22 
0 33 84 
0 4 71 
0 40 38 
0 5 26 
0 37 99 
0 52 87 
0 65 51 
0 13 93 
0 21 85 
0 19 152 
0 38 67 
0 25 54 
0 25 87 
0 30 107 
0 26 50 
0 36 87 
0 30 83 
0 56 73 
0 59 94 
0 18 197 
0 19 158 
0 12 98 
0 11 80 
0 15 100 
0 10 57 
0 5 95 
0 25 165 
0 49 134 
0 27 116 
0 25 109 
0 11 54 
0 23 163 
0 39 50 
0 31 108 
0 25 97 
0 6 110 
0 32 37 
0 8 232 
0 15 62 
0 7 73 
0 10 23 
0 12 43 
0 45 86 
0 15 49 
0 33 146 
0 41 30 
0 21 43 
0 55 45 
0 33 148 
0 53 77 
0 35 101 
0 4 138 
0 33 126 
0 43 54 
0 16 119 
0 31 49 
0 20 107 
0 69 87 
0 21 40 
0 5 84 
0 22 77 
0 14 87 
0 14 110 
0 9 57 
0 30 178 
0 48 159 
0 26 39 
0 42 197 
0 42 61 
0 50 130 
0 30 167 
0 14 160 
0 39 133 
0 33 58 
0 3 118 
0 29 69 
0 24 69 
0 10 49 
0 9 41 
0 37 58 
0 34 70 
0 32 39 
0 49 46 
0 15 92 
0 12 45 
0 17 86 
0 13 88 
0 32 47 
0 6 158 
0 38 168 
0 21 131 
0 19 39 
0 32 66 
0 26 95 
0 43 69 
0 51 48 
0 30 42 
0 18 120 
0 50 31 
0 13 68 
0 29 54 
0 46 117 
0 4 44 
0 29 173 
0 46 87 
0 29 97 
0 39 101 
0 35 86 
0 7 60 
0 47 54 
0 37 61 
0 22 38 
0 17 141 
0 41 94 
0 13 141 
0 58 18 
0 15 63 
0 5 47 
0 9 161 
0 34 75 
0 24 57 
0 26 69 
0 19 102 
0 12 66 
0 53 65 
0 28 97 
0 5 86 
0 14 78 
0 42 84 
0 5 17 
0 19 163 
0 4 93 
0 22 179 
0 12 24 
0 25 29 
0 8 82 
0 68 41 
0 35 61 
0 15 71 
0 21 49 
0 33 61 
0 30 134 
0 26 123 
0 47 101 
0 40 75 
0 34 114 
0 21 114 
0 12 129 
0 27 46 
0 33 81 
0 6 104 
0 16 64 
0 37 86 
0 13 36 
0 19 61 
0 20 128 
0 19 112 
0 28 77 
0 37 128 
0 22 69 
0 33 58 
0 46 86 
0 27 146 
0 26 62 
0 37 77 
0 21 85 
0 6 117 
0 22 57 
0 28 114 
0 22 75 
0 20 43 
0 32 139 
0 15 110 
0 17 70 
0 9 127 
0 27 76 
0 44 73 
0 30 117 
0 14 62 
0 24 87 
0 31 156 
0 4 114 
0 32 78 
0 23 42 
0 2 77 
0 6 237 
0 26 40 
0 15 55 
0 29 100 
0 51 159 
0 49 74 
0 63 34 
0 36 132 
0 1 35 
0 55 146 
0 25 69 
0 51 45 
0 21 107 
0 28 80 
0 22 71 
0 44 125 
0 9 30 
0 14 156 
0 65 100 
0 10 67 
0 21 35 
0 28 51 
0 22 76 
0 29 121 
0 38 45 
0 17 93 
0 20 82 
0 17 89 
0 43 60 
0 54 77 
0 47 49 
0 17 167 
0 28 25 
0 17 90 
0 35 112 
0 50 95 
0 35 101 
0 7 111 
0 64 99 
0 20 95 
0 12 85 
0 17 54 
0 19 98 
0 27 43 
0 44 245 
0 8 21 
0 9 210 
0 26 167 
0 40 46 
0 35 108 
0 28 124 
0 19 74 
0 27 74 
0 16 106 
0 20 76 
0 20 85 
0 48 79 
0 35 63 
0 43 122 
0 12 102 
0 8 65 
0 42 73 
0 26 72 
0 28 77 
0 51 57 
0 22 135 
0 3 133 
0 16 71 
0 13 50 
0 45 67 
0 24 125 
0 71 140 
0 13 119 
0 31 126 
0 38 88 
0 30 73 
0 36 56 
0 31 66 
0 53 114 
0 52 45 
0 51 78 
0 10 64 
0 19 75 
0 42 127 
0 13 82 
0 18 75 
0 7 92 
0 48 75 
0 39 34 
0 38 47 
0 31 53 
0 42 98 
0 46 89 
0 17 124 
0 14 51 
0 77 104 
0 39 49 
0 8 80 
0 29 107 
0 5 51 
0 17 79 
0 39 87 
0 13 88 
0 37 158 
0 5 33 
0 27 140 
0 22 67 
0 27 95 
0 43 61 
0 43 109 
0 25 107 
0 73 90 
0 27 118 
0 8 79 
0 38 118 
0 29 42 
0 13 46 
0 53 20 
0 17 66 
0 26 63 
0 26 44 
0 29 151 
0 22 81 
0 0 242 
0 60 118 
0 2 106 
0 24 67 
0 56 109 
0 44 111 
0 35 52 
0 22 104 
0 7 106 
0 20 48 
0 35 112 
0 52 138 
0 24 54 
0 31 36 
0 3 69 
0 25 58 
0 12 80 
0 26 160 
0 34 27 
0 37 111 
0 36 100 
0 34 82 
0 56 25 
0 26 82 
0 3 46 
0 31 86 
0 42 54 
0 28 102 
0 23 166 
0 15 103 
0 18 83 
0 25 119 
0 14 141 
0 27 74 
0 3 23 
0 34 127 
0 11 86 
0 19 102 
0 27 151 
0 6 108 
0 7 62 
0 22 99 
0 13 102 
0 38 61 
0 31 82 
0 23 94 
0 23 43 
0 39 74 
0 14 39 
0 16 77 
0 25 54 
0 26 42 
0 29 111 
0 12 120 
0 13 82 
0 50 87 
0 26 107 
0 19 37 
0 14 73 
0 20 134 
0 46 44 
0 46 110 
0 34 84 
0 19 50 
0 31 92 
0 26 75 
0 16 202 
0 14 74 
0 21 45 
0 10 62 
0 9 109 
0 22 108 
0 39 135 
0 28 292 
0 31 98 
0 15 26 
0 13 111 
0 35 60 
0 12 92 
0 16 129 
0 38 95 
0 15 108 
0 72 176 
0 40 74 
0 27 161 
0 5 102 
0 29 27 
0 20 35 
0 23 83 
0 15 103 
0 16 97 
0 25 91 
0 37 67 
0 1 69 
0 12 61 
0 6 95 
0 29 105 
0 12 112 
0 2 141 
0 43 214 
0 21 55 
0 15 74 
0 29 65 
0 16 46 
0 34 130 
0 41 26 
0 10 201 
0 29 141 
0 36 107 
0 4 106 
0 26 93 
0 25 188 
0 44 103 
0 22 179 
0 1 31 
0 21 46 
0 18 54 
0 33 30 
0 7 32 
0 12 178 
0 27 79 
0 17 162 
0 43 84 
0 16 73 
0 23 106 
0 45 17 
0 18 60 
0 4 33 
0 8 104 
0 11 106 
0 8 104 
0 19 91 
0 29 23 
0 21 94 
0 21 95 
0 42 154 
0 31 60 
0 24 67 
0 25 81 
0 73 30 
0 39 74 
0 29 27 
0 5 111 
0 21 43 
0 2 77 
0 5 85 
0 22 125 
0 58 75 
0 19 78 
0 26 60 
0 71 104 
0 49 77 
0 13 89 
0 15 50 
0 17 132 
0 16 26 
0 32 117 
0 24 89 
0 56 114 
0 33 45 
0 38 50 
0 19 83 
0 41 107 
0 27 104 
0 36 95 
0 11 95 
0 21 59 
0 22 61 
0 27 86 
0 39 177 
0 22 97 
0 43 70 
0 15 121 
0 33 79 
0 30 46 
0 1 74 
0 22 99 
0 26 126 
0 31 73 
0 7 109 
0 50 160 
0 49 131 
0 67 151 
0 0 138 
0 31 69 
0 15 48 
0 26 167 
0 18 71 
0 92 96 
0 31 116 
0 9 57 
0 12 122 
0 13 59 
0 20 85 
0 30 79 
0 14 39 
0 11 109 
0 21 56 
0 80 127 
0 66 41 
0 21 42 
0 10 51 
0 13 298 
0 50 126 
0 40 77 
0 31 172 
0 15 70 
0 42 44 
0 23 86 
0 39 61 
0 20 130 
0 9 152 
0 20 141 
0 7 52 
0 31 142 
0 40 85 
0 76 41 
0 49 38 
0 41 86 
0 12 96 
0 27 118 
0 23 46 
0 82 46 
0 42 41 
0 19 152 
0 27 75 
0 11 156 
0 36 168 
0 30 154 
0 33 109 
0 29 113 
0 25 46 
