0 47 285 31 0 
0 11 290 8 0 
7 40 306 10 0 
1 20 324 146 0 
1 58 238 77 0 
0 31 317 42 0 
1 7 369 7 0 
0 38 251 89 0 
0 37 321 20 0 
0 38 379 9 0 
0 61 295 26 0 
6 2 346 14 0 
0 44 364 3 0 
0 45 252 74 0 
0 55 293 99 0 
0 10 404 2 0 
0 64 397 99 0 
0 49 304 39 0 
0 97 323 19 0 
1 43 264 39 0 
0 14 366 31 0 
0 7 300 62 0 
0 31 300 45 0 
1 9 333 33 0 
0 66 361 0 0 
0 66 371 89 0 
1 60 257 21 0 
1 77 300 80 0 
0 49 229 28 0 
0 26 344 30 0 
0 20 640 9 0 
0 17 191 67 0 
0 22 403 32 0 
0 3 580 13 0 
0 101 225 15 0 
0 45 345 10 0 
1 122 301 42 0 
0 48 233 50 0 
0 41 262 11 0 
0 48 330 6 0 
0 19 389 104 0 
0 21 237 26 0 
0 20 178 20 0 
0 17 333 37 0 
0 34 309 21 0 
0 44 247 43 0 
0 0 275 43 0 
0 44 244 79 0 
0 9 301 114 0 
0 14 465 119 0 
0 31 278 44 0 
0 29 269 114 0 
0 21 383 10 0 
0 28 380 45 0 
0 23 255 150 0 
0 2 297 75 0 
0 29 362 142 0 
0 25 337 49 0 
0 22 362 82 0 
0 91 303 2 0 
8 39 358 32 0 
8 99 167 43 0 
11 11 336 39 0 
0 60 256 35 0 
0 33 415 67 0 
0 13 260 36 0 
1 14 284 38 0 
0 12 422 2 0 
0 24 491 4 0 
0 17 198 32 0 
0 108 275 39 0 
0 112 342 4 0 
2 72 339 10 0 
0 65 388 13 0 
1 72 233 28 0 
1 61 292 53 0 
0 37 407 52 0 
1 25 286 78 0 
0 34 349 14 0 
0 33 556 40 0 
0 19 477 11 0 
0 0 283 32 0 
0 108 277 38 0 
0 80 250 53 0 
0 6 351 31 0 
0 82 330 154 0 
0 32 223 36 0 
0 5 260 37 0 
0 32 235 57 0 
0 8 322 76 0 
3 1 397 43 0 
0 75 258 7 0 
0 0 438 17 0 
0 22 310 56 0 
0 101 164 14 0 
0 15 361 65 0 
0 24 607 113 0 
4 7 294 87 0 
0 61 437 48 0 
2 92 196 72 0 
0 37 391 13 0 
0 80 475 3 0 
0 340 276 11 0 
0 31 391 13 0 
0 6 350 74 0 
3 20 375 2 0 
0 325 298 0 0 
0 11 423 2 0 
4 21 306 36 0 
0 56 301 84 0 
9 19 461 16 0 
0 84 283 66 0 
2 22 169 206 0 
0 21 455 61 0 
0 28 332 41 0 
0 13 420 43 0 
1 1 279 61 0 
0 43 198 6 0 
0 13 301 119 0 
0 29 444 12 0 
0 18 235 1 0 
0 1 298 5 0 
0 1 266 28 0 
0 29 405 63 0 
1 18 328 65 0 
0 49 456 7 0 
0 60 314 13 0 
0 124 383 25 0 
0 9 273 3 0 
0 5 281 31 0 
1 13 245 112 0 
3 22 272 65 0 
0 13 296 3 0 
30 18 401 5 0 
0 85 324 3 0 
1 7 486 21 0 
0 88 299 24 0 
0 16 253 12 0 
0 75 554 124 0 
0 9 294 21 0 
0 13 301 8 0 
0 43 278 24 0 
0 10 253 54 0 
0 88 371 0 0 
1 16 354 12 0 
0 22 305 50 0 
0 43 368 35 0 
0 102 279 39 0 
0 140 387 55 0 
0 50 526 37 0 
0 41 291 76 0 
0 40 258 46 0 
1 37 257 43 0 
0 23 243 94 0 
0 13 382 1 0 
0 129 259 14 0 
3 14 305 46 0 
0 9 327 81 0 
0 51 308 4 0 
3 106 300 19 0 
0 14 374 25 0 
1 24 261 13 0 
0 100 267 5 0 
7 24 318 13 0 
2 29 385 107 0 
0 32 247 30 0 
0 23 334 23 0 
1 29 195 46 0 
0 73 342 23 0 
0 19 481 8 0 
1 47 425 5 0 
0 39 184 88 0 
3 60 260 59 0 
0 103 142 37 0 
0 25 345 150 0 
0 5 353 100 0 
0 33 521 21 0 
0 55 396 11 0 
0 0 362 6 0 
0 8 309 14 0 
0 19 284 75 0 
0 73 250 29 0 
0 80 290 30 0 
2 65 330 23 0 
0 30 318 48 0 
0 18 518 48 0 
7 10 335 6 0 
0 5 332 16 0 
6 27 440 9 0 
0 38 252 34 0 
0 144 247 15 0 
0 16 160 125 0 
0 47 287 145 0 
2 57 449 85 0 
0 10 257 79 0 
0 10 267 58 0 
0 30 372 45 0 
0 74 262 22 0 
0 70 260 81 0 
0 63 264 11 0 
4 0 417 12 0 
5 49 235 72 0 
0 31 227 43 0 
1 5 403 27 0 
0 25 444 18 0 
0 116 252 43 0 
0 14 316 114 0 
2 19 244 39 0 
0 33 393 45 0 
0 55 200 5 0 
0 54 250 27 0 
0 16 386 2 0 
0 1 326 135 0 
0 19 365 13 0 
0 7 298 52 0 
9 32 304 0 0 
0 13 288 50 0 
0 74 306 23 0 
0 45 242 6 0 
0 19 328 23 0 
0 37 474 39 0 
1 65 286 2 0 
2 42 344 62 0 
0 8 367 76 0 
0 8 487 36 0 
0 26 355 0 0 
0 15 311 20 0 
0 30 188 48 0 
0 63 206 194 0 
1 40 406 29 0 
1 3 239 6 0 
0 2 194 158 0 
0 25 217 2 0 
0 164 142 99 0 
0 26 258 3 0 
0 7 226 61 0 
0 16 236 68 0 
0 11 470 0 0 
0 12 316 21 0 
0 40 368 65 0 
0 100 453 49 0 
0 16 212 9 0 
0 6 374 39 0 
0 102 229 126 0 
0 26 422 62 0 
0 29 395 15 0 
0 48 287 9 0 
0 39 426 14 0 
5 51 505 47 13 
3 1 353 43 0 
0 33 263 56 0 
1 58 192 6 0 
8 414 196 24 0 
0 53 171 18 0 
0 2 310 32 0 
0 59 284 28 0 
0 11 381 41 0 
0 11 253 66 0 
0 74 428 53 0 
0 7 320 38 0 
2 24 306 14 0 
0 29 166 23 0 
0 21 238 49 0 
5 64 243 5 0 
0 1 399 68 0 
0 26 428 48 0 
0 27 359 2 0 
9 35 344 31 0 
6 57 214 82 0 
0 47 450 35 0 
0 124 225 23 0 
0 64 392 15 0 
0 14 242 49 0 
0 36 194 167 0 
2 76 439 8 0 
9 54 242 72 0 
0 29 420 24 0 
0 69 124 34 0 
0 56 332 28 0 
0 49 249 20 0 
0 78 322 113 0 
0 21 387 0 0 
0 19 340 30 0 
0 40 261 23 0 
0 8 239 82 0 
0 20 279 1 0 
0 37 237 80 0 
1 85 190 25 0 
0 14 476 53 0 
0 35 328 46 0 
0 30 267 65 0 
0 3 216 35 0 
6 23 248 23 0 
0 218 533 17 0 
0 27 367 27 0 
0 49 151 45 0 
0 247 177 73 0 
2 25 348 33 0 
0 43 402 21 0 
0 39 298 23 0 
1 61 352 30 0 
0 26 433 20 0 
0 28 424 3 0 
0 18 328 14 0 
0 59 410 31 0 
2 73 210 80 0 
0 51 412 11 0 
1 38 295 80 0 
3 68 326 90 0 
0 13 291 81 0 
0 27 304 46 0 
0 31 373 68 0 
0 71 325 16 0 
0 18 309 160 0 
0 62 379 48 0 
0 7 329 112 0 
0 31 227 32 0 
0 21 218 72 0 
0 29 233 37 0 
0 42 323 30 0 
3 40 331 37 0 
0 111 309 47 0 
0 14 346 15 7 
0 32 341 4 0 
0 24 548 15 0 
0 74 163 63 0 
0 17 457 75 0 
0 54 255 1 0 
0 86 326 46 0 
0 0 349 16 0 
0 94 320 13 0 
0 69 354 39 0 
0 1 193 112 0 
0 57 276 56 0 
0 18 245 1 0 
0 120 221 12 0 
1 14 197 61 0 
0 13 443 55 0 
0 77 248 57 0 
0 35 264 12 0 
1 6 261 4 0 
0 30 332 107 0 
0 18 358 74 0 
0 54 185 47 0 
1 157 190 43 0 
0 64 310 26 0 
1 50 235 111 0 
4 38 354 1 0 
0 81 262 17 0 
8 33 206 36 0 
1 79 299 58 0 
0 32 257 11 0 
0 15 347 25 0 
0 34 258 65 0 
0 52 281 54 0 
0 17 351 6 0 
0 56 361 5 0 
21 28 384 6 0 
0 144 274 32 0 
0 2 505 8 0 
0 8 287 14 0 
0 5 251 129 1 
0 28 329 10 0 
0 15 112 67 0 
0 20 158 17 0 
0 13 393 44 0 
0 66 463 46 0 
0 6 336 72 0 
0 21 420 12 0 
0 78 395 71 0 
0 77 222 49 0 
0 53 560 28 0 
0 8 289 17 0 
0 8 518 10 0 
0 46 295 10 0 
0 3 346 26 0 
0 89 294 16 0 
0 32 270 28 0 
0 62 174 26 0 
0 51 232 104 0 
0 52 228 4 0 
14 41 256 35 0 
0 23 400 1 0 
0 15 248 50 0 
0 54 301 31 0 
0 17 176 17 0 
0 56 244 16 0 
0 43 244 14 0 
0 13 377 1 0 
0 7 324 55 0 
3 42 400 56 0 
0 75 364 10 0 
0 42 215 105 0 
1 101 385 30 0 
4 74 199 52 0 
0 127 183 14 0 
4 1 444 25 0 
0 5 314 189 0 
0 7 221 34 0 
0 90 290 29 0 
0 4 456 58 0 
0 108 200 4 0 
0 36 411 1 0 
0 40 234 4 0 
0 92 299 55 0 
0 97 382 27 0 
7 89 225 62 0 
0 67 254 33 0 
0 16 413 144 0 
0 82 377 5 0 
20 112 156 38 0 
0 78 305 86 0 
4 50 252 31 0 
0 38 195 32 0 
0 47 213 27 0 
0 19 297 45 0 
0 92 338 4 0 
0 18 269 52 0 
1 28 294 31 0 
3 98 401 16 0 
1 23 260 103 0 
2 33 404 18 0 
0 28 278 106 0 
0 41 385 6 0 
1 58 267 37 0 
1 17 350 4 0 
0 57 381 26 0 
1 89 255 119 0 
1 17 456 11 0 
0 35 299 33 0 
0 2 210 129 0 
1 48 266 27 0 
0 12 274 16 0 
0 27 304 12 0 
0 49 292 63 0 
15 18 301 21 0 
0 71 242 16 0 
1 14 365 32 0 
0 12 396 193 0 
0 83 165 132 0 
0 20 182 4 0 
2 20 306 24 0 
0 1 373 114 0 
0 28 289 209 0 
0 40 359 25 0 
0 23 370 43 0 
0 20 351 11 0 
0 82 459 67 0 
0 64 353 5 0 
2 24 254 36 0 
0 15 472 39 0 
1 45 228 22 0 
0 17 252 93 0 
0 41 300 62 0 
4 30 363 25 0 
2 22 405 4 0 
0 80 420 104 0 
0 9 304 87 0 
0 2 367 13 0 
2 61 316 41 0 
0 56 232 10 0 
0 0 313 93 0 
1 27 285 84 0 
0 59 386 17 0 
0 19 423 45 0 
0 24 338 29 0 
1 25 182 56 0 
0 12 367 89 0 
0 15 338 25 0 
0 9 273 7 0 
0 19 340 5 0 
0 77 248 2 0 
0 32 300 26 0 
0 66 270 49 0 
1 36 353 16 0 
0 3 197 10 0 
0 61 157 91 0 
0 11 504 7 0 
0 17 396 7 0 
1 149 240 28 0 
0 1 352 40 0 
0 51 335 29 0 
0 31 341 26 0 
0 175 183 13 0 
0 108 242 8 0 
0 68 206 15 0 
0 16 255 6 0 
0 21 249 61 0 
0 45 348 41 0 
0 95 344 59 0 
1 70 220 77 0 
0 70 231 7 0 
2 14 320 88 0 
0 138 283 14 0 
0 55 176 6 0 
0 63 269 87 0 
0 36 342 45 0 
0 18 273 32 0 
1 4 367 51 0 
0 1 407 114 0 
0 55 123 10 0 
0 39 210 89 0 
0 83 372 69 0 
0 13 271 28 0 
0 55 250 143 0 
0 251 171 32 0 
0 27 308 44 0 
2 26 325 25 0 
2 38 403 138 0 
0 67 246 42 1 
0 100 291 1 0 
0 38 161 93 0 
1 30 219 126 0 
0 46 220 124 2 
0 48 279 53 0 
1 73 294 68 0 
3 45 210 28 0 
1 47 406 8 0 
0 7 448 64 0 
0 53 260 31 0 
4 74 237 11 0 
0 33 289 14 0 
3 38 281 50 0 
0 0 424 140 0 
0 62 235 64 0 
4 45 356 7 0 
1 2 305 66 0 
1 116 276 95 0 
2 38 291 28 0 
0 159 208 42 0 
0 18 415 85 0 
0 15 362 114 0 
0 33 394 110 0 
0 18 366 1 0 
0 8 198 37 0 
6 35 395 157 0 
0 12 292 23 0 
0 30 295 33 0 
0 20 196 80 0 
0 13 375 66 0 
0 36 440 60 0 
1 38 305 22 0 
0 3 220 16 0 
0 56 310 79 0 
6 45 315 33 0 
0 51 303 76 0 
0 16 319 55 0 
0 7 199 96 0 
0 37 381 23 0 
0 12 346 69 0 
1 18 284 24 0 
0 15 357 26 0 
2 8 343 82 0 
0 128 226 3 0 
0 44 266 65 0 
0 23 400 8 0 
0 21 338 42 0 
0 42 532 36 0 
9 68 293 4 0 
0 149 224 15 0 
0 65 153 108 0 
1 34 252 69 0 
0 7 387 29 0 
15 48 341 22 0 
2 20 351 26 0 
0 168 365 24 0 
0 19 676 34 0 
5 32 423 38 0 
0 37 396 45 0 
0 67 236 2 0 
0 2 277 16 0 
0 45 345 12 0 
0 18 332 124 0 
0 50 479 19 0 
0 62 301 61 0 
0 25 372 27 0 
0 7 258 22 0 
0 19 362 5 0 
0 12 353 64 0 
0 65 284 36 7 
0 28 273 9 0 
0 15 249 5 0 
0 32 348 48 0 
2 9 251 36 0 
0 31 337 31 0 
0 57 276 40 0 
1 100 384 10 0 
0 18 298 38 0 
0 15 311 27 0 
0 13 343 38 0 
0 1 317 19 0 
0 11 345 10 0 
0 109 335 19 0 
0 40 271 34 0 
1 34 456 1 0 
0 17 331 59 0 
2 121 198 51 0 
1 56 298 26 0 
3 42 333 59 0 
1 5 305 94 0 
0 51 295 40 0 
1 25 330 57 0 
0 6 343 112 0 
1 49 265 24 0 
1 28 440 0 0 
3 24 295 33 0 
1 64 309 19 0 
0 11 288 3 0 
0 20 299 77 0 
0 14 357 75 0 
1 60 392 5 0 
1 16 219 22 0 
0 27 328 19 0 
0 1 328 71 0 
0 16 354 12 0 
0 20 246 17 0 
0 8 378 26 0 
0 0 257 65 0 
0 49 220 13 0 
0 18 251 103 0 
0 13 229 56 0 
0 22 360 82 0 
1 18 252 17 0 
0 23 350 46 0 
0 43 266 43 0 
0 0 226 267 0 
1 55 267 34 0 
4 15 363 13 0 
0 57 383 20 0 
0 7 496 58 0 
0 77 212 57 0 
0 4 361 80 0 
0 12 431 52 0 
0 81 208 158 0 
0 7 362 106 0 
3 14 305 9 0 
0 0 321 37 0 
0 3 240 59 0 
0 41 409 55 0 
3 61 167 11 0 
0 13 314 53 0 
0 15 386 41 0 
0 25 298 15 0 
3 111 215 23 0 
0 93 279 12 0 
0 71 170 112 0 
3 29 317 46 0 
0 50 309 39 0 
0 21 588 41 0 
6 27 184 53 0 
1 53 540 27 0 
0 20 382 54 0 
0 40 252 12 0 
0 32 564 70 0 
2 38 472 0 0 
2 24 233 16 0 
0 33 351 51 0 
0 24 454 49 0 
0 85 278 8 0 
0 142 176 13 0 
0 38 472 21 0 
0 25 261 34 0 
0 49 223 46 0 
0 46 252 58 0 
0 2 342 42 0 
0 109 395 74 0 
0 23 344 44 0 
0 6 287 26 0 
1 25 390 30 0 
0 77 283 41 0 
0 26 343 53 0 
0 91 252 11 0 
0 21 426 85 0 
0 45 431 3 0 
0 12 439 25 0 
0 30 353 61 0 
3 35 220 25 0 
0 61 199 41 0 
0 53 221 68 0 
0 37 357 59 0 
0 40 330 50 0 
3 59 254 66 0 
0 21 210 74 0 
5 0 321 196 0 
0 83 380 96 0 
0 8 255 50 0 
0 72 181 9 0 
0 11 344 35 0 
0 83 309 28 0 
1 10 461 24 0 
1 0 394 39 0 
0 14 279 36 0 
0 36 342 16 0 
3 36 286 50 0 
0 38 515 30 0 
0 129 243 72 0 
0 59 291 10 0 
0 61 345 50 0 
0 40 413 0 0 
0 47 272 14 0 
0 20 265 17 0 
0 38 391 39 0 
0 21 243 16 0 
13 51 300 65 0 
0 20 377 48 0 
0 20 283 12 0 
0 32 288 80 0 
0 18 253 23 0 
0 9 367 16 0 
0 4 532 3 0 
0 50 194 44 0 
0 33 343 29 0 
0 14 564 29 0 
0 1 331 11 0 
0 61 154 12 0 
4 1 602 8 0 
13 52 187 102 0 
0 0 413 59 0 
1 11 394 140 0 
4 48 414 3 0 
0 19 302 118 0 
2 14 227 10 0 
0 62 259 139 0 
0 43 399 9 0 
0 2 186 63 0 
0 87 283 0 0 
0 85 291 50 0 
0 103 419 32 0 
0 47 359 7 0 
0 170 360 46 0 
18 7 189 37 0 
3 17 228 22 0 
0 27 241 231 0 
0 68 336 16 0 
0 27 383 2 0 
16 92 267 15 0 
0 2 266 8 0 
0 26 213 106 0 
0 0 339 47 0 
0 43 514 18 0 
1 37 364 62 0 
0 44 364 17 0 
0 41 390 8 0 
0 36 350 3 0 
0 39 296 37 0 
0 22 231 6 0 
0 55 341 96 0 
0 21 209 46 0 
0 14 320 7 0 
0 73 242 87 0 
0 7 332 67 0 
0 30 409 13 0 
0 23 366 28 0 
0 49 349 0 0 
0 12 164 10 0 
0 114 252 79 0 
0 2 293 79 0 
1 59 412 1 0 
5 85 283 109 0 
0 1 252 73 0 
0 24 247 41 0 
2 22 202 39 0 
0 54 350 94 0 
0 88 369 53 0 
0 21 451 103 0 
0 19 271 7 0 
0 4 274 40 0 
4 78 187 19 0 
0 57 342 47 0 
0 53 217 14 5 
1 57 362 133 0 
6 7 403 72 0 
0 49 294 1 0 
0 67 348 30 0 
0 28 271 39 0 
4 56 208 23 0 
0 89 351 15 0 
0 5 474 27 0 
0 24 338 0 0 
0 112 415 5 0 
0 97 371 53 0 
0 4 296 8 0 
0 51 229 39 0 
0 46 267 17 0 
1 12 282 83 0 
0 89 326 30 0 
0 10 226 5 0 
0 46 365 21 0 
5 130 370 47 0 
0 16 262 19 0 
0 7 440 15 0 
0 67 189 10 0 
0 31 342 159 0 
0 107 350 12 0 
0 129 314 62 0 
7 39 333 25 0 
0 3 343 112 0 
0 40 330 9 0 
0 20 348 83 0 
0 12 273 86 0 
0 20 399 84 0 
0 50 299 26 0 
0 31 414 26 0 
2 7 310 60 0 
0 40 307 49 0 
0 101 241 75 0 
0 69 169 32 0 
3 12 293 12 0 
1 13 306 16 0 
0 50 234 28 0 
0 16 313 38 0 
0 1 308 18 0 
0 25 312 111 0 
0 50 342 0 0 
1 7 296 14 0 
0 41 339 6 0 
0 37 355 98 0 
0 24 356 10 0 
11 41 399 1 0 
0 15 490 29 0 
23 81 324 26 0 
0 35 412 14 0 
0 4 425 15 0 
0 20 235 19 0 
0 32 326 42 0 
0 30 262 24 0 
0 75 334 47 0 
0 104 270 22 0 
0 52 246 59 0 
0 10 269 43 0 
0 66 345 9 0 
0 78 452 13 0 
0 35 308 224 0 
0 154 294 0 0 
0 5 190 17 0 
0 29 244 61 0 
0 62 273 146 0 
2 37 198 11 0 
0 89 266 84 0 
0 4 288 143 0 
0 124 280 34 0 
0 55 250 64 0 
1 18 274 7 0 
1 73 230 59 0 
1 66 473 10 0 
0 3 297 138 0 
0 55 251 50 2 
0 90 271 98 0 
0 107 370 0 0 
0 87 309 42 0 
0 74 211 33 0 
0 10 279 21 0 
0 27 341 14 0 
0 33 487 4 0 
0 10 222 82 0 
1 42 342 39 0 
0 22 375 60 0 
3 14 358 133 0 
0 24 456 11 0 
0 25 455 36 0 
0 44 477 51 0 
0 49 345 11 0 
0 32 323 32 0 
0 23 280 51 0 
2 42 283 14 0 
1 50 277 34 0 
0 12 265 0 0 
0 50 266 40 0 
0 14 271 25 0 
0 14 341 6 0 
3 0 246 214 0 
0 99 309 97 0 
1 68 497 17 0 
0 71 330 0 0 
0 59 471 55 0 
0 91 226 18 0 
0 12 274 45 0 
2 0 359 52 0 
0 23 227 111 0 
0 31 242 24 0 
1 73 249 27 0 
0 28 371 106 0 
0 14 294 21 0 
0 52 222 114 0 
0 23 544 18 0 
3 16 368 27 0 
1 111 325 28 0 
0 3 288 17 0 
0 68 249 5 0 
0 34 302 55 0 
0 5 303 28 0 
1 21 402 47 0 
1 81 292 11 0 
1 22 310 31 0 
0 30 423 9 0 
3 84 380 48 0 
1 18 312 24 0 
1 12 260 142 0 
0 12 394 20 0 
0 22 536 66 0 
0 116 269 14 0 
0 14 475 39 0 
0 22 366 94 0 
0 99 305 24 0 
0 125 234 62 0 
0 14 278 132 0 
0 21 293 70 0 
1 30 279 42 0 
0 71 316 5 0 
0 12 243 96 0 
2 3 216 35 0 
0 2 233 6 0 
0 119 245 106 0 
5 31 278 29 0 
0 75 298 7 0 
0 0 287 71 0 
0 121 267 18 0 
0 42 330 40 0 
0 30 326 174 0 
6 75 266 12 0 
0 29 305 17 0 
0 22 277 97 0 
0 74 327 168 0 
0 46 412 46 0 
0 3 358 60 0 
3 55 356 16 0 
0 45 189 74 0 
0 18 151 30 0 
0 77 284 95 0 
1 72 231 49 0 
0 49 316 33 0 
0 0 277 13 0 
1 0 302 107 0 
1 112 233 1 0 
0 50 294 2 0 
0 59 317 1 0 
0 62 290 19 0 
0 86 218 44 0 
5 66 244 0 0 
0 6 269 31 0 
0 40 290 5 0 
1 17 336 20 0 
2 16 236 80 0 
1 33 139 94 0 
14 27 412 22 0 
1 109 236 13 0 
0 43 332 184 0 
0 12 311 58 0 
0 34 227 103 0 
3 90 382 7 0 
1 25 284 61 0 
0 36 250 101 0 
2 44 301 7 0 
0 25 286 217 0 
0 131 536 0 0 
0 25 432 3 0 
0 82 220 47 0 
0 30 239 36 0 
0 42 385 111 0 
0 30 415 8 0 
0 6 391 35 0 
5 40 338 43 0 
0 15 437 22 0 
0 26 282 3 0 
0 30 216 8 0 
1 178 277 35 0 
0 13 470 69 0 
1 17 302 47 0 
0 11 362 0 0 
0 61 385 28 0 
0 13 323 39 0 
2 56 240 97 0 
0 26 212 40 0 
1 9 250 13 0 
0 61 284 68 0 
0 40 400 5 0 
0 26 192 32 0 
0 109 313 82 0 
2 79 152 61 0 
2 33 345 38 0 
20 13 380 0 0 
0 19 333 14 0 
0 18 450 116 0 
0 44 276 13 0 
2 39 330 74 0 
0 34 334 82 0 
0 13 496 23 1 
0 45 331 44 0 
0 18 222 54 0 
0 21 401 33 0 
0 66 401 16 0 
0 30 401 185 0 
0 38 285 0 0 
0 67 266 14 0 
0 81 235 18 0 
6 76 165 25 0 
0 19 364 32 1 
0 13 418 22 0 
1 276 329 19 0 
0 7 374 28 0 
