625 217 158 
635 144 221 
638 200 162 
488 235 277 
549 237 214 
593 173 234 
691 217 92 
583 251 166 
606 199 195 
646 199 155 
651 180 169 
696 187 117 
546 267 187 
627 271 102 
634 211 155 
555 236 209 
634 171 195 
647 206 147 
534 244 222 
655 175 170 
568 222 210 
545 239 216 
571 217 212 
580 226 194 
643 192 165 
587 164 249 
609 208 183 
564 255 181 
596 211 193 
592 178 230 
565 266 169 
677 200 123 
640 191 169 
622 249 129 
598 239 163 
668 208 124 
620 187 193 
588 226 186 
644 206 150 
620 231 149 
678 168 154 
575 162 263 
573 209 218 
609 206 185 
635 236 129 
613 148 239 
712 189 99 
570 209 221 
607 223 170 
653 242 105 
632 230 138 
550 282 168 
606 188 206 
602 211 187 
635 189 176 
564 206 230 
603 219 178 
563 269 168 
570 210 220 
614 185 201 
608 164 228 
567 149 284 
649 212 139 
582 220 198 
562 237 201 
618 225 157 
632 204 164 
617 213 170 
532 176 292 
708 163 129 
539 218 243 
633 226 141 
660 203 137 
646 188 166 
585 288 127 
613 191 196 
663 204 133 
680 168 152 
537 253 210 
623 195 182 
625 202 173 
602 200 198 
661 214 125 
635 201 164 
626 246 128 
684 121 195 
643 258 99 
629 151 220 
637 184 179 
685 188 127 
605 197 198 
598 248 154 
579 226 195 
670 158 172 
650 239 111 
493 159 348 
583 198 219 
686 191 123 
627 188 185 
494 245 261 
602 175 223 
646 194 160 
698 119 183 
567 209 224 
511 261 228 
625 163 212 
609 155 236 
538 225 237 
538 241 221 
689 174 137 
616 173 211 
603 212 185 
616 173 211 
647 191 162 
620 207 173 
581 223 196 
617 237 146 
602 214 184 
647 189 164 
591 209 200 
609 201 190 
612 204 184 
580 237 183 
566 169 265 
618 203 179 
651 225 124 
648 225 127 
637 181 182 
648 153 199 
659 179 162 
642 203 155 
621 222 157 
632 250 118 
644 187 169 
632 197 171 
652 198 150 
658 235 107 
545 210 245 
580 209 211 
581 179 240 
683 204 113 
533 238 229 
644 219 137 
682 141 177 
698 173 129 
597 155 248 
680 207 113 
598 219 183 
710 192 98 
530 233 237 
512 156 332 
637 234 129 
622 212 166 
589 144 267 
582 176 242 
525 300 175 
619 177 204 
599 240 161 
592 233 175 
611 175 214 
614 204 182 
517 214 269 
585 202 213 
622 212 166 
591 132 277 
668 212 120 
592 243 165 
629 232 139 
663 185 152 
600 206 194 
624 226 150 
577 207 216 
531 245 224 
566 216 218 
682 176 142 
617 225 158 
552 235 213 
640 213 147 
623 228 149 
639 212 149 
646 216 138 
579 181 240 
622 187 191 
632 215 153 
597 250 153 
550 199 251 
593 189 218 
696 206 98 
655 211 134 
577 193 230 
567 174 259 
624 170 206 
661 197 142 
666 176 158 
580 255 165 
620 197 183 
582 211 207 
627 197 176 
645 177 178 
559 212 229 
683 177 140 
573 174 253 
635 234 131 
548 307 145 
683 179 138 
630 213 157 
616 201 183 
509 199 292 
655 181 164 
637 190 173 
571 220 209 
621 186 193 
537 237 226 
656 164 180 
552 217 231 
655 175 170 
617 185 198 
590 181 229 
628 207 165 
661 205 134 
597 253 150 
569 135 296 
450 228 322 
569 213 218 
607 183 210 
690 194 116 
589 225 186 
624 142 234 
633 192 175 
673 210 117 
632 215 153 
635 180 185 
585 191 224 
616 221 163 
677 181 142 
573 225 202 
680 214 106 
655 231 114 
688 139 173 
738 178 84 
629 224 147 
715 170 115 
638 154 208 
575 230 195 
648 189 163 
686 208 106 
668 213 119 
642 165 193 
565 282 153 
630 185 185 
596 199 205 
572 252 176 
637 228 135 
564 232 204 
595 192 213 
554 186 260 
674 216 110 
676 188 136 
611 215 174 
624 180 196 
574 174 252 
647 183 170 
658 232 110 
701 188 111 
553 200 247 
564 184 252 
598 199 203 
710 196 94 
673 163 164 
613 219 168 
669 211 120 
562 239 199 
675 187 138 
615 206 179 
672 200 128 
604 212 184 
671 200 129 
606 228 166 
532 194 274 
656 210 134 
638 237 125 
616 171 213 
563 209 228 
617 214 169 
598 216 186 
590 219 191 
586 159 255 
714 174 112 
685 209 106 
642 210 148 
597 200 203 
643 195 162 
606 246 148 
601 224 175 
585 214 201 
619 218 163 
653 232 115 
691 203 106 
694 178 128 
529 231 240 
710 190 100 
589 205 206 
709 180 111 
667 214 119 
659 205 136 
549 224 227 
587 228 185 
588 204 208 
640 203 157 
692 184 124 
614 183 203 
630 215 155 
714 159 127 
633 157 210 
587 163 250 
617 201 182 
655 226 119 
533 275 192 
602 182 216 
651 196 153 
609 245 146 
533 136 331 
546 212 242 
632 193 175 
625 224 151 
554 168 278 
639 183 178 
587 198 215 
655 166 179 
551 265 184 
715 187 98 
589 228 183 
703 195 102 
587 206 207 
643 242 115 
753 164 83 
606 194 200 
681 222 97 
635 200 165 
660 170 170 
633 177 190 
662 191 147 
521 218 261 
634 246 120 
678 184 138 
599 218 183 
591 183 226 
592 244 164 
649 215 136 
568 251 181 
620 170 210 
669 170 161 
565 243 192 
638 239 123 
608 198 194 
742 147 111 
603 231 166 
738 165 97 
654 171 175 
539 233 228 
495 205 300 
608 194 198 
641 258 101 
576 251 173 
633 203 164 
665 221 114 
595 224 181 
612 222 166 
670 247 83 
689 194 117 
530 239 231 
492 263 245 
660 206 134 
735 179 86 
654 163 183 
595 218 187 
690 212 98 
596 207 197 
682 178 140 
593 251 156 
704 158 138 
601 198 201 
675 191 134 
576 226 198 
627 197 176 
579 241 180 
521 226 253 
660 171 169 
623 187 190 
570 256 174 
619 245 136 
562 214 224 
667 211 122 
673 206 121 
628 212 160 
648 252 100 
623 197 180 
648 213 139 
727 178 95 
612 146 242 
606 206 188 
612 193 195 
643 168 189 
567 221 212 
579 224 197 
681 193 126 
683 218 99 
635 201 164 
672 232 96 
609 233 158 
633 231 136 
675 197 128 
594 258 148 
650 170 180 
546 304 150 
616 187 197 
648 235 117 
494 257 249 
611 137 252 
584 183 233 
640 147 213 
684 151 165 
597 306 97 
664 144 192 
571 229 200 
692 171 137 
647 224 129 
604 205 191 
620 217 163 
616 272 112 
606 189 205 
641 221 138 
634 173 193 
630 186 184 
576 245 179 
624 200 176 
643 229 128 
584 242 174 
605 222 173 
701 182 117 
642 147 211 
690 171 139 
568 232 200 
600 237 163 
627 226 147 
639 122 239 
524 247 229 
633 213 154 
531 184 285 
581 250 169 
645 254 101 
713 196 91 
629 252 119 
576 224 200 
558 180 262 
571 244 185 
618 181 201 
605 189 206 
566 212 222 
636 166 198 
581 190 229 
617 244 139 
666 195 139 
644 186 170 
624 228 148 
693 206 101 
643 235 122 
599 231 170 
623 253 124 
676 219 105 
561 177 262 
673 179 148 
649 229 122 
582 221 197 
555 228 217 
663 171 166 
562 195 243 
653 203 144 
682 234 84 
644 194 162 
547 236 217 
587 277 136 
631 248 121 
658 133 209 
646 210 144 
602 187 211 
633 193 174 
631 192 177 
625 212 163 
641 220 139 
599 269 132 
560 195 245 
626 204 170 
629 243 128 
676 208 116 
682 213 105 
578 235 187 
549 228 223 
709 211 80 
684 183 133 
521 277 202 
583 198 219 
635 246 119 
628 168 204 
648 200 152 
556 227 217 
679 189 132 
638 195 167 
631 201 168 
645 216 139 
560 198 242 
574 226 200 
589 236 175 
644 174 182 
572 213 215 
618 208 174 
607 208 185 
642 205 153 
603 214 183 
669 176 155 
557 238 205 
540 258 202 
659 168 173 
708 204 88 
671 185 144 
643 223 134 
543 232 225 
630 244 126 
596 231 173 
583 243 174 
668 218 114 
673 153 174 
634 179 187 
643 253 104 
581 211 208 
656 190 154 
611 241 148 
525 264 211 
625 210 165 
642 224 134 
643 211 146 
612 187 201 
623 252 125 
579 206 215 
650 187 163 
659 216 125 
658 209 133 
603 220 177 
652 212 136 
529 227 244 
657 184 159 
642 255 103 
656 219 125 
645 180 175 
574 156 270 
579 203 218 
534 204 262 
586 248 166 
638 183 179 
689 191 120 
590 191 219 
667 246 87 
605 207 188 
639 243 118 
613 177 210 
553 255 192 
658 220 122 
553 210 237 
669 183 148 
564 241 195 
570 225 205 
624 218 158 
480 146 374 
585 229 186 
619 230 151 
606 209 185 
699 162 139 
656 223 121 
601 204 195 
584 240 176 
678 251 71 
717 186 97 
617 218 165 
605 251 144 
616 237 147 
647 227 126 
553 244 203 
619 179 202 
653 203 144 
640 221 139 
587 236 177 
605 256 139 
716 166 118 
605 200 195 
585 177 238 
661 222 117 
541 184 275 
567 202 231 
704 164 132 
678 167 155 
622 211 167 
600 221 179 
601 207 192 
705 180 115 
672 191 137 
683 183 134 
586 233 181 
590 189 221 
660 135 205 
602 228 170 
570 241 189 
594 205 201 
583 183 234 
695 168 137 
597 226 177 
589 283 128 
642 192 166 
598 249 153 
683 204 113 
647 148 205 
614 212 174 
681 182 137 
611 206 183 
596 212 192 
558 237 205 
570 187 243 
582 201 217 
549 163 288 
681 189 130 
652 193 155 
674 160 166 
567 221 212 
601 200 199 
571 214 215 
654 229 117 
619 193 188 
661 209 130 
620 158 222 
731 171 98 
678 250 72 
548 270 182 
608 244 148 
546 219 235 
540 162 298 
567 299 134 
655 165 180 
673 190 137 
556 201 243 
589 221 190 
710 190 100 
725 184 91 
618 211 171 
645 224 131 
616 173 211 
593 201 206 
659 198 143 
642 170 188 
600 180 220 
658 193 149 
491 186 323 
635 215 150 
640 210 150 
621 198 181 
660 178 162 
543 220 237 
471 181 348 
633 190 177 
611 180 209 
712 177 111 
678 200 122 
582 258 160 
521 263 216 
685 171 144 
470 224 306 
602 163 235 
608 206 186 
730 135 135 
683 208 109 
610 263 127 
574 206 220 
708 187 105 
652 192 156 
582 247 171 
640 239 121 
600 247 153 
607 173 220 
543 181 276 
551 221 228 
637 215 148 
585 178 237 
624 271 105 
588 200 212 
620 213 167 
687 215 98 
539 193 268 
649 209 142 
564 159 277 
530 262 208 
616 215 169 
613 222 165 
594 187 219 
639 223 138 
535 259 206 
694 184 122 
650 219 131 
600 191 209 
670 157 173 
584 225 191 
665 186 149 
561 243 196 
607 180 213 
598 182 220 
654 206 140 
658 240 102 
642 175 183 
594 236 170 
635 281 84 
712 182 106 
658 226 116 
582 248 170 
662 177 161 
686 181 133 
620 242 138 
507 271 222 
579 176 245 
700 213 87 
618 197 185 
604 237 159 
565 250 185 
556 219 225 
655 169 176 
539 167 294 
554 231 215 
703 174 123 
558 274 168 
568 207 225 
679 197 124 
687 164 149 
644 208 148 
652 186 162 
611 234 155 
546 182 272 
617 207 176 
635 180 185 
591 230 179 
555 220 225 
708 152 140 
649 224 127 
634 243 123 
616 206 178 
642 209 149 
647 221 132 
643 179 178 
569 192 239 
694 176 130 
646 258 96 
646 192 162 
665 208 127 
552 260 188 
735 155 110 
698 203 99 
659 212 129 
541 196 263 
634 229 137 
634 207 159 
414 176 410 
656 177 167 
599 198 203 
646 206 148 
590 258 152 
634 204 162 
598 239 163 
575 220 205 
656 216 128 
702 191 107 
558 215 227 
574 189 237 
655 190 155 
651 159 190 
500 164 336 
593 201 206 
577 241 182 
605 216 179 
623 222 155 
542 237 221 
603 204 193 
639 247 114 
576 196 228 
581 156 263 
597 230 173 
618 194 188 
617 148 235 
474 196 330 
674 148 178 
591 233 176 
566 186 248 
657 187 156 
578 272 150 
694 209 97 
605 214 181 
692 196 112 
626 237 137 
607 264 129 
586 179 235 
576 214 210 
657 158 185 
566 231 203 
555 222 223 
583 234 183 
620 229 151 
648 212 140 
565 183 252 
542 243 215 
660 200 140 
611 204 185 
709 212 79 
596 181 223 
637 214 149 
577 165 258 
555 240 205 
536 255 209 
587 254 159 
601 224 175 
624 294 82 
603 209 188 
676 182 142 
649 234 117 
657 234 109 
617 216 167 
600 182 218 
665 215 120 
607 160 233 
703 175 122 
690 175 135 
592 200 208 
596 265 139 
555 224 221 
646 172 182 
628 143 229 
555 224 221 
592 248 160 
618 192 190 
645 147 208 
613 177 210 
526 217 257 
660 210 130 
526 258 216 
644 170 186 
669 198 133 
662 195 143 
654 196 150 
632 222 146 
552 173 275 
589 170 241 
631 237 132 
607 177 216 
625 198 177 
608 197 195 
563 193 244 
541 252 207 
640 222 138 
664 159 177 
692 197 111 
628 189 183 
587 197 216 
691 168 141 
578 262 160 
636 210 154 
555 223 222 
644 204 152 
627 195 178 
625 216 159 
595 219 186 
641 147 212 
617 207 176 
675 187 138 
536 207 257 
636 228 136 
595 193 212 
686 166 148 
597 221 182 
532 245 223 
619 194 187 
675 162 163 
546 191 263 
549 222 229 
638 216 146 
597 221 182 
646 184 170 
628 221 151 
555 239 206 
626 186 188 
666 167 167 
620 168 212 
591 218 191 
639 200 161 
609 188 203 
636 221 143 
665 218 117 
653 229 118 
624 144 232 
603 199 198 
702 225 73 
638 264 98 
688 138 174 
593 231 176 
638 183 179 
666 162 172 
646 178 176 
615 209 176 
574 245 181 
599 266 135 
601 275 124 
613 147 240 
647 208 145 
555 241 204 
634 189 177 
560 222 218 
671 231 98 
574 222 204 
578 161 261 
642 170 188 
606 212 182 
669 180 151 
618 224 158 
565 251 184 
604 204 192 
612 229 159 
628 234 138 
648 218 134 
554 197 249 
600 226 174 
635 196 169 
561 206 233 
651 198 151 
579 194 227 
555 224 221 
583 249 168 
647 263 90 
584 177 239 
642 241 117 
596 186 218 
632 199 169 
645 188 167 
548 239 213 
635 229 136 
709 198 93 
552 223 225 
538 238 224 
675 201 124 
655 208 137 
610 234 156 
646 245 109 
581 238 181 
602 224 174 
658 254 88 
591 211 198 
586 202 212 
578 207 215 
593 176 231 
647 217 136 
569 201 230 
588 184 228 
541 205 254 
620 217 163 
585 248 167 
612 242 146 
603 177 220 
640 165 195 
606 193 201 
663 152 185 
601 194 205 
600 208 192 
698 186 116 
636 198 166 
661 215 124 
659 175 166 
688 215 97 
579 151 270 
588 219 193 
606 223 171 
642 253 105 
646 237 117 
575 230 195 
742 165 93 
573 254 173 
660 174 166 
593 207 200 
669 173 158 
558 229 213 
661 184 155 
545 273 182 
664 175 161 
572 230 198 
542 235 223 
561 236 203 
655 257 88 
660 169 171 
612 205 183 
639 225 136 
