437 320 243 
380 328 292 
329 329 342 
434 324 242 
406 329 265 
284 290 426 
409 302 289 
373 316 311 
380 351 269 
366 335 299 
465 261 274 
397 320 283 
375 275 350 
399 330 271 
339 310 351 
387 225 388 
375 339 286 
390 258 352 
379 338 283 
387 304 309 
451 283 266 
371 320 309 
380 334 286 
413 306 281 
351 307 342 
379 314 307 
404 317 279 
361 323 316 
377 338 285 
420 303 277 
347 277 376 
387 305 308 
373 341 286 
383 318 299 
487 292 221 
418 299 283 
339 353 308 
416 305 279 
399 325 276 
431 334 235 
368 334 298 
318 298 384 
371 320 309 
400 318 282 
340 294 366 
397 315 288 
469 284 247 
381 306 313 
380 323 297 
388 342 270 
360 319 321 
369 282 349 
421 260 319 
314 314 372 
392 308 300 
352 368 280 
357 352 291 
412 330 258 
422 351 227 
371 307 322 
361 284 355 
414 304 282 
333 272 395 
379 295 326 
355 333 312 
359 328 313 
379 297 324 
394 327 279 
414 274 312 
324 331 345 
372 326 302 
367 343 290 
406 309 285 
417 307 276 
443 291 266 
408 303 289 
394 350 256 
361 285 354 
372 365 263 
363 307 330 
379 343 278 
376 294 330 
360 363 277 
362 341 297 
330 198 472 
423 288 289 
422 260 318 
384 268 348 
386 304 310 
440 317 243 
410 350 240 
364 323 313 
380 327 293 
365 292 343 
355 316 329 
269 245 486 
331 258 411 
392 294 314 
448 259 293 
454 301 245 
399 321 280 
361 307 332 
391 249 360 
367 319 314 
350 316 334 
406 296 298 
384 298 318 
362 293 345 
340 329 331 
432 293 275 
418 314 268 
336 350 314 
408 318 274 
406 306 288 
448 324 228 
380 311 309 
338 317 345 
376 343 281 
334 318 348 
366 299 335 
467 280 253 
399 309 292 
408 331 261 
395 308 297 
320 326 354 
323 325 352 
335 352 313 
389 327 284 
359 334 307 
374 350 276 
418 340 242 
334 319 347 
332 313 355 
402 298 300 
417 311 272 
381 320 299 
397 348 255 
335 319 346 
380 342 278 
403 279 318 
320 269 411 
382 322 296 
365 312 323 
334 342 324 
413 290 297 
374 304 322 
359 299 342 
433 321 246 
310 356 334 
348 334 318 
374 306 320 
409 314 277 
408 293 299 
403 288 309 
428 290 282 
327 319 354 
342 331 327 
368 332 300 
379 362 259 
424 286 290 
397 334 269 
446 299 255 
414 290 296 
326 305 369 
338 333 329 
415 319 266 
354 330 316 
374 334 292 
425 289 286 
333 289 378 
350 337 313 
367 286 347 
343 282 375 
346 356 298 
404 289 307 
315 270 415 
363 282 355 
387 312 301 
361 286 353 
361 319 320 
402 349 249 
369 313 318 
374 310 316 
352 304 344 
381 318 301 
374 323 303 
357 325 318 
367 325 308 
367 306 327 
395 292 313 
391 317 292 
377 285 338 
430 287 283 
330 309 361 
462 306 232 
431 273 296 
394 308 298 
418 307 275 
391 340 269 
376 287 337 
345 291 364 
376 285 339 
439 302 259 
360 310 330 
482 278 240 
424 290 286 
400 312 288 
409 308 283 
379 296 325 
327 286 387 
373 333 294 
412 316 272 
340 319 341 
382 336 282 
332 328 340 
387 300 313 
343 306 351 
409 318 273 
415 281 304 
397 320 283 
356 356 288 
413 328 259 
448 273 279 
338 344 318 
350 334 316 
339 338 323 
357 309 334 
367 318 315 
376 324 300 
458 314 228 
359 328 313 
369 307 324 
377 319 304 
377 338 285 
448 309 243 
446 299 255 
422 312 266 
369 350 281 
373 316 311 
402 294 304 
377 319 304 
373 331 296 
385 293 322 
413 312 275 
417 310 273 
383 320 297 
365 336 299 
430 325 245 
442 328 230 
367 337 296 
350 333 317 
497 267 236 
309 304 387 
364 347 289 
384 310 306 
352 310 338 
336 341 323 
331 333 336 
411 311 278 
418 277 305 
423 231 346 
360 301 339 
386 301 313 
368 342 290 
356 295 349 
387 221 392 
415 309 276 
372 258 370 
343 327 330 
365 348 287 
375 336 289 
485 250 265 
356 308 336 
353 330 317 
510 247 243 
363 334 303 
389 336 275 
355 308 337 
327 301 372 
443 293 264 
334 323 343 
355 339 306 
452 328 220 
442 292 266 
411 294 295 
338 338 324 
415 280 305 
375 328 297 
365 345 290 
407 345 248 
398 301 301 
307 365 328 
408 300 292 
362 353 285 
340 308 352 
357 325 318 
372 326 302 
359 301 340 
397 321 282 
428 306 266 
368 320 312 
385 292 323 
340 323 337 
335 354 311 
362 310 328 
475 270 255 
425 312 263 
367 291 342 
427 292 281 
366 352 282 
393 304 303 
373 301 326 
359 311 330 
357 342 301 
447 305 248 
337 354 309 
384 325 291 
333 318 349 
392 329 279 
404 325 271 
382 310 308 
381 346 273 
382 330 288 
371 310 319 
347 310 343 
368 345 287 
394 327 279 
467 332 201 
348 221 431 
375 322 303 
343 339 318 
359 341 300 
397 303 300 
423 304 273 
377 308 315 
371 337 292 
443 295 262 
360 333 307 
358 326 316 
357 317 326 
388 298 314 
355 314 331 
327 347 326 
437 266 297 
348 289 363 
405 307 288 
368 309 323 
471 267 262 
416 303 281 
411 306 283 
381 324 295 
373 323 304 
347 306 347 
397 298 305 
367 313 320 
405 309 286 
377 302 321 
393 322 285 
452 353 195 
347 298 355 
394 340 266 
454 278 268 
361 333 306 
410 303 287 
318 312 370 
294 342 364 
305 276 419 
406 314 280 
345 309 346 
476 296 228 
300 250 450 
391 302 307 
374 364 262 
365 312 323 
345 312 343 
455 265 280 
352 279 369 
385 346 269 
460 293 247 
347 288 365 
370 294 336 
393 307 300 
466 264 270 
375 296 329 
351 322 327 
342 326 332 
359 319 322 
438 290 272 
391 337 272 
354 326 320 
391 340 269 
362 329 309 
410 280 310 
397 287 316 
350 327 323 
392 306 302 
353 384 263 
384 353 263 
364 324 312 
335 252 413 
425 295 280 
343 333 324 
362 311 327 
384 353 263 
363 291 346 
389 305 306 
402 311 287 
361 323 316 
353 310 337 
373 322 305 
338 305 357 
411 308 281 
323 291 386 
365 293 342 
341 331 328 
416 276 308 
362 305 333 
382 296 322 
285 338 377 
439 295 266 
419 292 289 
475 265 260 
394 313 293 
390 356 254 
400 318 282 
434 316 250 
421 308 271 
402 333 265 
399 284 317 
428 291 281 
355 299 346 
369 308 323 
404 321 275 
360 315 325 
394 317 289 
396 300 304 
529 251 220 
371 361 268 
420 289 291 
358 345 297 
353 319 328 
376 332 292 
344 307 349 
413 324 263 
405 333 262 
324 328 348 
319 309 372 
360 302 338 
355 316 329 
333 276 391 
299 266 435 
352 326 322 
349 323 328 
329 320 351 
337 315 348 
392 303 305 
406 326 268 
469 269 262 
379 268 353 
378 321 301 
349 368 283 
375 323 302 
354 315 331 
363 330 307 
429 266 305 
335 366 299 
396 318 286 
364 350 286 
402 299 299 
418 298 284 
428 285 287 
387 303 310 
355 312 333 
357 309 334 
328 295 377 
360 327 313 
359 325 316 
368 329 303 
456 284 260 
345 304 351 
401 325 274 
290 334 376 
370 304 326 
358 336 306 
398 287 315 
362 279 359 
419 297 284 
347 348 305 
308 361 331 
337 325 338 
349 338 313 
233 285 482 
395 342 263 
501 242 257 
507 239 254 
399 346 255 
418 334 248 
433 280 287 
352 312 336 
335 325 340 
346 354 300 
468 282 250 
367 313 320 
340 308 352 
384 335 281 
398 299 303 
407 301 292 
414 328 258 
381 353 266 
406 312 282 
335 307 358 
340 320 340 
396 317 287 
378 293 329 
405 340 255 
334 356 310 
366 354 280 
348 321 331 
437 296 267 
384 304 312 
376 355 269 
398 302 300 
428 282 290 
377 341 282 
383 303 314 
382 325 293 
311 227 462 
268 311 421 
367 308 325 
373 294 333 
356 317 327 
396 280 324 
351 326 323 
397 275 328 
352 301 347 
364 344 292 
383 327 290 
376 329 295 
418 249 333 
324 311 365 
366 308 326 
350 246 404 
419 308 273 
345 306 349 
398 303 299 
396 334 270 
362 310 328 
388 321 291 
363 348 289 
385 303 312 
379 328 293 
361 345 294 
406 332 262 
381 328 291 
372 349 279 
361 327 312 
417 253 330 
463 280 257 
390 298 312 
450 304 246 
403 327 270 
360 283 357 
311 329 360 
321 348 331 
372 337 291 
399 357 244 
378 332 290 
366 348 286 
397 302 301 
374 318 308 
384 305 311 
381 335 284 
342 334 324 
314 317 369 
405 313 282 
430 294 276 
403 302 295 
318 327 355 
381 332 287 
361 337 302 
342 310 348 
382 312 306 
379 307 314 
341 331 328 
335 344 321 
415 311 274 
385 280 335 
353 336 311 
418 324 258 
345 337 318 
362 300 338 
443 292 265 
333 347 320 
362 309 329 
436 325 239 
298 271 431 
403 325 272 
424 309 267 
383 375 242 
313 346 341 
419 258 323 
359 285 356 
332 247 421 
358 362 280 
378 331 291 
445 250 305 
356 316 328 
398 346 256 
380 315 305 
368 340 292 
408 387 205 
370 362 268 
368 314 318 
390 311 299 
361 309 330 
334 340 326 
370 310 320 
391 322 287 
313 310 377 
466 284 250 
402 281 317 
313 305 382 
326 311 363 
352 295 353 
395 358 247 
345 317 338 
349 310 341 
402 288 310 
361 273 366 
424 319 257 
358 340 302 
390 341 269 
435 342 223 
459 275 266 
359 313 328 
382 332 286 
438 277 285 
392 309 299 
392 286 322 
351 277 372 
361 330 309 
441 277 282 
418 324 258 
394 312 294 
365 295 340 
358 326 316 
425 280 295 
410 297 293 
394 350 256 
350 320 330 
411 299 290 
378 316 306 
412 335 253 
337 336 327 
398 299 303 
309 332 359 
446 307 247 
366 310 324 
330 324 346 
375 325 300 
396 319 285 
339 295 366 
349 295 356 
315 325 360 
345 349 306 
349 341 310 
317 359 324 
383 257 360 
361 340 299 
434 291 275 
386 326 288 
432 322 246 
405 296 299 
357 321 322 
394 320 286 
384 293 323 
370 316 314 
344 320 336 
356 354 290 
301 305 394 
457 284 259 
425 313 262 
333 338 329 
419 277 304 
428 323 249 
421 312 267 
460 264 276 
355 317 328 
408 297 295 
396 333 271 
364 317 319 
366 322 312 
380 314 306 
413 301 286 
407 354 239 
338 292 370 
335 311 354 
380 314 306 
451 260 289 
394 316 290 
354 326 320 
393 346 261 
437 320 243 
395 325 280 
422 348 230 
389 320 291 
385 331 284 
409 308 283 
348 315 337 
340 262 398 
369 303 328 
421 310 269 
367 328 305 
360 330 310 
347 332 321 
374 318 308 
321 316 363 
386 298 316 
324 313 363 
311 321 368 
467 302 231 
369 333 298 
411 296 293 
419 288 293 
372 314 314 
391 301 308 
390 364 246 
383 284 333 
414 283 303 
373 317 310 
386 323 291 
364 357 279 
398 322 280 
366 324 310 
395 312 293 
371 315 314 
307 347 346 
465 281 254 
385 337 278 
370 312 318 
320 288 392 
380 328 292 
369 354 277 
375 321 304 
439 309 252 
413 291 296 
389 257 354 
306 325 369 
401 306 293 
338 354 308 
385 345 270 
425 290 285 
464 278 258 
458 269 273 
342 362 296 
449 278 273 
342 296 362 
399 306 295 
402 311 287 
338 359 303 
335 292 373 
362 319 319 
374 249 377 
462 291 247 
351 323 326 
364 317 319 
327 276 397 
414 292 294 
377 315 308 
446 299 255 
459 261 280 
371 322 307 
421 296 283 
376 319 305 
346 348 306 
473 287 240 
379 317 304 
415 268 317 
353 341 306 
462 277 261 
390 351 259 
389 310 301 
346 329 325 
449 272 279 
380 322 298 
394 314 292 
388 337 275 
358 332 310 
436 272 292 
366 315 319 
322 307 371 
397 330 273 
364 306 330 
385 349 266 
391 309 300 
394 283 323 
357 330 313 
273 319 408 
400 285 315 
395 310 295 
360 305 335 
376 287 337 
386 289 325 
364 333 303 
371 316 313 
456 288 256 
402 303 295 
404 317 279 
367 305 328 
402 272 326 
399 297 304 
377 307 316 
362 311 327 
362 342 296 
372 301 327 
380 321 299 
354 338 308 
343 316 341 
339 299 362 
303 301 396 
333 330 337 
367 361 272 
422 319 259 
408 305 287 
418 312 270 
302 344 354 
342 311 347 
378 336 286 
318 340 342 
429 328 243 
430 281 289 
354 293 353 
402 301 297 
374 329 297 
379 279 342 
362 333 305 
386 370 244 
371 356 273 
423 270 307 
454 291 255 
376 301 323 
362 313 325 
361 304 335 
391 363 246 
341 280 379 
347 339 314 
382 315 303 
346 241 413 
400 315 285 
394 254 352 
412 327 261 
365 310 325 
377 330 293 
386 305 309 
337 324 339 
328 349 323 
378 343 279 
379 325 296 
354 345 301 
440 307 253 
371 355 274 
381 280 339 
389 338 273 
392 298 310 
541 256 203 
341 333 326 
415 337 248 
366 274 360 
471 216 313 
335 337 328 
422 309 269 
424 292 284 
395 352 253 
398 309 293 
330 343 327 
475 315 210 
377 313 310 
389 323 288 
407 317 276 
410 341 249 
365 327 308 
439 297 264 
396 322 282 
350 341 309 
377 257 366 
385 318 297 
373 268 359 
335 287 378 
443 288 269 
395 327 278 
359 348 293 
333 352 315 
359 327 314 
351 340 309 
406 288 306 
335 330 335 
363 334 303 
502 245 253 
395 310 295 
340 342 318 
414 341 245 
383 350 267 
374 286 340 
338 297 365 
364 308 328 
370 342 288 
340 340 320 
399 301 300 
352 284 364 
395 300 305 
419 323 258 
385 331 284 
422 304 274 
405 271 324 
364 332 304 
450 282 268 
359 357 284 
389 353 258 
373 329 298 
415 320 265 
372 351 277 
345 331 324 
330 367 303 
328 334 338 
365 302 333 
439 264 297 
388 314 298 
405 307 288 
449 309 242 
366 331 303 
374 318 308 
374 267 359 
382 299 319 
405 319 276 
389 329 282 
372 336 292 
366 328 306 
400 316 284 
342 333 325 
367 341 292 
370 340 290 
376 331 293 
405 325 270 
370 328 302 
356 363 281 
313 318 369 
358 313 329 
385 321 294 
382 326 292 
360 294 346 
405 304 291 
404 296 300 
318 286 396 
391 328 281 
363 353 284 
375 328 297 
361 335 304 
386 328 286 
425 272 303 
396 326 278 
369 323 308 
426 292 282 
451 322 227 
406 306 288 
487 272 241 
448 273 279 
363 308 329 
333 309 358 
444 278 278 
373 299 328 
421 319 260 
423 355 222 
375 249 376 
435 297 268 
400 316 284 
426 249 325 
377 317 306 
403 287 310 
416 317 267 
563 234 203 
405 282 313 
366 294 340 
344 314 342 
344 318 338 
378 315 307 
420 308 272 
467 274 259 
372 351 277 
382 321 297 
364 326 310 
346 315 339 
337 286 377 
336 350 314 
388 300 312 
341 311 348 
404 305 291 
389 313 298 
357 341 302 
339 348 313 
376 339 285 
