0 21 269 48 0 
0 32 339 3 0 
0 12 214 15 0 
0 91 255 22 0 
0 6 531 11 0 
1 20 371 0 0 
19 55 337 112 0 
0 192 192 89 0 
0 15 376 40 0 
0 37 240 1 0 
0 7 184 66 0 
0 37 275 5 0 
0 31 143 145 0 
0 15 326 6 0 
0 29 356 29 0 
0 2 436 66 0 
0 6 342 17 0 
0 29 328 8 0 
1 97 288 48 0 
0 13 435 78 0 
0 3 264 2 0 
0 11 319 142 0 
14 95 200 3 0 
0 3 258 76 0 
0 13 240 23 0 
3 16 465 14 0 
0 3 282 21 0 
0 96 186 34 0 
0 43 312 29 0 
0 95 269 72 0 
0 47 444 40 0 
0 42 390 12 0 
1 52 296 1 0 
0 23 338 39 0 
0 0 305 31 0 
0 19 350 48 0 
0 43 350 72 0 
0 11 397 27 0 
0 123 482 16 0 
0 121 351 10 0 
0 71 362 83 0 
0 6 661 0 0 
0 112 297 4 0 
0 7 279 97 0 
0 7 444 32 0 
0 23 354 43 0 
0 46 269 38 0 
0 211 248 24 0 
0 7 414 19 0 
0 28 248 4 0 
0 7 330 39 0 
0 25 385 4 0 
0 57 259 207 0 
0 13 351 60 0 
0 38 326 8 0 
0 29 315 35 0 
1 34 543 4 0 
0 7 297 31 0 
0 85 590 3 0 
0 11 282 98 0 
1 58 333 72 0 
0 26 452 74 0 
1 204 246 14 0 
1 5 440 57 0 
0 2 478 29 0 
0 99 160 1 0 
0 11 444 16 0 
0 21 241 51 0 
0 54 295 16 0 
0 114 381 1 0 
3 12 382 29 0 
0 3 215 48 0 
0 29 252 29 0 
0 49 300 27 0 
1 164 324 225 0 
0 23 247 126 0 
0 13 349 140 0 
4 32 416 33 0 
0 26 299 39 0 
0 16 292 26 0 
1 12 506 40 0 
0 15 406 1 0 
0 43 355 109 0 
0 67 250 19 0 
5 3 368 77 0 
3 65 403 3 0 
0 50 388 27 0 
0 28 306 60 0 
0 64 255 47 0 
0 55 196 79 0 
0 9 357 58 0 
0 87 327 58 0 
0 177 174 54 0 
0 17 328 29 0 
0 3 231 9 0 
0 23 255 42 0 
0 30 197 28 0 
0 28 344 27 0 
0 18 218 54 0 
0 73 331 146 0 
1 149 302 24 0 
0 24 243 46 0 
1 54 403 1 0 
1 34 427 41 0 
0 20 286 73 0 
0 54 141 100 0 
0 116 278 3 0 
0 24 434 1 0 
0 16 396 66 0 
0 21 131 27 0 
0 22 259 23 0 
0 40 259 40 0 
0 0 397 69 0 
0 27 363 67 0 
0 55 355 27 0 
0 52 132 77 0 
0 25 191 3 0 
0 17 321 2 0 
0 33 611 0 0 
1 12 309 0 0 
3 38 281 51 0 
0 0 347 29 0 
0 17 279 6 0 
0 27 270 25 0 
0 51 391 30 0 
0 70 353 16 0 
0 83 189 124 0 
0 102 317 55 0 
0 37 243 15 0 
0 37 436 36 0 
0 14 354 2 0 
0 14 420 8 0 
1 36 302 97 0 
0 40 183 51 0 
0 31 283 63 0 
2 66 302 3 0 
1 16 343 51 0 
0 39 332 57 0 
1 66 277 79 0 
0 14 465 56 0 
0 40 298 4 0 
0 29 496 39 0 
1 35 277 28 0 
0 90 335 5 0 
0 69 368 121 0 
6 51 399 0 0 
0 12 394 30 0 
0 0 396 80 0 
0 3 257 30 0 
0 16 215 71 0 
0 19 335 43 0 
0 63 298 7 0 
0 6 351 37 0 
0 11 317 22 0 
0 56 414 20 0 
0 13 321 19 0 
0 1 320 12 0 
0 23 404 32 0 
0 39 475 29 0 
0 83 323 37 0 
0 31 182 25 0 
1 126 238 29 0 
0 18 251 116 0 
0 109 307 23 0 
17 102 161 60 0 
1 5 243 72 0 
0 94 178 35 0 
0 1 402 49 0 
0 57 218 32 0 
0 18 457 9 0 
0 52 364 26 0 
0 73 346 29 0 
0 15 340 59 0 
0 15 162 0 0 
0 69 459 32 0 
1 17 302 8 0 
0 0 249 114 0 
0 51 276 45 0 
0 28 380 35 0 
0 13 235 3 0 
0 32 371 3 0 
0 42 298 48 0 
7 13 499 31 0 
0 16 217 3 0 
0 4 277 25 0 
0 23 162 131 0 
1 5 418 37 0 
0 16 274 93 0 
0 69 475 84 0 
0 21 280 83 0 
1 63 199 27 0 
0 27 354 30 0 
0 58 317 92 0 
0 17 220 116 0 
0 11 236 1 0 
0 21 307 35 0 
0 12 466 6 0 
0 26 218 172 0 
0 58 388 33 0 
2 139 340 58 0 
0 13 380 105 0 
0 23 305 63 0 
0 23 204 19 0 
0 2 597 101 0 
0 83 257 22 0 
0 2 280 31 0 
0 13 475 18 0 
0 39 354 45 0 
0 84 265 1 0 
0 14 305 64 0 
0 35 370 9 0 
1 25 465 0 0 
0 9 256 45 0 
0 75 428 24 0 
0 17 282 33 0 
0 3 332 6 0 
0 2 221 89 0 
0 67 516 36 0 
0 23 323 18 0 
0 10 359 63 0 
0 0 354 87 47 
0 111 258 48 0 
0 12 360 52 0 
0 16 274 72 0 
0 50 457 18 0 
0 28 262 2 0 
0 68 406 5 0 
0 0 348 13 0 
0 8 291 75 0 
0 29 439 5 0 
0 6 303 8 0 
0 87 357 6 0 
0 0 390 61 0 
1 16 364 4 0 
1 7 308 8 0 
0 9 292 19 0 
0 39 353 7 0 
0 9 240 113 0 
0 29 176 39 0 
1 21 416 39 0 
0 14 305 56 0 
0 22 466 39 0 
0 116 317 22 0 
0 37 455 31 0 
0 40 405 15 0 
0 11 366 56 0 
1 16 215 1 0 
0 51 259 34 0 
0 45 349 23 0 
2 37 316 23 0 
0 8 324 16 0 
0 28 280 74 0 
0 40 402 88 0 
0 91 429 17 0 
0 25 283 13 0 
0 12 451 43 0 
0 39 213 10 0 
0 34 458 3 0 
0 28 435 21 0 
0 1 431 15 0 
0 10 249 40 0 
0 5 415 54 0 
0 82 242 52 0 
0 73 294 85 0 
1 31 339 2 0 
0 35 293 25 0 
0 26 461 16 0 
8 68 323 92 0 
0 7 385 68 0 
0 84 293 8 0 
0 38 293 89 0 
0 42 346 25 0 
0 11 325 14 0 
0 5 374 27 0 
0 12 197 19 0 
0 23 242 21 0 
4 16 195 65 0 
0 24 239 154 0 
0 54 242 153 0 
0 16 330 12 0 
0 45 594 0 0 
0 34 426 77 0 
0 86 243 5 0 
0 4 351 116 0 
0 13 269 27 0 
0 31 264 267 0 
0 28 321 36 0 
0 83 259 34 0 
0 0 382 15 0 
0 27 378 27 0 
0 58 360 86 0 
0 50 373 17 0 
0 50 343 7 0 
5 16 157 80 0 
0 50 219 1 0 
0 5 382 14 0 
0 22 242 34 0 
0 44 411 28 0 
0 56 209 45 0 
0 29 310 51 0 
1 78 325 34 0 
0 28 200 45 0 
0 8 316 44 1 
0 131 166 49 0 
2 36 372 57 0 
8 46 375 57 0 
16 25 433 34 0 
0 20 408 44 0 
0 16 511 1 0 
0 4 503 8 0 
0 37 381 0 0 
0 58 289 47 0 
1 26 324 35 0 
0 75 282 69 0 
0 24 243 42 0 
0 78 405 32 0 
0 33 312 68 0 
0 3 324 6 0 
3 52 214 15 0 
2 21 311 22 0 
0 32 280 49 0 
3 24 449 2 0 
0 25 335 27 0 
1 27 370 61 0 
0 26 207 55 0 
1 11 248 22 0 
4 114 236 55 0 
0 21 354 2 0 
1 34 454 114 0 
0 53 376 10 0 
0 19 248 32 0 
0 9 458 5 0 
1 117 450 1 0 
0 55 283 11 0 
0 30 294 24 0 
0 64 345 10 0 
0 10 384 1 0 
0 5 306 120 0 
1 15 379 69 0 
0 31 303 27 0 
0 123 322 24 0 
1 8 395 7 0 
4 59 293 0 0 
0 53 301 0 0 
0 94 411 5 0 
0 31 322 5 0 
0 23 369 0 0 
0 54 302 72 0 
0 16 233 69 0 
0 15 404 64 0 
1 88 236 4 0 
0 12 301 13 0 
0 10 280 1 0 
0 3 393 90 0 
0 52 314 79 0 
0 26 277 35 0 
0 77 370 19 0 
0 65 312 18 0 
0 42 329 8 0 
0 39 281 120 0 
4 76 362 59 0 
0 0 380 65 0 
0 67 262 49 0 
11 2 214 32 0 
0 54 426 16 0 
0 50 413 25 0 
1 27 298 108 0 
0 29 398 38 0 
0 5 406 30 0 
0 35 370 0 0 
0 48 250 10 0 
0 8 405 150 0 
0 49 282 40 0 
2 34 278 68 0 
0 58 447 106 0 
3 53 318 115 0 
0 60 373 18 0 
0 5 314 76 0 
0 48 337 71 0 
0 16 326 32 2 
1 18 534 11 0 
0 18 246 119 0 
0 73 268 29 0 
0 39 295 37 0 
0 32 266 46 0 
0 74 369 33 0 
1 62 249 9 0 
4 2 330 19 0 
0 8 192 66 0 
0 13 317 18 0 
0 0 279 27 0 
0 10 391 40 0 
2 93 289 2 0 
0 48 198 107 0 
0 7 366 26 0 
4 60 279 12 0 
0 0 304 16 0 
1 11 281 18 0 
0 23 383 13 0 
1 16 248 92 15 
0 42 385 13 0 
1 19 351 40 0 
0 20 430 36 0 
0 18 311 47 0 
0 31 209 81 0 
0 60 384 38 0 
0 17 360 99 0 
0 38 429 58 0 
0 21 399 1 0 
0 8 332 52 0 
0 4 182 1 0 
0 26 475 4 0 
0 13 446 153 0 
0 16 233 33 0 
1 11 320 11 0 
1 10 324 4 0 
18 14 317 5 0 
2 155 419 14 0 
0 79 333 3 0 
0 64 360 33 0 
0 61 353 16 0 
0 39 557 9 0 
1 56 191 15 0 
0 28 422 32 0 
0 0 341 28 0 
0 10 364 39 0 
0 51 226 40 0 
0 17 521 50 0 
0 9 317 35 0 
1 13 352 4 0 
0 17 315 58 0 
1 61 234 32 0 
0 15 220 2 0 
0 42 424 42 0 
0 13 235 65 0 
0 18 342 14 0 
0 72 392 15 0 
9 92 249 0 0 
0 42 320 22 0 
0 32 375 104 0 
0 7 351 4 0 
0 15 177 18 0 
0 9 296 10 0 
0 12 371 3 0 
0 14 181 28 0 
0 11 456 0 0 
0 8 367 30 0 
0 76 211 43 0 
0 27 294 2 0 
5 2 363 80 0 
0 45 264 38 0 
0 29 289 25 0 
1 15 249 30 0 
0 35 380 25 0 
0 1 232 31 0 
0 34 509 4 0 
0 20 332 24 0 
6 52 242 38 0 
0 144 469 0 0 
0 6 530 83 0 
0 45 301 13 0 
0 60 636 19 0 
0 80 550 12 0 
0 5 247 36 0 
0 17 272 46 0 
0 3 347 60 0 
0 20 399 14 0 
0 2 305 42 0 
0 9 394 66 0 
0 27 314 0 0 
0 8 342 35 0 
0 73 372 101 0 
0 31 328 45 0 
0 72 266 0 0 
1 12 326 122 0 
0 29 423 6 0 
0 89 134 5 0 
0 9 230 9 0 
0 20 192 4 0 
0 88 239 34 0 
1 14 450 17 0 
0 0 307 87 0 
0 1 392 21 0 
0 64 286 46 0 
0 48 449 122 0 
0 75 204 45 0 
0 3 282 52 0 
0 17 591 0 0 
0 21 293 3 0 
0 3 308 34 0 
0 45 173 32 0 
2 15 423 6 0 
0 71 295 71 0 
4 19 459 2 0 
0 62 320 63 0 
0 9 377 33 0 
0 10 266 113 0 
0 4 276 18 0 
0 70 382 49 0 
0 82 292 7 0 
0 32 322 53 0 
0 46 344 11 0 
0 1 407 27 0 
6 119 371 47 0 
0 20 386 0 0 
0 180 262 72 0 
0 20 460 33 1 
4 1 374 27 0 
0 70 286 32 0 
0 7 306 78 0 
4 28 386 17 0 
1 7 523 6 0 
0 19 412 14 0 
0 36 243 1 0 
0 53 390 6 0 
0 24 343 62 0 
0 154 220 1 0 
0 34 266 3 0 
0 12 306 4 0 
1 18 207 31 0 
0 51 324 0 0 
0 16 328 14 0 
0 42 290 16 0 
0 44 403 36 0 
0 51 469 61 0 
0 6 547 21 0 
0 35 252 6 0 
0 2 258 21 0 
0 42 382 15 0 
0 40 241 49 0 
2 36 428 22 0 
0 7 317 11 0 
0 30 247 42 0 
0 1 340 0 0 
0 25 327 11 0 
0 41 414 71 0 
2 25 533 53 0 
0 24 337 61 0 
0 9 380 42 0 
0 88 381 23 0 
0 17 503 14 0 
0 24 377 47 0 
0 11 413 38 0 
0 53 216 0 0 
0 26 303 104 0 
0 26 296 19 0 
0 57 332 76 0 
3 69 229 29 0 
0 14 432 61 0 
0 38 295 14 0 
0 17 454 18 0 
0 29 300 78 0 
0 19 357 9 0 
0 35 349 0 0 
0 25 330 43 0 
3 108 402 31 0 
2 1 268 101 0 
0 47 228 35 0 
1 156 210 15 0 
0 29 302 11 0 
0 3 334 1 0 
0 34 241 80 0 
0 62 298 57 0 
0 12 435 21 0 
0 47 340 46 0 
0 35 397 4 0 
3 19 318 11 0 
0 50 239 10 0 
0 53 246 22 0 
0 44 197 21 0 
0 24 326 7 0 
0 55 327 52 0 
0 11 199 88 82 
0 26 406 15 0 
0 36 312 13 0 
0 30 268 2 0 
1 17 475 96 0 
0 13 445 7 0 
0 42 295 6 0 
0 14 236 18 0 
4 36 451 125 0 
0 12 389 55 0 
0 143 313 7 0 
0 41 428 55 0 
0 1 384 88 0 
0 60 438 1 0 
0 27 371 32 0 
0 5 418 182 0 
0 23 197 34 0 
0 24 357 7 0 
0 0 341 53 0 
0 23 266 45 0 
0 34 251 104 0 
0 51 346 3 0 
0 18 319 78 0 
0 16 315 1 0 
0 139 386 4 0 
1 35 264 52 0 
0 46 320 27 0 
0 23 174 25 0 
2 16 384 36 0 
0 85 388 8 0 
0 50 257 5 0 
0 21 369 6 0 
0 117 309 14 0 
0 4 224 1 0 
1 96 309 0 0 
0 14 469 0 0 
0 12 333 38 0 
1 18 269 26 0 
6 28 207 47 0 
9 60 169 134 0 
5 67 239 1 0 
0 30 287 78 0 
0 53 315 63 0 
0 99 266 43 0 
0 12 376 28 0 
6 116 220 71 0 
0 3 521 152 0 
0 70 271 7 0 
0 0 262 5 0 
0 96 261 52 0 
0 52 286 22 0 
1 173 367 0 0 
1 54 255 57 0 
0 10 369 14 0 
1 47 365 2 0 
0 135 370 38 0 
3 54 336 33 0 
0 7 192 79 0 
1 52 182 30 0 
0 34 332 13 0 
0 29 370 44 0 
0 15 241 1 0 
0 100 512 12 0 
1 11 503 3 0 
0 0 305 36 0 
0 13 329 7 0 
0 7 451 26 0 
0 53 307 65 0 
0 21 412 56 0 
0 26 345 18 0 
0 28 271 159 0 
11 28 262 109 0 
0 27 305 27 0 
0 4 522 0 0 
0 11 358 93 0 
6 160 230 52 0 
0 66 323 23 0 
0 53 408 174 0 
0 35 394 21 0 
0 5 349 34 0 
5 40 294 17 0 
0 55 283 2 0 
0 71 253 52 0 
0 74 420 40 0 
0 89 237 41 0 
2 34 397 23 0 
0 33 219 22 0 
0 66 524 8 0 
0 24 270 11 0 
0 35 437 0 0 
0 47 301 5 0 
0 32 533 2 0 
0 108 166 21 0 
0 12 469 32 0 
0 5 311 14 0 
0 83 205 13 0 
0 8 418 65 0 
3 2 444 12 0 
0 83 204 66 0 
3 77 175 11 0 
0 70 287 59 0 
0 62 370 96 0 
0 12 364 106 0 
0 35 361 14 0 
0 37 270 4 0 
0 5 271 116 0 
0 4 288 103 0 
1 73 303 7 0 
0 13 237 43 0 
0 64 274 8 0 
0 11 298 46 0 
0 42 336 33 0 
0 4 298 54 0 
0 74 393 1 0 
0 25 432 28 0 
0 23 372 11 0 
0 12 311 8 0 
1 55 348 3 0 
1 130 467 0 0 
0 21 235 13 0 
1 39 187 73 0 
19 30 269 10 0 
0 7 309 35 0 
0 25 229 100 0 
0 83 250 64 0 
1 117 369 2 0 
1 58 288 20 0 
0 53 313 16 0 
0 40 454 7 0 
0 0 395 3 0 
0 149 349 5 0 
0 87 339 34 0 
1 12 223 6 0 
0 27 217 149 0 
0 41 284 73 0 
0 82 264 31 0 
0 4 381 24 0 
0 30 343 3 0 
0 20 415 26 0 
0 11 313 59 0 
0 12 399 23 0 
0 15 215 24 0 
0 24 256 100 0 
0 17 435 31 0 
1 74 279 20 0 
0 44 328 13 0 
0 15 365 1 0 
0 32 246 112 0 
0 38 279 31 0 
0 87 205 38 0 
0 62 374 43 0 
0 25 417 31 0 
0 18 304 9 0 
0 9 384 26 0 
0 17 240 38 0 
28 52 268 19 0 
0 3 336 14 0 
0 23 313 3 0 
0 57 329 14 0 
1 47 426 6 0 
0 56 233 36 0 
0 73 282 18 0 
0 32 377 27 0 
0 45 281 0 0 
0 63 232 131 0 
0 55 217 6 0 
2 69 345 14 0 
0 9 358 7 0 
0 7 339 41 0 
0 26 414 63 0 
15 29 358 12 0 
0 107 392 12 0 
1 23 308 9 0 
0 12 395 90 0 
0 26 365 47 0 
0 51 427 15 0 
0 59 458 54 0 
0 42 311 34 0 
0 33 296 89 0 
0 45 314 0 0 
1 47 274 8 0 
1 133 286 0 0 
0 25 391 75 0 
0 27 270 74 0 
0 63 246 5 0 
0 13 272 12 0 
0 51 421 16 0 
0 29 374 34 0 
0 34 349 37 0 
0 19 343 75 0 
0 17 369 34 0 
1 4 231 27 0 
0 103 171 3 0 
0 83 179 56 0 
0 12 280 26 0 
0 37 320 12 0 
0 1 409 28 0 
0 10 358 60 0 
0 134 198 52 0 
0 40 459 138 0 
0 34 658 29 0 
0 7 356 25 0 
0 31 297 6 0 
0 13 265 67 0 
0 33 354 26 0 
0 39 140 126 0 
0 37 308 1 0 
0 6 454 43 0 
0 119 277 26 0 
3 77 264 33 0 
0 11 369 0 0 
0 12 315 122 0 
1 23 546 15 0 
0 13 382 36 0 
0 4 333 18 0 
0 32 311 53 0 
0 25 434 18 0 
0 120 244 13 0 
0 38 410 104 0 
0 60 307 5 0 
2 59 247 8 0 
0 19 333 2 0 
0 6 418 1 0 
0 53 423 53 0 
0 95 198 35 0 
0 24 337 8 0 
0 52 407 18 0 
0 28 338 31 0 
0 17 401 6 0 
4 23 204 24 0 
0 22 193 4 0 
0 13 338 18 0 
3 2 243 34 0 
0 2 481 22 0 
0 114 273 14 0 
0 27 293 26 0 
0 3 396 13 0 
0 25 291 35 0 
0 46 256 38 0 
0 12 433 14 0 
0 19 418 2 0 
0 53 230 39 0 
0 69 354 2 0 
0 38 161 10 0 
0 80 338 76 0 
0 64 405 25 0 
0 49 341 30 0 
0 15 374 1 0 
0 128 402 28 0 
6 61 284 54 0 
0 15 357 49 0 
0 87 455 54 0 
0 7 383 18 0 
0 38 500 45 0 
0 190 216 28 0 
0 47 299 10 0 
8 107 373 20 0 
0 1 204 6 0 
1 43 211 65 0 
0 1 411 26 0 
0 21 370 14 0 
0 138 272 8 0 
0 3 328 37 0 
0 43 253 0 0 
0 14 396 3 0 
0 13 397 3 0 
0 14 271 85 0 
0 34 482 43 0 
0 10 339 8 0 
0 17 247 15 0 
0 24 544 87 0 
0 0 699 51 0 
1 10 277 89 0 
1 2 356 43 0 
0 4 442 27 0 
0 90 325 21 0 
0 15 349 30 0 
0 121 353 55 0 
0 4 610 22 0 
0 53 237 5 0 
0 40 265 25 0 
0 15 305 8 0 
0 12 299 0 0 
1 4 390 9 0 
0 22 348 0 0 
14 68 249 41 0 
0 26 282 2 0 
0 20 393 17 0 
0 21 354 8 0 
0 12 370 1 0 
0 62 616 16 0 
0 1 325 11 0 
0 5 234 77 0 
0 20 189 29 0 
0 59 370 41 0 
1 41 348 61 0 
2 83 356 66 0 
0 21 229 53 0 
0 26 326 77 0 
0 105 254 39 0 
0 31 193 20 0 
0 25 360 17 0 
0 26 351 5 0 
0 0 272 29 0 
0 12 387 35 0 
0 26 320 50 0 
0 86 347 12 0 
1 161 271 48 0 
5 49 321 0 0 
0 14 394 19 0 
0 11 379 8 0 
0 23 184 15 0 
0 7 179 65 0 
0 147 195 22 0 
0 9 229 47 0 
0 23 344 14 0 
0 34 431 67 0 
0 45 367 19 0 
0 38 273 10 0 
6 13 422 57 0 
0 9 386 18 0 
0 48 285 42 0 
0 58 272 9 0 
7 125 277 15 0 
0 8 269 27 0 
0 65 317 72 0 
0 8 467 1 0 
0 28 223 59 0 
0 32 353 42 0 
0 30 355 14 0 
0 62 342 92 0 
0 7 275 60 0 
11 19 429 21 0 
0 59 445 8 0 
0 105 359 5 0 
0 70 342 57 0 
0 2 353 21 0 
0 115 366 8 0 
0 16 457 2 0 
0 21 348 1 0 
0 40 286 24 0 
0 21 305 59 0 
0 39 334 18 0 
0 18 494 44 0 
1 33 313 23 0 
0 4 361 46 0 
1 11 417 48 0 
3 55 327 19 0 
0 5 368 24 0 
8 22 235 2 0 
0 55 409 77 0 
0 41 369 4 0 
0 2 335 37 0 
0 66 207 45 0 
0 4 327 1 0 
0 28 406 9 0 
0 49 425 8 0 
0 47 359 57 0 
0 57 300 1 0 
0 22 289 67 0 
0 48 355 90 0 
0 153 315 19 0 
0 19 295 35 0 
0 22 449 54 0 
3 27 281 17 0 
0 13 513 10 0 
5 16 320 50 0 
0 1 472 21 0 
0 34 530 16 0 
0 77 271 153 0 
0 21 246 12 0 
0 34 394 63 0 
1 29 319 19 0 
1 60 214 58 0 
14 24 294 62 0 
0 131 252 28 0 
0 1 236 5 0 
0 16 303 46 0 
1 1 316 28 0 
0 16 285 95 0 
0 45 305 15 0 
0 12 369 0 0 
0 15 348 36 0 
0 85 322 26 0 
0 13 232 25 0 
0 79 276 5 0 
7 26 368 17 0 
0 0 346 15 0 
0 0 293 11 0 
0 7 402 72 0 
1 0 349 66 0 
0 47 234 45 0 
0 31 305 81 0 
0 10 362 2 0 
0 14 391 66 0 
4 75 338 18 0 
0 60 342 26 0 
0 12 258 15 0 
0 90 239 84 0 
0 15 226 91 0 
0 35 521 11 0 
4 20 294 22 0 
0 41 505 2 0 
0 34 515 16 0 
0 12 464 3 0 
0 65 564 85 0 
0 17 260 72 0 
0 20 357 23 0 
0 108 299 22 0 
0 4 323 11 0 
0 65 363 38 0 
0 31 518 45 0 
1 0 296 61 0 
0 4 456 28 0 
0 30 362 120 0 
0 23 418 29 0 
0 73 270 22 0 
0 15 202 15 0 
0 29 229 41 0 
1 31 224 43 0 
1 23 418 67 0 
0 1 372 112 0 
0 1 361 58 0 
0 51 341 23 0 
0 113 412 15 0 
0 19 427 57 0 
0 14 270 43 0 
4 27 306 58 0 
