0 209 54 
0 192 12 
0 307 15 
0 221 21 
0 225 34 
0 262 12 
0 184 22 
0 191 6 
0 189 4 
0 184 13 
0 235 25 
0 222 0 
0 206 27 
0 236 48 
0 202 14 
0 171 19 
0 180 6 
0 198 15 
0 215 36 
0 181 29 
0 248 13 
0 229 9 
0 199 10 
0 218 30 
0 214 3 
0 190 14 
0 178 38 
0 198 47 
0 214 1 
0 202 5 
0 229 19 
0 194 36 
0 247 16 
0 229 7 
0 202 19 
0 214 16 
0 222 15 
0 205 5 
0 219 14 
0 201 12 
0 163 17 
0 230 30 
0 204 11 
0 213 2 
0 214 14 
0 222 7 
0 269 2 
0 227 18 
0 197 16 
0 219 13 
0 183 10 
0 199 12 
0 202 21 
0 180 40 
0 238 21 
0 222 15 
0 244 27 
0 212 14 
0 217 25 
0 240 10 
0 193 22 
0 203 42 
0 182 28 
0 247 6 
0 254 34 
0 229 41 
0 195 19 
0 234 16 
0 224 22 
0 204 21 
0 223 3 
0 179 11 
0 234 20 
0 168 9 
0 230 21 
0 233 41 
0 221 34 
0 240 15 
0 236 0 
0 281 26 
0 209 9 
0 181 37 
0 204 11 
0 255 13 
0 192 29 
0 241 14 
0 213 9 
0 236 49 
0 236 31 
0 171 23 
0 231 22 
0 239 0 
0 196 5 
0 158 19 
0 229 53 
0 227 4 
0 190 34 
0 212 24 
0 223 10 
0 228 32 
0 190 5 
0 212 25 
0 202 10 
0 209 19 
0 263 29 
0 185 14 
0 241 17 
0 220 25 
0 218 22 
0 241 48 
0 240 13 
0 195 38 
0 198 23 
0 203 5 
0 199 23 
0 193 23 
0 201 18 
0 223 5 
0 218 24 
0 200 11 
0 227 16 
0 160 32 
0 199 48 
0 263 11 
0 228 28 
0 186 16 
0 241 27 
0 231 13 
0 173 3 
0 211 2 
0 189 23 
0 222 3 
0 248 11 
0 194 28 
0 227 11 
0 214 30 
0 197 26 
0 201 10 
0 236 14 
0 241 10 
0 193 8 
0 212 15 
0 246 8 
0 202 4 
0 213 11 
0 166 7 
0 208 10 
0 203 19 
0 210 5 
0 228 30 
0 190 38 
0 221 20 
0 219 4 
0 242 10 
0 192 34 
0 229 9 
0 180 18 
0 193 33 
0 202 5 
0 207 15 
0 164 11 
0 227 27 
0 248 23 
0 212 46 
0 218 7 
0 185 33 
0 213 4 
0 176 43 
0 167 50 
0 234 41 
0 209 11 
0 201 21 
0 235 26 
0 231 27 
0 240 32 
0 262 6 
0 225 11 
0 243 7 
0 227 7 
0 252 8 
0 206 26 
0 241 8 
0 189 8 
0 207 12 
0 232 4 
0 204 4 
0 242 15 
0 200 22 
0 196 50 
0 224 12 
0 240 4 
0 215 11 
0 185 3 
0 217 23 
0 203 9 
0 177 16 
0 222 4 
0 267 15 
0 200 10 
0 171 47 
0 190 3 
0 201 14 
0 196 25 
0 240 6 
0 219 26 
0 222 5 
0 223 13 
0 230 16 
0 199 30 
0 237 3 
0 185 4 
0 208 53 
0 182 23 
0 197 7 
0 236 15 
0 173 12 
0 205 34 
0 168 23 
0 256 12 
0 202 29 
0 234 48 
0 210 13 
0 210 30 
0 180 50 
0 179 19 
0 224 21 
0 233 17 
0 210 34 
0 242 13 
0 191 16 
0 200 11 
0 224 13 
0 197 3 
0 232 17 
0 170 27 
0 249 16 
0 214 64 
0 235 52 
0 223 40 
0 188 16 
0 222 26 
0 273 41 
0 188 8 
0 194 24 
0 224 34 
0 284 5 
0 221 35 
0 220 29 
0 242 21 
0 218 10 
0 243 12 
0 209 16 
0 195 32 
0 250 9 
0 202 19 
0 222 43 
0 199 11 
0 232 34 
0 210 10 
0 279 9 
0 262 37 
0 207 13 
0 237 17 
0 215 39 
0 177 8 
0 242 33 
0 225 9 
0 195 12 
0 222 13 
0 256 35 
0 219 22 
0 242 18 
0 232 4 
0 239 7 
0 260 28 
0 217 22 
0 192 7 
0 225 11 
0 218 6 
0 171 9 
0 232 4 
0 213 18 
0 211 9 
0 239 15 
0 289 8 
0 223 40 
0 221 33 
0 247 12 
0 203 29 
0 238 28 
0 215 22 
0 198 7 
0 233 9 
0 230 5 
0 190 14 
0 222 25 
0 201 21 
0 173 15 
0 189 17 
0 237 27 
0 185 7 
0 225 16 
0 213 15 
0 202 21 
0 174 6 
0 201 11 
0 237 9 
0 228 36 
0 207 18 
0 240 28 
0 206 38 
0 187 42 
0 220 22 
0 237 16 
0 211 32 
0 223 26 
0 203 12 
0 192 19 
0 186 31 
0 237 25 
0 216 18 
0 236 6 
0 208 8 
0 251 21 
0 207 16 
0 219 82 
0 250 7 
0 187 7 
0 257 15 
0 245 9 
0 210 34 
0 195 33 
0 235 11 
0 211 14 
0 213 20 
0 210 31 
0 184 28 
0 203 20 
0 210 13 
0 268 23 
0 173 14 
0 229 35 
0 240 25 
0 241 34 
0 179 11 
0 218 13 
0 245 10 
0 197 31 
0 234 16 
0 202 24 
0 275 21 
0 233 45 
0 182 14 
0 244 9 
0 193 8 
0 212 29 
0 217 22 
0 241 40 
0 251 5 
0 232 8 
0 192 13 
0 205 20 
0 168 12 
0 194 19 
0 175 1 
0 229 14 
0 199 12 
0 188 42 
0 241 23 
0 219 17 
0 237 31 
0 212 1 
0 262 2 
0 258 9 
0 198 23 
0 212 41 
0 210 14 
0 193 9 
0 196 26 
0 201 20 
0 247 60 
0 216 2 
0 223 5 
0 218 10 
0 229 28 
0 229 15 
0 190 15 
0 232 22 
0 221 9 
0 207 16 
0 172 18 
0 214 3 
0 227 6 
0 195 10 
0 208 28 
0 198 23 
0 225 24 
0 250 7 
0 212 20 
0 207 36 
0 222 10 
0 198 16 
0 234 5 
0 227 12 
0 238 28 
0 217 32 
0 204 6 
0 203 17 
0 239 26 
0 247 29 
0 168 23 
0 211 12 
0 252 39 
0 207 14 
0 230 6 
0 213 31 
0 195 20 
0 231 15 
0 240 5 
0 236 9 
0 198 69 
0 172 32 
0 232 5 
0 203 2 
0 222 11 
0 213 14 
0 184 3 
0 238 16 
0 240 5 
0 228 8 
0 189 21 
0 218 22 
0 212 11 
0 202 20 
0 180 19 
0 190 9 
0 216 11 
0 212 18 
0 227 31 
0 201 39 
0 199 31 
0 199 21 
0 231 23 
0 216 32 
0 239 14 
0 228 29 
0 216 14 
0 203 13 
0 225 45 
0 170 5 
0 217 35 
0 207 26 
0 216 24 
0 271 18 
0 203 29 
0 226 36 
0 216 18 
0 127 3 
0 256 11 
0 182 17 
0 155 29 
0 249 20 
0 203 13 
0 165 21 
0 230 4 
0 178 18 
0 141 19 
0 225 15 
0 219 18 
0 221 16 
0 225 9 
0 215 22 
0 198 4 
0 207 31 
0 196 13 
0 215 18 
0 231 6 
0 170 23 
0 233 3 
0 182 22 
0 199 31 
0 223 21 
0 223 17 
0 274 29 
0 187 23 
0 223 15 
0 242 16 
0 220 42 
0 244 21 
0 191 19 
0 196 22 
0 182 12 
0 204 12 
0 204 22 
0 172 33 
0 193 11 
0 255 7 
0 234 8 
0 221 34 
0 243 7 
0 230 17 
0 220 7 
0 187 18 
0 249 32 
0 204 19 
0 177 25 
0 226 11 
0 242 23 
0 234 7 
0 178 24 
0 199 36 
0 192 6 
0 192 20 
0 185 29 
0 139 2 
0 194 37 
0 250 18 
0 219 5 
0 179 17 
0 188 6 
0 206 22 
0 226 25 
0 216 22 
0 234 6 
0 243 53 
0 232 21 
0 201 13 
0 184 16 
0 204 19 
0 227 6 
0 232 15 
0 208 12 
0 244 13 
0 205 9 
0 252 14 
0 210 3 
0 240 17 
0 238 40 
0 223 7 
0 194 40 
0 215 16 
0 244 19 
0 210 7 
0 241 8 
0 188 36 
0 218 21 
0 191 18 
0 230 28 
0 196 37 
0 228 15 
0 215 30 
0 215 3 
0 214 15 
0 184 32 
0 205 20 
0 217 23 
0 200 21 
0 250 24 
0 188 16 
0 221 6 
0 215 44 
0 228 2 
0 206 24 
0 225 13 
0 224 21 
0 181 0 
0 216 1 
0 207 7 
0 215 12 
0 197 4 
0 182 13 
0 196 28 
0 215 32 
0 233 6 
0 204 7 
0 223 21 
0 200 46 
0 218 15 
0 233 4 
0 238 8 
0 179 20 
0 221 20 
0 180 33 
0 179 8 
0 242 28 
0 216 2 
0 223 23 
0 190 91 
0 221 21 
0 182 10 
0 180 21 
0 251 15 
0 206 14 
0 194 28 
0 176 12 
0 265 12 
0 170 29 
0 221 10 
0 240 13 
0 242 23 
0 244 20 
0 244 27 
0 177 21 
0 191 27 
0 241 15 
0 195 4 
0 172 31 
0 262 11 
0 202 17 
0 234 13 
0 229 18 
0 192 52 
0 212 3 
0 253 1 
0 199 32 
0 196 15 
0 210 9 
0 241 13 
0 202 13 
0 231 8 
0 201 19 
0 207 15 
0 216 9 
0 230 14 
0 208 36 
0 230 13 
0 229 15 
0 187 23 
0 198 4 
0 199 18 
0 243 17 
0 247 8 
0 207 12 
0 242 24 
0 252 14 
0 194 14 
0 175 18 
0 212 10 
0 233 8 
0 221 16 
0 182 20 
0 192 27 
0 217 17 
0 221 57 
0 230 11 
0 205 18 
0 219 6 
0 174 20 
0 242 22 
0 217 21 
0 192 23 
0 204 12 
0 213 9 
0 248 4 
0 209 13 
0 218 22 
0 185 13 
0 206 32 
0 245 14 
0 214 30 
0 195 29 
0 187 18 
0 206 36 
0 206 10 
0 235 32 
0 255 7 
0 185 30 
0 203 6 
0 219 8 
0 238 22 
0 207 10 
0 248 16 
0 193 15 
0 214 17 
0 259 11 
0 235 17 
0 243 20 
0 180 24 
0 248 11 
0 215 13 
0 217 15 
0 224 8 
0 226 22 
0 212 7 
0 239 15 
0 200 42 
0 182 18 
0 189 26 
0 271 25 
0 248 4 
0 203 30 
0 208 7 
0 257 17 
0 203 31 
0 183 54 
0 208 28 
0 206 22 
0 218 19 
0 245 22 
0 192 60 
0 196 9 
0 214 2 
0 173 39 
0 251 55 
0 226 22 
0 169 11 
0 243 6 
0 205 6 
0 211 37 
0 180 6 
0 245 19 
0 176 17 
0 231 28 
0 213 13 
0 185 16 
0 241 4 
0 186 18 
0 191 17 
0 204 44 
0 215 52 
0 186 33 
0 220 16 
0 224 13 
0 212 1 
0 254 9 
0 188 17 
0 240 22 
0 202 25 
0 199 19 
0 211 22 
0 223 12 
0 208 4 
0 236 22 
0 184 12 
0 191 28 
0 210 12 
0 258 9 
0 221 24 
0 203 46 
0 187 17 
0 185 16 
0 214 21 
0 226 19 
0 207 18 
0 201 15 
0 203 14 
0 206 15 
0 189 11 
0 232 18 
0 209 20 
0 232 24 
0 233 24 
0 207 16 
0 167 13 
0 245 20 
0 254 1 
0 186 4 
0 195 6 
0 186 21 
0 209 32 
0 183 8 
0 156 8 
0 242 11 
0 202 1 
0 224 3 
0 176 39 
0 193 5 
0 231 17 
0 222 1 
0 240 9 
0 189 37 
0 185 12 
0 212 7 
0 176 11 
0 213 17 
0 168 13 
0 210 29 
0 245 25 
0 212 7 
0 194 26 
0 237 26 
0 231 10 
0 213 10 
0 207 10 
0 197 12 
0 210 8 
0 184 2 
0 220 16 
0 208 12 
0 189 5 
0 229 14 
0 167 10 
0 206 12 
0 237 21 
0 210 1 
0 211 13 
0 201 20 
0 189 19 
0 208 15 
0 255 22 
0 212 3 
0 234 14 
0 214 16 
0 256 25 
0 192 17 
0 198 25 
0 201 5 
0 166 26 
0 231 26 
0 184 15 
0 220 3 
0 205 13 
0 200 19 
0 213 30 
0 221 13 
0 257 38 
0 203 16 
0 185 38 
0 212 18 
0 242 23 
0 260 46 
0 208 14 
0 213 15 
0 231 21 
0 200 3 
0 222 11 
0 233 12 
0 169 35 
0 216 22 
0 219 7 
0 163 15 
0 204 12 
0 192 9 
0 226 16 
0 210 31 
0 227 11 
0 228 11 
0 220 13 
0 235 44 
0 205 8 
0 230 23 
0 197 5 
0 225 14 
0 226 10 
0 198 12 
0 214 17 
0 208 33 
0 208 22 
0 173 33 
0 216 12 
0 222 7 
0 221 11 
0 225 32 
0 229 46 
0 251 10 
0 220 31 
0 185 11 
0 235 7 
0 217 19 
0 235 10 
0 198 26 
0 173 30 
0 258 41 
0 209 10 
0 232 4 
0 195 34 
0 211 12 
0 261 31 
0 242 11 
0 201 21 
0 234 15 
0 231 13 
0 239 37 
0 181 14 
0 222 3 
0 216 10 
0 186 11 
0 166 11 
0 185 20 
0 224 24 
0 197 68 
0 190 34 
0 212 27 
0 213 5 
0 200 14 
0 251 40 
0 197 5 
0 187 22 
0 172 9 
0 221 9 
0 205 10 
0 187 18 
0 221 30 
0 196 12 
0 244 44 
0 246 26 
0 171 102 
0 222 26 
0 183 9 
0 193 31 
0 197 36 
0 253 20 
0 213 29 
0 204 13 
0 217 31 
0 234 18 
0 176 19 
0 202 9 
0 251 26 
0 222 3 
0 183 3 
0 244 12 
0 242 7 
0 260 20 
0 178 19 
0 210 14 
0 252 3 
0 202 16 
0 198 16 
0 209 19 
0 190 19 
0 205 13 
0 223 6 
0 214 39 
0 211 15 
0 219 33 
0 198 47 
0 184 1 
0 196 9 
0 202 13 
0 199 31 
0 170 16 
0 172 31 
0 209 15 
0 200 43 
0 212 10 
0 226 5 
0 201 10 
0 206 18 
0 246 4 
0 208 13 
0 224 26 
0 210 21 
0 207 35 
0 229 5 
0 210 11 
0 185 17 
0 194 12 
0 142 20 
0 219 40 
0 218 24 
0 210 30 
0 248 31 
0 163 14 
0 197 4 
0 196 29 
0 227 14 
0 177 35 
0 218 20 
0 170 20 
0 244 24 
0 180 72 
0 204 14 
0 193 5 
0 205 14 
0 194 9 
0 197 54 
0 151 14 
0 189 3 
0 224 10 
0 224 20 
0 196 9 
0 215 16 
0 189 40 
0 191 24 
0 219 28 
0 226 10 
0 213 18 
0 191 6 
0 205 31 
0 231 21 
0 239 12 
0 219 30 
0 212 19 
0 241 23 
0 198 5 
0 194 3 
0 202 11 
0 213 1 
0 219 17 
0 247 17 
0 189 29 
0 206 27 
0 292 10 
0 237 15 
0 258 7 
0 221 25 
0 212 13 
0 205 40 
0 252 9 
