0 14 179 
0 20 71 
0 3 120 
0 31 75 
0 23 87 
0 30 72 
0 14 59 
0 13 141 
0 19 25 
0 37 39 
0 23 170 
0 7 99 
0 11 31 
0 39 41 
0 21 120 
0 12 111 
0 32 54 
0 37 54 
0 31 79 
0 17 48 
0 53 76 
0 3 49 
0 57 62 
0 23 89 
0 44 87 
0 36 58 
0 15 63 
0 33 217 
0 16 80 
0 63 159 
0 33 71 
0 15 51 
0 12 85 
0 19 100 
0 58 107 
0 5 148 
0 7 95 
0 98 87 
0 22 89 
0 53 82 
0 48 30 
0 20 75 
0 36 79 
0 1 38 
0 15 89 
0 40 35 
0 21 48 
0 45 65 
0 24 121 
0 9 37 
0 39 101 
0 38 52 
0 22 56 
0 51 86 
0 41 85 
0 20 68 
0 3 41 
0 58 94 
0 34 45 
0 54 109 
0 2 95 
0 17 77 
0 21 82 
0 19 59 
0 5 112 
0 14 129 
0 22 76 
0 26 46 
0 46 32 
0 18 67 
0 12 45 
0 11 125 
0 12 46 
0 44 138 
0 18 55 
0 50 133 
0 37 56 
0 26 86 
0 77 45 
0 24 66 
0 31 87 
0 10 62 
0 27 53 
0 21 46 
0 4 105 
0 17 104 
0 30 113 
0 15 71 
0 15 139 
0 37 70 
0 46 91 
0 17 127 
0 14 92 
0 25 167 
0 10 36 
0 34 75 
0 21 95 
0 28 87 
0 27 101 
0 12 54 
0 9 173 
0 25 19 
0 35 108 
0 53 84 
0 9 53 
0 6 63 
0 33 93 
0 49 112 
0 97 94 
0 23 95 
0 26 25 
0 33 55 
0 58 70 
0 22 77 
0 41 169 
0 65 86 
0 37 92 
0 18 89 
0 69 72 
0 13 119 
0 21 79 
0 14 94 
0 31 217 
0 9 67 
0 18 73 
0 28 27 
0 24 118 
0 28 99 
0 23 86 
0 26 58 
0 11 53 
0 27 65 
0 25 153 
0 13 53 
0 51 72 
0 15 81 
0 29 96 
0 16 22 
0 19 97 
0 36 69 
0 18 185 
0 31 159 
0 44 61 
0 13 191 
0 4 43 
0 10 62 
0 44 101 
0 45 50 
0 56 68 
0 10 45 
0 23 85 
0 19 102 
0 14 32 
0 59 99 
0 20 90 
0 54 79 
0 16 211 
0 4 109 
0 52 87 
0 22 97 
0 51 162 
0 20 50 
0 7 155 
0 29 66 
0 29 44 
0 37 71 
0 70 26 
0 39 100 
0 17 141 
0 15 172 
0 23 150 
0 25 38 
0 74 167 
0 18 108 
0 53 62 
0 10 110 
0 19 64 
0 58 69 
0 32 63 
0 54 74 
0 31 107 
0 49 57 
0 15 49 
0 9 87 
0 19 57 
0 39 98 
0 25 76 
0 77 46 
0 4 70 
0 32 55 
0 36 122 
0 35 78 
0 23 69 
0 60 104 
0 16 76 
0 19 79 
0 38 63 
0 25 92 
0 55 75 
0 14 79 
0 43 64 
0 54 157 
0 9 88 
0 17 186 
0 4 156 
0 12 45 
0 25 63 
0 13 85 
0 29 88 
0 9 87 
0 24 56 
0 10 210 
0 14 112 
0 42 76 
0 21 25 
0 16 93 
0 41 111 
0 17 68 
0 6 172 
0 32 64 
0 32 105 
0 117 103 
0 7 93 
0 10 134 
0 25 31 
0 16 49 
0 57 97 
0 23 88 
0 12 71 
0 37 68 
0 64 67 
0 20 63 
0 48 61 
0 31 56 
0 37 67 
0 41 42 
0 31 69 
0 36 57 
0 11 38 
0 23 75 
0 10 227 
0 37 86 
0 63 81 
0 56 46 
0 58 22 
0 15 68 
0 27 41 
0 25 59 
0 35 199 
0 90 48 
0 23 63 
0 51 56 
0 16 52 
0 15 107 
0 26 85 
0 6 119 
0 10 97 
0 31 78 
0 20 65 
0 42 70 
0 15 116 
0 20 44 
0 41 70 
0 35 83 
0 37 93 
0 7 147 
0 31 113 
0 51 106 
0 32 55 
0 30 48 
0 22 67 
0 30 34 
0 84 26 
0 12 53 
0 22 59 
0 32 65 
0 26 23 
0 36 145 
0 4 34 
0 32 39 
0 13 39 
0 15 109 
0 42 59 
0 29 101 
0 22 95 
0 18 88 
0 22 66 
0 29 50 
0 73 91 
0 40 23 
0 25 102 
0 38 42 
0 16 100 
0 8 59 
0 33 99 
0 9 69 
0 51 100 
0 60 88 
0 4 78 
0 66 162 
0 16 67 
0 61 82 
0 22 97 
0 17 34 
0 20 68 
0 34 156 
0 52 39 
0 17 136 
0 14 81 
0 9 130 
0 7 103 
0 22 107 
0 27 66 
0 25 117 
0 19 63 
0 17 79 
0 43 146 
0 4 81 
0 52 62 
0 27 76 
0 43 85 
0 13 117 
0 39 77 
0 54 176 
0 6 39 
0 63 56 
0 10 134 
0 16 22 
0 37 65 
0 13 112 
0 33 95 
0 20 106 
0 42 39 
0 13 84 
0 71 90 
0 41 109 
0 58 82 
0 21 120 
0 31 99 
0 16 45 
0 12 51 
0 11 67 
0 43 41 
0 20 108 
0 15 40 
0 25 151 
0 25 58 
0 29 75 
0 78 25 
0 21 49 
0 46 57 
0 24 40 
0 9 73 
0 36 121 
0 23 128 
0 41 121 
0 14 28 
0 4 101 
0 34 183 
0 12 85 
0 7 53 
0 18 23 
0 18 56 
0 24 151 
0 19 186 
0 52 81 
0 5 31 
0 58 34 
0 20 57 
0 27 61 
0 43 59 
0 8 72 
0 65 193 
0 36 49 
0 49 137 
0 56 65 
0 34 101 
0 29 133 
0 27 71 
0 27 80 
0 27 67 
0 29 92 
0 22 95 
0 42 119 
0 81 45 
0 61 47 
0 10 162 
0 29 182 
0 17 35 
0 37 91 
0 42 86 
0 32 77 
0 2 139 
0 22 56 
0 24 107 
0 33 90 
0 47 84 
0 12 40 
0 9 45 
0 39 149 
0 38 48 
0 25 67 
0 39 68 
0 23 73 
0 12 61 
0 46 53 
0 23 109 
0 1 52 
0 41 75 
0 13 114 
0 21 50 
0 37 50 
0 12 25 
0 12 102 
0 9 107 
0 28 109 
0 20 54 
0 12 107 
0 46 38 
0 71 71 
0 50 69 
0 7 72 
0 31 104 
0 6 84 
0 37 145 
0 62 81 
0 14 66 
0 23 68 
0 42 67 
0 17 84 
0 34 104 
0 19 64 
0 21 33 
0 14 84 
0 27 63 
0 31 126 
0 29 102 
0 8 92 
0 14 48 
0 3 84 
0 39 114 
0 11 98 
0 32 42 
0 10 60 
0 37 29 
0 18 39 
0 13 125 
0 27 97 
0 28 128 
0 31 68 
0 9 68 
0 21 79 
0 41 30 
0 12 79 
0 17 124 
0 24 127 
0 36 48 
0 9 89 
0 27 70 
0 22 188 
0 31 59 
0 68 84 
0 38 54 
0 18 120 
0 33 52 
0 5 172 
0 43 62 
0 72 165 
0 68 83 
0 53 67 
0 22 115 
0 29 105 
0 12 196 
0 14 64 
0 24 72 
0 33 22 
0 4 97 
0 39 22 
0 30 80 
0 28 60 
0 9 41 
0 16 104 
0 14 99 
0 33 165 
0 31 126 
0 5 70 
0 6 121 
0 29 104 
0 44 143 
0 22 44 
0 26 66 
0 16 112 
0 3 106 
0 22 91 
0 29 163 
0 12 97 
0 28 108 
0 3 50 
0 19 54 
0 41 58 
0 23 144 
0 25 106 
0 12 75 
0 21 40 
0 17 136 
0 14 45 
0 10 56 
0 20 140 
0 22 78 
0 14 83 
0 42 106 
0 26 120 
0 33 84 
0 47 63 
0 1 182 
0 23 84 
0 2 123 
0 59 70 
0 28 103 
0 36 94 
0 15 125 
0 25 95 
0 47 41 
0 11 72 
0 25 76 
0 5 37 
0 25 135 
0 36 45 
0 37 37 
0 21 106 
0 44 46 
0 44 24 
0 34 84 
0 45 114 
0 5 190 
0 11 68 
0 44 152 
0 69 66 
0 24 81 
0 19 44 
0 7 76 
0 35 75 
0 31 87 
0 39 118 
0 46 51 
0 28 101 
0 38 106 
0 22 26 
0 38 82 
0 16 98 
0 12 115 
0 29 68 
0 5 82 
0 27 148 
0 13 83 
0 67 73 
0 12 170 
0 16 94 
0 24 77 
0 29 50 
0 53 84 
0 57 86 
0 21 54 
0 16 53 
0 18 83 
0 25 45 
0 23 38 
0 43 98 
0 29 49 
0 28 65 
0 38 87 
0 13 88 
0 43 81 
0 23 105 
0 1 135 
0 25 28 
0 39 98 
0 12 146 
0 42 116 
0 13 73 
0 25 40 
0 54 80 
0 44 76 
0 20 100 
0 61 133 
0 4 90 
0 33 61 
0 8 152 
0 24 74 
0 10 21 
0 43 204 
0 25 103 
0 21 180 
0 66 75 
0 16 109 
0 14 83 
0 31 63 
0 7 49 
0 38 33 
0 56 53 
0 40 54 
0 55 66 
0 13 140 
0 14 51 
0 9 128 
0 8 139 
0 18 128 
0 100 63 
0 15 130 
0 16 102 
0 44 65 
0 36 49 
0 6 52 
0 22 87 
0 53 60 
0 21 28 
0 16 41 
0 21 76 
0 13 47 
0 2 51 
0 19 83 
0 43 32 
0 54 103 
0 6 75 
0 46 57 
0 29 67 
0 28 186 
0 21 58 
0 28 59 
0 30 69 
0 36 87 
0 12 59 
0 24 101 
0 10 67 
0 21 73 
0 9 63 
0 27 82 
0 31 50 
0 31 87 
0 35 121 
0 3 164 
0 70 76 
0 60 60 
0 25 88 
0 30 88 
0 32 75 
0 15 41 
0 17 106 
0 43 124 
0 4 45 
0 23 55 
0 57 32 
0 28 97 
0 11 68 
0 30 81 
0 35 103 
0 27 94 
0 38 89 
0 7 99 
0 10 22 
0 34 83 
0 9 60 
0 26 76 
0 15 69 
0 25 69 
0 20 104 
0 15 82 
0 14 122 
0 54 71 
0 31 24 
0 34 54 
0 37 49 
0 11 13 
0 11 56 
0 13 102 
0 16 91 
0 7 90 
0 34 24 
0 18 47 
0 22 167 
0 19 68 
0 41 89 
0 31 133 
0 32 34 
0 33 104 
0 42 41 
0 39 124 
0 36 110 
0 27 42 
0 15 110 
0 15 101 
0 22 121 
0 33 106 
0 29 103 
0 34 156 
0 15 67 
0 10 56 
0 18 124 
0 13 107 
0 20 79 
0 17 127 
0 27 114 
0 33 48 
0 1 62 
0 53 118 
0 49 131 
0 26 116 
0 45 95 
0 31 102 
0 54 28 
0 22 163 
0 5 108 
0 25 85 
0 26 57 
0 20 96 
0 55 108 
0 32 87 
0 61 122 
0 39 82 
0 61 85 
0 10 64 
0 48 55 
0 22 72 
0 18 35 
0 26 71 
0 14 77 
0 41 104 
0 42 87 
0 25 94 
0 6 72 
0 31 44 
0 26 45 
0 45 205 
0 25 79 
0 40 119 
0 3 97 
0 48 40 
0 33 104 
0 4 18 
0 32 70 
0 51 44 
0 16 143 
0 39 94 
0 26 90 
0 63 87 
0 12 25 
0 29 122 
0 27 110 
0 47 146 
0 33 65 
0 41 44 
0 19 41 
0 60 40 
0 10 93 
0 8 86 
0 11 104 
0 45 71 
0 15 41 
0 74 63 
0 53 37 
0 39 17 
0 16 48 
0 23 103 
0 50 58 
0 22 109 
0 49 59 
0 52 104 
0 11 64 
0 35 40 
0 25 86 
0 13 34 
0 32 56 
0 30 106 
0 43 71 
0 12 154 
0 30 140 
0 55 47 
0 20 133 
0 58 91 
0 58 57 
0 19 92 
0 24 145 
0 17 63 
0 26 76 
0 17 32 
0 49 114 
0 10 42 
0 26 34 
0 26 119 
0 32 264 
0 23 111 
0 52 93 
0 30 103 
0 51 52 
0 15 84 
0 28 26 
0 52 44 
0 7 168 
0 35 81 
0 30 174 
0 13 100 
0 52 45 
0 14 60 
0 5 78 
0 6 59 
0 0 15 
0 33 88 
0 7 18 
0 50 42 
0 23 109 
0 31 20 
0 15 81 
0 46 63 
0 29 38 
0 70 145 
0 18 48 
0 26 143 
0 26 45 
0 9 50 
0 62 36 
0 37 134 
0 100 84 
0 27 149 
0 28 49 
0 7 74 
0 34 53 
0 52 69 
0 56 107 
0 20 31 
0 25 93 
0 5 130 
0 13 100 
0 51 99 
0 2 30 
0 13 50 
0 44 137 
0 37 90 
0 42 112 
0 32 58 
0 25 28 
0 54 79 
0 22 29 
0 47 82 
0 8 184 
0 35 101 
0 19 163 
0 39 46 
0 12 119 
0 61 68 
0 25 36 
0 33 77 
0 17 61 
0 4 155 
0 23 102 
0 38 58 
0 47 77 
0 28 93 
0 32 76 
0 24 26 
0 27 42 
0 57 100 
0 27 87 
0 61 108 
0 60 112 
0 57 61 
0 46 59 
0 16 115 
0 17 32 
0 18 71 
0 24 85 
0 21 80 
0 20 152 
0 18 105 
0 51 49 
0 40 101 
0 11 111 
0 26 121 
0 3 113 
0 25 28 
0 18 104 
0 10 35 
0 17 68 
0 5 46 
0 7 101 
0 12 118 
0 71 16 
0 19 116 
0 15 163 
0 24 81 
0 9 85 
0 36 42 
0 44 55 
0 20 204 
0 40 164 
0 11 91 
0 37 23 
0 23 150 
0 9 59 
0 43 88 
0 23 121 
0 15 70 
0 39 50 
0 6 13 
0 32 86 
0 26 44 
0 41 85 
0 1 58 
0 18 74 
0 12 152 
0 16 57 
0 57 206 
0 13 59 
0 65 76 
0 13 81 
0 45 79 
0 28 138 
0 48 108 
0 4 81 
0 24 68 
0 49 88 
0 17 120 
0 65 66 
0 9 197 
0 26 35 
0 19 89 
0 11 90 
0 4 79 
0 32 98 
0 33 50 
0 47 196 
0 52 57 
0 7 96 
0 37 113 
0 15 88 
0 32 94 
0 12 99 
0 1 92 
0 31 104 
0 44 200 
0 12 55 
0 23 57 
0 26 46 
0 57 77 
0 66 106 
0 12 86 
0 58 48 
0 8 69 
0 21 61 
0 36 83 
0 11 136 
0 1 119 
0 43 72 
0 20 21 
0 12 23 
0 26 48 
0 24 72 
0 39 35 
0 45 83 
0 9 49 
0 14 49 
0 32 71 
0 33 68 
0 15 99 
0 52 64 
0 20 62 
0 28 69 
0 16 46 
0 4 164 
0 31 131 
0 13 80 
0 21 87 
0 3 43 
0 11 74 
0 21 73 
0 19 77 
0 27 108 
0 18 84 
0 2 137 
0 10 170 
0 22 56 
0 25 62 
0 6 117 
0 29 90 
0 39 66 
0 23 229 
0 20 95 
0 35 87 
0 31 104 
0 35 50 
0 13 145 
0 56 66 
0 24 101 
0 24 105 
0 45 35 
0 28 74 
0 11 33 
0 7 172 
0 20 59 
0 18 54 
0 35 64 
