0 11 117 
0 27 84 
0 21 199 
0 81 149 
0 15 73 
0 10 104 
0 28 55 
0 27 54 
0 12 138 
0 54 109 
0 24 44 
0 37 77 
0 35 192 
0 45 34 
0 9 58 
0 64 71 
0 18 34 
0 38 107 
0 12 49 
0 21 132 
0 23 85 
0 31 119 
0 12 46 
0 22 142 
0 25 64 
0 49 92 
0 17 176 
0 25 65 
0 15 89 
0 34 160 
0 6 119 
0 33 98 
0 37 80 
0 44 120 
0 6 88 
0 20 63 
0 45 109 
0 26 62 
0 21 95 
0 37 98 
0 16 51 
0 38 73 
0 48 175 
0 31 102 
0 57 95 
0 7 107 
0 29 147 
0 43 100 
0 9 143 
0 34 193 
0 18 114 
0 18 46 
0 43 33 
0 36 53 
0 15 69 
0 23 131 
0 5 59 
0 88 40 
0 19 69 
0 32 97 
0 24 88 
0 36 112 
0 40 70 
0 30 140 
0 18 107 
0 6 47 
0 13 46 
0 26 54 
0 8 126 
0 13 111 
0 23 172 
0 14 123 
0 38 138 
0 68 93 
0 49 117 
0 35 69 
0 13 37 
0 63 82 
0 20 52 
0 22 150 
0 20 78 
0 18 55 
0 9 112 
0 19 104 
0 68 123 
0 42 76 
0 2 184 
0 8 109 
0 14 42 
0 27 85 
0 12 113 
0 34 43 
0 35 90 
0 26 67 
0 9 58 
0 14 100 
0 25 113 
0 24 170 
0 36 105 
0 28 55 
0 23 170 
0 34 86 
0 31 34 
0 22 126 
0 20 90 
0 50 132 
0 24 90 
0 29 90 
0 30 67 
0 10 42 
0 32 60 
0 32 116 
0 24 53 
0 13 131 
0 52 63 
0 6 132 
0 29 89 
0 31 123 
0 41 78 
0 33 47 
0 5 134 
0 54 87 
0 26 140 
0 18 93 
0 18 74 
0 54 58 
0 27 52 
0 25 138 
0 28 100 
0 31 114 
0 33 147 
0 20 126 
0 42 82 
0 13 48 
0 19 45 
0 29 97 
0 36 63 
0 61 43 
0 15 60 
0 59 104 
0 38 31 
0 28 124 
0 31 97 
0 23 90 
0 41 96 
0 25 28 
0 21 169 
0 3 69 
0 16 159 
0 11 73 
0 25 30 
0 33 64 
0 59 121 
0 24 52 
0 14 53 
0 22 34 
0 14 141 
0 16 88 
0 27 94 
0 5 90 
0 6 53 
0 20 145 
0 44 104 
0 14 140 
0 17 95 
0 13 114 
0 10 45 
0 19 100 
0 23 74 
0 21 161 
0 29 66 
0 31 54 
0 24 109 
0 34 53 
0 45 161 
0 22 106 
0 46 84 
0 38 120 
0 17 91 
0 19 108 
0 23 70 
0 22 56 
0 14 58 
0 36 100 
0 67 49 
0 54 59 
0 25 112 
0 31 101 
0 22 138 
0 17 65 
0 70 72 
0 9 68 
0 24 85 
0 41 33 
0 28 45 
0 50 286 
0 33 164 
0 17 114 
0 29 73 
0 34 92 
0 43 83 
0 39 54 
0 15 150 
0 46 177 
0 6 95 
0 31 93 
0 39 51 
0 5 78 
0 8 117 
0 15 76 
0 31 32 
0 37 95 
0 28 63 
0 44 117 
0 50 77 
0 40 142 
0 21 91 
0 33 57 
0 4 70 
0 29 87 
0 33 33 
0 35 57 
0 33 40 
0 17 92 
0 28 73 
0 58 133 
0 44 140 
0 45 75 
0 23 79 
0 21 80 
0 25 85 
0 6 62 
0 28 105 
0 25 36 
0 11 64 
0 35 111 
0 58 170 
0 21 38 
0 12 45 
0 14 132 
0 5 60 
0 5 46 
0 24 93 
0 27 69 
0 32 122 
0 10 96 
0 18 116 
0 43 94 
0 69 111 
0 52 70 
0 41 90 
0 36 52 
0 52 65 
0 15 99 
0 17 147 
0 75 104 
0 52 91 
0 6 42 
0 43 144 
0 33 75 
0 16 110 
0 42 29 
0 21 105 
0 14 28 
0 4 153 
0 15 72 
0 40 86 
0 49 161 
0 29 80 
0 13 117 
0 7 83 
0 28 80 
0 6 122 
0 26 97 
0 16 65 
0 57 63 
0 30 44 
0 60 75 
0 18 48 
0 13 107 
0 10 57 
0 41 97 
0 3 84 
0 27 86 
0 30 156 
0 24 131 
0 34 85 
0 28 86 
0 58 90 
0 39 150 
0 34 90 
0 32 184 
0 23 116 
0 21 87 
0 20 85 
0 3 106 
0 4 101 
0 25 37 
0 36 89 
0 16 171 
0 28 57 
0 24 162 
0 15 107 
0 39 106 
0 46 53 
0 26 139 
0 41 82 
0 46 156 
0 22 66 
0 23 50 
0 36 61 
0 17 66 
0 8 196 
0 24 102 
0 14 94 
0 14 29 
0 19 76 
0 1 82 
0 26 45 
0 36 134 
0 20 83 
0 55 57 
0 10 141 
0 26 51 
0 34 81 
0 6 43 
0 26 74 
0 7 90 
0 38 103 
0 34 147 
0 11 42 
0 14 74 
0 10 37 
0 11 39 
0 38 53 
0 29 80 
0 14 120 
0 26 138 
0 46 71 
0 41 146 
0 3 77 
0 7 100 
0 35 81 
0 26 119 
0 28 51 
0 11 49 
0 26 72 
0 20 54 
0 19 60 
0 25 132 
0 19 50 
0 16 65 
0 4 118 
0 29 77 
0 31 63 
0 9 112 
0 24 93 
0 40 51 
0 30 33 
0 30 136 
0 27 108 
0 7 54 
0 4 66 
0 23 20 
0 14 30 
0 28 135 
0 41 125 
0 23 116 
0 45 74 
0 12 49 
0 29 153 
0 38 142 
0 48 88 
0 44 93 
0 17 84 
0 35 156 
0 41 141 
0 25 66 
0 31 121 
0 5 64 
0 29 49 
0 10 71 
0 61 89 
0 15 198 
0 36 78 
0 39 96 
0 3 34 
0 15 126 
0 17 51 
0 50 55 
0 17 83 
0 6 88 
0 63 125 
0 17 135 
0 2 62 
0 33 68 
0 21 59 
0 13 152 
0 9 114 
0 11 151 
0 42 73 
0 13 91 
0 42 95 
0 21 88 
0 15 39 
0 22 61 
0 58 94 
0 13 62 
0 31 34 
0 19 186 
0 26 96 
0 40 82 
0 29 67 
0 13 81 
0 53 107 
0 8 152 
0 19 74 
0 33 83 
0 25 155 
0 54 83 
0 29 89 
0 26 86 
0 16 66 
0 28 87 
0 20 33 
0 57 46 
0 29 69 
0 38 159 
0 33 117 
0 24 68 
0 8 39 
0 58 139 
0 23 47 
0 35 150 
0 2 57 
0 61 73 
0 21 39 
0 8 96 
0 15 160 
0 8 135 
0 36 58 
0 28 149 
0 31 191 
0 26 99 
0 38 87 
0 44 110 
0 29 65 
0 42 81 
0 26 142 
0 53 99 
0 39 122 
0 55 144 
0 27 130 
0 33 105 
0 41 64 
0 45 139 
0 48 78 
0 20 125 
0 42 48 
0 38 119 
0 13 84 
0 13 52 
0 34 124 
0 10 66 
0 49 115 
0 11 62 
0 31 61 
0 13 75 
0 26 55 
0 35 60 
0 18 85 
0 46 109 
0 25 84 
0 26 109 
0 48 77 
0 13 123 
0 12 90 
0 14 104 
0 19 88 
0 7 156 
0 44 123 
0 37 85 
0 28 60 
0 21 77 
0 24 25 
0 24 161 
0 54 136 
0 13 39 
0 52 37 
0 16 46 
0 12 130 
0 15 112 
0 14 95 
0 34 140 
0 37 151 
0 30 61 
0 35 99 
0 24 52 
0 24 123 
0 40 44 
0 49 78 
0 25 73 
0 7 90 
0 19 71 
0 29 44 
0 16 80 
0 40 113 
0 29 106 
0 14 93 
0 37 67 
0 25 56 
0 19 107 
0 13 73 
0 25 36 
0 13 75 
0 16 124 
0 21 138 
0 21 120 
0 53 69 
0 19 80 
0 7 119 
0 10 100 
0 33 94 
0 42 74 
0 30 104 
0 21 83 
0 20 58 
0 20 92 
0 30 42 
0 49 152 
0 26 67 
0 21 109 
0 10 152 
0 18 83 
0 3 128 
0 27 57 
0 8 226 
0 37 106 
0 31 47 
0 9 132 
0 11 105 
0 23 199 
0 49 78 
0 7 120 
0 30 35 
0 106 64 
0 47 44 
0 19 54 
0 41 114 
0 57 111 
0 54 101 
0 16 87 
0 16 69 
0 3 197 
0 12 114 
0 69 58 
0 30 72 
0 10 290 
0 49 64 
0 18 112 
0 34 50 
0 15 101 
0 29 50 
0 30 85 
0 63 106 
0 26 40 
0 26 59 
0 29 61 
0 25 96 
0 24 46 
0 23 63 
0 15 55 
0 24 31 
0 34 121 
0 16 104 
0 13 38 
0 33 70 
0 7 184 
0 8 80 
0 34 106 
0 17 137 
0 17 78 
0 52 109 
0 36 83 
0 12 58 
0 8 84 
0 15 34 
0 26 58 
0 32 190 
0 22 74 
0 3 210 
0 6 112 
0 39 87 
0 43 122 
0 39 45 
0 19 108 
0 30 84 
0 8 96 
0 28 135 
0 15 122 
0 8 134 
0 37 80 
0 37 189 
0 38 47 
0 45 215 
0 13 78 
0 16 85 
0 12 129 
0 26 100 
0 16 74 
0 5 26 
0 29 148 
0 38 138 
0 20 153 
0 44 145 
0 17 89 
0 13 85 
0 18 43 
0 24 90 
0 33 93 
0 5 100 
0 74 125 
0 36 117 
0 35 89 
0 39 46 
0 35 34 
0 28 72 
0 19 49 
0 28 113 
0 28 47 
0 11 67 
0 33 42 
0 20 82 
0 26 91 
0 41 43 
0 55 52 
0 19 73 
0 40 100 
0 9 73 
0 21 69 
0 30 88 
0 23 100 
0 40 169 
0 14 90 
0 22 107 
0 49 129 
0 44 72 
0 15 115 
0 42 71 
0 11 82 
0 23 110 
0 47 95 
0 19 46 
0 17 152 
0 42 124 
0 23 89 
0 20 190 
0 47 141 
0 15 110 
0 36 86 
0 30 100 
0 18 68 
0 27 42 
0 39 64 
0 18 29 
0 44 65 
0 8 32 
0 46 101 
0 31 88 
0 32 93 
0 9 66 
0 21 45 
0 11 131 
0 36 26 
0 39 92 
0 10 92 
0 9 135 
0 25 51 
0 15 67 
0 20 61 
0 19 26 
0 21 123 
0 11 104 
0 42 45 
0 7 75 
0 38 57 
0 23 73 
0 26 60 
0 15 158 
0 27 177 
0 7 63 
0 38 58 
0 18 87 
0 25 104 
0 41 79 
0 16 111 
0 17 45 
0 17 139 
0 19 41 
0 22 123 
0 25 135 
0 12 99 
0 26 106 
0 35 49 
0 15 89 
0 14 77 
0 28 104 
0 21 267 
0 27 90 
0 17 118 
0 35 88 
0 24 95 
0 4 116 
0 24 59 
0 4 90 
0 17 84 
0 28 74 
0 40 82 
0 10 49 
0 57 37 
0 13 50 
0 13 24 
0 22 84 
0 21 140 
0 22 89 
0 6 229 
0 9 46 
0 38 130 
0 3 46 
0 24 77 
0 24 78 
0 17 95 
0 31 48 
0 7 102 
0 31 118 
0 32 167 
0 32 116 
0 12 51 
0 12 110 
0 5 72 
0 32 61 
0 7 87 
0 20 131 
0 29 53 
0 14 72 
0 10 102 
0 16 144 
0 23 44 
0 46 91 
0 25 74 
0 8 74 
0 26 125 
0 33 100 
0 12 154 
0 6 96 
0 22 97 
0 55 50 
0 16 120 
0 25 124 
0 23 83 
0 37 48 
0 45 124 
0 46 83 
0 9 34 
0 9 121 
0 19 177 
0 63 39 
0 22 104 
0 24 82 
0 63 79 
0 50 61 
0 17 123 
0 9 126 
0 15 116 
0 48 69 
0 48 139 
0 41 44 
0 9 55 
0 18 87 
0 19 67 
0 32 97 
0 10 51 
0 46 63 
0 34 128 
0 12 67 
0 38 111 
0 7 109 
0 18 124 
0 36 112 
0 45 31 
0 32 169 
0 33 105 
0 67 53 
0 11 95 
0 25 107 
0 29 100 
0 33 98 
0 35 97 
0 22 124 
0 15 64 
0 45 89 
0 41 75 
0 7 44 
0 12 74 
0 27 78 
0 31 103 
0 42 75 
0 55 137 
0 31 120 
0 27 60 
0 22 174 
0 27 117 
0 8 70 
0 31 59 
0 12 145 
0 13 109 
0 55 53 
0 14 79 
0 19 116 
0 38 77 
0 18 105 
0 13 49 
0 63 167 
0 13 58 
0 25 114 
0 6 80 
0 21 130 
0 40 77 
0 17 31 
0 8 101 
0 30 94 
0 19 78 
0 21 75 
0 13 73 
0 33 90 
0 8 84 
0 5 68 
0 32 50 
0 15 52 
0 22 55 
0 19 50 
0 77 61 
0 15 54 
0 21 124 
0 47 132 
0 53 201 
0 38 46 
0 45 101 
0 11 84 
0 36 72 
0 19 144 
0 5 116 
0 24 101 
0 23 44 
0 32 96 
0 10 80 
0 29 43 
0 14 81 
0 31 137 
0 26 125 
0 44 85 
0 17 86 
0 24 117 
0 6 164 
0 25 43 
0 28 85 
0 8 139 
0 18 80 
0 11 84 
0 27 58 
0 15 57 
0 55 63 
0 31 78 
0 32 105 
0 31 75 
0 51 115 
0 29 77 
0 10 66 
0 4 89 
0 27 49 
0 69 166 
0 1 99 
0 20 103 
0 29 56 
0 34 54 
0 27 167 
0 26 78 
0 18 216 
0 29 30 
0 25 103 
0 31 115 
0 25 205 
0 15 91 
0 45 107 
0 28 188 
0 15 114 
0 33 77 
0 38 113 
0 27 53 
0 44 45 
0 21 46 
0 46 30 
0 21 72 
0 61 55 
0 38 35 
0 12 114 
0 7 77 
0 7 113 
0 3 58 
0 11 136 
0 21 64 
0 4 86 
0 35 74 
0 9 117 
0 41 133 
0 22 59 
0 16 108 
0 19 127 
0 30 71 
0 6 43 
0 27 96 
0 34 112 
0 34 75 
0 59 59 
0 21 81 
0 17 93 
0 49 109 
0 16 84 
0 48 23 
0 18 38 
0 55 145 
0 25 70 
0 42 49 
0 27 118 
0 25 58 
0 58 50 
0 7 131 
0 17 79 
0 28 73 
0 33 43 
0 15 44 
0 86 92 
0 12 158 
0 8 148 
0 77 51 
0 35 127 
0 35 76 
0 19 57 
0 31 37 
0 2 107 
0 34 65 
0 21 121 
0 66 61 
0 26 164 
0 36 56 
0 56 79 
0 40 129 
0 28 134 
0 28 102 
0 14 62 
0 11 122 
0 46 127 
0 50 116 
0 57 102 
0 11 39 
0 32 58 
0 9 116 
0 32 97 
0 26 136 
0 27 118 
0 18 86 
0 29 51 
0 56 126 
0 68 12 
0 9 120 
0 24 125 
0 33 39 
0 51 77 
0 59 70 
0 51 68 
0 10 63 
0 31 94 
0 36 123 
0 7 93 
0 24 39 
0 52 117 
0 56 143 
0 11 43 
0 32 169 
0 12 81 
0 24 154 
0 5 48 
0 24 94 
0 49 151 
0 26 69 
0 37 67 
0 31 80 
0 9 72 
0 44 126 
0 12 19 
