0 57 229 6 0 
3 16 386 25 0 
0 8 351 34 0 
0 33 325 10 0 
0 12 290 63 0 
0 27 370 22 0 
2 13 302 63 0 
1 24 276 65 0 
0 23 279 26 0 
1 9 418 78 0 
1 108 285 151 0 
2 29 386 54 0 
0 82 330 21 0 
0 24 273 43 15 
0 63 385 46 0 
3 27 319 56 0 
0 15 392 51 0 
1 112 290 73 0 
0 75 323 32 0 
0 31 341 6 0 
0 6 331 179 0 
0 8 348 8 0 
0 28 286 32 0 
0 10 327 41 0 
0 3 292 32 0 
0 8 292 35 0 
3 13 456 58 0 
2 90 374 61 0 
0 45 278 59 0 
1 110 293 12 0 
0 17 278 33 0 
0 55 276 78 0 
2 56 224 14 0 
2 29 318 1 0 
0 36 267 8 0 
2 33 318 9 0 
0 95 380 50 0 
0 64 345 54 0 
0 41 340 29 0 
0 61 340 12 0 
0 19 234 45 0 
0 39 284 57 2 
0 24 390 30 0 
1 22 289 36 0 
0 4 363 18 0 
1 47 465 0 0 
0 24 308 2 0 
0 59 335 47 0 
0 46 457 14 0 
0 31 311 24 0 
0 9 368 41 0 
0 107 344 13 0 
0 29 254 19 0 
0 27 481 45 0 
0 9 337 18 0 
0 47 345 5 0 
0 39 279 24 0 
0 43 392 29 0 
0 17 497 11 0 
2 14 237 32 0 
0 4 328 109 0 
0 13 449 11 0 
1 14 258 75 0 
2 17 369 32 0 
0 43 304 89 0 
0 59 356 52 0 
0 31 261 47 0 
1 2 438 97 0 
0 26 414 64 0 
0 14 302 36 0 
0 62 226 67 0 
2 24 388 7 0 
0 49 223 74 0 
0 25 229 54 0 
0 55 241 19 0 
0 20 266 52 0 
0 2 328 52 0 
0 58 199 46 0 
0 10 304 45 0 
0 31 291 44 0 
0 46 500 18 0 
0 78 309 2 0 
0 15 307 10 0 
0 17 284 39 0 
0 49 339 10 0 
0 33 413 75 0 
1 38 164 49 0 
0 67 270 54 0 
1 59 285 32 0 
0 24 233 25 0 
0 36 242 6 0 
0 60 337 30 0 
0 24 320 36 0 
0 31 445 37 0 
0 2 403 40 0 
1 21 283 33 0 
1 3 394 22 0 
0 65 266 109 0 
0 68 265 31 0 
4 36 347 1 0 
1 50 224 16 0 
0 30 320 15 0 
0 2 376 48 0 
0 10 320 73 0 
0 45 305 145 0 
1 51 369 13 0 
0 56 387 48 0 
0 74 296 19 0 
2 15 288 12 0 
0 22 411 19 0 
7 4 385 23 0 
0 33 584 4 0 
1 29 274 3 1 
0 34 391 6 0 
0 22 257 31 0 
0 70 301 14 0 
0 41 443 44 0 
0 31 300 16 0 
0 50 290 18 0 
0 14 327 0 0 
1 24 265 27 0 
0 52 362 1 0 
0 36 435 11 0 
0 17 344 37 0 
2 27 371 105 0 
0 9 312 55 0 
0 58 410 9 0 
4 36 365 42 0 
0 14 366 20 0 
0 22 275 18 0 
1 57 402 31 0 
0 30 234 30 0 
1 51 320 81 0 
0 103 280 40 0 
1 23 330 51 0 
0 3 344 41 0 
0 7 407 22 0 
0 38 242 5 0 
1 51 238 13 0 
0 49 321 21 0 
0 49 252 55 0 
0 10 488 9 0 
3 10 409 40 0 
0 12 317 10 0 
1 203 321 12 0 
0 49 219 44 0 
0 32 335 12 0 
0 39 262 50 0 
0 29 244 10 0 
0 63 189 95 0 
0 55 381 195 0 
0 33 512 33 0 
0 4 423 10 0 
0 37 388 49 0 
0 26 391 49 0 
0 21 343 111 0 
0 14 366 5 0 
0 62 358 85 0 
0 40 414 14 0 
0 1 330 24 0 
0 42 328 16 0 
0 71 314 20 0 
0 21 300 16 0 
0 13 437 4 0 
0 54 263 58 0 
1 67 255 23 0 
0 24 304 5 0 
0 17 332 12 0 
1 28 294 0 0 
0 86 269 14 0 
0 97 260 27 0 
0 10 413 9 0 
3 39 348 69 0 
0 182 259 87 0 
1 43 294 24 0 
0 32 337 0 0 
1 43 334 43 0 
1 22 408 2 0 
0 11 306 38 0 
0 26 340 27 0 
2 23 342 52 0 
0 13 357 78 0 
0 29 299 19 0 
0 4 259 39 0 
1 34 220 18 0 
0 15 363 28 0 
0 38 199 21 0 
0 43 329 4 0 
0 8 375 19 0 
1 2 352 20 0 
0 2 399 119 0 
0 13 431 49 0 
7 31 257 37 0 
1 21 382 93 0 
0 34 262 77 0 
0 96 421 20 0 
0 23 399 41 0 
0 90 338 23 0 
0 48 346 58 0 
0 18 450 38 0 
1 23 316 31 0 
0 2 409 95 0 
0 18 382 9 0 
0 14 313 15 0 
5 17 425 14 0 
0 79 310 52 0 
9 38 352 55 0 
0 80 275 31 0 
0 99 303 58 1 
0 17 287 21 0 
0 31 614 40 0 
0 80 261 34 0 
0 15 273 11 0 
0 14 384 13 0 
0 57 296 20 0 
0 18 460 96 0 
0 22 281 12 0 
0 14 551 41 0 
0 26 341 42 0 
0 19 411 72 0 
0 46 322 46 0 
0 8 345 20 0 
1 2 272 54 0 
0 16 357 58 0 
0 23 374 41 0 
0 16 314 61 0 
0 50 300 50 0 
0 67 272 3 0 
3 49 234 31 0 
0 36 380 33 0 
0 25 211 53 0 
3 9 421 65 0 
0 33 397 73 0 
0 32 204 88 0 
0 23 379 14 0 
0 42 326 28 0 
0 39 285 14 0 
0 30 273 73 0 
7 6 299 33 0 
0 29 216 114 0 
1 43 336 37 0 
0 14 361 0 0 
0 70 177 25 0 
0 60 219 10 0 
0 65 283 46 0 
0 5 289 80 0 
0 18 323 28 0 
0 97 328 59 0 
0 39 303 56 0 
0 128 497 5 0 
0 8 285 37 0 
0 39 334 1 0 
0 27 345 83 0 
1 41 357 11 0 
0 11 288 13 0 
1 34 403 48 0 
0 15 417 36 0 
1 7 274 23 0 
0 4 306 19 0 
1 32 273 47 0 
0 9 456 23 0 
0 45 313 50 0 
1 36 248 18 0 
0 93 278 22 0 
0 16 297 56 0 
0 20 347 39 0 
0 4 335 85 0 
0 16 314 17 0 
0 37 348 34 0 
0 57 368 1 0 
0 22 381 17 0 
1 75 261 40 0 
0 42 330 76 0 
0 4 385 10 0 
2 4 326 15 0 
0 15 352 73 0 
0 22 534 34 0 
1 33 312 51 0 
0 95 342 23 0 
0 15 221 26 0 
0 19 345 17 0 
0 40 354 36 0 
2 13 245 32 0 
0 17 322 40 0 
0 15 295 138 0 
1 5 460 57 0 
4 73 268 49 0 
0 27 227 3 0 
0 22 278 20 0 
0 23 295 110 0 
0 46 530 23 0 
0 87 310 15 0 
0 6 316 79 0 
0 39 282 34 0 
1 14 442 16 0 
0 1 445 49 0 
0 15 367 9 0 
0 11 328 16 0 
0 41 317 43 0 
0 8 227 58 0 
0 28 332 66 0 
0 89 254 10 0 
0 45 315 23 0 
0 28 454 15 0 
1 47 428 36 0 
0 104 355 0 0 
0 3 265 101 0 
0 4 389 26 0 
0 4 320 31 0 
0 47 285 26 0 
0 45 350 80 0 
2 54 310 23 0 
0 8 308 33 0 
0 46 461 25 0 
1 42 362 42 0 
1 20 332 2 0 
0 15 351 40 0 
0 51 280 49 0 
0 22 392 31 0 
0 9 373 18 0 
0 9 306 3 0 
1 36 321 13 0 
3 42 301 12 0 
0 15 369 48 0 
0 15 287 39 0 
0 35 305 20 0 
0 47 246 50 0 
0 47 378 18 0 
0 8 314 97 0 
0 37 345 56 0 
0 15 330 120 0 
0 46 302 69 0 
1 100 355 80 0 
0 58 522 31 0 
0 106 317 3 0 
0 21 382 10 0 
0 23 302 49 0 
1 15 392 8 0 
0 62 227 28 0 
0 52 275 11 0 
2 45 273 22 0 
0 68 352 23 0 
1 52 216 5 0 
0 34 401 26 0 
1 31 385 6 0 
0 2 393 8 0 
0 38 210 68 0 
0 36 377 67 0 
0 34 373 29 0 
0 94 252 5 0 
0 17 346 67 0 
0 68 356 10 0 
1 81 391 35 0 
0 77 323 1 0 
0 22 302 62 0 
0 52 402 43 0 
0 8 415 20 0 
1 48 373 1 0 
0 25 314 60 0 
0 12 227 4 0 
0 28 183 17 0 
0 10 424 89 0 
1 26 205 50 0 
1 45 345 17 0 
0 17 197 76 0 
0 24 328 0 0 
0 74 264 25 0 
0 23 280 41 0 
0 10 395 38 0 
0 30 416 16 0 
0 8 383 14 0 
0 34 387 10 0 
0 14 207 45 0 
0 12 396 81 0 
5 54 263 58 0 
0 5 301 27 0 
0 29 372 31 0 
0 17 256 32 0 
1 51 300 8 0 
0 0 450 18 0 
2 17 403 38 0 
0 15 424 4 0 
0 26 392 15 0 
0 77 370 19 0 
0 99 267 20 0 
0 39 357 32 0 
0 7 437 73 0 
0 38 391 19 0 
3 15 334 38 0 
0 3 334 54 0 
4 5 333 19 0 
0 35 253 7 12 
0 43 239 43 0 
0 39 356 9 0 
0 6 329 20 0 
1 21 258 33 0 
0 18 282 84 0 
0 104 402 24 0 
3 22 498 30 0 
0 40 509 42 0 
0 16 325 10 0 
4 51 353 45 0 
0 63 370 8 0 
0 8 404 23 0 
0 7 498 14 0 
0 29 252 59 0 
0 20 322 48 13 
0 52 318 21 0 
0 119 430 14 0 
0 19 300 32 0 
0 54 327 47 0 
1 8 258 25 0 
0 14 356 20 0 
0 3 350 34 0 
0 13 320 29 0 
0 30 271 64 0 
0 7 356 19 0 
0 18 355 13 0 
0 53 336 30 0 
0 165 234 37 0 
0 32 219 47 0 
1 23 253 14 0 
0 165 288 18 0 
0 28 303 69 0 
0 58 320 12 0 
0 22 407 64 0 
0 3 325 26 0 
0 34 346 13 0 
0 49 336 14 0 
0 13 261 23 0 
1 88 414 9 0 
0 41 369 69 0 
2 36 551 13 0 
4 16 304 75 0 
0 27 282 30 0 
0 43 424 21 0 
2 27 454 45 0 
0 20 289 7 0 
0 49 360 11 0 
1 66 404 44 0 
0 39 482 13 0 
0 37 354 11 0 
0 70 390 27 0 
0 7 287 31 0 
0 29 310 59 0 
0 0 334 14 0 
0 9 346 14 0 
0 23 265 42 0 
0 10 444 78 0 
0 78 512 27 0 
0 14 329 59 0 
0 61 257 22 0 
0 23 311 39 0 
2 45 450 60 0 
0 49 215 8 0 
0 46 361 25 0 
0 91 302 17 0 
0 31 254 52 0 
0 31 341 25 0 
0 64 338 71 0 
0 31 309 21 0 
0 46 323 10 0 
1 35 247 13 0 
0 17 408 15 0 
0 10 294 54 0 
2 135 300 21 0 
0 86 221 17 0 
0 95 257 91 0 
0 131 332 82 0 
0 19 268 20 0 
0 46 394 59 0 
0 49 331 10 0 
0 12 368 84 0 
2 54 239 26 0 
0 30 274 50 0 
0 13 432 78 0 
0 24 352 4 0 
2 8 225 199 0 
0 45 311 20 0 
0 24 316 16 0 
0 28 301 9 0 
0 149 249 6 0 
0 32 258 81 0 
0 6 330 116 0 
1 21 367 3 0 
0 10 292 57 0 
0 41 256 11 0 
0 16 330 63 0 
0 7 387 36 0 
0 26 467 3 0 
1 39 349 81 0 
0 74 270 58 0 
0 114 251 12 0 
1 59 316 58 0 
0 38 465 28 0 
3 30 317 70 0 
0 20 287 45 0 
0 13 350 11 0 
0 23 226 44 0 
0 22 310 3 0 
3 34 267 34 0 
0 26 369 26 0 
0 16 338 72 0 
0 55 262 82 0 
0 48 347 138 0 
0 1 419 19 0 
0 45 230 25 0 
0 57 444 88 0 
0 58 249 56 0 
0 22 344 30 0 
0 22 417 18 0 
0 17 306 37 0 
0 12 445 26 0 
0 38 392 58 0 
0 15 383 32 0 
0 50 376 37 0 
0 34 409 4 0 
0 25 366 65 0 
0 69 405 6 0 
0 1 342 25 0 
0 38 381 58 0 
7 76 226 28 0 
0 62 286 19 0 
0 20 239 51 0 
0 50 350 104 0 
0 7 242 23 0 
1 2 162 15 0 
0 31 241 17 0 
8 64 301 22 0 
0 74 307 37 0 
0 136 326 12 0 
1 53 246 75 0 
0 10 417 12 0 
0 35 319 27 1 
0 56 413 32 0 
1 16 395 17 0 
11 116 275 11 0 
8 37 324 70 0 
0 40 318 30 0 
0 57 380 8 0 
0 52 342 43 0 
0 22 531 48 0 
0 32 358 3 0 
1 31 211 29 0 
0 23 343 19 0 
0 14 325 63 0 
0 71 344 38 0 
0 60 182 14 0 
0 22 311 26 0 
0 21 259 139 0 
0 15 366 36 0 
1 32 318 22 0 
0 15 320 16 0 
0 88 376 35 0 
0 14 450 69 0 
0 6 404 20 0 
0 50 269 21 0 
0 36 317 55 0 
1 37 393 4 0 
4 51 283 50 0 
0 35 308 28 0 
0 36 284 25 0 
0 41 304 52 0 
0 25 248 35 0 
0 23 437 86 0 
0 18 314 54 0 
0 34 279 21 0 
0 86 267 64 0 
0 65 269 55 0 
0 95 349 3 0 
1 14 329 10 0 
0 46 502 37 0 
0 1 325 96 0 
0 45 533 0 0 
0 43 211 28 0 
0 17 327 80 0 
0 13 426 111 0 
0 25 421 36 0 
0 2 391 35 0 
0 11 234 14 0 
0 46 222 6 0 
0 7 372 58 0 
0 16 265 68 0 
0 20 312 25 0 
0 21 374 8 0 
0 57 240 24 0 
0 66 414 7 0 
0 45 347 21 0 
2 56 221 32 0 
0 58 380 19 0 
0 109 371 32 0 
0 30 346 46 0 
0 124 280 21 0 
0 124 269 16 0 
1 99 302 41 0 
1 3 397 54 0 
0 29 344 27 0 
5 6 370 8 1 
0 27 398 10 0 
0 56 377 10 0 
0 75 264 19 0 
0 9 315 59 0 
5 141 422 6 0 
0 1 325 4 0 
0 27 312 12 0 
0 8 433 53 0 
0 99 435 18 0 
0 31 264 16 0 
1 44 425 5 0 
0 42 157 36 0 
2 48 361 66 0 
0 18 367 32 0 
0 23 385 19 0 
0 35 396 75 0 
6 37 210 3 0 
0 61 310 1 0 
0 53 305 5 0 
0 8 344 1 1 
4 25 364 6 0 
2 15 363 65 0 
0 45 383 33 0 
0 33 422 46 0 
0 31 423 27 0 
0 12 250 40 0 
0 26 336 31 0 
0 2 444 22 0 
0 44 212 12 0 
0 59 308 16 0 
0 15 372 113 0 
0 31 417 51 0 
0 34 213 13 0 
0 29 260 14 0 
0 18 307 35 0 
1 94 291 61 0 
0 62 359 1 0 
0 48 428 83 0 
0 29 405 40 0 
0 33 279 69 0 
7 3 298 49 0 
0 6 520 49 0 
0 35 347 38 0 
0 75 488 83 0 
0 44 425 38 0 
0 3 197 58 0 
0 13 315 39 0 
0 27 282 29 0 
0 1 420 20 0 
3 38 315 35 0 
0 67 282 16 0 
0 23 399 29 0 
0 6 230 57 0 
0 85 359 24 0 
0 50 309 54 0 
0 53 380 12 0 
0 36 348 21 0 
0 13 305 67 0 
0 11 323 11 0 
0 24 260 34 0 
0 43 229 42 0 
0 46 411 39 0 
0 43 394 20 0 
3 47 413 2 0 
3 20 272 23 0 
0 78 295 11 0 
0 17 294 26 0 
2 65 358 33 0 
0 10 335 50 0 
0 4 397 0 0 
0 11 318 2 0 
1 17 329 23 0 
0 38 234 54 0 
0 14 275 33 0 
0 34 245 94 0 
0 47 443 58 0 
2 31 267 17 0 
0 31 373 33 0 
0 74 380 45 0 
0 71 340 54 0 
0 7 317 83 0 
0 12 325 19 0 
3 48 531 5 0 
0 75 346 17 0 
1 52 294 3 0 
0 74 402 36 0 
0 78 418 19 0 
0 0 390 6 0 
3 38 368 20 0 
1 48 279 11 0 
0 123 258 38 0 
0 129 161 107 0 
0 17 262 97 0 
0 23 396 27 0 
0 10 269 14 0 
0 43 374 32 0 
2 36 346 52 0 
0 43 390 47 0 
0 4 282 100 0 
0 6 269 19 0 
2 32 268 117 0 
1 23 375 40 0 
0 31 345 1 0 
0 27 360 34 0 
0 21 446 19 0 
0 5 343 16 0 
0 34 428 51 0 
0 59 347 43 0 
0 19 295 79 0 
0 26 405 30 0 
1 48 358 26 0 
0 25 350 12 0 
1 72 309 38 0 
0 45 242 63 0 
0 126 222 13 0 
0 47 346 3 0 
0 90 296 1 0 
0 21 328 9 0 
0 63 257 75 0 
0 21 409 48 0 
5 41 267 32 0 
5 24 319 77 0 
0 28 258 29 0 
0 23 406 63 0 
0 40 220 20 0 
0 17 413 15 0 
0 48 384 29 0 
0 30 219 42 0 
0 43 264 25 0 
0 31 250 97 0 
1 48 424 30 0 
0 45 380 40 0 
0 29 284 103 0 
0 12 516 9 0 
0 57 402 2 0 
0 6 325 4 0 
0 23 368 20 0 
0 47 402 14 0 
0 8 425 19 0 
0 56 308 26 0 
0 52 296 23 0 
0 22 317 9 0 
2 24 261 60 0 
0 80 412 2 0 
0 21 326 38 0 
1 20 302 12 0 
1 25 360 0 0 
1 84 397 31 0 
0 23 422 20 0 
0 10 323 20 0 
0 30 337 12 0 
0 7 368 39 0 
6 7 538 13 0 
0 28 309 50 0 
0 62 210 12 0 
0 18 362 48 0 
0 0 417 66 1 
0 33 342 14 0 
0 5 369 18 0 
0 47 298 36 0 
0 31 255 91 0 
0 44 249 22 0 
0 49 278 15 0 
1 32 347 10 0 
2 96 268 101 0 
0 11 351 57 0 
0 66 206 59 0 
0 28 393 35 0 
1 32 349 35 0 
0 51 320 51 0 
0 85 339 8 0 
0 82 241 76 0 
0 8 434 67 0 
1 6 348 91 0 
0 9 304 13 0 
0 61 398 41 0 
0 19 272 74 0 
0 54 391 1 0 
0 7 331 7 0 
3 35 294 14 0 
0 40 326 140 0 
0 33 392 12 0 
0 49 308 55 0 
0 24 309 17 0 
0 81 358 52 0 
1 30 323 26 0 
1 29 425 31 0 
0 57 261 86 0 
0 25 367 43 0 
0 28 397 58 0 
0 53 276 30 0 
0 56 302 16 0 
10 46 367 36 0 
0 45 355 22 0 
0 12 413 38 0 
0 120 391 0 0 
0 28 409 33 0 
0 57 314 22 0 
0 14 437 0 0 
0 7 385 47 0 
0 31 432 34 0 
1 20 250 23 0 
0 19 400 8 0 
0 64 423 107 0 
1 6 329 34 0 
0 19 320 33 0 
0 80 343 60 0 
5 56 270 24 0 
0 21 571 59 0 
0 99 301 24 0 
0 12 365 26 0 
0 44 308 28 0 
0 37 283 55 0 
0 82 347 33 0 
3 35 337 20 0 
0 6 270 61 0 
0 33 306 50 0 
0 199 290 4 0 
0 64 393 28 0 
0 28 343 45 0 
0 0 491 120 0 
1 43 281 12 0 
1 50 236 25 0 
1 16 172 49 0 
0 17 368 67 0 
8 34 376 22 0 
1 15 213 3 0 
1 45 341 74 0 
0 43 313 16 0 
0 16 340 73 0 
0 25 322 27 0 
0 58 284 28 0 
0 20 388 12 0 
0 29 287 30 0 
2 15 389 2 0 
0 22 331 172 0 
0 4 369 14 0 
2 69 356 10 0 
0 18 395 4 0 
0 15 257 46 0 
0 17 478 15 0 
1 63 257 84 0 
1 29 202 53 0 
0 14 262 31 0 
0 35 313 22 0 
0 32 369 32 0 
0 78 301 76 0 
0 34 307 46 0 
0 24 278 25 0 
0 35 370 15 0 
0 10 337 34 0 
0 73 294 47 0 
0 42 465 1 0 
0 55 371 28 0 
2 40 227 66 0 
0 61 220 18 0 
0 4 305 75 0 
17 37 238 51 0 
0 13 307 5 0 
0 37 295 121 0 
1 25 238 27 0 
0 38 235 55 0 
0 73 237 35 0 
0 8 252 20 0 
0 4 361 25 0 
0 1 398 43 0 
0 47 376 69 0 
0 60 251 16 0 
6 93 297 3 8 
0 9 228 12 0 
0 95 241 48 0 
0 42 260 26 0 
7 10 295 80 0 
5 10 342 0 0 
0 109 354 89 0 
0 36 159 85 0 
5 28 356 33 0 
0 102 284 9 0 
0 15 313 20 0 
0 31 459 28 0 
0 29 325 43 0 
0 17 264 9 0 
0 75 415 22 0 
0 17 380 37 0 
0 23 411 48 0 
1 8 397 26 0 
0 24 321 45 0 
2 16 406 12 0 
0 33 372 49 0 
1 14 370 24 0 
0 0 461 33 0 
1 28 211 17 0 
0 116 294 23 0 
0 2 422 22 0 
0 23 332 77 0 
0 25 325 4 0 
0 14 234 52 0 
0 12 285 9 0 
12 31 403 24 0 
0 39 331 62 0 
1 19 506 8 0 
0 7 396 69 0 
1 61 298 14 0 
0 27 383 52 0 
1 47 354 51 0 
0 49 337 49 0 
0 38 355 44 0 
3 15 318 20 0 
0 16 402 8 0 
0 2 359 99 0 
1 13 291 64 0 
1 45 347 17 0 
4 65 363 10 0 
0 52 362 20 0 
0 1 394 78 0 
0 30 249 47 0 
0 38 496 35 0 
0 28 377 38 0 
0 37 345 12 0 
1 27 204 2 0 
0 40 309 13 0 
0 62 325 34 0 
1 20 394 92 0 
0 40 258 13 0 
0 35 320 21 0 
0 62 456 10 0 
0 91 260 26 0 
0 25 551 53 0 
0 47 292 33 0 
0 23 286 155 0 
0 32 296 37 0 
1 31 317 24 0 
0 11 374 29 0 
0 67 372 13 0 
0 3 235 32 0 
2 11 302 22 0 
0 89 421 1 0 
2 57 306 43 0 
0 24 425 43 0 
0 52 286 32 1 
0 172 308 7 0 
0 50 304 12 0 
0 63 366 19 0 
5 16 426 27 0 
0 44 371 5 0 
0 40 370 88 0 
1 38 284 106 0 
0 101 418 20 0 
0 50 440 13 0 
0 38 335 32 0 
0 15 382 42 0 
0 28 274 30 0 
0 28 261 106 0 
3 7 392 31 0 
0 11 332 23 0 
0 63 324 5 0 
2 35 422 18 0 
4 7 237 36 0 
0 4 279 43 1 
0 8 358 33 0 
0 72 238 5 0 
0 30 377 52 0 
0 61 252 13 0 
0 70 288 16 0 
1 1 433 53 0 
0 37 251 59 0 
0 1 279 28 0 
2 25 220 96 0 
0 50 338 32 0 
2 50 315 28 0 
3 34 323 9 0 
0 84 244 57 0 
0 22 420 22 0 
2 86 287 25 0 
0 47 327 27 0 
1 41 356 24 0 
0 72 191 4 0 
0 19 288 18 0 
1 7 328 26 0 
2 97 182 41 0 
0 70 466 24 0 
1 34 534 16 0 
0 12 391 73 0 
0 18 375 20 0 
0 39 389 16 0 
0 21 290 34 0 
0 19 349 103 0 
2 39 377 53 0 
6 85 318 77 0 
0 2 278 37 0 
1 19 322 38 0 
0 71 300 24 0 
0 80 218 69 0 
0 36 267 50 0 
0 5 368 53 0 
0 9 252 63 0 
0 52 340 29 0 
0 62 363 33 0 
0 41 314 46 0 
0 29 442 57 0 
0 39 284 6 0 
0 16 455 59 0 
