668 156 176 
752 188 60 
720 203 77 
591 218 191 
565 204 231 
534 143 323 
693 218 89 
606 245 149 
580 192 228 
524 301 175 
579 196 225 
589 166 245 
546 241 213 
601 179 220 
609 183 208 
602 213 185 
687 193 120 
769 121 110 
590 171 239 
652 221 127 
715 143 142 
672 202 126 
690 154 156 
619 223 158 
754 156 90 
746 145 109 
575 222 203 
627 148 225 
671 143 186 
587 148 265 
577 183 240 
582 226 192 
654 187 159 
652 185 163 
603 186 211 
625 203 172 
557 223 220 
608 250 142 
475 263 262 
598 234 168 
642 152 206 
667 218 115 
730 200 70 
577 199 224 
741 174 85 
533 157 310 
713 217 70 
633 219 148 
575 197 228 
520 297 183 
635 172 193 
582 208 210 
663 180 157 
633 238 129 
641 197 162 
687 238 75 
646 227 127 
559 165 276 
611 161 228 
547 229 224 
640 218 142 
613 284 103 
615 224 161 
698 150 152 
692 210 98 
575 300 125 
651 226 123 
589 154 257 
611 176 213 
688 207 105 
656 154 190 
601 194 205 
686 228 86 
647 242 111 
616 210 174 
535 236 229 
783 161 56 
504 201 295 
625 234 141 
698 131 171 
735 152 113 
716 184 100 
663 169 168 
620 212 168 
734 176 90 
613 266 121 
698 150 152 
636 198 166 
689 197 114 
582 229 189 
540 233 227 
526 141 333 
683 221 96 
742 141 117 
762 124 114 
568 213 219 
575 240 185 
704 188 108 
743 182 75 
578 206 216 
679 194 127 
574 281 145 
626 183 191 
621 228 151 
527 124 349 
512 203 285 
758 160 82 
645 213 142 
662 172 166 
747 131 122 
708 182 110 
747 208 45 
653 168 179 
611 241 148 
645 267 88 
683 218 99 
651 184 165 
629 200 171 
676 180 144 
605 245 150 
681 182 137 
495 190 315 
626 245 129 
614 249 137 
683 216 101 
695 188 117 
618 274 108 
631 227 142 
668 233 99 
713 218 69 
682 204 114 
643 201 156 
689 204 107 
574 200 226 
592 200 208 
754 156 90 
743 183 74 
666 196 138 
707 205 88 
513 223 264 
691 181 128 
704 232 64 
556 249 195 
627 178 195 
628 157 215 
742 151 107 
633 189 178 
581 238 181 
730 145 125 
607 185 208 
574 211 215 
546 257 197 
505 223 272 
654 205 141 
605 177 218 
586 181 233 
600 165 235 
683 178 139 
721 196 83 
556 262 182 
662 226 112 
754 179 67 
630 201 169 
599 258 143 
640 183 177 
591 219 190 
706 186 108 
615 189 196 
682 133 185 
560 165 275 
617 259 124 
681 200 119 
575 151 274 
684 183 133 
671 204 125 
688 226 86 
672 194 134 
574 193 233 
718 132 150 
668 224 108 
639 209 152 
594 195 211 
575 221 204 
703 156 141 
786 156 58 
725 176 99 
703 169 128 
663 204 133 
696 178 126 
694 167 139 
540 304 156 
644 200 156 
634 249 117 
619 178 203 
652 230 118 
661 177 162 
559 263 178 
614 253 133 
665 172 163 
587 164 249 
651 198 151 
658 184 158 
520 222 258 
637 268 95 
701 177 122 
667 221 112 
629 233 138 
661 158 181 
618 202 180 
687 210 103 
559 258 183 
643 187 170 
647 214 139 
641 246 113 
639 194 167 
649 236 115 
724 154 122 
533 166 301 
677 191 132 
631 262 107 
669 223 108 
591 200 209 
673 147 180 
690 209 101 
571 180 249 
700 188 112 
517 145 338 
596 261 143 
658 168 174 
616 233 151 
676 206 118 
642 190 168 
753 128 119 
611 175 214 
533 172 295 
598 227 175 
656 194 150 
723 193 84 
646 174 180 
485 215 300 
588 243 169 
524 167 309 
610 251 139 
690 220 90 
624 240 136 
613 262 125 
639 165 196 
539 189 272 
621 131 248 
594 223 183 
600 266 134 
564 118 318 
638 188 174 
635 200 165 
606 208 186 
630 195 175 
635 229 136 
590 148 262 
674 217 109 
680 202 118 
631 205 164 
676 167 157 
490 153 357 
686 152 162 
583 154 263 
672 217 111 
640 279 81 
665 167 168 
539 241 220 
595 225 180 
639 233 128 
638 135 227 
734 138 128 
571 206 223 
649 200 151 
695 232 73 
488 170 342 
720 200 80 
614 237 149 
688 216 96 
671 229 100 
680 172 148 
591 240 169 
570 197 233 
711 191 98 
759 139 102 
609 164 227 
622 255 123 
648 214 138 
603 173 224 
615 208 177 
684 225 91 
575 158 267 
635 198 167 
591 173 236 
619 139 242 
587 173 240 
606 189 205 
705 144 151 
582 216 202 
704 183 113 
627 218 155 
617 190 193 
659 181 160 
675 139 186 
562 238 200 
692 185 123 
694 144 162 
691 159 150 
636 259 105 
625 179 196 
572 233 195 
547 268 185 
728 195 77 
664 235 101 
541 168 291 
593 248 159 
643 206 151 
666 189 145 
573 201 226 
525 237 238 
592 167 241 
470 143 387 
608 223 169 
544 222 234 
802 144 54 
631 239 130 
529 162 309 
568 213 219 
570 219 211 
682 197 121 
630 184 186 
646 223 131 
545 239 216 
681 219 100 
636 183 181 
570 291 139 
524 208 268 
457 215 328 
736 149 115 
597 153 250 
703 198 99 
542 268 190 
670 148 182 
599 193 208 
602 259 139 
588 239 173 
651 117 232 
669 145 186 
667 138 195 
479 177 344 
713 204 83 
609 153 238 
636 235 129 
535 154 311 
627 259 114 
769 168 63 
640 190 170 
671 237 92 
626 153 221 
667 132 201 
649 295 56 
548 247 205 
519 258 223 
632 179 189 
558 209 233 
627 219 154 
510 149 341 
621 212 167 
653 229 118 
701 190 109 
670 200 130 
673 176 151 
662 203 135 
723 167 110 
578 217 205 
658 144 198 
657 264 79 
694 190 116 
748 181 71 
652 220 128 
602 160 238 
633 207 160 
664 154 182 
570 228 202 
697 255 48 
732 172 96 
591 249 160 
767 152 81 
696 148 156 
607 222 171 
622 266 112 
564 234 202 
626 217 157 
530 175 295 
683 239 78 
699 137 164 
631 265 104 
550 296 154 
639 154 207 
581 208 211 
658 152 190 
677 190 133 
523 287 190 
671 190 139 
537 292 171 
674 128 198 
679 206 115 
633 181 186 
532 266 202 
589 152 259 
707 148 145 
629 191 180 
533 209 258 
580 232 188 
579 262 159 
610 250 140 
682 146 172 
565 194 241 
534 182 284 
545 193 262 
730 138 132 
514 178 308 
601 223 176 
725 162 113 
666 224 110 
596 245 159 
655 275 70 
699 205 96 
643 188 169 
553 247 200 
564 233 203 
671 204 125 
692 151 157 
739 131 130 
772 172 56 
690 212 98 
502 173 325 
614 225 161 
509 232 259 
641 232 127 
689 207 104 
635 187 178 
620 264 116 
703 225 72 
630 243 127 
644 216 140 
659 177 164 
673 254 73 
681 262 57 
678 210 112 
631 203 166 
623 213 164 
603 177 220 
664 217 119 
566 208 226 
520 220 260 
534 197 269 
749 152 99 
609 277 114 
560 227 213 
630 174 196 
581 210 209 
723 144 133 
621 226 153 
710 224 66 
700 180 120 
661 206 133 
649 197 154 
689 153 158 
596 198 206 
619 194 187 
675 216 109 
656 192 152 
711 151 138 
696 202 102 
710 153 137 
702 167 131 
688 161 151 
582 248 170 
525 210 265 
667 189 144 
544 237 219 
617 171 212 
809 128 63 
651 194 155 
600 239 161 
722 208 70 
650 215 135 
610 194 196 
666 207 127 
617 209 174 
595 253 152 
563 266 171 
674 252 74 
614 176 210 
702 188 110 
612 225 163 
571 194 235 
746 172 82 
564 163 273 
662 211 127 
788 87 125 
673 219 108 
491 209 300 
529 238 233 
629 158 213 
761 114 125 
553 236 211 
664 200 136 
754 190 56 
635 234 131 
654 215 131 
593 197 210 
678 202 120 
720 131 149 
627 163 210 
650 252 98 
640 250 110 
561 156 283 
713 148 139 
659 210 131 
651 220 129 
632 196 172 
636 229 135 
559 227 214 
560 230 210 
525 230 245 
530 270 200 
662 167 171 
593 234 173 
653 192 155 
654 189 157 
614 156 230 
656 173 171 
618 252 130 
579 166 255 
633 168 199 
628 207 165 
631 201 168 
623 204 173 
632 213 155 
564 171 265 
676 223 101 
603 268 129 
696 183 121 
719 141 140 
706 194 100 
590 218 192 
653 199 148 
508 239 253 
542 168 290 
696 264 40 
561 186 253 
573 245 182 
551 208 241 
589 270 141 
574 288 138 
595 236 169 
687 168 145 
577 106 317 
741 112 147 
536 279 185 
640 185 175 
717 187 96 
638 175 187 
543 252 205 
779 149 72 
646 140 214 
560 216 224 
524 180 296 
626 203 171 
735 184 81 
743 155 102 
581 156 263 
632 172 196 
654 243 103 
690 201 109 
629 233 138 
669 190 141 
653 153 194 
750 185 65 
631 131 238 
619 217 164 
603 211 186 
682 228 90 
573 238 189 
630 261 109 
632 211 157 
493 250 257 
612 236 152 
458 204 338 
566 228 206 
573 271 156 
586 241 173 
556 269 175 
597 161 242 
682 177 141 
551 249 200 
664 170 166 
643 268 89 
688 212 100 
624 257 119 
723 182 95 
648 217 135 
613 280 107 
634 174 192 
650 160 190 
632 194 174 
646 178 176 
571 202 227 
562 214 224 
687 214 99 
657 187 156 
633 218 149 
555 178 267 
638 243 119 
604 163 233 
544 226 230 
732 211 57 
520 186 294 
766 171 63 
544 286 170 
706 186 108 
573 245 182 
619 208 173 
475 214 311 
487 190 323 
574 224 202 
637 210 153 
539 215 246 
511 160 329 
662 174 164 
589 227 184 
700 189 111 
605 190 205 
674 249 77 
634 217 149 
565 215 220 
518 204 278 
603 209 188 
661 132 207 
652 270 78 
545 216 239 
633 176 191 
691 190 119 
617 199 184 
523 169 308 
633 138 229 
582 205 213 
660 196 144 
636 186 178 
618 241 141 
735 179 86 
619 190 191 
509 177 314 
643 263 94 
598 204 198 
732 168 100 
597 195 208 
578 166 256 
651 193 156 
604 233 163 
639 204 157 
709 202 89 
671 175 154 
638 197 165 
619 156 225 
671 186 143 
694 182 124 
476 236 288 
661 217 122 
561 223 216 
554 212 234 
774 130 96 
578 249 173 
633 215 152 
555 172 273 
606 213 181 
662 180 158 
691 208 101 
684 199 117 
494 139 367 
722 144 134 
559 171 270 
625 177 198 
609 272 119 
570 208 222 
688 159 153 
682 220 98 
589 156 255 
580 257 163 
766 160 74 
659 244 97 
565 247 188 
652 164 184 
565 264 171 
600 198 202 
499 131 370 
638 196 166 
606 184 210 
640 148 212 
619 282 99 
647 190 163 
773 167 60 
585 153 262 
544 230 226 
717 192 91 
594 222 184 
667 206 127 
603 124 273 
535 222 243 
574 200 226 
725 167 108 
613 266 121 
606 210 184 
693 176 131 
662 221 117 
592 209 199 
693 158 149 
713 196 91 
628 215 157 
619 209 172 
715 152 133 
538 136 326 
687 209 104 
677 209 114 
695 183 122 
560 160 280 
716 135 149 
703 202 95 
489 204 307 
674 223 103 
535 189 276 
675 235 90 
670 162 168 
545 219 236 
653 255 92 
709 169 122 
664 225 111 
668 135 197 
676 175 149 
610 192 198 
475 209 316 
679 178 143 
553 205 242 
648 211 141 
629 178 193 
615 220 165 
685 223 92 
552 175 273 
614 216 170 
632 229 139 
756 184 60 
579 239 182 
576 257 167 
661 235 104 
656 229 115 
605 189 206 
602 245 153 
494 187 319 
558 224 218 
671 224 105 
668 199 133 
785 163 52 
634 231 135 
554 227 219 
621 233 146 
686 174 140 
661 210 129 
737 188 75 
476 183 341 
655 145 200 
554 232 214 
612 264 124 
688 212 100 
521 191 288 
607 198 195 
564 160 276 
524 248 228 
562 250 188 
658 214 128 
670 180 150 
533 171 296 
574 250 176 
663 249 88 
460 223 317 
568 224 208 
727 158 115 
661 189 150 
772 159 69 
701 144 155 
752 191 57 
627 195 178 
561 258 181 
544 225 231 
547 249 204 
607 192 201 
692 214 94 
735 139 126 
597 277 126 
711 133 156 
587 207 206 
693 147 160 
626 213 161 
575 191 234 
706 136 158 
560 149 291 
593 264 143 
661 242 97 
633 170 197 
624 260 116 
549 197 254 
452 236 312 
628 186 186 
733 161 106 
660 239 101 
590 177 233 
647 203 150 
675 228 97 
694 223 83 
541 204 255 
573 149 278 
685 197 118 
640 181 179 
653 181 166 
622 248 130 
603 207 190 
617 215 168 
697 172 131 
547 178 275 
593 199 208 
706 153 141 
671 186 143 
696 175 129 
660 150 190 
598 210 192 
732 190 78 
544 212 244 
576 286 138 
541 175 284 
556 273 171 
567 256 177 
599 240 161 
554 136 310 
731 189 80 
547 166 287 
677 168 155 
668 143 189 
735 181 84 
664 232 104 
719 197 84 
519 189 292 
554 230 216 
666 205 129 
660 175 165 
661 248 91 
672 223 105 
631 229 140 
657 217 126 
636 198 166 
706 183 111 
638 210 152 
726 201 73 
535 281 184 
715 136 149 
496 149 355 
542 189 269 
570 186 244 
680 181 139 
840 127 33 
586 229 185 
624 193 183 
548 284 168 
624 167 209 
653 174 173 
605 270 125 
546 205 249 
718 182 100 
649 244 107 
586 193 221 
670 163 167 
622 188 190 
630 166 204 
607 224 169 
607 244 149 
565 192 243 
582 175 243 
547 309 144 
734 133 133 
625 218 157 
514 227 259 
691 178 131 
634 248 118 
630 210 160 
699 208 93 
691 164 145 
665 176 159 
642 275 83 
667 208 125 
524 223 253 
763 129 108 
700 90 210 
515 281 204 
655 211 134 
629 131 240 
507 221 272 
732 181 87 
690 193 117 
614 146 240 
736 186 78 
570 232 198 
607 242 151 
660 228 112 
641 173 186 
636 187 177 
646 187 167 
684 191 125 
616 267 117 
603 226 171 
642 256 102 
639 203 158 
642 182 176 
588 187 225 
602 200 198 
617 183 200 
642 258 100 
698 202 100 
603 189 208 
518 207 275 
453 233 314 
640 211 149 
534 248 218 
634 215 151 
541 210 249 
583 262 155 
641 140 219 
592 261 147 
697 205 98 
618 189 193 
581 209 210 
623 237 140 
568 193 239 
549 222 229 
645 207 148 
649 185 166 
769 174 57 
649 211 140 
681 192 127 
652 210 138 
713 169 118 
564 203 233 
572 210 218 
560 222 218 
641 261 98 
765 161 74 
637 247 116 
548 225 227 
585 196 219 
615 235 150 
569 197 234 
573 239 188 
628 183 189 
630 192 178 
728 166 106 
568 174 258 
566 207 227 
586 211 203 
646 204 150 
649 147 204 
681 208 111 
549 231 220 
670 227 103 
717 188 95 
669 213 118 
690 174 136 
677 222 101 
668 190 142 
562 297 141 
580 255 165 
630 178 192 
647 187 166 
567 243 190 
637 192 171 
623 247 130 
567 233 200 
561 205 234 
763 153 84 
688 188 124 
691 217 92 
694 75 231 
613 172 215 
708 217 75 
708 192 100 
671 149 180 
579 149 272 
600 221 179 
609 247 144 
526 261 213 
654 209 137 
