0 70 0 
0 43 13 
0 88 0 
0 62 0 
0 138 7 
0 19 3 
0 31 5 
0 93 4 
0 98 2 
0 59 0 
0 24 0 
0 96 0 
0 51 0 
0 104 0 
0 46 0 
0 49 0 
0 63 13 
0 123 49 
0 58 3 
0 161 0 
0 54 0 
0 32 0 
0 83 6 
0 27 0 
0 39 0 
0 68 11 
0 59 17 
0 64 30 
0 82 2 
0 22 0 
0 57 0 
0 50 0 
0 32 0 
0 48 4 
0 94 0 
0 28 7 
0 92 1 
0 61 0 
0 37 0 
0 45 0 
0 55 3 
0 30 0 
0 56 0 
0 88 4 
0 43 0 
0 44 0 
0 65 0 
0 176 8 
0 72 1 
0 40 0 
0 44 0 
0 22 0 
0 82 3 
0 52 2 
0 53 0 
0 33 0 
0 34 0 
0 130 0 
0 51 0 
0 117 15 
0 100 0 
0 107 1 
0 138 0 
0 42 5 
0 31 6 
0 32 0 
0 60 3 
0 125 14 
0 72 0 
0 57 0 
0 71 12 
0 62 4 
0 18 2 
0 35 11 
0 27 0 
0 81 0 
0 38 0 
0 77 0 
0 41 0 
0 49 1 
0 75 0 
0 71 0 
0 52 1 
0 94 3 
0 76 7 
0 20 0 
0 58 7 
0 46 1 
0 80 0 
0 118 2 
0 73 9 
0 117 10 
0 65 0 
0 36 6 
0 57 0 
0 127 0 
0 37 0 
0 46 0 
0 84 0 
0 64 0 
0 50 0 
0 93 0 
0 59 0 
0 47 0 
0 35 4 
0 36 0 
0 89 0 
0 68 14 
0 44 0 
0 61 0 
0 92 1 
0 79 0 
0 42 0 
0 65 0 
0 88 0 
0 137 33 
0 69 3 
0 30 0 
0 89 6 
0 36 0 
0 39 0 
0 75 0 
0 94 0 
0 65 0 
0 63 0 
0 71 0 
0 55 6 
0 50 10 
0 74 0 
0 109 0 
0 100 9 
0 53 0 
0 83 1 
0 81 1 
0 62 0 
0 43 0 
0 134 16 
0 65 2 
0 111 6 
0 72 0 
0 80 3 
0 121 0 
0 53 0 
0 50 0 
0 93 7 
0 85 5 
0 91 10 
0 54 0 
0 65 0 
0 145 0 
0 93 0 
0 73 0 
0 80 0 
0 66 0 
0 54 0 
0 44 0 
0 73 0 
0 8 0 
0 75 0 
0 109 9 
0 86 15 
0 94 0 
0 49 1 
0 46 0 
0 82 0 
0 13 0 
0 89 8 
0 91 12 
0 100 0 
0 36 0 
0 115 14 
0 39 0 
0 77 0 
0 71 0 
0 35 3 
0 118 1 
0 19 0 
0 98 2 
0 94 0 
0 130 19 
0 42 0 
0 35 0 
0 105 0 
0 87 3 
0 56 0 
0 53 0 
0 117 4 
0 37 0 
0 60 0 
0 106 0 
0 65 0 
0 33 0 
0 72 0 
0 52 0 
0 86 0 
0 45 0 
0 59 0 
0 74 0 
0 87 6 
0 37 0 
0 42 0 
0 71 5 
0 62 6 
0 95 8 
0 50 0 
0 64 0 
0 62 0 
0 58 0 
0 57 0 
0 16 2 
0 76 6 
0 36 0 
0 70 15 
0 11 0 
0 77 0 
0 37 3 
0 38 0 
0 79 7 
0 81 1 
0 24 0 
0 64 0 
0 101 0 
0 35 4 
0 44 25 
0 8 0 
0 64 4 
0 16 0 
0 71 5 
0 81 0 
0 54 1 
0 65 0 
0 82 0 
0 52 0 
0 50 0 
0 47 0 
0 46 3 
0 78 2 
0 53 0 
0 57 0 
0 72 3 
0 96 14 
0 28 0 
0 58 3 
0 127 11 
0 59 0 
0 43 0 
0 46 0 
0 77 15 
0 93 14 
0 64 7 
0 94 4 
0 53 0 
0 97 0 
0 104 0 
0 61 9 
0 52 0 
0 85 0 
0 61 0 
0 134 0 
0 53 0 
0 62 1 
0 24 0 
0 58 0 
0 63 3 
0 43 0 
0 74 0 
0 33 0 
0 65 7 
0 61 0 
0 39 0 
0 38 0 
0 35 0 
0 107 0 
0 24 6 
0 66 9 
0 75 19 
0 83 5 
0 82 9 
0 91 0 
0 61 0 
0 115 0 
0 56 23 
0 52 3 
0 77 0 
0 47 2 
0 98 0 
0 49 0 
0 95 12 
0 64 8 
0 80 0 
0 50 0 
0 68 8 
0 63 2 
0 102 46 
0 49 7 
0 58 21 
0 35 0 
0 82 0 
0 86 9 
0 70 2 
0 64 5 
0 87 4 
0 65 0 
0 104 5 
0 54 3 
0 55 0 
0 13 0 
0 98 0 
0 60 3 
0 133 3 
0 46 0 
0 88 5 
0 29 0 
0 87 12 
0 81 0 
0 65 0 
0 100 0 
0 55 2 
0 73 13 
0 15 6 
0 75 0 
0 85 0 
0 74 0 
0 74 6 
0 127 34 
0 50 0 
0 68 0 
0 94 0 
0 80 7 
0 69 0 
0 70 3 
0 35 0 
0 112 1 
0 67 4 
0 42 4 
0 57 0 
0 53 0 
0 139 0 
0 62 0 
0 76 0 
0 65 9 
0 50 0 
0 30 0 
0 20 0 
0 55 1 
0 32 3 
0 83 10 
0 36 0 
0 52 0 
0 43 3 
0 36 2 
0 66 0 
0 75 0 
0 51 11 
0 86 15 
0 77 0 
0 22 0 
0 21 0 
0 95 0 
0 57 0 
0 69 1 
0 52 1 
0 55 0 
0 56 0 
0 62 0 
0 42 5 
0 56 3 
0 84 0 
0 32 4 
0 67 0 
0 94 0 
0 69 0 
0 21 4 
0 84 0 
0 114 0 
0 35 0 
0 57 0 
0 40 0 
0 42 0 
0 74 0 
0 41 0 
0 38 0 
0 44 2 
0 69 0 
0 88 5 
0 28 0 
0 85 0 
0 71 0 
0 109 0 
0 116 0 
0 53 0 
0 88 2 
0 59 0 
0 89 3 
0 27 2 
0 63 0 
0 93 2 
0 90 5 
0 133 0 
0 80 14 
0 118 0 
0 66 2 
0 90 0 
0 129 0 
0 53 0 
0 3 0 
0 125 11 
0 72 1 
0 22 0 
0 37 0 
0 78 0 
0 93 0 
0 12 0 
0 111 1 
0 64 0 
0 81 0 
0 77 3 
0 21 0 
0 56 0 
0 59 0 
0 64 0 
0 55 0 
0 67 0 
0 52 6 
0 138 22 
0 101 6 
0 63 5 
0 47 3 
0 47 8 
0 92 5 
0 32 0 
0 58 3 
0 41 0 
0 55 0 
0 92 22 
0 54 0 
0 107 7 
0 90 0 
0 85 1 
0 47 0 
0 32 0 
0 52 7 
0 71 8 
0 136 0 
0 89 0 
0 92 0 
0 22 1 
0 30 0 
0 96 0 
0 41 0 
0 79 1 
0 91 2 
0 40 0 
0 43 3 
0 83 0 
0 75 8 
0 85 0 
0 84 0 
0 61 0 
0 127 0 
0 133 0 
0 58 28 
0 100 0 
0 74 2 
0 60 0 
0 48 0 
0 83 5 
0 34 3 
0 29 0 
0 50 0 
0 61 0 
0 43 0 
0 43 0 
0 55 0 
0 39 0 
0 66 0 
0 29 0 
0 91 0 
0 25 0 
0 29 0 
0 84 0 
0 50 20 
0 66 8 
0 39 0 
0 66 26 
0 100 0 
0 84 7 
0 98 4 
0 67 0 
0 42 10 
0 65 15 
0 84 1 
0 36 0 
0 57 0 
0 21 1 
0 40 2 
0 69 0 
0 12 0 
0 18 0 
0 35 0 
0 45 0 
0 79 0 
0 81 0 
0 47 0 
0 26 0 
0 56 2 
0 21 4 
0 95 2 
0 63 0 
0 32 1 
0 87 3 
0 44 0 
0 56 0 
0 41 3 
0 95 3 
0 76 0 
0 16 5 
0 33 0 
0 77 3 
0 45 0 
0 57 0 
0 52 5 
0 45 6 
0 88 2 
0 61 0 
0 87 0 
0 62 0 
0 57 0 
0 40 0 
0 71 0 
0 91 1 
0 109 0 
0 107 0 
0 106 4 
0 40 0 
0 82 0 
0 116 4 
0 51 5 
0 42 10 
0 75 3 
0 62 1 
0 75 0 
0 52 0 
0 50 0 
0 11 3 
0 74 0 
0 33 1 
0 75 2 
0 41 0 
0 49 0 
0 60 3 
0 49 4 
0 34 7 
0 37 0 
0 68 3 
0 40 0 
0 39 3 
0 21 13 
0 33 0 
0 39 3 
0 115 40 
0 83 16 
0 80 3 
0 73 0 
0 41 6 
0 63 19 
0 109 5 
0 45 0 
0 65 8 
0 99 0 
0 130 39 
0 85 0 
0 50 0 
0 71 7 
0 99 1 
0 100 19 
0 92 1 
0 74 0 
0 74 9 
0 75 0 
0 60 8 
0 24 0 
0 52 0 
0 21 0 
0 59 11 
0 59 20 
0 34 0 
0 34 0 
0 53 0 
0 99 7 
0 67 0 
0 22 0 
0 40 0 
0 63 0 
0 41 1 
0 70 7 
0 45 5 
0 40 22 
0 53 6 
0 45 0 
0 95 1 
0 24 6 
0 109 0 
0 47 0 
0 64 2 
0 107 4 
0 52 0 
0 53 0 
0 52 0 
0 61 4 
0 79 8 
0 47 0 
0 126 3 
0 57 0 
0 68 2 
0 75 2 
0 91 1 
0 80 22 
0 51 0 
0 78 0 
0 74 7 
0 52 0 
0 88 0 
0 58 6 
0 110 11 
0 84 0 
0 46 0 
0 64 0 
0 52 0 
0 93 0 
0 90 3 
0 32 7 
0 27 0 
0 84 0 
0 5 2 
0 64 1 
0 43 0 
0 72 0 
0 50 1 
0 42 0 
0 111 1 
0 6 0 
0 45 0 
0 58 0 
0 5 0 
0 77 3 
0 55 0 
0 74 0 
0 61 0 
0 84 27 
0 41 0 
0 110 22 
0 79 0 
0 58 0 
0 97 3 
0 50 0 
0 140 14 
0 41 4 
0 82 22 
0 44 8 
0 79 5 
0 92 0 
0 86 0 
0 72 0 
0 129 2 
0 61 2 
0 41 0 
0 76 9 
0 20 0 
0 33 3 
0 35 10 
0 52 3 
0 51 0 
0 17 2 
0 128 2 
0 69 0 
0 66 4 
0 44 2 
0 74 2 
0 89 2 
0 81 0 
0 51 7 
0 87 0 
0 126 0 
0 80 0 
0 42 0 
0 109 0 
0 39 10 
0 88 0 
0 81 0 
0 48 0 
0 71 3 
0 82 0 
0 62 3 
0 40 0 
0 49 0 
0 77 0 
0 100 0 
0 72 4 
0 100 1 
0 75 2 
0 54 0 
0 47 0 
0 47 3 
0 56 1 
0 69 1 
0 121 27 
0 91 0 
0 148 0 
0 101 0 
0 25 0 
0 75 8 
0 26 0 
0 100 0 
0 84 0 
0 62 0 
0 66 12 
0 80 1 
0 38 2 
0 25 0 
0 83 6 
0 82 5 
0 68 3 
0 41 11 
0 42 0 
0 90 1 
0 51 0 
0 114 0 
0 17 0 
0 54 2 
0 72 0 
0 20 0 
0 99 0 
0 36 0 
0 95 5 
0 50 10 
0 55 0 
0 29 0 
0 67 0 
0 92 0 
0 16 1 
0 55 0 
0 42 7 
0 38 0 
0 93 0 
0 81 0 
0 96 0 
0 24 0 
0 80 3 
0 62 1 
0 72 1 
0 27 0 
0 71 0 
0 61 0 
0 18 0 
0 65 0 
0 66 17 
0 62 0 
0 57 2 
0 86 3 
0 25 0 
0 121 0 
0 64 0 
0 74 0 
0 31 0 
0 52 0 
0 103 0 
0 96 18 
0 102 3 
0 68 11 
0 30 0 
0 70 17 
0 35 0 
0 42 0 
0 63 0 
0 88 0 
0 46 0 
0 115 2 
0 58 0 
0 45 0 
0 26 0 
0 109 3 
0 61 8 
0 41 0 
0 96 0 
0 76 0 
0 33 0 
0 100 0 
0 79 9 
0 45 0 
0 83 9 
0 39 0 
0 35 0 
0 58 20 
0 44 0 
0 21 0 
0 95 11 
0 94 0 
0 36 0 
0 54 0 
0 81 0 
0 40 3 
0 87 21 
0 44 8 
0 96 0 
0 79 32 
0 93 0 
0 70 0 
0 55 0 
0 92 7 
0 70 0 
0 26 0 
0 47 0 
0 62 0 
0 68 0 
0 44 0 
0 57 0 
0 33 12 
0 27 0 
0 97 0 
0 53 0 
0 50 8 
0 41 0 
0 93 0 
0 42 0 
0 17 2 
0 24 0 
0 64 0 
0 40 0 
0 51 0 
0 69 1 
0 120 0 
0 61 1 
0 40 0 
0 95 0 
0 24 0 
0 85 12 
0 31 0 
0 60 0 
0 54 6 
0 103 37 
0 60 0 
0 86 17 
0 64 0 
0 109 4 
0 82 0 
0 83 9 
0 65 0 
0 46 0 
0 53 6 
0 42 0 
0 37 0 
0 67 0 
0 62 0 
0 72 0 
0 97 0 
0 24 7 
0 24 0 
0 52 0 
0 43 0 
0 41 0 
0 23 3 
0 32 7 
0 83 35 
0 74 0 
0 26 0 
0 93 6 
0 42 3 
0 57 0 
0 104 0 
0 16 0 
0 44 0 
0 61 18 
0 63 0 
0 89 6 
0 57 1 
0 90 0 
0 70 7 
0 40 0 
0 109 0 
0 110 3 
0 30 0 
0 134 0 
0 57 2 
0 31 0 
0 54 0 
0 60 0 
0 55 0 
0 73 0 
0 19 0 
0 103 0 
0 36 4 
0 50 0 
0 69 0 
0 54 0 
0 37 0 
0 67 19 
0 82 5 
0 90 0 
0 59 2 
0 54 0 
0 26 0 
0 79 7 
0 106 0 
0 67 0 
0 96 0 
0 31 0 
0 75 3 
0 68 9 
0 57 0 
0 48 0 
0 142 0 
0 104 6 
0 76 0 
0 57 0 
0 70 8 
0 88 0 
0 28 1 
0 72 7 
0 52 14 
0 77 0 
0 42 0 
0 48 0 
0 73 0 
0 71 4 
0 66 1 
0 71 0 
0 70 8 
0 87 0 
0 52 0 
0 104 14 
0 67 0 
0 44 1 
0 94 3 
0 82 4 
0 125 12 
0 85 10 
0 63 0 
0 81 0 
0 75 0 
0 84 0 
0 35 0 
0 63 0 
0 52 0 
0 69 0 
0 18 1 
0 61 3 
0 103 32 
0 99 1 
0 85 0 
0 38 2 
0 44 8 
0 62 0 
0 35 6 
0 121 2 
0 29 0 
0 88 2 
0 57 0 
0 49 0 
0 64 0 
0 54 0 
0 48 0 
0 103 0 
0 78 12 
0 18 0 
0 110 0 
0 34 0 
0 23 1 
0 37 3 
0 105 3 
0 67 9 
0 38 0 
0 86 0 
0 61 11 
0 47 0 
0 87 3 
0 49 0 
0 44 3 
0 41 0 
0 18 0 
0 71 0 
0 52 0 
0 65 2 
0 141 0 
0 53 0 
0 10 0 
0 25 0 
0 47 2 
0 58 0 
0 64 5 
0 47 5 
0 94 1 
0 101 7 
0 81 1 
0 78 0 
0 76 0 
0 102 1 
0 68 22 
0 34 0 
0 168 14 
