654 257 89 
591 247 162 
702 174 124 
665 230 105 
680 179 141 
609 219 172 
627 222 151 
620 301 79 
657 196 147 
658 160 182 
622 193 185 
543 208 249 
654 242 104 
752 155 93 
636 194 170 
690 178 132 
590 246 164 
660 209 131 
664 188 148 
657 216 127 
487 185 328 
592 191 217 
656 153 191 
558 167 275 
644 218 138 
653 219 128 
527 230 243 
699 120 181 
611 226 163 
712 190 98 
649 189 162 
682 211 107 
649 199 152 
604 191 205 
669 211 120 
558 263 179 
712 155 133 
704 143 153 
528 252 220 
597 213 190 
620 193 187 
658 160 182 
611 213 176 
600 216 184 
608 185 207 
618 172 210 
609 213 178 
650 202 148 
676 204 120 
674 214 112 
643 254 103 
592 276 132 
747 179 74 
661 135 204 
589 195 216 
612 233 155 
670 219 111 
596 279 125 
591 165 244 
582 262 156 
585 281 134 
596 173 231 
674 188 138 
624 211 165 
536 180 284 
579 178 243 
577 192 231 
658 189 153 
610 224 166 
609 203 188 
584 255 161 
535 212 253 
542 243 215 
499 134 367 
625 202 173 
584 152 264 
570 192 238 
694 221 85 
702 175 123 
516 229 255 
689 186 125 
712 185 103 
603 155 242 
558 249 193 
676 159 165 
672 199 129 
650 194 156 
550 284 166 
668 194 138 
617 242 141 
703 183 114 
646 183 171 
643 213 144 
589 294 117 
673 212 115 
800 143 57 
558 260 182 
602 196 202 
622 211 167 
566 199 235 
719 152 129 
617 256 127 
700 211 89 
662 209 129 
622 161 217 
713 118 169 
550 234 216 
659 189 152 
625 234 141 
568 190 242 
726 168 106 
649 210 141 
560 190 250 
774 144 82 
720 203 77 
615 177 208 
612 188 200 
756 151 93 
671 169 160 
593 230 177 
665 151 184 
696 209 95 
641 240 119 
574 205 221 
624 252 124 
589 219 192 
589 246 165 
656 189 155 
681 169 150 
564 266 170 
609 188 203 
614 242 144 
581 173 246 
690 217 93 
740 148 112 
727 191 82 
595 167 238 
669 193 138 
703 191 106 
631 208 161 
654 194 152 
654 206 140 
588 249 163 
651 255 94 
624 217 159 
762 129 109 
637 171 192 
536 194 270 
629 284 87 
573 243 184 
584 212 204 
684 185 131 
642 156 202 
664 185 151 
640 185 175 
647 164 189 
679 191 130 
606 245 149 
684 156 160 
665 192 143 
607 207 186 
587 240 173 
690 167 143 
699 197 104 
532 200 268 
614 251 135 
539 218 243 
656 228 116 
748 132 120 
641 170 189 
564 145 291 
500 224 276 
601 140 259 
605 244 151 
671 188 141 
669 204 127 
596 224 180 
719 139 142 
637 184 179 
624 249 127 
649 233 118 
669 212 119 
716 157 127 
708 126 166 
634 179 187 
669 181 150 
559 238 203 
670 218 112 
594 120 286 
618 163 219 
650 164 186 
652 196 152 
546 185 269 
759 168 73 
601 249 150 
672 166 162 
642 177 181 
608 216 176 
625 238 137 
693 187 120 
764 162 74 
714 160 126 
605 157 238 
707 175 118 
714 176 110 
630 252 118 
784 128 88 
564 222 214 
574 211 215 
572 324 104 
655 174 171 
615 131 254 
633 234 133 
713 183 104 
587 188 225 
674 163 163 
605 257 138 
689 183 128 
586 236 178 
550 159 291 
704 160 136 
621 216 163 
585 257 158 
651 160 189 
640 231 129 
597 210 193 
749 135 116 
688 180 132 
631 234 135 
588 189 223 
707 163 130 
538 217 245 
697 177 126 
562 193 245 
689 221 90 
626 149 225 
715 189 96 
646 221 133 
743 201 56 
575 215 210 
664 186 150 
673 185 142 
625 232 143 
590 267 143 
550 180 270 
527 216 257 
609 177 214 
569 268 163 
648 237 115 
566 211 223 
608 238 154 
619 172 209 
598 256 146 
549 196 255 
659 198 143 
532 209 259 
704 178 118 
651 177 172 
612 195 193 
699 160 141 
629 235 136 
550 222 228 
691 169 140 
633 141 226 
622 219 159 
586 284 130 
557 262 181 
690 199 111 
532 221 247 
649 221 130 
616 197 187 
659 161 180 
626 202 172 
705 249 46 
552 211 237 
549 198 253 
648 213 139 
670 108 222 
730 156 114 
691 129 180 
652 182 166 
627 242 131 
554 203 243 
640 226 134 
617 221 162 
667 189 144 
573 191 236 
665 209 126 
699 193 108 
599 147 254 
662 207 131 
599 222 179 
593 180 227 
633 177 190 
653 148 199 
684 197 119 
643 245 112 
691 205 104 
602 221 177 
628 165 207 
673 172 155 
608 231 161 
705 186 109 
638 183 179 
561 171 268 
636 196 168 
568 204 228 
564 285 151 
643 172 185 
708 144 148 
677 180 143 
680 154 166 
552 198 250 
664 180 156 
622 223 155 
642 239 119 
610 147 243 
641 233 126 
646 232 122 
611 289 100 
571 238 191 
665 197 138 
702 165 133 
475 216 309 
643 145 212 
596 203 201 
733 167 100 
679 187 134 
659 233 108 
674 146 180 
496 226 278 
630 239 131 
585 275 140 
664 222 114 
588 211 201 
580 258 162 
569 266 165 
686 177 137 
730 160 110 
744 154 102 
646 186 168 
580 139 281 
598 248 154 
613 173 214 
593 176 231 
719 176 105 
646 135 219 
652 267 81 
630 224 146 
640 181 179 
685 159 156 
682 175 143 
603 212 185 
578 213 209 
615 185 200 
635 173 192 
588 233 179 
593 155 252 
515 189 296 
656 241 103 
617 247 136 
607 284 109 
610 267 123 
642 199 159 
661 176 163 
551 262 187 
579 269 152 
692 164 144 
627 249 124 
714 218 68 
635 226 139 
552 203 245 
556 241 203 
575 195 230 
640 250 110 
687 192 121 
636 204 160 
732 190 78 
619 187 194 
627 172 201 
629 173 198 
598 199 203 
441 194 365 
485 234 281 
612 163 225 
621 245 134 
516 269 215 
670 199 131 
567 166 267 
686 179 135 
695 219 86 
612 197 191 
571 222 207 
707 189 104 
508 198 294 
667 176 157 
508 204 288 
569 222 209 
673 204 123 
604 201 195 
505 221 274 
684 231 85 
701 201 98 
640 141 219 
583 189 228 
602 210 188 
656 233 111 
728 189 83 
560 239 201 
594 231 175 
573 274 153 
660 213 127 
666 179 155 
494 181 325 
523 187 290 
637 199 164 
629 210 161 
633 215 152 
706 221 73 
583 234 183 
630 147 223 
617 160 223 
601 229 170 
533 267 200 
663 198 139 
528 151 321 
717 207 76 
618 226 156 
659 156 185 
700 187 113 
685 204 111 
735 179 86 
581 286 133 
583 210 207 
561 205 234 
631 208 161 
594 232 174 
657 154 189 
661 166 173 
581 238 181 
654 206 140 
603 222 175 
591 241 168 
625 236 139 
685 189 126 
669 201 130 
582 265 153 
577 149 274 
627 222 151 
626 218 156 
685 197 118 
633 165 202 
568 191 241 
635 236 129 
481 189 330 
678 225 97 
517 221 262 
582 175 243 
624 183 193 
632 231 137 
657 262 81 
706 224 70 
699 147 154 
563 201 236 
619 281 100 
747 178 75 
676 190 134 
457 249 294 
628 179 193 
591 241 168 
692 204 104 
639 201 160 
597 196 207 
665 196 139 
780 163 57 
593 209 198 
746 125 129 
577 240 183 
502 208 290 
565 225 210 
512 191 297 
458 271 271 
742 208 50 
664 183 153 
584 246 170 
659 219 122 
544 222 234 
613 206 181 
579 190 231 
714 140 146 
590 258 152 
636 196 168 
678 210 112 
625 182 193 
634 219 147 
623 262 115 
487 216 297 
568 175 257 
666 212 122 
664 157 179 
559 238 203 
534 318 148 
635 174 191 
631 165 204 
556 258 186 
675 163 162 
659 140 201 
591 255 154 
723 171 106 
627 231 142 
493 259 248 
560 252 188 
706 142 152 
587 248 165 
625 194 181 
660 201 139 
674 223 103 
571 216 213 
611 189 200 
607 197 196 
739 135 126 
638 218 144 
599 208 193 
664 201 135 
577 191 232 
678 215 107 
647 203 150 
419 225 356 
672 155 173 
690 227 83 
625 206 169 
574 222 204 
581 213 206 
730 157 113 
763 160 77 
645 168 187 
645 220 135 
690 194 116 
642 213 145 
589 173 238 
663 225 112 
514 243 243 
613 197 190 
698 242 60 
590 155 255 
668 205 127 
677 210 113 
587 165 248 
469 263 268 
771 157 72 
610 234 156 
646 163 191 
632 168 200 
662 148 190 
679 157 164 
547 214 239 
640 209 151 
724 172 104 
660 143 197 
563 279 158 
566 266 168 
553 230 217 
680 170 150 
634 209 157 
526 154 320 
601 161 238 
694 240 66 
701 207 92 
624 220 156 
578 203 219 
587 290 123 
628 173 199 
580 229 191 
672 217 111 
637 167 196 
702 196 102 
571 242 187 
612 262 126 
570 270 160 
442 199 359 
601 137 262 
674 193 133 
678 194 128 
559 236 205 
563 253 184 
722 206 72 
583 271 146 
601 174 225 
572 222 206 
674 169 157 
554 197 249 
502 163 335 
667 211 122 
633 167 200 
706 194 100 
631 234 135 
605 190 205 
703 178 119 
652 258 90 
574 215 211 
765 141 94 
657 240 103 
735 117 148 
739 179 82 
653 255 92 
652 142 206 
616 220 164 
544 277 179 
677 186 137 
628 185 187 
587 180 233 
668 181 151 
654 218 128 
689 214 97 
661 170 169 
672 219 109 
574 214 212 
633 223 144 
653 219 128 
681 138 181 
708 178 114 
593 234 173 
707 181 112 
709 205 86 
578 278 144 
635 169 196 
666 176 158 
613 247 140 
685 245 70 
455 211 334 
537 183 280 
706 135 159 
697 234 69 
650 234 116 
608 225 167 
578 215 207 
629 175 196 
552 197 251 
663 171 166 
480 209 311 
592 148 260 
644 167 189 
582 231 187 
701 192 107 
584 254 162 
705 174 121 
625 112 263 
739 156 105 
589 198 213 
740 185 75 
662 160 178 
598 215 187 
526 228 246 
671 201 128 
777 126 97 
578 242 180 
630 202 168 
653 219 128 
562 176 262 
618 187 195 
655 180 165 
656 211 133 
685 205 110 
682 183 135 
606 194 200 
561 193 246 
656 190 154 
461 225 314 
573 223 204 
657 202 141 
697 143 160 
595 222 183 
646 209 145 
672 233 95 
676 197 127 
632 147 221 
604 245 151 
625 222 153 
689 228 83 
546 153 301 
659 230 111 
633 158 209 
659 204 137 
665 194 141 
558 246 196 
737 139 124 
489 216 295 
491 161 348 
709 164 127 
628 249 123 
667 194 139 
692 204 104 
640 198 162 
717 193 90 
687 224 89 
651 207 142 
689 169 142 
581 181 238 
594 241 165 
747 128 125 
638 176 186 
616 162 222 
647 235 118 
602 205 193 
567 234 199 
728 176 96 
635 203 162 
647 175 178 
607 220 173 
612 208 180 
691 144 165 
589 266 145 
632 171 197 
638 209 153 
659 173 168 
572 164 264 
607 257 136 
680 138 182 
622 189 189 
567 205 228 
641 238 121 
721 190 89 
522 209 269 
650 202 148 
617 208 175 
615 171 214 
707 186 107 
614 242 144 
713 156 131 
579 173 248 
679 219 102 
632 218 150 
669 170 161 
604 138 258 
563 260 177 
642 166 192 
621 190 189 
660 195 145 
536 264 200 
550 208 242 
587 204 209 
551 239 210 
622 264 114 
632 233 135 
609 197 194 
710 216 74 
593 254 153 
647 197 156 
580 237 183 
666 220 114 
561 214 225 
658 235 107 
621 190 189 
462 210 328 
602 217 181 
683 166 151 
542 199 259 
587 191 222 
589 170 241 
568 203 229 
773 162 65 
656 276 68 
561 200 239 
592 204 204 
657 230 113 
621 235 144 
569 236 195 
666 225 109 
571 145 284 
566 155 279 
680 195 125 
630 195 175 
609 187 204 
630 177 193 
612 268 120 
645 182 173 
724 218 58 
619 136 245 
622 219 159 
653 221 126 
657 183 160 
666 241 93 
554 198 248 
620 181 199 
634 221 145 
650 203 147 
610 236 154 
564 177 259 
653 258 89 
606 165 229 
621 250 129 
619 225 156 
694 216 90 
665 204 131 
557 180 263 
604 162 234 
499 189 312 
675 193 132 
590 157 253 
612 248 140 
600 281 119 
543 244 213 
724 186 90 
741 159 100 
568 208 224 
722 161 117 
683 215 102 
531 194 275 
672 185 143 
492 240 268 
464 198 338 
619 181 200 
730 162 108 
659 122 219 
677 175 148 
685 199 116 
557 208 235 
661 248 91 
580 262 158 
640 205 155 
679 202 119 
634 266 100 
575 255 170 
540 182 278 
645 204 151 
561 149 290 
637 153 210 
646 185 169 
622 175 203 
622 247 131 
613 201 186 
631 188 181 
667 219 114 
685 173 142 
624 209 167 
705 209 86 
591 174 235 
704 197 99 
649 206 145 
556 195 249 
649 167 184 
640 241 119 
688 199 113 
703 227 70 
662 183 155 
598 254 148 
646 179 175 
571 231 198 
540 251 209 
685 173 142 
661 176 163 
649 207 144 
626 178 196 
708 127 165 
721 151 128 
591 275 134 
597 227 176 
585 221 194 
766 166 68 
586 229 185 
634 183 183 
661 231 108 
622 227 151 
550 175 275 
667 206 127 
644 254 102 
571 208 221 
622 295 83 
642 258 100 
618 226 156 
707 189 104 
579 282 139 
729 159 112 
602 278 120 
614 202 184 
735 138 127 
619 219 162 
628 237 135 
732 173 95 
561 192 247 
658 247 95 
658 262 80 
648 160 192 
578 119 303 
703 210 87 
636 198 166 
626 243 131 
637 224 139 
449 187 364 
574 217 209 
687 169 144 
578 200 222 
550 222 228 
633 204 163 
688 177 135 
656 219 125 
607 253 140 
694 244 62 
574 185 241 
697 145 158 
685 211 104 
695 111 194 
578 270 152 
726 144 130 
654 186 160 
652 180 168 
627 203 170 
632 166 202 
627 211 162 
708 185 107 
774 147 79 
674 176 150 
707 198 95 
578 230 192 
684 184 132 
579 228 193 
630 241 129 
612 243 145 
564 201 235 
669 161 170 
549 211 240 
659 209 132 
724 198 78 
563 270 167 
661 245 94 
584 213 203 
651 271 78 
611 262 127 
638 200 162 
689 190 121 
646 210 144 
633 185 182 
421 199 380 
661 206 133 
658 231 111 
434 289 277 
638 170 192 
579 199 222 
527 192 281 
532 177 291 
614 206 180 
648 199 153 
644 190 166 
688 188 124 
715 188 97 
665 223 112 
725 165 110 
599 215 186 
639 185 176 
611 213 176 
715 183 102 
685 185 130 
654 211 135 
643 280 77 
707 177 116 
598 179 223 
689 153 158 
714 179 107 
725 185 90 
531 188 281 
563 244 193 
595 240 165 
565 276 159 
697 127 176 
716 154 130 
700 214 86 
550 210 240 
640 175 185 
697 207 96 
677 203 120 
555 176 269 
679 163 158 
590 132 278 
548 262 190 
634 190 176 
610 253 137 
628 113 259 
632 169 199 
648 222 130 
683 165 152 
696 206 98 
581 173 246 
656 232 112 
652 203 145 
534 198 268 
613 273 114 
643 167 190 
641 201 158 
588 180 232 
585 227 188 
579 263 158 
713 187 100 
606 204 190 
638 276 86 
726 211 63 
504 270 226 
701 208 91 
603 208 189 
551 275 174 
614 205 181 
