1 80 253 120 0 
0 12 281 22 0 
0 11 327 10 0 
0 91 273 58 0 
0 20 292 55 0 
0 64 366 14 0 
1 17 334 23 0 
0 12 421 8 0 
0 116 353 155 0 
0 3 373 12 0 
0 15 248 6 0 
0 20 219 90 0 
0 13 293 31 0 
0 25 394 60 0 
0 29 410 32 0 
0 13 522 13 0 
0 107 534 2 0 
0 14 390 88 0 
0 37 248 54 0 
1 14 484 92 0 
1 53 468 80 0 
6 53 435 33 0 
1 31 431 29 0 
4 105 228 29 0 
0 21 252 105 0 
0 54 299 17 0 
0 18 273 12 0 
0 145 298 9 0 
0 37 269 17 0 
0 18 390 36 0 
0 20 347 27 0 
1 25 301 27 0 
0 49 320 1 0 
3 6 310 77 0 
0 18 372 71 0 
0 53 358 11 0 
0 26 367 15 0 
0 34 398 19 0 
0 1 299 21 0 
0 17 443 41 0 
0 15 199 9 0 
0 6 231 47 0 
3 11 313 1 0 
0 73 275 36 0 
0 3 306 45 0 
0 33 427 24 0 
0 26 246 36 0 
0 0 329 37 0 
6 124 367 90 0 
0 18 298 8 0 
0 1 189 24 0 
0 11 297 25 0 
1 55 170 68 0 
1 27 389 1 0 
0 43 328 48 0 
0 24 340 20 0 
1 3 387 13 0 
0 24 218 7 0 
0 33 399 77 0 
0 60 386 22 0 
1 2 291 2 0 
0 20 301 19 0 
4 42 207 65 3 
0 63 223 24 0 
0 90 272 56 0 
0 33 345 73 0 
0 4 395 15 0 
0 38 367 114 0 
2 31 314 45 0 
2 26 229 38 0 
2 15 270 45 0 
0 32 433 0 0 
0 15 291 5 0 
3 9 288 68 0 
0 25 182 55 0 
1 10 391 38 0 
0 55 560 18 0 
0 75 295 31 0 
0 54 293 27 0 
0 46 357 16 0 
0 36 409 50 0 
1 25 454 11 0 
0 12 351 5 0 
0 21 195 46 0 
2 46 254 75 0 
0 20 442 23 0 
0 18 310 32 0 
1 7 246 10 0 
0 45 284 63 0 
0 9 292 2 0 
1 64 368 6 0 
1 8 331 82 0 
0 6 517 19 0 
0 71 261 52 0 
0 6 350 29 0 
0 32 247 19 0 
0 18 314 23 0 
0 31 294 19 0 
0 24 376 91 0 
0 14 304 9 0 
0 17 312 12 0 
8 10 347 76 0 
0 30 418 41 0 
0 79 342 18 1 
0 13 343 78 0 
0 13 305 44 0 
0 146 338 19 0 
0 60 347 64 0 
0 6 562 32 0 
0 38 248 36 0 
0 42 375 11 0 
5 21 392 1 0 
0 21 354 76 0 
0 14 292 39 0 
2 44 300 21 0 
5 14 415 104 0 
0 25 404 103 0 
0 63 292 32 0 
0 63 308 48 0 
0 23 377 34 0 
1 20 350 26 0 
0 18 323 56 0 
2 80 156 27 0 
0 28 375 30 0 
0 19 311 27 0 
0 53 320 22 0 
0 5 316 86 0 
0 59 283 14 0 
0 64 493 91 0 
0 13 277 56 0 
0 4 443 11 0 
4 44 281 51 0 
0 79 502 32 0 
0 11 319 36 0 
3 23 488 13 0 
0 15 457 29 0 
0 3 361 20 0 
0 19 383 25 0 
0 158 210 44 0 
0 30 422 22 0 
0 42 372 73 0 
0 49 330 29 0 
0 65 276 16 0 
2 20 437 16 0 
6 27 254 87 0 
0 3 416 29 0 
0 50 338 27 0 
0 84 317 73 0 
0 22 381 22 0 
0 39 263 60 0 
0 26 284 24 0 
0 52 211 40 0 
5 61 276 19 0 
0 6 258 38 0 
0 9 215 21 0 
0 115 215 6 0 
0 4 442 9 0 
0 43 223 90 0 
0 13 393 44 0 
0 45 302 40 0 
1 12 353 117 0 
0 39 349 27 0 
0 22 338 3 0 
0 65 345 7 0 
1 20 477 105 0 
0 134 298 79 0 
0 46 263 37 0 
0 37 357 16 0 
0 33 395 7 0 
0 13 368 29 0 
0 31 311 22 0 
0 15 385 33 0 
0 50 290 0 0 
0 13 472 55 0 
1 53 298 55 0 
0 20 456 4 0 
0 40 341 35 0 
0 7 342 28 0 
0 30 283 37 0 
0 40 411 10 0 
9 23 321 0 0 
0 30 285 18 0 
0 29 469 58 0 
14 31 282 43 0 
0 111 372 7 0 
0 20 277 75 0 
0 17 341 6 0 
0 10 309 44 0 
0 31 399 43 0 
0 42 375 25 0 
1 67 383 16 0 
0 70 332 6 0 
3 59 346 75 0 
0 9 289 36 0 
0 59 467 45 0 
0 29 240 75 0 
0 33 284 47 0 
0 5 380 115 0 
0 40 410 5 0 
1 24 342 346 0 
0 54 271 144 0 
0 1 340 63 0 
0 96 332 56 0 
3 22 158 22 0 
1 6 418 39 0 
0 17 359 57 0 
0 59 212 9 0 
1 35 247 14 0 
0 33 298 40 0 
0 12 417 9 0 
0 3 286 26 0 
0 7 384 31 0 
0 8 258 75 0 
0 66 353 13 0 
0 4 425 17 0 
0 69 394 8 0 
0 27 407 40 0 
0 60 424 4 0 
0 128 281 28 0 
0 28 342 28 0 
0 27 362 21 0 
0 88 375 56 0 
9 26 292 13 0 
2 39 337 67 0 
0 87 218 13 0 
0 4 430 51 0 
0 78 279 39 0 
0 43 308 2 0 
0 102 269 27 0 
0 52 304 67 0 
14 48 179 111 0 
3 0 354 1 0 
0 18 208 37 0 
0 69 297 37 0 
0 21 282 26 0 
0 62 281 75 0 
0 26 348 1 0 
1 27 360 34 0 
0 10 296 46 0 
0 20 349 9 0 
0 88 326 21 0 
0 84 249 17 0 
4 22 220 16 0 
0 61 312 40 0 
0 32 393 12 0 
0 14 498 61 0 
0 13 414 63 0 
0 24 399 63 0 
0 33 187 89 0 
0 8 416 24 0 
0 54 415 17 0 
0 98 325 26 0 
0 45 386 14 0 
1 33 292 111 0 
0 28 331 44 0 
1 36 178 156 0 
0 30 300 63 0 
0 33 391 12 0 
0 39 249 27 0 
0 24 272 43 0 
3 30 467 17 0 
0 20 368 32 0 
4 33 270 157 0 
0 51 308 37 0 
0 58 353 40 0 
0 18 241 1 0 
0 58 442 12 0 
0 98 404 7 0 
0 36 272 21 0 
1 91 338 3 0 
0 18 399 16 0 
1 25 292 22 0 
0 64 315 2 0 
0 23 281 29 0 
0 30 236 31 0 
2 3 382 3 0 
0 8 389 56 0 
0 28 367 0 0 
0 26 400 78 0 
2 78 328 40 0 
0 28 318 36 0 
0 6 425 4 0 
0 6 362 54 0 
0 0 299 29 0 
0 6 395 13 0 
0 30 368 40 0 
0 43 278 37 0 
0 5 379 51 0 
0 47 425 16 0 
2 32 365 19 0 
5 4 365 10 0 
5 5 378 16 0 
0 4 310 53 0 
0 26 409 26 0 
0 9 385 45 0 
0 64 342 84 0 
1 96 265 19 0 
0 15 299 82 0 
4 87 259 27 0 
0 83 379 39 0 
0 65 308 39 0 
0 31 423 3 0 
0 54 231 26 0 
0 1 407 2 0 
0 50 351 11 0 
0 26 136 39 0 
3 0 439 27 0 
0 1 373 68 0 
3 7 403 46 0 
0 1 531 72 0 
0 82 266 31 0 
0 9 301 16 0 
0 64 397 25 0 
0 16 455 2 0 
0 6 360 65 0 
1 4 276 14 0 
3 46 239 71 0 
1 177 199 91 0 
0 8 181 24 0 
0 18 274 21 0 
0 19 262 63 0 
2 22 346 66 0 
4 73 384 41 0 
0 25 337 13 0 
0 15 321 54 0 
0 64 204 2 0 
0 1 396 56 0 
7 114 225 14 0 
0 88 384 82 0 
0 62 338 2 0 
0 79 325 39 0 
0 19 242 101 0 
0 33 290 74 0 
1 18 301 38 0 
0 47 341 42 0 
0 12 331 23 0 
0 127 386 9 0 
0 0 395 20 0 
0 64 406 26 0 
0 13 285 14 0 
19 26 324 55 0 
0 37 265 27 0 
0 10 497 110 0 
0 59 358 11 0 
1 11 316 12 0 
0 22 351 14 0 
0 38 446 72 0 
1 3 307 127 0 
0 16 310 17 0 
0 68 210 18 0 
0 5 386 45 0 
1 15 266 74 0 
0 38 373 22 0 
0 9 517 34 0 
0 26 279 34 0 
1 9 330 13 0 
0 3 359 19 0 
0 83 474 14 0 
1 44 350 26 0 
2 123 258 9 0 
0 69 305 9 0 
0 34 404 32 0 
0 16 296 50 0 
0 27 301 90 0 
4 33 275 23 0 
0 36 278 16 0 
0 37 352 50 0 
1 75 184 7 0 
0 17 475 18 0 
5 45 348 96 0 
0 50 318 8 0 
0 46 307 9 0 
2 45 349 6 0 
0 24 313 45 0 
0 44 389 19 0 
0 6 367 12 0 
0 29 433 1 0 
0 7 424 68 0 
6 6 491 49 0 
0 10 241 18 0 
0 5 329 10 0 
0 37 339 2 0 
0 40 355 146 0 
0 29 309 5 0 
0 11 480 44 0 
0 19 285 7 0 
1 50 198 175 0 
12 15 362 86 0 
0 59 308 5 0 
0 61 372 82 0 
0 14 362 60 0 
2 85 354 1 0 
0 28 362 5 0 
0 45 280 61 0 
0 15 303 332 0 
0 0 279 41 0 
0 66 342 57 0 
0 35 264 25 0 
0 56 274 14 0 
0 4 291 51 0 
0 56 352 8 0 
0 33 441 13 0 
0 105 312 34 0 
0 50 330 5 0 
0 18 455 30 0 
0 10 295 29 0 
0 27 290 2 0 
0 15 282 13 0 
0 21 342 21 0 
0 27 525 29 0 
0 52 353 31 0 
0 31 266 60 0 
0 3 486 143 0 
0 58 292 98 0 
0 8 380 23 0 
1 19 291 45 0 
0 9 392 26 0 
0 17 315 76 0 
0 50 341 16 0 
0 18 438 3 0 
2 55 407 37 0 
0 31 464 6 0 
1 23 377 80 0 
0 16 428 56 0 
0 70 214 49 0 
0 16 306 46 0 
0 23 409 2 0 
0 5 418 25 1 
0 25 284 4 0 
0 21 320 18 0 
0 35 410 6 0 
3 29 218 89 0 
0 111 348 201 0 
0 69 318 7 0 
0 10 433 32 0 
0 6 310 4 0 
0 8 391 13 0 
0 56 250 23 0 
1 28 419 14 0 
0 69 282 29 0 
0 16 334 24 0 
7 101 254 36 0 
0 72 257 15 0 
0 45 277 66 0 
6 37 329 16 0 
0 19 305 17 0 
0 19 423 22 0 
0 71 341 32 0 
1 28 343 35 0 
0 73 324 75 0 
0 38 260 25 0 
0 24 413 4 0 
0 7 407 18 0 
12 99 292 10 0 
0 37 236 30 0 
2 6 367 37 0 
0 88 269 67 0 
0 41 317 31 0 
0 87 272 37 0 
0 25 390 0 0 
0 52 269 33 0 
0 42 243 41 0 
0 14 426 34 0 
0 90 394 9 0 
0 19 309 55 0 
1 78 305 129 0 
0 107 269 22 0 
0 13 301 106 0 
0 48 328 36 0 
0 29 340 24 0 
0 140 235 23 0 
0 15 326 51 0 
0 36 251 37 0 
0 32 427 83 0 
0 15 265 14 0 
0 28 278 66 0 
0 52 302 33 0 
0 4 171 33 0 
0 30 338 29 0 
0 100 458 25 0 
0 45 374 5 0 
0 117 297 34 0 
0 83 213 97 0 
0 15 348 14 0 
24 41 316 34 0 
0 40 171 153 0 
0 21 372 32 0 
0 41 341 29 0 
0 58 276 111 0 
0 21 313 47 0 
0 16 234 96 0 
1 129 234 34 0 
2 26 396 54 0 
0 38 312 17 0 
0 75 355 12 0 
0 13 291 58 0 
9 18 369 12 0 
0 108 337 82 0 
6 46 314 15 0 
0 8 378 29 0 
0 102 312 0 0 
0 12 352 6 0 
0 29 268 13 0 
0 39 417 15 0 
1 16 339 35 0 
0 1 351 14 0 
0 5 364 22 0 
0 41 217 4 0 
0 12 413 69 0 
4 42 370 17 0 
0 20 293 80 0 
0 83 304 16 0 
0 31 280 61 0 
3 42 276 59 0 
0 14 209 73 0 
1 12 229 43 0 
1 38 426 4 0 
0 59 361 44 0 
0 7 314 19 0 
0 3 372 17 0 
0 30 382 44 0 
1 57 279 27 0 
0 33 300 29 0 
0 62 313 3 0 
1 65 453 6 0 
0 25 219 25 0 
6 21 402 62 0 
0 17 196 30 0 
0 10 480 17 0 
0 2 392 26 0 
0 8 281 17 0 
0 31 394 21 0 
0 16 464 110 0 
0 56 291 49 0 
0 104 299 90 0 
0 18 258 16 0 
1 58 389 144 0 
1 15 278 25 0 
0 30 396 41 0 
0 47 268 51 0 
16 36 272 24 0 
0 84 264 25 0 
0 45 338 26 0 
0 15 400 17 0 
0 78 381 19 0 
0 17 388 77 0 
0 57 320 33 0 
8 16 336 13 0 
0 133 159 52 0 
6 80 293 20 0 
0 18 272 28 0 
0 20 242 46 0 
0 12 516 7 0 
0 6 289 81 0 
2 11 308 67 0 
1 29 348 67 0 
0 2 409 62 0 
1 13 295 18 0 
0 25 340 37 0 
2 29 279 12 0 
0 25 410 29 0 
15 37 321 19 0 
8 174 244 50 0 
0 79 317 13 0 
0 1 482 19 0 
0 12 349 8 0 
0 9 405 3 0 
0 69 380 38 0 
0 6 337 1 0 
0 48 270 71 0 
0 94 264 46 0 
4 26 222 5 0 
4 58 248 41 0 
0 61 276 82 0 
3 46 206 95 0 
0 81 239 92 0 
0 33 312 31 0 
0 1 534 18 0 
0 28 286 21 0 
0 9 221 112 0 
0 29 261 35 0 
0 2 364 9 0 
1 5 184 26 0 
1 3 303 70 0 
0 83 292 10 0 
0 53 385 31 0 
1 24 359 63 0 
8 38 276 50 0 
2 35 278 5 0 
1 29 223 106 0 
0 3 362 54 0 
0 121 463 28 0 
0 19 374 35 0 
0 16 309 45 0 
0 34 267 93 0 
0 33 367 38 0 
1 31 358 5 0 
0 35 365 30 0 
0 29 425 1 0 
0 2 332 19 0 
0 17 355 10 0 
0 16 360 8 0 
0 33 300 24 0 
1 15 432 10 0 
0 18 258 61 0 
4 30 450 3 0 
0 19 391 60 0 
0 24 414 151 0 
0 17 394 9 0 
0 56 447 18 0 
0 50 371 8 0 
0 54 274 64 0 
0 31 440 17 0 
0 8 412 77 0 
0 64 387 52 0 
0 33 327 33 0 
0 6 226 24 0 
0 78 298 55 0 
0 53 274 23 0 
0 50 299 33 0 
0 151 317 25 0 
0 22 427 1 0 
0 39 372 78 0 
0 33 378 32 0 
0 32 435 15 0 
0 90 354 65 0 
0 29 296 5 0 
4 70 228 15 0 
1 43 271 51 0 
1 29 345 52 0 
0 46 245 16 0 
0 26 432 2 0 
0 34 403 54 0 
0 72 326 1 0 
0 38 496 14 0 
0 101 226 40 0 
0 29 296 34 0 
0 17 411 44 0 
0 10 476 27 0 
0 132 337 20 0 
0 49 421 14 0 
0 32 361 28 0 
0 12 402 30 0 
0 28 302 90 0 
0 26 438 25 0 
2 60 258 36 0 
0 75 421 40 0 
0 118 206 7 0 
0 85 436 44 0 
0 0 215 29 0 
3 69 261 20 0 
0 67 362 98 0 
0 42 313 10 0 
3 16 271 48 0 
0 11 300 10 35 
0 13 281 38 0 
0 46 169 28 0 
0 2 301 7 0 
0 48 303 90 0 
0 30 294 19 0 
0 3 283 36 0 
0 80 425 12 0 
1 18 331 123 0 
0 12 403 5 0 
7 107 182 17 0 
2 77 287 80 0 
0 35 164 46 0 
14 13 353 59 0 
0 37 177 86 0 
10 43 362 9 0 
0 21 320 49 0 
0 20 313 27 0 
0 12 376 12 0 
0 153 384 6 0 
0 26 282 8 0 
0 6 278 62 0 
1 59 311 22 0 
0 17 312 48 0 
0 20 295 18 0 
0 21 292 32 0 
1 87 387 60 0 
0 60 453 43 0 
0 9 243 15 0 
0 87 324 2 0 
0 23 288 109 0 
0 82 375 44 0 
3 33 267 42 0 
0 26 253 52 0 
0 0 301 22 0 
0 4 305 39 0 
0 12 311 5 0 
0 13 432 19 0 
2 23 266 20 0 
0 43 337 15 0 
0 22 299 77 0 
0 56 469 18 0 
0 72 424 33 0 
0 8 347 20 0 
0 33 274 17 0 
1 37 302 1 0 
0 19 277 24 0 
0 5 515 24 0 
0 27 356 74 0 
0 23 345 70 0 
7 109 258 13 0 
0 57 374 25 0 
0 183 401 71 0 
0 67 457 11 0 
0 14 363 18 0 
1 64 329 64 0 
0 66 287 3 0 
0 41 244 37 0 
0 40 303 19 0 
0 20 325 13 0 
0 5 449 97 0 
0 62 174 43 0 
0 39 292 1 0 
0 6 384 97 0 
0 23 255 64 0 
1 9 375 18 0 
0 27 446 23 0 
0 94 263 28 0 
0 29 322 9 0 
1 28 315 57 0 
0 17 385 84 0 
0 35 339 77 0 
0 9 247 29 0 
0 15 461 14 0 
1 2 304 6 0 
0 12 340 0 0 
0 19 266 8 0 
1 30 323 47 0 
0 4 237 80 0 
0 33 424 54 0 
1 31 359 7 0 
0 18 222 29 0 
0 19 512 22 0 
0 97 250 47 0 
0 81 209 66 0 
0 57 258 17 0 
0 23 432 10 0 
0 7 319 36 0 
2 1 196 31 0 
0 39 292 10 0 
0 61 347 26 0 
0 20 220 113 0 
0 143 352 29 0 
0 4 350 43 0 
1 50 235 91 0 
0 31 302 50 0 
0 28 286 35 0 
1 11 398 25 0 
0 26 241 66 0 
7 44 379 49 0 
1 11 266 16 0 
0 16 341 74 0 
0 17 336 82 0 
0 9 229 52 0 
0 16 257 112 0 
3 90 190 15 0 
0 9 303 19 0 
0 14 265 58 0 
2 18 359 6 0 
0 53 345 44 0 
2 36 409 67 0 
11 33 237 56 0 
0 5 238 18 0 
0 29 302 26 0 
0 46 310 58 0 
0 10 367 46 0 
0 5 367 50 0 
0 0 442 57 0 
0 18 471 26 0 
0 63 278 1 0 
2 4 329 25 0 
1 96 314 22 0 
0 9 314 131 0 
1 4 215 10 0 
0 91 434 67 0 
0 30 338 1 0 
0 25 257 9 0 
0 4 473 6 0 
2 61 276 1 0 
0 36 314 43 0 
0 98 288 4 0 
0 52 305 32 0 
0 13 300 38 0 
0 57 232 4 0 
0 30 193 32 0 
1 15 328 21 0 
3 2 240 42 0 
0 70 418 0 0 
3 81 321 53 0 
0 27 284 5 0 
1 68 231 46 0 
0 60 441 67 0 
4 7 494 126 0 
0 36 556 16 0 
1 26 280 85 0 
1 10 531 12 0 
0 7 253 34 0 
3 20 369 0 0 
0 33 253 16 0 
1 98 303 8 0 
0 51 247 72 0 
1 3 340 15 0 
0 15 377 31 0 
0 43 333 33 0 
0 14 297 15 0 
0 76 255 17 0 
0 24 373 14 0 
0 61 277 16 0 
0 17 319 28 0 
0 5 521 14 0 
0 18 482 44 0 
0 75 266 10 0 
0 13 499 17 0 
2 23 376 39 0 
3 39 430 10 0 
0 21 283 21 0 
0 11 303 2 0 
1 55 478 19 0 
0 16 335 51 0 
0 36 384 10 0 
0 43 301 31 0 
0 72 451 18 0 
0 8 304 14 34 
0 35 348 112 0 
1 60 331 9 0 
6 43 273 29 0 
1 41 373 13 0 
7 14 361 4 0 
0 29 311 25 0 
0 46 349 24 0 
3 65 217 6 0 
0 33 428 37 0 
0 18 387 20 0 
0 30 337 2 0 
0 45 397 15 0 
2 2 295 3 0 
0 67 330 1 0 
15 13 261 95 0 
0 20 317 50 0 
0 13 309 7 0 
1 3 478 14 0 
0 27 211 58 0 
1 54 376 12 0 
1 16 260 41 0 
0 165 406 27 0 
1 102 220 21 0 
0 11 261 75 0 
0 57 282 11 0 
2 5 297 35 0 
0 14 225 2 0 
0 67 389 31 0 
5 58 266 32 0 
0 36 334 6 0 
0 19 288 57 0 
0 12 459 43 0 
0 4 275 17 0 
1 32 230 45 0 
2 16 414 2 0 
0 42 332 25 0 
0 6 317 19 0 
1 72 389 23 0 
0 65 297 70 0 
0 36 324 24 0 
0 58 496 69 0 
3 49 324 7 0 
0 29 257 31 0 
0 25 331 36 0 
8 61 359 33 0 
0 18 332 16 0 
0 10 375 47 0 
0 81 434 23 0 
0 5 417 9 0 
0 7 386 34 0 
1 18 424 25 0 
0 41 468 22 0 
1 34 447 21 0 
0 27 402 14 0 
5 195 168 49 0 
0 9 350 13 0 
0 0 320 97 0 
0 11 215 107 0 
0 37 197 40 0 
0 16 434 24 0 
2 55 382 142 0 
1 61 362 3 0 
0 38 289 13 0 
0 0 472 68 0 
0 28 309 11 0 
0 49 376 36 0 
0 75 315 16 0 
0 10 381 23 0 
0 0 351 86 0 
0 7 337 44 0 
0 12 289 14 0 
4 22 198 20 0 
0 57 262 12 0 
3 4 436 28 0 
0 22 339 17 0 
5 7 399 109 0 
0 63 315 9 0 
0 83 410 5 0 
0 66 394 0 0 
1 11 416 40 0 
0 9 255 96 0 
0 17 378 69 0 
0 22 295 1 0 
0 108 288 69 0 
0 16 398 24 0 
0 103 409 7 0 
0 92 281 8 0 
1 2 347 23 0 
0 82 383 11 0 
0 37 211 60 0 
1 39 269 35 0 
0 69 428 21 0 
0 40 297 36 0 
1 23 320 52 0 
0 56 252 29 0 
0 25 384 11 0 
0 3 443 2 0 
1 2 313 6 0 
0 41 340 17 0 
0 78 274 25 0 
0 81 250 39 0 
0 12 262 12 0 
2 41 438 24 0 
22 0 313 5 0 
0 45 258 1 0 
1 64 326 35 0 
3 25 315 63 0 
0 146 240 18 0 
0 19 256 42 0 
0 28 360 53 0 
0 37 367 56 0 
0 96 364 63 0 
1 24 242 22 0 
0 75 412 19 0 
0 68 290 39 0 
0 27 269 106 0 
0 19 399 23 0 
0 23 334 38 0 
0 28 430 21 0 
2 18 433 1 0 
6 7 307 120 0 
0 10 344 26 0 
4 24 280 76 0 
1 47 219 9 0 
0 3 437 37 0 
0 77 321 64 0 
0 6 483 19 0 
1 83 312 14 0 
0 64 321 74 0 
0 67 337 34 0 
1 14 480 37 0 
0 42 305 45 0 
0 65 317 1 0 
7 77 404 10 0 
0 98 323 32 0 
0 46 353 8 0 
0 69 358 26 0 
6 42 358 10 0 
0 23 241 5 0 
0 30 361 34 0 
1 79 251 110 0 
2 39 411 19 0 
0 23 241 42 0 
0 109 358 25 0 
0 82 225 93 0 
0 35 298 45 0 
1 23 300 35 0 
0 34 403 27 0 
7 65 228 42 0 
0 0 359 29 0 
0 1 295 11 0 
5 22 336 80 0 
0 43 233 13 0 
0 57 518 22 0 
0 60 276 33 0 
0 91 321 72 0 
1 13 287 113 0 
0 60 381 93 0 
0 28 429 48 0 
2 47 222 113 0 
0 129 261 43 7 
0 72 386 3 0 
0 25 462 13 0 
1 9 350 102 0 
3 23 350 49 0 
0 9 363 28 0 
0 10 310 105 0 
5 4 242 73 0 
2 12 372 12 0 
0 30 297 64 0 
0 19 317 26 0 
1 54 583 1 0 
0 41 330 43 0 
