0 176 17 
0 185 27 
0 165 45 
0 257 27 
0 230 28 
0 211 18 
0 168 0 
0 219 4 
0 214 21 
0 178 4 
0 199 2 
0 206 19 
0 211 6 
0 289 15 
0 263 31 
0 220 5 
0 234 9 
0 185 42 
0 190 12 
0 237 5 
0 220 27 
0 196 2 
0 156 4 
0 256 5 
0 245 10 
0 183 15 
0 250 11 
0 223 63 
0 214 71 
0 182 7 
0 214 29 
0 242 38 
0 242 8 
0 184 18 
0 214 49 
0 226 4 
0 231 7 
0 159 77 
0 215 38 
0 211 13 
0 191 2 
0 251 34 
0 239 12 
0 240 4 
0 269 5 
0 219 23 
0 203 1 
0 179 9 
0 249 20 
0 251 51 
0 224 23 
0 221 19 
0 264 49 
0 200 71 
0 219 50 
0 214 17 
0 196 15 
0 221 27 
0 250 4 
0 179 12 
0 243 3 
0 189 24 
0 239 25 
0 112 21 
0 195 36 
0 195 9 
0 206 30 
0 196 94 
0 278 20 
0 191 62 
0 183 15 
0 275 2 
0 190 20 
0 169 31 
0 175 29 
0 217 17 
0 226 11 
0 195 3 
0 201 10 
0 157 25 
0 246 14 
0 273 13 
0 254 119 
0 185 4 
0 244 4 
0 234 20 
0 208 14 
0 138 41 
0 234 34 
0 228 9 
0 186 21 
0 182 35 
0 245 19 
0 189 19 
0 231 5 
0 242 14 
0 242 8 
0 196 10 
0 244 60 
0 180 17 
0 192 19 
0 224 9 
0 222 6 
0 181 7 
0 250 12 
0 190 3 
0 191 40 
0 236 16 
0 211 45 
0 197 13 
0 213 11 
0 203 23 
0 145 14 
0 216 0 
0 216 10 
0 262 30 
0 243 4 
0 292 13 
0 192 73 
0 249 4 
0 225 52 
0 224 28 
0 179 18 
0 236 0 
0 193 2 
0 248 6 
0 220 14 
0 259 3 
0 149 0 
0 250 36 
0 209 2 
0 185 4 
0 187 10 
0 271 9 
0 278 13 
0 249 2 
0 196 5 
0 241 10 
0 239 12 
0 239 16 
0 241 3 
0 192 19 
0 201 13 
0 186 26 
0 274 7 
0 142 0 
0 245 4 
0 227 6 
0 218 39 
0 202 3 
0 212 18 
0 198 7 
0 249 21 
0 212 6 
0 245 23 
0 225 8 
0 136 2 
0 208 71 
0 194 19 
0 199 14 
0 198 7 
0 228 2 
0 241 6 
0 247 48 
0 261 9 
0 163 48 
0 186 51 
0 248 25 
0 251 1 
0 224 21 
0 200 12 
0 195 0 
0 199 30 
0 186 45 
0 262 13 
0 146 9 
0 200 10 
0 226 16 
0 248 7 
0 202 13 
0 197 15 
0 332 25 
0 215 2 
0 279 25 
0 232 3 
0 281 7 
0 229 15 
0 232 21 
0 237 17 
0 239 5 
0 163 13 
0 212 23 
0 211 9 
0 223 19 
0 170 2 
0 228 43 
0 191 5 
0 284 26 
0 238 7 
0 221 15 
0 238 26 
0 235 10 
0 224 17 
0 181 22 
0 244 29 
0 130 14 
0 204 12 
0 184 25 
0 230 10 
0 198 0 
0 187 3 
0 225 10 
0 274 42 
0 195 8 
0 194 23 
0 285 23 
0 185 16 
0 227 0 
0 179 13 
0 195 40 
0 249 29 
0 181 41 
0 215 0 
0 258 7 
0 188 7 
0 211 23 
0 220 1 
0 201 19 
0 200 6 
0 118 32 
0 190 5 
0 207 5 
0 220 30 
0 248 3 
0 298 0 
0 256 11 
0 223 33 
0 190 9 
0 239 26 
0 213 1 
0 183 21 
0 259 15 
0 183 8 
0 170 53 
0 178 23 
0 240 26 
0 221 70 
0 218 25 
0 240 44 
0 198 30 
0 190 1 
0 210 37 
0 208 35 
0 191 27 
0 226 16 
0 254 1 
0 178 56 
0 235 20 
0 191 12 
0 206 9 
0 232 14 
0 267 5 
0 143 12 
0 217 21 
0 201 10 
0 237 47 
0 222 6 
0 211 26 
0 237 9 
0 283 0 
0 245 18 
0 237 3 
0 168 6 
0 285 9 
0 204 42 
0 148 21 
0 271 43 
0 206 67 
0 184 53 
0 165 2 
0 237 2 
0 230 9 
0 243 9 
0 239 10 
0 175 10 
0 191 20 
0 225 26 
0 162 18 
0 157 16 
0 252 8 
0 240 60 
0 170 3 
0 198 39 
0 230 10 
0 217 7 
0 204 37 
0 227 4 
0 163 6 
0 209 0 
0 199 16 
0 202 7 
0 232 40 
0 230 4 
0 267 18 
0 248 77 
0 220 21 
0 227 5 
0 218 10 
0 208 49 
0 250 14 
0 190 2 
0 180 6 
0 219 25 
0 227 30 
0 241 0 
0 232 16 
0 252 29 
0 227 9 
0 203 7 
0 216 40 
0 178 6 
0 213 44 
0 181 19 
0 249 13 
0 208 10 
0 256 5 
0 216 13 
0 214 13 
0 204 9 
0 203 13 
0 307 12 
0 204 58 
0 211 16 
0 236 19 
0 207 33 
0 241 10 
0 205 62 
0 269 37 
0 249 40 
0 204 13 
0 235 6 
0 207 3 
0 253 24 
0 135 24 
0 217 16 
0 228 7 
0 255 45 
0 173 19 
0 252 15 
0 212 50 
0 190 64 
0 223 0 
0 278 30 
0 184 13 
0 224 13 
0 280 31 
0 196 41 
0 170 18 
0 263 56 
0 187 16 
0 219 47 
0 219 18 
0 211 31 
0 240 21 
0 246 30 
0 138 2 
0 194 14 
0 168 12 
0 273 10 
0 185 43 
0 238 24 
0 237 8 
0 241 12 
0 292 28 
0 210 51 
0 217 9 
0 223 4 
0 282 6 
0 195 55 
0 250 5 
0 275 5 
0 245 1 
0 230 16 
0 248 18 
0 270 24 
0 244 4 
0 257 32 
0 234 12 
0 214 21 
0 190 71 
0 169 49 
0 198 65 
0 262 8 
0 214 26 
0 200 4 
0 234 78 
0 222 23 
0 212 13 
0 196 24 
0 208 28 
0 251 3 
0 242 14 
0 220 3 
0 267 48 
0 163 38 
0 251 62 
0 215 10 
0 204 16 
0 218 20 
0 206 83 
0 212 8 
0 216 8 
0 192 10 
0 212 15 
0 168 5 
0 224 68 
0 181 36 
0 180 2 
0 201 7 
0 201 28 
0 258 25 
0 219 11 
0 158 9 
0 223 30 
0 236 7 
0 152 103 
0 264 14 
0 246 2 
0 271 12 
0 216 11 
0 259 21 
0 253 39 
0 229 6 
0 252 6 
0 182 22 
0 228 44 
0 242 16 
0 239 9 
0 237 1 
0 191 23 
0 223 1 
0 276 13 
0 189 96 
0 258 20 
0 221 25 
0 190 35 
0 240 24 
0 197 4 
0 212 6 
0 234 2 
0 254 8 
0 212 10 
0 273 7 
0 188 13 
0 232 18 
0 165 25 
0 206 1 
0 138 21 
0 210 5 
0 248 15 
0 188 21 
0 224 15 
0 208 18 
0 148 4 
0 209 16 
0 233 35 
0 256 8 
0 186 4 
0 195 1 
0 216 57 
0 198 3 
0 198 37 
0 198 32 
0 204 17 
0 237 46 
0 210 25 
0 287 17 
0 249 23 
0 197 5 
0 211 9 
0 200 14 
0 228 130 
0 147 9 
0 203 5 
0 212 5 
0 172 34 
0 244 20 
0 322 25 
0 177 82 
0 221 16 
0 235 12 
0 188 16 
0 166 4 
0 227 92 
0 214 0 
0 257 7 
0 201 5 
0 203 4 
0 194 2 
0 260 5 
0 224 7 
0 260 98 
0 200 25 
0 221 14 
0 248 44 
0 249 10 
0 210 15 
0 200 31 
0 189 1 
0 227 30 
0 217 41 
0 215 63 
0 222 31 
0 208 8 
0 181 6 
0 209 3 
0 208 17 
0 281 23 
0 168 12 
0 238 27 
0 238 9 
0 226 14 
0 227 6 
0 238 8 
0 259 1 
0 221 9 
0 216 37 
0 164 3 
0 186 3 
0 165 7 
0 207 11 
0 278 2 
0 199 10 
0 223 12 
0 190 103 
0 223 15 
0 185 67 
0 155 16 
0 261 1 
0 230 13 
0 249 1 
0 238 3 
0 177 16 
0 176 26 
0 205 28 
0 251 16 
0 216 23 
0 242 11 
0 253 1 
0 193 14 
0 162 63 
0 255 19 
0 249 5 
0 288 23 
0 198 11 
0 199 4 
0 156 20 
0 238 51 
0 202 13 
0 220 30 
0 189 16 
0 217 1 
0 187 10 
0 175 14 
0 171 29 
0 226 11 
0 216 3 
0 253 15 
0 191 43 
0 248 8 
0 233 15 
0 171 33 
0 268 3 
0 191 50 
0 252 20 
0 200 3 
0 171 24 
0 266 13 
0 178 3 
0 184 12 
0 267 11 
0 246 9 
0 195 1 
0 212 20 
0 191 10 
0 241 14 
0 266 2 
0 159 45 
0 192 4 
0 232 32 
0 196 5 
0 193 4 
0 205 3 
0 222 52 
0 186 5 
0 214 16 
0 236 12 
0 208 46 
0 211 20 
0 271 33 
0 199 13 
0 255 10 
0 185 19 
0 269 18 
0 144 49 
0 194 13 
0 159 15 
0 210 30 
0 222 14 
0 166 17 
0 220 15 
0 202 42 
0 248 37 
0 265 43 
0 159 3 
0 255 12 
0 197 34 
0 217 27 
0 233 1 
0 236 7 
0 212 12 
0 195 18 
0 199 33 
0 243 37 
0 295 11 
0 185 8 
0 152 3 
0 146 23 
0 206 0 
0 241 34 
0 230 43 
0 236 12 
0 236 6 
0 210 10 
0 170 15 
0 210 7 
0 233 15 
0 254 10 
0 196 1 
0 228 21 
0 162 18 
0 285 1 
0 169 24 
0 211 50 
0 216 25 
0 220 37 
0 230 10 
0 208 24 
0 240 31 
0 228 11 
0 248 11 
0 229 5 
0 216 14 
0 165 8 
0 169 11 
0 284 17 
0 182 2 
0 243 87 
0 203 24 
0 163 33 
0 207 34 
0 240 5 
0 235 43 
0 242 6 
0 215 2 
0 209 0 
0 222 10 
0 234 54 
0 174 53 
0 166 20 
0 229 19 
0 238 3 
0 234 31 
0 217 17 
0 230 5 
0 220 36 
0 147 35 
0 250 17 
0 178 24 
0 209 5 
0 149 34 
0 209 11 
0 204 15 
0 201 43 
0 230 6 
0 220 15 
0 189 39 
0 193 7 
0 184 18 
0 159 95 
0 244 8 
0 223 1 
0 237 45 
0 215 49 
0 178 40 
0 210 0 
0 175 33 
0 213 17 
0 216 8 
0 219 12 
0 207 27 
0 225 11 
0 244 18 
0 228 51 
0 186 5 
0 143 12 
0 225 20 
0 254 14 
0 209 6 
0 256 16 
0 264 8 
0 228 7 
0 218 3 
0 165 18 
0 243 41 
0 198 48 
0 213 4 
0 192 18 
0 176 59 
0 183 9 
0 226 4 
0 232 7 
0 122 18 
0 179 10 
0 198 3 
0 158 24 
0 202 14 
0 239 26 
0 240 0 
0 232 5 
0 199 18 
0 254 17 
0 166 6 
0 124 44 
0 188 11 
0 228 12 
0 188 13 
0 285 10 
0 132 12 
0 209 114 
0 191 10 
0 266 52 
0 198 52 
0 201 0 
0 194 118 
0 205 89 
0 148 37 
0 202 9 
0 261 27 
0 321 18 
0 160 0 
0 261 0 
0 281 11 
0 209 1 
0 145 50 
0 241 3 
0 167 38 
0 203 21 
0 163 8 
0 228 7 
0 209 6 
0 216 19 
0 164 3 
0 222 25 
0 167 16 
0 197 45 
0 191 39 
0 264 6 
0 192 25 
0 205 14 
0 206 48 
0 259 38 
0 217 26 
0 203 13 
0 235 0 
0 189 51 
0 164 2 
0 204 41 
0 162 8 
0 210 28 
0 194 34 
0 165 2 
0 204 6 
0 163 2 
0 239 21 
0 203 43 
0 248 51 
0 199 5 
0 218 30 
0 203 3 
0 222 43 
0 175 19 
0 231 17 
0 215 2 
0 206 22 
0 293 29 
0 224 34 
0 228 17 
0 268 3 
0 172 3 
0 257 46 
0 220 5 
0 221 6 
0 259 44 
0 296 10 
0 231 0 
0 193 1 
0 238 5 
0 219 35 
0 189 6 
0 233 5 
0 230 0 
0 220 7 
0 187 28 
0 186 89 
0 211 25 
0 202 45 
0 189 94 
0 254 17 
0 172 0 
0 215 3 
0 147 6 
0 227 8 
0 195 8 
0 199 24 
0 217 27 
0 184 27 
0 195 117 
0 199 11 
0 223 5 
0 157 43 
0 224 3 
0 194 148 
0 241 22 
0 144 2 
0 174 15 
0 251 9 
0 216 12 
0 194 29 
0 176 24 
0 229 4 
0 180 6 
0 174 41 
0 233 7 
0 183 56 
0 180 14 
0 259 49 
0 190 110 
0 195 15 
0 214 24 
0 169 65 
0 208 10 
0 229 16 
0 177 30 
0 188 2 
0 227 10 
0 189 30 
0 221 75 
0 229 8 
0 263 36 
0 197 12 
0 248 0 
0 206 8 
0 197 25 
0 147 9 
0 191 18 
0 183 29 
0 241 32 
0 213 41 
0 145 53 
0 159 12 
0 208 25 
0 226 5 
0 246 24 
0 204 73 
0 204 20 
0 218 53 
0 205 5 
0 167 22 
0 260 9 
0 148 3 
0 192 9 
0 148 1 
0 149 45 
0 210 41 
0 266 10 
0 161 17 
0 212 27 
0 224 10 
0 236 5 
0 198 22 
0 214 16 
0 225 17 
0 287 36 
0 163 27 
0 188 19 
0 257 17 
0 154 7 
0 206 19 
0 183 34 
0 228 7 
0 241 3 
0 282 20 
0 249 1 
0 228 49 
0 231 51 
0 178 19 
0 280 8 
0 263 2 
0 177 13 
0 198 11 
0 265 4 
0 229 21 
0 271 11 
0 227 20 
0 221 42 
0 185 14 
0 285 37 
0 265 18 
0 217 18 
0 268 26 
0 150 39 
0 195 4 
0 227 19 
0 227 50 
0 269 111 
0 201 39 
0 257 5 
0 213 11 
0 266 8 
0 184 12 
0 166 25 
0 185 0 
0 231 9 
0 167 34 
0 259 22 
0 184 30 
0 159 10 
0 256 29 
0 220 42 
0 174 6 
0 216 5 
0 239 48 
0 219 7 
0 176 38 
0 199 5 
0 145 10 
0 245 42 
0 198 21 
0 224 21 
0 244 13 
0 156 24 
0 246 13 
0 259 4 
0 216 33 
0 154 9 
0 171 28 
0 217 3 
0 219 30 
0 273 18 
0 201 32 
0 243 18 
0 222 15 
0 289 13 
0 256 34 
0 206 29 
0 215 33 
0 223 4 
0 268 11 
0 233 20 
0 221 41 
0 244 32 
0 201 49 
0 217 27 
0 185 12 
0 188 31 
0 216 43 
0 187 11 
0 203 56 
0 162 7 
0 283 19 
0 256 23 
0 184 24 
0 181 20 
0 169 29 
0 251 15 
0 183 4 
0 183 58 
0 219 4 
0 200 22 
0 205 26 
0 222 0 
0 223 4 
0 130 10 
0 282 27 
0 201 47 
0 259 34 
0 139 13 
0 247 20 
0 246 9 
