28 368 65 0 0 
48 400 11 0 0 
22 399 50 0 0 
21 436 64 0 0 
15 495 27 0 0 
19 543 9 0 0 
39 482 23 0 0 
56 327 32 0 0 
26 386 134 0 0 
28 386 20 0 0 
5 368 15 0 0 
39 465 42 0 0 
46 468 32 0 0 
10 411 60 0 0 
16 513 26 0 0 
70 336 36 0 0 
16 437 75 0 0 
20 373 49 0 0 
71 333 72 0 0 
1 506 50 0 0 
82 410 6 0 0 
63 401 7 0 0 
12 421 16 0 0 
20 403 69 0 0 
90 446 18 0 0 
2 408 59 0 0 
10 413 63 0 0 
27 558 28 0 0 
7 501 24 0 0 
73 409 67 0 0 
33 440 10 0 0 
124 312 94 0 0 
47 555 5 0 0 
63 310 19 0 0 
35 558 16 0 0 
4 458 29 0 0 
34 380 17 0 0 
46 477 32 0 0 
57 404 41 0 0 
30 503 32 0 0 
17 372 48 0 0 
14 466 43 0 0 
58 442 35 0 0 
41 458 26 0 0 
9 465 54 0 0 
4 469 65 0 0 
59 496 43 0 0 
9 534 6 0 0 
15 492 49 0 0 
59 422 86 0 0 
1 469 42 0 0 
43 418 14 0 0 
3 370 31 0 0 
43 411 53 0 0 
54 522 21 0 0 
61 480 20 0 0 
15 407 93 0 0 
71 439 28 0 0 
14 330 97 0 0 
31 443 25 0 0 
46 448 11 0 0 
7 435 35 0 0 
33 457 4 0 0 
21 485 16 0 0 
69 270 34 0 0 
49 384 58 0 0 
22 343 16 0 0 
41 433 29 0 0 
25 495 25 0 0 
45 437 7 0 0 
42 499 25 0 0 
29 410 14 0 0 
10 430 22 0 0 
37 538 12 0 0 
6 489 70 0 0 
38 393 29 0 0 
49 388 28 0 0 
45 359 73 0 0 
51 448 11 0 0 
35 445 30 0 0 
18 427 57 0 0 
76 384 50 0 0 
61 379 25 0 0 
1 407 25 0 0 
21 551 4 0 0 
13 385 23 0 0 
8 480 22 0 0 
86 414 14 0 0 
65 348 32 0 0 
12 489 69 0 0 
45 426 5 0 0 
34 436 9 0 0 
66 433 4 0 0 
56 492 32 0 0 
32 384 3 0 0 
63 438 3 0 0 
26 375 14 0 0 
56 313 151 0 0 
88 408 10 0 0 
79 480 23 0 0 
22 352 15 0 0 
59 449 30 0 0 
91 405 66 0 0 
32 433 6 0 0 
31 398 40 0 0 
37 483 52 0 0 
4 375 40 0 0 
24 477 20 0 0 
18 511 25 0 0 
89 422 32 0 0 
21 470 13 0 0 
10 513 14 0 0 
1 283 31 0 0 
61 360 6 0 0 
66 365 40 0 0 
34 431 18 0 0 
37 392 21 0 0 
31 548 22 0 0 
38 392 67 0 0 
42 485 4 0 0 
39 402 31 0 0 
23 380 43 0 0 
11 381 70 0 0 
23 543 29 0 0 
75 344 79 0 0 
55 438 20 0 0 
20 319 49 0 0 
37 404 55 0 0 
31 348 67 0 0 
36 461 19 0 0 
32 536 56 0 0 
45 491 18 0 0 
44 361 38 0 0 
18 333 65 0 0 
61 373 60 0 0 
61 420 27 0 0 
17 464 33 0 0 
93 440 15 0 0 
23 416 46 0 0 
16 413 47 0 0 
11 468 58 0 0 
23 452 13 0 0 
70 412 10 0 0 
23 402 55 0 0 
33 480 45 0 0 
2 442 33 0 0 
60 453 13 0 0 
7 386 56 0 0 
101 405 1 0 0 
11 416 50 0 0 
16 491 22 0 0 
20 450 26 0 0 
29 502 33 0 0 
22 403 45 0 0 
19 344 28 0 0 
60 386 24 0 0 
53 339 46 0 0 
51 380 62 0 0 
63 459 30 0 0 
75 464 12 0 0 
58 428 19 0 0 
70 454 25 0 0 
3 360 65 0 0 
19 388 82 0 0 
50 493 19 0 0 
71 390 44 0 0 
26 431 34 0 0 
23 456 82 0 0 
29 474 0 0 0 
57 398 7 0 0 
14 454 56 0 0 
43 460 62 0 0 
51 490 2 0 0 
20 416 30 0 0 
20 517 36 0 0 
26 485 20 0 0 
57 409 19 0 0 
37 433 50 0 0 
13 418 17 0 0 
13 520 37 0 0 
28 566 21 0 0 
30 361 32 0 0 
21 469 25 0 0 
90 423 16 0 0 
45 422 44 0 0 
44 439 27 0 0 
64 433 17 0 0 
26 444 26 0 0 
45 423 18 0 0 
1 526 6 0 0 
25 320 40 0 0 
30 469 29 0 0 
27 534 27 0 0 
56 406 37 0 0 
14 466 12 0 0 
46 318 70 0 0 
27 408 48 0 0 
69 421 57 0 0 
15 471 44 0 0 
3 568 45 0 0 
10 388 34 0 0 
12 428 81 0 0 
31 387 55 0 0 
53 373 25 0 0 
17 431 27 0 0 
11 455 30 0 0 
15 505 4 0 0 
23 531 25 0 0 
31 418 41 0 0 
13 473 11 0 0 
3 350 22 0 0 
57 312 26 0 0 
25 360 10 0 0 
55 450 33 0 0 
50 481 35 0 0 
16 473 43 0 0 
19 405 29 0 0 
32 352 17 0 0 
49 357 17 0 0 
39 426 42 0 0 
34 384 5 0 0 
33 369 45 0 0 
69 438 19 0 0 
24 421 10 0 0 
6 361 63 12 0 
81 432 0 0 0 
7 375 24 0 0 
40 433 40 0 0 
28 502 24 0 0 
37 425 19 0 0 
94 472 33 0 0 
6 474 24 0 0 
45 435 22 0 0 
13 377 16 0 0 
68 561 5 0 0 
36 438 36 0 0 
17 420 20 0 0 
6 446 64 0 0 
21 528 14 0 0 
19 422 14 0 0 
14 429 28 0 0 
19 422 8 0 0 
44 387 28 0 0 
31 383 53 0 0 
33 406 46 0 0 
26 554 63 0 0 
88 291 68 0 0 
33 484 25 0 0 
42 375 43 0 0 
39 338 59 0 0 
18 579 26 0 0 
69 361 16 0 0 
68 459 18 0 0 
41 326 19 0 0 
52 426 50 0 0 
61 364 40 0 0 
34 425 32 0 0 
24 518 33 0 0 
36 448 36 0 0 
37 466 3 0 0 
7 479 35 0 0 
118 400 13 0 0 
28 392 43 0 0 
53 479 10 0 0 
12 469 7 0 0 
28 384 54 0 0 
50 433 3 0 0 
61 472 11 0 0 
91 340 101 0 0 
27 559 29 0 0 
61 435 35 0 0 
9 416 48 0 0 
29 444 15 0 0 
25 469 47 0 0 
21 436 31 0 0 
64 525 0 0 0 
14 572 18 0 0 
84 501 9 0 0 
24 441 36 0 0 
32 455 4 0 0 
69 575 5 0 0 
35 441 39 0 0 
54 368 73 0 0 
17 507 41 0 0 
57 417 4 13 0 
28 446 27 0 0 
41 520 7 0 0 
17 476 11 0 0 
16 444 98 0 0 
24 406 21 0 0 
42 488 17 0 0 
54 477 25 0 0 
45 503 8 0 0 
141 381 20 0 0 
45 386 44 0 0 
28 277 32 0 0 
24 417 4 0 0 
5 424 31 0 0 
35 573 23 0 0 
38 381 48 0 0 
14 423 31 0 0 
6 560 11 0 0 
17 474 51 0 0 
45 325 33 0 0 
60 320 22 0 0 
55 388 25 0 0 
38 364 36 0 0 
53 356 31 0 0 
24 334 36 0 0 
19 489 38 0 0 
17 485 0 0 0 
14 443 16 0 0 
52 451 37 0 0 
32 311 33 0 0 
20 440 83 0 0 
17 534 37 0 0 
98 399 74 0 0 
24 503 8 0 0 
26 436 19 0 0 
19 478 25 0 0 
22 448 24 0 0 
30 507 23 0 0 
32 449 12 0 0 
20 424 18 0 0 
11 470 29 0 0 
83 370 54 0 0 
50 278 88 0 0 
36 404 7 0 0 
22 433 5 0 0 
30 383 52 0 0 
102 413 51 0 0 
31 443 33 0 0 
25 405 25 0 0 
34 347 6 0 0 
30 357 51 0 0 
8 530 28 0 0 
47 434 30 0 0 
21 355 32 0 0 
59 388 55 0 0 
21 442 40 0 0 
51 387 27 0 0 
19 378 120 0 0 
24 485 35 0 0 
32 366 56 0 0 
32 333 87 0 0 
35 431 33 0 0 
52 498 0 0 0 
64 360 23 0 0 
26 417 39 0 0 
21 549 4 0 0 
23 384 39 0 0 
14 380 19 0 0 
25 482 51 0 0 
18 569 36 0 0 
27 499 33 0 0 
44 340 18 0 0 
23 387 19 0 0 
72 294 16 0 0 
3 472 13 0 0 
43 299 6 0 0 
66 467 9 0 0 
29 509 46 0 0 
27 365 61 0 0 
40 433 67 0 0 
44 504 6 0 0 
65 378 55 0 0 
15 320 41 0 0 
0 495 18 0 0 
18 479 33 0 0 
21 497 19 0 0 
42 411 21 0 0 
69 400 39 0 0 
48 330 28 0 0 
53 422 2 0 0 
35 407 29 0 0 
12 471 22 0 0 
82 373 56 0 0 
10 423 26 0 0 
24 446 1 0 0 
124 355 48 0 0 
78 385 8 0 0 
12 508 61 0 0 
23 388 32 0 0 
28 461 35 0 0 
24 491 7 0 0 
16 425 22 1 0 
14 507 21 0 0 
33 381 79 0 0 
18 483 87 0 0 
48 420 14 0 0 
11 372 2 0 0 
49 375 23 0 0 
51 463 8 0 0 
38 465 27 0 0 
21 435 77 0 0 
41 463 36 0 0 
29 487 4 0 0 
20 439 33 0 0 
62 570 30 0 0 
46 452 21 0 0 
41 312 46 0 0 
30 339 25 0 0 
8 365 40 0 0 
46 426 60 0 0 
13 434 23 0 0 
5 512 69 0 0 
29 396 26 0 0 
15 532 12 0 0 
99 486 10 0 0 
44 335 15 0 0 
39 451 24 0 0 
31 369 59 0 0 
42 368 61 0 0 
18 540 15 0 0 
31 492 7 0 0 
64 332 42 0 0 
59 347 16 0 0 
63 443 19 0 0 
1 438 31 0 0 
28 456 18 0 0 
28 514 11 0 0 
6 471 33 0 0 
66 370 53 0 0 
17 396 19 0 0 
4 506 30 0 0 
15 487 10 0 0 
49 488 19 0 0 
27 460 46 0 0 
31 443 42 0 0 
57 359 33 0 0 
30 405 45 0 0 
51 462 36 0 0 
2 483 27 0 0 
25 441 12 0 0 
8 425 50 0 0 
10 403 48 0 0 
26 365 68 0 0 
65 442 30 0 0 
19 378 73 0 0 
5 370 47 0 0 
2 441 30 0 0 
17 519 13 0 0 
56 384 14 0 0 
54 378 33 0 0 
27 437 73 0 0 
25 398 27 0 0 
94 393 32 0 0 
8 608 23 0 0 
34 357 38 0 0 
40 375 5 0 0 
49 404 79 0 0 
26 535 48 0 0 
30 480 22 0 0 
23 528 15 0 0 
8 457 71 0 0 
8 419 74 0 0 
34 483 42 0 0 
66 461 7 0 0 
9 429 2 0 0 
12 515 30 0 0 
32 507 22 0 0 
37 334 46 0 0 
33 450 24 0 0 
53 442 31 0 0 
97 398 19 0 0 
52 467 92 0 0 
0 453 31 0 0 
9 543 51 0 0 
49 393 55 0 0 
54 333 67 0 0 
8 561 25 0 0 
23 397 11 0 0 
42 445 21 0 0 
8 465 32 0 0 
64 566 16 0 0 
20 508 28 0 0 
17 408 73 0 0 
6 385 30 0 0 
42 420 35 0 0 
26 472 35 0 0 
44 397 34 0 0 
25 431 41 0 0 
16 493 72 0 0 
20 483 0 0 0 
20 501 8 0 0 
23 446 54 0 0 
74 373 22 0 0 
26 412 0 0 0 
7 441 9 0 0 
43 523 10 0 0 
76 443 56 0 0 
41 373 14 0 0 
55 392 37 0 0 
59 528 48 0 0 
18 540 23 0 0 
79 388 83 0 0 
65 403 12 0 0 
83 423 19 0 0 
26 358 28 0 0 
24 450 7 0 0 
42 469 30 4 0 
4 475 18 0 0 
22 486 18 0 0 
63 390 8 0 0 
50 538 0 0 0 
5 461 56 0 0 
73 401 32 0 0 
48 572 9 0 0 
17 526 12 0 0 
2 315 43 0 0 
67 543 13 0 0 
87 353 28 0 0 
23 439 46 0 0 
65 361 40 0 0 
9 490 33 0 0 
55 348 3 0 0 
36 495 0 0 0 
10 481 31 0 0 
23 379 18 0 0 
31 514 9 0 0 
21 464 17 0 0 
39 536 8 0 0 
12 496 38 0 0 
57 524 25 0 0 
87 292 57 0 0 
53 395 9 0 0 
56 435 44 0 0 
56 396 47 0 0 
35 558 34 0 0 
16 435 24 0 0 
80 384 5 0 0 
21 459 17 0 0 
43 452 50 0 0 
18 433 35 0 0 
31 456 11 0 0 
47 428 40 0 0 
13 349 21 0 0 
16 321 16 0 0 
52 465 21 0 0 
32 534 29 0 0 
37 447 46 0 0 
68 411 63 0 0 
97 423 44 0 0 
4 379 87 0 0 
19 413 59 0 0 
71 438 28 0 0 
33 465 47 0 0 
55 300 129 0 0 
27 330 12 0 0 
70 412 2 0 0 
5 455 23 0 0 
15 433 42 0 0 
36 308 15 0 0 
57 497 42 0 0 
34 292 27 2 0 
29 451 5 0 0 
36 403 7 0 0 
48 380 68 0 0 
22 361 69 0 0 
24 410 31 0 0 
10 435 16 0 0 
60 427 40 0 0 
62 467 27 0 0 
40 360 59 0 0 
4 429 94 0 0 
56 464 3 0 0 
66 384 62 0 0 
46 490 40 0 0 
0 472 51 0 0 
22 387 18 0 0 
60 450 1 0 0 
23 418 38 0 0 
6 539 38 0 0 
35 432 32 0 0 
28 363 43 0 0 
47 387 54 0 0 
28 422 1 0 0 
40 360 38 0 0 
32 529 40 0 0 
38 450 40 0 0 
52 467 10 0 0 
22 462 66 0 0 
23 415 31 0 0 
17 452 39 0 0 
5 407 69 0 0 
0 444 41 0 0 
61 454 87 0 0 
19 435 19 0 0 
30 342 26 0 0 
79 444 43 0 0 
37 452 24 0 0 
20 412 16 0 0 
22 486 5 0 0 
40 337 29 0 0 
7 422 6 0 0 
25 471 23 0 0 
65 473 5 0 0 
15 380 44 0 0 
10 455 54 0 0 
78 405 26 0 0 
28 414 53 0 0 
46 448 62 0 0 
70 441 42 0 0 
50 472 2 0 0 
115 469 2 0 0 
52 500 21 0 0 
79 340 22 0 0 
63 362 38 0 0 
27 423 21 0 0 
24 479 4 0 0 
11 528 14 0 0 
51 345 43 0 0 
22 396 40 0 0 
34 406 37 0 0 
33 402 31 0 0 
42 365 18 0 0 
40 457 19 0 0 
33 460 46 0 0 
33 464 27 0 0 
32 388 74 0 0 
23 406 54 0 0 
91 368 27 0 0 
51 413 53 0 0 
39 252 7 0 0 
37 393 46 0 0 
46 420 0 0 0 
15 410 71 0 0 
42 321 37 0 0 
91 411 55 0 0 
34 410 18 0 0 
28 507 22 0 0 
36 415 42 0 0 
67 430 5 0 0 
26 394 26 0 0 
43 411 44 0 0 
38 475 10 0 0 
29 511 24 0 0 
52 537 57 0 0 
7 449 21 0 0 
21 495 20 0 0 
8 470 55 0 0 
31 389 16 0 0 
49 329 27 0 0 
7 494 47 0 0 
57 391 25 0 0 
41 374 59 0 0 
54 346 43 0 0 
32 468 50 0 0 
24 471 75 0 0 
47 328 57 0 0 
23 442 52 0 0 
2 500 2 0 0 
52 482 21 0 0 
5 469 38 0 0 
26 483 34 0 0 
22 467 25 0 0 
0 437 60 0 0 
13 508 82 0 0 
71 407 19 0 0 
30 362 11 0 0 
23 362 126 0 0 
56 337 39 0 0 
24 389 6 0 0 
12 524 79 0 0 
73 315 41 0 0 
101 382 6 0 0 
52 483 43 0 0 
30 418 25 0 0 
61 369 34 0 0 
18 470 27 0 0 
17 428 26 0 0 
63 360 51 0 0 
5 443 76 0 0 
15 408 43 0 0 
73 393 16 0 0 
64 430 26 0 0 
31 455 34 0 0 
15 485 31 0 0 
67 496 15 0 0 
50 415 22 0 0 
62 324 39 0 0 
34 357 12 0 0 
32 389 28 0 0 
13 439 86 0 0 
42 503 0 0 0 
16 588 23 0 0 
47 414 20 0 0 
16 380 11 0 0 
23 436 43 0 0 
18 375 13 0 0 
32 391 21 0 0 
19 499 8 0 0 
38 405 69 0 0 
96 471 19 0 0 
33 461 49 0 0 
33 499 42 0 0 
91 414 49 0 0 
33 429 21 0 0 
10 485 54 0 0 
4 477 56 0 0 
108 372 23 0 0 
13 403 24 0 0 
65 447 17 0 0 
9 489 27 0 0 
15 318 55 0 0 
18 423 28 0 0 
98 464 13 0 0 
4 498 8 0 0 
34 395 21 0 0 
60 371 18 0 0 
53 389 7 0 0 
31 436 23 0 0 
24 426 37 0 0 
28 462 55 0 0 
36 456 55 0 0 
4 428 57 0 0 
17 352 45 0 0 
52 296 22 0 0 
18 437 19 0 0 
27 347 34 0 0 
65 398 25 0 0 
61 407 13 6 0 
80 345 11 0 0 
53 384 11 0 0 
37 435 12 0 0 
71 404 22 0 0 
67 316 21 0 0 
11 389 29 0 0 
43 442 35 0 0 
33 536 20 0 0 
18 570 26 0 0 
11 361 89 0 0 
16 403 27 0 0 
15 465 29 0 0 
7 508 6 0 0 
26 357 15 0 0 
74 358 2 0 0 
66 349 10 0 0 
32 475 25 0 0 
9 421 23 0 0 
42 370 20 0 0 
70 528 3 0 0 
52 495 40 0 0 
3 373 39 0 0 
58 350 53 0 0 
55 450 8 0 0 
47 414 25 0 0 
15 387 71 0 0 
15 529 5 0 0 
10 385 10 0 0 
80 353 23 0 0 
103 444 17 0 0 
43 468 69 0 0 
16 538 12 0 0 
23 475 17 0 0 
79 445 37 24 0 
15 495 16 0 0 
54 519 20 0 0 
52 435 28 0 0 
71 387 16 0 0 
42 426 55 0 0 
9 549 20 0 0 
78 459 14 0 0 
23 404 24 0 0 
82 326 45 0 0 
29 371 72 0 0 
15 295 36 0 0 
11 436 30 0 0 
54 400 8 0 0 
69 480 6 0 0 
26 473 59 0 0 
1 437 45 0 0 
9 411 35 0 0 
8 373 16 0 0 
16 422 11 0 0 
11 393 58 0 0 
35 342 55 0 0 
58 333 34 0 0 
18 358 47 0 0 
29 546 13 0 0 
41 433 40 0 0 
71 322 32 0 0 
45 415 98 0 0 
5 520 18 0 0 
36 298 44 0 0 
32 501 33 0 0 
8 358 62 0 0 
49 419 56 0 0 
108 353 0 0 0 
17 392 93 0 0 
26 446 41 0 0 
48 415 26 0 0 
8 401 39 0 0 
65 363 6 0 0 
62 365 14 0 0 
40 487 17 0 0 
36 484 55 0 0 
68 483 2 0 0 
11 486 14 0 0 
57 278 19 0 0 
13 419 6 0 0 
17 429 45 0 0 
71 440 36 0 0 
75 438 4 0 0 
55 346 48 0 0 
60 418 15 0 0 
57 479 20 0 0 
33 500 40 0 0 
20 460 53 0 0 
18 564 39 0 0 
12 484 23 0 0 
37 416 5 0 0 
91 400 77 0 0 
114 359 80 0 0 
47 380 19 0 0 
13 384 40 0 0 
38 409 19 0 0 
47 457 16 0 0 
28 475 35 0 0 
29 484 9 0 0 
9 414 68 0 0 
27 415 34 0 0 
33 454 22 0 0 
44 484 8 0 0 
11 449 31 0 0 
15 408 20 0 0 
26 518 27 0 0 
95 390 16 0 0 
27 445 19 0 0 
96 348 102 0 0 
10 525 15 0 0 
31 449 40 0 0 
34 363 1 0 0 
41 385 6 0 0 
59 426 13 0 0 
36 365 18 0 0 
6 430 12 0 0 
4 434 31 0 0 
48 466 14 0 0 
73 373 2 0 0 
1 456 46 0 0 
15 434 40 0 0 
63 427 39 0 0 
2 420 25 0 0 
32 530 10 0 0 
30 410 55 0 0 
70 434 21 0 0 
15 453 32 0 0 
30 363 37 0 0 
27 434 35 0 0 
56 438 17 0 0 
28 458 40 0 0 
68 422 33 0 0 
1 488 42 0 0 
61 385 35 0 0 
90 403 1 0 0 
23 497 29 0 0 
59 444 67 0 0 
42 463 11 0 0 
39 392 32 0 0 
43 505 19 0 0 
26 392 74 0 0 
38 438 37 0 0 
36 387 14 0 0 
14 363 15 0 0 
24 491 27 0 0 
26 448 28 0 0 
8 498 29 0 0 
84 417 74 0 0 
27 356 55 0 0 
0 497 20 0 0 
4 532 53 0 0 
25 415 64 0 0 
34 243 10 0 0 
48 392 25 0 0 
29 386 68 0 0 
45 416 19 0 0 
9 462 43 0 0 
0 405 29 0 0 
30 441 1 0 0 
28 454 23 0 0 
93 516 35 0 0 
11 462 16 0 0 
23 410 6 0 0 
53 400 40 0 0 
35 434 30 0 0 
46 415 33 0 0 
72 358 116 0 0 
14 504 43 0 0 
82 409 48 0 0 
26 403 11 0 0 
30 409 50 0 0 
4 508 32 0 0 
27 492 32 0 0 
10 520 61 1 0 
44 375 53 0 0 
15 465 31 0 0 
51 495 24 0 0 
36 516 0 0 0 
19 358 44 0 0 
93 474 11 0 0 
71 447 84 0 0 
39 393 3 0 0 
27 351 30 0 0 
30 396 69 0 0 
47 357 39 0 0 
99 368 9 0 0 
53 352 49 0 0 
10 409 16 0 0 
56 366 35 0 0 
36 490 27 0 0 
43 436 6 0 0 
14 382 111 0 0 
107 389 7 0 0 
53 504 22 0 0 
12 474 4 2 0 
34 381 78 0 0 
58 343 19 0 0 
20 464 36 0 0 
36 407 9 0 0 
32 507 13 0 0 
25 408 9 0 0 
22 567 46 0 0 
44 386 54 0 0 
22 426 51 0 0 
90 395 27 0 0 
54 520 24 0 0 
40 384 12 0 0 
14 372 31 0 0 
59 380 25 0 0 
32 447 12 0 0 
42 479 14 0 0 
52 495 11 0 0 
38 457 43 0 0 
3 453 26 0 0 
22 436 4 0 0 
52 334 82 0 0 
21 478 65 0 0 
58 401 21 0 0 
89 341 36 0 0 
49 533 3 0 0 
22 511 38 0 0 
2 508 13 0 0 
33 385 16 0 0 
30 416 55 0 0 
30 469 3 0 0 
39 492 45 0 0 
2 460 12 0 0 
30 510 6 0 0 
77 474 26 0 0 
59 477 17 0 0 
73 378 8 10 0 
20 461 16 0 0 
27 393 31 0 0 
32 436 7 0 0 
20 450 55 0 0 
85 450 9 0 0 
42 487 34 0 0 
76 393 38 0 0 
19 509 22 0 0 
28 474 11 0 0 
99 391 53 0 0 
35 396 41 0 0 
77 415 15 0 0 
50 410 58 0 0 
63 385 46 0 0 
27 477 27 0 0 
23 454 70 0 0 
48 404 25 0 0 
35 448 56 0 0 
1 442 23 0 0 
75 490 17 0 0 
9 426 59 0 0 
54 558 13 0 0 
38 457 7 0 0 
17 476 28 0 0 
10 436 27 0 0 
25 373 13 0 0 
27 384 23 0 0 
77 418 46 0 0 
44 476 15 1 0 
87 477 23 0 0 
10 532 37 0 0 
62 378 38 0 0 
39 530 19 0 0 
42 341 39 0 0 
46 324 15 0 0 
27 455 25 0 0 
10 345 57 0 0 
27 481 11 0 0 
9 481 29 0 0 
27 354 70 0 0 
26 360 37 0 0 
16 417 7 0 0 
58 621 17 0 0 
20 497 45 0 0 
10 332 36 0 0 
69 473 81 0 0 
1 578 7 0 0 
22 461 10 0 0 
