534 211 255 
501 237 262 
483 320 197 
579 234 187 
412 285 303 
492 331 177 
466 222 312 
574 261 165 
609 249 142 
468 251 281 
629 211 160 
621 178 201 
666 152 182 
480 230 290 
657 188 155 
539 275 186 
540 214 246 
565 204 231 
551 174 275 
531 274 195 
524 257 219 
602 231 167 
469 251 280 
607 265 128 
584 253 163 
623 209 168 
543 226 231 
564 194 242 
601 264 135 
541 279 180 
515 182 303 
497 195 308 
573 209 218 
575 229 196 
480 275 245 
564 193 243 
530 264 206 
558 220 222 
572 222 206 
525 217 258 
623 231 146 
549 224 227 
574 279 147 
422 267 311 
618 254 128 
571 250 179 
492 296 212 
505 232 263 
594 247 159 
502 225 273 
630 231 139 
631 271 98 
546 266 188 
618 167 215 
554 243 203 
492 270 238 
573 257 170 
541 249 210 
545 230 225 
617 229 154 
431 207 362 
492 247 261 
475 255 270 
542 277 181 
534 281 185 
541 258 201 
396 272 332 
537 321 142 
470 281 249 
569 276 155 
558 240 202 
550 242 208 
558 264 178 
560 330 110 
579 224 197 
544 234 222 
596 258 146 
416 200 384 
629 196 175 
620 279 101 
491 231 278 
600 190 210 
538 259 203 
503 238 259 
521 301 178 
487 256 257 
671 217 112 
586 218 196 
557 275 168 
443 204 353 
583 227 190 
439 214 347 
503 286 211 
530 270 200 
396 290 314 
551 263 186 
508 259 233 
534 264 202 
579 243 178 
430 251 319 
556 276 168 
481 233 286 
545 280 175 
549 186 265 
535 258 207 
556 221 223 
530 300 170 
516 241 243 
660 194 146 
474 240 286 
522 219 259 
493 253 254 
568 238 194 
544 258 198 
538 251 211 
542 236 222 
551 251 198 
548 238 214 
582 237 181 
571 220 209 
453 236 311 
580 271 149 
622 230 148 
599 236 165 
518 276 206 
504 305 191 
506 281 213 
552 275 173 
515 280 205 
546 236 218 
520 270 210 
468 289 243 
576 203 221 
651 170 179 
529 263 208 
487 321 192 
600 231 169 
556 264 180 
554 260 186 
516 265 219 
577 232 191 
548 239 213 
575 255 170 
638 269 93 
486 220 294 
552 260 188 
490 279 231 
588 246 166 
527 262 211 
576 205 219 
618 221 161 
550 239 211 
509 240 251 
626 192 182 
498 249 253 
552 274 174 
546 262 192 
407 239 354 
560 158 282 
545 184 271 
608 224 168 
509 253 238 
501 254 245 
487 217 296 
622 218 160 
575 225 200 
587 268 145 
544 266 190 
477 248 275 
662 208 130 
435 250 315 
488 226 286 
588 242 170 
544 276 180 
582 221 197 
528 269 203 
507 213 280 
503 235 262 
482 239 279 
517 230 253 
587 213 200 
558 234 208 
543 253 204 
420 279 301 
533 233 234 
550 244 206 
591 236 173 
543 281 176 
600 201 199 
503 257 240 
471 224 305 
498 263 239 
548 270 182 
642 234 124 
515 240 245 
444 233 323 
552 239 209 
556 202 242 
484 277 239 
536 233 231 
466 251 283 
616 253 131 
412 270 318 
505 294 201 
472 294 234 
439 238 323 
585 233 182 
520 218 262 
572 224 204 
587 245 168 
503 213 284 
505 253 242 
562 277 161 
511 248 241 
684 187 129 
529 251 220 
452 274 274 
549 252 199 
638 182 180 
543 223 234 
532 276 192 
486 248 266 
496 244 260 
498 280 222 
499 284 217 
509 269 222 
553 201 246 
562 258 180 
636 245 119 
547 248 205 
514 268 218 
549 308 143 
448 295 257 
573 235 192 
529 283 188 
506 278 216 
576 210 214 
516 242 242 
405 165 430 
588 223 189 
477 259 264 
626 234 140 
563 234 203 
563 222 215 
463 299 238 
561 229 210 
525 241 234 
511 325 164 
520 220 260 
557 254 189 
550 273 177 
608 273 119 
445 306 249 
449 280 271 
601 220 179 
610 203 187 
497 211 292 
507 283 210 
590 202 208 
376 208 416 
585 151 264 
551 257 192 
448 244 308 
511 290 199 
540 277 183 
576 206 218 
558 245 197 
432 208 360 
435 183 382 
565 273 162 
557 291 152 
557 228 215 
603 253 144 
576 237 187 
617 235 148 
644 235 121 
476 309 215 
561 259 180 
573 258 169 
533 270 197 
500 292 208 
479 220 301 
441 249 310 
510 210 280 
585 188 227 
536 253 211 
645 255 100 
507 291 202 
525 202 273 
606 246 148 
561 287 152 
554 223 223 
658 268 74 
566 186 248 
467 286 247 
452 183 365 
607 223 170 
479 309 212 
539 214 247 
552 285 163 
608 268 124 
659 215 126 
510 202 288 
505 262 233 
523 243 234 
560 236 204 
456 202 342 
601 183 216 
584 283 133 
478 258 264 
545 238 217 
497 296 207 
504 237 259 
459 263 278 
546 260 194 
640 178 182 
561 250 189 
533 227 240 
567 274 159 
587 265 148 
473 233 294 
540 241 219 
462 277 261 
527 289 184 
484 304 212 
532 259 209 
490 313 197 
581 232 187 
531 278 191 
585 191 224 
550 263 187 
574 279 147 
478 267 255 
364 196 440 
506 255 239 
481 332 187 
550 293 157 
528 265 207 
588 209 203 
594 226 180 
558 231 211 
518 171 311 
546 265 189 
511 232 257 
627 297 76 
607 245 148 
512 252 236 
628 234 138 
588 203 209 
481 268 251 
620 219 161 
550 265 185 
494 272 234 
633 219 148 
498 238 264 
599 274 127 
579 227 194 
455 275 270 
535 181 284 
539 216 245 
591 228 181 
531 249 220 
511 246 243 
620 247 133 
474 247 279 
541 175 284 
605 233 162 
520 229 251 
538 265 197 
484 259 257 
609 262 129 
569 264 167 
621 215 164 
601 194 205 
498 292 210 
527 232 241 
580 200 220 
439 212 349 
492 229 279 
538 242 220 
519 216 265 
579 273 148 
548 301 151 
507 300 193 
504 259 237 
500 230 270 
615 208 177 
630 233 137 
579 229 192 
546 251 203 
568 299 133 
401 216 383 
604 268 128 
457 307 236 
522 284 194 
548 203 249 
526 292 182 
585 246 169 
494 260 246 
516 250 234 
534 228 238 
541 277 182 
539 276 185 
483 290 227 
529 292 179 
519 233 248 
452 225 323 
612 193 195 
508 215 277 
487 198 315 
590 224 186 
491 263 246 
512 277 211 
412 224 364 
527 195 278 
572 200 228 
552 282 166 
599 191 210 
508 297 195 
635 223 142 
518 248 234 
473 300 227 
549 242 209 
589 214 197 
494 233 273 
581 246 173 
451 230 319 
560 296 144 
578 215 207 
474 223 303 
617 235 148 
532 267 201 
589 285 126 
601 158 241 
600 216 184 
463 191 346 
476 278 246 
561 192 247 
586 225 189 
495 300 205 
606 227 167 
592 236 172 
529 183 288 
524 281 195 
522 271 207 
494 238 268 
562 233 205 
664 202 134 
524 262 214 
540 222 238 
479 265 256 
495 228 277 
517 252 231 
583 285 132 
673 207 120 
622 199 179 
589 220 191 
527 275 198 
493 279 228 
444 224 332 
536 275 189 
554 274 172 
621 203 176 
581 262 157 
565 187 248 
572 228 200 
543 237 220 
430 251 319 
559 279 162 
668 205 127 
520 226 254 
633 214 153 
624 236 140 
444 291 265 
611 261 128 
598 258 144 
554 216 230 
546 291 163 
508 288 204 
561 305 134 
624 230 146 
473 277 250 
466 197 337 
600 195 205 
535 275 190 
463 219 318 
564 199 237 
535 263 202 
651 168 181 
587 237 176 
625 266 109 
602 276 122 
616 269 115 
485 279 236 
559 263 178 
570 227 203 
562 253 185 
585 234 181 
516 253 231 
576 260 164 
419 209 372 
581 270 149 
476 223 301 
501 262 237 
558 241 201 
520 181 299 
473 283 244 
568 277 155 
489 255 256 
480 284 236 
525 253 222 
506 224 270 
529 224 247 
641 206 153 
455 360 185 
577 269 154 
567 194 239 
478 260 262 
595 275 130 
501 214 285 
587 246 167 
614 255 131 
616 239 145 
576 279 145 
512 315 173 
640 221 139 
557 220 223 
524 247 229 
528 265 207 
558 258 184 
497 197 306 
513 189 298 
572 225 203 
432 231 337 
563 250 187 
515 300 185 
462 262 276 
498 246 256 
560 311 129 
574 189 237 
589 199 212 
503 248 249 
485 244 271 
515 221 264 
537 310 153 
620 209 171 
558 279 163 
500 276 224 
490 241 269 
520 279 201 
556 276 168 
569 253 178 
519 266 215 
528 192 280 
531 263 206 
573 190 237 
537 200 263 
471 276 253 
611 275 114 
566 219 215 
509 245 246 
517 231 252 
522 203 275 
591 283 126 
568 206 226 
477 243 280 
596 200 204 
532 315 153 
593 243 164 
693 208 99 
489 258 253 
609 269 122 
562 235 203 
537 274 189 
586 242 172 
574 247 179 
542 245 213 
650 181 169 
496 325 179 
512 271 217 
490 258 252 
577 267 156 
575 246 179 
642 222 136 
522 245 233 
419 332 249 
558 204 238 
565 209 226 
590 235 175 
493 246 261 
504 295 201 
573 218 209 
517 330 153 
530 263 207 
491 262 247 
494 247 259 
616 228 156 
555 259 186 
480 365 155 
617 181 202 
494 240 266 
570 221 209 
462 263 275 
517 286 197 
606 222 172 
637 229 134 
555 256 189 
533 206 261 
489 213 298 
605 221 174 
557 285 158 
492 230 278 
585 234 181 
642 238 120 
537 266 197 
608 215 177 
539 257 204 
586 245 169 
559 261 180 
527 179 294 
551 284 165 
526 204 270 
491 233 276 
576 214 210 
567 270 163 
592 244 164 
483 236 281 
621 190 189 
661 232 107 
639 164 197 
543 263 194 
611 204 185 
616 199 185 
570 233 197 
518 215 267 
586 221 193 
569 225 206 
465 242 293 
486 217 297 
673 204 123 
495 324 181 
606 200 194 
551 249 200 
574 187 239 
595 219 186 
493 294 213 
704 185 111 
597 229 174 
585 247 168 
542 260 198 
450 247 303 
539 270 191 
591 228 181 
484 289 227 
529 229 242 
569 255 176 
655 174 171 
491 228 281 
580 211 209 
544 207 249 
571 238 191 
659 225 116 
464 254 282 
558 257 185 
522 261 217 
495 322 183 
532 239 229 
512 241 247 
557 277 166 
486 258 256 
572 244 184 
448 260 292 
639 246 115 
500 214 286 
503 247 250 
553 250 197 
487 297 216 
567 262 171 
539 258 203 
571 218 211 
590 235 175 
546 277 177 
501 271 228 
535 230 235 
443 222 335 
513 278 209 
519 298 183 
559 274 167 
499 231 270 
548 233 219 
672 178 150 
556 237 207 
633 186 181 
578 264 158 
580 241 179 
517 225 258 
405 231 364 
507 234 259 
509 253 238 
520 233 247 
561 273 166 
547 238 215 
620 256 124 
570 258 172 
503 227 270 
546 280 174 
558 306 136 
470 217 313 
570 219 211 
529 240 231 
542 221 237 
439 277 284 
554 230 216 
643 169 188 
420 266 314 
413 279 308 
592 264 144 
490 238 272 
515 228 257 
454 245 301 
542 227 231 
528 268 204 
513 299 188 
521 319 160 
427 254 319 
477 274 249 
515 276 209 
525 265 210 
535 254 211 
550 217 233 
563 229 208 
508 257 235 
584 280 136 
534 201 265 
567 239 194 
639 198 163 
538 201 261 
565 207 228 
510 275 215 
509 284 207 
596 237 167 
470 272 258 
530 316 154 
564 253 183 
422 296 282 
542 223 235 
493 233 274 
592 258 150 
555 301 144 
572 239 189 
515 243 242 
535 223 242 
559 194 247 
584 224 192 
422 251 327 
632 219 149 
520 301 179 
527 294 179 
391 219 390 
555 244 201 
486 272 242 
389 217 394 
507 300 193 
520 320 160 
510 267 223 
578 233 189 
615 225 160 
608 198 194 
558 235 207 
486 230 284 
540 270 190 
617 237 146 
536 243 221 
603 260 137 
440 224 336 
511 291 198 
508 292 200 
528 273 199 
522 265 213 
498 206 296 
550 242 208 
497 249 254 
503 252 245 
537 269 194 
710 186 104 
590 177 233 
506 239 255 
497 215 288 
634 244 122 
566 281 153 
536 317 147 
596 233 171 
526 270 204 
440 281 279 
572 291 137 
568 259 173 
479 206 315 
482 208 310 
543 229 228 
486 201 313 
605 256 139 
550 251 199 
443 280 277 
561 257 182 
549 261 190 
622 199 179 
499 234 267 
565 262 173 
541 216 243 
584 267 149 
492 274 234 
509 192 299 
552 245 203 
488 228 284 
531 337 132 
539 287 174 
571 180 249 
370 189 441 
451 287 262 
477 245 278 
457 248 295 
560 251 189 
520 270 210 
511 289 200 
514 281 205 
508 237 255 
507 228 265 
481 252 267 
372 303 325 
486 247 267 
513 219 268 
460 259 281 
512 308 180 
482 264 254 
477 226 297 
553 196 251 
530 220 250 
502 226 272 
435 209 356 
634 239 127 
530 244 226 
531 247 222 
580 199 221 
489 309 202 
386 279 335 
440 217 343 
573 280 147 
529 234 237 
516 218 266 
471 291 238 
550 298 152 
441 223 336 
534 250 216 
554 236 210 
602 280 118 
536 204 260 
475 270 255 
638 217 145 
496 228 276 
628 234 138 
501 202 297 
631 224 145 
605 254 141 
549 236 215 
534 263 203 
596 196 208 
617 247 136 
513 244 243 
551 224 225 
611 221 168 
521 242 237 
600 178 222 
527 216 257 
510 293 197 
516 277 207 
447 302 251 
543 260 197 
453 284 263 
544 245 211 
504 254 242 
559 230 211 
540 264 196 
538 282 180 
442 205 353 
509 201 290 
432 295 273 
486 265 249 
378 234 388 
570 194 236 
573 237 190 
689 220 91 
623 214 163 
509 254 237 
501 254 245 
573 237 190 
654 180 166 
533 202 265 
490 224 286 
600 224 176 
631 193 176 
515 212 273 
496 181 323 
534 211 255 
553 264 183 
591 259 150 
541 215 244 
584 205 211 
605 257 138 
617 229 154 
618 254 128 
506 242 252 
537 296 167 
602 271 127 
619 244 137 
570 239 191 
503 200 297 
525 283 192 
599 243 158 
600 210 190 
658 212 130 
579 260 161 
550 250 200 
603 275 122 
564 255 181 
474 261 265 
580 232 188 
355 209 436 
641 194 165 
513 245 242 
608 224 168 
529 236 235 
538 254 208 
551 191 258 
509 305 186 
607 226 167 
527 244 229 
551 252 197 
517 232 251 
615 194 191 
623 205 172 
539 259 202 
558 226 216 
504 251 245 
589 252 159 
635 240 125 
536 234 230 
485 175 340 
515 258 227 
469 242 289 
483 256 261 
555 293 152 
585 247 168 
432 314 254 
555 238 207 
615 198 187 
501 217 282 
518 255 227 
651 241 108 
621 218 161 
513 325 162 
589 230 181 
550 256 194 
552 262 186 
542 216 242 
509 244 247 
460 257 283 
487 216 297 
557 244 199 
558 296 146 
591 264 145 
593 228 179 
618 202 180 
568 219 213 
526 245 229 
530 273 197 
556 262 182 
547 228 225 
558 206 236 
513 259 228 
460 195 345 
561 216 223 
467 245 288 
560 265 175 
522 295 183 
560 266 174 
578 219 203 
428 246 326 
583 253 164 
489 197 314 
491 256 253 
532 228 240 
484 276 240 
624 205 171 
577 279 144 
584 230 186 
597 279 124 
586 242 172 
525 250 225 
550 236 214 
581 209 210 
