0 21 370 22 0 
0 21 350 26 0 
1 13 424 19 0 
1 56 312 45 0 
0 20 252 64 0 
2 2 386 57 0 
0 94 267 71 0 
0 32 350 3 0 
0 107 305 16 0 
1 19 299 17 0 
0 27 359 105 0 
1 7 239 102 0 
0 4 273 31 0 
0 35 259 63 0 
0 53 385 14 0 
0 12 255 54 2 
0 8 373 103 0 
0 17 342 18 0 
0 12 242 47 0 
0 15 384 23 0 
0 21 320 22 0 
0 87 350 11 0 
0 33 254 10 0 
0 34 364 79 0 
0 39 341 110 0 
0 1 362 52 0 
1 34 468 16 0 
0 20 246 57 0 
0 64 236 12 0 
0 30 401 54 0 
1 43 376 14 0 
0 22 432 20 0 
0 36 319 64 0 
6 27 281 40 0 
0 6 251 1 0 
0 92 345 37 0 
1 47 362 61 0 
1 34 391 0 0 
1 20 302 4 0 
0 4 391 8 0 
1 25 335 38 0 
0 28 343 0 0 
1 3 303 16 0 
0 39 363 9 0 
0 9 421 17 0 
3 33 363 0 0 
0 65 336 16 0 
0 86 408 32 0 
0 8 455 18 0 
0 18 321 25 0 
1 73 264 87 0 
1 58 281 87 0 
4 12 418 6 0 
0 47 376 105 0 
2 38 381 15 0 
0 4 356 7 0 
0 67 352 17 0 
0 49 335 32 0 
0 28 310 12 0 
1 33 358 5 0 
0 13 381 2 0 
0 52 330 11 0 
1 114 166 30 0 
1 34 367 48 0 
0 42 350 10 0 
2 9 336 37 0 
0 15 418 82 0 
1 28 277 22 0 
0 101 368 26 0 
1 44 261 39 0 
0 23 292 40 0 
0 36 373 24 4 
1 46 286 29 0 
3 19 320 26 0 
1 37 408 13 0 
1 31 362 24 0 
0 16 276 17 0 
0 35 385 8 0 
0 11 429 7 0 
0 18 439 38 0 
0 43 389 12 0 
1 11 308 45 0 
0 6 334 6 0 
0 37 216 32 0 
2 49 390 10 0 
0 32 253 79 0 
4 9 366 54 0 
3 8 323 19 0 
0 67 352 25 0 
0 23 361 65 0 
2 104 313 8 0 
0 32 370 82 0 
0 64 492 18 0 
0 49 345 42 0 
0 15 230 28 0 
3 52 323 21 0 
0 20 446 52 0 
0 56 391 30 0 
0 9 280 86 0 
0 41 228 21 0 
4 9 384 57 11 
0 28 363 16 0 
0 41 329 12 0 
0 8 298 38 0 
1 16 271 12 0 
0 11 317 62 0 
0 27 419 18 0 
0 20 360 15 0 
0 37 321 66 0 
0 25 405 26 0 
0 72 302 13 0 
1 7 214 67 0 
1 38 338 30 0 
0 4 352 37 0 
0 2 321 27 0 
2 95 370 37 0 
2 12 251 35 0 
0 7 343 7 0 
0 33 347 12 0 
0 40 397 18 0 
0 3 193 10 0 
0 80 442 12 0 
0 8 282 45 0 
0 30 451 35 0 
0 50 370 14 0 
0 36 170 34 0 
0 10 425 1 0 
1 76 304 17 0 
0 33 316 87 0 
5 12 358 47 0 
0 12 397 57 0 
0 85 442 16 0 
0 34 300 77 0 
0 57 366 23 0 
0 19 458 18 0 
3 30 358 33 0 
0 24 278 17 0 
0 190 255 37 0 
0 40 329 1 0 
0 48 234 88 0 
0 3 327 88 0 
0 11 338 32 0 
0 22 443 48 0 
0 30 391 7 0 
0 12 293 40 0 
0 24 463 27 0 
0 70 368 19 0 
0 42 219 65 0 
0 21 342 42 0 
0 35 331 18 0 
3 69 319 17 0 
0 18 266 62 0 
0 13 326 79 0 
0 40 339 47 0 
0 28 382 56 0 
0 79 324 4 0 
0 89 247 103 0 
4 15 328 16 0 
0 28 262 123 0 
1 24 197 12 0 
0 70 345 14 0 
0 17 375 38 0 
0 19 318 102 0 
0 38 318 78 0 
0 10 340 52 0 
0 54 254 44 0 
0 17 406 26 0 
0 70 359 7 0 
0 96 337 44 0 
0 58 297 20 0 
0 54 413 3 0 
0 25 263 38 0 
0 27 368 56 0 
0 18 386 38 0 
1 5 456 21 0 
2 30 358 30 0 
0 33 379 20 0 
0 28 244 49 5 
0 73 305 12 0 
0 37 183 28 0 
0 8 560 5 0 
0 3 485 10 0 
1 11 311 18 0 
0 8 491 24 0 
1 12 272 30 0 
0 35 274 28 0 
0 61 374 16 0 
0 1 411 22 0 
2 48 243 60 0 
3 3 419 30 0 
0 46 411 45 0 
0 53 284 2 0 
0 20 256 50 0 
0 16 288 43 0 
2 10 348 60 0 
0 32 446 0 0 
0 5 283 88 0 
0 43 227 50 0 
0 0 268 37 0 
0 1 364 7 0 
0 13 265 111 0 
1 18 259 14 0 
0 34 354 21 0 
0 29 342 29 0 
0 11 323 17 0 
0 48 346 10 0 
0 44 415 27 0 
0 47 350 32 0 
1 28 295 12 0 
9 10 282 17 0 
0 100 269 27 0 
0 65 250 22 0 
0 58 223 18 0 
1 30 355 27 0 
0 50 320 108 0 
0 37 370 113 0 
0 25 309 33 0 
0 11 328 89 0 
0 38 292 71 0 
0 19 246 50 0 
1 40 384 30 0 
0 16 339 31 0 
0 28 285 74 0 
1 9 307 11 0 
0 10 260 10 0 
1 41 292 9 0 
0 64 310 72 0 
0 28 262 4 0 
0 50 309 18 0 
0 37 199 54 0 
0 14 288 22 0 
0 39 293 30 0 
0 24 356 108 0 
0 6 294 9 0 
0 42 312 61 0 
0 3 259 3 0 
0 24 276 37 0 
1 77 285 33 0 
0 26 284 13 0 
0 117 302 62 5 
0 20 195 56 0 
0 45 378 6 0 
1 44 251 19 0 
0 51 323 57 0 
0 81 354 44 0 
0 44 225 23 0 
0 95 279 20 0 
0 15 340 10 0 
0 34 316 18 0 
4 92 311 75 0 
0 32 308 24 0 
0 25 322 75 0 
0 78 246 16 0 
0 42 258 7 0 
0 5 320 22 0 
0 31 237 99 0 
0 56 434 2 0 
1 40 306 25 0 
0 27 361 8 0 
0 17 309 20 0 
0 122 240 34 0 
1 9 246 15 0 
0 34 264 66 0 
0 41 326 29 0 
1 17 269 21 0 
0 60 403 35 0 
0 20 160 20 0 
0 30 279 97 0 
0 15 252 43 9 
0 58 354 15 0 
0 10 287 22 24 
5 23 375 11 0 
0 22 456 37 0 
0 12 306 36 0 
0 103 367 18 0 
0 16 356 69 0 
0 53 306 11 0 
1 40 266 20 0 
1 7 323 39 0 
2 61 229 41 0 
0 12 265 34 0 
0 27 329 22 1 
0 42 332 5 0 
0 27 225 48 0 
40 51 322 19 0 
0 8 369 12 0 
0 37 340 37 0 
0 59 467 17 0 
0 11 333 43 0 
0 50 370 2 0 
0 50 241 72 0 
1 6 343 16 19 
3 34 446 14 0 
1 37 406 7 0 
0 10 299 35 0 
1 91 248 4 0 
2 48 396 40 0 
0 37 218 46 0 
0 9 386 28 0 
0 5 401 10 0 
0 28 451 74 0 
0 12 382 37 0 
0 60 395 43 0 
0 15 376 20 0 
1 36 434 5 0 
0 53 380 3 0 
0 25 383 65 0 
0 120 350 17 0 
0 49 335 8 0 
1 7 207 33 0 
0 31 281 73 0 
0 116 374 20 0 
0 53 194 8 0 
1 108 410 5 0 
12 24 253 135 0 
1 4 408 63 0 
0 22 402 34 0 
1 23 320 5 0 
2 11 274 32 0 
1 70 273 0 0 
2 9 326 42 0 
0 44 391 25 1 
1 145 296 2 0 
1 32 254 104 0 
0 39 381 7 0 
0 31 332 17 0 
1 20 303 41 0 
0 55 393 6 0 
0 28 420 4 0 
0 57 233 84 0 
0 14 477 34 0 
1 34 330 69 0 
0 37 357 32 0 
0 67 373 26 0 
0 52 331 65 0 
3 54 309 65 0 
0 22 359 20 0 
0 34 349 77 0 
0 49 343 6 0 
1 22 367 10 0 
0 22 186 86 0 
0 49 251 24 0 
1 65 255 35 0 
0 11 234 54 0 
0 97 417 42 0 
0 31 439 7 0 
0 183 311 33 0 
0 16 371 61 0 
4 60 334 68 0 
1 47 338 25 0 
1 33 377 15 0 
1 29 451 38 0 
0 19 503 29 0 
0 40 544 35 0 
0 61 237 18 0 
0 38 361 22 0 
0 146 270 16 0 
0 37 375 64 0 
0 127 341 1 0 
0 210 401 30 0 
1 14 397 23 0 
2 8 295 42 0 
0 20 434 28 0 
1 81 319 73 0 
0 26 297 15 0 
0 30 248 45 0 
0 53 294 23 0 
0 49 384 5 0 
0 12 364 7 0 
0 23 431 1 0 
0 7 319 30 0 
1 58 371 85 0 
0 60 440 21 0 
0 33 203 32 0 
0 32 305 75 0 
0 113 293 14 0 
0 50 371 14 0 
0 34 381 14 0 
0 15 365 12 0 
0 23 261 85 0 
0 24 358 41 0 
1 125 260 83 0 
1 4 272 51 0 
0 18 319 31 0 
3 69 360 32 0 
0 34 405 30 0 
0 94 386 53 0 
0 37 280 20 0 
0 55 336 21 0 
0 17 358 47 0 
0 39 437 41 0 
0 17 264 24 0 
1 18 330 152 0 
0 63 292 62 0 
0 55 267 10 0 
1 6 384 17 0 
0 34 371 59 0 
0 79 317 3 0 
1 35 312 7 0 
0 22 331 5 0 
2 48 323 38 0 
3 16 327 37 0 
2 38 321 13 0 
0 49 360 1 0 
0 44 320 24 0 
3 9 338 5 0 
0 53 420 20 0 
1 24 268 50 0 
2 118 277 37 0 
1 4 420 32 0 
0 32 323 7 0 
0 31 229 65 0 
0 107 381 14 0 
0 16 326 39 0 
14 51 268 102 0 
0 22 232 25 0 
0 26 373 53 0 
0 7 478 29 0 
0 20 343 49 0 
0 36 288 7 0 
2 36 366 50 0 
0 23 296 31 0 
0 62 367 18 0 
2 32 232 10 0 
0 96 342 38 0 
0 11 264 10 0 
0 50 244 58 0 
0 20 379 27 0 
1 23 337 0 0 
0 22 277 38 0 
0 7 325 67 0 
0 85 328 16 0 
0 0 258 51 0 
0 63 387 27 0 
0 3 290 2 11 
0 17 335 14 0 
0 22 269 5 0 
2 5 417 12 0 
0 124 498 31 0 
0 46 281 41 0 
0 47 273 1 0 
0 25 276 11 0 
0 11 388 46 0 
0 18 266 28 0 
0 59 268 5 0 
0 56 238 60 0 
0 8 295 96 0 
0 19 285 13 0 
5 72 359 25 0 
0 38 378 29 0 
0 47 303 65 0 
0 12 259 60 0 
0 36 441 53 0 
0 43 240 40 0 
0 18 376 19 0 
0 34 326 75 0 
0 18 298 63 0 
0 18 354 22 0 
1 102 334 83 0 
5 72 289 35 0 
0 19 334 70 0 
0 49 443 44 0 
0 34 352 7 0 
0 27 384 69 0 
0 10 352 2 0 
0 4 335 29 0 
0 63 272 46 0 
5 11 276 86 0 
0 71 323 3 0 
0 39 328 44 0 
0 99 380 42 0 
1 30 244 79 0 
0 68 479 38 0 
0 29 296 26 0 
1 15 423 19 0 
0 37 332 55 0 
0 35 334 14 0 
0 22 406 36 0 
2 4 329 37 0 
0 2 378 5 0 
0 7 294 44 0 
0 27 307 6 0 
1 65 370 19 0 
0 21 293 46 0 
1 16 323 34 0 
0 35 330 28 0 
0 37 275 29 0 
0 16 324 55 0 
0 10 376 48 0 
0 30 206 56 0 
0 32 266 59 0 
0 0 303 23 1 
0 29 264 15 0 
0 23 458 65 0 
0 50 295 26 0 
0 35 333 95 0 
4 112 317 1 0 
0 50 268 8 0 
1 21 322 12 0 
5 52 417 5 0 
0 81 518 10 0 
0 91 317 8 0 
1 121 395 68 0 
0 60 245 11 0 
0 55 291 19 0 
0 15 401 29 0 
0 29 329 41 0 
4 15 457 1 0 
0 60 280 16 0 
0 33 362 32 0 
0 46 379 24 0 
1 21 340 31 0 
1 18 245 18 0 
1 37 240 10 0 
0 14 340 24 0 
0 30 414 57 0 
4 34 461 53 0 
0 92 260 86 0 
0 32 389 31 0 
4 42 342 27 0 
0 15 429 104 0 
4 38 397 18 0 
0 35 287 17 0 
0 11 207 44 0 
0 23 356 88 0 
5 101 373 143 0 
0 4 342 35 0 
0 14 339 5 0 
0 49 285 32 0 
2 9 271 4 0 
0 19 247 3 0 
0 2 311 36 0 
0 30 237 124 0 
0 24 307 44 0 
0 16 243 13 0 
0 23 274 16 0 
0 34 352 20 0 
0 79 389 9 0 
0 10 458 14 0 
0 63 243 8 0 
0 2 365 7 0 
0 21 285 69 0 
0 4 291 3 0 
0 2 255 34 0 
0 36 288 36 0 
0 44 278 41 0 
6 27 300 53 0 
0 10 410 56 0 
0 40 322 68 0 
0 44 381 10 0 
0 41 349 12 0 
0 60 386 27 0 
0 13 308 14 0 
0 8 360 46 0 
0 8 314 84 0 
0 29 264 122 0 
0 8 426 32 0 
0 13 374 16 0 
0 10 244 26 0 
0 11 275 40 0 
0 48 228 77 0 
0 30 508 11 0 
2 30 358 15 0 
0 54 263 9 0 
1 9 293 92 0 
0 37 370 10 0 
0 6 307 151 0 
0 46 345 21 0 
0 66 330 58 0 
0 44 238 117 0 
2 106 231 17 0 
0 73 472 18 0 
0 32 228 16 0 
0 17 402 38 0 
0 23 235 66 0 
0 21 251 18 0 
0 43 396 110 0 
0 138 286 4 0 
0 11 346 20 0 
0 15 324 63 0 
0 67 294 28 0 
0 13 447 31 0 
0 19 370 31 0 
0 17 349 1 0 
0 11 304 47 0 
3 35 278 9 0 
0 45 285 49 0 
2 27 179 4 0 
0 26 275 29 0 
0 21 395 25 0 
0 28 444 5 0 
0 33 411 65 0 
0 29 234 4 0 
0 136 314 43 0 
0 37 291 67 0 
0 73 394 65 0 
0 17 406 15 0 
0 3 255 75 0 
0 31 287 16 0 
0 20 333 74 0 
1 73 335 63 0 
0 13 365 40 0 
0 103 230 5 0 
0 20 340 43 0 
0 28 330 96 0 
1 50 240 36 0 
0 30 336 6 0 
0 52 389 30 0 
0 86 396 8 0 
0 45 325 36 0 
1 185 520 6 0 
0 15 436 26 0 
14 25 336 16 0 
0 28 396 22 0 
0 11 372 27 0 
0 1 389 8 0 
0 16 310 37 0 
0 49 374 28 0 
1 7 492 39 0 
1 48 361 85 0 
0 29 377 8 0 
0 33 227 48 0 
0 7 339 15 0 
0 7 283 86 0 
24 27 260 18 0 
0 14 370 18 0 
0 12 329 35 0 
0 33 355 41 0 
0 85 183 53 0 
0 5 314 1 0 
0 6 316 67 0 
0 115 299 8 0 
0 21 368 62 0 
0 38 336 11 0 
0 39 426 51 0 
0 22 383 20 0 
0 31 336 7 0 
0 41 335 152 0 
0 30 282 13 0 
0 52 242 33 0 
0 76 370 54 0 
0 21 418 78 0 
1 30 352 84 0 
0 61 196 64 0 
0 78 399 15 0 
0 29 212 124 0 
2 4 331 14 0 
0 35 350 30 0 
1 7 430 10 0 
0 24 402 16 0 
0 26 337 70 0 
6 17 310 35 0 
0 27 257 17 0 
1 101 275 32 0 
0 36 395 77 0 
1 55 236 3 0 
0 2 293 112 0 
0 12 366 18 0 
0 4 354 43 0 
0 93 221 85 0 
1 9 349 1 0 
4 64 231 24 0 
0 50 353 13 0 
0 21 338 39 0 
0 64 270 24 0 
0 30 296 16 0 
0 17 317 76 0 
1 34 433 10 0 
0 34 261 116 0 
0 45 390 10 0 
0 45 419 11 0 
0 59 172 28 0 
0 44 310 2 0 
0 43 383 84 0 
4 57 374 12 0 
0 22 287 9 0 
0 25 275 7 0 
0 12 366 41 0 
0 61 219 18 0 
1 62 303 4 0 
2 34 338 93 0 
0 41 265 59 0 
0 53 405 42 0 
2 50 489 9 0 
0 29 367 38 0 
0 56 382 25 0 
0 126 267 37 0 
0 69 245 11 0 
0 30 276 9 0 
0 28 456 1 0 
0 9 359 25 0 
0 1 280 1 0 
0 32 437 6 0 
0 105 256 77 0 
0 8 343 13 0 
1 51 304 59 0 
0 17 305 7 0 
1 66 346 20 0 
0 101 257 65 0 
3 55 419 85 0 
2 9 376 11 0 
0 55 322 38 0 
5 17 279 6 0 
2 36 382 9 0 
0 69 319 54 0 
0 17 438 0 0 
0 36 309 52 0 
0 56 432 22 0 
0 91 277 115 0 
1 28 341 62 0 
0 8 369 24 0 
0 15 289 36 0 
1 51 292 27 0 
6 92 289 21 0 
0 46 305 12 0 
0 16 319 11 0 
0 47 288 52 0 
0 28 305 92 0 
3 8 460 14 0 
2 43 345 25 0 
0 90 321 40 0 
1 43 329 26 0 
0 23 363 55 0 
0 17 501 12 0 
0 4 303 22 0 
0 104 369 90 0 
0 53 297 41 0 
0 58 351 27 0 
2 65 393 3 0 
0 22 388 39 0 
0 20 267 7 0 
1 55 291 13 0 
0 47 236 8 0 
0 26 351 14 0 
0 37 297 46 0 
1 20 265 19 0 
1 19 312 75 0 
0 22 373 24 0 
0 10 298 15 0 
6 77 210 20 0 
0 7 322 37 0 
0 62 308 18 0 
0 31 363 45 0 
4 59 297 47 0 
0 44 390 51 0 
0 12 398 1 0 
0 17 337 38 0 
0 27 332 17 0 
0 45 329 36 0 
0 97 267 9 0 
0 40 240 22 0 
0 27 270 57 0 
2 54 346 53 0 
0 7 354 59 0 
0 6 336 30 0 
0 36 450 1 0 
0 15 337 57 0 
2 69 401 6 0 
0 71 265 31 0 
0 48 312 7 0 
0 32 274 11 0 
0 31 389 35 0 
0 67 206 20 0 
0 26 439 26 0 
0 20 401 64 0 
0 10 389 40 0 
0 39 328 7 0 
0 50 216 37 0 
0 29 419 46 0 
0 51 272 18 0 
4 54 312 101 0 
0 24 426 42 0 
0 59 248 54 0 
3 44 337 28 0 
0 40 235 34 0 
0 34 364 32 0 
0 56 276 42 0 
0 26 398 52 0 
0 6 403 11 0 
0 38 365 21 0 
0 106 327 4 0 
0 10 343 95 0 
3 33 258 71 0 
0 12 254 83 0 
0 28 427 32 0 
0 31 461 39 0 
0 5 333 35 0 
0 0 410 29 0 
2 28 400 12 0 
0 77 234 49 0 
0 70 279 4 0 
0 61 298 9 0 
0 83 333 16 0 
0 89 248 38 0 
0 8 287 12 0 
0 71 291 22 0 
0 47 461 17 0 
1 30 298 77 0 
1 34 361 72 0 
8 13 327 38 0 
0 22 379 66 0 
0 20 363 45 0 
0 23 294 29 0 
0 14 336 20 0 
0 8 329 19 0 
0 83 276 9 0 
0 58 361 10 0 
0 40 193 2 0 
0 62 205 160 0 
5 11 342 31 0 
0 69 395 66 0 
1 11 380 27 0 
0 18 353 74 0 
0 11 361 113 0 
0 42 407 82 0 
0 67 247 20 0 
0 51 261 24 0 
0 35 354 2 0 
0 55 330 26 0 
0 30 469 15 0 
0 98 290 5 0 
1 55 196 113 0 
1 44 169 17 0 
0 54 282 30 0 
1 50 255 24 0 
1 22 359 26 0 
1 13 252 91 0 
0 21 482 8 0 
0 44 274 12 0 
0 11 443 66 0 
2 17 422 32 0 
0 45 264 53 0 
0 27 308 10 0 
0 23 319 33 0 
0 19 292 45 0 
1 15 301 29 0 
0 21 431 35 0 
0 109 233 19 0 
0 49 267 9 0 
0 55 186 88 0 
0 49 310 50 0 
1 128 342 23 0 
0 32 231 77 0 
0 32 259 55 1 
0 11 219 24 0 
0 17 322 17 0 
2 109 403 40 0 
0 53 318 45 3 
0 69 356 15 0 
2 44 290 12 0 
0 36 440 61 0 
0 43 445 15 0 
4 8 303 42 0 
4 53 345 39 0 
0 13 416 16 0 
0 11 379 0 0 
0 36 264 56 0 
0 47 406 90 0 
0 43 226 25 0 
0 24 402 22 0 
1 28 325 90 0 
0 29 513 60 0 
0 10 323 35 0 
0 30 329 32 14 
0 30 465 5 0 
0 81 263 1 0 
0 32 196 59 0 
0 27 272 24 0 
1 49 394 49 0 
0 42 364 33 0 
0 36 333 13 0 
0 38 325 41 0 
1 41 242 11 0 
4 43 348 9 0 
0 22 308 21 0 
0 13 256 74 0 
1 12 380 34 0 
4 28 396 109 0 
0 26 333 30 0 
0 81 402 22 0 
0 39 257 64 0 
0 49 264 74 0 
0 27 239 93 0 
0 64 315 53 0 
0 49 329 31 0 
2 73 336 2 0 
0 90 305 91 0 
0 60 241 33 0 
1 23 366 60 0 
2 65 345 30 0 
0 27 353 20 0 
0 36 434 55 0 
1 30 261 18 0 
0 44 274 17 0 
0 23 236 10 0 
0 7 360 28 0 
2 20 412 15 0 
1 38 348 63 0 
0 25 245 78 0 
0 14 401 45 0 
0 23 227 27 0 
0 33 375 12 0 
0 30 352 66 0 
3 70 293 24 0 
0 138 282 20 0 
1 66 314 34 0 
1 0 350 42 0 
0 7 360 14 0 
0 12 525 19 0 
3 92 379 8 0 
0 76 397 49 0 
0 36 286 13 0 
1 21 351 60 0 
0 2 319 20 0 
2 69 254 13 0 
0 28 433 15 0 
0 40 368 4 0 
0 26 386 25 0 
0 13 365 21 0 
0 33 296 6 0 
0 35 288 90 0 
0 129 276 24 0 
3 20 394 25 0 
0 48 250 9 0 
0 37 323 53 0 
4 56 281 26 0 
0 7 363 32 0 
0 40 358 60 0 
0 32 405 3 0 
1 117 229 59 0 
0 20 278 56 0 
0 43 260 36 0 
1 12 554 25 0 
0 48 501 20 0 
0 20 463 23 0 
0 59 313 105 0 
0 42 278 48 0 
0 44 351 42 0 
0 5 358 54 0 
0 35 266 22 0 
3 64 345 32 0 
0 13 395 42 0 
0 6 304 48 0 
1 49 409 63 0 
2 45 321 35 0 
0 42 349 73 13 
0 49 358 1 0 
1 58 340 52 0 
0 15 337 19 0 
0 7 403 24 0 
4 10 352 1 0 
0 101 354 60 0 
1 13 409 32 0 
6 118 239 53 0 
0 33 447 12 0 
1 5 347 174 0 
0 48 398 25 0 
0 34 338 8 0 
0 70 298 61 0 
0 25 321 33 0 
0 4 345 46 0 
0 5 230 36 0 
0 15 296 48 0 
0 11 322 35 0 
0 68 349 53 0 
0 40 251 7 0 
0 13 414 23 0 
0 66 303 24 0 
1 25 394 14 0 
1 43 420 84 0 
0 114 259 19 0 
8 71 377 30 0 
0 20 313 122 0 
0 21 336 21 0 
0 62 304 26 0 
0 9 482 26 0 
0 59 260 55 0 
0 14 241 36 0 
0 36 366 20 0 
0 20 321 19 0 
0 23 333 13 0 
0 21 346 24 0 
1 8 344 42 0 
16 72 349 0 0 
1 62 348 48 0 
2 20 240 62 0 
1 30 317 38 0 
0 28 317 45 0 
1 3 355 9 0 
1 26 171 49 0 
0 21 481 49 0 
0 111 254 6 0 
0 83 355 12 0 
0 14 553 6 0 
4 52 241 77 0 
0 84 360 2 0 
4 85 287 6 0 
1 74 226 25 0 
0 4 268 55 0 
0 52 393 12 0 
