540 249 211 
524 254 222 
483 246 271 
559 269 172 
488 234 278 
502 249 249 
605 219 176 
417 326 257 
607 224 169 
381 235 384 
625 203 172 
498 279 223 
503 230 267 
554 237 209 
534 233 233 
589 217 194 
452 311 237 
558 228 214 
600 216 184 
581 182 237 
555 281 164 
577 245 178 
502 230 268 
475 255 270 
494 258 248 
554 240 206 
525 292 183 
513 232 255 
594 234 172 
601 224 175 
501 294 205 
534 291 175 
630 253 117 
477 341 182 
553 234 213 
496 290 214 
529 243 228 
512 251 237 
494 230 276 
573 230 197 
611 259 130 
532 279 189 
489 288 223 
559 242 199 
517 279 204 
508 230 262 
548 246 206 
487 257 256 
549 251 200 
583 284 133 
469 295 236 
525 257 218 
580 200 220 
453 279 268 
533 227 240 
575 248 177 
500 314 186 
548 285 167 
436 186 378 
522 263 215 
387 243 370 
476 291 233 
516 280 204 
466 277 257 
551 269 180 
446 294 260 
548 245 207 
466 202 332 
559 214 227 
536 231 233 
569 244 187 
506 277 217 
505 206 289 
536 228 236 
487 321 192 
551 214 235 
523 303 174 
523 215 262 
586 212 202 
474 262 264 
562 214 224 
564 193 243 
474 332 194 
524 260 216 
585 224 191 
487 289 224 
639 214 147 
489 293 218 
585 242 173 
563 282 155 
407 272 321 
473 342 185 
470 275 255 
595 216 189 
572 247 181 
554 288 158 
584 245 171 
451 260 289 
562 225 213 
493 208 299 
582 265 153 
538 308 154 
496 269 235 
437 197 366 
510 238 252 
477 245 278 
539 280 181 
548 241 211 
551 192 257 
487 252 261 
530 233 237 
529 272 199 
566 266 168 
539 254 207 
463 217 320 
638 222 140 
478 251 271 
476 287 237 
516 252 232 
582 252 166 
520 286 194 
595 228 177 
506 278 216 
524 344 132 
521 260 219 
507 247 246 
537 260 203 
498 234 268 
470 222 308 
571 275 154 
497 265 238 
552 265 183 
510 274 216 
481 300 219 
542 263 195 
500 207 293 
535 296 169 
527 297 176 
492 288 220 
582 235 183 
516 304 180 
580 240 180 
528 297 175 
496 251 253 
595 237 168 
609 236 155 
492 209 299 
584 234 182 
481 254 265 
515 236 249 
532 273 195 
543 251 206 
545 202 253 
527 276 197 
548 227 225 
534 220 246 
511 266 223 
536 209 255 
484 275 241 
489 202 309 
564 292 144 
511 256 233 
562 252 186 
505 289 206 
597 276 127 
547 257 196 
543 261 196 
426 251 323 
534 280 186 
567 215 218 
574 195 231 
452 266 282 
459 280 261 
487 292 221 
520 242 238 
564 260 176 
416 284 300 
465 261 274 
526 305 169 
545 196 259 
561 235 204 
546 218 236 
566 217 217 
532 279 189 
537 205 258 
526 242 232 
482 242 276 
514 269 217 
466 272 262 
510 273 217 
461 212 327 
504 272 224 
446 205 349 
474 225 301 
466 203 331 
582 237 181 
588 276 136 
467 248 285 
501 213 286 
501 202 297 
521 253 226 
616 213 171 
497 311 192 
480 308 212 
531 263 206 
493 249 258 
512 247 241 
488 241 271 
577 206 217 
442 241 317 
533 289 178 
553 292 155 
526 288 186 
526 272 202 
391 270 339 
529 280 191 
562 260 178 
570 240 190 
472 282 246 
488 250 262 
464 192 344 
645 179 176 
445 231 324 
572 228 200 
524 222 254 
528 264 208 
537 205 258 
534 253 213 
512 288 200 
543 230 227 
535 230 235 
491 255 254 
598 226 176 
510 277 213 
595 245 160 
567 214 219 
551 277 172 
419 233 348 
520 297 183 
449 212 339 
480 266 254 
534 259 207 
503 236 261 
531 279 190 
553 268 179 
530 231 239 
578 230 192 
581 263 156 
547 248 205 
529 253 218 
540 234 226 
626 243 131 
577 228 195 
489 233 278 
524 287 189 
502 225 273 
528 249 223 
569 229 202 
562 259 179 
519 215 266 
546 268 186 
534 287 179 
597 214 189 
476 232 292 
514 292 194 
511 217 272 
582 173 245 
604 257 139 
534 231 235 
571 229 200 
525 296 179 
524 232 244 
540 266 194 
515 261 224 
544 240 216 
428 334 238 
490 234 276 
471 251 278 
546 239 215 
538 254 208 
541 263 196 
545 221 234 
504 281 215 
564 221 215 
577 216 207 
477 244 279 
486 278 236 
520 314 166 
599 236 165 
544 232 224 
566 258 176 
569 228 203 
461 229 310 
537 189 274 
511 247 242 
533 200 267 
485 277 238 
548 245 207 
610 220 170 
569 285 146 
436 242 322 
543 252 205 
588 251 161 
544 244 212 
492 244 264 
401 318 281 
593 245 162 
520 212 268 
571 220 209 
601 250 149 
505 193 302 
482 288 230 
501 243 256 
584 211 205 
530 244 226 
577 288 135 
473 278 249 
595 231 174 
543 235 222 
516 256 228 
671 194 135 
489 282 229 
557 195 248 
430 320 250 
556 247 197 
499 285 216 
515 281 204 
560 243 197 
503 234 263 
591 266 143 
498 267 235 
651 185 164 
546 225 229 
521 232 247 
584 192 224 
538 249 213 
502 251 247 
531 230 239 
560 250 190 
455 180 365 
596 212 192 
576 243 181 
644 241 115 
527 213 260 
513 247 240 
523 250 227 
596 228 176 
517 201 282 
484 237 279 
549 197 254 
464 254 282 
503 259 238 
585 218 197 
586 218 196 
420 258 322 
585 298 117 
504 256 240 
467 234 299 
545 217 238 
581 231 188 
538 288 174 
554 247 199 
554 252 194 
520 192 288 
608 201 191 
524 257 219 
527 257 216 
536 294 170 
532 266 202 
518 232 250 
568 213 219 
515 260 225 
495 225 280 
460 265 275 
554 256 190 
544 241 215 
482 267 251 
507 232 261 
533 249 218 
482 262 256 
482 207 311 
441 248 311 
541 253 206 
548 191 261 
482 273 245 
507 246 247 
609 202 189 
560 210 230 
550 260 190 
565 211 224 
537 276 187 
639 230 131 
524 278 198 
600 272 128 
507 230 263 
528 216 256 
616 216 168 
554 261 185 
606 214 180 
582 244 174 
488 264 248 
646 204 150 
482 236 282 
520 249 231 
510 210 280 
623 243 134 
571 229 200 
512 266 222 
553 246 201 
574 242 184 
452 262 286 
508 239 253 
443 225 332 
492 250 258 
473 256 271 
561 245 194 
580 257 163 
541 261 198 
507 297 196 
484 271 245 
479 328 193 
692 217 91 
517 260 223 
576 230 194 
543 220 237 
523 293 184 
632 229 139 
546 266 188 
630 218 152 
526 227 247 
513 274 213 
486 223 291 
500 280 220 
583 261 156 
536 262 202 
467 188 345 
535 242 223 
538 274 188 
509 249 242 
484 269 247 
486 227 287 
503 229 268 
520 257 223 
512 324 164 
527 265 208 
470 239 291 
537 242 221 
562 226 212 
552 240 208 
490 176 334 
478 264 258 
513 248 239 
472 226 302 
581 201 218 
680 192 128 
451 326 223 
552 268 180 
577 260 163 
559 242 199 
684 185 131 
562 264 174 
560 255 185 
626 226 148 
539 264 197 
523 226 251 
542 226 232 
605 221 174 
512 261 227 
528 257 215 
610 239 151 
607 270 123 
541 263 196 
493 287 220 
531 247 222 
561 171 268 
493 276 231 
551 215 234 
599 214 187 
613 275 112 
501 219 280 
462 241 297 
500 316 184 
531 206 263 
579 255 166 
447 262 291 
467 318 215 
557 238 205 
525 237 238 
445 206 349 
560 239 201 
544 279 177 
500 295 205 
581 221 198 
486 251 263 
546 272 182 
510 246 244 
645 183 172 
612 247 141 
536 254 210 
500 256 244 
509 253 238 
399 281 320 
507 225 268 
560 258 182 
477 305 218 
461 293 246 
490 198 312 
464 235 301 
503 303 194 
550 227 223 
584 263 153 
518 270 212 
569 262 169 
601 205 194 
513 239 248 
580 234 186 
485 268 247 
524 265 211 
468 217 315 
549 243 208 
540 275 185 
465 280 255 
462 240 298 
486 191 323 
470 227 303 
540 264 196 
498 277 225 
589 252 159 
569 192 239 
458 244 298 
492 282 226 
523 258 219 
505 287 208 
560 209 231 
588 254 158 
483 237 280 
541 250 209 
599 257 144 
478 257 265 
537 258 205 
509 253 238 
464 229 307 
536 312 152 
440 285 275 
558 198 244 
530 239 231 
522 238 240 
554 270 176 
486 240 274 
481 253 266 
533 270 197 
525 285 190 
499 309 192 
480 295 225 
489 220 291 
546 281 173 
532 267 201 
540 271 189 
546 252 202 
583 221 196 
498 308 194 
553 255 192 
467 291 242 
569 231 200 
473 208 319 
561 180 259 
484 308 208 
555 251 194 
455 287 258 
434 255 311 
647 186 167 
656 214 130 
579 194 227 
532 219 249 
594 239 167 
547 244 209 
525 274 201 
489 299 212 
596 256 148 
597 255 148 
434 279 287 
438 231 331 
560 239 201 
576 285 139 
483 257 260 
552 241 207 
579 253 168 
555 221 224 
564 224 212 
572 189 239 
542 285 173 
530 249 221 
509 282 209 
669 211 120 
439 209 352 
482 284 234 
542 298 160 
500 283 217 
502 272 226 
493 269 238 
533 221 246 
536 193 271 
567 255 178 
568 283 149 
570 235 195 
564 244 192 
447 226 327 
542 290 168 
511 251 238 
554 247 199 
573 230 197 
535 284 181 
591 236 173 
400 196 404 
578 244 178 
546 292 162 
555 281 164 
533 218 249 
524 219 257 
606 199 195 
490 258 252 
544 200 256 
464 228 308 
558 244 198 
483 307 210 
556 228 216 
525 301 174 
553 220 227 
532 221 247 
563 259 178 
557 258 185 
536 221 243 
532 240 228 
472 289 239 
532 243 225 
621 244 135 
577 189 234 
560 230 210 
590 239 171 
470 269 261 
633 217 150 
601 247 152 
596 227 177 
587 239 174 
558 249 193 
566 245 189 
449 266 285 
541 222 237 
543 255 202 
518 289 193 
523 251 226 
530 256 214 
515 246 239 
564 208 228 
557 222 221 
488 272 240 
519 243 238 
478 207 315 
491 216 293 
508 254 238 
540 259 201 
532 219 249 
575 230 195 
505 260 235 
554 210 236 
552 217 231 
487 262 251 
481 312 207 
522 257 221 
544 251 205 
527 259 214 
569 240 191 
598 229 173 
493 255 252 
484 237 279 
501 249 250 
565 204 231 
562 215 223 
614 162 224 
479 265 256 
618 230 152 
502 272 226 
618 253 129 
494 249 257 
570 204 226 
537 238 225 
516 265 219 
591 268 141 
594 238 168 
497 269 234 
502 233 265 
538 259 203 
611 227 162 
486 320 194 
467 253 280 
431 221 348 
470 263 267 
478 208 314 
597 215 188 
537 269 194 
599 250 151 
495 282 223 
514 241 245 
472 251 277 
428 277 295 
606 212 182 
488 281 231 
516 301 183 
552 205 243 
596 258 146 
608 239 153 
622 232 146 
507 277 216 
447 275 278 
472 291 237 
598 221 181 
505 236 259 
588 192 220 
528 196 276 
539 201 260 
518 273 209 
517 269 214 
576 224 200 
508 272 220 
438 303 259 
492 278 230 
585 231 184 
524 262 214 
532 235 233 
458 191 351 
570 233 197 
445 256 299 
511 216 273 
552 255 193 
483 290 227 
527 280 193 
526 193 281 
515 282 203 
526 234 240 
648 175 177 
583 220 197 
566 277 157 
529 263 208 
516 260 224 
522 268 210 
610 187 203 
561 260 179 
553 226 221 
479 201 320 
567 187 246 
453 292 255 
582 246 172 
430 233 337 
486 264 250 
547 258 195 
539 244 217 
543 292 165 
556 232 212 
551 263 186 
548 261 191 
544 255 201 
416 283 301 
544 262 194 
588 219 193 
529 255 216 
507 273 220 
583 204 213 
529 224 247 
545 190 265 
556 216 228 
569 235 196 
491 251 258 
435 287 278 
511 260 229 
501 251 248 
469 267 264 
503 273 224 
571 226 203 
525 273 202 
515 237 248 
567 192 241 
507 224 269 
552 226 222 
573 224 203 
446 277 277 
570 320 110 
511 293 196 
604 212 184 
507 297 196 
474 305 221 
521 255 224 
509 289 202 
519 301 180 
529 239 232 
467 210 323 
516 233 251 
611 230 159 
508 277 215 
549 227 224 
534 207 259 
543 241 216 
512 252 236 
447 273 280 
481 217 302 
583 246 171 
543 224 233 
509 304 187 
578 275 147 
509 205 286 
505 291 204 
517 254 229 
502 282 216 
506 229 265 
599 251 150 
510 241 249 
543 318 139 
560 241 199 
499 262 239 
504 290 206 
533 251 216 
582 226 192 
486 240 274 
455 252 293 
527 263 210 
637 230 133 
533 270 197 
540 199 261 
420 260 320 
499 248 253 
474 234 292 
574 223 203 
585 176 239 
501 288 211 
511 266 223 
524 228 248 
580 271 149 
468 256 276 
562 210 228 
514 231 255 
556 245 199 
497 290 213 
508 262 230 
574 229 197 
602 225 173 
572 256 172 
478 256 266 
646 221 133 
534 256 210 
541 270 189 
504 219 277 
511 265 224 
608 264 128 
550 227 223 
469 258 273 
443 279 278 
561 253 186 
500 276 224 
589 249 162 
502 267 231 
490 261 249 
486 296 218 
525 227 248 
456 312 232 
485 256 259 
571 222 207 
524 277 199 
466 256 278 
518 240 242 
579 273 148 
523 304 173 
612 227 161 
522 281 197 
563 296 141 
424 198 378 
512 208 280 
484 290 226 
542 215 243 
512 260 228 
533 247 220 
491 253 256 
666 227 107 
526 267 207 
518 242 240 
498 310 192 
533 218 249 
460 258 282 
506 290 204 
499 270 231 
544 290 166 
544 244 212 
471 278 251 
473 264 263 
497 270 233 
562 265 173 
592 252 156 
456 229 315 
526 236 238 
509 250 241 
470 288 242 
501 244 255 
596 244 160 
577 261 162 
495 223 282 
472 267 261 
581 240 179 
554 254 192 
528 239 233 
570 227 203 
506 274 220 
454 260 286 
506 247 247 
530 260 210 
562 252 186 
515 268 217 
523 250 227 
547 260 193 
521 279 200 
528 281 191 
507 287 206 
472 255 273 
521 251 228 
508 225 267 
554 271 175 
566 213 221 
479 228 293 
556 272 172 
543 225 232 
457 268 275 
513 241 246 
532 231 237 
518 261 221 
456 266 278 
495 277 228 
439 238 323 
558 190 252 
496 259 245 
470 351 179 
572 275 153 
592 202 206 
599 250 151 
589 213 198 
472 267 261 
485 212 303 
410 280 310 
556 285 159 
529 261 210 
554 220 226 
599 253 148 
553 232 215 
524 267 209 
498 190 312 
576 213 211 
570 269 161 
469 303 228 
552 263 185 
471 256 273 
599 269 132 
554 315 131 
482 276 242 
572 220 208 
523 279 198 
480 231 289 
471 279 250 
528 265 207 
508 316 176 
440 223 337 
524 155 321 
518 219 263 
539 263 198 
477 243 280 
463 274 263 
531 255 214 
625 173 202 
548 248 204 
517 239 244 
529 199 272 
512 230 258 
522 234 244 
509 213 278 
560 260 180 
628 211 161 
540 233 227 
480 293 227 
487 252 261 
507 220 273 
511 240 249 
480 248 272 
547 273 180 
518 266 216 
516 222 262 
558 219 223 
523 246 231 
458 270 272 
503 239 258 
528 282 190 
526 269 205 
569 198 233 
568 243 189 
527 318 155 
604 214 182 
