0 50 43 
0 156 41 
0 112 14 
0 107 20 
0 129 60 
0 110 23 
0 97 17 
0 95 38 
0 104 10 
0 89 7 
0 163 22 
0 138 17 
0 147 34 
0 115 38 
0 78 85 
0 108 87 
0 101 40 
0 67 79 
0 153 74 
0 94 57 
0 113 32 
0 157 77 
0 128 30 
0 127 20 
0 125 35 
0 46 47 
0 117 23 
0 163 49 
0 110 50 
0 141 46 
0 118 39 
0 101 37 
0 148 16 
0 176 9 
0 97 55 
0 114 29 
0 114 16 
0 80 43 
0 120 66 
0 121 37 
0 157 29 
0 79 23 
0 129 8 
0 146 45 
0 47 36 
0 145 43 
0 101 78 
0 77 69 
0 111 33 
0 114 9 
0 143 48 
0 123 16 
0 143 17 
0 98 38 
0 162 21 
0 135 77 
0 115 70 
0 74 56 
0 109 49 
0 149 73 
0 135 62 
0 92 34 
0 92 32 
0 150 16 
0 161 6 
0 112 93 
0 90 12 
0 106 32 
0 89 43 
0 105 26 
0 114 56 
0 124 42 
0 144 24 
0 129 13 
0 158 8 
0 91 37 
0 148 44 
0 123 14 
0 101 39 
0 138 34 
0 88 45 
0 114 65 
0 85 24 
0 118 62 
0 71 44 
0 112 22 
0 131 14 
0 90 93 
0 127 35 
0 104 31 
0 112 45 
0 147 21 
0 97 59 
0 111 69 
0 141 55 
0 144 38 
0 121 41 
0 74 83 
0 130 68 
0 101 45 
0 86 21 
0 107 9 
0 160 41 
0 156 21 
0 113 28 
0 110 70 
0 115 105 
0 128 21 
0 126 66 
0 126 16 
0 140 57 
0 111 20 
0 110 37 
0 132 29 
0 128 20 
0 109 30 
0 136 44 
0 76 67 
0 71 21 
0 123 43 
0 147 24 
0 85 99 
0 74 51 
0 125 31 
0 103 46 
0 130 51 
0 84 17 
0 94 35 
0 96 37 
0 111 56 
0 112 34 
0 114 30 
0 134 35 
0 77 13 
0 134 121 
0 86 51 
0 113 24 
0 150 35 
0 85 34 
0 143 29 
0 102 11 
0 159 10 
0 90 9 
0 142 32 
0 150 65 
0 112 79 
0 105 42 
0 86 29 
0 107 46 
0 90 10 
0 115 27 
0 117 37 
0 168 34 
0 128 8 
0 171 33 
0 83 21 
0 121 58 
0 124 65 
0 118 62 
0 99 22 
0 128 12 
0 122 18 
0 92 50 
0 147 12 
0 61 92 
0 121 35 
0 100 36 
0 119 37 
0 90 36 
0 142 13 
0 136 29 
0 109 32 
0 127 57 
0 136 27 
0 116 90 
0 107 47 
0 86 29 
0 73 31 
0 77 83 
0 142 30 
0 126 42 
0 127 73 
0 101 19 
0 100 12 
0 124 30 
0 116 72 
0 103 19 
0 100 58 
0 147 78 
0 104 33 
0 157 40 
0 82 65 
0 92 9 
0 76 35 
0 163 44 
0 101 22 
0 93 29 
0 168 24 
0 86 54 
0 114 33 
0 116 84 
0 119 53 
0 91 28 
0 73 44 
0 92 33 
0 103 41 
0 123 30 
0 83 67 
0 114 28 
0 83 54 
0 124 30 
0 154 17 
0 100 15 
0 102 50 
0 127 27 
0 100 68 
0 115 43 
0 141 7 
0 105 107 
0 89 55 
0 141 39 
0 102 41 
0 104 64 
0 156 74 
0 110 65 
0 96 18 
0 95 52 
0 119 29 
0 154 9 
0 171 21 
0 124 54 
0 143 59 
0 138 3 
0 96 28 
0 73 35 
0 95 81 
0 84 34 
0 184 43 
0 82 94 
0 109 38 
0 79 18 
0 151 27 
0 105 29 
0 119 63 
0 97 81 
0 100 66 
0 132 32 
0 150 52 
0 180 32 
0 91 32 
0 117 39 
0 161 33 
0 77 32 
0 69 118 
0 86 57 
0 157 24 
0 103 35 
0 108 40 
0 106 39 
0 154 70 
0 120 48 
0 80 61 
0 134 76 
0 97 19 
0 143 22 
0 92 1 
0 68 21 
0 110 56 
0 146 56 
0 135 81 
0 102 15 
0 138 29 
0 101 34 
0 107 30 
0 103 32 
0 62 35 
0 99 20 
0 132 23 
0 113 66 
0 55 27 
0 128 78 
0 111 9 
0 129 31 
0 89 74 
0 89 29 
0 117 61 
0 117 56 
0 98 33 
0 149 59 
0 161 46 
0 117 7 
0 101 122 
0 97 48 
0 110 15 
0 137 11 
0 153 30 
0 99 18 
0 172 59 
0 162 26 
0 149 72 
0 107 89 
0 40 13 
0 129 23 
0 127 35 
0 120 53 
0 140 29 
0 78 30 
0 131 18 
0 73 54 
0 139 42 
0 103 25 
0 141 82 
0 167 72 
0 118 35 
0 166 38 
0 163 26 
0 91 41 
0 110 27 
0 171 8 
0 145 41 
0 84 52 
0 82 54 
0 125 9 
0 130 19 
0 202 19 
0 108 15 
0 99 38 
0 99 66 
0 151 51 
0 124 20 
0 83 11 
0 135 20 
0 104 64 
0 111 40 
0 102 39 
0 116 65 
0 109 23 
0 105 21 
0 181 72 
0 145 15 
0 105 12 
0 102 113 
0 184 92 
0 95 26 
0 90 47 
0 107 50 
0 99 49 
0 150 90 
0 87 39 
0 59 65 
0 107 45 
0 100 21 
0 104 12 
0 154 81 
0 123 55 
0 84 18 
0 105 57 
0 89 55 
0 165 36 
0 147 15 
0 143 35 
0 109 61 
0 162 29 
0 144 22 
0 98 36 
0 82 22 
0 116 43 
0 94 132 
0 121 62 
0 137 24 
0 28 11 
0 100 76 
0 139 75 
0 98 92 
0 172 69 
0 184 81 
0 131 42 
0 96 38 
0 175 25 
0 149 49 
0 115 25 
0 121 67 
0 103 16 
0 131 20 
0 133 29 
0 94 87 
0 92 69 
0 118 20 
0 68 24 
0 135 23 
0 149 22 
0 95 27 
0 168 56 
0 122 60 
0 154 57 
0 102 67 
0 91 52 
0 195 13 
0 77 15 
0 116 19 
0 103 25 
0 94 15 
0 108 21 
0 99 25 
0 132 21 
0 189 43 
0 101 23 
0 130 32 
0 80 44 
0 189 51 
0 153 72 
0 134 32 
0 141 36 
0 141 11 
0 104 28 
0 174 37 
0 84 34 
0 124 68 
0 59 16 
0 200 18 
0 131 22 
0 91 63 
0 88 131 
0 138 84 
0 142 31 
0 119 1 
0 76 87 
0 172 40 
0 67 45 
0 116 20 
0 94 62 
0 135 48 
0 148 10 
0 124 53 
0 148 25 
0 78 32 
0 153 9 
0 108 54 
0 93 26 
0 150 21 
0 77 11 
0 59 28 
0 123 55 
0 140 30 
0 96 72 
0 96 53 
0 99 53 
0 71 55 
0 142 138 
0 99 61 
0 118 31 
0 108 13 
0 155 21 
0 90 84 
0 136 28 
0 217 7 
0 167 35 
0 81 67 
0 95 44 
0 97 19 
0 123 10 
0 162 62 
0 173 30 
0 112 14 
0 127 42 
0 124 27 
0 206 14 
0 97 21 
0 135 59 
0 185 42 
0 95 36 
0 126 11 
0 57 28 
0 70 68 
0 105 20 
0 69 71 
0 95 19 
0 132 54 
0 73 11 
0 125 47 
0 117 57 
0 95 63 
0 82 40 
0 111 26 
0 116 17 
0 86 21 
0 131 30 
0 102 67 
0 89 43 
0 103 71 
0 129 14 
0 95 44 
0 212 110 
0 186 43 
0 101 28 
0 123 33 
0 100 21 
0 104 24 
0 143 8 
0 105 82 
0 63 79 
0 77 5 
0 154 83 
0 80 27 
0 91 47 
0 109 23 
0 87 79 
0 187 44 
0 105 44 
0 117 43 
0 110 17 
0 40 23 
0 139 33 
0 78 14 
0 108 4 
0 166 56 
0 110 42 
0 105 43 
0 40 20 
0 93 35 
0 62 58 
0 140 79 
0 116 14 
0 167 12 
0 163 23 
0 159 18 
0 59 41 
0 68 65 
0 128 73 
0 100 37 
0 92 33 
0 142 18 
0 158 20 
0 108 50 
0 76 111 
0 98 52 
0 129 21 
0 72 34 
0 93 42 
0 113 29 
0 100 33 
0 107 52 
0 109 10 
0 135 18 
0 130 13 
0 157 1 
0 81 37 
0 97 60 
0 118 18 
0 64 69 
0 134 27 
0 114 21 
0 92 63 
0 121 31 
0 90 26 
0 122 3 
0 131 17 
0 87 54 
0 70 8 
0 154 14 
0 68 65 
0 101 26 
0 177 19 
0 161 41 
0 82 80 
0 100 17 
0 58 67 
0 79 18 
0 103 42 
0 85 27 
0 145 15 
0 117 12 
0 126 35 
0 134 43 
0 111 96 
0 97 52 
0 127 95 
0 163 40 
0 171 18 
0 44 16 
0 89 6 
0 136 54 
0 95 8 
0 115 20 
0 92 8 
0 75 61 
0 67 24 
0 111 46 
0 139 16 
0 140 24 
0 109 58 
0 85 4 
0 113 21 
0 107 65 
0 112 37 
0 89 18 
0 146 40 
0 98 38 
0 95 50 
0 129 12 
0 104 90 
0 71 27 
0 155 38 
0 100 57 
0 125 56 
0 90 33 
0 90 41 
0 95 18 
0 67 40 
0 111 10 
0 110 6 
0 93 20 
0 121 65 
0 133 12 
0 135 32 
0 101 60 
0 91 52 
0 118 63 
0 146 67 
0 117 38 
0 101 37 
0 118 74 
0 146 72 
0 123 65 
0 110 20 
0 76 20 
0 84 14 
0 145 26 
0 103 23 
0 132 51 
0 121 32 
0 138 124 
0 115 34 
0 75 22 
0 110 28 
0 172 37 
0 161 4 
0 131 45 
0 96 18 
0 115 32 
0 108 20 
0 112 27 
0 121 15 
0 150 20 
0 70 19 
0 181 62 
0 86 5 
0 138 14 
0 148 27 
0 121 57 
0 77 42 
0 97 17 
0 127 7 
0 167 8 
0 74 80 
0 50 1 
0 121 42 
0 91 42 
0 141 50 
0 101 53 
0 100 16 
0 75 28 
0 135 15 
0 99 35 
0 134 74 
0 125 50 
0 111 34 
0 117 52 
0 127 61 
0 125 13 
0 91 18 
0 105 26 
0 133 47 
0 119 17 
0 113 58 
0 72 44 
0 140 15 
0 158 5 
0 123 87 
0 94 13 
0 130 25 
0 114 17 
0 130 15 
0 104 42 
0 102 28 
0 118 15 
0 143 51 
0 72 9 
0 53 136 
0 159 95 
0 73 86 
0 89 54 
0 107 71 
0 127 44 
0 53 46 
0 120 51 
0 150 36 
0 120 47 
0 124 26 
0 129 56 
0 66 37 
0 108 19 
0 128 38 
0 148 52 
0 88 28 
0 102 28 
0 71 25 
0 124 68 
0 110 20 
0 181 24 
0 80 73 
0 99 43 
0 127 7 
0 99 44 
0 126 20 
0 107 9 
0 106 17 
0 169 22 
0 121 62 
0 176 33 
0 115 44 
0 130 49 
0 132 43 
0 145 80 
0 118 35 
0 111 61 
0 96 25 
0 154 34 
0 164 22 
0 102 61 
0 85 34 
0 102 97 
0 64 41 
0 138 72 
0 67 44 
0 93 75 
0 63 31 
0 81 56 
0 159 32 
0 116 44 
0 91 65 
0 93 43 
0 116 50 
0 103 42 
0 123 20 
0 129 8 
0 145 32 
0 128 40 
0 139 23 
0 137 59 
0 100 30 
0 117 35 
0 96 74 
0 104 29 
0 80 51 
0 146 21 
0 123 19 
0 102 43 
0 88 81 
0 75 46 
0 114 21 
0 186 51 
0 87 51 
0 66 42 
0 117 30 
0 108 27 
0 139 11 
0 195 45 
0 122 29 
0 120 41 
0 147 23 
0 119 19 
0 197 33 
0 161 21 
0 122 19 
0 142 46 
0 126 4 
0 145 15 
0 111 24 
0 90 26 
0 135 28 
0 109 49 
0 122 13 
0 101 16 
0 105 22 
0 138 21 
0 133 42 
0 91 42 
0 107 33 
0 115 57 
0 174 25 
0 112 18 
0 110 59 
0 171 28 
0 119 10 
0 121 39 
0 100 36 
0 66 18 
0 147 45 
0 81 38 
0 129 36 
0 88 44 
0 167 42 
0 78 51 
0 134 77 
0 112 61 
0 86 40 
0 158 19 
0 100 1 
0 134 19 
0 118 82 
0 152 38 
0 136 28 
0 86 27 
0 132 35 
0 109 56 
0 87 47 
0 95 27 
0 102 12 
0 116 40 
0 88 20 
0 122 11 
0 74 51 
0 102 11 
0 144 15 
0 115 7 
0 108 30 
0 118 45 
0 91 34 
0 134 40 
0 134 24 
0 134 58 
0 105 28 
0 92 13 
0 140 33 
0 124 50 
0 114 32 
0 122 33 
0 131 9 
0 102 31 
0 85 15 
0 93 24 
0 124 35 
0 173 34 
0 105 37 
0 138 13 
0 105 92 
0 144 72 
0 148 38 
0 100 24 
0 139 89 
0 94 24 
0 79 23 
0 138 47 
0 111 21 
0 143 16 
0 75 45 
0 136 21 
0 105 32 
0 63 16 
0 119 36 
0 88 31 
0 79 37 
0 108 49 
0 83 41 
0 93 53 
0 78 105 
0 49 19 
0 122 32 
0 130 48 
0 54 47 
0 109 20 
0 129 17 
0 156 53 
0 65 27 
0 60 50 
0 126 41 
0 170 21 
0 104 56 
0 116 39 
0 116 36 
0 133 41 
0 134 11 
0 109 36 
0 84 32 
0 84 43 
0 62 4 
0 78 39 
0 116 32 
0 60 67 
0 106 27 
0 152 12 
0 97 16 
0 113 94 
0 80 29 
0 110 52 
0 118 14 
0 126 17 
0 78 45 
0 88 18 
0 82 106 
0 143 32 
0 137 40 
0 129 21 
0 150 34 
0 174 34 
0 146 27 
0 104 36 
0 146 20 
0 89 30 
0 102 23 
0 137 20 
0 88 61 
0 176 11 
0 109 15 
0 135 30 
0 100 67 
0 122 72 
0 122 30 
0 98 39 
0 110 20 
0 87 84 
0 153 95 
0 110 66 
0 90 5 
0 101 65 
0 88 31 
0 91 13 
0 149 17 
0 170 44 
0 136 26 
0 85 91 
0 65 9 
0 143 34 
0 105 26 
0 106 19 
0 116 17 
0 125 66 
0 142 24 
0 102 39 
0 144 30 
0 160 9 
0 120 7 
0 120 19 
0 118 32 
0 97 21 
0 100 57 
0 133 55 
0 126 37 
0 80 69 
0 73 67 
0 86 30 
0 163 74 
0 79 102 
0 71 54 
0 82 35 
0 141 34 
0 69 33 
0 59 18 
0 107 41 
0 87 90 
0 138 68 
0 141 23 
0 135 73 
0 126 87 
0 130 7 
0 106 58 
0 151 36 
0 126 29 
0 182 43 
0 100 69 
0 161 68 
0 101 57 
0 95 77 
0 68 53 
0 120 61 
0 98 32 
0 110 61 
0 126 36 
0 119 27 
0 93 28 
0 92 23 
0 104 45 
0 172 75 
0 165 41 
0 93 46 
0 102 46 
0 131 27 
0 114 6 
0 127 50 
0 90 25 
0 72 83 
0 145 48 
0 73 41 
0 101 99 
0 111 50 
0 165 10 
0 83 36 
0 108 86 
0 109 37 
