0 121 47 
0 129 121 
0 136 26 
0 137 46 
0 131 60 
0 107 5 
0 154 54 
0 120 48 
0 183 96 
0 80 41 
0 43 10 
0 96 13 
0 116 41 
0 134 20 
0 78 9 
0 66 18 
0 98 18 
0 84 13 
0 76 52 
0 88 39 
0 195 49 
0 67 25 
0 173 24 
0 124 31 
0 122 29 
0 152 3 
0 122 21 
0 107 58 
0 146 17 
0 96 27 
0 127 33 
0 125 15 
0 106 19 
0 94 28 
0 157 9 
0 76 36 
0 127 77 
0 161 66 
0 102 56 
0 87 5 
0 133 15 
0 94 45 
0 119 34 
0 112 30 
0 103 21 
0 123 70 
0 156 60 
0 128 46 
0 91 85 
0 118 25 
0 152 12 
0 95 67 
0 105 22 
0 88 53 
0 77 13 
0 93 11 
0 117 31 
0 159 39 
0 134 45 
0 121 65 
0 103 31 
0 136 27 
0 112 54 
0 116 53 
0 73 53 
0 64 49 
0 134 29 
0 96 63 
0 94 28 
0 98 45 
0 105 54 
0 131 25 
0 100 42 
0 147 40 
0 89 16 
0 111 104 
0 120 61 
0 148 35 
0 120 30 
0 86 71 
0 89 68 
0 132 70 
0 49 16 
0 94 33 
0 70 28 
0 94 31 
0 109 31 
0 80 12 
0 120 54 
0 134 20 
0 119 40 
0 74 26 
0 107 67 
0 88 46 
0 163 79 
0 128 59 
0 112 41 
0 153 46 
0 155 32 
0 141 39 
0 153 51 
0 170 34 
0 130 78 
0 118 34 
0 104 54 
0 119 39 
0 75 89 
0 83 35 
0 162 54 
0 84 63 
0 74 34 
0 112 18 
0 142 12 
0 159 46 
0 96 23 
0 119 59 
0 137 50 
0 162 11 
0 144 134 
0 108 55 
0 171 21 
0 130 30 
0 95 55 
0 115 67 
0 57 35 
0 89 45 
0 125 38 
0 111 37 
0 169 59 
0 139 62 
0 100 37 
0 147 67 
0 85 46 
0 166 30 
0 128 73 
0 116 79 
0 152 59 
0 139 18 
0 141 29 
0 150 38 
0 152 29 
0 125 48 
0 82 29 
0 94 55 
0 153 23 
0 92 27 
0 100 34 
0 133 32 
0 118 5 
0 129 5 
0 77 19 
0 98 8 
0 100 43 
0 132 19 
0 131 95 
0 94 88 
0 88 44 
0 117 101 
0 158 26 
0 130 57 
0 102 29 
0 136 41 
0 107 59 
0 87 22 
0 100 10 
0 116 12 
0 135 8 
0 55 37 
0 104 50 
0 136 13 
0 104 57 
0 135 74 
0 118 131 
0 118 78 
0 122 21 
0 108 27 
0 74 25 
0 115 55 
0 106 51 
0 125 33 
0 150 31 
0 110 24 
0 77 13 
0 97 68 
0 128 31 
0 156 23 
0 70 36 
0 97 73 
0 93 41 
0 99 6 
0 152 10 
0 92 51 
0 143 38 
0 133 7 
0 122 23 
0 69 80 
0 159 18 
0 106 11 
0 136 19 
0 95 82 
0 92 35 
0 97 37 
0 126 23 
0 120 36 
0 120 92 
0 103 47 
0 70 55 
0 152 18 
0 130 55 
0 170 30 
0 92 50 
0 132 21 
0 123 125 
0 83 36 
0 103 16 
0 182 59 
0 138 24 
0 113 23 
0 140 53 
0 119 26 
0 176 49 
0 154 35 
0 128 26 
0 75 41 
0 95 68 
0 88 71 
0 134 65 
0 135 25 
0 153 31 
0 96 16 
0 83 24 
0 113 68 
0 133 29 
0 132 49 
0 77 71 
0 146 36 
0 96 45 
0 143 44 
0 120 31 
0 148 23 
0 79 49 
0 88 42 
0 106 26 
0 122 30 
0 115 35 
0 120 36 
0 103 30 
0 100 20 
0 146 63 
0 102 21 
0 156 16 
0 103 8 
0 133 14 
0 157 102 
0 107 15 
0 118 60 
0 113 31 
0 135 16 
0 160 39 
0 95 45 
0 115 51 
0 118 72 
0 121 18 
0 124 106 
0 134 14 
0 112 43 
0 109 26 
0 97 128 
0 129 38 
0 89 51 
0 130 69 
0 139 13 
0 104 57 
0 106 89 
0 142 63 
0 91 10 
0 68 28 
0 66 12 
0 155 62 
0 99 59 
0 82 47 
0 160 29 
0 99 49 
0 82 99 
0 123 41 
0 95 92 
0 94 28 
0 163 15 
0 148 7 
0 109 53 
0 188 31 
0 132 22 
0 105 37 
0 83 15 
0 125 10 
0 81 50 
0 135 17 
0 114 68 
0 128 24 
0 118 29 
0 88 21 
0 124 54 
0 119 51 
0 46 33 
0 170 25 
0 119 27 
0 106 3 
0 156 42 
0 127 91 
0 66 95 
0 91 64 
0 135 51 
0 166 37 
0 158 20 
0 84 62 
0 170 26 
0 92 21 
0 123 65 
0 81 21 
0 121 52 
0 52 39 
0 120 23 
0 116 52 
0 103 28 
0 97 19 
0 138 8 
0 196 18 
0 99 39 
0 96 42 
0 67 35 
0 201 4 
0 158 63 
0 122 22 
0 85 47 
0 122 34 
0 91 12 
0 80 38 
0 78 93 
0 103 11 
0 107 83 
0 58 26 
0 90 35 
0 170 10 
0 160 19 
0 101 50 
0 96 23 
0 70 30 
0 120 25 
0 123 42 
0 68 65 
0 79 25 
0 105 57 
0 135 91 
0 95 56 
0 101 60 
0 99 10 
0 128 23 
0 103 33 
0 125 29 
0 151 21 
0 92 10 
0 120 42 
0 88 15 
0 142 23 
0 72 12 
0 185 36 
0 88 31 
0 155 37 
0 141 29 
0 133 45 
0 127 21 
0 124 48 
0 118 42 
0 84 37 
0 133 62 
0 88 32 
0 82 65 
0 127 25 
0 135 56 
0 92 62 
0 125 41 
0 127 59 
0 128 30 
0 143 23 
0 64 41 
0 94 66 
0 87 25 
0 162 21 
0 121 65 
0 110 28 
0 103 40 
0 118 78 
0 52 27 
0 137 23 
0 180 42 
0 138 36 
0 186 47 
0 123 111 
0 116 52 
0 95 158 
0 60 59 
0 87 46 
0 87 57 
0 125 13 
0 128 19 
0 117 54 
0 127 33 
0 129 16 
0 96 64 
0 137 35 
0 149 36 
0 81 16 
0 135 110 
0 183 33 
0 157 31 
0 99 69 
0 103 32 
0 152 14 
0 119 13 
0 105 36 
0 109 60 
0 115 18 
0 103 30 
0 140 20 
0 116 42 
0 65 50 
0 137 29 
0 84 51 
0 132 37 
0 57 32 
0 107 72 
0 152 32 
0 98 27 
0 89 20 
0 108 51 
0 141 31 
0 103 36 
0 117 38 
0 101 39 
0 88 43 
0 114 16 
0 137 63 
0 109 42 
0 71 14 
0 146 30 
0 153 67 
0 118 8 
0 136 75 
0 132 27 
0 108 33 
0 170 28 
0 109 16 
0 80 51 
0 100 75 
0 80 51 
0 124 27 
0 113 21 
0 105 25 
0 108 30 
0 145 25 
0 165 40 
0 118 15 
0 106 4 
0 161 33 
0 92 57 
0 49 67 
0 88 97 
0 136 53 
0 115 31 
0 95 73 
0 93 63 
0 97 8 
0 129 41 
0 110 39 
0 95 30 
0 86 144 
0 74 37 
0 120 5 
0 98 70 
0 92 42 
0 101 35 
0 127 7 
0 101 87 
0 98 22 
0 143 79 
0 162 28 
0 142 7 
0 137 28 
0 141 19 
0 113 11 
0 188 34 
0 119 18 
0 100 54 
0 124 39 
0 121 3 
0 141 21 
0 142 30 
0 122 32 
0 132 10 
0 74 7 
0 123 50 
0 71 29 
0 112 62 
0 162 61 
0 138 29 
0 73 30 
0 93 68 
0 106 47 
0 137 37 
0 97 11 
0 130 24 
0 107 29 
0 145 16 
0 73 37 
0 117 34 
0 179 23 
0 159 24 
0 124 50 
0 94 44 
0 86 45 
0 124 51 
0 86 30 
0 144 52 
0 104 28 
0 129 7 
0 149 24 
0 67 17 
0 109 38 
0 95 64 
0 140 83 
0 59 35 
0 149 68 
0 87 24 
0 84 90 
0 90 46 
0 84 97 
0 112 10 
0 89 80 
0 111 68 
0 80 28 
0 122 48 
0 194 55 
0 116 21 
0 124 25 
0 88 14 
0 126 59 
0 147 47 
0 137 27 
0 144 66 
0 76 52 
0 72 37 
0 95 33 
0 159 55 
0 121 85 
0 77 36 
0 163 16 
0 89 25 
0 171 15 
0 59 67 
0 186 45 
0 140 9 
0 106 88 
0 143 35 
0 118 86 
0 119 93 
0 66 29 
0 84 20 
0 108 49 
0 134 15 
0 93 17 
0 98 71 
0 154 34 
0 104 26 
0 104 33 
0 128 54 
0 127 32 
0 98 32 
0 124 41 
0 141 28 
0 100 35 
0 134 44 
0 77 57 
0 155 37 
0 161 16 
0 121 30 
0 118 36 
0 128 11 
0 125 27 
0 149 36 
0 84 1 
0 131 58 
0 129 47 
0 145 65 
0 172 52 
0 160 4 
0 115 15 
0 147 18 
0 133 11 
0 91 44 
0 46 25 
0 119 36 
0 96 18 
0 146 18 
0 130 62 
0 114 17 
0 121 39 
0 126 24 
0 104 43 
0 114 30 
0 55 27 
0 116 19 
0 131 19 
0 146 22 
0 132 29 
0 115 33 
0 108 27 
0 90 11 
0 90 14 
0 121 45 
0 73 28 
0 119 38 
0 64 38 
0 102 42 
0 88 65 
0 134 33 
0 137 28 
0 98 92 
0 129 27 
0 75 87 
0 140 21 
0 118 24 
0 93 72 
0 94 51 
0 104 5 
0 142 80 
0 128 40 
0 72 11 
0 145 38 
0 75 25 
0 90 82 
0 128 57 
0 81 36 
0 180 45 
0 134 25 
0 105 7 
0 98 41 
0 100 74 
0 110 47 
0 65 15 
0 160 50 
0 97 39 
0 66 47 
0 112 52 
0 142 27 
0 116 38 
0 139 8 
0 105 20 
0 103 22 
0 125 73 
0 69 15 
0 111 42 
0 86 20 
0 190 23 
0 94 44 
0 158 51 
0 142 34 
0 109 14 
0 100 22 
0 113 15 
0 174 55 
0 115 50 
0 96 7 
0 106 34 
0 72 25 
0 128 46 
0 157 20 
0 110 14 
0 96 99 
0 98 20 
0 76 36 
0 96 24 
0 143 38 
0 89 33 
0 75 27 
0 135 11 
0 102 29 
0 131 43 
0 124 43 
0 115 19 
0 130 46 
0 111 58 
0 125 21 
0 69 0 
0 95 47 
0 98 11 
0 132 12 
0 108 56 
0 123 68 
0 84 35 
0 114 42 
0 150 28 
0 107 14 
0 117 32 
0 115 16 
0 143 71 
0 143 35 
0 126 9 
0 123 34 
0 149 63 
0 95 70 
0 114 8 
0 129 20 
0 124 35 
0 77 40 
0 119 56 
0 61 34 
0 95 94 
0 138 53 
0 72 28 
0 96 44 
0 78 59 
0 92 40 
0 110 67 
0 97 46 
0 151 66 
0 111 43 
0 117 53 
0 78 7 
0 90 37 
0 91 77 
0 172 8 
0 114 71 
0 103 32 
0 163 22 
0 107 133 
0 90 20 
0 114 63 
0 82 63 
0 50 111 
0 86 40 
0 90 13 
0 85 34 
0 104 17 
0 151 37 
0 118 21 
0 159 41 
0 96 6 
0 142 19 
0 122 47 
0 117 18 
0 84 40 
0 95 65 
0 107 12 
0 130 26 
0 112 38 
0 107 10 
0 106 40 
0 78 48 
0 155 11 
0 110 29 
0 124 34 
0 73 74 
0 64 15 
0 153 26 
0 151 23 
0 93 75 
0 119 29 
0 173 15 
0 96 12 
0 91 8 
0 102 47 
0 85 33 
0 153 13 
0 100 55 
0 90 10 
0 128 19 
0 77 28 
0 122 72 
0 109 33 
0 61 71 
0 108 58 
0 71 39 
0 60 3 
0 105 7 
0 116 15 
0 113 80 
0 130 38 
0 145 49 
0 101 11 
0 124 25 
0 115 53 
0 124 68 
0 151 36 
0 259 19 
0 83 41 
0 116 29 
0 137 40 
0 118 33 
0 83 75 
0 106 23 
0 100 23 
0 92 53 
0 155 23 
0 85 50 
0 116 35 
0 127 23 
0 87 35 
0 136 24 
0 127 22 
0 75 37 
0 127 13 
0 87 50 
0 84 46 
0 128 45 
0 64 14 
0 121 63 
0 161 20 
0 124 38 
0 119 112 
0 159 109 
0 102 29 
0 125 31 
0 161 16 
0 106 24 
0 93 35 
0 147 46 
0 110 51 
0 139 31 
0 140 40 
0 85 97 
0 117 81 
0 126 64 
0 116 26 
0 147 31 
0 105 29 
0 119 23 
0 117 53 
0 134 15 
0 125 64 
0 125 59 
0 123 40 
0 119 49 
0 116 35 
0 138 43 
0 119 16 
0 116 44 
0 103 32 
0 88 47 
0 85 28 
0 115 70 
0 125 57 
0 90 28 
0 116 36 
0 94 49 
0 153 19 
0 131 25 
0 129 16 
0 114 36 
0 131 65 
0 147 29 
0 148 31 
0 85 68 
0 155 31 
0 107 80 
0 125 14 
0 101 16 
0 132 76 
0 150 38 
0 102 31 
0 88 32 
0 143 13 
0 126 41 
0 88 20 
0 70 49 
0 117 16 
0 93 24 
0 133 31 
0 155 89 
0 115 24 
0 99 79 
0 68 36 
0 83 20 
0 179 27 
0 157 24 
0 112 77 
0 134 40 
0 83 22 
0 135 34 
0 100 14 
0 106 39 
0 144 83 
0 115 15 
0 116 36 
0 111 57 
0 120 40 
0 77 7 
0 76 88 
0 150 95 
0 125 57 
0 137 64 
0 124 10 
0 113 14 
0 100 49 
0 98 54 
0 95 63 
0 156 26 
0 71 36 
0 104 50 
0 84 18 
0 126 19 
0 117 45 
0 159 30 
0 151 20 
0 141 55 
0 94 0 
0 108 35 
0 60 7 
0 135 47 
0 103 19 
0 71 21 
0 107 23 
0 65 26 
0 137 8 
0 107 58 
0 90 13 
0 85 9 
0 176 49 
0 105 45 
0 129 24 
0 80 25 
0 154 46 
0 116 76 
0 110 74 
0 95 52 
0 118 16 
0 120 68 
0 92 13 
0 139 84 
0 113 24 
0 117 48 
0 139 49 
0 115 16 
0 111 21 
0 99 57 
0 56 37 
0 105 63 
0 126 61 
0 170 43 
0 99 28 
0 108 41 
0 92 32 
0 62 96 
0 124 64 
0 102 66 
0 87 32 
0 78 67 
0 109 71 
0 97 17 
0 86 22 
0 132 35 
0 144 58 
0 129 134 
0 99 69 
0 96 22 
0 125 37 
0 94 94 
0 93 69 
0 93 8 
0 150 35 
0 130 34 
0 69 39 
0 81 49 
0 171 30 
0 110 7 
0 109 33 
0 111 71 
0 177 36 
0 117 45 
0 180 36 
0 89 17 
0 88 42 
0 144 19 
0 116 55 
0 128 14 
0 94 92 
0 125 49 
0 119 31 
0 132 32 
0 110 47 
0 132 21 
0 139 39 
0 98 9 
0 130 45 
0 90 25 
0 149 45 
0 130 86 
0 151 37 
0 138 39 
0 110 23 
0 126 80 
