42 219 45 14 0 
173 204 143 0 0 
123 231 43 0 0 
72 307 147 0 0 
102 259 38 0 0 
178 165 46 0 0 
107 212 107 4 0 
80 250 75 2 0 
152 203 112 0 0 
132 336 126 0 0 
137 286 44 14 0 
191 204 67 1 0 
137 303 19 0 0 
82 316 39 0 0 
52 99 117 0 0 
129 201 45 3 0 
37 334 45 0 0 
125 261 23 0 0 
72 287 1 0 0 
116 171 34 0 0 
137 167 59 0 0 
45 280 37 0 0 
72 258 30 0 0 
114 233 62 0 0 
103 190 7 2 0 
80 185 43 15 0 
69 263 55 0 0 
132 214 46 0 0 
70 305 79 0 0 
106 235 96 0 0 
138 143 42 0 0 
189 213 54 0 0 
65 364 64 0 0 
254 239 27 0 0 
152 143 44 1 0 
89 219 43 0 0 
74 213 60 0 0 
158 323 28 0 0 
93 217 85 0 0 
147 300 34 6 0 
205 187 61 2 0 
196 182 41 0 0 
128 93 44 34 0 
161 267 84 0 0 
155 175 64 0 0 
106 321 34 0 0 
76 148 62 0 0 
113 180 147 0 0 
77 365 26 0 0 
99 202 23 6 0 
103 234 109 0 0 
94 276 33 0 0 
155 202 103 9 0 
114 196 46 0 0 
98 271 41 0 0 
86 277 55 0 0 
157 300 74 0 0 
105 194 57 0 0 
111 191 50 7 0 
200 213 66 0 0 
136 178 55 0 0 
161 265 17 0 0 
130 240 98 0 0 
136 229 40 0 0 
172 196 82 0 0 
93 272 62 0 0 
78 158 116 5 0 
135 268 52 0 0 
172 212 32 0 0 
102 252 58 51 0 
149 266 87 0 0 
72 272 80 0 0 
58 253 53 0 0 
94 214 85 0 0 
148 204 49 0 0 
91 194 107 0 0 
142 179 72 0 0 
200 216 59 0 0 
174 219 40 4 0 
94 234 99 19 0 
83 302 49 0 0 
149 225 67 0 0 
97 150 105 0 0 
153 248 33 0 0 
134 294 40 0 0 
110 214 85 0 0 
202 211 31 1 0 
100 134 126 0 0 
168 172 113 0 0 
157 264 36 0 0 
147 208 66 0 0 
121 360 43 0 0 
104 215 33 0 0 
138 183 80 0 0 
128 107 58 17 0 
176 193 44 0 0 
161 163 27 0 0 
121 152 57 13 0 
95 256 55 0 0 
148 231 37 0 0 
64 171 28 1 0 
69 260 41 0 0 
152 149 70 3 0 
153 257 28 0 0 
162 170 27 1 0 
96 163 81 0 0 
96 192 71 0 0 
179 333 57 0 0 
116 209 52 1 0 
108 179 54 1 0 
106 190 185 0 0 
110 202 34 0 0 
91 313 8 0 0 
197 322 74 0 0 
105 195 25 0 0 
135 200 85 0 0 
122 256 73 0 0 
163 154 56 0 0 
81 120 63 0 0 
129 193 42 8 0 
152 174 20 0 0 
54 189 77 0 0 
121 189 69 0 0 
84 165 89 0 0 
140 201 43 8 0 
57 297 89 0 0 
93 248 74 0 0 
128 279 23 0 0 
130 232 38 0 0 
142 214 25 0 0 
148 257 76 0 0 
91 288 40 6 0 
119 168 78 0 0 
54 213 73 0 0 
182 133 77 0 0 
165 127 35 3 0 
154 207 74 0 0 
98 237 69 1 0 
93 175 96 0 0 
150 177 78 1 0 
85 220 62 0 0 
113 140 83 0 0 
51 236 75 0 0 
150 213 52 0 0 
239 178 57 0 0 
100 236 90 0 0 
60 213 50 0 0 
42 335 15 0 0 
130 262 70 0 0 
174 168 9 0 0 
242 154 137 0 0 
33 309 56 0 0 
55 342 36 0 0 
104 165 42 10 0 
160 238 50 13 0 
65 191 90 0 0 
133 198 45 0 0 
64 299 14 0 0 
43 319 66 0 0 
157 211 29 0 0 
80 243 108 0 0 
154 240 38 1 0 
143 166 35 0 0 
233 209 54 0 0 
113 184 84 0 0 
100 341 38 0 0 
295 201 66 13 0 
84 193 56 1 0 
180 125 43 2 0 
132 229 9 22 0 
73 359 38 7 0 
37 311 125 0 0 
122 196 78 2 0 
137 90 42 0 0 
137 327 36 5 0 
111 255 77 0 0 
125 222 20 0 0 
95 201 28 0 0 
78 295 114 0 0 
144 274 63 0 0 
178 186 67 0 0 
91 220 56 7 0 
78 305 68 0 0 
140 205 71 1 0 
151 217 34 0 0 
107 257 64 0 0 
82 177 42 0 0 
74 263 189 0 0 
60 241 65 1 0 
133 216 40 1 0 
192 267 50 0 0 
121 248 25 0 0 
98 239 37 0 0 
113 225 42 0 0 
163 169 83 0 0 
73 248 28 0 0 
174 197 90 55 0 
120 192 24 0 0 
98 287 88 0 0 
160 177 96 0 0 
165 232 63 0 0 
156 340 26 0 0 
166 213 24 2 0 
84 294 78 0 0 
171 277 25 0 0 
149 297 85 0 0 
44 247 5 0 0 
93 275 97 1 0 
153 175 45 0 0 
115 210 68 0 0 
143 218 78 12 0 
99 135 48 0 0 
108 166 24 0 0 
158 193 101 0 0 
119 255 35 0 0 
48 305 40 0 0 
153 159 14 0 0 
113 241 72 0 0 
82 246 71 0 0 
142 275 38 9 0 
172 285 74 0 0 
124 220 35 0 0 
80 185 67 8 0 
202 228 30 0 0 
207 230 9 2 0 
179 272 17 13 0 
117 309 42 0 0 
112 249 98 0 0 
136 295 66 1 0 
147 133 31 0 0 
105 217 50 0 0 
183 199 53 1 0 
29 261 95 2 0 
125 201 92 2 0 
92 257 83 0 0 
22 253 72 0 0 
264 192 27 0 0 
178 151 46 2 0 
110 239 194 0 0 
124 300 57 0 0 
164 293 32 3 0 
98 239 50 0 0 
171 189 12 0 0 
99 202 24 0 0 
178 163 103 0 0 
111 180 31 0 0 
190 236 62 2 0 
96 221 85 0 0 
85 193 146 3 0 
23 258 56 0 0 
67 176 31 6 0 
227 195 50 16 0 
52 271 58 0 0 
185 141 75 0 0 
188 157 49 8 0 
132 198 24 0 0 
193 296 56 0 0 
92 268 57 0 0 
164 145 38 12 0 
124 285 60 3 0 
137 331 39 0 0 
131 183 48 0 0 
25 203 92 0 0 
125 423 12 0 0 
132 187 46 3 0 
164 207 68 0 0 
75 172 41 0 0 
130 221 27 0 0 
119 153 60 0 0 
137 165 83 0 0 
112 259 62 0 0 
139 125 41 1 0 
136 217 49 1 0 
91 281 121 0 0 
127 227 40 0 0 
154 257 32 7 0 
148 188 15 0 0 
162 158 47 1 0 
102 219 29 0 0 
125 248 36 0 0 
126 277 50 0 0 
98 211 50 6 0 
204 199 43 0 0 
158 312 36 1 0 
60 204 154 0 0 
101 243 16 7 0 
125 228 77 0 0 
74 234 100 33 0 
93 231 53 2 0 
121 249 89 0 0 
55 245 49 0 0 
179 209 56 0 0 
105 247 87 0 0 
89 301 72 2 0 
82 244 21 0 0 
159 272 24 0 0 
130 196 27 0 0 
89 224 67 0 0 
56 301 29 0 0 
83 268 26 0 0 
133 272 102 4 0 
158 301 22 0 0 
128 188 26 0 0 
199 245 45 0 0 
200 196 55 0 0 
212 267 22 0 0 
72 257 88 47 0 
122 244 9 0 0 
129 275 110 0 0 
71 145 100 0 0 
83 278 59 0 0 
111 181 11 23 0 
55 218 84 1 0 
109 203 53 7 0 
77 231 95 0 0 
52 192 61 6 0 
92 251 49 0 0 
118 219 56 0 0 
144 347 41 0 0 
198 190 85 0 0 
160 134 50 0 0 
48 279 103 40 0 
87 265 83 0 0 
90 297 47 0 0 
78 230 42 0 0 
158 137 91 0 0 
92 254 42 0 0 
76 203 35 0 0 
50 240 16 7 0 
214 201 156 0 0 
51 164 111 0 0 
90 176 100 0 0 
113 207 45 0 0 
73 205 55 0 0 
124 161 64 0 0 
188 284 50 0 0 
104 202 15 0 0 
148 225 54 0 0 
105 238 47 0 0 
107 186 84 36 0 
88 311 37 0 0 
184 219 38 3 0 
159 231 25 0 0 
110 178 42 6 0 
121 353 24 0 0 
247 283 12 0 0 
138 303 30 0 0 
44 180 68 0 0 
60 311 80 0 0 
139 223 77 0 0 
104 244 78 0 0 
168 167 53 0 0 
88 206 21 0 0 
79 176 93 0 0 
65 188 65 0 0 
276 220 40 0 0 
94 230 86 1 0 
79 196 55 0 0 
129 148 88 0 0 
167 276 46 0 0 
77 210 71 0 0 
126 160 90 0 0 
94 220 54 0 0 
92 294 61 1 0 
169 227 43 14 0 
150 317 75 0 0 
71 205 102 0 0 
144 162 24 16 0 
184 168 21 0 0 
143 283 51 32 0 
54 253 136 0 0 
69 281 33 0 0 
147 211 42 0 0 
135 198 38 0 0 
111 135 90 0 0 
78 266 21 8 0 
120 226 119 0 0 
204 145 67 10 14 
90 135 73 0 0 
111 216 34 0 0 
87 294 34 0 0 
111 279 77 4 0 
82 221 23 15 0 
78 205 99 0 0 
107 259 65 0 0 
56 192 22 0 0 
120 335 15 0 0 
71 244 55 6 0 
120 228 22 2 0 
209 272 55 0 0 
216 134 107 0 0 
94 300 51 3 0 
140 178 163 0 0 
165 284 20 0 0 
139 215 54 0 0 
44 225 69 24 0 
83 390 68 0 0 
98 260 66 7 0 
110 199 70 0 0 
138 117 55 1 0 
85 218 84 0 0 
107 166 49 2 0 
143 303 55 0 0 
99 272 49 0 0 
174 173 30 0 0 
45 248 49 0 0 
185 222 7 0 0 
167 245 26 0 0 
167 69 103 13 0 
162 158 74 0 0 
89 225 85 8 0 
138 193 84 0 0 
145 262 75 7 0 
102 167 44 0 0 
113 218 53 0 0 
82 213 43 29 0 
90 165 83 0 0 
69 221 99 0 0 
151 181 92 8 0 
247 203 73 0 0 
142 195 34 0 0 
62 207 124 12 0 
103 221 39 0 0 
127 277 30 0 0 
175 192 104 0 0 
127 181 46 0 0 
131 310 54 0 0 
208 167 30 2 0 
123 202 140 0 0 
124 203 65 0 0 
114 286 20 0 0 
252 182 14 0 0 
136 260 43 3 0 
115 303 92 0 0 
105 275 56 0 0 
120 282 26 0 0 
190 251 61 32 0 
180 210 80 0 0 
144 152 53 0 0 
53 172 66 0 0 
147 160 67 0 0 
92 164 99 4 0 
122 207 39 0 0 
101 278 56 0 0 
136 257 55 0 0 
94 211 76 13 0 
146 251 20 0 0 
97 257 28 0 0 
194 145 77 0 0 
186 252 36 0 0 
138 170 75 0 0 
109 167 76 11 0 
70 239 32 0 0 
94 288 21 0 0 
110 275 46 0 0 
86 284 82 0 0 
56 195 91 0 0 
124 188 67 0 0 
169 182 46 0 0 
203 172 53 0 0 
97 169 39 0 0 
179 194 11 0 0 
100 304 13 0 0 
97 228 130 0 0 
175 216 54 0 0 
166 222 62 0 0 
108 149 34 0 0 
102 265 72 0 0 
115 281 73 0 0 
183 274 28 0 0 
113 243 64 0 0 
137 143 71 0 0 
43 317 126 2 0 
202 253 28 2 0 
193 268 49 0 0 
187 246 65 0 0 
152 218 43 0 0 
212 208 38 0 0 
164 226 100 17 0 
74 189 69 0 0 
156 222 82 67 0 
141 316 45 0 0 
96 225 22 0 0 
90 199 29 0 0 
76 321 9 0 0 
127 186 11 0 0 
72 231 52 0 0 
80 295 33 0 0 
64 194 113 1 0 
145 236 34 0 0 
39 232 62 0 0 
142 224 77 0 0 
87 318 15 0 0 
113 255 127 21 0 
149 238 33 0 0 
191 205 115 0 0 
171 190 61 5 0 
116 211 75 0 0 
144 261 21 0 0 
81 240 57 0 0 
205 210 75 0 0 
216 181 5 0 0 
117 211 54 0 0 
114 258 41 19 0 
47 272 64 3 0 
146 290 51 0 0 
111 237 51 0 0 
126 165 55 0 0 
195 245 60 3 0 
60 271 59 1 0 
227 271 49 0 0 
164 189 68 0 0 
280 90 73 5 0 
161 257 51 2 0 
82 196 93 0 0 
78 269 51 0 0 
261 178 92 0 0 
104 246 106 0 0 
116 248 49 0 0 
138 171 42 4 0 
102 216 97 0 0 
107 284 53 0 0 
250 221 46 0 0 
159 258 8 0 0 
65 248 52 0 0 
95 223 139 0 0 
198 300 14 1 0 
167 170 21 0 0 
113 185 75 1 0 
109 190 95 0 0 
146 137 56 6 0 
90 227 133 0 0 
123 298 84 0 0 
109 162 29 2 0 
80 192 59 18 0 
183 95 84 0 0 
170 311 10 9 0 
124 127 53 0 0 
145 174 24 2 0 
150 198 40 4 0 
157 179 74 0 0 
45 354 46 0 0 
131 251 33 8 0 
85 195 96 0 0 
83 218 81 0 0 
122 343 53 0 0 
162 173 73 1 0 
80 258 55 0 0 
116 252 37 0 0 
111 249 11 0 0 
107 334 69 0 0 
125 234 116 11 0 
121 304 76 0 0 
122 229 56 15 0 
121 200 61 0 0 
90 231 75 0 0 
121 214 35 4 0 
63 294 17 4 9 
190 160 70 9 0 
126 261 48 0 0 
51 235 32 1 0 
83 188 47 0 0 
231 226 42 0 0 
99 215 41 19 0 
150 235 36 0 0 
100 155 67 1 0 
126 338 31 1 0 
139 233 68 0 0 
102 233 71 0 0 
137 286 38 12 0 
152 297 40 0 0 
97 272 66 0 0 
142 152 49 0 0 
61 224 90 16 0 
200 291 45 0 0 
104 144 80 0 0 
101 221 45 17 0 
97 157 80 4 0 
95 286 66 1 0 
71 291 30 7 0 
40 332 65 0 0 
118 212 60 0 0 
105 248 99 1 0 
198 295 43 9 0 
98 183 124 0 0 
214 114 61 0 0 
67 206 57 0 0 
47 293 48 2 0 
82 259 81 0 0 
45 257 45 0 0 
150 191 24 0 0 
126 250 67 5 0 
123 256 35 0 0 
106 186 118 0 0 
58 248 50 0 0 
159 213 41 0 0 
95 248 58 0 0 
202 207 23 0 0 
148 156 32 0 0 
116 249 20 0 0 
162 170 134 1 0 
69 229 70 0 0 
136 142 77 0 0 
81 302 71 0 0 
110 220 39 0 0 
157 256 47 0 0 
114 227 24 0 0 
133 204 92 4 0 
120 234 57 0 0 
198 131 87 6 0 
232 228 62 0 0 
105 318 27 0 0 
90 194 96 0 0 
135 244 101 20 0 
139 353 11 10 0 
98 285 77 0 0 
109 188 73 18 0 
108 215 15 0 0 
227 134 89 0 0 
81 225 57 0 0 
164 171 47 3 0 
64 298 35 0 0 
79 359 14 0 0 
192 172 61 0 0 
99 229 28 0 0 
130 128 105 7 0 
33 285 36 12 0 
146 276 78 0 0 
109 317 23 0 0 
107 212 96 6 0 
167 133 102 0 0 
81 182 105 5 0 
57 255 30 10 0 
132 195 44 0 0 
88 296 35 0 0 
209 254 1 0 0 
234 205 28 0 0 
137 199 56 10 0 
53 385 61 0 0 
119 172 67 15 0 
75 233 107 0 0 
161 237 19 0 0 
145 150 142 0 0 
136 185 44 0 0 
52 300 35 1 0 
96 137 101 0 0 
119 228 92 0 0 
191 163 44 1 0 
131 251 45 0 0 
121 210 35 2 0 
80 277 65 0 0 
44 188 58 0 0 
87 279 66 0 0 
127 232 36 1 0 
152 216 84 0 0 
113 284 39 0 0 
145 269 57 0 0 
189 135 46 0 0 
117 184 65 1 0 
116 336 28 0 0 
50 273 94 0 0 
72 269 27 0 0 
233 229 53 0 0 
165 219 48 0 0 
174 153 56 2 0 
60 306 51 0 0 
204 233 52 0 0 
118 226 37 6 0 
160 276 125 0 0 
99 134 33 0 0 
226 115 52 0 0 
62 313 93 1 0 
32 334 109 29 0 
148 174 37 34 0 
132 241 31 1 0 
126 213 52 0 0 
119 204 24 2 0 
164 256 58 0 0 
64 241 49 1 0 
135 202 44 1 0 
168 188 18 60 0 
106 167 48 0 0 
52 230 83 0 0 
103 191 90 0 0 
93 286 74 1 0 
95 222 73 0 0 
58 391 89 0 0 
75 242 95 0 0 
77 292 115 1 0 
35 270 32 0 0 
127 226 53 0 0 
158 361 37 0 0 
143 197 48 0 0 
98 298 119 0 0 
80 224 44 0 0 
82 222 21 0 0 
118 214 57 4 0 
132 194 98 0 0 
181 148 32 21 0 
76 284 70 0 0 
145 264 83 0 0 
135 171 29 0 0 
84 313 31 0 0 
37 221 30 2 0 
103 219 29 0 0 
178 253 87 0 0 
70 118 34 6 0 
45 270 90 10 0 
70 249 33 0 0 
61 249 83 0 0 
93 329 73 3 0 
92 233 31 0 0 
79 287 151 0 0 
122 226 57 0 0 
90 243 84 36 0 
51 293 49 0 0 
133 305 90 0 0 
180 199 22 0 0 
221 201 53 12 0 
144 313 28 0 0 
97 291 37 0 0 
100 413 50 0 0 
197 198 35 0 0 
99 260 35 1 0 
90 263 34 0 0 
90 290 47 0 0 
157 344 25 0 0 
114 222 47 0 0 
122 255 53 0 0 
103 149 101 0 0 
109 235 89 0 0 
134 134 36 0 0 
160 203 25 4 0 
183 207 20 0 0 
122 225 46 0 0 
124 251 36 0 0 
136 177 64 1 0 
40 238 18 0 0 
97 236 13 6 0 
160 175 10 11 0 
104 330 30 0 0 
126 189 50 0 0 
136 336 65 0 0 
138 122 68 5 0 
150 204 79 0 0 
28 214 102 0 0 
120 280 53 3 0 
85 305 43 11 0 
183 187 22 0 0 
65 332 49 0 0 
100 304 55 40 0 
209 194 38 20 0 
173 292 24 15 0 
206 180 104 0 0 
104 156 89 0 0 
253 198 26 0 0 
131 288 105 0 0 
145 256 25 0 0 
120 278 48 4 0 
211 194 70 0 0 
124 213 51 0 0 
152 246 42 2 0 
197 201 61 0 0 
104 223 64 0 0 
119 245 37 0 0 
56 241 111 11 0 
81 272 52 0 0 
193 165 57 1 0 
192 208 55 1 0 
134 197 101 0 0 
87 230 146 0 0 
154 200 100 1 0 
60 141 39 0 0 
111 309 67 0 0 
141 219 112 1 0 
103 225 62 7 0 
49 329 39 2 0 
159 313 35 1 0 
82 223 32 1 0 
56 254 14 0 0 
161 290 25 0 0 
134 176 73 0 0 
142 230 42 0 0 
86 298 77 1 0 
115 215 41 4 0 
151 272 43 0 0 
141 146 31 0 0 
103 288 49 0 0 
77 270 63 0 0 
96 287 37 0 0 
151 234 39 0 0 
128 175 17 14 0 
130 199 103 0 0 
144 220 37 0 0 
131 273 80 0 0 
69 313 113 1 0 
111 200 65 0 0 
296 185 86 0 0 
150 186 46 0 0 
122 258 57 0 0 
165 284 61 0 0 
103 242 56 0 0 
20 183 107 0 0 
150 145 75 0 0 
80 317 42 0 0 
97 341 77 2 0 
94 331 47 9 0 
145 242 40 0 0 
133 279 18 0 0 
166 121 73 1 0 
79 304 71 5 0 
189 194 28 0 0 
168 303 19 7 0 
191 240 33 0 0 
62 291 45 0 0 
72 310 71 0 0 
229 151 41 0 0 
84 185 103 0 0 
146 153 74 0 0 
88 314 22 0 0 
74 229 59 2 0 
22 243 85 0 0 
96 215 41 0 0 
152 229 36 0 0 
71 281 152 1 0 
57 277 41 0 0 
106 181 94 0 0 
106 341 23 0 0 
174 189 42 0 0 
154 294 51 0 0 
103 247 90 1 0 
119 277 76 0 0 
131 225 76 0 0 
199 254 116 0 0 
95 250 79 0 0 
110 294 52 0 0 
69 266 74 0 0 
165 232 46 0 0 
131 188 67 2 0 
208 263 32 0 0 
226 292 25 0 0 
171 216 30 0 0 
65 197 14 0 0 
174 135 41 31 0 
146 132 31 0 0 
115 249 32 1 0 
95 195 26 0 0 
160 207 27 0 0 
131 196 49 0 0 
17 363 53 0 0 
75 298 47 6 0 
108 292 50 0 0 
104 193 77 0 0 
90 282 49 1 0 
107 356 39 0 0 
60 190 34 8 0 
154 243 90 0 0 
112 220 68 0 0 
116 206 84 47 0 
78 200 68 0 0 
159 238 100 35 0 
125 234 96 0 0 
143 232 71 0 0 
80 227 66 0 0 
112 317 111 0 0 
139 233 20 0 0 
242 227 15 0 0 
119 218 68 0 0 
51 314 88 0 0 
193 348 37 0 0 
198 213 61 0 0 
102 316 20 1 0 
90 318 39 0 0 
131 302 25 0 0 
129 216 40 0 0 
133 198 32 0 0 
90 223 43 7 0 
119 305 21 2 0 
109 188 37 1 0 
132 222 33 0 0 
100 236 37 0 0 
75 197 55 22 0 
129 290 65 0 0 
141 242 65 0 0 
133 180 41 0 0 
113 199 72 0 0 
88 224 39 0 0 
96 194 16 2 0 
73 266 13 0 0 
57 338 66 0 0 
83 262 65 1 0 
132 206 23 0 0 
66 331 23 0 0 
76 209 82 0 0 
162 235 28 0 0 
151 228 31 1 0 
219 234 32 1 0 
81 274 36 0 0 
103 289 59 0 0 
80 163 49 2 0 
98 151 58 0 0 
69 220 107 0 0 
95 239 59 0 0 
140 156 104 0 0 
227 130 17 0 0 
115 221 51 0 0 
75 215 131 1 0 
126 147 30 0 0 
38 294 61 0 0 
72 247 46 0 0 
163 295 91 0 0 
86 316 159 3 0 
112 232 51 0 0 
135 144 80 7 0 
81 300 95 23 0 
130 162 64 36 0 
180 194 75 0 0 
82 135 68 0 0 
97 223 64 0 0 
198 178 50 0 0 
109 245 45 0 0 
105 299 109 0 0 
86 220 73 10 0 
28 235 83 0 0 
104 242 80 0 0 
64 219 17 0 0 
124 174 141 0 0 
159 187 33 0 0 
160 196 39 1 0 
107 269 18 5 0 
162 205 111 0 0 
97 245 103 0 0 
94 169 96 0 0 
125 173 21 60 0 
178 205 41 0 0 
124 229 39 0 0 
75 269 16 0 0 
62 330 33 0 0 
122 318 27 0 0 
51 137 67 0 0 
110 319 29 1 0 
84 325 61 1 0 
80 201 65 0 0 
71 281 24 0 0 
169 276 7 1 0 
101 250 19 0 0 
105 298 144 1 0 
57 225 19 0 0 
203 176 65 0 0 
167 210 41 8 0 
149 369 21 9 0 
72 285 80 0 0 
143 286 63 5 0 
84 209 71 0 0 
153 137 81 5 0 
116 165 60 0 0 
64 250 16 0 0 
122 265 91 0 0 
113 377 18 0 0 
109 231 68 0 0 
91 414 36 0 0 
222 253 45 0 0 
232 172 65 0 0 
77 235 53 1 0 
159 264 34 0 0 
158 216 17 1 0 
169 155 98 0 0 
159 188 23 1 0 
136 228 62 0 0 
104 278 45 0 0 
88 255 44 3 0 
102 191 8 1 0 
74 364 20 7 0 
99 299 30 5 0 
124 243 24 11 0 
118 188 24 21 0 
113 141 70 0 0 
68 202 61 37 0 
203 183 56 8 0 
150 266 63 0 0 
67 157 91 18 0 
87 259 17 15 0 
167 264 59 0 0 
131 315 65 0 0 
167 229 27 0 0 
163 188 50 0 0 
121 245 54 0 0 
187 208 43 0 0 
87 203 47 0 0 
74 258 96 0 0 
45 201 35 0 0 
151 146 56 16 0 
137 128 73 0 0 
62 395 19 0 0 
90 336 21 0 0 
198 234 19 0 0 
85 306 96 0 0 
109 171 32 13 0 
173 244 77 20 0 
118 176 46 1 0 
