0 0 507 0 0 
0 0 491 0 0 
0 0 556 0 0 
0 0 684 0 0 
0 0 551 0 0 
0 0 518 12 0 
0 0 489 0 0 
0 0 649 0 0 
0 0 503 2 0 
0 0 549 0 0 
0 0 551 1 0 
0 0 399 17 0 
0 41 533 4 0 
0 0 479 0 0 
0 0 634 0 0 
0 0 555 0 0 
0 0 413 0 0 
0 0 451 0 0 
0 0 575 0 0 
0 0 461 10 0 
0 6 637 0 0 
0 0 469 0 0 
0 3 499 0 0 
0 15 406 2 0 
0 0 542 0 0 
0 0 517 0 0 
0 0 455 0 0 
0 0 476 0 0 
0 3 565 0 0 
0 0 507 0 0 
0 0 429 0 0 
0 0 517 0 0 
0 0 536 0 0 
0 9 443 15 0 
0 0 531 0 0 
0 0 539 0 0 
0 0 536 0 0 
0 0 443 0 0 
0 0 452 0 0 
0 0 568 5 0 
0 0 537 0 0 
0 1 533 2 0 
0 0 527 0 0 
0 0 449 0 0 
0 2 508 0 0 
0 0 519 0 0 
0 0 442 0 0 
0 0 515 0 0 
0 0 554 0 0 
0 0 492 0 0 
1 0 599 0 0 
0 0 453 0 0 
0 0 496 0 0 
0 0 492 0 0 
0 0 428 1 0 
0 0 482 0 0 
0 0 442 0 0 
0 1 474 0 0 
0 0 629 0 0 
0 0 598 0 0 
0 0 573 4 0 
0 0 606 0 0 
0 0 598 0 0 
0 0 472 0 0 
0 15 644 12 0 
0 0 496 0 0 
0 109 574 0 0 
0 0 504 0 0 
0 0 585 0 0 
0 0 528 0 0 
0 0 604 23 0 
0 0 482 5 0 
0 0 608 0 0 
0 0 591 0 0 
0 0 431 0 0 
0 7 514 0 0 
0 0 556 0 0 
0 0 557 4 0 
0 0 648 0 0 
0 0 452 0 0 
0 0 488 21 0 
0 4 539 3 0 
0 0 530 0 0 
0 15 582 0 0 
0 3 429 0 0 
0 0 562 0 0 
0 0 433 1 0 
0 0 438 0 0 
0 6 502 0 0 
0 0 493 0 0 
0 0 522 0 0 
0 0 525 0 0 
0 0 343 0 0 
0 0 418 0 0 
0 0 481 0 0 
0 0 453 0 0 
0 0 486 0 0 
0 0 535 0 0 
0 0 595 0 0 
0 0 510 0 0 
0 0 621 0 0 
0 0 548 0 0 
0 0 486 0 0 
0 0 484 0 0 
0 1 513 0 0 
2 0 503 0 0 
0 0 478 0 0 
0 0 391 1 0 
0 0 484 0 0 
0 0 479 0 0 
0 0 566 0 0 
0 0 450 45 0 
0 0 496 0 0 
0 0 548 0 0 
0 8 472 0 0 
0 0 503 0 0 
0 0 497 0 0 
0 0 571 0 0 
0 0 482 0 0 
0 0 593 0 0 
0 36 546 0 0 
0 0 568 0 0 
0 0 423 1 0 
0 0 378 0 0 
0 0 475 0 0 
0 1 406 0 0 
0 0 536 0 0 
0 0 514 0 0 
0 0 444 0 0 
0 0 594 0 0 
0 0 482 0 0 
0 12 530 0 0 
0 0 389 0 0 
0 0 491 1 0 
0 15 672 1 0 
0 0 618 0 0 
0 0 478 0 0 
0 22 588 0 0 
0 3 504 0 0 
0 0 546 0 0 
0 0 562 0 0 
0 0 455 0 0 
0 15 585 0 0 
0 0 552 0 0 
0 0 501 0 0 
0 0 515 0 0 
0 0 547 0 0 
0 13 461 0 0 
0 0 451 0 0 
0 0 484 0 0 
0 0 514 0 0 
0 0 514 0 0 
0 18 479 0 0 
0 0 481 0 0 
0 0 586 0 0 
0 0 407 17 0 
0 20 460 0 0 
0 0 528 0 0 
0 0 553 0 0 
0 9 461 0 0 
0 46 501 0 0 
0 4 549 0 0 
0 0 556 0 0 
0 1 443 12 0 
0 47 580 0 0 
0 0 547 0 0 
0 0 531 0 0 
0 0 531 0 0 
0 0 553 0 0 
0 0 536 0 0 
0 0 510 0 0 
0 0 594 0 0 
0 0 423 0 0 
0 0 550 0 0 
0 1 430 0 0 
0 0 604 0 0 
0 0 480 0 0 
0 0 549 20 0 
0 0 569 0 0 
0 0 590 0 0 
0 0 410 0 0 
0 0 466 0 0 
0 0 508 0 0 
0 0 571 0 0 
0 0 686 0 0 
0 0 373 1 0 
0 1 447 1 0 
0 0 553 0 0 
0 0 551 0 0 
0 0 529 15 0 
0 49 507 0 0 
0 0 656 0 0 
0 0 442 0 0 
0 4 526 0 0 
0 0 515 0 0 
0 10 558 0 0 
0 0 479 0 0 
0 5 516 1 0 
0 4 737 0 0 
0 1 407 0 0 
0 30 555 0 0 
0 38 517 0 0 
0 0 582 0 0 
0 0 493 0 0 
0 0 442 0 0 
0 0 473 0 0 
0 0 459 0 0 
0 0 433 0 0 
0 7 420 0 0 
0 0 428 0 0 
0 0 422 0 0 
0 0 525 0 0 
0 17 488 0 0 
0 0 608 0 0 
0 0 698 0 0 
0 0 518 0 0 
0 0 661 0 0 
0 0 482 0 0 
0 1 548 0 0 
0 0 541 0 0 
0 0 507 0 0 
0 0 525 0 0 
0 0 600 0 0 
0 5 482 0 0 
0 0 700 0 0 
0 0 517 0 0 
0 0 503 0 0 
0 0 420 0 0 
0 0 535 0 0 
0 0 535 0 0 
0 0 510 0 0 
0 0 620 0 0 
0 0 617 0 0 
0 0 392 0 0 
0 0 540 0 0 
0 0 593 0 0 
0 0 507 0 0 
0 0 456 0 0 
0 0 516 0 0 
0 0 495 0 0 
0 0 451 0 0 
0 0 497 0 0 
1 0 435 0 0 
0 0 527 0 0 
0 0 493 8 0 
0 0 420 0 0 
0 1 586 0 0 
0 0 512 0 0 
0 0 398 2 0 
0 0 440 3 0 
0 0 558 0 0 
0 0 414 0 0 
0 0 536 0 0 
0 0 503 0 0 
0 0 625 0 0 
0 0 533 9 0 
0 0 555 0 0 
0 0 490 0 0 
0 0 448 0 0 
0 5 452 0 0 
0 13 509 24 0 
1 6 490 0 0 
0 0 498 0 0 
0 0 619 0 0 
0 0 580 0 0 
0 0 458 0 0 
0 0 551 0 0 
0 0 481 15 0 
0 0 537 0 0 
0 0 549 0 0 
0 0 664 0 0 
0 0 542 0 0 
0 0 482 0 0 
0 1 575 0 0 
0 11 502 0 0 
0 0 545 0 0 
0 0 380 0 0 
0 0 427 0 0 
0 0 548 0 0 
0 0 542 0 0 
0 0 572 0 0 
0 0 452 0 0 
0 0 568 0 0 
0 0 573 0 0 
0 0 519 0 0 
0 0 445 0 0 
0 0 463 1 0 
0 0 565 0 0 
0 0 444 0 0 
0 0 510 1 0 
0 0 493 0 0 
0 0 620 0 0 
0 0 501 0 0 
0 0 489 16 0 
0 0 513 0 0 
0 0 430 0 0 
0 0 494 6 0 
0 0 489 0 0 
0 0 491 0 0 
0 0 620 0 0 
0 0 428 0 0 
0 0 594 0 0 
0 0 596 0 0 
0 0 498 0 0 
0 0 458 0 0 
0 0 519 0 0 
0 0 457 0 0 
0 0 387 59 0 
0 0 545 2 0 
0 18 529 0 0 
0 0 523 0 0 
0 0 465 0 0 
0 0 540 0 0 
0 0 546 0 0 
0 0 562 0 0 
0 0 529 3 0 
0 0 397 0 0 
0 0 456 0 0 
0 0 477 0 0 
0 0 631 0 0 
0 1 555 0 0 
0 0 491 0 0 
0 0 520 0 0 
0 0 548 0 0 
0 0 529 12 0 
0 0 598 0 0 
0 0 536 0 0 
0 0 542 3 0 
0 0 603 0 0 
0 0 582 0 0 
0 0 429 24 0 
0 0 452 0 0 
0 0 527 0 0 
0 0 467 0 0 
0 55 445 0 0 
0 9 566 0 0 
0 0 567 0 0 
0 0 470 5 0 
0 0 498 0 0 
0 0 525 0 0 
0 0 527 0 0 
0 0 556 0 0 
0 0 505 0 0 
0 0 400 0 0 
0 0 611 0 0 
0 0 617 0 0 
0 0 406 0 0 
0 0 541 0 0 
0 0 469 13 0 
0 0 490 0 0 
0 0 526 0 0 
0 0 518 0 0 
0 5 473 0 0 
0 0 540 0 0 
0 0 601 0 0 
0 0 572 40 0 
0 0 507 0 0 
0 0 506 0 0 
0 0 551 0 0 
0 0 544 0 0 
0 0 523 0 0 
0 0 558 0 0 
0 0 667 0 0 
0 0 583 0 0 
0 15 591 0 0 
0 0 511 0 0 
0 0 572 0 0 
0 10 386 0 0 
0 0 455 0 0 
0 0 481 0 0 
0 1 538 0 0 
0 0 488 0 0 
0 0 487 0 0 
0 52 463 0 0 
0 0 492 0 0 
0 0 424 0 0 
0 0 566 0 0 
0 0 530 0 0 
0 0 656 0 0 
0 0 489 0 0 
0 0 512 0 0 
0 0 467 0 0 
0 0 556 0 0 
0 3 570 0 0 
0 0 477 0 0 
0 0 548 0 0 
0 0 474 0 0 
0 0 789 0 0 
0 0 570 9 0 
0 0 548 0 0 
0 0 593 0 0 
0 0 575 0 0 
0 0 541 0 0 
0 0 539 0 0 
0 0 666 0 0 
0 0 695 0 0 
0 0 468 0 0 
0 0 542 0 0 
0 0 416 0 0 
0 0 650 0 0 
0 0 445 0 0 
0 0 492 0 0 
0 0 491 0 0 
0 0 480 0 0 
0 9 419 0 0 
0 37 609 0 0 
0 0 447 11 0 
0 0 403 0 0 
0 0 337 0 0 
0 0 581 0 0 
0 0 611 95 0 
0 0 536 0 0 
0 0 506 0 0 
0 0 553 0 0 
0 0 587 0 0 
0 0 431 0 0 
0 0 392 0 0 
0 4 515 0 0 
0 0 570 0 0 
0 0 714 0 0 
0 0 604 0 0 
0 43 622 0 0 
0 0 494 25 0 
0 0 370 0 0 
0 0 464 1 0 
0 0 470 0 0 
0 0 455 0 0 
0 0 493 0 0 
0 0 600 0 0 
0 0 467 15 0 
0 15 455 0 0 
0 3 534 0 0 
0 0 527 0 0 
0 0 517 0 0 
0 0 536 0 0 
0 0 498 0 0 
0 0 481 0 0 
1 0 446 0 0 
0 0 631 0 0 
0 0 831 0 0 
0 0 524 0 0 
0 0 628 1 0 
0 0 497 0 0 
0 0 531 0 0 
0 0 588 3 0 
0 0 543 0 0 
0 3 401 0 0 
0 0 548 0 0 
0 0 520 0 0 
0 1 506 0 0 
0 0 407 0 0 
0 0 656 0 0 
0 0 537 0 0 
0 129 466 0 0 
0 0 460 0 0 
0 24 500 0 0 
0 0 494 0 0 
0 0 525 0 0 
0 12 494 0 0 
0 0 653 0 0 
0 0 493 0 0 
0 0 593 0 0 
0 0 530 0 0 
0 0 592 0 0 
0 0 483 0 0 
0 0 517 14 0 
0 0 535 0 0 
0 0 435 1 0 
0 0 570 0 0 
0 0 548 0 0 
0 0 654 0 0 
0 0 532 10 0 
0 0 615 2 0 
0 10 490 0 0 
0 0 565 0 0 
0 0 540 45 0 
0 0 556 0 0 
0 0 402 0 0 
0 0 533 0 0 
0 0 532 0 0 
0 0 400 1 0 
0 0 483 15 0 
0 2 553 0 0 
0 0 470 0 0 
0 0 540 0 0 
0 8 465 0 0 
0 2 462 0 0 
0 0 457 0 0 
0 0 601 0 0 
0 35 560 0 0 
0 0 473 0 0 
0 19 473 21 0 
0 0 410 0 0 
0 0 443 0 0 
0 0 562 0 0 
0 28 499 0 0 
0 0 494 0 0 
0 34 529 0 0 
0 0 546 0 0 
0 0 488 1 0 
0 0 515 0 0 
0 1 508 0 0 
0 0 587 0 0 
0 9 546 0 0 
0 0 607 0 0 
0 0 436 0 0 
0 0 445 0 0 
0 1 441 0 0 
0 0 498 5 0 
0 0 533 0 0 
0 13 545 0 0 
0 0 518 0 0 
0 0 494 0 0 
0 1 583 0 0 
0 0 513 0 0 
0 0 513 0 0 
0 0 504 0 0 
0 0 556 0 0 
0 0 539 0 0 
0 0 499 0 0 
0 1 533 0 0 
0 0 500 0 0 
0 0 531 2 0 
0 0 527 0 0 
0 0 456 0 0 
0 0 483 0 0 
0 0 466 0 0 
0 0 563 0 0 
0 0 565 0 0 
0 0 446 0 0 
0 0 579 0 0 
0 0 528 0 0 
0 0 511 0 0 
0 0 430 0 0 
0 0 640 0 0 
0 0 626 0 0 
0 0 452 0 0 
0 0 538 0 0 
0 0 552 0 0 
0 0 681 0 0 
0 7 470 20 0 
0 0 543 0 0 
0 39 571 0 0 
0 0 615 0 0 
0 0 618 0 0 
0 0 568 0 0 
0 0 576 0 0 
0 0 559 0 0 
0 0 382 0 0 
0 1 481 0 0 
0 0 627 0 0 
0 0 466 0 0 
0 0 591 0 0 
0 0 531 0 0 
0 0 520 0 0 
2 0 467 0 0 
0 0 526 0 0 
0 0 491 0 0 
0 0 585 0 0 
0 0 525 0 0 
0 0 536 0 0 
0 1 383 0 0 
0 0 568 0 0 
0 0 478 0 0 
0 0 507 0 0 
0 1 588 0 0 
0 0 450 0 0 
0 0 477 0 0 
0 0 421 0 0 
0 0 510 0 0 
0 0 603 0 0 
0 0 445 0 0 
0 0 557 0 0 
0 0 525 0 0 
0 0 532 0 0 
0 0 536 0 0 
0 0 478 0 0 
0 0 613 1 0 
0 0 559 0 0 
0 0 560 0 0 
0 3 570 5 0 
0 0 528 0 0 
0 0 549 0 0 
0 0 543 0 0 
0 0 466 0 0 
0 0 543 0 0 
0 0 460 0 0 
0 0 505 0 0 
0 0 484 0 0 
0 0 554 0 0 
0 0 513 0 0 
0 0 541 0 0 
0 0 470 0 0 
0 0 418 0 0 
0 0 377 0 0 
0 0 486 0 0 
0 0 535 0 0 
0 0 405 34 0 
0 0 496 0 0 
0 0 608 0 0 
0 0 503 0 0 
0 0 435 0 0 
0 0 632 0 0 
0 6 487 0 0 
0 0 532 0 0 
0 0 521 0 0 
0 0 597 0 0 
0 0 638 0 0 
0 0 542 0 0 
0 0 574 0 0 
0 0 542 0 0 
0 1 524 0 0 
0 0 551 0 0 
0 0 470 0 0 
0 0 482 0 0 
0 0 492 0 0 
0 0 393 0 0 
0 0 797 0 0 
0 0 544 0 0 
0 0 452 1 0 
0 0 540 0 0 
0 0 581 0 0 
0 0 532 0 0 
0 0 480 0 0 
0 0 490 0 0 
0 0 452 0 0 
0 0 434 1 0 
0 0 589 0 0 
0 0 421 0 0 
0 0 559 0 0 
0 0 475 0 0 
0 0 523 0 0 
0 0 558 0 0 
0 15 543 178 0 
0 2 480 0 0 
0 0 554 0 0 
0 0 376 0 0 
0 0 613 0 0 
0 0 504 0 0 
0 0 640 0 0 
0 0 377 10 0 
0 0 508 0 0 
0 0 482 1 0 
0 0 619 0 0 
0 0 527 0 0 
0 0 474 0 0 
0 0 591 0 0 
0 0 367 0 0 
0 0 388 0 0 
0 0 549 0 0 
0 0 581 0 0 
0 0 542 0 0 
0 0 441 0 0 
0 1 480 0 0 
0 0 513 0 0 
0 0 400 1 0 
0 0 523 0 0 
0 0 540 0 0 
0 21 469 0 0 
0 0 471 0 0 
0 3 515 0 0 
0 0 829 0 0 
0 0 514 0 0 
0 0 588 0 0 
0 0 572 0 0 
0 0 511 0 0 
0 0 406 11 0 
0 2 561 0 0 
0 0 418 0 0 
0 0 525 0 0 
0 0 540 0 0 
0 0 495 0 0 
0 0 564 0 0 
0 0 512 0 0 
0 0 474 13 0 
0 0 504 23 0 
0 0 487 0 0 
0 0 477 0 0 
0 0 532 10 0 
0 4 501 0 0 
0 0 599 0 0 
0 0 539 0 0 
0 2 618 0 0 
0 6 509 0 0 
0 1 429 0 0 
0 0 598 0 0 
0 0 453 0 0 
0 0 501 0 0 
0 0 501 0 0 
0 0 501 0 0 
0 0 568 0 0 
0 0 542 4 0 
0 0 483 0 0 
0 0 478 6 0 
0 0 480 0 0 
0 0 432 0 0 
0 0 558 0 0 
0 0 618 0 0 
0 0 499 0 0 
0 0 436 0 0 
0 0 540 0 0 
0 0 427 20 0 
0 0 456 0 0 
0 0 624 0 0 
0 0 498 0 0 
0 0 500 0 0 
0 0 521 0 0 
0 0 480 0 0 
0 0 535 0 0 
0 0 538 0 0 
0 0 511 0 0 
0 0 591 0 0 
0 0 467 0 0 
0 0 564 0 0 
0 0 601 0 0 
0 0 540 0 0 
0 0 428 25 0 
0 0 393 0 0 
0 1 419 1 0 
0 0 477 0 0 
0 0 483 0 0 
0 0 520 1 0 
0 0 597 0 0 
0 0 483 0 0 
0 0 560 0 0 
0 0 377 15 0 
0 0 584 13 0 
0 0 446 24 0 
0 0 529 0 0 
0 17 590 0 0 
0 0 425 4 0 
0 0 667 0 0 
0 0 547 0 0 
0 0 549 0 0 
0 0 525 0 0 
0 0 425 0 0 
0 6 470 0 0 
0 24 500 0 0 
0 0 510 0 0 
0 0 651 10 0 
0 0 467 0 0 
0 33 513 0 0 
0 9 444 9 0 
0 0 500 0 0 
0 4 541 0 0 
0 0 536 0 0 
0 0 463 0 0 
0 0 558 6 0 
0 0 576 0 0 
0 0 473 0 0 
0 0 567 0 0 
0 0 435 0 0 
0 0 415 0 0 
0 0 536 0 0 
0 0 530 0 0 
0 0 475 0 0 
0 0 515 0 0 
0 0 556 0 0 
0 0 539 0 0 
0 0 516 0 0 
0 0 623 0 0 
0 0 533 0 0 
0 21 497 10 0 
0 9 474 0 0 
0 0 463 0 0 
0 0 616 2 0 
0 0 538 0 0 
0 0 497 0 0 
0 0 519 0 0 
0 0 505 0 0 
0 0 452 3 0 
0 0 506 0 0 
0 0 471 0 0 
0 0 598 0 0 
0 0 567 0 0 
0 0 631 0 0 
0 2 510 4 0 
0 0 471 9 0 
0 0 684 0 0 
1 0 548 0 0 
0 0 589 0 0 
0 23 457 0 0 
0 0 550 0 0 
0 0 484 0 0 
0 0 477 17 0 
0 0 408 0 0 
0 0 512 0 0 
0 0 454 0 0 
0 0 523 0 0 
0 0 441 5 0 
0 0 472 0 0 
0 10 371 0 0 
0 0 510 0 0 
0 0 499 0 0 
0 7 491 0 0 
0 0 505 0 0 
0 0 475 0 0 
0 0 581 0 0 
0 0 581 0 0 
0 18 371 115 0 
0 0 398 0 0 
0 0 419 0 0 
0 0 475 0 0 
0 0 426 0 0 
0 0 550 0 0 
0 0 615 2 0 
0 0 467 0 0 
0 0 558 0 0 
0 0 474 0 0 
0 0 495 0 0 
0 0 568 0 0 
0 0 647 0 0 
0 1 355 0 0 
0 0 491 0 0 
0 0 589 0 0 
0 0 627 0 0 
0 0 522 0 0 
0 0 484 0 0 
0 15 464 0 0 
0 0 615 0 0 
0 0 470 0 0 
0 0 581 2 0 
0 0 495 1 0 
0 0 539 0 0 
0 0 508 0 0 
0 0 498 0 0 
0 0 608 0 0 
0 1 485 0 0 
0 0 428 15 0 
0 0 499 0 0 
0 2 540 0 0 
0 1 586 0 0 
0 0 496 0 0 
0 0 487 0 0 
0 0 516 0 0 
0 0 504 0 0 
0 0 409 0 0 
0 0 515 0 0 
0 0 453 0 0 
0 0 513 0 0 
0 0 554 0 0 
0 0 470 53 0 
0 18 517 0 0 
0 0 498 1 0 
0 1 490 0 0 
0 0 459 3 0 
0 0 417 0 0 
0 0 450 0 0 
0 0 527 0 0 
0 0 470 0 0 
0 0 445 0 0 
0 7 418 0 0 
0 0 547 0 0 
0 0 413 10 0 
0 0 603 0 0 
0 0 536 0 0 
0 0 697 9 0 
0 0 461 11 0 
0 0 575 0 0 
0 0 494 0 0 
0 0 443 0 0 
0 0 541 0 0 
0 0 502 0 0 
0 0 520 0 0 
0 4 484 0 0 
0 0 504 28 0 
0 0 399 0 0 
0 3 506 0 0 
0 0 519 0 0 
0 17 373 0 0 
0 0 518 0 0 
0 0 608 0 0 
0 0 483 0 0 
0 7 533 0 0 
0 0 690 0 0 
0 0 422 2 0 
0 0 443 11 0 
0 0 723 0 0 
0 0 470 0 0 
0 0 456 0 0 
0 0 537 0 0 
0 0 466 0 0 
0 2 495 0 0 
0 0 498 0 0 
0 0 445 0 0 
0 0 529 0 0 
0 0 396 0 0 
0 0 520 0 0 
0 4 471 0 0 
0 0 681 0 0 
0 0 545 0 0 
0 0 553 4 0 
0 0 559 6 0 
0 0 609 0 0 
0 0 476 10 0 
0 0 454 0 0 
0 0 505 0 0 
0 0 551 6 0 
0 0 652 0 0 
0 0 543 0 0 
0 0 460 0 0 
0 0 680 0 0 
0 0 460 0 0 
0 7 555 8 0 
0 0 539 0 0 
0 1 524 0 0 
0 5 521 0 0 
0 0 572 11 0 
0 0 586 0 0 
0 0 526 0 0 
0 0 531 2 0 
0 0 573 0 0 
0 0 452 12 0 
0 0 646 3 0 
0 4 595 0 0 
0 0 513 0 0 
0 0 468 0 0 
0 0 500 0 0 
0 0 555 0 0 
0 0 528 0 0 
0 0 592 0 0 
0 0 597 0 0 
0 0 474 0 0 
0 0 481 0 0 
0 1 484 0 0 
0 0 342 0 0 
0 0 389 0 0 
0 0 503 2 0 
0 0 557 0 0 
0 0 504 0 0 
0 0 606 19 0 
0 0 538 0 0 
0 0 548 4 0 
0 0 527 0 0 
0 0 570 0 0 
0 0 608 0 0 
0 0 521 0 0 
0 6 505 0 0 
0 43 446 6 0 
0 0 440 0 0 
0 0 416 3 0 
0 0 419 0 0 
0 0 557 0 0 
0 0 632 0 0 
0 0 575 5 0 
0 0 525 0 0 
0 0 542 0 0 
0 0 512 0 0 
0 0 607 0 0 
0 0 521 0 0 
0 0 556 0 0 
0 0 562 0 0 
0 0 717 0 0 
1 0 563 0 0 
0 0 522 0 0 
0 0 662 0 0 
0 0 499 0 0 
0 0 458 30 0 
0 0 554 149 0 
0 0 568 0 0 
0 0 509 0 0 
0 1 464 0 0 
0 0 445 0 0 
0 0 554 0 0 
0 0 590 0 0 
0 0 539 0 0 
0 6 555 0 0 
0 0 574 0 0 
0 0 561 0 0 
0 0 572 0 0 
0 7 376 0 0 
0 0 479 0 0 
0 0 577 0 0 
0 2 630 0 0 
0 0 603 0 0 
0 0 541 0 0 
0 0 503 0 0 
0 0 502 0 0 
0 0 443 1 0 
0 0 469 0 0 
0 1 557 23 0 
0 0 423 0 0 
0 0 434 0 0 
0 0 515 20 0 
0 0 555 0 0 
0 0 532 0 0 
0 0 540 0 0 
0 0 572 0 0 
0 0 516 1 0 
0 0 504 0 0 
0 1 642 0 0 
0 0 527 0 0 
0 0 429 0 0 
0 0 616 0 0 
0 0 545 0 0 
0 0 512 0 0 
0 0 579 0 0 
0 0 472 3 0 
0 0 431 0 0 
0 0 562 2 0 
