13 459 15 0 0 
65 481 9 0 0 
133 344 5 0 0 
35 548 1 0 0 
56 526 22 0 0 
69 418 30 0 0 
5 540 11 0 0 
48 411 10 0 0 
96 292 43 0 0 
3 508 34 0 0 
1 420 71 0 0 
59 399 5 0 0 
164 479 11 0 0 
56 461 11 0 0 
40 436 57 0 0 
61 263 30 0 0 
68 432 1 0 0 
46 410 59 0 0 
1 516 31 0 0 
28 406 21 0 0 
26 434 3 0 0 
48 487 10 0 0 
3 484 30 0 0 
11 407 54 0 0 
14 440 21 0 0 
26 420 19 0 0 
32 297 70 0 0 
19 408 33 0 0 
98 310 48 0 0 
1 297 116 0 0 
81 414 9 0 0 
143 352 45 0 0 
35 399 68 0 0 
50 309 12 0 0 
75 383 17 0 0 
12 575 13 0 0 
2 352 49 0 0 
4 574 55 0 0 
27 463 15 0 0 
18 480 10 0 0 
99 393 30 0 0 
39 425 14 0 0 
15 447 61 0 0 
12 419 29 0 0 
145 376 20 0 0 
59 391 13 0 0 
44 416 6 0 0 
33 336 43 0 0 
17 365 27 0 0 
12 444 13 0 0 
96 402 75 0 0 
45 408 38 0 0 
13 263 22 0 0 
12 453 22 0 0 
33 500 34 0 0 
78 357 101 0 0 
44 358 12 0 0 
14 530 28 0 0 
78 438 15 0 0 
84 316 18 0 0 
54 427 6 0 0 
31 354 16 0 0 
104 338 4 0 0 
120 424 20 0 0 
52 477 37 0 0 
46 489 8 0 0 
33 402 64 0 0 
8 438 88 0 0 
8 441 25 0 0 
36 417 93 0 0 
148 374 14 0 0 
111 468 55 0 0 
36 551 50 0 0 
25 460 26 0 0 
99 305 33 0 0 
33 468 47 0 0 
87 362 10 0 0 
14 504 70 0 0 
86 448 57 0 0 
18 443 39 0 0 
81 340 100 0 0 
23 477 27 0 0 
20 426 22 0 0 
54 348 101 0 0 
45 425 44 0 0 
42 447 25 0 0 
95 218 42 0 0 
75 289 64 0 0 
28 349 21 0 0 
10 399 14 0 0 
68 347 16 0 0 
66 269 22 0 0 
12 359 77 0 0 
6 439 29 0 0 
62 425 16 0 0 
35 356 6 0 0 
9 519 66 0 0 
11 360 24 0 0 
17 518 79 0 0 
46 495 3 0 0 
21 454 29 0 0 
13 352 49 0 0 
21 453 27 0 0 
51 385 20 0 0 
24 378 90 0 0 
38 398 77 0 0 
19 516 8 0 0 
58 457 46 0 0 
8 268 88 0 0 
18 318 43 0 0 
74 395 36 0 0 
2 362 49 0 0 
3 287 55 0 0 
56 385 86 0 0 
64 612 5 0 0 
34 489 9 0 0 
25 443 25 0 0 
57 300 40 0 0 
34 472 2 0 0 
45 364 34 0 0 
17 416 9 0 0 
12 419 16 0 0 
52 439 3 0 0 
44 328 63 0 0 
45 428 0 0 0 
13 507 18 0 0 
27 494 66 0 0 
44 510 43 0 0 
25 422 107 0 0 
59 503 3 0 0 
20 330 121 0 0 
128 396 15 0 0 
4 380 158 0 0 
33 485 12 0 0 
23 530 32 0 0 
39 491 1 0 0 
36 510 30 0 0 
13 415 64 0 0 
50 446 2 0 0 
54 381 3 0 0 
8 338 49 0 0 
22 397 86 0 0 
47 350 12 0 0 
28 323 39 0 0 
52 487 62 0 0 
53 418 19 0 0 
30 533 28 0 0 
94 272 0 0 0 
19 459 19 0 0 
24 393 33 0 0 
119 280 43 0 0 
13 409 42 0 0 
137 369 10 0 0 
70 339 17 0 0 
17 336 50 0 0 
11 425 3 0 0 
14 435 29 0 0 
24 432 16 0 0 
41 352 52 0 0 
12 422 38 0 0 
11 479 0 0 0 
67 398 13 0 0 
102 398 34 0 0 
28 501 77 0 0 
66 479 24 0 0 
40 371 19 0 0 
34 272 27 0 0 
102 398 11 0 0 
54 418 22 0 0 
9 480 16 0 0 
8 343 85 0 0 
60 366 15 0 0 
33 482 43 0 0 
59 429 18 0 0 
42 449 29 0 0 
37 449 2 0 0 
38 450 64 0 0 
12 451 11 0 0 
88 495 9 0 0 
23 506 26 0 0 
16 348 27 0 0 
101 477 26 0 0 
16 445 25 0 0 
35 398 61 0 0 
34 420 45 0 0 
65 508 2 0 0 
23 530 3 0 0 
14 564 56 0 0 
23 483 12 0 0 
27 370 8 0 0 
3 424 111 0 0 
36 437 20 0 0 
67 388 123 0 0 
27 298 146 0 0 
41 431 4 0 0 
29 320 30 0 0 
13 536 0 0 0 
11 334 45 0 0 
35 494 32 0 0 
43 515 23 0 0 
63 330 114 0 0 
15 426 29 0 0 
90 337 31 0 0 
14 538 30 0 0 
15 496 0 0 0 
12 427 32 0 0 
94 388 18 0 0 
40 290 46 0 0 
21 410 33 0 0 
25 418 104 0 0 
34 390 69 0 0 
98 389 19 0 0 
17 413 58 0 0 
33 463 30 0 0 
8 466 18 0 0 
15 375 63 0 0 
72 327 45 0 0 
2 584 35 0 0 
25 460 13 0 0 
103 358 6 0 0 
6 296 37 0 0 
60 459 35 0 0 
47 414 7 0 0 
7 459 12 0 0 
30 480 83 0 0 
33 352 114 0 0 
45 337 84 0 0 
52 352 16 0 0 
13 359 21 0 0 
70 457 10 0 0 
4 352 71 0 0 
27 442 60 0 0 
14 417 33 0 0 
7 414 21 0 0 
49 397 16 0 0 
17 363 58 0 0 
7 396 23 0 0 
90 428 10 0 0 
0 349 13 0 0 
11 408 13 0 0 
31 465 84 0 0 
19 361 55 0 0 
22 436 57 0 0 
33 347 27 0 0 
51 399 113 0 0 
43 547 0 0 0 
25 381 44 0 0 
79 442 32 0 0 
25 498 40 0 0 
114 433 28 0 0 
38 331 27 0 0 
50 397 54 0 0 
18 497 51 0 0 
53 453 12 0 0 
47 385 16 0 0 
16 449 10 0 0 
19 429 18 0 0 
82 388 55 0 0 
69 467 10 0 0 
42 411 27 0 0 
18 411 129 0 0 
86 384 23 0 0 
126 217 37 0 0 
36 504 68 0 0 
46 479 12 0 0 
33 359 12 0 0 
166 429 53 0 0 
44 562 0 0 0 
62 391 2 0 0 
14 405 9 0 0 
17 383 30 0 0 
83 418 36 0 0 
46 452 4 0 0 
40 457 26 0 0 
8 494 31 0 0 
61 409 86 0 0 
23 406 76 0 0 
39 407 5 0 0 
28 406 71 0 0 
6 385 105 0 0 
33 386 81 0 0 
54 385 30 0 0 
60 419 6 0 0 
20 345 5 0 0 
41 349 55 0 0 
39 322 44 0 0 
4 365 51 0 0 
43 385 57 0 0 
56 404 47 0 0 
79 378 105 0 0 
21 466 55 0 0 
106 489 67 0 0 
13 455 51 0 0 
10 379 9 0 0 
23 363 53 0 0 
29 390 51 0 0 
17 366 68 0 0 
76 427 32 0 0 
10 430 9 0 0 
28 483 44 0 0 
27 500 9 0 0 
11 466 4 0 0 
84 433 23 0 0 
29 346 29 0 0 
26 345 28 0 0 
66 453 52 0 0 
78 518 0 0 0 
7 421 40 0 0 
40 396 84 0 0 
15 450 51 0 0 
9 467 3 0 0 
43 429 42 0 0 
3 392 26 0 0 
44 330 36 0 0 
23 273 83 0 0 
6 434 36 0 0 
79 316 30 0 0 
37 498 14 0 0 
4 566 44 0 0 
26 507 6 0 0 
61 347 87 0 0 
4 458 79 0 0 
17 360 20 0 0 
28 553 0 0 0 
15 499 48 0 0 
56 441 34 0 0 
92 353 17 0 0 
61 437 6 0 0 
59 407 30 0 0 
66 321 3 0 0 
61 251 15 0 0 
13 530 17 0 0 
12 561 2 0 0 
43 370 2 0 0 
34 459 9 0 0 
43 458 52 0 0 
26 428 28 0 0 
81 358 17 0 0 
39 370 10 6 0 
116 424 27 0 0 
46 413 37 0 0 
23 430 8 0 0 
26 410 3 0 0 
29 392 40 0 0 
26 408 3 0 0 
185 370 1 0 0 
2 405 23 0 0 
32 395 113 0 0 
33 441 20 0 0 
44 319 38 0 0 
17 447 15 0 0 
37 452 64 0 0 
6 428 36 0 0 
68 343 17 0 0 
4 356 53 0 0 
34 309 65 0 0 
41 457 25 0 0 
10 494 119 0 0 
21 361 46 0 0 
33 403 21 0 0 
12 416 82 0 0 
47 465 39 0 0 
39 403 22 0 0 
11 449 18 0 0 
19 446 19 0 0 
40 522 35 0 0 
14 388 27 0 0 
42 358 1 0 0 
40 433 21 0 0 
14 380 25 0 0 
19 407 62 0 0 
34 318 37 0 0 
103 408 12 0 0 
17 424 37 0 0 
72 481 50 0 0 
0 512 1 0 0 
86 393 8 0 0 
38 472 12 0 0 
41 384 29 0 0 
50 394 20 0 0 
0 371 23 0 0 
53 207 33 0 0 
55 398 33 0 0 
42 342 18 0 0 
26 444 91 0 0 
22 437 22 0 0 
26 365 28 0 0 
39 364 4 0 0 
99 373 98 0 0 
1 318 52 0 0 
73 462 27 0 0 
16 434 22 0 0 
46 401 36 0 0 
31 331 42 0 0 
61 322 65 0 0 
49 463 71 0 0 
53 452 15 0 0 
8 344 58 0 0 
27 501 32 0 0 
17 346 10 0 0 
32 435 47 0 0 
19 425 54 0 0 
45 353 57 0 0 
22 450 123 0 0 
16 489 100 0 0 
11 339 86 0 0 
32 484 0 0 0 
35 420 48 0 0 
64 341 1 0 0 
71 518 15 0 0 
14 463 44 0 0 
27 522 9 0 0 
88 299 31 0 0 
48 418 32 0 0 
47 415 13 0 0 
76 409 9 0 0 
122 423 59 0 0 
20 504 22 0 0 
31 465 22 0 0 
36 497 13 0 0 
54 404 33 0 0 
8 405 84 0 0 
20 425 21 0 0 
35 335 73 0 0 
89 348 14 0 0 
50 327 4 0 0 
87 377 24 0 0 
37 362 18 0 0 
16 527 13 0 0 
27 331 66 0 0 
30 308 50 0 0 
41 424 120 0 0 
48 538 12 0 0 
34 337 26 0 0 
29 411 8 0 0 
3 521 24 0 0 
55 451 26 0 0 
23 531 30 0 0 
67 514 43 0 0 
68 433 1 0 0 
37 449 17 0 0 
56 431 44 0 0 
19 395 75 0 0 
58 466 21 0 0 
27 375 65 0 0 
60 364 6 0 0 
35 353 21 0 0 
35 328 18 0 0 
14 365 14 0 0 
38 427 0 0 0 
8 463 14 0 0 
0 495 32 0 0 
0 324 57 0 0 
13 443 28 0 0 
9 318 25 0 0 
64 382 11 0 0 
51 298 13 0 0 
25 487 4 0 0 
4 381 66 0 0 
29 401 10 0 0 
52 283 92 0 0 
38 445 32 0 0 
20 360 28 0 0 
91 353 34 0 0 
65 435 32 0 0 
103 321 13 0 0 
56 539 20 0 0 
36 471 94 0 0 
8 345 39 0 0 
28 414 4 0 0 
15 355 9 0 0 
3 407 100 0 0 
72 408 49 0 0 
14 530 35 0 0 
94 307 108 0 0 
18 471 102 0 0 
37 524 13 0 0 
110 407 34 0 0 
58 360 60 0 0 
12 359 27 0 0 
37 410 81 0 0 
26 405 13 0 0 
108 415 11 0 0 
8 527 6 0 0 
47 413 44 0 0 
43 445 33 0 0 
11 422 43 0 0 
15 539 7 0 0 
60 518 21 0 0 
28 388 82 0 0 
18 420 6 0 0 
6 370 5 0 0 
37 378 48 0 0 
21 421 73 0 0 
6 431 15 0 0 
54 269 88 0 0 
28 494 34 0 0 
40 386 25 0 0 
0 515 45 0 0 
66 383 58 0 0 
4 378 52 0 0 
84 339 30 0 0 
26 380 31 0 0 
39 482 4 0 0 
23 366 44 0 0 
12 541 46 0 0 
97 420 41 0 0 
17 259 57 0 0 
60 423 19 0 0 
0 434 29 0 0 
30 371 115 0 0 
6 373 113 0 0 
18 494 83 0 0 
168 385 7 0 0 
20 421 2 0 0 
105 370 52 0 0 
36 493 10 0 0 
7 452 42 0 0 
88 417 14 0 0 
70 387 0 0 0 
5 473 43 0 0 
90 411 7 0 0 
24 381 17 0 0 
86 276 8 0 0 
38 428 71 0 0 
114 355 18 0 0 
89 392 22 0 0 
11 382 51 0 0 
10 491 39 0 0 
27 470 98 0 0 
14 303 125 0 0 
16 476 16 0 0 
31 311 14 0 0 
6 452 55 0 0 
78 431 28 0 0 
32 313 16 0 0 
78 397 49 0 0 
153 322 10 0 0 
37 477 8 0 0 
2 412 41 0 0 
9 495 22 0 0 
9 383 55 0 0 
122 391 29 0 0 
61 347 50 0 0 
48 368 10 0 0 
31 457 21 0 0 
49 461 32 0 0 
7 405 38 0 0 
34 283 31 0 0 
36 590 19 0 0 
33 276 52 0 0 
38 413 5 0 0 
40 313 76 0 0 
3 518 97 0 0 
66 346 47 0 0 
19 421 20 0 0 
1 448 6 0 0 
17 349 34 0 0 
4 421 66 0 0 
57 401 10 0 0 
0 452 40 0 0 
44 540 34 0 0 
7 548 43 0 0 
3 383 55 0 0 
33 523 16 0 0 
67 409 30 0 0 
38 454 28 0 0 
64 545 4 0 0 
130 332 43 0 0 
16 523 3 0 0 
15 388 15 0 0 
89 338 50 0 0 
58 360 27 0 0 
12 411 55 0 0 
49 507 37 0 0 
12 297 51 0 0 
71 480 25 0 0 
17 515 10 0 0 
87 484 13 0 0 
39 470 0 0 0 
70 328 18 0 0 
2 435 22 0 0 
94 378 63 0 0 
101 439 1 0 0 
54 387 15 0 0 
35 372 31 0 0 
49 514 17 0 0 
82 333 30 0 0 
57 416 26 0 0 
33 354 44 0 0 
10 461 19 0 0 
38 355 53 0 0 
19 499 55 0 0 
20 434 61 1 0 
48 494 11 0 0 
50 305 36 0 0 
40 567 28 0 0 
52 532 14 0 0 
6 358 73 0 0 
13 408 32 0 0 
20 432 88 0 0 
47 510 44 0 0 
53 278 3 0 0 
33 424 30 0 0 
30 377 59 0 0 
74 399 48 0 0 
66 415 29 0 0 
39 609 40 0 0 
26 470 25 0 0 
51 288 2 0 0 
20 397 3 0 0 
37 516 8 0 0 
66 380 96 0 0 
32 581 47 0 0 
21 398 62 0 0 
1 500 67 0 0 
138 335 29 0 0 
37 248 39 0 0 
97 330 39 0 0 
98 383 13 0 0 
35 384 0 0 0 
141 430 4 0 0 
98 411 19 0 0 
2 466 27 0 0 
11 382 84 0 0 
79 500 49 0 0 
51 417 87 0 0 
41 450 36 0 0 
39 372 79 0 0 
54 494 50 0 0 
14 356 4 0 0 
13 507 20 0 0 
74 423 4 0 0 
23 527 8 0 0 
14 509 4 0 0 
18 395 64 0 0 
27 461 16 0 0 
24 527 24 0 0 
18 331 93 0 0 
13 328 17 0 0 
59 410 26 0 0 
83 381 20 0 0 
14 486 8 0 0 
28 443 36 0 0 
43 377 8 0 0 
7 314 57 0 0 
13 400 28 0 0 
39 398 13 0 0 
40 480 43 0 0 
40 441 32 0 0 
15 325 34 0 0 
8 424 90 0 0 
67 273 44 0 0 
30 375 22 0 0 
68 364 30 0 0 
20 559 0 0 0 
45 386 84 0 0 
25 355 58 0 0 
58 446 12 0 0 
67 311 63 0 0 
53 349 19 0 0 
79 394 48 0 0 
37 372 63 0 0 
68 395 28 0 0 
19 350 16 0 0 
153 314 23 0 0 
30 294 51 0 0 
36 299 57 0 0 
45 371 41 0 0 
13 398 71 0 0 
77 370 5 0 0 
28 477 6 0 0 
31 393 18 0 0 
0 345 54 0 0 
12 462 17 0 0 
23 502 57 0 0 
30 392 1 0 0 
16 518 42 0 0 
28 432 26 0 0 
52 224 41 0 0 
27 395 50 0 0 
55 441 51 0 0 
36 346 9 0 0 
80 391 25 0 0 
62 338 39 0 0 
74 450 28 0 0 
4 498 4 0 0 
42 324 39 0 0 
24 468 7 0 0 
36 358 84 0 0 
77 384 6 0 0 
13 424 26 0 0 
43 429 20 0 0 
4 544 16 0 0 
28 501 38 0 0 
46 402 37 0 0 
52 598 0 0 0 
51 382 22 0 0 
46 381 25 0 0 
39 298 57 3 0 
54 422 39 0 0 
82 472 1 0 0 
68 411 44 0 0 
61 421 42 0 0 
8 415 15 0 0 
101 310 31 0 0 
1 317 48 0 0 
47 399 2 0 0 
6 401 44 0 0 
26 461 16 0 0 
31 433 20 0 0 
76 351 11 0 0 
6 505 2 0 0 
10 410 75 0 0 
4 555 23 0 0 
22 456 54 0 0 
45 453 5 0 0 
83 355 35 0 0 
75 375 103 0 0 
71 398 57 0 0 
73 452 11 0 0 
23 439 42 0 0 
41 357 88 0 0 
123 398 10 0 0 
20 421 18 0 0 
30 356 67 0 0 
36 438 68 0 0 
26 384 14 0 0 
55 362 77 0 0 
11 430 51 0 0 
0 514 93 0 0 
57 440 2 0 0 
88 459 24 0 0 
66 364 52 0 0 
78 448 94 0 0 
116 429 25 0 0 
29 360 47 0 0 
6 339 76 0 0 
91 301 7 0 0 
24 525 47 0 0 
0 461 14 0 0 
128 336 44 0 0 
59 551 34 0 0 
38 429 35 0 0 
7 446 6 0 0 
34 382 12 0 0 
49 315 25 0 0 
42 417 59 0 0 
25 299 74 0 0 
28 486 15 0 0 
51 407 5 0 0 
70 450 3 0 0 
63 357 53 0 0 
70 402 4 0 0 
0 425 35 0 0 
45 408 44 0 0 
21 447 15 0 0 
72 203 21 0 0 
50 525 58 0 0 
19 410 16 0 0 
21 526 20 0 0 
36 514 64 0 0 
54 392 62 0 0 
25 498 22 0 0 
77 479 24 0 0 
60 406 83 0 0 
9 540 63 0 0 
16 362 12 0 0 
8 506 46 0 0 
102 414 53 0 0 
58 426 16 0 0 
32 388 22 0 0 
17 337 7 0 0 
32 324 32 0 0 
38 514 40 0 0 
50 473 49 0 0 
64 459 12 0 0 
12 537 8 0 0 
66 331 19 0 0 
29 340 66 0 0 
37 483 31 0 0 
72 401 20 0 0 
42 364 62 0 0 
42 349 29 0 0 
22 414 12 0 0 
94 327 22 0 0 
9 466 58 0 0 
35 461 0 0 0 
44 406 76 0 0 
17 397 35 0 0 
42 348 5 0 0 
75 372 30 0 0 
18 358 29 0 0 
171 339 84 0 0 
16 391 20 0 0 
33 281 112 0 0 
4 424 62 0 0 
22 437 20 0 0 
16 505 10 0 0 
50 401 28 0 0 
5 440 50 0 0 
39 416 6 0 0 
116 287 76 0 0 
22 469 37 0 0 
33 526 39 0 0 
34 447 23 0 0 
52 355 10 0 0 
11 522 71 0 0 
112 369 25 0 0 
109 442 10 0 0 
20 478 11 0 0 
59 282 100 0 0 
90 356 33 0 0 
17 343 16 0 0 
23 372 63 0 0 
36 356 58 0 0 
2 449 40 0 0 
61 336 12 0 0 
38 307 22 0 0 
77 456 29 0 0 
14 458 70 0 0 
31 447 19 0 0 
2 317 55 0 0 
41 391 97 0 0 
31 387 13 0 0 
89 473 13 0 0 
57 408 3 0 0 
39 201 62 0 0 
1 522 5 0 0 
51 421 21 0 0 
4 465 5 0 0 
101 389 47 0 0 
76 359 8 0 0 
27 490 65 0 0 
18 464 5 0 0 
76 454 44 0 0 
39 398 29 0 0 
80 343 1 0 0 
4 527 15 0 0 
13 510 56 0 0 
3 459 8 0 0 
107 358 24 0 0 
32 408 52 0 0 
40 417 28 0 0 
39 440 8 0 0 
26 402 84 0 0 
26 423 21 0 0 
33 333 29 0 0 
48 478 7 0 0 
0 412 26 0 0 
100 368 1 0 0 
7 595 3 0 0 
50 404 25 0 0 
31 445 105 0 0 
56 500 6 0 0 
66 326 9 0 0 
83 372 23 0 0 
28 352 74 0 0 
30 412 2 0 0 
76 437 25 0 0 
11 452 19 0 0 
32 378 14 0 0 
78 284 75 0 0 
12 433 23 0 0 
6 443 21 0 0 
17 466 4 0 0 
61 380 1 0 0 
49 483 6 0 0 
36 443 33 0 0 
6 392 58 0 0 
10 427 11 0 0 
2 383 86 0 0 
38 462 53 0 0 
17 414 3 19 0 
37 320 75 0 0 
44 525 19 0 0 
83 369 12 0 0 
114 399 10 0 0 
132 429 25 0 0 
87 494 36 0 0 
128 426 20 0 0 
54 419 18 0 0 
99 237 120 0 0 
27 441 31 0 0 
72 283 24 0 0 
56 415 30 0 0 
65 364 1 0 0 
24 484 15 0 0 
1 422 19 0 0 
41 357 3 0 0 
97 469 78 0 0 
73 490 10 0 0 
0 479 12 0 0 
37 424 1 0 0 
100 415 38 6 0 
46 331 37 0 0 
28 402 33 0 0 
24 344 37 0 0 
1 410 47 0 0 
21 529 1 0 0 
95 524 23 0 0 
46 396 48 0 0 
112 283 60 0 0 
62 398 51 0 0 
46 424 12 0 0 
38 431 24 0 0 
18 297 13 2 0 
51 485 66 0 0 
78 370 6 0 0 
33 486 77 0 0 
23 442 36 0 0 
23 449 10 0 0 
89 319 60 0 0 
92 435 33 0 0 
54 394 47 0 0 
31 582 2 0 0 
69 425 0 0 0 
10 438 63 0 0 
76 348 50 0 0 
0 434 26 0 0 
103 314 53 0 0 
32 521 10 0 0 
66 496 33 0 0 
38 335 1 0 0 
34 354 20 0 0 
17 472 53 0 0 
24 352 20 0 0 
20 466 13 0 0 
63 562 20 0 0 
54 464 9 0 0 
34 437 2 0 0 
57 489 23 0 0 
31 292 73 0 0 
148 334 2 0 0 
16 393 23 0 0 
25 425 48 0 0 
0 392 44 0 0 
0 577 59 0 0 
28 482 22 0 0 
3 483 13 0 0 
16 405 54 0 0 
8 359 15 0 0 
109 371 21 0 0 
8 398 8 0 0 
129 438 8 0 0 
19 439 65 0 0 
47 395 50 0 0 
3 557 11 0 0 
73 471 43 0 0 
44 466 18 0 0 
0 464 6 0 0 
51 357 20 0 0 
43 272 136 0 0 
69 336 40 0 0 
61 438 7 0 0 
54 418 52 0 0 
33 413 13 0 0 
41 462 81 0 0 
27 517 0 0 0 
18 530 18 0 0 
36 415 49 0 0 
85 432 4 0 0 
72 315 28 0 0 
17 400 58 0 0 
1 435 4 0 0 
18 385 78 0 0 
94 354 2 0 0 
68 360 23 0 0 
40 412 24 0 0 
36 351 95 0 0 
27 316 117 0 0 
0 479 133 0 0 
31 343 41 0 0 
58 438 34 0 0 
1 441 15 0 0 
52 297 12 0 0 
30 424 42 0 0 
28 500 21 0 0 
79 344 40 0 0 
79 317 7 0 0 
32 350 78 0 0 
27 306 85 0 0 
73 482 4 0 0 
11 368 5 0 0 
60 421 4 0 0 
34 432 20 0 0 
82 287 72 0 0 
29 509 21 0 0 
13 299 38 0 0 
113 383 23 0 0 
41 485 24 0 0 
55 374 9 0 0 
57 284 58 0 0 
3 291 21 0 0 
79 415 45 0 0 
20 352 5 0 0 
34 322 65 0 0 
63 309 46 0 0 
104 248 0 0 0 
9 448 18 0 0 
