528 264 208 
451 207 342 
560 213 227 
485 244 271 
511 311 178 
479 300 221 
569 230 201 
477 210 313 
559 254 187 
476 285 239 
629 239 132 
597 242 161 
489 305 206 
545 264 191 
551 257 192 
517 285 198 
520 217 263 
542 245 213 
510 275 215 
499 267 234 
575 242 183 
483 273 244 
546 235 219 
609 258 133 
521 224 255 
516 285 199 
546 282 172 
580 239 181 
568 160 272 
605 196 199 
555 227 218 
476 202 322 
516 218 266 
604 226 170 
511 311 178 
605 212 183 
545 255 200 
500 285 215 
541 266 193 
481 284 235 
624 219 157 
576 237 187 
458 240 302 
555 263 182 
463 256 281 
600 213 187 
569 223 208 
566 243 191 
534 266 200 
496 301 203 
574 200 226 
511 268 221 
574 235 191 
555 251 194 
456 263 281 
567 222 211 
500 268 232 
534 247 219 
507 249 244 
480 247 273 
445 248 307 
449 249 302 
535 217 248 
521 235 244 
539 225 236 
587 250 163 
553 214 233 
549 237 214 
569 222 209 
569 200 231 
552 235 213 
543 257 200 
468 280 252 
509 230 261 
542 241 217 
421 246 333 
539 236 225 
573 261 166 
529 229 242 
512 162 326 
534 272 194 
468 300 232 
478 248 274 
492 237 271 
399 227 374 
508 290 202 
520 235 245 
500 274 226 
477 292 231 
469 274 257 
482 254 264 
524 255 221 
543 242 215 
541 276 183 
531 279 190 
498 291 211 
526 316 158 
531 236 233 
499 267 234 
535 249 216 
513 257 230 
557 247 196 
488 259 253 
540 270 190 
401 256 343 
525 279 196 
535 255 210 
479 241 280 
538 270 192 
567 236 197 
487 294 219 
600 230 170 
565 198 237 
381 235 384 
473 318 209 
568 230 202 
566 201 233 
532 251 217 
582 216 202 
596 233 171 
514 216 270 
562 248 190 
536 218 246 
555 210 235 
555 245 200 
592 203 205 
548 233 219 
530 248 222 
514 257 229 
484 280 236 
588 263 149 
595 227 178 
514 257 229 
538 229 233 
581 243 176 
581 215 204 
458 287 255 
433 246 321 
545 195 260 
541 257 202 
542 273 185 
577 277 146 
477 239 284 
538 228 234 
553 219 228 
542 259 199 
537 247 216 
497 237 266 
545 249 206 
533 227 240 
490 198 312 
586 237 177 
516 268 216 
504 301 195 
404 281 315 
489 298 213 
573 266 161 
545 293 162 
506 233 261 
569 273 158 
558 289 153 
468 278 254 
447 259 294 
575 228 197 
479 253 268 
611 266 123 
526 253 221 
490 301 209 
606 249 145 
533 210 257 
527 195 278 
582 209 209 
513 266 221 
543 293 164 
432 225 343 
520 268 212 
589 203 208 
454 224 322 
569 149 282 
580 254 166 
577 278 145 
502 231 267 
455 234 311 
569 214 217 
520 217 263 
494 202 304 
540 222 238 
512 276 212 
479 285 236 
567 197 236 
567 268 165 
537 254 209 
438 214 348 
535 257 208 
615 190 195 
535 260 205 
507 242 251 
577 226 197 
570 265 165 
479 199 322 
610 204 186 
597 232 171 
532 266 202 
545 298 157 
563 197 240 
493 262 245 
500 248 252 
478 231 291 
440 242 318 
543 227 230 
520 212 268 
557 251 192 
538 262 200 
485 258 257 
550 257 193 
523 224 253 
524 222 254 
519 239 242 
560 209 231 
506 194 300 
524 236 240 
528 247 225 
525 262 213 
421 223 356 
577 214 209 
559 219 222 
545 291 164 
464 239 297 
542 236 222 
469 251 280 
529 290 181 
507 273 220 
558 254 188 
539 235 226 
503 281 216 
597 234 169 
537 261 202 
559 259 182 
531 264 205 
496 259 245 
537 274 189 
598 234 168 
543 219 238 
572 252 176 
548 301 151 
561 224 215 
407 262 331 
535 242 223 
483 268 249 
584 237 179 
506 242 252 
638 220 142 
554 271 175 
503 248 249 
505 260 235 
465 263 272 
576 228 196 
518 271 211 
532 204 264 
525 291 184 
453 250 297 
487 294 219 
585 195 220 
424 233 343 
564 296 140 
625 228 147 
565 259 176 
554 255 191 
460 231 309 
541 255 204 
556 238 206 
543 237 220 
532 240 228 
499 272 229 
526 195 279 
589 220 191 
514 311 175 
551 212 237 
470 278 252 
548 267 185 
578 224 198 
515 295 190 
456 217 327 
567 246 187 
540 248 212 
538 235 227 
464 241 295 
460 304 236 
508 264 228 
519 205 276 
483 233 284 
569 204 227 
556 247 197 
481 299 220 
511 305 184 
485 278 237 
523 233 244 
474 215 311 
575 316 109 
578 201 221 
564 241 195 
540 229 231 
479 297 224 
492 207 301 
514 266 220 
556 223 221 
566 218 216 
471 272 257 
487 233 280 
454 278 268 
596 216 188 
553 217 230 
513 215 272 
554 210 236 
599 256 145 
597 219 184 
473 200 327 
601 237 162 
517 237 246 
570 266 164 
583 220 197 
505 273 222 
584 222 194 
556 242 202 
555 254 191 
441 266 293 
492 255 253 
547 222 231 
531 248 221 
477 258 265 
541 248 211 
557 202 241 
600 238 162 
581 248 171 
556 207 237 
657 194 149 
548 262 190 
594 257 149 
575 243 182 
466 238 296 
522 291 187 
438 244 318 
410 249 341 
526 285 189 
515 255 230 
506 235 259 
567 255 178 
513 212 275 
580 219 201 
440 250 310 
519 263 218 
474 303 223 
475 228 297 
455 247 298 
575 223 202 
493 274 233 
521 245 234 
546 268 186 
429 259 312 
526 238 236 
530 289 181 
539 261 200 
528 276 196 
541 282 177 
528 240 232 
581 222 197 
605 224 171 
579 242 179 
574 210 216 
534 269 197 
569 282 149 
516 256 228 
544 279 177 
528 266 206 
518 248 234 
574 266 160 
585 259 156 
367 220 413 
506 261 233 
496 269 235 
584 256 160 
516 285 199 
586 232 182 
488 273 239 
474 239 287 
504 286 210 
598 229 173 
550 234 216 
479 227 294 
539 222 239 
530 288 182 
577 241 182 
437 240 323 
455 234 311 
507 264 229 
514 228 258 
592 223 185 
528 218 254 
487 308 205 
557 269 174 
484 234 282 
502 232 266 
541 226 233 
527 208 265 
607 247 146 
530 243 227 
519 279 202 
492 265 243 
637 226 137 
534 264 202 
497 246 257 
490 291 219 
542 273 185 
576 246 178 
565 246 189 
520 225 255 
546 265 189 
474 240 286 
624 211 165 
519 218 263 
582 222 196 
476 276 248 
522 208 270 
513 268 219 
505 219 276 
513 260 227 
514 200 286 
554 294 152 
538 235 227 
618 221 161 
490 249 261 
539 222 239 
470 219 311 
493 245 262 
558 285 157 
515 225 260 
547 270 183 
627 201 172 
509 285 206 
546 232 222 
565 266 169 
448 295 257 
553 231 216 
521 263 216 
516 230 254 
527 284 189 
537 222 241 
623 199 178 
514 230 256 
554 198 248 
583 219 198 
469 245 286 
561 251 188 
470 247 283 
585 245 170 
518 239 243 
587 220 193 
489 249 262 
547 257 196 
582 269 149 
567 231 202 
622 211 167 
494 242 264 
511 251 238 
514 260 226 
548 206 246 
519 261 220 
520 242 238 
561 245 194 
549 205 246 
524 245 231 
589 256 155 
459 237 304 
516 231 253 
542 291 167 
577 241 182 
541 238 221 
562 229 209 
508 255 237 
627 219 154 
598 214 188 
558 280 162 
497 220 283 
479 258 263 
534 159 307 
526 225 249 
493 228 279 
564 272 164 
623 235 142 
512 251 237 
544 263 193 
552 263 185 
502 226 272 
547 255 198 
587 261 152 
572 245 183 
470 296 234 
663 238 99 
594 239 167 
532 283 185 
622 219 159 
535 279 186 
514 262 224 
535 262 203 
544 292 164 
450 282 268 
528 255 217 
617 186 197 
561 259 180 
583 267 150 
444 228 328 
535 233 232 
504 318 178 
502 232 266 
597 194 209 
536 246 218 
544 269 187 
608 228 164 
437 275 288 
541 265 194 
591 263 146 
505 277 218 
566 259 175 
520 229 251 
506 262 232 
473 263 264 
544 278 178 
563 258 179 
550 247 203 
496 231 273 
490 267 243 
538 221 241 
625 199 176 
465 262 273 
519 235 246 
492 224 284 
511 240 249 
538 287 175 
508 288 204 
543 254 203 
566 251 183 
523 281 196 
473 237 290 
619 212 169 
506 251 243 
483 272 245 
596 225 179 
460 285 255 
571 267 162 
555 237 208 
534 237 229 
539 290 171 
538 302 160 
538 240 222 
538 271 191 
388 254 358 
520 197 283 
539 205 256 
535 234 231 
487 279 234 
512 246 242 
479 211 310 
532 220 248 
551 238 211 
659 195 146 
546 228 226 
514 295 191 
496 247 257 
595 254 151 
552 224 224 
556 281 163 
520 285 195 
536 276 188 
572 231 197 
557 262 181 
462 278 260 
461 206 333 
465 261 274 
511 258 231 
580 200 220 
460 267 273 
542 239 219 
527 243 230 
534 205 261 
554 275 171 
518 261 221 
511 222 267 
521 239 240 
550 281 169 
530 223 247 
516 306 178 
583 246 171 
558 220 222 
562 223 215 
650 213 137 
495 243 262 
535 249 216 
539 207 254 
490 320 190 
544 275 181 
501 267 232 
593 247 160 
492 283 225 
574 274 152 
516 228 256 
562 254 184 
480 219 301 
485 236 279 
556 238 206 
503 258 239 
510 318 172 
508 286 206 
564 227 209 
488 295 217 
476 307 217 
406 239 355 
543 300 157 
562 274 164 
546 232 222 
553 246 201 
547 217 236 
518 263 219 
542 211 247 
563 258 179 
535 261 204 
503 209 288 
531 258 211 
468 288 244 
527 275 198 
529 266 205 
582 237 181 
486 271 243 
529 233 238 
592 192 216 
472 248 280 
587 211 202 
549 264 187 
491 249 260 
505 269 226 
477 270 253 
537 283 180 
451 226 323 
497 282 221 
594 282 124 
586 237 177 
458 250 292 
513 243 244 
497 247 256 
541 244 215 
573 279 148 
502 284 214 
569 262 169 
540 257 203 
517 275 208 
575 234 191 
504 301 195 
482 225 293 
571 207 222 
477 233 290 
590 218 192 
510 219 271 
442 208 350 
570 237 193 
532 245 223 
576 242 182 
439 274 287 
550 244 206 
483 252 265 
489 227 284 
560 217 223 
576 267 157 
534 251 215 
510 265 225 
602 264 134 
533 250 217 
613 193 194 
607 205 188 
514 239 247 
487 245 268 
522 227 251 
487 323 190 
590 262 148 
539 262 199 
572 197 231 
548 249 203 
544 289 167 
471 212 317 
503 281 216 
486 252 262 
607 253 140 
480 285 235 
574 212 214 
568 188 244 
575 272 153 
490 233 277 
489 207 304 
489 254 257 
544 243 213 
584 224 192 
516 207 277 
499 270 231 
507 256 237 
558 212 230 
567 212 221 
523 238 239 
506 266 228 
528 239 233 
463 300 237 
537 269 194 
617 248 135 
481 255 264 
533 263 204 
536 274 190 
625 216 159 
538 203 259 
540 274 186 
564 236 200 
497 275 228 
548 223 229 
497 260 243 
486 330 184 
540 243 217 
527 241 232 
569 212 219 
500 288 212 
555 229 216 
490 243 267 
496 301 203 
560 231 209 
479 226 295 
504 244 252 
447 241 312 
475 264 261 
554 258 188 
473 272 255 
441 254 305 
476 254 270 
472 229 299 
480 325 195 
462 286 252 
496 212 292 
476 280 244 
426 298 276 
505 225 270 
513 250 237 
574 246 180 
528 278 194 
601 260 139 
468 292 240 
457 259 284 
639 202 159 
580 276 144 
501 198 301 
492 267 241 
638 242 120 
492 243 265 
485 260 255 
482 318 200 
512 244 244 
469 206 325 
533 241 226 
592 229 179 
462 264 274 
555 285 160 
561 221 218 
416 235 349 
553 255 192 
480 232 288 
534 292 174 
535 272 193 
566 280 154 
465 279 256 
505 261 234 
450 246 304 
530 284 186 
505 216 279 
518 240 242 
552 255 193 
596 231 173 
464 251 285 
587 246 167 
540 192 268 
584 265 151 
474 278 248 
531 267 202 
557 211 232 
557 199 244 
567 225 208 
569 233 198 
503 249 248 
513 244 243 
445 324 231 
607 241 152 
528 305 167 
468 245 287 
576 242 182 
553 238 209 
566 259 175 
525 243 232 
514 303 183 
465 271 264 
529 232 239 
503 283 214 
541 221 238 
613 175 212 
442 258 300 
524 235 241 
552 234 214 
503 263 234 
590 243 167 
565 263 172 
536 234 230 
563 252 185 
558 272 170 
503 261 236 
527 250 223 
591 222 187 
579 227 194 
561 221 218 
486 279 235 
423 260 317 
519 272 209 
546 235 219 
554 266 180 
587 246 167 
529 244 227 
549 217 234 
395 272 333 
480 239 281 
576 237 187 
408 220 372 
524 258 218 
502 182 316 
495 275 230 
492 236 272 
448 242 310 
462 262 276 
584 231 185 
590 230 180 
433 212 355 
536 306 158 
553 240 207 
536 268 196 
541 238 221 
565 213 222 
493 283 224 
566 248 186 
538 248 214 
638 172 190 
544 257 199 
474 227 299 
452 233 315 
462 257 281 
582 271 147 
556 264 180 
514 186 300 
432 286 282 
579 212 209 
501 302 197 
591 254 155 
525 202 273 
500 256 244 
482 242 276 
476 297 227 
568 211 221 
523 250 227 
556 245 199 
524 240 236 
530 258 212 
573 229 198 
425 237 338 
566 256 178 
516 237 247 
567 269 164 
539 251 210 
480 237 283 
493 258 249 
521 263 216 
539 239 222 
547 215 238 
557 275 168 
505 306 189 
499 254 247 
517 263 220 
579 206 215 
594 228 178 
437 251 312 
557 274 169 
552 222 226 
582 242 176 
555 233 212 
587 223 190 
535 216 249 
523 213 264 
575 247 178 
622 226 152 
521 284 195 
517 288 195 
511 282 207 
568 274 158 
557 249 194 
539 241 220 
523 257 220 
490 267 243 
487 219 294 
530 260 210 
489 295 216 
492 291 217 
503 195 302 
486 286 228 
495 248 257 
550 246 204 
526 264 210 
604 209 187 
466 259 275 
560 217 223 
576 223 201 
603 200 197 
546 253 201 
541 272 187 
571 281 148 
599 221 180 
484 247 269 
585 269 146 
485 277 238 
482 318 200 
563 231 206 
497 235 268 
557 232 211 
543 204 253 
616 241 143 
477 292 231 
476 239 285 
591 208 201 
542 273 185 
520 261 219 
571 264 165 
525 202 273 
482 269 249 
562 209 229 
544 269 187 
552 198 250 
467 307 226 
581 211 208 
577 246 177 
608 252 140 
495 240 265 
547 250 203 
490 277 233 
426 246 328 
534 241 225 
553 223 224 
542 203 255 
603 217 180 
542 236 222 
539 242 219 
520 306 174 
508 274 218 
588 240 172 
560 205 235 
502 290 208 
512 244 244 
505 254 241 
525 234 241 
515 285 200 
495 289 216 
532 232 236 
539 177 284 
480 246 274 
555 251 194 
512 213 275 
533 226 241 
517 220 263 
515 234 251 
513 210 277 
524 257 219 
527 290 183 
536 286 178 
540 246 214 
527 231 242 
532 223 245 
516 252 232 
632 217 151 
535 233 232 
523 245 232 
532 234 234 
582 256 162 
623 219 158 
498 226 276 
561 165 274 
549 294 157 
520 256 224 
520 243 237 
514 285 201 
540 262 198 
500 231 269 
550 212 238 
444 184 372 
533 238 229 
511 213 276 
