520 257 223 
476 260 264 
571 214 215 
571 238 191 
587 249 164 
560 213 227 
509 222 269 
525 223 252 
595 237 168 
556 257 187 
581 261 158 
518 267 215 
546 253 201 
549 267 184 
541 281 178 
551 266 183 
514 217 269 
547 232 221 
503 283 214 
482 248 270 
550 230 220 
519 222 259 
539 243 218 
454 304 242 
586 235 179 
574 249 177 
552 202 246 
486 276 238 
491 235 274 
535 290 175 
509 277 214 
580 229 191 
555 249 196 
547 231 222 
448 236 316 
566 247 187 
509 253 238 
559 268 173 
509 253 238 
473 265 262 
560 202 238 
599 220 181 
501 259 240 
546 240 214 
578 254 168 
499 307 194 
479 235 286 
522 194 284 
515 232 253 
523 258 219 
486 275 239 
479 275 246 
508 232 260 
539 271 190 
500 270 230 
519 276 205 
612 228 160 
506 245 249 
567 247 186 
529 266 205 
563 254 183 
529 263 208 
530 282 188 
576 279 145 
537 283 180 
485 198 317 
549 219 232 
545 199 256 
534 226 240 
484 226 290 
529 243 228 
612 226 162 
499 241 260 
563 193 244 
563 251 186 
554 279 167 
527 204 269 
497 254 249 
522 240 238 
533 198 269 
428 221 351 
520 257 223 
526 252 222 
447 252 301 
558 236 206 
410 195 395 
595 246 159 
608 220 172 
449 261 290 
532 267 201 
521 241 238 
504 275 221 
454 201 345 
618 235 147 
517 213 270 
577 230 193 
520 246 234 
492 295 213 
528 271 201 
544 208 248 
557 252 191 
463 266 271 
526 293 181 
558 224 218 
517 254 229 
518 285 197 
505 262 233 
550 209 241 
519 257 224 
555 242 203 
527 282 191 
521 254 225 
451 255 294 
556 264 180 
508 290 202 
477 214 309 
473 284 243 
580 249 171 
516 256 228 
438 233 329 
493 248 259 
602 245 153 
540 282 178 
445 250 305 
483 292 225 
485 246 269 
471 265 264 
521 264 215 
506 219 275 
505 261 234 
474 250 276 
537 261 202 
483 226 291 
509 229 262 
563 245 192 
528 297 175 
526 277 197 
512 276 212 
549 226 225 
527 264 209 
539 215 246 
528 231 241 
499 247 254 
441 295 264 
523 249 228 
569 256 175 
523 241 236 
462 276 262 
485 252 263 
486 205 309 
502 201 297 
611 208 181 
495 260 245 
533 259 208 
504 310 186 
515 226 259 
589 231 180 
533 262 205 
477 234 289 
550 238 212 
541 249 210 
534 221 245 
502 257 241 
556 187 257 
507 210 283 
534 218 248 
558 242 200 
608 239 153 
538 248 214 
581 248 171 
546 259 195 
545 230 225 
500 266 234 
479 267 254 
524 267 209 
513 244 243 
508 241 251 
481 227 292 
500 230 270 
567 233 200 
559 250 191 
550 244 206 
567 266 167 
605 226 169 
511 271 218 
500 280 220 
521 263 216 
550 189 261 
582 245 173 
499 288 213 
517 282 201 
608 273 119 
509 246 245 
474 311 215 
434 287 279 
552 268 180 
464 220 316 
572 271 157 
524 253 223 
460 261 279 
506 282 212 
602 224 174 
495 287 218 
497 245 258 
615 245 140 
498 281 221 
520 277 203 
422 295 283 
507 261 232 
579 263 158 
505 284 211 
538 203 259 
540 268 192 
556 242 202 
571 239 190 
584 286 130 
570 245 185 
472 248 280 
566 255 179 
552 245 203 
477 288 235 
559 230 211 
481 237 282 
528 219 253 
515 242 243 
522 257 221 
482 241 277 
534 244 222 
486 309 205 
462 243 295 
541 276 183 
504 242 254 
517 236 247 
532 236 232 
530 269 201 
470 315 215 
536 249 215 
499 289 212 
516 262 222 
525 273 202 
495 279 226 
547 240 213 
496 232 272 
529 276 195 
513 280 207 
524 284 192 
578 216 206 
495 253 252 
491 232 277 
475 240 285 
507 253 240 
434 285 281 
486 286 228 
554 250 196 
488 240 272 
590 266 144 
517 242 241 
601 223 176 
568 243 189 
606 220 174 
557 241 202 
523 232 245 
575 271 154 
425 284 291 
465 264 271 
460 271 269 
519 213 268 
549 246 205 
510 220 270 
532 229 239 
483 285 232 
496 241 263 
559 213 228 
501 278 221 
536 259 205 
495 263 242 
594 156 250 
439 278 283 
483 267 250 
444 277 279 
541 220 239 
552 221 227 
518 256 226 
439 239 322 
551 235 214 
516 207 277 
540 280 180 
532 275 193 
542 265 193 
546 259 195 
407 288 305 
548 230 222 
549 235 216 
539 207 254 
561 260 179 
502 275 223 
565 265 170 
538 274 188 
496 244 260 
559 257 184 
507 221 272 
597 221 182 
586 186 228 
551 250 199 
498 289 213 
575 209 216 
547 243 210 
557 231 212 
521 248 231 
491 250 259 
514 243 243 
551 263 186 
463 289 248 
493 239 268 
540 241 219 
587 226 187 
475 238 287 
567 208 225 
522 207 271 
500 244 256 
500 234 266 
563 243 194 
488 258 254 
543 269 188 
569 243 188 
520 246 234 
511 232 257 
486 224 290 
539 295 166 
485 252 263 
514 274 212 
536 223 241 
507 221 272 
522 211 267 
529 288 183 
597 221 182 
508 196 296 
454 236 310 
526 283 191 
544 247 209 
526 264 210 
578 254 168 
514 236 250 
548 260 192 
567 223 210 
500 287 213 
529 202 269 
565 173 262 
468 236 296 
550 223 227 
524 241 235 
544 225 231 
511 260 229 
542 304 154 
591 259 150 
621 217 162 
523 280 197 
569 278 153 
587 271 142 
492 242 266 
564 222 214 
546 258 196 
526 259 215 
547 259 194 
551 233 216 
550 212 238 
447 200 353 
575 196 229 
478 317 205 
511 231 258 
502 243 255 
510 292 198 
483 277 240 
456 260 284 
647 185 168 
503 253 244 
614 234 152 
506 237 257 
494 253 253 
519 278 203 
441 224 335 
613 223 164 
510 236 254 
561 245 194 
469 256 275 
506 258 236 
494 280 226 
566 235 199 
477 238 285 
509 282 209 
526 272 202 
571 265 164 
532 273 195 
485 237 278 
520 248 232 
553 242 205 
540 265 195 
621 263 116 
544 242 214 
561 238 201 
544 285 171 
550 239 211 
478 267 255 
530 264 206 
481 257 262 
576 256 168 
498 286 216 
473 238 289 
480 252 268 
559 238 203 
532 255 213 
432 225 343 
588 233 179 
550 255 195 
504 258 238 
484 245 271 
448 286 266 
508 288 204 
577 211 212 
486 248 266 
587 265 148 
539 251 210 
554 271 175 
490 285 225 
550 227 223 
554 241 205 
602 215 183 
540 229 231 
529 247 224 
528 283 189 
519 229 252 
474 279 247 
435 213 352 
474 220 306 
554 275 171 
474 266 260 
537 266 197 
585 250 165 
590 251 159 
502 250 248 
494 228 278 
513 263 224 
472 250 278 
592 223 185 
596 212 192 
501 208 291 
471 302 227 
525 237 238 
531 277 192 
559 249 192 
528 235 237 
553 226 221 
502 246 252 
533 253 214 
550 234 216 
559 226 215 
597 231 172 
562 270 168 
579 258 163 
480 244 276 
504 251 245 
521 268 211 
573 262 165 
562 266 172 
497 257 246 
474 300 226 
485 268 247 
516 204 280 
482 221 297 
541 266 193 
485 251 264 
601 237 162 
547 240 213 
509 268 223 
526 250 224 
488 280 232 
518 244 238 
590 247 163 
576 233 191 
505 228 267 
559 270 171 
543 250 207 
548 241 211 
533 256 211 
554 262 184 
554 258 188 
557 220 223 
464 279 257 
574 210 216 
522 254 224 
564 183 253 
561 275 164 
500 290 210 
555 221 224 
546 231 223 
485 276 239 
526 261 213 
568 229 203 
522 247 231 
524 255 221 
569 255 176 
510 211 279 
512 250 238 
503 290 207 
521 260 219 
441 251 308 
548 242 210 
466 266 268 
601 231 168 
553 267 180 
556 279 165 
581 265 154 
497 262 241 
443 254 303 
498 221 281 
531 224 245 
640 204 156 
495 255 250 
545 229 226 
526 274 200 
574 220 206 
561 277 162 
550 224 226 
534 257 209 
571 286 143 
502 220 278 
475 250 275 
519 242 239 
521 238 241 
466 234 300 
462 200 338 
517 305 178 
395 215 390 
529 233 238 
484 274 242 
536 256 208 
542 278 180 
581 269 150 
524 244 232 
512 251 237 
569 209 222 
489 213 298 
430 282 288 
572 192 236 
521 259 220 
570 246 184 
512 302 186 
494 289 217 
553 189 258 
544 290 166 
518 200 282 
525 238 237 
577 238 185 
592 236 172 
543 209 248 
550 214 236 
509 331 160 
493 274 233 
521 229 250 
577 243 180 
530 227 243 
485 254 261 
525 259 216 
493 256 251 
521 286 193 
608 190 202 
569 237 194 
529 240 231 
521 229 250 
512 284 204 
548 223 229 
488 191 321 
462 344 194 
606 252 142 
523 281 196 
556 263 181 
582 251 167 
625 206 169 
529 245 226 
501 198 301 
564 256 180 
514 280 206 
576 225 199 
539 221 240 
464 243 293 
600 236 164 
541 243 216 
498 258 244 
553 268 179 
498 255 247 
515 247 238 
501 279 220 
565 294 141 
508 214 278 
477 245 278 
526 260 214 
491 232 277 
573 247 180 
558 243 199 
497 236 267 
506 254 240 
558 173 269 
482 289 229 
481 267 252 
477 255 268 
536 251 213 
524 258 218 
536 226 238 
549 243 208 
557 241 202 
493 251 256 
510 223 267 
594 221 185 
491 246 263 
536 268 196 
541 258 201 
447 232 321 
548 233 219 
534 254 212 
533 207 260 
466 260 274 
541 249 210 
591 204 205 
518 256 226 
537 199 264 
632 219 149 
586 200 214 
549 252 199 
587 258 155 
504 288 208 
542 223 235 
499 240 261 
616 243 141 
539 279 182 
479 260 261 
519 276 205 
537 261 202 
486 285 229 
543 251 206 
621 208 171 
550 256 194 
519 215 266 
518 294 188 
495 257 248 
559 211 230 
554 294 152 
482 226 292 
540 225 235 
504 289 207 
566 226 208 
559 243 198 
549 270 181 
459 255 286 
608 244 148 
467 262 271 
425 226 349 
584 211 205 
545 194 261 
496 249 255 
469 261 270 
589 197 214 
506 270 224 
514 251 235 
490 241 269 
522 255 223 
522 267 211 
500 236 264 
545 236 219 
528 241 231 
552 236 212 
445 243 312 
535 236 229 
503 237 260 
531 237 232 
485 206 309 
485 237 278 
481 244 275 
531 196 273 
618 276 106 
462 262 276 
570 249 181 
516 234 250 
593 170 237 
510 160 330 
575 264 161 
555 204 241 
484 271 245 
477 210 313 
499 265 236 
584 257 159 
553 260 187 
571 261 168 
448 280 272 
477 295 228 
495 251 254 
441 204 355 
498 255 247 
506 281 213 
593 232 175 
556 252 192 
528 254 218 
489 265 246 
573 238 189 
561 226 213 
604 232 164 
556 273 171 
559 173 268 
541 258 201 
554 237 209 
576 197 227 
559 245 196 
539 210 251 
513 218 269 
595 197 208 
480 265 255 
534 286 180 
547 262 191 
550 272 178 
548 252 200 
524 299 177 
455 218 327 
532 216 252 
453 228 319 
506 284 210 
606 181 213 
501 312 187 
531 266 203 
519 287 194 
532 279 189 
502 225 273 
537 272 191 
548 245 207 
551 206 243 
467 273 260 
499 278 223 
522 295 183 
542 314 144 
493 226 281 
522 201 277 
477 272 251 
431 316 253 
508 265 227 
490 284 226 
459 326 215 
547 296 157 
507 294 199 
493 233 274 
597 260 143 
580 255 165 
499 251 250 
520 232 248 
456 300 244 
531 302 167 
566 217 217 
553 248 199 
476 231 293 
485 239 276 
577 231 192 
610 266 124 
535 252 213 
479 297 224 
521 231 248 
596 237 167 
508 258 234 
536 237 227 
588 249 163 
446 256 298 
581 248 171 
578 246 176 
598 208 194 
492 235 273 
541 213 246 
468 252 280 
501 280 219 
476 229 295 
501 248 251 
577 235 188 
518 254 228 
446 298 256 
528 233 239 
471 267 262 
520 241 239 
570 272 158 
522 269 209 
540 225 235 
522 283 195 
501 266 233 
504 253 243 
534 269 197 
523 258 219 
478 246 276 
565 236 199 
477 276 247 
515 203 282 
395 261 344 
510 254 236 
512 261 227 
567 246 187 
511 200 289 
565 251 184 
593 237 170 
496 269 235 
566 240 194 
501 267 232 
525 303 172 
579 243 178 
509 244 247 
589 243 168 
598 232 170 
548 215 237 
495 226 279 
534 227 239 
568 194 238 
507 253 240 
523 260 217 
476 248 276 
476 294 230 
542 229 229 
557 227 216 
555 233 212 
540 256 204 
440 282 278 
491 250 259 
461 225 314 
502 245 253 
565 245 190 
465 224 311 
547 270 183 
533 252 215 
520 271 209 
567 225 208 
547 240 213 
515 269 216 
544 239 217 
474 226 300 
513 254 233 
559 262 179 
483 284 233 
590 228 182 
565 218 217 
579 225 196 
506 254 240 
490 246 264 
591 233 176 
509 267 224 
484 252 264 
429 237 334 
537 243 220 
508 228 264 
549 270 181 
589 245 166 
543 259 198 
564 242 194 
533 221 246 
597 219 184 
513 277 210 
524 241 235 
500 210 290 
500 252 248 
561 218 221 
459 301 240 
521 195 284 
464 275 261 
505 265 230 
506 219 275 
629 191 180 
544 212 244 
502 240 258 
529 254 217 
569 236 195 
567 249 184 
488 245 267 
597 214 189 
592 203 205 
554 259 187 
492 274 234 
572 208 220 
508 248 244 
608 235 157 
524 225 251 
602 239 159 
513 225 262 
474 255 271 
501 237 262 
504 265 231 
531 243 226 
561 277 162 
534 251 215 
503 225 272 
565 267 168 
604 244 152 
517 221 262 
517 273 210 
523 282 195 
562 211 227 
487 303 210 
537 206 257 
498 289 213 
518 255 227 
519 251 230 
492 262 246 
516 234 250 
554 257 189 
571 262 167 
506 208 286 
529 269 202 
630 228 142 
457 213 330 
500 249 251 
478 262 260 
571 217 212 
494 225 281 
549 239 212 
558 230 212 
509 230 261 
546 257 197 
553 257 190 
529 284 187 
533 286 181 
577 220 203 
535 239 226 
495 227 278 
522 229 249 
510 271 219 
460 216 324 
466 240 294 
623 217 160 
559 231 210 
575 252 173 
533 244 223 
522 243 235 
565 230 205 
462 282 256 
462 293 245 
422 233 345 
526 285 189 
566 236 198 
556 227 217 
498 245 257 
518 256 226 
516 288 196 
592 239 169 
458 256 286 
554 241 205 
482 270 248 
557 241 202 
530 244 226 
500 224 276 
552 257 191 
514 265 221 
537 252 211 
526 221 253 
610 245 145 
638 185 177 
572 204 224 
515 218 267 
544 224 232 
536 248 216 
424 215 361 
485 256 259 
519 285 196 
518 297 185 
497 263 240 
503 261 236 
553 261 186 
483 254 263 
517 269 214 
662 207 131 
493 238 269 
528 301 171 
491 293 216 
468 211 321 
586 231 183 
546 256 198 
501 319 180 
493 261 246 
532 244 224 
495 288 217 
577 228 195 
602 198 200 
542 249 209 
560 255 185 
583 295 122 
570 236 194 
530 257 213 
545 264 191 
511 248 241 
516 253 231 
520 249 231 
494 232 274 
547 230 223 
487 246 267 
461 245 294 
469 262 269 
450 228 322 
571 241 188 
465 259 276 
537 235 228 
498 236 266 
505 237 258 
