0 15 209 
0 9 200 
0 32 196 
0 49 159 
0 14 187 
0 22 150 
0 8 170 
0 25 203 
0 14 224 
0 13 230 
0 14 235 
0 13 185 
0 19 132 
0 16 195 
0 25 227 
0 14 179 
0 14 184 
0 24 162 
0 8 111 
0 13 158 
0 27 189 
0 18 189 
0 9 270 
0 15 179 
0 5 222 
0 21 175 
0 5 222 
0 22 124 
0 21 191 
0 27 141 
0 25 194 
0 9 217 
0 8 189 
0 18 186 
0 21 137 
0 10 188 
0 19 177 
0 9 147 
0 14 174 
0 25 174 
0 21 179 
0 21 186 
0 44 160 
0 21 161 
0 15 190 
0 13 205 
0 17 132 
0 20 155 
0 10 191 
0 10 162 
0 11 212 
0 11 162 
0 6 162 
0 5 183 
0 18 186 
0 10 155 
0 13 188 
0 11 204 
0 13 171 
0 13 242 
0 6 164 
0 20 184 
0 32 153 
0 18 214 
0 6 175 
0 11 193 
0 20 214 
0 18 191 
0 29 161 
0 17 182 
0 14 160 
0 7 212 
0 5 197 
0 10 225 
0 10 224 
0 4 187 
0 12 206 
0 7 173 
0 7 207 
0 16 177 
0 17 219 
0 27 185 
0 10 179 
0 6 147 
0 32 145 
0 24 196 
0 31 180 
0 4 164 
0 5 194 
0 9 152 
0 11 192 
0 14 217 
0 28 216 
0 9 196 
0 13 152 
0 11 182 
0 9 228 
0 33 197 
0 13 207 
0 30 213 
0 9 182 
0 12 184 
0 28 147 
0 14 159 
0 53 154 
0 8 183 
0 29 209 
0 14 161 
0 15 194 
0 15 184 
0 19 151 
0 26 166 
0 3 159 
0 12 191 
0 1 121 
0 7 229 
0 28 187 
0 17 205 
0 28 178 
0 20 170 
0 9 187 
0 9 191 
0 13 198 
0 8 187 
0 6 150 
0 10 134 
0 8 163 
0 12 158 
0 18 197 
0 23 171 
0 15 159 
0 12 181 
0 6 263 
0 10 182 
0 22 184 
0 7 161 
0 13 169 
0 6 174 
0 16 155 
0 9 199 
0 55 166 
0 9 201 
0 5 168 
0 8 195 
0 5 191 
0 18 173 
0 16 193 
0 15 147 
0 14 159 
0 12 196 
0 28 209 
0 13 156 
0 19 187 
0 12 193 
0 49 196 
0 12 215 
0 15 239 
0 20 221 
0 16 194 
0 21 177 
0 33 201 
0 16 180 
0 23 130 
0 9 164 
0 26 182 
0 15 159 
0 3 192 
0 32 152 
0 20 177 
0 12 172 
0 30 153 
0 4 217 
0 30 158 
0 27 133 
0 23 163 
0 18 238 
0 14 198 
0 22 157 
0 13 192 
0 8 145 
0 16 200 
0 8 185 
0 11 135 
0 25 218 
0 15 192 
0 14 143 
0 12 139 
0 3 229 
0 9 177 
0 9 198 
0 5 183 
0 11 152 
0 7 202 
0 5 186 
0 26 248 
0 18 211 
0 14 225 
0 15 190 
0 11 219 
0 17 199 
0 7 158 
0 19 177 
0 16 173 
0 9 207 
0 20 170 
0 8 196 
0 36 136 
0 8 237 
0 13 195 
0 14 200 
0 4 167 
0 14 156 
0 11 189 
0 4 248 
0 16 195 
0 14 195 
0 18 166 
0 5 196 
0 16 178 
0 21 180 
0 5 155 
0 9 142 
0 20 165 
0 13 160 
0 7 205 
0 8 188 
0 24 134 
0 16 231 
0 23 225 
0 25 199 
0 8 198 
0 15 172 
0 21 205 
0 51 210 
0 20 193 
0 13 133 
0 13 249 
0 11 157 
0 7 221 
0 13 165 
0 19 206 
0 22 142 
0 9 177 
0 17 188 
0 14 279 
0 12 206 
0 11 201 
0 28 210 
0 17 174 
0 17 145 
0 22 170 
0 32 151 
0 18 191 
0 11 160 
0 11 221 
0 8 186 
0 13 225 
0 7 171 
0 26 170 
0 15 188 
0 10 179 
0 17 224 
0 5 228 
0 6 135 
0 9 179 
0 45 152 
0 19 227 
0 13 223 
0 23 153 
0 36 234 
0 4 211 
0 29 201 
0 10 223 
0 21 123 
0 15 195 
0 8 155 
0 6 209 
0 26 191 
0 14 207 
0 14 128 
0 7 280 
0 9 172 
0 17 161 
0 16 173 
0 11 155 
0 13 188 
0 7 169 
0 23 181 
0 27 194 
0 11 154 
0 12 187 
0 14 168 
0 18 262 
0 19 160 
0 19 140 
0 20 202 
0 12 199 
0 16 173 
0 5 274 
0 14 155 
0 14 192 
0 10 183 
0 20 177 
0 6 220 
0 24 170 
0 25 155 
0 10 220 
0 8 208 
0 5 242 
0 12 218 
0 36 216 
0 13 172 
0 27 200 
0 9 166 
0 21 138 
0 35 190 
0 8 207 
0 15 188 
0 18 147 
0 14 144 
0 6 229 
0 14 209 
0 4 192 
0 32 197 
0 8 195 
0 8 139 
0 12 163 
0 16 155 
0 18 161 
0 20 189 
0 16 201 
0 30 178 
0 6 141 
0 17 173 
0 24 161 
0 32 190 
0 20 149 
0 5 203 
0 29 121 
0 29 208 
0 15 171 
0 14 210 
0 8 165 
0 18 196 
0 9 183 
0 18 237 
0 17 197 
0 9 157 
0 20 134 
0 19 221 
0 3 151 
0 16 188 
0 4 258 
0 5 149 
0 10 171 
0 23 191 
0 21 196 
0 9 182 
0 33 163 
0 36 188 
0 11 195 
0 21 171 
0 16 187 
0 4 198 
0 21 240 
0 15 217 
0 16 122 
0 16 154 
0 12 170 
0 18 171 
0 11 186 
0 5 167 
0 8 147 
0 25 221 
0 19 126 
0 22 238 
0 2 219 
0 9 226 
0 4 188 
0 6 175 
0 21 179 
0 21 138 
0 13 173 
0 28 185 
0 5 142 
0 12 159 
0 10 188 
0 14 158 
0 16 176 
0 14 189 
0 10 151 
0 7 191 
0 30 212 
0 6 146 
0 17 157 
0 7 138 
0 8 171 
0 13 176 
0 25 150 
0 21 169 
0 20 178 
0 22 182 
0 14 157 
0 12 194 
0 19 192 
0 17 167 
0 11 204 
0 18 178 
0 19 222 
0 17 215 
0 9 206 
0 20 175 
0 22 217 
0 19 184 
0 28 150 
0 11 185 
0 24 153 
0 6 175 
0 12 165 
0 8 188 
0 8 183 
0 5 161 
0 19 185 
0 34 171 
0 15 165 
0 19 146 
0 16 221 
0 7 174 
0 13 194 
0 14 229 
0 11 205 
0 18 177 
0 9 119 
0 19 182 
0 23 182 
0 19 153 
0 4 194 
0 8 221 
0 23 171 
0 35 218 
0 21 155 
0 18 193 
0 20 213 
0 5 170 
0 8 181 
0 12 166 
0 9 178 
0 16 194 
0 4 226 
0 15 180 
0 25 200 
0 13 169 
0 16 115 
0 4 187 
0 15 209 
0 24 174 
0 10 196 
0 19 184 
0 20 161 
0 4 201 
0 9 167 
0 18 169 
0 4 185 
0 34 157 
0 14 163 
0 13 160 
0 22 211 
0 10 145 
0 15 177 
0 14 145 
0 8 212 
0 25 183 
0 9 192 
0 10 208 
0 11 248 
0 9 193 
0 19 188 
0 25 165 
0 1 211 
0 21 147 
0 10 170 
0 19 210 
0 2 154 
0 13 159 
0 17 168 
0 18 191 
0 26 191 
0 8 190 
0 17 181 
0 22 247 
0 12 193 
0 16 209 
0 16 138 
0 8 122 
0 3 170 
0 11 184 
0 11 217 
0 16 160 
0 11 198 
0 13 217 
0 13 176 
0 3 176 
0 28 189 
0 23 220 
0 22 241 
0 12 185 
0 19 213 
0 19 202 
0 12 179 
0 11 248 
0 23 153 
0 15 195 
0 27 173 
0 11 185 
0 13 211 
0 11 219 
0 28 128 
0 11 175 
0 13 201 
0 24 119 
0 15 166 
0 37 229 
0 16 145 
0 22 178 
0 25 222 
0 17 235 
0 2 200 
0 10 242 
0 10 176 
0 23 211 
0 10 194 
0 19 164 
0 18 160 
0 7 208 
0 19 133 
0 6 252 
0 29 197 
0 19 169 
0 14 224 
0 26 150 
0 4 167 
0 16 199 
0 15 174 
0 18 195 
0 25 188 
0 5 154 
0 8 143 
0 12 205 
0 21 153 
0 11 210 
0 14 219 
0 41 208 
0 9 185 
0 13 175 
0 33 252 
0 29 159 
0 7 180 
0 12 198 
0 23 183 
0 19 157 
0 8 195 
0 12 192 
0 27 163 
0 27 189 
0 17 207 
0 24 181 
0 31 185 
0 7 161 
0 15 185 
0 14 234 
0 16 146 
0 9 180 
0 39 136 
0 19 163 
0 1 189 
0 16 206 
0 38 178 
0 11 153 
0 8 261 
0 7 181 
0 20 179 
0 22 194 
0 6 158 
0 34 157 
0 9 254 
0 23 149 
0 24 204 
0 15 212 
0 9 179 
0 4 209 
0 6 183 
0 8 204 
0 9 136 
0 17 182 
0 15 161 
0 17 158 
0 6 194 
0 12 161 
0 5 153 
0 15 125 
0 16 167 
0 23 171 
0 12 170 
0 20 208 
0 20 169 
0 14 198 
0 16 142 
0 15 180 
0 19 188 
0 11 163 
0 25 193 
0 14 216 
0 7 130 
0 15 184 
0 11 142 
0 10 173 
0 12 229 
0 29 238 
0 31 191 
0 15 182 
0 19 227 
0 9 211 
0 9 243 
0 16 167 
0 15 190 
0 27 169 
0 5 167 
0 18 171 
0 20 218 
0 15 191 
0 7 191 
0 8 235 
0 18 186 
0 23 151 
0 15 180 
0 17 161 
0 17 185 
0 12 236 
0 9 179 
0 2 190 
0 21 163 
0 19 203 
0 8 184 
0 30 180 
0 22 192 
0 12 138 
