0 180 62 
0 94 44 
0 135 82 
0 116 28 
0 47 37 
0 173 43 
0 71 158 
0 101 61 
0 156 22 
0 132 43 
0 95 35 
0 97 24 
0 89 32 
0 125 44 
0 183 21 
0 97 25 
0 131 60 
0 117 26 
0 121 30 
0 167 38 
0 98 33 
0 151 45 
0 123 41 
0 84 37 
0 87 48 
0 98 15 
0 147 29 
0 168 32 
0 103 17 
0 135 46 
0 117 22 
0 149 28 
0 112 31 
0 146 29 
0 158 33 
0 169 35 
0 161 50 
0 111 36 
0 96 21 
0 147 73 
0 88 93 
0 107 39 
0 119 32 
0 96 67 
0 186 20 
0 143 35 
0 132 20 
0 124 36 
0 140 40 
0 118 52 
0 175 31 
0 123 18 
0 143 33 
0 120 23 
0 137 18 
0 101 44 
0 140 50 
0 138 19 
0 104 42 
0 119 36 
0 174 10 
0 83 36 
0 69 11 
0 125 21 
0 126 44 
0 105 68 
0 116 30 
0 150 9 
0 76 3 
0 98 60 
0 93 86 
0 76 48 
0 90 47 
0 145 16 
0 98 16 
0 102 59 
0 136 18 
0 101 97 
0 134 45 
0 129 87 
0 131 98 
0 167 30 
0 109 40 
0 142 61 
0 165 37 
0 91 5 
0 77 43 
0 142 50 
0 111 32 
0 120 31 
0 93 41 
0 103 24 
0 73 63 
0 117 54 
0 101 39 
0 92 39 
0 102 74 
0 105 36 
0 114 11 
0 148 12 
0 110 3 
0 70 48 
0 159 39 
0 79 44 
0 123 16 
0 95 17 
0 106 13 
0 72 19 
0 115 102 
0 109 53 
0 186 50 
0 111 65 
0 120 31 
0 100 46 
0 74 53 
0 149 44 
0 105 23 
0 132 7 
0 142 39 
0 112 17 
0 184 64 
0 99 14 
0 95 35 
0 121 32 
0 96 14 
0 150 36 
0 168 17 
0 105 20 
0 121 42 
0 152 34 
0 98 19 
0 113 30 
0 82 64 
0 147 27 
0 122 17 
0 63 36 
0 164 23 
0 96 41 
0 79 20 
0 101 59 
0 88 53 
0 92 17 
0 144 10 
0 89 55 
0 95 38 
0 71 27 
0 60 85 
0 124 46 
0 123 71 
0 153 22 
0 78 32 
0 112 111 
0 57 77 
0 129 30 
0 107 69 
0 108 64 
0 82 12 
0 118 72 
0 107 6 
0 173 8 
0 99 79 
0 84 16 
0 115 37 
0 132 28 
0 142 39 
0 113 32 
0 98 64 
0 122 37 
0 145 32 
0 99 52 
0 189 21 
0 142 15 
0 112 36 
0 115 34 
0 135 21 
0 98 50 
0 155 29 
0 91 38 
0 109 46 
0 115 73 
0 197 7 
0 123 39 
0 95 14 
0 62 38 
0 85 16 
0 76 31 
0 83 52 
0 96 27 
0 108 81 
0 103 41 
0 96 66 
0 147 52 
0 135 56 
0 121 40 
0 146 59 
0 124 44 
0 127 27 
0 90 34 
0 95 63 
0 77 94 
0 140 4 
0 106 5 
0 98 49 
0 79 17 
0 79 56 
0 67 79 
0 57 27 
0 79 77 
0 91 94 
0 97 58 
0 164 12 
0 104 19 
0 104 15 
0 128 27 
0 138 45 
0 115 45 
0 161 9 
0 108 70 
0 82 18 
0 91 17 
0 102 45 
0 134 56 
0 140 59 
0 123 65 
0 86 35 
0 168 30 
0 140 38 
0 142 23 
0 112 36 
0 114 22 
0 66 131 
0 124 58 
0 95 27 
0 115 18 
0 78 19 
0 147 60 
0 113 26 
0 105 21 
0 142 48 
0 108 42 
0 104 26 
0 69 50 
0 99 72 
0 69 45 
0 95 6 
0 139 27 
0 116 17 
0 128 58 
0 89 95 
0 81 59 
0 158 89 
0 84 22 
0 61 120 
0 132 63 
0 79 33 
0 92 27 
0 166 34 
0 139 63 
0 124 32 
0 116 12 
0 119 12 
0 134 29 
0 105 31 
0 134 17 
0 105 48 
0 145 34 
0 109 36 
0 81 28 
0 120 33 
0 151 20 
0 165 47 
0 90 37 
0 127 23 
0 123 11 
0 184 66 
0 157 61 
0 96 33 
0 113 13 
0 106 22 
0 101 41 
0 100 58 
0 194 31 
0 89 47 
0 106 84 
0 137 55 
0 131 5 
0 106 13 
0 78 28 
0 120 18 
0 118 35 
0 128 0 
0 165 35 
0 124 80 
0 160 12 
0 138 10 
0 68 26 
0 153 30 
0 161 23 
0 106 26 
0 95 64 
0 116 15 
0 59 15 
0 135 92 
0 109 55 
0 186 31 
0 159 34 
0 77 31 
0 133 44 
0 169 40 
0 126 39 
0 125 26 
0 140 41 
0 112 23 
0 80 59 
0 122 18 
0 97 49 
0 101 67 
0 173 52 
0 114 15 
0 108 30 
0 122 39 
0 156 30 
0 65 61 
0 103 53 
0 109 32 
0 74 52 
0 119 61 
0 122 31 
0 148 34 
0 87 81 
0 75 34 
0 121 16 
0 156 53 
0 125 29 
0 107 33 
0 133 17 
0 137 44 
0 95 23 
0 83 80 
0 171 62 
0 95 61 
0 106 108 
0 104 8 
0 141 13 
0 89 20 
0 81 50 
0 91 40 
0 120 15 
0 148 32 
0 105 65 
0 116 23 
0 122 49 
0 98 65 
0 151 78 
0 94 34 
0 93 46 
0 137 17 
0 96 56 
0 176 10 
0 80 40 
0 135 22 
0 146 14 
0 144 15 
0 110 88 
0 100 44 
0 104 21 
0 93 36 
0 117 24 
0 145 51 
0 137 48 
0 128 69 
0 121 50 
0 134 99 
0 124 8 
0 103 34 
0 131 29 
0 80 55 
0 131 17 
0 86 29 
0 102 22 
0 122 36 
0 104 48 
0 108 43 
0 118 54 
0 118 41 
0 98 6 
0 123 36 
0 110 33 
0 144 48 
0 111 38 
0 73 26 
0 85 34 
0 161 41 
0 116 18 
0 155 14 
0 120 21 
0 100 65 
0 140 22 
0 136 33 
0 44 40 
0 104 81 
0 98 17 
0 150 18 
0 116 2 
0 100 36 
0 75 63 
0 114 22 
0 97 55 
0 153 57 
0 109 27 
0 110 26 
0 99 95 
0 110 71 
0 104 21 
0 92 13 
0 166 18 
0 91 57 
0 81 21 
0 82 24 
0 132 22 
0 89 80 
0 144 21 
0 106 21 
0 158 21 
0 137 39 
0 96 61 
0 91 24 
0 149 36 
0 135 49 
0 135 30 
0 132 44 
0 97 119 
0 137 28 
0 119 37 
0 93 33 
0 112 33 
0 119 65 
0 133 14 
0 144 37 
0 147 24 
0 103 93 
0 87 49 
0 129 49 
0 153 131 
0 107 7 
0 107 22 
0 97 100 
0 102 41 
0 130 44 
0 153 46 
0 153 4 
0 173 24 
0 126 19 
0 75 60 
0 91 4 
0 110 27 
0 110 62 
0 67 71 
0 115 24 
0 76 37 
0 106 6 
0 73 12 
0 127 36 
0 65 39 
0 109 32 
0 83 18 
0 91 31 
0 101 14 
0 108 121 
0 82 2 
0 137 8 
0 125 37 
0 103 54 
0 82 123 
0 120 26 
0 145 64 
0 88 39 
0 111 61 
0 81 48 
0 151 2 
0 176 10 
0 147 29 
0 50 98 
0 101 29 
0 90 52 
0 89 96 
0 111 56 
0 74 86 
0 103 19 
0 140 72 
0 78 15 
0 151 19 
0 133 44 
0 132 41 
0 123 28 
0 117 11 
0 118 12 
0 77 83 
0 71 39 
0 117 52 
0 125 53 
0 146 80 
0 114 7 
0 71 43 
0 102 30 
0 69 24 
0 105 76 
0 46 50 
0 134 3 
0 127 18 
0 134 25 
0 121 22 
0 71 21 
0 58 24 
0 146 35 
0 117 35 
0 158 56 
0 120 82 
0 68 9 
0 111 20 
0 129 48 
0 181 29 
0 95 27 
0 79 15 
0 146 44 
0 111 21 
0 148 8 
0 101 49 
0 91 46 
0 186 44 
0 131 26 
0 112 35 
0 69 9 
0 94 62 
0 85 71 
0 134 12 
0 172 42 
0 121 24 
0 105 38 
0 130 49 
0 109 13 
0 160 22 
0 137 28 
0 114 4 
0 69 18 
0 76 29 
0 115 74 
0 117 43 
0 62 47 
0 134 60 
0 102 24 
0 67 51 
0 95 29 
0 121 29 
0 117 23 
0 138 58 
0 144 50 
0 96 9 
0 91 8 
0 149 77 
0 124 25 
0 137 20 
0 103 41 
0 105 18 
0 89 66 
0 93 24 
0 87 13 
0 128 23 
0 93 26 
0 119 20 
0 106 88 
0 127 79 
0 148 65 
0 132 17 
0 104 26 
0 166 15 
0 100 23 
0 73 20 
0 136 30 
0 112 12 
0 134 22 
0 129 26 
0 115 37 
0 130 19 
0 91 134 
0 138 25 
0 118 30 
0 138 48 
0 121 17 
0 138 21 
0 80 22 
0 188 42 
0 124 54 
0 150 60 
0 126 15 
0 147 76 
0 68 36 
0 107 27 
0 96 22 
0 92 24 
0 163 4 
0 55 15 
0 143 34 
0 104 58 
0 73 31 
0 95 36 
0 93 34 
0 153 21 
0 75 28 
0 145 32 
0 132 12 
0 97 28 
0 145 94 
0 149 32 
0 72 32 
0 116 34 
0 123 3 
0 95 11 
0 152 22 
0 135 7 
0 81 80 
0 120 10 
0 97 31 
0 115 9 
0 159 60 
0 120 24 
0 97 66 
0 86 22 
0 138 65 
0 88 16 
0 138 105 
0 100 24 
0 124 57 
0 102 68 
0 69 35 
0 114 42 
0 116 20 
0 76 22 
0 80 14 
0 107 46 
0 54 20 
0 103 21 
0 109 62 
0 125 28 
0 134 42 
0 146 30 
0 136 39 
0 137 27 
0 74 15 
0 72 22 
0 69 61 
0 96 32 
0 127 10 
0 130 19 
0 114 30 
0 94 4 
0 188 32 
0 108 6 
0 88 20 
0 104 20 
0 88 30 
0 118 6 
0 137 93 
0 87 40 
0 76 66 
0 65 38 
0 148 81 
0 107 34 
0 145 64 
0 97 124 
0 110 33 
0 72 74 
0 118 32 
0 145 37 
0 88 56 
0 136 57 
0 139 41 
0 138 34 
0 148 19 
0 133 59 
0 146 52 
0 109 16 
0 125 45 
0 83 30 
0 67 17 
0 118 22 
0 131 19 
0 116 10 
0 149 11 
0 134 26 
0 116 47 
0 168 57 
0 91 26 
0 128 18 
0 136 53 
0 147 41 
0 79 32 
0 57 1 
0 136 77 
0 160 10 
0 114 12 
0 108 30 
0 138 67 
0 102 37 
0 138 23 
0 154 32 
0 167 53 
0 144 39 
0 113 4 
0 137 100 
0 133 33 
0 90 15 
0 80 13 
0 85 16 
0 168 57 
0 93 37 
0 133 39 
0 132 42 
0 103 30 
0 145 37 
0 94 11 
0 77 43 
0 89 43 
0 135 8 
0 82 46 
0 127 46 
0 103 49 
0 112 64 
0 150 41 
0 108 35 
0 123 46 
0 93 37 
0 154 60 
0 175 51 
0 97 39 
0 103 9 
0 107 36 
0 124 36 
0 109 45 
0 163 25 
0 114 16 
0 115 26 
0 121 18 
0 126 123 
0 177 12 
0 100 8 
0 144 14 
0 144 42 
0 128 19 
0 117 20 
0 59 71 
0 123 49 
0 103 82 
0 110 13 
0 142 33 
0 118 46 
0 64 7 
0 144 24 
0 69 36 
0 137 68 
0 118 3 
0 119 62 
0 124 24 
0 102 17 
0 135 40 
0 154 17 
0 79 30 
0 75 21 
0 90 48 
0 111 30 
0 119 9 
0 58 81 
0 99 45 
0 87 17 
0 180 18 
0 104 25 
0 121 90 
0 123 68 
0 84 42 
0 80 101 
0 117 28 
0 105 50 
0 126 22 
0 94 20 
0 85 96 
0 173 11 
0 75 27 
0 101 2 
0 95 35 
0 85 60 
0 51 119 
0 103 59 
0 114 13 
0 99 21 
0 116 29 
0 89 124 
0 105 118 
0 156 20 
0 124 33 
0 151 15 
0 140 5 
0 112 31 
0 73 61 
0 143 41 
0 121 10 
0 78 75 
0 58 30 
0 180 64 
0 144 29 
0 91 41 
0 115 28 
0 124 51 
0 149 24 
0 147 35 
0 106 34 
0 66 16 
0 98 54 
0 126 45 
0 150 32 
0 148 58 
0 124 26 
0 130 44 
0 138 5 
0 161 16 
0 126 13 
0 119 16 
0 169 7 
0 94 22 
0 149 60 
0 120 35 
0 99 69 
0 89 26 
0 118 34 
0 97 53 
0 94 28 
0 106 35 
0 126 11 
0 94 23 
0 104 32 
0 69 20 
0 115 29 
0 140 41 
0 107 29 
0 115 14 
0 94 5 
0 100 11 
0 87 21 
0 96 79 
0 104 19 
0 151 19 
0 173 31 
0 146 96 
0 92 38 
0 80 76 
0 91 43 
0 107 6 
0 162 41 
0 131 43 
0 166 21 
0 128 61 
0 115 44 
0 93 82 
0 106 11 
0 118 17 
0 91 41 
0 108 65 
0 72 24 
0 156 27 
0 171 87 
0 142 51 
0 156 21 
0 124 12 
0 137 44 
0 108 26 
0 160 42 
0 151 91 
0 78 67 
0 98 28 
0 185 71 
0 113 34 
0 133 34 
0 165 55 
0 89 25 
0 125 20 
0 148 56 
0 112 22 
0 113 55 
0 120 31 
0 138 33 
0 102 38 
0 96 3 
0 147 0 
0 135 35 
0 152 17 
0 89 17 
0 143 44 
0 168 58 
0 127 20 
0 81 29 
0 176 22 
0 144 46 
0 90 24 
0 105 30 
0 111 14 
0 108 89 
0 145 40 
0 88 5 
0 146 24 
0 79 32 
0 119 40 
0 108 23 
0 100 52 
0 136 25 
0 103 42 
0 181 26 
0 88 47 
0 71 52 
0 96 22 
0 139 73 
0 105 61 
0 118 41 
0 133 44 
0 83 71 
0 174 26 
0 92 34 
0 150 37 
0 97 46 
0 86 79 
0 99 7 
0 105 57 
0 135 31 
0 95 20 
0 101 16 
0 68 49 
0 89 22 
0 94 31 
0 136 65 
0 131 12 
0 130 47 
0 130 41 
0 84 54 
0 151 42 
0 114 53 
0 147 63 
0 107 56 
0 118 21 
0 127 20 
0 136 40 
0 116 32 
0 123 37 
0 87 23 
0 120 70 
0 180 21 
0 84 44 
0 125 37 
0 109 29 
0 126 18 
0 83 51 
0 97 44 
0 121 50 
0 110 38 
0 170 26 
0 78 61 
0 74 52 
0 136 26 
0 101 16 
0 158 24 
0 171 15 
0 113 26 
0 142 60 
0 49 20 
0 78 101 
0 160 14 
0 121 41 
0 122 32 
0 161 21 
0 134 13 
0 89 25 
0 107 29 
0 101 37 
0 108 15 
0 91 24 
0 129 43 
0 80 58 
0 188 75 
0 115 21 
0 85 62 
0 80 35 
0 84 32 
0 165 45 
0 107 62 
0 144 13 
0 162 47 
0 82 37 
0 83 23 
0 155 47 
0 104 27 
0 103 13 
0 99 36 
0 96 74 
