0 23 59 
0 43 91 
0 44 93 
0 13 143 
0 24 214 
0 18 72 
0 21 123 
0 44 36 
0 30 127 
0 26 157 
0 57 102 
0 19 53 
0 60 98 
0 26 60 
0 33 156 
0 14 67 
0 27 200 
0 20 73 
0 9 67 
0 12 125 
0 29 43 
0 17 139 
0 23 86 
0 28 108 
0 17 41 
0 95 74 
0 33 56 
0 49 79 
0 37 91 
0 25 79 
0 15 51 
0 18 61 
0 33 73 
0 15 122 
0 50 82 
0 12 100 
0 46 105 
0 40 12 
0 18 53 
0 44 55 
0 40 99 
0 8 68 
0 37 91 
0 13 54 
0 34 104 
0 44 87 
0 17 85 
0 35 73 
0 19 123 
0 23 120 
0 4 121 
0 57 66 
0 21 51 
0 11 114 
0 18 62 
0 25 76 
0 17 104 
0 19 28 
0 16 68 
0 33 44 
0 34 87 
0 0 11 
0 20 84 
0 17 134 
0 49 65 
0 37 172 
0 14 131 
0 30 127 
0 57 78 
0 44 77 
0 26 122 
0 9 93 
0 30 84 
0 23 94 
0 37 63 
0 23 145 
0 31 77 
0 34 95 
0 33 110 
0 25 100 
0 31 50 
0 29 125 
0 50 103 
0 13 136 
0 12 59 
0 32 40 
0 28 65 
0 19 101 
0 54 188 
0 23 32 
0 53 90 
0 49 72 
0 26 152 
0 40 160 
0 31 108 
0 36 218 
0 24 65 
0 32 65 
0 19 90 
0 42 86 
0 25 52 
0 62 87 
0 36 63 
0 30 156 
0 27 54 
0 36 116 
0 32 110 
0 31 76 
0 19 103 
0 32 67 
0 66 89 
0 33 58 
0 18 117 
0 28 117 
0 35 93 
0 29 78 
0 21 41 
0 12 78 
0 33 32 
0 28 41 
0 32 115 
0 31 172 
0 49 63 
0 31 42 
0 24 41 
0 49 75 
0 50 60 
0 18 50 
0 18 97 
0 16 63 
0 28 127 
0 21 45 
0 21 74 
0 38 68 
0 16 81 
0 32 59 
0 39 81 
0 57 100 
0 24 62 
0 21 134 
0 20 81 
0 32 48 
0 19 169 
0 13 111 
0 44 52 
0 62 130 
0 18 84 
0 36 115 
0 21 47 
0 3 90 
0 45 111 
0 8 46 
0 12 102 
0 33 103 
0 17 77 
0 23 109 
0 34 97 
0 50 123 
0 41 82 
0 18 90 
0 16 69 
0 5 73 
0 30 78 
0 11 61 
0 40 156 
0 32 53 
0 40 46 
0 39 45 
0 22 110 
0 24 47 
0 53 76 
0 21 92 
0 57 74 
0 13 34 
0 41 64 
0 56 83 
0 22 96 
0 19 175 
0 20 132 
0 19 86 
0 6 87 
0 22 72 
0 33 64 
0 38 71 
0 33 93 
0 19 59 
0 32 72 
0 31 63 
0 37 139 
0 35 92 
0 36 57 
0 31 69 
0 10 106 
0 20 89 
0 40 138 
0 44 39 
0 51 116 
0 11 99 
0 16 33 
0 17 132 
0 24 53 
0 46 98 
0 26 73 
0 24 101 
0 31 80 
0 38 86 
0 14 74 
0 25 125 
0 20 61 
0 4 114 
0 7 187 
0 25 106 
0 30 75 
0 32 61 
0 45 82 
0 34 59 
0 56 83 
0 48 11 
0 20 111 
0 16 126 
0 38 96 
0 21 35 
0 48 84 
0 27 142 
0 79 103 
0 31 80 
0 19 124 
0 18 71 
0 40 34 
0 10 108 
0 15 136 
0 30 136 
0 29 118 
0 6 84 
0 28 96 
0 40 74 
0 29 117 
0 21 97 
0 67 85 
0 56 66 
0 49 68 
0 27 74 
0 39 92 
0 34 50 
0 11 78 
0 53 40 
0 48 77 
0 14 83 
0 48 105 
0 28 106 
0 12 38 
0 53 105 
0 18 182 
0 79 113 
0 11 59 
0 4 42 
0 12 190 
0 6 117 
0 40 133 
0 20 165 
0 12 68 
0 18 66 
0 22 170 
0 47 61 
0 20 54 
0 30 87 
0 34 134 
0 32 105 
0 18 65 
0 49 71 
0 7 156 
0 31 62 
0 45 64 
0 66 80 
0 26 73 
0 14 57 
0 5 99 
0 24 69 
0 19 85 
0 30 109 
0 17 60 
0 26 75 
0 22 110 
0 50 89 
0 12 41 
0 28 131 
0 27 91 
0 10 58 
0 31 139 
0 25 120 
0 23 76 
0 5 68 
0 22 135 
0 25 98 
0 22 97 
0 18 111 
0 49 68 
0 28 127 
0 42 106 
0 23 119 
0 12 67 
0 25 147 
0 36 74 
0 36 28 
0 44 45 
0 17 92 
0 36 134 
0 46 70 
0 17 270 
0 10 47 
0 31 113 
0 34 118 
0 23 111 
0 33 59 
0 40 92 
0 25 61 
0 58 69 
0 23 77 
0 54 139 
0 36 89 
0 6 110 
0 62 60 
0 32 75 
0 34 84 
0 30 102 
0 25 150 
0 8 78 
0 64 164 
0 19 161 
0 28 94 
0 25 97 
0 6 145 
0 30 108 
0 28 57 
0 56 62 
0 7 138 
0 20 56 
0 29 44 
0 34 60 
0 23 46 
0 12 143 
0 42 148 
0 32 178 
0 58 119 
0 33 48 
0 64 117 
0 18 78 
0 31 96 
0 29 93 
0 22 103 
0 16 145 
0 42 60 
0 30 66 
0 46 92 
0 28 90 
0 2 114 
0 55 133 
0 20 42 
0 6 73 
0 18 56 
0 53 36 
0 32 109 
0 26 87 
0 5 56 
0 22 94 
0 35 67 
0 16 95 
0 41 127 
0 23 114 
0 39 61 
0 33 157 
0 23 176 
0 21 91 
0 39 72 
0 16 63 
0 54 68 
0 22 63 
0 19 48 
0 60 48 
0 6 43 
0 32 119 
0 41 34 
0 22 78 
0 48 80 
0 29 53 
0 54 164 
0 30 101 
0 42 60 
0 27 152 
0 60 86 
0 24 88 
0 48 130 
0 38 53 
0 32 52 
0 28 90 
0 19 58 
0 19 142 
0 63 69 
0 3 96 
0 23 60 
0 19 109 
0 21 178 
0 59 74 
0 72 95 
0 21 150 
0 54 180 
0 40 60 
0 36 43 
0 24 57 
0 29 109 
0 26 114 
0 18 67 
0 25 67 
0 30 118 
0 54 56 
0 49 119 
0 28 142 
0 37 64 
0 18 101 
0 40 155 
0 18 88 
0 16 69 
0 54 36 
0 40 58 
0 24 154 
0 48 97 
0 21 68 
0 40 90 
0 10 80 
0 16 100 
0 10 57 
0 24 44 
0 31 49 
0 18 114 
0 51 103 
0 10 171 
0 5 98 
0 16 96 
0 42 97 
0 49 146 
0 22 42 
0 48 63 
0 13 78 
0 23 108 
0 32 109 
0 6 67 
0 39 75 
0 8 194 
0 49 112 
0 12 101 
0 20 141 
0 56 66 
0 27 109 
0 14 61 
0 30 134 
0 38 58 
0 25 52 
0 35 142 
0 23 88 
0 35 58 
0 16 115 
0 30 41 
0 22 41 
0 82 60 
0 68 86 
0 9 87 
0 15 142 
0 26 96 
0 32 75 
0 26 115 
0 18 49 
0 37 148 
0 17 71 
0 24 58 
0 13 135 
0 16 75 
0 30 164 
0 22 64 
0 15 146 
0 38 59 
0 28 55 
0 27 94 
0 33 74 
0 32 145 
0 23 62 
0 11 55 
0 13 55 
0 12 46 
0 23 72 
0 15 115 
0 45 41 
0 66 71 
0 21 154 
0 41 176 
0 49 77 
0 31 92 
0 23 115 
0 32 163 
0 55 87 
0 30 51 
0 50 91 
0 12 126 
0 27 36 
0 46 115 
0 26 48 
0 52 181 
0 38 103 
0 37 50 
0 45 90 
0 22 53 
0 24 47 
0 8 48 
0 22 72 
0 8 107 
0 58 106 
0 49 135 
0 28 108 
0 33 93 
0 19 115 
0 28 144 
0 13 125 
0 21 72 
0 19 117 
0 30 141 
0 27 128 
0 11 109 
0 21 98 
0 36 105 
0 10 76 
0 29 55 
0 35 159 
0 73 98 
0 37 82 
0 37 61 
0 13 78 
0 40 62 
0 39 52 
0 32 70 
0 46 161 
0 44 102 
0 42 85 
0 30 62 
0 50 88 
0 29 119 
0 31 82 
0 25 123 
0 5 141 
0 15 69 
0 20 107 
0 43 85 
0 14 38 
0 26 110 
0 23 93 
0 19 144 
0 30 37 
0 17 29 
0 41 55 
0 20 73 
0 31 126 
0 16 152 
0 6 39 
0 42 87 
0 6 62 
0 26 135 
0 25 78 
0 21 152 
0 31 79 
0 19 74 
0 26 77 
0 47 44 
0 32 95 
0 64 58 
0 16 175 
0 26 103 
0 40 129 
0 42 144 
0 25 71 
0 16 178 
0 22 73 
0 13 91 
0 21 65 
0 17 79 
0 44 24 
0 19 137 
0 41 100 
0 40 75 
0 35 37 
0 14 147 
0 51 40 
0 20 24 
0 14 74 
0 27 66 
0 24 76 
0 9 107 
0 49 88 
0 31 75 
0 8 60 
0 29 149 
0 31 30 
0 14 80 
0 23 97 
0 39 73 
0 15 125 
0 19 72 
0 28 71 
0 32 86 
0 38 89 
0 24 89 
0 13 51 
0 27 157 
0 38 129 
0 11 55 
0 24 66 
0 33 84 
0 24 53 
0 19 88 
0 14 67 
0 18 67 
0 24 75 
0 72 104 
0 32 140 
0 8 81 
0 42 39 
0 36 96 
0 27 93 
0 37 102 
0 34 143 
0 52 85 
0 34 95 
0 14 118 
0 38 140 
0 29 90 
0 23 77 
0 11 111 
0 16 105 
0 32 80 
0 12 100 
0 14 101 
0 43 111 
0 33 93 
0 30 74 
0 47 86 
0 47 108 
0 28 106 
0 28 69 
0 32 62 
0 50 94 
0 24 52 
0 14 186 
0 50 128 
0 40 72 
0 7 126 
0 13 94 
0 22 32 
0 22 118 
0 23 105 
0 31 88 
0 24 71 
0 21 78 
0 15 72 
0 37 67 
0 22 82 
0 55 41 
0 72 109 
0 7 107 
0 7 98 
0 7 55 
0 36 79 
0 13 125 
0 29 27 
0 37 65 
0 21 81 
0 18 41 
0 28 25 
0 18 109 
0 11 84 
0 38 62 
0 20 144 
0 30 116 
0 17 150 
0 20 136 
0 31 77 
0 30 153 
0 17 104 
0 15 61 
0 31 79 
0 17 176 
0 37 49 
0 28 46 
0 8 111 
0 37 90 
0 46 75 
0 17 51 
0 14 89 
0 20 41 
0 62 76 
0 17 45 
0 12 101 
0 10 100 
0 20 195 
0 14 237 
0 36 91 
0 23 66 
0 41 83 
0 24 74 
0 20 59 
0 22 33 
0 33 131 
0 10 77 
0 18 105 
0 45 274 
0 24 36 
0 14 79 
0 42 107 
0 47 80 
0 21 168 
0 39 55 
0 26 150 
0 21 72 
0 48 105 
0 36 70 
0 46 129 
0 41 52 
0 33 31 
0 21 90 
0 24 112 
0 18 72 
0 16 69 
0 48 122 
0 14 82 
0 42 83 
0 2 78 
0 28 137 
0 34 123 
0 18 100 
0 51 121 
0 39 34 
0 4 121 
0 26 66 
0 23 75 
0 29 76 
0 27 25 
0 36 188 
0 27 76 
0 7 175 
0 34 65 
0 7 159 
0 21 62 
0 14 137 
0 24 112 
0 1 100 
0 27 56 
0 27 80 
0 33 103 
0 31 85 
0 6 58 
0 30 74 
0 30 61 
0 15 73 
0 18 89 
0 38 132 
0 17 80 
0 28 100 
0 43 132 
0 23 65 
0 57 72 
0 27 84 
0 40 49 
0 9 104 
0 19 39 
0 18 68 
0 20 50 
0 62 82 
0 26 64 
0 43 90 
0 17 75 
0 65 100 
0 12 130 
0 32 106 
0 29 75 
0 14 57 
0 24 107 
0 47 72 
0 16 145 
0 14 134 
0 13 66 
0 51 70 
0 17 109 
0 24 49 
0 8 148 
0 21 44 
0 37 82 
0 14 91 
0 16 165 
0 31 90 
0 39 101 
0 24 133 
0 14 81 
0 8 99 
0 13 103 
0 19 93 
0 13 95 
0 12 136 
0 26 71 
0 48 112 
0 46 81 
0 10 154 
0 21 69 
0 69 81 
0 43 71 
0 7 143 
0 27 109 
0 24 70 
0 18 116 
0 16 118 
0 31 253 
0 60 76 
0 9 116 
0 15 114 
0 29 162 
0 16 102 
0 23 146 
0 20 73 
0 15 65 
0 28 96 
0 45 56 
0 35 170 
0 35 50 
0 11 72 
0 64 117 
0 49 72 
0 52 126 
0 31 84 
0 50 124 
0 66 88 
0 20 57 
0 21 109 
0 21 102 
0 24 54 
0 15 120 
0 36 142 
0 43 78 
0 28 23 
0 70 129 
0 45 87 
0 54 62 
0 8 137 
0 32 101 
0 32 68 
0 36 89 
0 21 109 
0 22 61 
0 7 122 
0 37 92 
0 33 55 
0 42 93 
0 35 88 
0 17 141 
0 19 128 
0 46 157 
0 28 39 
0 11 78 
0 22 45 
0 35 97 
0 28 47 
0 60 59 
0 20 150 
0 44 149 
0 31 72 
0 37 105 
0 31 246 
0 34 97 
0 41 104 
0 10 145 
0 11 135 
0 35 97 
0 42 44 
0 24 65 
0 9 47 
0 30 67 
0 12 142 
0 34 145 
0 17 98 
0 22 88 
0 23 53 
0 26 133 
0 66 87 
0 18 123 
0 26 38 
0 9 114 
0 52 93 
0 9 90 
0 21 46 
0 18 65 
0 5 87 
0 41 109 
0 26 80 
0 24 87 
0 42 73 
0 59 207 
0 7 86 
0 19 97 
0 67 114 
0 21 91 
0 55 65 
0 32 190 
0 27 20 
0 24 117 
0 14 163 
0 54 55 
0 20 121 
0 46 126 
0 19 216 
0 39 109 
0 28 80 
0 18 55 
0 24 48 
0 30 115 
0 15 62 
0 14 100 
0 34 99 
0 20 144 
0 42 47 
0 42 42 
0 13 71 
0 29 109 
0 18 26 
0 44 111 
0 8 59 
0 34 79 
0 64 113 
0 34 130 
0 21 28 
0 62 143 
0 37 194 
0 25 116 
0 49 98 
0 17 96 
0 30 101 
0 24 102 
0 46 66 
0 55 40 
0 25 72 
0 21 47 
0 31 98 
0 43 84 
0 18 85 
0 27 74 
0 21 108 
0 18 83 
0 15 83 
0 30 95 
0 7 73 
0 20 56 
0 5 50 
0 10 76 
0 42 74 
0 29 98 
0 72 79 
0 10 119 
0 23 108 
0 22 163 
0 40 119 
0 35 110 
0 21 64 
0 32 59 
0 54 79 
0 19 53 
0 33 102 
0 58 48 
0 22 55 
0 27 61 
0 21 102 
0 49 123 
0 32 63 
0 17 46 
0 23 53 
0 46 88 
0 26 123 
0 19 25 
0 61 92 
0 12 91 
0 31 70 
0 33 113 
0 16 123 
0 24 118 
0 23 98 
0 37 72 
0 43 148 
0 10 76 
0 32 76 
0 18 83 
0 15 220 
0 4 112 
0 36 80 
0 14 115 
0 10 157 
0 15 93 
0 34 87 
0 21 145 
