506 193 301 
560 239 201 
639 221 140 
734 186 80 
741 185 74 
654 192 154 
721 221 58 
677 171 152 
593 219 188 
584 246 170 
569 223 208 
673 179 148 
634 200 166 
573 221 206 
611 230 159 
602 271 127 
675 170 155 
673 265 62 
654 211 135 
583 210 207 
745 150 105 
652 157 191 
532 175 293 
734 211 55 
574 183 243 
555 251 194 
556 174 270 
590 153 257 
645 196 159 
498 192 310 
610 280 110 
564 195 241 
622 199 179 
545 322 133 
582 284 134 
666 165 169 
725 193 82 
603 274 123 
659 173 168 
632 246 122 
607 217 176 
705 211 84 
601 181 218 
720 187 93 
730 232 38 
554 98 348 
664 203 133 
669 149 182 
603 192 205 
642 247 111 
655 191 154 
637 182 181 
636 231 133 
546 237 217 
770 123 107 
799 142 59 
576 247 177 
468 221 311 
696 236 68 
652 202 146 
558 265 177 
615 195 190 
724 181 95 
563 201 236 
626 175 199 
632 133 235 
550 184 266 
564 146 290 
624 238 138 
673 167 160 
560 137 303 
667 172 161 
722 165 113 
560 210 230 
681 173 146 
638 163 199 
472 234 294 
654 200 146 
568 161 271 
614 181 205 
690 214 96 
587 223 190 
462 209 329 
596 217 187 
743 206 51 
564 197 239 
429 197 374 
544 279 177 
667 143 190 
609 192 199 
716 169 115 
579 184 237 
633 113 254 
705 228 67 
619 265 116 
721 162 117 
642 200 158 
724 204 72 
729 225 46 
595 263 142 
606 189 205 
551 213 236 
724 132 144 
649 161 190 
774 109 117 
586 169 245 
536 249 215 
610 218 172 
575 218 207 
540 202 258 
571 225 204 
535 178 287 
706 191 103 
719 140 141 
501 237 262 
675 224 101 
663 240 97 
616 195 189 
667 204 129 
556 219 225 
597 212 191 
614 223 163 
634 294 72 
688 162 150 
616 263 121 
639 232 129 
664 189 147 
633 145 222 
502 185 313 
625 254 121 
622 245 133 
705 169 126 
596 233 171 
671 204 125 
589 263 148 
630 183 187 
691 200 109 
642 220 138 
578 212 210 
712 171 117 
702 163 135 
516 292 192 
627 261 112 
639 192 169 
560 205 235 
608 211 181 
628 202 170 
656 197 147 
470 223 307 
689 204 107 
463 197 340 
512 244 244 
626 229 145 
623 203 174 
662 178 160 
647 183 170 
509 212 279 
576 224 200 
682 175 143 
575 213 212 
670 209 121 
596 174 230 
699 203 98 
460 205 335 
583 247 170 
655 201 144 
653 171 176 
627 224 149 
666 176 158 
608 133 259 
675 231 94 
499 265 236 
607 193 200 
609 230 161 
560 214 226 
686 201 113 
717 154 129 
669 165 166 
693 201 106 
522 205 273 
697 219 84 
582 232 186 
546 226 228 
603 179 218 
584 270 146 
767 163 70 
636 175 189 
666 170 164 
518 200 282 
717 140 143 
780 167 53 
652 201 147 
549 204 247 
649 232 119 
662 172 166 
635 226 139 
607 177 216 
641 156 203 
691 177 132 
637 189 174 
606 255 139 
391 155 454 
688 228 84 
728 179 93 
573 193 234 
540 245 215 
741 190 69 
607 188 205 
692 232 76 
615 119 266 
722 190 88 
629 204 167 
668 211 121 
723 145 132 
541 159 300 
615 231 154 
682 198 120 
546 142 312 
675 180 145 
731 196 73 
552 273 175 
526 210 264 
673 202 125 
646 211 143 
659 277 64 
586 216 198 
584 200 216 
657 152 191 
719 157 124 
584 210 206 
611 209 180 
629 241 130 
767 170 63 
623 195 182 
590 223 187 
636 217 147 
587 219 194 
642 248 110 
584 233 183 
718 168 114 
681 131 188 
683 211 106 
580 207 213 
652 203 145 
538 230 232 
653 174 173 
665 235 100 
677 165 158 
603 207 190 
622 258 120 
649 205 146 
682 236 82 
647 180 173 
590 184 226 
590 320 90 
679 234 87 
638 278 84 
560 240 200 
580 217 203 
706 186 108 
643 262 95 
631 229 140 
587 187 226 
646 181 173 
761 147 92 
659 193 148 
602 309 89 
657 178 165 
554 226 220 
606 202 192 
710 179 111 
576 233 191 
555 259 186 
706 157 137 
759 170 71 
690 197 113 
616 234 150 
621 244 135 
519 257 224 
743 131 126 
571 288 141 
573 198 229 
607 263 130 
581 199 220 
691 137 172 
679 218 103 
591 229 180 
592 182 226 
684 249 67 
674 177 149 
745 145 110 
716 190 94 
644 193 163 
666 227 107 
686 257 57 
663 127 210 
632 232 136 
476 227 297 
628 169 203 
669 218 113 
651 115 234 
589 144 267 
557 159 284 
672 207 121 
624 183 193 
680 246 74 
657 240 103 
719 161 120 
651 197 152 
594 276 130 
660 202 138 
584 225 191 
530 237 233 
675 152 173 
636 149 215 
631 111 258 
535 256 209 
565 246 189 
621 236 143 
471 286 243 
625 188 187 
680 260 60 
625 234 141 
575 263 162 
682 158 160 
683 227 90 
550 243 207 
642 207 151 
519 258 223 
627 201 172 
634 191 175 
669 159 172 
664 219 117 
631 222 147 
668 196 136 
672 193 135 
676 173 151 
710 232 58 
616 226 158 
796 121 83 
725 132 143 
656 189 155 
673 252 75 
698 202 100 
628 165 207 
509 266 225 
681 193 126 
775 115 110 
716 164 120 
686 205 109 
636 269 95 
653 172 175 
589 297 114 
568 233 199 
613 213 174 
621 213 166 
662 170 168 
671 235 94 
580 186 234 
648 205 147 
595 187 218 
480 200 320 
641 233 126 
609 198 193 
665 189 146 
610 186 204 
635 212 153 
546 257 197 
574 156 270 
654 240 106 
519 229 252 
530 265 205 
598 305 97 
585 249 166 
613 181 206 
570 211 219 
677 164 159 
665 165 170 
681 173 146 
740 184 76 
597 234 169 
574 212 214 
651 211 138 
699 185 116 
648 238 114 
674 194 132 
623 204 173 
556 197 247 
536 282 182 
648 216 136 
634 179 187 
581 244 175 
630 191 179 
489 188 323 
687 197 116 
588 237 175 
582 152 266 
640 166 194 
626 191 183 
750 151 99 
621 197 182 
705 169 126 
627 202 171 
570 221 209 
644 224 132 
591 206 203 
623 225 152 
628 210 162 
662 174 164 
668 167 165 
651 165 184 
711 162 127 
604 243 153 
664 178 158 
714 188 98 
645 206 149 
557 170 273 
744 151 105 
699 204 97 
633 203 164 
605 306 89 
539 272 189 
598 221 181 
601 239 160 
742 116 142 
709 147 144 
583 198 219 
643 209 148 
529 232 239 
740 196 64 
674 221 105 
567 303 130 
402 145 453 
721 214 65 
722 180 98 
675 242 83 
663 200 137 
577 207 216 
601 228 171 
534 249 217 
595 196 209 
713 166 121 
600 229 171 
640 266 94 
701 206 93 
551 247 202 
611 252 137 
601 205 194 
486 285 229 
666 173 161 
593 304 103 
682 157 161 
680 164 156 
769 160 71 
588 185 227 
688 196 116 
573 254 173 
714 209 77 
653 212 135 
582 246 172 
443 169 388 
604 205 191 
634 254 112 
696 157 147 
552 216 232 
518 241 241 
627 228 145 
607 199 194 
682 185 133 
617 283 100 
613 201 186 
575 206 219 
646 144 210 
750 155 95 
700 188 112 
663 153 184 
472 235 293 
646 221 133 
614 247 139 
601 161 238 
593 230 177 
472 208 320 
644 193 163 
677 179 144 
670 188 142 
708 132 160 
430 95 475 
588 236 176 
757 160 83 
616 198 186 
731 159 110 
512 281 207 
725 128 147 
601 257 142 
760 188 52 
644 274 82 
659 111 230 
571 198 231 
643 200 157 
607 296 97 
538 102 360 
735 160 105 
626 216 158 
633 224 143 
674 198 128 
687 182 131 
687 234 79 
664 183 153 
635 222 143 
587 222 191 
615 242 143 
544 248 208 
581 215 204 
621 249 130 
684 204 112 
641 215 144 
585 189 226 
590 293 117 
491 122 387 
690 223 87 
619 218 163 
711 206 83 
652 145 203 
594 232 174 
650 226 124 
583 181 236 
639 221 140 
684 214 102 
679 232 89 
678 218 104 
641 199 160 
625 160 215 
623 227 150 
705 202 93 
607 209 184 
496 175 329 
597 258 145 
573 224 203 
632 196 172 
632 247 121 
574 215 211 
603 176 221 
700 225 75 
772 146 82 
708 207 85 
690 186 124 
726 176 98 
659 250 91 
566 184 250 
611 211 178 
596 230 174 
539 231 230 
578 181 241 
709 161 130 
710 200 90 
552 272 176 
545 198 257 
619 171 210 
759 166 75 
590 242 168 
694 161 145 
640 228 132 
455 224 321 
601 148 251 
684 213 103 
614 236 150 
456 240 304 
742 173 85 
662 225 113 
701 191 108 
604 257 139 
615 214 171 
668 236 96 
709 182 109 
760 164 76 
577 197 226 
660 138 202 
668 206 126 
634 224 142 
630 189 181 
672 160 168 
460 226 314 
691 195 114 
620 172 208 
614 296 90 
872 86 42 
764 172 64 
537 201 262 
647 217 136 
604 162 234 
672 234 94 
624 225 151 
626 163 211 
677 175 148 
645 178 177 
535 159 306 
728 207 65 
724 105 171 
627 221 152 
729 182 89 
696 172 132 
540 268 192 
572 179 249 
625 182 193 
638 212 150 
668 236 96 
571 236 193 
660 185 155 
553 195 252 
627 202 171 
608 204 188 
651 247 102 
549 196 255 
552 252 196 
557 191 252 
718 168 114 
675 165 160 
661 237 102 
668 234 98 
600 247 153 
701 211 88 
588 255 157 
561 121 318 
640 158 202 
551 201 248 
721 184 95 
665 270 65 
620 146 234 
720 178 102 
646 231 123 
699 185 116 
646 204 150 
688 206 106 
586 282 132 
647 231 122 
599 264 137 
648 228 124 
615 251 134 
680 245 75 
648 158 194 
623 206 171 
528 276 196 
669 212 119 
607 250 143 
488 295 217 
572 211 217 
685 196 119 
596 277 127 
517 212 271 
710 180 110 
626 141 233 
680 212 108 
567 221 212 
678 199 123 
618 180 202 
592 202 206 
701 233 66 
610 219 171 
517 186 297 
643 234 123 
643 176 181 
427 135 438 
561 196 243 
661 220 119 
742 145 113 
615 178 207 
625 163 212 
646 204 150 
730 183 87 
633 234 133 
533 221 246 
526 200 274 
660 182 158 
655 229 116 
575 148 277 
617 191 192 
665 230 105 
543 216 241 
643 192 165 
611 285 104 
641 191 168 
635 234 131 
648 179 173 
509 253 238 
585 244 171 
653 142 205 
532 229 239 
624 240 136 
643 206 151 
624 129 247 
590 254 156 
712 160 128 
729 163 108 
727 187 86 
646 281 73 
704 180 116 
670 238 92 
537 267 196 
640 199 161 
716 205 79 
758 124 118 
700 204 96 
641 196 163 
674 210 116 
614 219 167 
599 226 175 
678 191 131 
623 232 145 
594 271 135 
550 143 307 
680 167 153 
593 199 208 
427 297 276 
602 114 284 
607 212 181 
528 304 168 
711 189 100 
641 196 163 
753 179 68 
626 253 121 
561 202 237 
692 189 119 
607 242 151 
551 258 191 
581 258 161 
669 218 113 
618 187 195 
757 158 85 
604 175 221 
682 207 111 
756 196 48 
593 193 214 
537 245 218 
595 187 218 
580 238 182 
694 170 136 
543 258 199 
596 210 194 
569 241 190 
569 290 141 
477 208 315 
636 187 177 
644 133 223 
454 193 353 
605 250 145 
553 213 234 
693 212 95 
643 253 104 
590 218 192 
655 177 168 
682 188 130 
618 214 168 
442 283 275 
678 172 150 
765 133 102 
635 214 151 
598 182 220 
590 192 218 
602 279 119 
560 209 231 
641 203 156 
645 186 169 
579 264 157 
605 236 159 
663 167 170 
653 165 182 
691 201 108 
536 260 204 
627 188 185 
606 252 142 
617 204 179 
586 176 238 
641 206 153 
663 181 156 
672 217 111 
538 220 242 
661 175 164 
745 175 80 
619 222 159 
629 136 235 
658 217 125 
594 274 132 
601 216 183 
583 271 146 
623 154 223 
558 236 206 
564 221 215 
634 248 118 
482 281 237 
668 205 127 
742 105 153 
623 174 203 
593 258 149 
779 177 44 
664 174 162 
607 171 222 
593 191 216 
640 219 141 
716 174 110 
647 225 128 
497 250 253 
664 269 67 
623 195 182 
588 197 215 
616 166 218 
688 211 101 
644 183 173 
624 243 133 
605 244 151 
662 177 161 
640 123 237 
643 211 146 
758 132 110 
532 243 225 
581 253 166 
663 194 143 
621 175 204 
624 159 217 
642 190 168 
569 165 266 
561 233 206 
591 221 188 
653 242 105 
498 164 338 
688 213 99 
677 250 73 
653 210 137 
682 239 79 
648 217 135 
630 228 142 
664 222 114 
660 179 161 
651 209 140 
673 184 143 
760 120 120 
632 240 128 
705 220 75 
598 197 205 
600 260 140 
624 127 249 
619 203 178 
555 196 249 
625 159 216 
580 143 277 
591 262 147 
614 284 102 
679 185 136 
719 171 110 
494 290 216 
602 150 248 
617 232 151 
672 221 107 
655 197 148 
646 234 120 
655 178 167 
597 245 158 
645 244 111 
772 160 68 
610 218 172 
575 173 252 
735 140 125 
667 235 98 
585 241 174 
701 175 124 
743 184 73 
676 194 130 
710 143 147 
669 144 187 
709 154 137 
634 252 114 
688 156 156 
674 262 64 
676 252 72 
645 173 182 
767 147 86 
668 229 103 
755 168 77 
592 117 291 
482 213 305 
589 258 153 
689 161 150 
688 186 126 
663 195 142 
646 194 160 
642 188 170 
562 165 273 
725 149 126 
755 204 41 
523 191 286 
602 187 211 
510 278 212 
670 254 76 
743 184 73 
769 133 98 
727 150 123 
569 219 212 
684 230 86 
696 192 112 
547 199 254 
693 188 119 
572 181 247 
614 291 95 
597 259 144 
610 210 180 
650 127 223 
468 230 302 
655 175 170 
746 161 93 
619 225 156 
746 161 93 
618 218 164 
619 230 151 
677 150 173 
605 263 132 
602 183 215 
708 195 97 
590 232 178 
614 226 160 
686 140 174 
711 107 182 
538 155 307 
585 198 217 
547 205 248 
519 210 271 
587 232 181 
686 194 120 
576 178 246 
715 155 130 
616 267 117 
560 181 259 
527 230 243 
743 142 115 
608 273 119 
586 244 170 
690 197 113 
681 187 132 
557 205 238 
733 183 84 
641 289 70 
664 165 171 
601 225 174 
583 266 151 
620 156 224 
652 264 84 
686 219 95 
666 230 104 
663 196 141 
675 229 96 
644 135 221 
633 239 128 
636 185 179 
636 224 140 
659 201 140 
724 142 134 
733 173 94 
583 236 181 
708 200 92 
562 266 172 
672 237 91 
649 220 131 
581 255 164 
614 180 206 
823 130 47 
665 207 128 
498 260 242 
616 196 188 
646 190 164 
697 178 125 
726 132 142 
694 144 162 
608 279 113 
527 207 266 
625 217 158 
703 222 75 
723 162 115 
582 193 225 
597 246 157 
682 193 125 
607 238 155 
636 249 115 
744 158 98 
573 251 176 
485 189 326 
649 210 141 
650 211 139 
597 198 205 
595 184 221 
533 220 247 
592 207 201 
518 285 197 
503 251 246 
683 196 121 
496 162 342 
766 150 84 
606 181 213 
707 164 129 
725 165 110 
600 221 179 
700 182 118 
493 267 240 
