0 21 114 
0 11 83 
0 45 105 
0 13 140 
0 86 58 
0 54 86 
0 5 36 
0 43 37 
0 35 156 
0 4 110 
0 58 53 
0 40 80 
0 39 33 
0 49 152 
0 23 83 
0 32 51 
0 26 87 
0 57 140 
0 12 88 
0 42 91 
0 9 86 
0 8 35 
0 27 159 
0 32 77 
0 14 78 
0 16 157 
0 33 111 
0 16 70 
0 3 98 
0 23 122 
0 11 110 
0 36 57 
0 31 77 
0 32 89 
0 26 76 
0 44 57 
0 15 8 
0 10 178 
0 24 152 
0 22 53 
0 20 93 
0 34 75 
0 23 108 
0 25 23 
0 35 67 
0 54 114 
0 20 101 
0 65 34 
0 25 187 
0 63 49 
0 30 172 
0 30 39 
0 31 86 
0 21 113 
0 44 75 
0 34 75 
0 46 116 
0 52 202 
0 21 96 
0 8 42 
0 31 108 
0 19 77 
0 15 28 
0 40 66 
0 53 162 
0 25 83 
0 5 131 
0 34 37 
0 21 96 
0 16 74 
0 50 25 
0 24 63 
0 35 58 
0 33 56 
0 35 226 
0 20 192 
0 30 52 
0 43 155 
0 19 72 
0 7 69 
0 19 96 
0 44 149 
0 36 133 
0 26 203 
0 8 51 
0 37 94 
0 19 58 
0 14 116 
0 14 51 
0 14 136 
0 29 49 
0 30 19 
0 12 55 
0 30 97 
0 26 48 
0 8 122 
0 32 49 
0 13 76 
0 35 41 
0 6 119 
0 12 61 
0 41 97 
0 39 36 
0 53 51 
0 28 160 
0 12 56 
0 39 138 
0 12 62 
0 18 44 
0 4 56 
0 23 75 
0 25 25 
0 15 61 
0 34 128 
0 18 85 
0 27 179 
0 41 83 
0 59 141 
0 61 99 
0 42 44 
0 36 65 
0 50 47 
0 23 223 
0 37 122 
0 16 49 
0 10 44 
0 29 128 
0 9 69 
0 2 22 
0 19 87 
0 29 166 
0 42 65 
0 51 79 
0 20 40 
0 33 52 
0 30 72 
0 30 60 
0 59 55 
0 46 65 
0 61 58 
0 11 132 
0 5 86 
0 19 85 
0 33 71 
0 4 28 
0 10 77 
0 19 53 
0 31 133 
0 12 94 
0 31 170 
0 13 89 
0 23 98 
0 42 94 
0 26 97 
0 55 116 
0 35 149 
0 28 81 
0 14 115 
0 37 145 
0 53 74 
0 17 128 
0 23 72 
0 11 92 
0 19 54 
0 29 70 
0 16 72 
0 31 62 
0 25 88 
0 15 170 
0 28 105 
0 26 107 
0 10 58 
0 28 147 
0 21 113 
0 29 44 
0 64 41 
0 33 140 
0 20 43 
0 62 126 
0 7 121 
0 18 60 
0 24 126 
0 18 105 
0 62 188 
0 74 94 
0 28 146 
0 36 27 
0 30 149 
0 5 230 
0 52 124 
0 33 63 
0 12 44 
0 9 125 
0 52 109 
0 6 97 
0 5 59 
0 26 47 
0 60 52 
0 8 34 
0 37 114 
0 11 152 
0 12 63 
0 29 42 
0 40 29 
0 3 76 
0 29 71 
0 13 129 
0 13 119 
0 48 199 
0 40 221 
0 57 181 
0 24 39 
0 22 127 
0 37 129 
0 13 124 
0 27 70 
0 6 92 
0 27 70 
0 9 231 
0 10 95 
0 9 123 
0 9 112 
0 9 85 
0 32 41 
0 42 102 
0 59 132 
0 0 75 
0 42 51 
0 23 101 
0 24 97 
0 39 46 
0 43 64 
0 46 76 
0 41 55 
0 4 127 
0 29 116 
0 18 161 
0 14 130 
0 16 49 
0 20 64 
0 26 94 
0 36 63 
0 26 58 
0 21 76 
0 48 81 
0 1 96 
0 35 65 
0 29 26 
0 12 86 
0 62 59 
0 22 86 
0 1 88 
0 7 44 
0 6 79 
0 23 83 
0 15 54 
0 0 56 
0 23 53 
0 41 50 
0 63 68 
0 33 219 
0 32 95 
0 28 58 
0 15 56 
0 18 50 
0 12 142 
0 28 69 
0 24 81 
0 28 43 
0 17 69 
0 41 99 
0 32 102 
0 14 123 
0 43 97 
0 35 52 
0 32 74 
0 51 109 
0 35 47 
0 50 108 
0 3 70 
0 42 141 
0 14 222 
0 32 103 
0 8 31 
0 33 83 
0 14 94 
0 30 70 
0 44 79 
0 32 40 
0 37 71 
0 16 51 
0 9 180 
0 10 130 
0 15 82 
0 40 118 
0 66 89 
0 34 8 
0 49 67 
0 35 112 
0 31 70 
0 16 64 
0 14 84 
0 41 115 
0 15 63 
0 16 66 
0 48 36 
0 40 102 
0 19 85 
0 45 123 
0 26 68 
0 11 125 
0 22 134 
0 23 80 
0 39 164 
0 1 76 
0 44 113 
0 14 73 
0 19 114 
0 36 106 
0 13 160 
0 4 145 
0 30 42 
0 35 52 
0 6 121 
0 19 63 
0 45 99 
0 22 54 
0 55 163 
0 18 67 
0 51 95 
0 7 45 
0 44 70 
0 54 72 
0 28 130 
0 47 211 
0 11 63 
0 63 88 
0 6 68 
0 28 62 
0 15 71 
0 10 58 
0 41 106 
0 70 117 
0 44 39 
0 38 99 
0 18 65 
0 20 96 
0 5 93 
0 12 28 
0 34 47 
0 67 163 
0 27 227 
0 33 24 
0 8 100 
0 24 65 
0 84 70 
0 29 48 
0 49 174 
0 7 45 
0 59 250 
0 25 73 
0 23 74 
0 0 119 
0 10 112 
0 30 147 
0 4 99 
0 33 42 
0 31 69 
0 4 92 
0 14 65 
0 23 110 
0 82 45 
0 20 67 
0 24 41 
0 26 62 
0 18 84 
0 74 116 
0 81 52 
0 47 170 
0 20 242 
0 5 43 
0 15 197 
0 17 78 
0 15 46 
0 20 131 
0 77 85 
0 23 82 
0 7 103 
0 21 125 
0 32 44 
0 23 55 
0 6 58 
0 13 62 
0 27 98 
0 4 112 
0 12 90 
0 13 96 
0 14 31 
0 20 44 
0 58 23 
0 6 85 
0 36 41 
0 14 108 
0 21 124 
0 18 157 
0 21 79 
0 31 40 
0 90 58 
0 33 197 
0 16 104 
0 38 112 
0 28 140 
0 48 60 
0 32 87 
0 9 63 
0 5 99 
0 19 72 
0 25 167 
0 43 103 
0 32 68 
0 39 133 
0 14 143 
0 31 90 
0 15 64 
0 13 159 
0 7 109 
0 20 167 
0 13 113 
0 40 90 
0 18 61 
0 14 265 
0 68 113 
0 47 109 
0 49 72 
0 17 83 
0 9 149 
0 42 48 
0 6 61 
0 49 132 
0 1 97 
0 35 92 
0 34 125 
0 11 146 
0 1 86 
0 38 32 
0 6 83 
0 24 104 
0 14 84 
0 29 122 
0 10 169 
0 19 58 
0 23 151 
0 81 35 
0 28 155 
0 14 126 
0 38 70 
0 19 59 
0 16 137 
0 36 96 
0 44 200 
0 34 64 
0 47 62 
0 17 82 
0 10 78 
0 3 117 
0 4 89 
0 65 37 
0 18 66 
0 11 89 
0 67 58 
0 64 47 
0 54 51 
0 16 50 
0 37 36 
0 16 66 
0 46 217 
0 3 137 
0 14 94 
0 43 81 
0 38 37 
0 14 48 
0 23 103 
0 44 61 
0 30 101 
0 5 112 
0 13 49 
0 14 71 
0 24 91 
0 23 81 
0 5 65 
0 31 48 
0 49 70 
0 14 89 
0 11 51 
0 29 122 
0 32 39 
0 5 48 
0 11 75 
0 21 44 
0 32 109 
0 5 112 
0 3 82 
0 13 64 
0 32 141 
0 94 84 
0 18 225 
0 42 33 
0 5 37 
0 18 80 
0 6 61 
0 9 67 
0 31 27 
0 17 153 
0 38 73 
0 40 44 
0 9 90 
0 9 52 
0 21 101 
0 15 272 
0 17 121 
0 33 49 
0 8 128 
0 28 28 
0 55 47 
0 45 55 
0 5 38 
0 9 55 
0 30 44 
0 1 58 
0 25 125 
0 36 84 
0 30 127 
0 48 40 
0 61 132 
0 1 64 
0 23 59 
0 35 36 
0 73 92 
0 54 73 
0 6 110 
0 15 135 
0 35 84 
0 44 53 
0 54 99 
0 0 157 
0 45 92 
0 67 148 
0 68 63 
0 78 99 
0 15 93 
0 17 84 
0 22 54 
0 7 99 
0 15 115 
0 53 114 
0 49 76 
0 32 108 
0 41 87 
0 45 31 
0 22 84 
0 11 31 
0 9 75 
0 23 70 
0 23 58 
0 15 91 
0 29 135 
0 34 109 
0 17 123 
0 36 115 
0 42 138 
0 71 99 
0 28 79 
0 41 59 
0 9 205 
0 45 43 
0 50 30 
0 6 76 
0 15 80 
0 37 89 
0 33 102 
0 36 169 
0 12 78 
0 5 56 
0 61 67 
0 74 77 
0 31 61 
0 17 304 
0 41 106 
0 18 54 
0 20 52 
0 9 54 
0 16 184 
0 19 114 
0 46 58 
0 0 16 
0 18 83 
0 43 64 
0 18 36 
0 6 53 
0 54 138 
0 22 63 
0 33 53 
0 28 117 
0 66 45 
0 11 88 
0 42 163 
0 40 90 
0 6 78 
0 16 136 
0 30 57 
0 29 20 
0 7 100 
0 1 79 
0 28 34 
0 23 82 
0 18 55 
0 20 52 
0 18 154 
0 31 102 
0 8 47 
0 20 47 
0 39 85 
0 21 34 
0 33 59 
0 40 72 
0 33 71 
0 18 98 
0 10 85 
0 25 40 
0 13 41 
0 14 71 
0 9 189 
0 42 42 
0 7 75 
0 40 66 
0 21 139 
0 26 99 
0 14 69 
0 27 26 
0 95 89 
0 26 123 
0 14 43 
0 10 164 
0 15 80 
0 38 130 
0 55 142 
0 11 92 
0 12 48 
0 22 105 
0 40 127 
0 18 106 
0 48 73 
0 51 73 
0 0 77 
0 50 216 
0 58 76 
0 10 63 
0 39 37 
0 21 59 
0 11 70 
0 38 63 
0 24 111 
0 26 61 
0 9 142 
0 53 90 
0 26 26 
0 1 243 
0 25 110 
0 18 24 
0 83 48 
0 12 84 
0 17 72 
0 19 96 
0 20 43 
0 18 45 
0 13 40 
0 55 54 
0 51 69 
0 45 88 
0 30 61 
0 60 17 
0 57 185 
0 60 91 
0 11 167 
0 29 105 
0 25 105 
0 15 53 
0 14 198 
0 15 50 
0 6 73 
0 27 90 
0 42 118 
0 0 98 
0 61 58 
0 2 112 
0 27 43 
0 13 155 
0 44 144 
0 1 124 
0 15 73 
0 33 106 
0 24 148 
0 46 208 
0 25 106 
0 48 95 
0 37 128 
0 25 68 
0 7 80 
0 6 48 
0 13 190 
0 28 42 
0 25 149 
0 10 86 
0 1 56 
0 20 18 
0 20 76 
0 54 102 
0 9 187 
0 11 67 
0 22 101 
0 60 98 
0 32 208 
0 52 85 
0 44 65 
0 3 167 
0 80 119 
0 21 42 
0 33 204 
0 6 54 
0 22 57 
0 51 29 
0 20 103 
0 15 147 
0 27 68 
0 24 71 
0 24 72 
0 15 142 
0 22 164 
0 12 25 
0 17 121 
0 17 60 
0 18 34 
0 62 104 
0 51 92 
0 4 108 
0 28 101 
0 17 145 
0 13 76 
0 45 88 
0 27 69 
0 18 185 
0 26 144 
0 59 133 
0 49 89 
0 32 139 
0 9 154 
0 73 125 
0 39 55 
0 22 87 
0 37 128 
0 7 23 
0 25 194 
0 37 156 
0 12 36 
0 6 53 
0 27 154 
0 43 68 
0 47 42 
0 41 118 
0 85 89 
0 15 39 
0 61 29 
0 41 186 
0 13 97 
0 50 75 
0 42 64 
0 36 75 
0 27 69 
0 25 149 
0 71 92 
0 23 116 
0 71 149 
0 12 170 
0 9 82 
0 20 110 
0 52 52 
0 44 100 
0 69 91 
0 44 171 
0 36 127 
0 13 105 
0 20 105 
0 13 147 
0 59 40 
0 9 53 
0 23 57 
0 38 59 
0 31 123 
0 11 118 
0 36 89 
0 72 112 
0 38 154 
0 13 172 
0 22 13 
0 41 168 
0 82 130 
0 46 72 
0 14 133 
0 6 59 
0 5 84 
0 33 66 
0 21 100 
0 66 39 
0 47 48 
0 28 44 
0 56 78 
0 21 105 
0 24 144 
0 82 58 
0 37 88 
0 30 56 
0 46 121 
0 36 90 
0 74 68 
0 16 47 
0 45 61 
0 5 170 
0 68 183 
0 15 123 
0 8 9 
0 22 117 
0 21 99 
0 32 105 
0 46 216 
0 28 150 
0 24 67 
0 36 46 
0 5 76 
0 37 66 
0 21 91 
0 26 61 
0 27 170 
0 14 71 
0 37 125 
0 21 49 
0 25 69 
0 19 129 
0 15 35 
0 38 125 
0 42 162 
0 25 121 
0 20 90 
0 41 11 
0 9 115 
0 7 39 
0 83 67 
0 24 62 
0 14 70 
0 7 88 
0 53 141 
0 30 96 
0 10 70 
0 10 65 
0 0 81 
0 26 85 
0 8 47 
0 21 37 
0 72 230 
0 17 71 
0 63 52 
0 53 176 
0 47 60 
0 0 92 
0 5 70 
0 22 177 
0 50 182 
0 22 77 
0 19 201 
0 42 110 
0 18 80 
0 39 133 
0 7 99 
0 4 23 
0 13 105 
0 54 76 
0 44 89 
0 36 95 
0 14 104 
0 17 101 
0 25 95 
0 16 188 
0 48 68 
0 19 87 
0 47 84 
0 53 171 
0 38 136 
0 18 131 
0 18 56 
0 21 80 
0 11 49 
0 1 94 
0 28 119 
0 15 115 
0 19 121 
0 22 121 
0 31 75 
0 6 151 
0 2 121 
0 16 117 
0 12 55 
0 33 43 
0 11 221 
0 14 31 
0 29 123 
0 23 71 
0 107 74 
0 35 82 
0 38 117 
0 24 60 
0 23 118 
0 11 131 
0 46 130 
0 43 112 
0 49 79 
0 29 136 
0 28 79 
0 12 32 
0 16 114 
0 34 81 
0 30 45 
0 78 93 
0 16 55 
0 16 134 
0 4 80 
0 38 48 
0 3 99 
0 15 91 
0 22 138 
0 0 102 
0 32 106 
0 18 82 
0 37 131 
0 14 54 
0 6 28 
0 38 96 
0 21 166 
0 19 80 
0 41 68 
0 44 90 
0 29 47 
0 5 75 
0 33 61 
0 49 58 
0 41 140 
0 0 166 
0 21 165 
0 26 160 
0 17 120 
0 58 66 
0 22 124 
0 8 34 
0 6 202 
0 8 102 
0 18 82 
0 20 112 
0 6 118 
0 2 87 
0 48 181 
0 46 37 
0 24 67 
0 21 83 
0 12 147 
0 19 91 
0 55 84 
0 23 59 
0 58 99 
0 17 106 
0 44 27 
0 29 87 
0 3 50 
0 25 122 
0 23 67 
0 25 90 
0 22 99 
0 69 117 
0 62 123 
0 17 63 
0 8 175 
0 22 19 
0 38 130 
0 16 47 
0 14 155 
0 90 83 
0 25 47 
0 14 17 
0 45 169 
0 25 35 
0 4 62 
0 23 79 
0 12 128 
