0 16 182 
0 5 233 
0 37 102 
0 16 250 
0 90 104 
0 2 161 
0 2 196 
0 18 117 
0 4 304 
0 25 96 
0 1 225 
0 29 140 
0 16 174 
0 6 148 
0 18 115 
0 16 165 
0 13 201 
0 27 135 
0 26 174 
0 71 224 
0 4 179 
0 32 103 
0 2 223 
0 31 164 
0 21 139 
0 15 149 
0 0 224 
0 7 106 
0 20 112 
0 14 191 
0 10 201 
0 9 155 
0 6 107 
0 16 169 
0 21 235 
0 15 208 
0 4 155 
0 36 158 
0 9 77 
0 34 172 
0 5 246 
0 15 214 
0 15 153 
0 8 114 
0 12 117 
0 17 137 
0 12 172 
0 31 172 
0 10 143 
0 34 175 
0 30 231 
0 3 264 
0 6 130 
0 4 155 
0 4 101 
0 14 136 
0 18 139 
0 13 164 
0 83 129 
0 23 117 
0 14 244 
0 15 207 
0 7 127 
0 49 222 
0 13 140 
0 33 75 
0 18 152 
0 12 153 
0 10 210 
0 5 249 
0 16 216 
0 9 226 
0 8 188 
0 9 84 
0 16 183 
0 15 238 
0 14 167 
0 3 172 
0 14 118 
0 15 121 
0 4 95 
0 0 219 
0 4 175 
0 35 109 
0 0 107 
0 12 108 
0 6 219 
0 43 228 
0 10 112 
0 6 172 
0 1 194 
0 1 295 
0 3 254 
0 32 155 
0 24 261 
0 17 85 
0 12 131 
0 18 129 
0 52 167 
0 13 179 
0 11 219 
0 16 229 
0 11 172 
0 3 257 
0 6 170 
0 8 241 
0 6 216 
0 26 93 
0 34 160 
0 30 191 
0 26 181 
0 34 118 
0 11 236 
0 1 100 
0 4 293 
0 26 92 
0 3 171 
0 13 157 
0 28 195 
0 21 79 
0 57 134 
0 21 172 
0 7 180 
0 5 236 
0 21 90 
0 29 176 
0 13 185 
0 11 85 
0 27 141 
0 7 180 
0 7 154 
0 3 207 
0 43 161 
0 6 169 
0 18 251 
0 11 134 
0 17 204 
0 19 178 
0 14 253 
0 5 251 
0 11 215 
0 3 92 
0 15 171 
0 20 169 
0 0 142 
0 20 200 
0 10 185 
0 4 167 
0 0 84 
0 9 161 
0 49 111 
0 17 176 
0 1 205 
0 33 146 
0 10 180 
0 5 190 
0 33 193 
0 15 240 
0 10 136 
0 3 181 
0 41 103 
0 34 207 
0 10 436 
0 8 108 
0 3 226 
0 2 235 
0 4 141 
0 19 92 
0 20 126 
0 24 159 
0 15 286 
0 55 196 
0 0 138 
0 26 203 
0 16 130 
0 5 108 
0 18 192 
0 25 220 
0 2 128 
0 1 144 
0 37 185 
0 14 161 
0 34 160 
0 26 184 
0 9 210 
0 25 130 
0 29 197 
0 12 136 
0 41 128 
0 2 155 
0 27 198 
0 5 204 
0 17 116 
0 4 146 
0 28 150 
0 57 142 
0 31 280 
0 52 247 
0 10 139 
0 2 243 
0 19 179 
0 0 185 
0 57 144 
0 16 152 
0 2 223 
0 12 183 
0 20 118 
0 25 200 
0 10 203 
0 5 193 
0 1 148 
0 6 306 
0 4 182 
0 15 199 
0 33 127 
0 25 93 
0 6 186 
0 4 251 
0 11 204 
0 23 143 
0 26 318 
0 3 198 
0 5 174 
0 1 302 
0 20 253 
0 7 160 
0 5 119 
0 6 227 
0 14 114 
0 28 164 
0 1 255 
0 8 178 
0 21 168 
0 14 133 
0 30 198 
0 30 209 
0 14 174 
0 18 292 
0 5 208 
0 1 195 
0 10 179 
0 39 158 
0 12 203 
0 13 245 
0 45 122 
0 5 206 
0 10 204 
0 1 218 
0 11 143 
0 34 209 
0 30 112 
0 21 110 
0 23 195 
0 63 148 
0 31 150 
0 13 145 
0 21 123 
0 60 91 
0 19 144 
0 5 114 
0 6 196 
0 25 211 
0 11 325 
0 17 174 
0 10 174 
0 16 245 
0 28 170 
0 25 160 
0 17 257 
0 16 166 
0 33 158 
0 7 113 
0 15 169 
0 13 127 
0 3 102 
0 22 119 
0 9 106 
0 12 147 
0 12 187 
0 16 93 
0 21 172 
0 30 113 
0 2 136 
0 7 279 
0 5 166 
0 25 72 
0 10 169 
0 13 237 
0 15 239 
0 2 172 
0 27 122 
0 40 101 
0 4 157 
0 4 170 
0 6 151 
0 2 138 
0 19 168 
0 31 131 
0 5 267 
0 55 105 
0 10 193 
0 27 153 
0 4 134 
0 39 184 
0 4 210 
0 29 228 
0 0 174 
0 30 209 
0 5 127 
0 11 223 
0 22 133 
0 6 190 
0 21 199 
0 3 198 
0 40 171 
0 1 226 
0 15 143 
0 51 138 
0 20 182 
0 39 102 
0 0 114 
0 46 133 
0 55 124 
0 8 175 
0 63 99 
0 21 216 
0 18 181 
0 0 199 
0 64 243 
0 36 156 
0 13 241 
0 12 109 
0 11 158 
0 25 206 
0 9 136 
0 4 118 
0 15 105 
0 2 201 
0 0 239 
0 25 187 
0 8 250 
0 14 211 
0 51 192 
0 14 165 
0 9 160 
0 0 193 
0 18 149 
0 6 193 
0 22 304 
0 13 122 
0 29 196 
0 17 128 
0 10 226 
0 18 143 
0 4 186 
0 23 92 
0 38 262 
0 45 148 
0 17 124 
0 15 207 
0 15 168 
0 19 202 
0 0 210 
0 20 109 
0 38 225 
0 22 116 
0 9 258 
0 4 247 
0 5 234 
0 10 130 
0 10 62 
0 11 193 
0 0 128 
0 17 189 
0 16 240 
0 9 140 
0 2 219 
0 9 163 
0 39 119 
0 17 216 
0 22 209 
0 12 233 
0 10 326 
0 12 168 
0 7 183 
0 10 130 
0 32 191 
0 31 128 
0 5 182 
0 4 197 
0 5 203 
0 2 133 
0 18 234 
0 10 162 
0 13 170 
0 65 148 
0 0 133 
0 6 218 
0 33 142 
0 5 135 
0 11 120 
0 11 152 
0 20 125 
0 17 161 
0 4 145 
0 9 109 
0 12 246 
0 16 275 
0 31 134 
0 106 154 
0 7 109 
0 5 190 
0 4 217 
0 26 197 
0 12 152 
0 6 127 
0 26 58 
0 43 89 
0 12 81 
0 20 157 
0 30 119 
0 2 85 
0 29 140 
0 23 68 
0 23 135 
0 5 130 
0 19 162 
0 22 159 
0 1 104 
0 32 173 
0 34 169 
0 14 164 
0 8 174 
0 26 120 
0 7 216 
0 8 194 
0 34 104 
0 6 170 
0 11 223 
0 0 201 
0 56 101 
0 10 199 
0 6 146 
0 54 92 
0 15 283 
0 0 143 
0 27 192 
0 6 90 
0 32 207 
0 1 192 
0 21 237 
0 22 146 
0 22 135 
0 37 123 
0 11 219 
0 19 256 
0 14 148 
0 20 369 
0 15 145 
0 9 182 
0 13 162 
0 21 166 
0 8 219 
0 12 91 
0 33 100 
0 10 272 
0 12 304 
0 50 267 
0 14 242 
0 26 142 
0 18 133 
0 2 101 
0 3 210 
0 62 196 
0 11 117 
0 20 106 
0 17 151 
0 17 85 
0 7 105 
0 11 113 
0 10 307 
0 1 134 
0 23 200 
0 70 225 
0 4 208 
0 16 253 
0 16 194 
0 2 155 
0 34 120 
0 22 204 
0 31 169 
0 23 214 
0 15 158 
0 73 206 
0 27 131 
0 23 139 
0 0 199 
0 11 198 
0 1 222 
0 15 185 
0 16 162 
0 0 178 
0 2 135 
0 3 234 
0 6 238 
0 6 312 
0 37 247 
0 10 212 
0 6 143 
0 5 100 
0 17 307 
0 7 183 
0 7 184 
0 8 146 
0 6 154 
0 19 165 
0 47 185 
0 15 198 
0 27 140 
0 8 118 
0 28 136 
0 7 153 
0 36 355 
0 40 100 
0 20 197 
0 11 223 
0 20 204 
0 10 105 
0 6 107 
0 13 178 
0 6 266 
0 16 173 
0 5 164 
0 19 174 
0 9 208 
0 3 173 
0 6 131 
0 15 181 
0 41 148 
0 44 191 
0 10 244 
0 12 104 
0 4 234 
0 9 97 
0 7 246 
0 30 133 
0 7 209 
0 19 240 
0 0 322 
0 5 174 
0 16 110 
0 73 142 
0 24 181 
0 39 82 
0 29 229 
0 7 295 
0 17 244 
0 4 165 
0 33 191 
0 7 129 
0 1 175 
0 0 155 
0 8 170 
0 6 190 
0 24 134 
0 48 183 
0 20 212 
0 5 251 
0 44 145 
0 22 227 
0 10 161 
0 33 125 
0 5 205 
0 8 135 
0 10 199 
0 24 162 
0 11 194 
0 20 101 
0 1 174 
0 30 96 
0 14 206 
0 6 117 
0 15 142 
0 5 252 
0 9 167 
0 5 264 
0 18 175 
0 8 148 
0 9 252 
0 16 254 
0 15 150 
0 10 176 
0 14 242 
0 2 344 
0 34 96 
0 15 182 
0 20 291 
0 49 230 
0 9 138 
0 8 211 
0 18 83 
0 24 177 
0 7 204 
0 49 174 
0 14 162 
0 37 131 
0 10 211 
0 4 195 
0 8 282 
0 8 175 
0 7 153 
0 5 179 
0 43 200 
0 0 238 
0 18 163 
0 16 162 
0 28 196 
0 13 239 
0 3 184 
0 2 166 
0 7 274 
0 59 164 
0 9 147 
0 27 164 
0 14 162 
0 10 196 
0 20 175 
0 25 143 
0 64 95 
0 70 114 
0 3 195 
0 22 121 
0 3 235 
0 0 177 
0 5 110 
0 1 127 
0 18 180 
0 8 142 
0 42 235 
0 40 133 
0 10 280 
0 25 137 
0 2 232 
0 25 153 
0 25 175 
0 27 185 
0 8 121 
0 38 116 
0 8 164 
0 21 139 
0 36 156 
0 11 104 
0 24 199 
0 98 191 
0 8 329 
0 43 265 
0 9 194 
0 26 125 
0 13 237 
0 31 154 
0 1 216 
0 0 138 
0 20 230 
0 6 137 
0 50 170 
0 14 187 
0 3 130 
0 34 149 
0 6 181 
0 11 241 
0 14 128 
0 10 164 
0 40 113 
0 6 142 
0 18 204 
0 11 142 
0 28 368 
0 25 144 
0 5 149 
0 11 177 
0 19 115 
0 28 194 
0 15 190 
0 81 123 
0 22 202 
0 32 127 
0 24 126 
0 34 205 
0 0 118 
0 3 175 
0 8 265 
0 0 148 
0 12 137 
0 41 148 
0 14 92 
0 24 129 
0 11 183 
0 40 142 
0 3 122 
0 0 122 
0 25 111 
0 16 184 
0 12 218 
0 5 201 
0 40 139 
0 29 190 
0 3 200 
0 41 162 
0 45 152 
0 11 170 
0 33 258 
0 1 435 
0 27 197 
0 14 235 
0 18 161 
0 22 208 
0 26 181 
0 16 189 
0 42 203 
0 16 178 
0 17 196 
0 20 111 
0 20 194 
0 38 85 
0 26 168 
0 39 259 
0 16 128 
0 7 299 
0 21 136 
0 49 185 
0 28 62 
0 12 225 
0 8 122 
0 22 180 
0 16 138 
0 1 157 
0 12 179 
0 21 162 
0 1 211 
0 8 95 
0 3 116 
0 17 156 
0 22 166 
0 0 253 
0 4 226 
0 0 118 
0 10 233 
0 36 256 
0 18 98 
0 0 125 
0 1 153 
0 64 156 
0 15 185 
0 19 193 
0 6 150 
0 0 233 
0 3 226 
0 21 183 
0 12 217 
0 10 276 
0 13 164 
0 3 150 
0 37 186 
0 4 169 
0 6 105 
0 46 127 
0 15 171 
0 1 183 
0 17 154 
0 4 156 
0 6 217 
0 22 184 
0 45 75 
0 10 87 
0 32 276 
0 13 140 
0 24 215 
0 25 219 
0 15 259 
0 18 216 
0 22 83 
0 19 263 
0 10 304 
0 5 235 
0 17 167 
0 1 284 
0 6 131 
0 12 169 
0 7 117 
0 4 134 
0 26 149 
0 51 152 
0 60 116 
0 21 215 
0 15 186 
0 15 155 
0 19 155 
0 10 271 
0 14 184 
0 32 231 
0 2 139 
0 7 139 
0 6 159 
0 57 242 
0 41 231 
0 4 156 
0 6 188 
0 6 314 
0 0 136 
0 6 208 
0 17 122 
0 4 165 
0 12 200 
0 42 182 
0 6 128 
0 4 276 
0 20 198 
0 26 127 
0 6 192 
0 24 104 
0 12 223 
0 10 154 
0 8 93 
0 2 139 
0 13 156 
0 10 119 
0 57 360 
0 5 90 
0 27 131 
0 22 211 
0 14 210 
0 4 251 
0 14 98 
0 15 162 
0 44 210 
0 0 127 
0 18 179 
0 0 211 
0 26 150 
0 8 179 
0 22 142 
0 30 174 
0 28 98 
0 0 89 
0 28 146 
0 29 221 
0 17 103 
0 7 116 
0 13 128 
0 3 122 
0 9 59 
0 16 145 
0 19 233 
0 31 130 
0 24 89 
0 28 264 
0 13 125 
0 5 141 
0 15 205 
0 24 185 
0 23 238 
0 22 121 
0 28 199 
0 15 143 
0 52 147 
0 23 153 
0 11 170 
0 26 201 
0 6 200 
0 31 162 
0 5 160 
0 3 251 
0 1 208 
0 21 245 
0 62 93 
0 34 173 
0 6 158 
0 24 347 
0 35 166 
0 6 133 
0 0 215 
0 36 200 
0 2 145 
0 48 169 
0 15 285 
0 22 81 
0 31 203 
0 5 191 
0 28 178 
0 18 188 
0 45 160 
0 45 147 
0 0 109 
0 7 233 
0 8 178 
0 9 106 
0 23 162 
0 6 302 
0 9 124 
0 37 162 
0 21 126 
0 6 186 
0 13 148 
0 0 169 
0 19 231 
0 16 193 
0 1 120 
0 42 165 
0 17 138 
0 14 151 
0 101 204 
0 8 140 
0 7 184 
0 24 134 
0 58 94 
0 1 151 
0 36 124 
0 6 162 
0 8 168 
0 4 246 
0 6 169 
0 36 177 
0 11 222 
0 15 136 
0 14 152 
0 6 212 
0 14 247 
0 3 153 
0 20 166 
0 48 143 
0 2 209 
0 0 144 
0 20 203 
0 43 150 
0 37 231 
0 16 140 
0 17 200 
0 7 95 
0 26 143 
0 26 180 
0 31 200 
0 5 152 
0 7 160 
0 10 161 
0 40 184 
0 12 173 
0 18 262 
0 19 232 
0 0 150 
0 13 107 
0 13 140 
0 21 286 
0 27 45 
0 34 210 
0 36 159 
0 0 211 
0 15 109 
0 5 103 
0 21 185 
0 1 124 
0 0 193 
0 14 219 
0 5 299 
0 28 166 
0 34 114 
0 0 185 
0 4 81 
0 4 252 
0 5 126 
0 5 214 
0 33 151 
0 4 160 
0 13 125 
0 11 212 
0 11 260 
0 36 94 
0 9 88 
0 0 144 
0 11 170 
0 10 229 
0 10 245 
0 69 170 
0 6 171 
0 28 182 
0 1 134 
0 6 219 
0 1 198 
0 11 257 
0 21 149 
0 11 108 
0 4 126 
0 8 111 
0 14 176 
0 12 157 
0 17 94 
0 30 98 
0 1 192 
0 44 75 
0 51 197 
0 0 202 
