0 52 316 110 0 
5 69 211 225 20 
0 62 160 79 0 
5 109 60 66 1 
48 65 168 14 7 
5 66 232 68 0 
4 35 275 41 0 
12 41 169 58 0 
12 122 191 67 0 
3 59 210 49 4 
0 132 196 144 0 
4 31 95 43 0 
5 40 348 65 0 
0 52 362 29 24 
2 140 168 149 0 
27 160 126 14 1 
2 88 193 112 59 
1 129 96 36 0 
11 180 103 53 6 
9 48 150 15 43 
3 109 238 52 0 
7 67 119 24 0 
7 60 259 82 0 
4 80 234 109 6 
4 50 200 47 0 
14 132 85 86 0 
5 38 145 128 0 
6 99 351 12 0 
2 74 260 136 3 
5 57 189 83 16 
9 44 190 16 0 
16 23 170 95 0 
11 7 91 157 26 
0 126 188 44 0 
25 138 162 78 0 
8 185 125 34 0 
1 32 210 49 0 
13 77 239 26 1 
48 46 164 67 0 
2 71 171 47 40 
14 56 155 33 0 
33 59 152 100 0 
1 26 262 183 16 
1 71 98 65 0 
1 23 244 22 0 
6 62 188 19 0 
2 42 243 46 10 
12 52 148 104 0 
1 78 171 7 0 
7 52 162 68 0 
1 48 224 12 0 
1 66 154 143 0 
5 35 196 62 6 
12 58 107 79 10 
1 92 280 131 0 
5 26 78 151 0 
10 100 49 34 0 
7 80 89 24 0 
37 38 84 201 8 
2 89 148 38 3 
0 13 141 89 0 
1 95 203 30 0 
4 121 95 43 1 
7 142 191 40 0 
9 54 223 81 0 
1 177 147 59 0 
0 4 166 197 0 
1 21 64 133 0 
14 51 200 93 0 
12 51 134 118 1 
19 83 196 27 1 
11 107 349 81 0 
2 36 144 129 0 
10 28 269 54 8 
5 78 38 59 1 
5 70 165 34 0 
6 62 131 39 0 
5 100 222 39 0 
6 54 194 65 9 
22 55 138 121 8 
2 16 195 64 13 
0 153 184 106 0 
4 87 133 27 0 
1 52 357 145 0 
9 89 119 30 32 
27 48 141 26 0 
4 63 238 58 0 
19 30 195 189 30 
12 59 146 16 0 
2 45 288 111 0 
11 79 113 99 0 
4 156 201 56 0 
7 230 87 57 0 
12 81 92 9 0 
3 86 254 8 0 
0 30 172 54 8 
16 75 85 7 0 
11 75 268 71 12 
2 117 239 75 17 
17 116 65 32 0 
8 23 316 71 0 
7 43 284 80 0 
0 188 93 80 0 
29 68 288 79 0 
7 4 268 46 0 
0 51 255 46 0 
4 57 211 21 0 
9 21 234 10 6 
10 70 163 68 0 
16 157 66 87 0 
6 126 204 37 0 
2 65 144 39 2 
19 83 194 77 0 
3 111 179 13 0 
6 105 181 19 15 
3 118 47 42 0 
0 59 139 106 0 
1 54 202 102 18 
7 122 141 82 47 
3 54 214 91 0 
11 27 198 32 0 
5 24 285 71 0 
5 83 151 118 0 
0 45 219 122 0 
7 55 110 85 0 
0 60 222 40 0 
1 79 223 20 1 
12 30 105 87 0 
13 67 116 69 0 
30 44 189 122 14 
11 87 248 24 0 
3 24 114 37 20 
4 48 169 27 0 
9 33 111 68 0 
13 32 151 56 0 
2 122 136 39 0 
4 51 80 47 0 
26 69 186 121 0 
2 100 271 80 0 
9 68 155 122 20 
2 110 154 84 1 
10 59 87 50 0 
1 42 222 25 0 
4 35 138 104 0 
2 64 83 22 0 
3 44 110 113 0 
8 36 158 161 0 
20 54 76 46 0 
9 136 236 64 4 
7 182 97 69 1 
4 191 179 9 61 
7 101 141 16 1 
4 48 136 72 0 
7 126 199 21 1 
5 28 77 77 0 
18 85 160 38 1 
0 168 172 86 0 
10 34 122 117 3 
3 46 196 118 0 
26 95 34 1 5 
1 124 241 51 0 
28 35 169 56 1 
0 150 168 27 0 
1 34 172 47 0 
34 48 177 210 0 
6 31 134 98 0 
3 59 75 26 0 
5 51 150 30 0 
0 30 245 160 0 
6 101 119 197 0 
1 150 274 43 21 
3 119 126 53 4 
1 78 192 66 0 
4 46 285 106 0 
0 108 179 6 0 
62 53 106 115 0 
12 31 196 102 1 
18 107 156 4 0 
23 63 133 132 1 
6 107 112 15 1 
13 56 205 9 1 
13 10 114 77 0 
6 61 158 108 0 
3 112 152 79 0 
0 42 97 79 0 
4 59 196 169 0 
3 87 193 21 0 
16 26 132 78 0 
12 55 108 24 6 
20 54 143 35 0 
1 118 84 62 0 
2 64 321 65 0 
154 62 87 35 0 
59 45 173 101 0 
4 90 176 38 0 
4 154 174 230 14 
6 49 150 108 48 
0 103 177 73 0 
4 55 298 41 0 
13 71 143 145 1 
0 61 184 57 0 
10 50 278 134 9 
8 64 229 49 0 
14 61 194 6 0 
0 64 72 42 1 
25 54 198 5 0 
28 38 217 59 0 
2 57 243 34 0 
2 121 172 42 0 
4 90 196 95 0 
9 65 254 101 23 
32 257 145 29 43 
16 80 116 59 35 
2 55 376 34 0 
10 102 58 146 0 
2 44 117 60 0 
18 90 196 75 5 
25 162 199 7 0 
2 79 183 104 1 
3 9 177 138 0 
15 79 198 45 7 
16 38 235 83 0 
14 99 67 47 8 
19 165 230 132 0 
2 103 178 84 0 
3 38 411 5 0 
7 42 76 142 0 
6 27 100 80 3 
4 28 101 26 0 
23 49 227 31 0 
5 169 175 47 0 
6 32 164 138 0 
1 14 153 132 1 
4 67 223 99 0 
7 32 221 28 28 
17 141 88 76 0 
45 54 119 39 0 
1 115 240 24 19 
5 84 100 48 0 
2 176 162 94 0 
11 109 179 139 13 
0 16 191 56 0 
10 110 80 78 1 
0 42 225 78 0 
17 69 171 92 0 
0 119 136 109 0 
20 85 207 127 20 
0 84 298 68 3 
11 33 273 152 0 
1 90 172 59 0 
5 26 191 23 0 
0 68 190 154 0 
14 53 136 74 0 
0 18 151 57 0 
3 65 144 118 22 
0 34 180 27 23 
1 44 143 62 19 
14 14 228 78 1 
1 94 149 23 0 
2 32 134 67 2 
11 156 141 75 0 
1 40 317 91 0 
12 30 557 32 0 
2 35 195 34 0 
5 16 320 129 24 
4 78 283 59 0 
1 40 162 76 0 
3 62 198 70 19 
35 66 273 62 0 
20 46 219 32 0 
1 125 197 16 11 
6 155 101 147 0 
48 51 231 137 0 
1 8 184 83 0 
12 68 202 121 0 
7 56 144 60 1 
3 77 82 194 0 
7 111 107 32 0 
0 139 82 58 9 
8 48 241 0 0 
6 86 171 37 0 
6 85 166 62 0 
2 82 179 28 1 
18 31 213 25 0 
14 40 125 80 0 
11 74 133 29 0 
7 72 180 6 0 
19 80 124 2 0 
0 131 163 71 0 
10 131 116 70 0 
1 68 254 46 2 
23 60 201 64 0 
20 59 158 53 0 
12 52 175 49 42 
1 68 114 22 1 
5 153 127 108 0 
1 96 172 19 3 
12 226 41 80 0 
11 105 145 39 3 
7 30 134 120 0 
3 54 111 141 0 
0 96 177 118 0 
2 140 309 62 1 
5 71 266 9 0 
1 47 184 89 0 
6 101 232 66 0 
12 45 134 14 0 
0 97 208 56 0 
1 195 181 38 0 
0 121 213 27 6 
11 15 317 124 0 
1 22 224 185 21 
1 83 144 74 0 
0 57 153 140 0 
6 49 63 197 40 
10 28 171 28 15 
7 59 200 14 0 
11 44 118 13 3 
5 45 150 41 0 
9 12 147 34 0 
12 56 240 70 6 
0 54 272 43 0 
9 34 208 120 0 
6 79 169 101 0 
3 41 116 64 27 
1 75 197 177 4 
0 60 225 43 0 
1 62 263 91 29 
0 97 214 62 8 
1 117 168 24 0 
0 40 173 116 0 
6 70 163 82 0 
41 129 268 46 0 
3 63 206 89 0 
2 42 198 14 1 
1 48 98 22 0 
7 30 111 96 0 
1 85 200 56 0 
6 29 251 33 0 
21 10 230 56 0 
0 4 34 212 0 
19 116 152 82 11 
6 161 192 64 0 
20 64 118 101 0 
0 29 120 56 0 
0 12 389 52 0 
9 53 247 70 0 
55 37 180 72 1 
14 85 135 19 0 
0 76 208 105 1 
6 38 286 6 0 
0 33 278 54 0 
12 70 144 106 0 
3 121 178 6 0 
9 74 258 58 0 
2 84 122 18 0 
11 14 130 274 0 
1 84 224 30 0 
6 97 176 46 0 
6 46 230 25 0 
8 63 108 22 0 
1 40 213 227 0 
5 38 175 78 0 
8 190 130 38 0 
10 23 155 20 3 
1 224 247 9 0 
9 24 85 37 0 
17 3 116 63 0 
20 45 102 38 0 
35 98 104 28 5 
1 58 225 70 0 
3 53 297 97 0 
1 138 204 7 0 
3 66 91 44 0 
0 28 202 71 0 
0 69 155 117 0 
26 35 230 91 0 
3 26 159 136 0 
2 43 363 25 0 
4 34 107 100 0 
0 57 137 104 19 
5 100 231 37 6 
10 32 433 247 0 
9 55 151 83 0 
3 46 163 118 0 
39 99 170 73 0 
6 109 87 50 65 
0 22 180 84 0 
6 78 161 83 16 
4 106 223 53 1 
6 69 130 69 0 
4 52 53 127 0 
10 116 86 47 1 
1 19 189 82 18 
0 93 145 38 9 
2 49 313 10 0 
6 14 124 117 1 
4 110 229 27 0 
1 3 169 82 0 
11 38 197 60 0 
1 63 267 36 0 
25 85 130 49 0 
8 55 172 65 0 
4 88 106 20 14 
94 42 138 15 0 
2 39 217 43 15 
6 18 156 100 2 
4 77 65 93 6 
9 31 195 32 0 
26 65 224 143 1 
3 13 254 88 1 
5 36 79 124 45 
5 98 92 56 2 
31 115 224 66 0 
3 13 221 19 4 
2 157 88 117 0 
22 106 85 41 0 
24 43 241 28 1 
0 66 144 17 13 
3 48 114 52 0 
6 59 324 41 0 
14 55 129 32 0 
37 134 165 42 0 
7 87 109 45 7 
2 62 155 97 0 
0 18 220 65 14 
17 31 176 216 0 
8 31 102 105 10 
11 9 143 155 4 
2 115 164 137 0 
15 36 336 31 0 
18 56 214 57 0 
6 56 153 81 0 
5 144 183 39 0 
2 194 193 72 0 
1 29 305 83 0 
21 101 163 173 0 
26 45 156 104 0 
31 142 116 41 0 
21 173 226 41 0 
32 37 185 17 0 
1 65 103 39 11 
1 40 162 22 8 
1 87 173 102 0 
0 85 134 132 0 
14 74 242 68 0 
7 23 139 61 1 
3 27 231 57 0 
4 48 356 35 47 
3 57 106 70 56 
4 17 158 185 0 
11 25 86 54 8 
23 72 220 46 0 
8 101 237 77 0 
1 17 216 29 0 
20 55 99 77 0 
0 52 74 94 7 
1 22 214 101 68 
2 77 115 16 0 
0 59 122 33 0 
6 53 218 26 9 
4 115 165 52 1 
1 60 217 175 0 
1 14 231 24 0 
7 127 63 56 0 
11 100 110 34 8 
7 1 368 50 0 
6 44 138 57 1 
9 46 152 44 0 
27 70 204 66 0 
11 20 324 37 36 
8 171 158 84 0 
8 65 221 63 58 
9 62 252 122 0 
3 38 61 74 0 
9 48 146 102 0 
2 159 117 45 0 
3 36 198 129 1 
8 117 99 32 0 
18 95 286 29 17 
16 73 128 43 6 
8 97 102 85 0 
4 43 192 63 0 
20 57 74 66 0 
18 105 107 27 0 
15 97 143 51 0 
3 84 201 82 0 
17 88 103 37 16 
0 66 352 13 0 
3 143 57 77 0 
14 48 274 62 1 
10 99 220 15 5 
26 48 132 85 0 
3 71 117 104 5 
9 66 247 65 77 
7 88 65 51 0 
3 27 119 38 110 
5 58 125 109 0 
14 34 236 44 0 
3 66 114 28 8 
5 33 283 104 0 
8 16 208 93 1 
4 80 141 207 0 
17 64 83 71 0 
19 89 212 21 1 
5 176 89 137 0 
4 53 181 71 0 
8 102 217 76 12 
0 48 220 145 0 
6 37 147 5 0 
46 67 157 22 0 
5 33 222 72 3 
0 190 76 9 0 
3 99 188 82 0 
0 72 146 58 0 
0 48 164 27 18 
10 139 304 16 0 
18 24 92 169 0 
3 31 237 48 0 
3 43 151 126 1 
7 33 273 53 30 
1 77 336 159 0 
21 35 96 45 1 
3 71 287 62 0 
0 9 203 122 1 
3 77 105 50 17 
25 54 144 24 0 
12 97 198 50 0 
18 34 315 62 0 
3 55 108 154 0 
5 8 177 126 0 
17 185 108 146 0 
9 37 104 21 0 
0 32 286 87 6 
2 58 107 117 6 
1 81 119 70 0 
0 45 307 98 0 
10 41 162 126 0 
11 89 191 53 2 
13 34 269 72 0 
2 42 113 46 4 
35 63 66 200 0 
0 113 117 59 11 
55 28 149 47 0 
6 34 91 139 0 
5 83 166 94 0 
20 66 80 100 25 
2 120 154 95 0 
5 57 109 134 20 
19 53 251 14 0 
10 37 155 26 1 
13 24 237 60 0 
28 30 317 89 0 
0 108 216 109 10 
1 75 87 128 3 
19 45 255 39 0 
1 4 135 27 13 
0 206 110 82 0 
36 91 167 63 0 
19 118 127 97 0 
1 39 138 43 0 
3 24 123 166 12 
11 55 177 46 4 
0 30 215 27 3 
2 21 159 77 1 
3 22 95 102 0 
16 100 132 82 0 
0 82 240 99 0 
2 24 120 157 0 
2 126 138 226 0 
9 82 128 40 3 
10 31 236 3 0 
24 190 157 15 1 
34 112 71 161 11 
26 49 51 106 9 
8 29 94 53 47 
1 101 103 96 9 
1 38 85 168 0 
1 52 156 54 0 
18 207 176 20 0 
3 98 76 155 2 
2 69 94 130 0 
23 60 95 9 3 
10 50 218 69 6 
21 30 132 46 0 
0 21 230 100 0 
14 31 91 41 13 
0 52 127 76 0 
24 92 196 241 0 
3 42 323 28 1 
8 33 219 34 0 
9 44 192 121 0 
4 145 305 112 0 
2 65 231 132 1 
5 93 198 69 0 
10 41 217 25 0 
7 50 78 65 0 
23 33 63 27 0 
11 104 151 116 0 
4 73 92 81 0 
1 73 128 143 0 
0 29 172 123 0 
11 7 282 86 0 
1 36 154 24 0 
50 147 124 108 0 
10 83 206 87 0 
0 139 65 47 0 
0 122 109 187 0 
0 42 64 131 0 
9 50 109 40 0 
0 50 227 21 0 
8 88 82 63 0 
7 25 223 35 0 
12 52 99 19 0 
27 42 110 68 0 
20 19 153 94 2 
21 169 183 94 0 
29 155 126 95 0 
2 90 186 44 0 
0 64 287 21 0 
0 141 103 46 0 
4 48 108 144 0 
2 19 152 66 0 
14 63 98 181 0 
2 94 133 6 0 
5 12 173 84 13 
5 71 239 36 0 
9 200 114 40 0 
10 84 179 57 0 
7 138 256 96 0 
13 103 119 100 0 
1 41 109 146 0 
7 165 150 79 0 
1 14 313 63 0 
16 99 237 36 14 
17 108 150 62 1 
1 132 220 103 1 
26 80 282 62 18 
10 64 214 66 0 
2 58 250 106 6 
23 68 111 39 0 
1 122 78 15 0 
1 32 214 169 0 
1 36 87 110 0 
1 30 149 202 0 
23 43 137 173 0 
0 54 159 199 0 
14 74 314 36 0 
31 93 77 70 0 
10 90 198 5 0 
1 77 204 46 0 
17 31 105 201 2 
2 164 108 27 0 
8 101 236 163 0 
3 37 118 17 67 
0 68 189 37 0 
13 43 127 46 0 
4 38 121 52 0 
23 171 234 58 0 
31 28 210 17 0 
0 176 64 75 1 
5 17 222 56 0 
2 85 207 12 0 
9 87 190 50 163 
34 36 97 11 1 
1 46 127 203 0 
2 108 74 17 0 
1 53 154 145 0 
13 44 239 17 7 
2 82 145 42 3 
7 205 83 19 0 
37 161 93 88 0 
5 81 123 20 6 
17 31 89 32 11 
43 6 210 117 0 
0 108 145 45 1 
0 106 106 146 0 
4 81 325 40 1 
4 99 178 67 0 
0 91 218 96 0 
9 47 202 162 0 
25 98 102 139 0 
7 64 219 3 16 
3 34 298 115 0 
11 62 263 42 0 
6 34 135 122 0 
1 29 299 102 0 
16 105 159 95 65 
8 41 308 103 0 
8 68 183 231 0 
24 58 242 4 0 
4 44 223 43 0 
35 67 360 44 14 
15 33 260 73 0 
1 52 47 98 0 
1 51 257 80 0 
22 200 112 38 0 
0 61 244 60 0 
6 125 107 66 0 
23 79 109 96 0 
17 36 120 37 1 
6 101 204 73 0 
5 57 196 21 3 
28 82 122 42 0 
12 98 67 27 21 
3 83 290 69 0 
0 21 270 39 0 
14 73 110 62 3 
0 106 198 80 0 
12 80 77 100 0 
14 130 188 48 25 
9 70 166 111 0 
10 30 133 72 0 
1 235 320 76 0 
10 163 155 29 0 
9 33 39 207 54 
2 48 181 144 3 
10 52 113 59 0 
14 69 112 55 0 
7 36 106 84 0 
17 73 203 24 0 
1 103 130 83 1 
0 103 111 75 0 
42 52 246 78 0 
7 47 67 33 0 
1 20 73 143 0 
23 33 157 52 8 
16 216 207 20 0 
10 64 174 75 2 
20 95 123 63 0 
7 85 85 145 17 
1 54 188 3 64 
6 50 170 114 0 
0 19 141 33 0 
6 132 188 39 0 
8 38 199 145 44 
9 15 259 13 0 
2 116 177 70 0 
2 52 164 68 0 
9 138 212 64 16 
7 54 137 113 2 
12 26 75 33 1 
6 34 272 96 1 
3 36 90 126 1 
27 13 206 48 2 
7 48 196 17 1 
4 202 131 37 36 
1 69 242 45 0 
1 165 165 56 0 
6 117 187 74 13 
8 46 117 172 0 
2 29 214 42 0 
1 94 160 41 0 
13 91 222 204 2 
16 127 172 75 0 
6 85 148 195 0 
4 104 118 91 0 
20 35 67 170 0 
0 59 124 128 0 
1 73 117 124 7 
1 78 117 69 0 
16 53 140 158 19 
1 70 43 36 0 
29 37 156 17 1 
0 38 233 51 1 
11 26 93 108 0 
14 19 247 42 0 
11 160 117 71 6 
17 50 134 126 0 
2 87 173 15 0 
2 46 182 114 0 
18 91 217 90 0 
14 25 155 83 0 
16 50 136 57 0 
26 67 72 45 0 
10 22 133 57 10 
16 77 144 177 0 
7 66 149 19 0 
4 83 170 44 0 
19 89 128 143 0 
3 130 256 50 74 
2 189 205 48 0 
0 50 162 45 0 
2 109 175 126 8 
3 98 104 14 21 
2 31 145 17 10 
8 65 81 129 0 
8 120 61 50 0 
11 29 188 81 0 
4 65 66 28 32 
18 144 99 161 17 
5 142 83 54 0 
1 46 167 46 38 
11 64 93 49 0 
1 88 90 44 0 
0 5 91 110 0 
5 62 109 14 0 
0 36 128 223 0 
5 31 294 17 29 
2 25 294 86 0 
3 38 134 140 9 
12 113 113 202 1 
8 165 81 66 0 
12 95 127 32 3 
4 107 72 55 55 
21 72 156 69 1 
7 155 134 59 1 
1 154 114 58 0 
10 47 113 50 0 
1 30 81 127 0 
5 119 218 47 2 
33 52 171 87 0 
2 79 129 53 12 
0 65 181 88 0 
5 64 203 133 0 
13 59 298 61 0 
9 38 127 80 34 
30 116 234 14 14 
0 154 111 63 1 
5 86 83 90 0 
16 92 281 219 0 
16 28 177 23 6 
14 53 232 46 0 
16 112 116 99 0 
3 88 135 125 0 
0 124 252 42 1 
0 166 159 83 0 
8 119 218 5 0 
11 140 163 37 0 
1 65 211 137 0 
2 93 204 45 0 
13 44 60 110 0 
1 113 153 17 0 
52 59 71 45 31 
21 87 198 24 0 
10 88 364 45 11 
2 27 143 123 0 
5 18 162 47 0 
6 17 180 23 0 
14 84 181 59 1 
4 37 131 85 4 
15 84 131 64 27 
2 93 60 94 15 
2 37 223 49 0 
4 33 221 156 0 
4 70 254 52 0 
1 90 118 20 0 
7 97 153 55 1 
0 69 159 20 0 
5 76 181 31 0 
12 35 165 88 0 
2 69 161 30 0 
34 87 186 122 4 
11 159 223 40 5 
0 57 131 71 0 
6 148 102 129 0 
1 62 279 36 0 
11 35 140 247 11 
11 117 181 56 0 
0 212 298 67 0 
2 92 271 37 0 
28 119 135 108 69 
6 56 212 106 7 
16 38 128 82 1 
22 45 140 79 0 
2 45 199 38 0 
1 91 66 85 5 
1 57 198 91 1 
3 39 303 35 0 
0 128 230 92 0 
11 75 132 93 0 
15 75 178 130 0 
2 67 70 57 0 
1 29 121 143 2 
7 99 207 110 0 
5 49 174 145 1 
8 75 193 53 15 
8 103 178 82 0 
5 93 98 88 0 
7 58 341 71 0 
24 106 154 95 0 
4 182 159 62 0 
1 29 160 180 0 
3 78 154 111 0 
0 100 194 89 0 
0 44 237 94 0 
0 123 160 163 13 
20 66 111 151 0 
21 34 283 54 0 
7 82 288 15 8 
18 90 110 82 0 
6 83 157 53 0 
28 106 107 6 0 
5 67 170 66 0 
2 33 227 78 6 
2 78 172 37 0 
20 37 246 128 0 
3 47 171 54 0 
0 24 154 43 6 
1 71 92 136 0 
2 82 241 92 0 
20 99 148 90 0 
1 45 100 127 3 
3 68 308 4 101 
2 51 126 136 82 
6 50 204 38 0 
10 69 131 92 0 
1 94 174 64 0 
9 103 183 218 0 
1 32 274 221 0 
26 80 316 141 1 
7 154 118 116 2 
7 61 96 175 0 
10 85 217 35 0 
0 14 193 19 0 
17 104 141 71 1 
21 11 212 107 0 
1 55 103 26 0 
4 28 231 147 0 
2 45 182 94 0 
36 74 105 85 21 
0 18 58 288 0 
1 76 181 65 1 
23 55 107 58 1 
12 50 160 60 0 
2 107 230 65 0 
4 114 112 53 2 
0 41 200 103 0 
1 144 229 47 0 
5 18 149 328 0 
1 25 115 74 13 
17 94 226 40 30 
62 283 154 8 5 
22 62 240 84 0 
31 21 204 95 0 
33 107 79 57 3 
8 101 361 91 0 
14 46 145 130 7 
10 92 116 75 0 
6 72 89 99 0 
13 184 77 39 0 
14 46 26 76 0 
8 2 159 26 0 
1 165 193 25 0 
3 70 221 67 0 
0 67 154 37 120 
16 68 121 29 0 
3 28 111 86 0 
20 64 138 73 0 
9 71 134 85 0 
4 71 210 88 1 
16 199 135 57 0 
11 40 192 39 0 
8 49 167 137 0 
4 86 115 71 0 
4 69 179 60 3 
23 24 228 11 0 
9 42 254 43 0 
9 137 61 120 0 
12 129 103 136 0 
1 25 118 14 1 
11 49 128 44 0 
13 81 219 146 0 
17 89 156 61 36 
14 44 136 58 0 
11 56 106 79 7 
1 51 95 47 0 
7 44 154 58 1 
2 31 192 84 10 
1 110 130 57 57 
7 82 243 200 44 
1 24 198 187 0 
0 39 288 52 9 
0 33 240 33 0 
0 170 105 24 20 
0 80 244 114 0 
0 105 272 138 0 
8 83 269 86 0 
9 47 266 125 1 
6 58 73 28 0 
14 119 127 46 13 
8 102 130 69 0 
24 101 267 21 0 
17 44 169 157 0 
1 75 119 33 1 
16 89 130 26 0 
21 78 228 42 0 
0 38 258 82 15 
21 42 96 50 0 
28 63 135 95 0 
3 86 139 103 43 
10 52 146 73 0 
9 89 118 32 0 
1 104 100 112 1 
9 73 189 23 10 
11 79 256 56 0 
3 147 179 18 2 
8 124 83 15 0 
0 70 194 185 35 
18 54 95 41 0 
