0 30 248 47 0 
0 15 250 12 0 
0 5 334 48 0 
0 44 319 36 0 
0 51 354 64 0 
0 31 338 17 0 
0 7 343 36 0 
0 42 319 119 0 
1 12 252 23 0 
0 11 286 4 0 
0 58 218 53 0 
0 17 303 34 0 
1 11 358 29 0 
0 3 394 20 0 
0 21 411 15 0 
0 31 307 21 0 
0 13 338 23 0 
0 33 400 55 0 
1 18 285 8 0 
0 11 377 56 0 
0 36 269 25 0 
0 41 333 80 0 
1 44 285 40 0 
1 41 322 53 0 
27 35 336 9 0 
0 3 355 21 0 
3 12 336 101 0 
0 18 338 15 0 
0 5 370 15 0 
1 17 267 42 0 
0 40 334 16 0 
1 98 190 148 0 
0 51 311 20 0 
0 23 322 27 0 
0 25 318 76 0 
0 15 324 61 0 
0 28 404 33 0 
0 90 351 22 0 
4 15 386 28 0 
2 37 287 71 0 
0 12 380 8 0 
0 56 268 57 0 
0 13 322 22 0 
0 29 484 28 0 
0 47 289 44 0 
0 74 310 25 0 
0 28 274 3 0 
1 3 431 19 0 
0 78 397 24 0 
0 54 291 60 0 
0 76 318 54 0 
2 17 438 49 0 
0 44 367 23 0 
0 36 302 12 0 
1 71 266 33 0 
1 54 277 42 0 
3 51 246 18 0 
2 4 422 9 0 
0 21 368 30 0 
0 9 353 37 0 
0 32 207 92 0 
0 32 351 11 0 
0 17 248 43 0 
1 52 253 47 0 
0 38 280 73 0 
0 11 316 19 0 
0 15 386 6 1 
0 82 341 15 0 
0 38 278 29 0 
1 39 217 25 0 
0 10 283 41 0 
0 0 333 114 0 
0 35 346 38 0 
4 56 279 36 0 
0 23 371 80 0 
2 25 342 29 0 
0 39 421 29 0 
0 40 329 44 0 
1 46 284 35 0 
0 41 338 32 0 
0 9 228 40 0 
0 12 358 18 0 
0 4 426 43 0 
0 2 466 22 0 
6 12 366 12 0 
0 45 332 71 0 
0 63 310 73 0 
0 33 295 61 0 
0 51 318 34 0 
0 73 263 42 0 
0 42 332 28 0 
0 42 334 44 0 
0 50 522 33 0 
0 67 277 44 0 
0 27 370 27 0 
0 18 392 59 0 
0 89 374 92 0 
0 35 428 15 0 
0 82 230 17 4 
0 46 320 9 0 
8 56 287 153 0 
0 39 352 63 0 
0 54 369 8 0 
0 41 348 31 0 
0 18 409 47 0 
0 57 474 9 0 
0 9 432 40 0 
0 81 372 9 0 
6 34 246 54 0 
0 16 441 71 0 
6 48 261 7 0 
0 72 348 63 0 
0 25 413 22 0 
0 16 418 42 0 
1 20 490 4 0 
0 23 334 66 0 
2 41 353 21 0 
0 19 227 49 0 
1 18 266 38 0 
1 34 448 2 0 
0 22 388 14 0 
0 28 398 9 0 
1 3 363 58 0 
0 11 308 8 0 
0 28 306 36 0 
0 32 318 14 0 
0 27 401 28 0 
2 14 376 21 0 
0 20 411 73 0 
0 55 321 42 0 
3 44 288 42 0 
0 19 292 55 0 
0 12 405 15 0 
0 59 402 23 0 
1 12 239 2 0 
0 14 452 20 0 
0 10 477 8 0 
2 13 346 23 0 
1 8 278 68 0 
0 48 318 82 0 
0 15 429 28 0 
1 71 326 107 0 
0 24 276 46 0 
0 127 238 32 0 
0 28 202 32 0 
2 14 345 59 0 
0 8 297 166 0 
0 16 293 21 0 
1 40 307 69 0 
1 25 291 39 0 
0 78 336 28 0 
0 23 259 3 0 
0 35 304 37 0 
3 20 378 14 0 
1 21 332 22 0 
0 15 313 3 0 
0 79 302 34 0 
0 50 355 41 0 
7 4 284 61 0 
1 23 325 63 0 
0 25 286 51 0 
0 96 315 43 0 
0 39 268 28 0 
0 12 356 33 0 
3 57 358 44 0 
0 41 254 76 0 
0 80 364 47 0 
0 80 327 50 0 
1 9 382 34 0 
0 31 197 56 0 
2 13 284 58 0 
0 31 342 26 0 
0 44 228 39 0 
0 15 376 19 0 
1 69 383 8 0 
1 14 351 65 0 
0 22 317 52 0 
1 48 271 10 0 
0 22 293 43 0 
0 40 201 46 0 
0 36 248 44 0 
1 33 290 9 0 
1 30 318 40 0 
0 71 316 8 0 
0 15 292 19 0 
0 27 287 36 0 
0 37 345 81 0 
1 83 472 44 0 
2 21 305 14 0 
0 17 356 22 0 
1 2 378 15 0 
0 26 262 34 0 
0 57 386 7 0 
0 85 345 30 0 
1 34 319 21 0 
0 24 298 42 0 
0 59 293 5 0 
5 27 372 16 0 
5 27 385 17 0 
2 28 290 38 0 
0 62 421 20 0 
0 31 270 107 0 
4 75 382 8 0 
1 79 312 30 0 
0 40 309 20 0 
0 75 307 31 0 
0 7 353 12 0 
0 35 409 8 0 
1 25 457 94 0 
2 23 282 74 0 
0 32 321 26 0 
0 12 345 40 3 
1 109 336 6 0 
2 18 284 25 0 
0 20 359 35 0 
0 10 303 65 0 
0 5 278 73 0 
0 10 279 122 0 
0 38 381 65 0 
0 12 392 98 0 
0 33 362 43 0 
0 71 292 12 0 
0 20 340 25 0 
0 16 309 39 0 
1 73 342 14 0 
0 61 455 1 0 
0 45 355 3 0 
0 36 348 34 0 
0 23 397 92 0 
3 6 388 10 31 
0 14 295 11 0 
0 15 260 98 0 
0 55 262 12 0 
3 33 353 19 0 
0 12 428 27 0 
1 16 415 7 0 
0 14 232 91 0 
0 38 231 22 0 
0 47 254 77 0 
0 64 350 66 0 
0 21 376 10 0 
0 40 270 30 0 
0 26 292 59 0 
0 36 295 18 0 
0 19 396 86 0 
0 26 442 17 0 
1 16 285 51 0 
0 39 395 51 0 
13 11 279 23 0 
2 52 461 3 0 
0 28 294 44 0 
0 82 315 24 0 
0 17 394 8 0 
0 42 398 47 0 
0 15 339 37 0 
0 47 321 45 0 
0 17 289 7 0 
1 16 309 8 0 
0 15 455 15 0 
1 96 342 58 0 
0 1 428 20 0 
1 6 312 26 0 
0 20 356 10 0 
1 24 439 13 0 
1 32 366 28 0 
0 16 239 17 0 
0 30 262 13 0 
0 36 283 80 0 
0 23 292 94 0 
1 54 309 62 0 
0 27 263 33 0 
0 22 521 33 0 
6 24 349 25 0 
0 50 369 17 0 
1 54 438 12 0 
0 52 352 33 0 
0 25 317 9 0 
1 47 351 8 0 
4 30 300 29 0 
0 40 429 22 0 
1 32 373 19 0 
0 76 336 35 0 
1 21 278 45 0 
2 12 427 35 0 
0 21 330 19 0 
0 44 350 17 0 
0 4 305 8 0 
0 26 356 55 0 
0 17 405 47 0 
2 23 423 62 0 
0 85 328 17 0 
1 28 393 3 0 
0 34 290 27 0 
0 17 404 88 0 
0 35 324 17 0 
7 22 391 44 0 
6 10 194 37 0 
0 10 271 103 0 
0 40 269 30 0 
0 43 343 53 0 
0 6 347 63 0 
0 1 452 13 0 
0 73 322 23 0 
0 78 298 15 0 
0 92 305 24 0 
0 25 338 8 0 
0 9 402 91 0 
2 28 390 32 0 
0 26 354 73 0 
0 45 303 60 0 
0 1 341 29 0 
0 26 254 99 0 
0 18 265 37 0 
0 18 402 57 0 
0 56 299 31 0 
0 13 386 23 0 
0 89 360 15 0 
0 47 277 43 0 
0 54 392 18 0 
0 35 432 61 0 
4 15 416 7 0 
0 63 456 16 0 
3 57 242 34 0 
0 46 344 24 0 
4 5 247 49 0 
0 27 270 91 0 
0 40 331 79 0 
0 9 296 23 0 
0 58 301 67 0 
0 26 359 63 0 
1 30 321 27 0 
0 20 240 28 0 
2 34 259 13 0 
0 45 284 44 0 
1 55 397 33 0 
0 51 293 14 0 
0 19 317 28 0 
0 11 268 43 0 
0 19 290 90 0 
0 42 293 37 0 
1 40 338 14 0 
2 138 212 58 0 
0 15 352 22 0 
0 129 271 51 0 
0 34 354 1 0 
1 53 434 93 0 
1 80 271 14 0 
0 19 359 36 0 
0 18 329 41 0 
1 22 460 61 0 
3 12 284 34 0 
0 5 371 49 0 
0 2 362 13 0 
2 33 289 32 0 
0 31 321 36 0 
0 34 426 58 0 
0 12 245 9 0 
0 26 403 12 0 
0 36 277 14 0 
0 10 213 33 0 
4 32 276 60 0 
3 23 352 91 0 
1 34 319 91 0 
0 16 302 111 0 
0 38 254 29 0 
0 32 230 15 0 
1 53 270 26 0 
0 23 361 53 0 
0 11 340 74 0 
0 31 330 106 0 
1 40 271 35 0 
0 33 282 8 0 
0 4 303 40 0 
0 9 471 22 0 
0 21 373 34 0 
2 27 395 63 0 
0 38 292 25 0 
0 37 252 41 0 
0 7 299 40 0 
0 28 210 35 0 
0 28 387 17 0 
0 78 295 37 0 
0 72 284 52 0 
0 33 253 27 0 
0 26 437 97 0 
0 9 456 63 0 
1 16 269 96 0 
0 7 390 48 0 
0 48 325 13 0 
2 16 348 14 0 
4 37 290 21 0 
0 53 468 10 0 
0 86 399 45 0 
0 8 455 8 0 
1 39 273 15 0 
1 26 325 44 0 
0 26 295 16 0 
0 65 328 14 0 
0 17 347 19 0 
0 16 342 68 0 
0 23 337 45 0 
0 31 362 18 0 
0 36 200 25 0 
0 33 273 84 0 
0 32 345 21 0 
0 27 324 28 0 
0 13 378 38 0 
0 47 391 6 0 
0 10 381 44 0 
0 42 293 55 0 
0 18 343 64 0 
1 21 269 36 0 
0 21 311 10 0 
0 24 282 67 0 
0 1 379 12 0 
0 18 370 77 0 
0 27 351 28 0 
0 16 367 53 0 
0 23 441 37 0 
0 24 339 14 0 
0 18 309 108 0 
0 12 254 1 0 
0 10 367 65 0 
0 74 325 38 0 
0 42 285 54 0 
0 78 259 45 0 
0 29 337 38 0 
1 3 393 15 0 
0 16 350 100 0 
0 92 298 15 0 
0 18 294 13 0 
0 39 323 29 0 
1 94 293 8 0 
0 8 319 32 0 
4 35 327 58 0 
0 17 253 48 0 
0 44 337 10 0 
1 31 346 72 0 
0 29 280 51 0 
0 38 335 4 0 
0 49 314 33 8 
1 41 367 9 0 
0 110 307 5 0 
0 59 404 29 0 
1 23 407 17 0 
0 26 301 41 0 
4 5 271 32 0 
0 41 295 38 0 
0 15 349 55 0 
0 7 225 26 0 
0 22 346 48 0 
2 152 393 23 0 
0 55 298 116 0 
0 7 248 21 0 
0 17 288 49 0 
0 52 308 34 0 
0 34 374 9 0 
0 30 218 5 0 
0 24 280 35 0 
0 46 246 1 0 
0 5 377 8 0 
0 38 284 43 0 
0 4 338 52 0 
0 31 345 19 0 
1 39 437 25 0 
1 24 367 48 0 
0 38 320 31 0 
0 79 350 2 0 
0 22 269 27 0 
0 23 506 15 0 
0 46 322 46 0 
0 31 287 45 0 
2 6 404 32 0 
0 51 282 47 0 
0 64 384 53 0 
0 13 351 55 0 
0 37 302 114 0 
0 94 286 26 3 
2 33 364 62 0 
0 21 346 41 0 
0 3 535 28 0 
0 67 375 3 0 
3 16 417 13 0 
0 65 379 13 0 
1 32 289 67 0 
0 94 331 47 0 
0 56 281 68 0 
0 46 310 8 0 
0 20 247 32 0 
1 18 426 44 0 
0 45 308 58 0 
0 57 314 58 0 
2 35 380 18 0 
0 35 330 45 0 
0 33 242 35 0 
0 33 215 64 0 
0 74 319 12 0 
1 9 327 48 0 
0 88 215 22 0 
0 46 325 158 0 
0 45 272 11 0 
0 11 318 34 0 
0 111 249 76 0 
0 82 312 93 0 
0 62 304 35 0 
0 100 330 50 0 
1 6 414 18 0 
0 26 208 35 0 
0 70 294 25 0 
0 4 389 26 0 
2 22 330 43 0 
0 23 383 74 0 
1 17 263 91 0 
0 26 410 21 0 
0 35 395 56 0 
0 16 383 40 0 
0 14 415 80 0 
0 27 362 30 0 
5 23 270 35 0 
0 6 429 43 0 
0 7 340 30 0 
0 77 186 18 0 
1 55 294 18 0 
0 25 365 80 0 
8 30 419 13 0 
0 68 382 36 0 
0 27 266 37 0 
0 48 264 24 0 
0 32 427 31 0 
0 91 374 21 0 
1 53 234 109 0 
0 26 310 61 0 
1 29 348 15 0 
3 7 277 83 0 
0 25 350 36 0 
0 75 397 25 0 
1 127 443 71 0 
0 145 241 17 0 
0 5 345 22 0 
0 6 506 45 0 
0 30 331 30 0 
0 35 397 39 0 
0 75 295 24 0 
0 59 344 36 0 
0 13 387 21 0 
0 18 313 42 0 
0 74 310 11 0 
1 13 241 103 0 
1 31 313 6 0 
0 50 316 58 0 
0 7 311 15 0 
0 5 374 68 0 
0 19 339 32 0 
0 13 487 10 0 
0 70 292 16 0 
4 12 432 29 0 
0 33 346 33 0 
0 13 270 6 0 
19 15 299 48 0 
0 82 326 19 0 
0 17 405 19 0 
0 6 320 52 0 
0 22 322 28 0 
3 25 365 24 0 
0 28 331 22 0 
0 81 385 68 0 
0 39 246 59 0 
1 12 290 30 0 
2 81 345 19 0 
0 32 309 24 0 
1 9 365 33 0 
6 51 298 0 0 
0 47 289 33 0 
0 4 318 59 0 
0 18 313 39 0 
1 5 418 29 0 
1 13 434 28 0 
0 70 272 88 0 
0 5 311 39 0 
0 102 290 28 10 
0 55 338 93 0 
0 17 418 92 0 
0 23 362 59 0 
0 36 360 24 0 
2 30 349 32 0 
2 51 337 8 0 
0 5 327 74 0 
0 19 382 56 0 
1 18 327 5 0 
0 54 338 8 0 
1 13 533 40 0 
0 111 278 35 0 
0 24 417 65 0 
0 19 258 4 0 
0 94 209 61 0 
0 12 318 7 0 
0 18 220 40 0 
0 27 322 82 0 
0 61 368 61 0 
0 8 330 23 0 
0 15 274 27 0 
0 14 388 30 0 
0 33 329 5 0 
0 50 347 18 0 
0 12 366 50 0 
1 40 422 56 0 
1 77 249 20 0 
0 21 299 33 0 
0 40 425 31 0 
1 43 271 30 0 
0 8 307 106 0 
6 50 253 29 0 
1 22 182 76 9 
4 72 381 10 0 
0 18 331 65 0 
0 20 298 27 0 
0 11 297 14 0 
0 56 252 16 0 
0 63 330 14 0 
8 73 233 13 0 
2 50 407 31 0 
0 64 429 71 0 
0 24 284 75 0 
0 15 364 94 0 
0 12 314 92 0 
0 31 295 12 0 
0 11 196 43 0 
0 26 243 69 0 
1 81 272 38 0 
0 59 322 61 0 
0 55 274 68 0 
0 28 289 12 0 
0 33 290 51 0 
2 71 334 67 0 
0 39 257 34 0 
3 34 283 20 0 
1 20 281 13 0 
2 66 270 18 0 
0 62 360 24 0 
0 36 427 25 0 
0 17 279 21 0 
0 7 448 33 0 
0 51 375 32 0 
1 63 453 16 0 
0 24 271 42 0 
1 35 374 74 0 
1 31 297 72 0 
0 28 267 4 0 
1 29 307 20 0 
7 25 293 52 0 
0 13 280 25 0 
0 16 378 7 0 
0 7 486 40 0 
0 40 369 1 5 
0 12 405 10 0 
0 23 335 15 0 
3 24 351 12 0 
0 48 308 53 0 
0 12 421 24 0 
0 40 274 38 0 
4 52 320 30 0 
3 32 390 4 0 
0 67 368 46 0 
0 19 358 33 0 
0 7 375 68 0 
2 3 295 36 0 
1 2 343 20 0 
1 18 383 28 0 
0 58 268 44 0 
2 30 407 21 0 
1 27 315 72 0 
0 36 422 26 0 
0 18 385 36 0 
0 48 296 11 0 
0 14 368 63 0 
0 42 259 71 0 
0 66 303 40 0 
0 79 279 9 0 
2 22 288 44 0 
0 6 349 19 0 
0 18 340 46 0 
0 47 328 94 0 
0 59 266 43 0 
3 12 397 22 0 
1 17 354 12 0 
0 28 388 38 0 
1 7 333 4 0 
2 47 263 20 0 
1 39 385 71 0 
0 38 425 51 0 
0 18 296 12 0 
4 5 357 39 0 
0 4 410 32 0 
0 4 528 66 0 
0 102 284 54 0 
0 73 371 36 0 
0 21 381 99 0 
0 27 304 15 0 
2 21 254 43 0 
3 54 290 17 0 
0 43 321 7 0 
1 9 362 30 0 
0 34 354 86 0 
0 51 397 2 0 
0 58 363 27 0 
0 66 249 28 0 
0 49 299 33 0 
1 54 425 3 0 
0 94 452 62 0 
1 14 291 56 0 
0 51 414 67 0 
0 33 402 26 0 
2 59 310 25 0 
0 182 372 32 0 
1 12 338 64 0 
1 15 282 48 0 
0 24 380 8 0 
0 22 238 74 0 
4 15 354 6 0 
0 16 304 17 0 
0 60 344 29 0 
0 75 229 70 0 
0 22 458 16 0 
0 66 267 44 0 
0 20 413 33 0 
0 10 371 25 0 
0 38 308 19 0 
0 31 319 36 0 
4 24 290 40 0 
0 31 373 58 0 
0 32 420 33 0 
0 20 421 66 0 
0 30 463 11 0 
0 21 331 44 0 
0 71 301 36 0 
1 23 328 24 0 
0 25 330 66 1 
5 21 347 40 0 
1 67 357 20 0 
0 89 248 21 0 
0 15 307 23 0 
0 26 367 57 0 
0 50 505 22 0 
1 22 322 31 0 
0 29 351 21 0 
0 36 469 96 0 
1 25 430 26 0 
0 11 432 1 0 
1 37 320 19 0 
2 87 376 11 0 
0 52 371 62 0 
0 11 345 27 0 
1 19 473 42 0 
0 46 445 23 0 
0 53 236 38 0 
4 11 380 17 0 
0 56 366 15 0 
0 27 296 34 0 
0 60 262 15 0 
0 38 418 25 0 
0 20 317 27 0 
0 4 348 7 0 
0 18 402 2 0 
0 51 275 32 0 
2 52 351 26 0 
1 25 370 34 0 
0 7 540 14 0 
0 40 271 40 0 
2 66 284 77 0 
0 13 364 16 0 
0 4 259 34 0 
6 26 196 36 0 
0 41 390 30 0 
0 6 427 68 0 
0 51 362 11 0 
0 12 298 27 0 
1 79 438 91 0 
0 58 397 39 1 
0 26 314 55 0 
0 69 235 9 0 
2 17 424 16 0 
0 17 252 19 0 
2 28 449 25 0 
0 49 313 23 0 
1 79 287 62 0 
0 33 395 12 0 
0 66 386 28 0 
0 68 344 42 0 
0 55 388 26 0 
6 25 280 30 0 
5 30 302 49 0 
1 17 390 60 0 
0 145 264 10 0 
0 28 410 43 0 
1 41 403 9 0 
0 47 278 2 0 
0 70 423 55 0 
0 34 345 19 0 
7 28 399 13 0 
0 39 268 48 0 
0 3 390 18 0 
0 18 310 8 0 
0 30 311 22 0 
0 12 407 51 0 
1 37 280 50 0 
0 57 247 21 0 
0 6 306 11 0 
0 50 420 19 0 
0 5 326 41 0 
0 26 519 12 0 
0 12 355 53 0 
0 16 526 52 0 
0 12 285 50 0 
2 37 328 18 0 
0 106 258 52 0 
0 29 367 1 0 
0 36 344 91 0 
5 6 374 45 0 
0 63 321 26 0 
0 44 408 32 0 
0 53 343 74 0 
0 19 356 27 0 
0 30 319 29 0 
1 89 324 33 1 
0 13 411 12 0 
0 86 282 24 0 
1 90 324 25 0 
0 45 284 19 0 
0 56 344 23 0 
2 3 384 50 0 
0 23 305 36 0 
0 16 410 12 0 
1 10 403 71 0 
0 20 401 8 0 
0 18 323 19 0 
1 25 252 19 0 
0 24 284 22 0 
0 17 239 59 0 
0 20 318 123 1 
0 45 427 34 0 
0 39 266 19 1 
0 40 268 32 0 
0 53 257 49 0 
0 16 351 59 0 
0 132 297 33 0 
0 50 264 56 22 
1 12 426 12 0 
0 5 369 16 0 
0 20 414 48 0 
0 32 294 9 0 
0 29 407 11 0 
6 29 371 59 0 
1 20 285 22 0 
1 71 324 29 0 
1 28 393 17 0 
0 33 321 55 0 
0 82 306 22 0 
0 58 312 47 0 
0 72 380 48 0 
0 31 539 19 0 
0 20 266 19 0 
0 15 452 52 0 
1 65 404 45 0 
0 26 453 14 0 
0 45 317 26 0 
2 46 402 54 0 
3 29 403 4 0 
0 41 403 76 0 
9 16 323 23 0 
0 46 421 38 0 
3 59 290 21 0 
0 28 296 34 0 
0 15 337 27 0 
0 33 283 56 0 
1 114 280 35 0 
1 50 305 19 0 
1 53 355 6 0 
1 48 308 35 0 
1 25 398 14 0 
0 59 321 45 0 
0 28 424 23 0 
0 37 322 13 0 
0 52 456 52 0 
0 1 432 36 0 
7 3 404 55 0 
0 40 337 4 0 
0 68 408 11 0 
0 10 262 62 0 
1 8 424 16 0 
0 24 324 101 0 
0 25 293 33 0 
0 33 275 37 0 
0 58 470 4 0 
0 11 402 69 0 
4 10 383 46 0 
0 18 418 44 0 
0 27 198 80 0 
0 15 281 40 0 
1 29 369 72 0 
1 37 432 43 0 
0 15 224 40 0 
0 49 304 13 0 
0 20 295 22 0 
0 46 295 23 0 
1 14 318 31 0 
0 20 323 43 0 
2 95 287 37 0 
1 32 363 49 0 
2 18 274 36 0 
0 31 235 50 0 
8 59 300 45 0 
0 27 369 36 0 
1 2 249 48 0 
0 52 253 13 0 
0 20 316 11 0 
0 100 344 32 0 
1 9 440 18 0 
0 69 291 29 0 
2 34 280 11 0 
0 68 352 43 0 
0 44 231 47 0 
0 35 323 57 0 
1 65 312 10 0 
0 9 254 129 0 
0 22 292 17 0 
2 33 316 56 0 
2 12 293 13 0 
1 33 216 57 0 
0 15 438 24 0 
0 29 329 14 0 
0 48 354 29 0 
0 17 318 13 0 
0 20 393 23 0 
0 55 337 50 0 
0 20 384 22 0 
1 6 351 23 0 
0 11 401 15 0 
0 27 358 68 0 
0 53 248 12 0 
0 43 281 39 0 
0 50 278 17 0 
0 59 302 40 0 
0 27 377 91 0 
0 8 315 28 0 
1 46 444 51 0 
0 77 306 3 0 
0 27 338 40 0 
0 30 270 33 0 
0 42 488 26 0 
0 15 365 11 0 
0 44 380 23 0 
1 35 280 5 0 
0 20 313 21 0 
0 65 268 20 0 
0 28 308 16 0 
0 10 452 7 0 
1 22 516 21 0 
0 53 413 48 0 
0 51 367 15 0 
1 12 332 44 0 
3 7 435 70 0 
1 47 244 47 0 
1 18 361 55 0 
0 28 421 21 0 
0 13 297 4 0 
0 59 335 35 0 
0 45 426 38 0 
0 25 281 68 0 
0 46 234 15 0 
0 28 310 2 0 
0 18 468 6 0 
0 41 303 63 0 
0 19 320 15 0 
0 20 247 9 0 
2 20 286 25 0 
0 27 333 8 0 
1 38 389 91 0 
8 21 334 23 0 
0 24 265 20 0 
0 13 415 9 0 
0 43 301 71 0 
0 38 264 67 0 
0 35 373 31 0 
4 44 334 54 0 
0 25 386 23 0 
1 2 257 34 0 
0 52 341 32 0 
0 51 256 16 0 
0 68 355 29 0 
0 104 252 26 0 
0 16 309 51 0 
1 12 375 9 0 
1 11 453 23 0 
1 26 286 31 0 
0 28 359 25 0 
0 27 342 41 0 
0 7 398 9 0 
0 23 254 39 0 
0 41 241 11 0 
0 22 258 40 0 
