0 0 686 0 0 
0 0 654 0 0 
0 6 522 0 0 
0 0 568 0 0 
0 0 444 0 0 
0 47 625 0 0 
0 0 404 0 0 
0 12 507 0 0 
0 0 459 0 0 
0 0 530 0 0 
0 0 391 0 0 
0 0 563 0 0 
0 0 621 0 0 
0 0 516 0 0 
0 0 518 0 0 
0 0 675 0 0 
0 0 543 2 0 
0 0 504 0 0 
0 0 401 0 0 
0 0 545 0 0 
0 0 474 0 0 
0 0 514 0 0 
0 0 530 1 0 
0 0 483 0 0 
0 11 555 0 0 
0 0 512 0 0 
0 21 539 0 0 
0 0 466 0 0 
0 0 581 0 0 
0 0 622 2 0 
0 0 443 0 0 
0 0 845 21 0 
0 0 433 0 0 
0 0 561 0 0 
0 0 412 0 0 
0 0 494 0 0 
0 0 389 0 0 
0 30 660 0 0 
0 0 782 0 0 
0 0 551 0 0 
0 0 530 0 0 
0 0 364 11 0 
0 0 548 0 0 
0 0 461 0 0 
0 0 476 0 0 
0 0 544 0 0 
0 0 617 0 0 
0 0 600 0 0 
0 0 425 49 0 
0 0 513 0 0 
0 0 437 17 0 
0 0 509 0 0 
0 0 610 0 0 
0 0 503 0 0 
0 0 445 0 0 
0 0 543 0 0 
0 0 540 0 0 
0 0 480 0 0 
0 0 568 0 0 
0 0 438 0 0 
0 0 437 0 0 
0 11 578 0 0 
0 0 553 0 0 
0 0 602 0 0 
0 0 471 33 0 
0 0 505 0 0 
0 0 604 0 0 
0 0 553 0 0 
0 0 474 0 0 
0 0 427 0 0 
0 74 459 0 0 
0 0 415 0 0 
0 0 493 0 0 
0 0 493 0 0 
0 7 483 0 0 
0 0 654 0 0 
0 0 503 17 0 
0 0 486 0 0 
0 0 448 0 0 
0 0 661 0 0 
0 0 553 0 0 
0 0 482 0 0 
0 0 494 0 0 
0 0 540 0 0 
0 0 611 0 0 
0 0 586 0 0 
0 0 477 0 0 
0 0 590 0 0 
0 20 595 0 0 
0 0 412 0 0 
0 0 514 0 0 
0 0 458 0 0 
0 0 539 0 0 
0 0 483 0 0 
0 0 494 10 0 
0 5 489 0 0 
0 0 484 0 0 
0 0 552 0 0 
0 0 671 0 0 
0 9 460 0 0 
0 0 679 0 0 
0 0 590 0 0 
0 0 569 0 0 
0 0 585 0 0 
0 0 490 0 0 
0 0 514 0 0 
0 0 530 0 0 
0 21 501 0 0 
0 0 594 0 0 
0 0 492 19 0 
0 0 529 0 0 
0 0 397 0 0 
0 0 508 0 0 
0 0 514 0 0 
0 0 563 0 0 
0 0 864 0 0 
0 0 620 0 0 
0 0 605 0 0 
0 0 567 0 0 
0 0 505 0 0 
0 0 451 0 0 
0 0 447 0 0 
0 0 605 0 0 
0 0 447 0 0 
0 0 539 0 0 
0 0 362 0 0 
0 0 460 0 0 
0 0 545 0 0 
0 0 470 0 0 
0 0 563 0 0 
0 0 508 0 0 
0 0 438 0 0 
0 0 624 0 0 
0 0 574 0 0 
0 0 552 0 0 
0 0 498 0 0 
0 1 391 0 0 
0 0 511 0 0 
0 2 425 0 0 
0 0 611 0 0 
0 0 508 31 0 
0 0 457 17 0 
0 0 530 0 0 
0 3 568 0 0 
0 0 554 0 0 
0 0 570 0 0 
0 0 647 0 0 
0 0 492 0 0 
0 0 389 0 0 
0 0 539 0 0 
0 0 492 5 0 
0 0 490 0 0 
0 0 530 0 0 
0 0 479 0 0 
0 0 506 0 0 
0 0 505 0 0 
0 1 530 0 0 
0 0 460 0 0 
0 5 390 0 0 
0 0 506 0 0 
0 0 453 0 0 
0 0 466 0 0 
0 0 629 0 0 
0 0 516 0 0 
0 0 476 0 0 
0 0 561 0 0 
0 0 542 0 0 
0 0 503 0 0 
0 0 499 0 0 
0 0 533 0 0 
0 0 584 0 0 
0 0 598 0 0 
0 0 509 0 0 
0 0 482 0 0 
0 0 471 0 0 
0 0 515 15 0 
0 0 611 1 0 
0 0 523 0 0 
0 0 519 0 0 
0 0 660 0 0 
0 0 600 0 0 
0 0 589 61 0 
0 0 456 0 0 
0 0 537 0 0 
0 0 537 0 0 
0 0 647 0 0 
0 0 488 0 0 
0 0 570 0 0 
0 0 535 0 0 
0 0 510 0 0 
0 0 544 0 0 
0 0 578 0 0 
0 0 657 0 0 
0 1 510 0 0 
0 0 499 0 0 
0 0 557 25 0 
0 0 668 0 0 
0 0 510 0 0 
0 0 491 0 0 
0 0 516 0 0 
0 0 556 0 0 
0 0 566 0 0 
0 259 347 0 0 
0 1 444 0 0 
0 0 512 0 0 
0 0 594 18 0 
0 0 582 0 0 
0 1 450 0 0 
0 0 489 14 0 
0 12 428 0 0 
0 0 615 0 0 
0 27 513 0 0 
0 0 574 0 0 
0 0 521 0 0 
0 0 540 0 0 
0 0 527 0 0 
0 0 297 0 0 
0 1 408 0 0 
0 0 568 0 0 
0 6 461 0 0 
0 4 426 0 0 
0 0 643 0 0 
0 0 418 0 0 
0 0 519 0 0 
0 0 401 1 0 
0 0 679 0 0 
0 0 586 0 0 
0 0 509 0 0 
0 0 510 0 0 
0 0 476 0 0 
0 0 630 0 0 
0 0 380 0 0 
0 0 561 0 0 
0 0 457 10 0 
0 0 450 0 0 
0 2 519 0 0 
0 0 584 0 0 
0 0 595 0 0 
0 0 505 0 0 
0 0 581 0 0 
0 0 510 0 0 
0 0 552 0 0 
0 24 784 0 0 
0 0 447 0 0 
0 0 711 0 0 
0 0 590 0 0 
0 4 449 0 0 
0 10 371 0 0 
0 0 558 0 0 
0 0 495 10 0 
3 0 515 0 0 
0 0 491 0 0 
0 13 507 0 0 
0 0 498 2 0 
0 14 410 46 0 
0 11 430 0 0 
0 0 549 0 0 
0 12 538 0 0 
0 0 426 0 0 
0 0 502 0 0 
0 0 640 0 0 
0 0 478 0 0 
0 0 429 0 0 
0 0 583 0 0 
0 0 433 0 0 
0 0 597 0 0 
0 0 463 0 0 
0 0 575 2 0 
0 1 511 0 0 
0 0 580 0 0 
0 14 400 0 0 
0 0 551 5 0 
0 5 520 0 0 
0 0 737 0 0 
0 0 539 0 0 
0 0 534 0 0 
0 0 457 0 0 
0 0 487 0 0 
0 0 436 0 0 
0 0 611 0 0 
0 0 393 0 0 
0 0 401 0 0 
0 0 487 0 0 
0 0 569 0 0 
0 0 496 0 0 
0 0 603 0 0 
0 0 495 0 0 
0 1 482 0 0 
0 0 576 0 0 
0 25 469 0 0 
0 0 432 0 0 
0 0 642 0 0 
0 0 563 0 0 
0 0 543 0 0 
0 0 494 0 0 
0 0 476 0 0 
0 0 658 0 0 
0 0 520 0 0 
0 0 459 0 0 
0 0 541 5 0 
0 0 420 17 0 
0 0 499 0 0 
0 0 701 0 0 
0 0 528 0 0 
0 39 563 0 0 
0 0 445 0 0 
0 0 469 0 0 
0 0 373 0 0 
0 0 514 0 0 
0 0 358 29 0 
0 0 481 1 0 
0 10 496 0 0 
0 0 604 0 0 
0 0 554 0 0 
0 0 513 0 0 
0 0 535 0 0 
0 0 525 0 0 
0 0 525 0 0 
0 10 563 0 0 
0 0 415 0 0 
0 0 465 0 0 
0 0 557 0 0 
0 0 440 0 0 
0 0 552 0 0 
0 0 554 0 0 
0 0 430 0 0 
0 0 538 0 0 
0 0 427 0 0 
0 0 499 5 0 
0 0 454 0 0 
0 0 414 12 0 
0 0 515 0 0 
0 1 446 0 0 
0 0 679 0 0 
0 0 587 0 0 
0 0 439 0 0 
0 0 626 0 0 
0 0 540 0 0 
0 0 560 0 0 
0 0 537 0 0 
0 0 626 0 0 
0 0 524 0 0 
0 0 446 0 0 
0 0 505 0 0 
0 0 532 0 0 
0 0 556 0 0 
0 0 450 0 0 
0 0 498 3 0 
0 0 526 0 0 
0 0 555 0 0 
0 0 491 0 0 
0 0 407 0 0 
0 0 551 0 0 
0 0 504 40 0 
0 0 472 0 0 
0 36 517 0 0 
1 0 599 0 0 
0 0 338 0 0 
0 0 510 0 0 
0 3 480 0 0 
0 0 541 8 0 
0 0 552 0 0 
0 0 643 0 0 
0 0 504 0 0 
0 0 534 0 0 
0 0 679 0 0 
0 0 444 0 0 
0 9 466 0 0 
0 0 587 0 0 
0 0 496 0 0 
0 0 561 0 0 
0 0 490 0 0 
0 0 583 0 0 
0 0 461 0 0 
0 0 441 0 0 
0 0 662 0 0 
0 0 679 13 0 
0 0 374 0 0 
0 0 541 13 0 
0 0 426 0 0 
0 0 503 8 0 
0 0 528 0 0 
0 0 541 0 0 
0 0 547 0 0 
0 0 582 0 0 
0 0 606 0 0 
0 0 471 0 0 
0 0 381 0 0 
0 0 419 9 0 
0 3 496 0 0 
0 0 543 0 0 
0 0 566 0 0 
0 0 503 0 0 
0 0 482 0 0 
0 3 507 1 0 
0 2 455 0 0 
0 0 547 0 0 
0 0 487 0 0 
0 0 515 0 0 
0 0 549 0 0 
0 0 471 0 0 
0 0 622 0 0 
0 0 421 0 0 
0 0 659 0 0 
0 0 502 0 0 
0 0 370 8 0 
0 0 544 0 0 
0 0 407 3 0 
0 17 517 0 0 
0 52 554 0 0 
0 16 404 0 0 
0 0 443 0 0 
0 0 442 0 0 
0 0 456 0 0 
0 0 564 0 0 
0 0 533 60 0 
0 0 347 75 0 
0 0 597 83 0 
0 0 524 0 0 
0 0 490 0 0 
0 14 568 0 0 
0 0 436 0 0 
0 35 404 11 0 
0 7 501 0 0 
0 0 530 0 0 
0 0 582 0 0 
0 0 422 14 0 
0 0 424 0 0 
0 0 522 0 0 
0 0 552 0 0 
0 0 664 0 0 
0 0 493 0 0 
0 0 509 47 0 
0 0 486 0 0 
0 0 597 0 0 
0 0 541 0 0 
0 0 560 0 0 
0 1 582 0 0 
0 0 551 0 0 
0 0 584 0 0 
0 99 404 28 0 
0 0 453 0 0 
0 0 489 0 0 
0 5 456 0 0 
0 0 483 88 0 
0 0 462 0 0 
0 0 488 0 0 
0 0 659 6 0 
0 0 577 0 0 
0 0 480 0 0 
0 0 430 0 0 
0 17 501 8 0 
0 0 609 0 0 
0 0 453 0 0 
0 5 468 0 0 
0 1 538 0 0 
0 2 556 0 0 
0 21 339 0 0 
0 0 522 0 0 
0 0 496 0 0 
0 0 774 12 0 
0 0 591 0 0 
0 0 430 0 0 
0 0 568 1 0 
0 0 431 0 0 
0 0 555 0 0 
0 0 552 0 0 
0 0 392 0 0 
0 0 490 0 0 
0 0 494 0 0 
0 19 436 0 0 
0 5 519 0 0 
0 0 531 0 0 
0 1 487 0 0 
0 0 575 0 0 
0 0 530 0 0 
0 0 398 0 0 
0 0 539 0 0 
0 21 496 0 0 
0 0 471 0 0 
0 0 520 0 0 
0 0 460 0 0 
0 25 557 11 0 
0 22 426 0 0 
0 0 590 0 0 
0 0 525 0 0 
0 0 441 6 0 
0 0 514 0 0 
0 0 430 0 0 
0 0 581 0 0 
0 0 461 0 0 
0 0 452 0 0 
0 0 442 0 0 
0 0 484 0 0 
0 0 485 0 0 
0 7 427 0 0 
0 0 686 0 0 
0 0 435 0 0 
0 0 521 0 0 
0 0 571 0 0 
0 0 434 0 0 
0 53 570 1 0 
0 0 582 0 0 
0 26 638 0 0 
0 0 493 0 0 
0 0 620 0 0 
0 0 576 0 0 
0 0 590 0 0 
0 0 465 0 0 
0 0 496 0 0 
0 0 482 0 0 
0 0 539 28 0 
0 0 508 0 0 
0 0 383 0 0 
0 0 414 0 0 
0 9 513 0 0 
0 0 538 0 0 
0 0 427 0 0 
0 0 543 0 0 
0 0 537 0 0 
0 0 584 0 0 
0 0 440 15 0 
0 0 551 0 0 
0 0 559 0 0 
0 0 538 0 0 
0 0 514 0 0 
0 0 467 47 0 
0 27 506 0 0 
0 0 392 0 0 
0 0 408 0 0 
0 0 370 0 0 
0 0 624 0 0 
0 0 573 0 0 
0 0 481 29 0 
0 0 467 1 0 
0 0 495 0 0 
0 0 484 0 0 
0 0 436 0 0 
0 3 514 0 0 
0 0 495 0 0 
0 0 526 0 0 
0 0 456 0 0 
0 3 677 0 0 
0 0 564 0 0 
0 22 404 0 0 
0 0 542 0 0 
0 0 634 0 0 
0 0 580 0 0 
0 0 589 0 0 
0 0 572 0 0 
0 0 548 0 0 
0 0 549 0 0 
0 0 473 0 0 
0 0 581 0 0 
0 0 264 14 0 
0 0 615 0 0 
0 3 533 0 0 
0 0 469 0 0 
0 0 445 0 0 
0 0 547 0 0 
0 0 611 0 0 
0 0 507 0 0 
0 0 574 0 0 
0 0 552 0 0 
0 0 560 0 0 
0 0 592 0 0 
0 0 457 0 0 
0 0 519 0 0 
0 0 579 0 0 
0 0 485 0 0 
0 0 486 0 0 
0 0 452 0 0 
0 0 508 3 0 
0 0 513 1 0 
0 0 541 1 0 
0 0 560 0 0 
0 0 471 0 0 
0 0 360 0 0 
0 0 229 0 0 
0 0 426 5 0 
0 0 518 60 0 
0 127 487 0 0 
0 0 518 0 0 
0 0 455 0 0 
0 0 599 0 0 
0 0 546 0 0 
0 0 430 0 0 
0 0 666 0 0 
0 0 482 0 0 
0 36 433 0 0 
0 0 504 5 0 
0 0 539 0 0 
0 0 875 0 0 
0 0 452 0 0 
0 0 542 0 0 
0 0 533 0 0 
0 0 474 0 0 
0 0 485 0 0 
0 0 530 12 0 
0 10 494 0 0 
0 0 642 0 0 
0 0 450 0 0 
0 0 529 0 0 
0 0 568 0 0 
0 0 465 51 0 
0 0 526 0 0 
0 0 541 0 0 
0 0 549 0 0 
0 9 551 0 0 
0 0 453 0 0 
0 0 501 28 0 
0 0 504 0 0 
0 0 494 2 0 
0 0 574 0 0 
0 0 438 0 0 
0 0 564 1 0 
0 0 383 29 0 
0 0 527 1 0 
0 0 385 0 0 
0 0 515 0 0 
0 0 624 0 0 
0 0 642 0 0 
0 0 481 0 0 
0 0 530 0 0 
0 0 595 0 0 
0 1 563 0 0 
0 1 553 0 0 
0 0 476 0 0 
0 0 456 0 0 
0 0 672 0 0 
0 0 498 0 0 
0 0 454 0 0 
0 0 492 7 0 
0 0 498 0 0 
0 0 448 0 0 
0 0 465 0 0 
0 0 438 0 0 
0 0 574 0 0 
0 0 479 0 0 
0 33 475 0 0 
0 0 567 3 0 
0 0 538 0 0 
0 0 566 0 0 
0 0 530 0 0 
0 0 514 0 0 
0 0 620 0 0 
0 0 496 0 0 
0 0 504 0 0 
0 0 522 0 0 
0 0 447 0 0 
0 0 456 0 0 
0 0 570 0 0 
0 0 575 48 0 
0 0 416 8 0 
0 1 397 0 0 
0 0 513 0 0 
0 0 571 0 0 
0 0 491 0 0 
0 0 720 0 0 
0 0 491 0 0 
0 0 492 0 0 
0 0 539 0 0 
0 0 539 0 0 
0 0 450 0 0 
0 0 498 41 0 
0 0 508 0 0 
0 0 605 0 0 
0 0 561 0 0 
0 0 449 0 0 
0 0 525 0 0 
0 0 566 0 0 
0 0 477 0 0 
0 29 535 0 0 
0 0 564 32 0 
0 1 519 0 0 
0 0 486 0 0 
0 0 567 0 0 
0 0 435 0 0 
0 0 452 0 0 
0 0 563 0 0 
0 0 597 0 0 
0 0 518 0 0 
0 1 691 0 0 
0 10 514 0 0 
0 0 530 0 0 
0 0 494 0 0 
0 0 500 0 0 
1 0 501 0 0 
0 0 566 0 0 
0 0 615 0 0 
0 0 587 0 0 
0 0 424 12 0 
0 0 360 0 0 
0 0 541 3 0 
0 18 576 0 0 
0 0 451 0 0 
0 6 520 3 0 
0 2 577 0 0 
0 0 453 0 0 
0 0 403 0 0 
0 0 446 0 0 
0 0 581 0 0 
0 0 573 10 0 
0 0 513 0 0 
0 2 550 0 0 
0 0 580 0 0 
0 0 536 0 0 
0 0 444 0 0 
0 0 525 6 0 
0 0 456 13 0 
0 0 485 0 0 
0 1 555 0 0 
0 0 629 0 0 
0 0 679 0 0 
0 1 604 0 0 
0 0 422 0 0 
0 0 519 0 0 
0 0 557 0 0 
0 0 496 0 0 
0 0 479 0 0 
0 0 461 0 0 
0 0 522 7 0 
0 0 637 0 0 
0 0 518 0 0 
0 0 498 0 0 
0 0 397 0 0 
0 0 466 0 0 
0 0 476 0 0 
0 0 563 0 0 
0 0 529 0 0 
0 0 567 0 0 
0 0 542 0 0 
0 0 520 0 0 
0 0 499 0 0 
0 0 511 0 0 
0 0 432 0 0 
0 18 299 5 0 
0 0 576 0 0 
0 0 590 0 0 
0 0 559 0 0 
0 0 610 0 0 
0 0 356 0 0 
0 0 500 0 0 
0 0 520 10 0 
0 0 520 0 0 
0 0 539 0 0 
0 0 533 0 0 
0 0 502 0 0 
0 7 483 0 0 
0 0 434 3 0 
0 0 507 6 0 
0 0 404 0 0 
0 0 554 0 0 
0 0 501 0 0 
0 0 485 0 0 
0 0 520 0 0 
0 0 250 0 0 
0 0 486 0 0 
0 0 593 0 0 
0 0 567 0 0 
0 0 434 0 0 
0 0 590 8 0 
0 0 523 11 0 
0 0 451 0 0 
0 2 548 0 0 
0 0 493 0 0 
0 0 534 0 0 
0 0 399 0 0 
0 0 438 0 0 
0 0 481 0 0 
0 0 555 0 0 
0 16 503 0 0 
0 0 527 0 0 
0 0 581 0 0 
0 0 439 0 0 
0 0 485 0 0 
0 0 443 17 0 
0 0 606 0 0 
0 0 522 0 0 
0 0 526 0 0 
0 0 366 8 0 
0 0 467 0 0 
0 4 664 0 0 
0 18 508 0 0 
0 0 516 0 0 
0 0 536 0 0 
0 0 326 44 0 
0 0 520 10 0 
0 0 470 8 0 
0 0 504 0 0 
0 0 522 0 0 
0 0 477 0 0 
0 0 404 0 0 
0 0 570 0 0 
0 0 498 0 0 
0 0 506 0 0 
0 0 498 0 0 
0 0 441 15 0 
0 0 471 0 0 
0 0 464 0 0 
0 0 568 0 0 
0 0 597 0 0 
0 0 558 0 0 
0 0 475 0 0 
0 0 552 0 0 
0 0 589 0 0 
0 0 452 0 0 
0 0 475 0 0 
0 0 424 0 0 
0 0 448 0 0 
0 1 404 0 0 
0 0 509 0 0 
0 0 854 0 0 
0 0 469 0 0 
0 0 564 0 0 
0 0 626 0 0 
0 0 532 0 0 
0 0 513 0 0 
0 15 492 0 0 
0 1 522 0 0 
0 0 648 0 0 
0 0 632 0 0 
0 0 425 0 0 
0 0 483 1 0 
0 0 449 0 0 
0 0 590 0 0 
0 0 446 0 0 
0 0 607 0 0 
0 0 469 0 0 
0 0 604 0 0 
0 0 500 0 0 
0 0 476 0 0 
0 0 575 3 0 
0 0 481 0 0 
0 0 528 0 0 
0 0 507 0 0 
0 0 405 0 0 
0 0 692 0 0 
0 0 517 0 0 
0 0 439 0 0 
0 0 638 0 0 
0 0 515 0 0 
0 0 516 0 0 
0 0 577 0 0 
0 3 549 0 0 
0 0 496 0 0 
0 0 628 0 0 
0 0 384 0 0 
0 0 594 0 0 
0 0 455 21 0 
0 0 509 1 0 
0 0 397 0 0 
0 0 470 0 0 
0 0 504 0 0 
0 0 613 0 0 
0 0 485 0 0 
0 18 445 0 0 
0 0 497 0 0 
0 0 517 0 0 
0 7 468 35 0 
0 0 632 0 0 
0 0 534 0 0 
0 0 468 0 0 
0 0 513 0 0 
0 0 432 0 0 
0 0 411 0 0 
0 1 500 0 0 
0 0 640 0 0 
0 0 509 0 0 
0 0 535 0 0 
0 0 654 0 0 
0 0 626 0 0 
0 18 392 0 0 
0 0 469 0 0 
0 0 478 0 0 
0 0 520 13 0 
0 0 475 0 0 
0 0 399 0 0 
0 0 581 0 0 
0 0 620 0 0 
0 0 541 0 0 
0 1 421 53 0 
0 0 525 11 0 
0 0 533 0 0 
0 0 548 0 0 
0 0 315 27 0 
0 0 561 0 0 
0 0 457 0 0 
0 0 388 0 0 
0 1 526 0 0 
0 0 424 0 0 
0 0 507 0 0 
0 0 467 0 0 
0 0 463 0 0 
0 2 417 0 0 
0 6 370 0 0 
0 1 561 0 0 
0 0 669 0 0 
0 0 435 0 0 
0 0 506 0 0 
0 0 445 0 0 
0 0 571 0 0 
0 0 463 0 0 
0 0 515 0 0 
0 0 531 0 0 
0 9 423 0 0 
0 0 397 7 0 
0 0 535 0 0 
0 0 502 0 0 
0 0 520 0 0 
0 0 477 0 0 
0 0 511 0 0 
0 0 431 0 0 
0 0 484 0 0 
0 0 467 0 0 
0 0 459 10 0 
0 0 511 0 0 
0 0 457 4 0 
0 0 474 0 0 
0 0 587 13 0 
0 0 580 0 0 
0 0 561 0 0 
0 0 503 0 0 
0 66 419 10 0 
0 0 481 0 0 
0 0 441 0 0 
0 0 410 0 0 
0 0 457 0 0 
0 0 268 20 0 
0 0 470 0 0 
0 0 468 0 0 
0 0 592 18 0 
0 0 571 0 0 
0 0 542 0 0 
0 10 554 0 0 
0 0 723 0 0 
0 0 550 0 0 
0 0 467 0 0 
0 0 612 0 0 
0 0 451 0 0 
0 0 566 0 0 
0 0 610 0 0 
0 0 625 0 0 
0 0 376 0 0 
0 0 584 0 0 
0 0 526 0 0 
0 0 553 0 0 
0 0 565 0 0 
0 0 547 0 0 
0 0 496 0 0 
0 0 482 0 0 
0 0 527 0 0 
0 0 602 0 0 
0 11 480 0 0 
0 0 528 0 0 
0 0 505 0 0 
0 0 446 0 0 
0 0 438 0 0 
0 0 605 0 0 
0 0 433 0 0 
0 21 598 0 0 
0 0 436 0 0 
0 0 558 0 0 
0 0 513 0 0 
0 1 546 0 0 
0 0 454 0 0 
0 0 509 0 0 
0 2 483 0 0 
0 0 621 0 0 
0 0 430 0 0 
0 0 485 0 0 
0 0 540 0 0 
0 0 563 0 0 
0 0 528 0 0 
0 0 623 0 0 
0 0 489 0 0 
0 2 549 0 0 
0 0 736 0 0 
0 0 463 0 0 
0 0 439 0 0 
0 0 665 0 0 
0 14 444 0 0 
0 0 783 14 0 
0 0 504 0 0 
0 0 588 0 0 
0 0 519 0 0 
0 0 626 0 0 
0 1 531 0 0 
0 0 583 0 0 
0 12 573 0 0 
0 0 559 0 0 
0 0 764 0 0 
0 0 475 55 0 
0 0 506 0 0 
0 0 789 0 0 
0 0 473 0 0 
0 0 581 0 0 
0 0 486 0 0 
0 0 503 4 0 
0 0 535 0 0 
