590 210 200 
559 283 158 
634 229 137 
628 287 85 
579 226 195 
640 221 139 
589 196 215 
739 125 136 
629 213 158 
692 164 144 
650 217 133 
611 194 195 
679 229 92 
533 257 210 
744 178 78 
538 170 292 
557 275 168 
633 170 197 
641 177 182 
589 219 192 
573 212 215 
618 177 205 
645 236 119 
618 241 141 
630 246 124 
706 159 135 
646 238 116 
627 215 158 
678 209 113 
569 217 214 
676 173 151 
646 208 146 
694 192 114 
589 193 218 
739 129 132 
780 119 101 
503 143 354 
608 211 181 
600 232 168 
635 217 148 
695 168 137 
618 229 153 
713 153 134 
662 152 186 
650 186 164 
657 177 166 
617 188 195 
627 195 178 
467 203 330 
552 195 253 
674 215 111 
559 240 201 
587 233 180 
623 219 158 
667 230 103 
671 167 162 
585 166 249 
674 192 134 
601 242 157 
628 252 120 
595 215 190 
660 164 176 
629 202 169 
622 216 162 
663 210 127 
699 226 75 
596 196 208 
707 200 93 
649 164 187 
767 166 67 
618 198 184 
676 178 146 
682 197 121 
648 187 165 
479 126 395 
749 191 60 
655 196 149 
574 193 233 
662 183 155 
686 173 141 
675 170 155 
560 224 216 
558 267 175 
672 197 131 
640 184 176 
619 190 191 
584 194 222 
598 169 233 
602 168 230 
515 169 316 
480 174 346 
542 269 189 
548 181 271 
585 203 212 
623 207 170 
641 194 165 
579 200 221 
591 269 140 
519 203 278 
545 276 179 
404 156 440 
655 205 140 
642 196 162 
644 213 143 
660 225 115 
493 143 364 
618 242 140 
596 172 232 
667 182 151 
654 165 181 
586 226 188 
675 180 145 
537 220 243 
665 192 143 
660 243 97 
455 208 337 
566 234 200 
595 209 196 
703 205 92 
600 249 151 
686 163 151 
632 217 151 
734 140 126 
679 216 105 
509 212 279 
622 214 164 
690 178 132 
582 211 207 
514 235 251 
564 185 251 
630 212 158 
645 193 162 
593 184 223 
634 183 183 
724 194 82 
624 159 217 
683 184 133 
672 206 122 
596 187 217 
514 283 203 
685 195 120 
571 277 152 
627 192 181 
741 180 79 
640 234 126 
538 208 254 
610 182 208 
640 190 170 
640 204 156 
635 189 176 
626 254 120 
645 225 130 
671 169 160 
467 231 302 
667 164 169 
628 240 132 
580 247 173 
596 244 160 
630 163 207 
592 173 235 
580 218 202 
579 217 204 
591 210 199 
638 186 176 
563 235 202 
619 198 183 
681 182 137 
562 235 203 
721 163 116 
670 218 112 
585 204 211 
622 157 221 
599 160 241 
676 150 174 
629 239 132 
550 186 264 
675 192 133 
640 243 117 
592 294 114 
582 165 253 
571 217 212 
591 177 232 
671 188 141 
527 270 203 
555 156 289 
601 227 172 
729 184 87 
579 297 124 
678 222 100 
559 262 179 
572 149 279 
633 212 155 
595 181 224 
571 264 165 
572 250 178 
568 218 214 
697 194 109 
593 180 227 
682 207 111 
576 254 170 
503 231 266 
621 224 155 
566 219 215 
579 176 245 
574 161 265 
546 272 182 
591 220 189 
614 221 165 
610 222 168 
616 212 172 
576 270 154 
605 161 234 
660 220 120 
733 181 86 
623 177 200 
574 201 225 
538 199 263 
721 189 90 
591 219 190 
639 167 194 
599 254 147 
523 248 229 
600 230 170 
616 203 181 
660 206 134 
620 192 188 
567 225 208 
578 192 230 
563 197 240 
577 200 223 
649 186 165 
534 175 291 
566 291 143 
691 180 129 
732 196 72 
588 188 224 
660 151 189 
566 184 250 
474 258 268 
641 180 179 
650 255 95 
657 221 122 
614 223 163 
614 173 213 
604 251 145 
565 236 199 
647 242 111 
618 177 205 
612 217 171 
581 145 274 
544 190 266 
711 193 96 
659 174 167 
614 142 244 
580 286 134 
651 217 132 
581 232 187 
652 202 146 
669 157 174 
595 223 182 
663 190 147 
508 258 234 
681 186 133 
617 231 152 
632 156 212 
704 200 96 
679 165 156 
598 209 193 
578 275 147 
634 228 138 
602 142 256 
618 253 129 
660 180 160 
572 244 184 
689 186 125 
640 223 137 
618 191 191 
524 206 270 
528 156 316 
619 222 159 
602 254 144 
620 195 185 
640 198 162 
607 183 210 
715 203 82 
683 149 168 
540 225 235 
629 156 215 
703 208 89 
767 158 75 
546 215 239 
619 197 184 
664 109 227 
601 261 138 
743 137 120 
615 233 152 
626 189 185 
675 193 132 
678 211 111 
598 175 227 
651 224 125 
631 163 206 
662 217 121 
470 226 304 
667 218 115 
616 162 222 
661 173 166 
669 218 113 
532 217 251 
657 181 162 
567 216 217 
523 225 252 
599 294 107 
563 217 220 
654 195 151 
654 187 159 
599 200 201 
566 224 210 
595 216 189 
614 221 165 
590 226 184 
629 185 186 
599 207 194 
594 212 194 
528 169 303 
607 180 213 
661 184 155 
667 201 132 
509 208 283 
553 236 211 
510 161 329 
659 185 156 
674 169 157 
646 158 196 
652 205 143 
697 160 143 
600 261 139 
624 256 120 
606 213 181 
614 229 157 
587 205 208 
596 252 152 
691 191 118 
620 205 175 
700 196 104 
577 225 198 
586 177 237 
651 223 126 
622 194 184 
705 189 106 
526 229 245 
659 204 137 
682 177 141 
569 255 176 
709 159 132 
710 210 80 
557 169 274 
696 180 124 
690 239 71 
597 188 215 
667 169 164 
608 151 241 
674 229 97 
539 264 197 
631 222 147 
654 234 112 
589 221 190 
593 230 177 
760 175 65 
625 193 182 
554 248 198 
684 191 125 
625 240 135 
690 199 111 
519 238 243 
613 204 183 
664 179 157 
564 269 167 
723 157 120 
673 184 143 
590 246 164 
722 185 93 
590 200 210 
674 219 107 
639 197 164 
710 146 144 
558 277 165 
580 173 247 
646 224 130 
698 139 163 
570 210 220 
646 251 103 
573 249 178 
595 244 161 
438 195 367 
622 184 194 
577 222 201 
710 195 95 
554 169 277 
550 135 315 
707 180 113 
545 180 275 
647 222 131 
602 216 182 
659 188 153 
621 251 128 
651 179 170 
626 220 154 
665 171 164 
645 194 161 
578 235 187 
632 196 172 
655 158 187 
599 234 167 
657 231 112 
604 204 192 
660 162 178 
696 171 133 
673 106 221 
700 178 122 
621 224 155 
584 233 183 
551 225 224 
565 256 179 
581 207 212 
654 147 199 
676 219 105 
643 224 133 
575 226 199 
701 181 118 
637 221 142 
584 180 236 
575 138 287 
676 220 104 
666 223 111 
651 181 168 
526 215 259 
717 161 122 
545 262 193 
657 211 132 
577 262 161 
585 230 185 
625 225 150 
592 245 163 
545 244 211 
598 162 240 
612 157 231 
593 198 209 
684 170 146 
636 184 180 
675 226 99 
636 223 141 
599 220 181 
598 249 153 
551 245 204 
589 249 162 
604 263 133 
614 195 191 
562 219 219 
641 206 153 
671 181 148 
707 210 83 
673 189 138 
685 207 108 
614 222 164 
620 201 179 
582 242 176 
677 154 169 
639 198 163 
589 196 215 
650 149 201 
569 193 238 
570 244 186 
587 225 188 
590 216 194 
660 151 189 
577 158 265 
568 269 163 
601 207 192 
648 160 192 
576 240 184 
562 220 218 
623 239 138 
562 254 184 
666 170 164 
617 188 195 
620 257 123 
700 180 120 
665 172 163 
571 273 156 
768 178 54 
578 247 175 
548 210 242 
521 238 241 
578 177 245 
690 210 100 
621 213 166 
673 208 119 
704 210 86 
544 240 216 
638 166 196 
645 210 145 
588 219 193 
551 227 222 
655 192 153 
677 167 156 
624 234 142 
568 163 269 
580 206 214 
721 188 91 
547 227 226 
701 224 75 
673 172 155 
537 200 263 
548 193 259 
684 185 131 
656 192 152 
640 183 177 
696 178 126 
565 273 162 
710 187 103 
564 186 250 
689 224 87 
568 247 185 
641 199 160 
653 194 153 
611 152 237 
583 210 207 
664 203 133 
604 157 239 
649 197 154 
534 211 255 
533 210 257 
712 180 108 
614 215 171 
579 186 235 
674 220 106 
492 201 307 
612 228 160 
500 158 342 
638 178 184 
655 194 151 
597 179 224 
698 220 82 
633 261 106 
645 210 145 
515 171 314 
727 125 148 
608 226 166 
599 237 164 
602 192 206 
608 214 178 
691 198 111 
600 185 215 
578 191 231 
589 212 199 
653 170 177 
666 177 157 
561 286 153 
685 156 159 
524 231 245 
662 203 135 
687 89 224 
666 221 113 
656 181 163 
596 139 265 
642 225 133 
618 191 191 
681 242 77 
633 190 177 
693 208 99 
544 213 243 
563 247 190 
698 224 78 
633 169 198 
655 206 139 
628 174 198 
604 265 131 
572 210 218 
578 172 250 
597 218 185 
751 102 147 
633 239 128 
575 163 262 
616 241 143 
610 202 188 
706 156 138 
661 204 135 
589 164 247 
578 226 196 
632 254 114 
738 180 82 
572 209 219 
624 212 164 
567 184 249 
728 178 94 
629 234 137 
605 213 182 
533 208 259 
557 263 180 
656 197 147 
603 191 206 
567 179 254 
502 156 342 
674 240 86 
638 186 176 
628 185 187 
640 195 165 
609 217 174 
553 225 222 
584 131 285 
589 203 208 
607 162 231 
683 208 109 
699 170 131 
670 153 177 
647 210 143 
636 214 150 
630 223 147 
659 215 126 
667 176 157 
647 197 156 
604 240 156 
516 207 277 
603 201 196 
672 193 135 
597 253 150 
546 177 277 
620 167 213 
586 221 193 
639 203 158 
537 207 256 
508 219 273 
632 217 151 
651 247 102 
670 207 123 
583 211 206 
490 262 248 
638 156 206 
709 231 60 
660 199 141 
549 180 271 
684 165 151 
628 176 196 
604 252 144 
655 219 126 
643 190 167 
655 212 133 
605 229 166 
625 189 186 
617 191 192 
567 269 164 
618 187 195 
638 168 194 
710 186 104 
529 298 173 
664 225 111 
715 181 104 
701 201 98 
626 193 181 
610 186 204 
549 224 227 
657 177 166 
683 197 120 
552 222 226 
620 264 116 
674 197 129 
704 187 109 
621 148 231 
645 224 131 
700 186 114 
665 196 139 
729 165 106 
491 225 284 
675 165 160 
599 211 190 
514 224 262 
613 228 159 
702 185 113 
622 211 167 
597 155 248 
559 267 174 
660 222 118 
685 206 109 
603 236 161 
609 184 207 
632 294 74 
646 213 141 
699 181 120 
694 169 137 
610 218 172 
612 207 181 
685 195 120 
461 183 356 
652 207 141 
547 193 260 
648 209 143 
630 265 105 
683 209 108 
719 187 94 
657 280 63 
612 220 168 
656 122 222 
685 195 120 
632 272 96 
621 160 219 
606 228 166 
591 224 185 
640 202 158 
755 133 112 
616 236 148 
575 234 191 
605 166 229 
613 200 187 
621 227 152 
585 241 174 
616 191 193 
586 202 212 
677 192 131 
588 250 162 
671 221 108 
580 181 239 
553 274 173 
564 192 244 
600 216 184 
658 187 155 
596 184 220 
653 187 160 
506 192 302 
645 200 155 
599 210 191 
578 252 170 
626 237 137 
540 210 250 
695 188 117 
665 216 119 
657 212 131 
646 265 89 
533 161 306 
540 170 290 
657 206 137 
557 258 185 
735 207 58 
660 204 136 
634 230 136 
585 233 182 
553 187 260 
593 189 218 
637 235 128 
695 171 134 
597 205 198 
635 147 218 
716 184 100 
616 131 253 
635 227 138 
701 175 124 
594 204 202 
684 181 135 
684 215 101 
655 150 195 
582 233 185 
637 182 181 
649 181 170 
695 153 152 
614 228 158 
636 254 110 
620 227 153 
770 146 84 
736 172 92 
609 168 223 
591 196 213 
708 195 97 
663 225 112 
547 259 194 
594 207 199 
575 184 241 
686 223 91 
639 168 193 
667 219 114 
589 207 204 
572 189 239 
710 186 104 
713 181 106 
659 188 153 
715 197 88 
619 209 172 
735 200 65 
652 204 144 
571 205 224 
673 232 95 
622 188 190 
613 170 217 
548 228 224 
577 215 208 
580 226 194 
591 207 202 
607 165 228 
624 190 186 
613 180 207 
595 184 221 
643 155 202 
663 218 119 
643 227 130 
642 231 127 
652 241 107 
675 201 124 
633 228 139 
635 169 196 
628 156 216 
712 177 111 
615 157 228 
575 193 232 
612 193 195 
592 185 223 
626 242 132 
545 266 189 
664 157 179 
626 192 182 
568 151 281 
648 255 97 
605 271 124 
745 127 128 
625 196 179 
621 160 219 
656 173 171 
689 138 173 
621 234 145 
699 149 152 
610 194 196 
647 194 159 
602 216 182 
634 230 136 
699 171 130 
572 253 175 
642 227 131 
435 173 392 
735 200 65 
591 233 176 
723 199 78 
571 253 176 
650 182 168 
627 161 212 
582 145 273 
595 220 185 
611 249 140 
726 199 75 
626 204 170 
660 201 139 
594 185 221 
602 185 213 
642 179 179 
592 243 165 
610 155 235 
616 253 131 
621 191 188 
705 181 114 
721 173 106 
524 195 281 
593 154 253 
644 240 116 
710 181 109 
575 212 213 
598 197 205 
600 200 200 
551 197 252 
677 162 161 
685 181 134 
719 209 72 
704 219 77 
657 164 179 
672 192 136 
613 140 247 
473 282 245 
655 231 114 
666 184 150 
612 190 198 
570 276 154 
563 226 211 
686 189 125 
590 199 211 
550 281 169 
628 139 233 
730 154 116 
592 219 189 
634 170 196 
584 207 209 
629 249 122 
638 203 159 
658 224 118 
603 214 183 
608 199 193 
646 239 115 
644 200 156 
632 205 163 
672 171 157 
670 195 135 
605 237 158 
646 241 113 
560 203 237 
599 278 123 
698 183 119 
619 237 144 
494 224 282 
691 193 116 
631 207 162 
522 272 206 
678 179 143 
674 209 117 
691 215 94 
654 192 154 
672 199 129 
665 151 184 
725 213 62 
674 200 126 
532 219 249 
614 166 220 
575 272 153 
591 230 179 
764 200 36 
604 176 220 
676 224 100 
686 177 137 
689 200 111 
658 183 159 
613 269 118 
587 264 149 
645 253 102 
633 243 124 
599 219 182 
816 112 72 
561 220 219 
629 235 136 
650 188 162 
694 194 112 
570 218 212 
648 205 147 
609 222 169 
564 245 191 
556 167 277 
623 187 190 
552 235 213 
568 247 185 
568 238 194 
726 220 54 
647 211 142 
485 188 327 
644 179 177 
584 204 212 
625 193 182 
590 140 270 
563 156 281 
586 153 261 
516 239 245 
691 183 126 
695 185 120 
607 177 216 
685 179 136 
636 202 162 
783 108 109 
625 122 253 
652 178 170 
649 203 148 
615 192 193 
640 231 129 
534 212 254 
646 247 107 
634 156 210 
693 220 87 
599 212 189 
613 155 232 
697 204 99 
504 224 272 
572 202 226 
577 142 281 
619 241 140 
641 236 123 
627 171 202 
675 175 150 
487 210 303 
664 229 107 
564 227 209 
608 169 223 
539 233 228 
517 259 224 
618 205 177 
600 212 188 
648 192 160 
595 229 176 
704 220 76 
592 242 166 
628 237 135 
622 164 214 
702 195 103 
536 169 295 
582 173 245 
678 202 120 
662 241 97 
568 249 183 
572 158 270 
536 212 252 
