23 514 6 0 0 
78 322 92 0 0 
3 455 50 0 0 
48 405 49 0 0 
36 436 58 0 0 
1 412 48 0 0 
16 574 19 0 0 
11 439 44 0 0 
3 462 9 0 0 
14 479 14 0 0 
69 391 30 0 0 
63 371 10 0 0 
13 536 36 0 0 
40 476 1 0 0 
35 467 20 0 0 
48 406 11 0 0 
67 422 37 0 0 
44 430 5 0 0 
19 301 30 0 0 
17 417 74 0 0 
17 478 36 0 0 
68 332 65 0 0 
9 481 21 0 0 
29 413 26 0 0 
46 476 20 0 0 
56 473 63 0 0 
6 428 48 0 0 
12 487 54 0 0 
2 476 6 0 0 
45 405 23 0 0 
2 510 17 0 0 
111 304 41 0 0 
18 407 47 0 0 
57 334 19 0 0 
11 589 14 0 0 
23 387 31 0 0 
33 386 53 0 0 
65 360 24 0 0 
36 365 29 0 0 
22 450 29 0 0 
9 445 27 0 0 
10 439 8 0 0 
7 476 65 0 0 
65 430 7 0 0 
30 376 15 0 0 
116 387 6 0 0 
20 503 2 0 0 
15 446 39 0 0 
27 466 62 0 0 
51 463 9 0 0 
29 420 75 0 0 
25 416 23 0 0 
45 428 24 0 0 
41 480 24 0 0 
12 656 49 0 0 
37 359 27 0 0 
22 379 27 0 0 
42 381 2 0 0 
36 413 31 0 0 
44 360 19 0 0 
11 478 33 0 0 
56 516 7 0 0 
5 530 100 0 0 
1 530 12 0 0 
3 582 47 0 0 
58 396 10 0 0 
37 341 77 0 0 
38 420 36 0 0 
103 328 35 0 0 
30 470 31 0 0 
43 373 22 12 0 
46 369 33 0 0 
129 331 93 0 0 
69 347 31 0 0 
0 525 18 0 0 
20 463 9 0 0 
29 442 11 0 0 
48 373 60 0 0 
7 396 34 0 0 
34 472 77 0 0 
82 347 58 0 0 
15 356 42 0 0 
37 463 42 0 0 
40 353 37 0 0 
45 429 45 0 0 
25 301 77 0 0 
53 464 13 0 0 
38 552 59 0 0 
11 383 73 0 0 
44 480 10 0 0 
12 276 91 0 0 
9 498 16 0 0 
109 399 10 0 0 
66 440 24 0 0 
2 436 38 0 0 
30 413 32 0 0 
3 424 17 0 0 
0 356 13 0 0 
26 578 8 0 0 
48 511 10 0 0 
24 541 37 0 0 
72 396 4 0 0 
13 389 86 0 0 
126 359 8 0 0 
13 495 32 0 0 
9 443 12 0 0 
17 463 18 0 0 
0 456 20 0 0 
7 451 84 0 0 
29 518 39 0 0 
20 429 25 0 0 
9 434 47 0 0 
43 543 41 0 0 
2 379 41 0 0 
56 397 24 0 0 
9 541 18 0 0 
8 285 68 0 0 
20 521 27 0 0 
4 410 31 0 0 
5 520 40 0 0 
53 360 36 0 0 
9 350 38 0 0 
47 499 58 0 0 
24 383 102 0 0 
67 437 16 0 0 
6 497 16 0 0 
31 404 26 0 0 
164 314 14 0 0 
39 314 11 0 0 
39 372 21 0 0 
30 301 38 0 0 
45 368 42 0 0 
20 538 12 0 0 
19 461 26 0 0 
27 452 21 0 0 
42 417 19 0 0 
37 388 18 0 0 
51 413 74 0 0 
22 397 35 0 0 
0 571 34 0 0 
86 404 13 0 0 
43 454 14 0 0 
3 376 26 0 0 
99 391 53 0 0 
54 525 43 0 0 
23 398 38 0 0 
80 434 14 0 0 
60 424 57 0 0 
2 543 10 0 0 
32 508 92 0 0 
44 408 29 0 0 
20 438 36 0 0 
64 450 64 0 0 
15 441 65 0 0 
60 423 24 0 0 
105 412 23 0 0 
33 401 29 0 0 
19 390 13 0 0 
42 374 73 0 0 
15 375 48 0 0 
19 477 17 0 0 
27 395 16 0 0 
49 447 48 0 0 
55 466 52 0 0 
41 360 50 0 0 
46 465 21 0 0 
25 417 26 0 0 
21 425 7 0 0 
73 356 28 1 0 
51 524 14 0 0 
18 425 21 0 0 
43 426 13 0 0 
46 455 18 0 0 
50 477 58 0 0 
82 435 38 0 0 
9 567 21 0 0 
43 300 6 0 0 
30 537 20 0 0 
45 497 36 0 0 
23 466 25 0 0 
16 328 95 0 0 
38 389 41 0 0 
19 486 43 0 0 
31 469 44 0 0 
46 317 16 0 0 
57 440 5 0 0 
69 427 24 0 0 
13 430 15 0 0 
40 438 24 0 0 
17 474 16 0 0 
39 451 0 0 0 
7 534 50 0 0 
9 491 62 0 0 
24 428 34 0 0 
28 399 3 0 0 
54 461 18 0 0 
8 510 39 0 0 
28 468 23 0 0 
59 365 9 0 0 
30 487 15 0 0 
41 416 48 0 0 
105 377 10 0 0 
38 382 129 0 0 
29 443 18 0 0 
107 400 40 0 0 
38 363 4 0 0 
77 444 42 0 0 
9 385 17 0 0 
44 446 54 0 0 
24 537 9 0 0 
55 534 1 0 0 
39 579 43 0 0 
44 440 22 0 0 
10 332 4 0 0 
16 455 20 0 0 
13 435 3 0 0 
57 468 34 0 0 
19 337 96 0 0 
4 444 14 0 0 
15 363 20 0 0 
14 502 19 0 0 
50 405 49 0 0 
18 456 14 1 0 
29 442 57 0 0 
46 388 11 0 0 
9 571 4 0 0 
40 439 32 0 0 
24 440 15 0 0 
66 485 79 0 0 
52 534 29 0 0 
15 419 55 0 0 
13 366 17 0 0 
33 479 15 0 0 
95 406 15 0 0 
13 462 0 0 0 
98 493 54 0 0 
63 490 19 0 0 
28 395 48 0 0 
24 441 9 0 0 
88 330 5 0 0 
49 462 31 0 0 
43 413 9 0 0 
53 302 41 0 0 
82 431 32 0 0 
51 445 3 0 0 
37 497 2 0 0 
1 533 13 0 0 
61 379 78 0 0 
7 442 20 0 0 
19 444 6 0 0 
44 387 22 0 0 
26 429 47 0 0 
23 381 32 0 0 
10 479 15 0 0 
29 436 20 0 0 
26 520 35 0 0 
49 404 79 0 0 
16 462 6 0 0 
48 445 15 0 0 
46 557 25 0 0 
36 366 20 0 0 
22 483 32 0 0 
18 454 43 0 0 
3 412 63 0 0 
96 382 69 0 0 
14 447 10 0 0 
59 439 1 0 0 
108 470 3 0 0 
84 321 0 0 0 
34 404 21 0 0 
73 403 80 0 0 
56 413 21 0 0 
14 446 24 0 0 
57 416 27 0 0 
21 471 54 0 0 
27 479 9 0 0 
34 440 29 0 0 
32 429 21 0 0 
40 449 2 0 0 
21 437 27 0 0 
71 285 68 0 0 
20 368 45 0 0 
1 484 4 0 0 
39 357 27 0 0 
23 479 24 0 0 
32 442 60 0 0 
35 475 24 0 0 
60 399 10 0 0 
67 463 33 0 0 
22 301 28 0 0 
11 518 49 0 0 
49 409 2 0 0 
39 537 7 0 0 
43 468 3 0 0 
28 355 8 0 0 
2 524 34 0 0 
104 454 15 0 0 
3 470 16 0 0 
82 363 59 0 0 
36 550 40 0 0 
6 411 38 0 0 
52 477 30 0 0 
13 444 16 0 0 
41 497 34 0 0 
22 537 28 0 0 
81 489 37 0 0 
38 482 3 0 0 
31 449 15 0 0 
45 472 31 0 0 
50 411 33 0 0 
55 350 20 0 0 
32 433 11 0 0 
45 346 66 0 0 
38 439 30 0 0 
55 493 24 0 0 
34 357 70 0 0 
67 377 75 0 0 
42 514 12 0 0 
93 428 32 0 0 
51 594 7 0 0 
24 462 30 0 0 
31 454 23 0 0 
67 403 37 0 0 
18 384 17 0 0 
62 359 12 0 0 
14 477 13 0 0 
63 435 21 0 0 
30 430 40 0 0 
19 435 37 0 0 
8 358 75 0 0 
36 484 34 0 0 
44 324 22 0 0 
28 520 25 0 0 
49 457 50 0 0 
60 474 27 0 0 
60 514 25 0 0 
61 360 8 0 0 
21 426 22 0 0 
50 382 79 0 0 
39 489 25 0 0 
20 354 88 0 0 
83 444 63 0 0 
64 345 43 0 0 
45 456 44 0 0 
36 398 25 0 0 
26 460 17 0 0 
33 383 2 0 0 
59 423 20 0 0 
64 411 32 0 0 
46 386 29 0 0 
26 410 32 0 0 
34 336 22 0 0 
12 459 47 0 0 
50 361 83 0 0 
53 396 16 0 0 
93 340 17 0 0 
54 501 26 0 0 
64 444 34 0 0 
11 503 9 0 0 
1 437 73 0 0 
61 488 52 0 0 
37 427 7 0 0 
74 344 16 0 0 
76 401 55 0 0 
60 386 19 0 0 
97 479 7 0 0 
116 281 29 0 0 
65 394 20 0 0 
28 486 25 0 0 
20 547 19 0 0 
14 542 7 0 0 
32 548 12 0 0 
22 428 78 0 0 
79 483 19 0 0 
22 440 47 0 0 
104 349 27 0 0 
26 387 69 0 0 
24 447 67 0 0 
129 281 60 0 0 
43 482 36 0 0 
23 468 50 0 0 
27 444 88 0 0 
20 449 46 0 0 
2 457 26 0 0 
35 413 4 0 0 
14 478 6 0 0 
73 362 19 0 0 
14 326 31 0 0 
66 429 34 0 0 
24 412 8 0 0 
37 390 40 0 0 
4 479 14 0 0 
47 453 33 0 0 
47 408 19 0 0 
43 454 32 0 0 
24 346 59 0 0 
28 442 97 0 0 
39 411 14 0 0 
39 444 4 0 0 
27 433 42 0 0 
32 426 65 0 0 
45 356 14 0 0 
61 366 38 0 0 
1 484 49 0 0 
23 372 25 0 0 
14 368 10 0 0 
61 492 34 0 0 
40 354 73 0 0 
48 400 48 0 0 
11 499 25 0 0 
51 350 51 0 0 
58 509 24 0 0 
64 398 35 0 0 
34 340 15 0 0 
49 400 44 0 0 
23 553 14 0 0 
20 565 23 0 0 
13 480 39 0 0 
70 342 9 0 0 
59 383 48 0 0 
18 393 28 0 0 
16 433 32 0 0 
49 393 54 0 0 
30 492 12 0 0 
34 510 64 0 0 
12 531 61 0 0 
31 310 101 0 0 
48 450 37 0 0 
50 429 9 0 0 
92 309 60 0 0 
21 422 41 0 0 
134 313 25 0 0 
20 468 32 0 0 
11 438 22 0 0 
45 413 28 0 0 
8 425 29 0 0 
12 452 14 0 0 
48 379 49 0 0 
12 363 31 0 0 
14 429 13 0 0 
87 445 37 0 0 
112 432 17 0 0 
26 444 40 0 0 
9 426 64 0 0 
51 416 45 0 0 
33 494 4 0 0 
65 340 69 0 0 
5 495 16 0 0 
51 489 4 0 0 
12 341 8 0 0 
50 446 3 0 0 
19 471 23 0 0 
27 361 56 0 0 
13 486 32 0 0 
47 474 10 0 0 
22 515 61 0 0 
9 411 40 0 0 
39 421 42 0 0 
60 387 15 0 0 
25 370 88 0 0 
17 373 45 0 0 
83 497 11 0 0 
17 458 35 0 0 
52 344 73 0 0 
37 385 32 0 0 
54 290 48 0 0 
28 459 7 0 0 
15 409 52 0 0 
17 432 17 0 0 
27 316 54 0 0 
44 357 58 0 0 
31 501 91 0 0 
18 491 25 0 0 
51 347 46 0 0 
74 393 85 0 0 
44 362 13 0 0 
11 433 29 0 0 
6 407 56 0 0 
39 471 8 0 0 
12 466 43 0 0 
23 363 72 0 0 
22 410 97 0 0 
84 378 48 0 0 
74 402 22 0 0 
51 608 4 0 0 
70 454 4 0 0 
34 490 15 0 0 
27 403 22 0 0 
23 494 40 0 0 
29 523 48 0 0 
42 507 6 0 0 
29 451 8 0 0 
70 368 41 0 0 
60 393 0 0 0 
13 426 27 0 0 
50 407 61 0 0 
69 428 21 0 0 
88 407 25 0 0 
32 424 8 0 0 
28 346 40 0 0 
45 346 99 0 0 
38 417 27 0 0 
67 457 31 0 0 
32 419 17 0 0 
18 446 12 0 0 
13 440 40 0 0 
58 467 35 0 0 
18 593 28 0 0 
28 358 62 0 0 
35 467 11 0 0 
47 398 54 0 0 
9 313 17 0 0 
9 375 22 0 0 
63 422 6 0 0 
65 434 19 0 0 
35 482 13 0 0 
26 418 6 0 0 
18 375 9 0 0 
18 495 16 0 0 
45 410 38 0 0 
32 381 16 0 0 
9 388 59 0 0 
17 465 15 0 0 
42 386 17 0 0 
17 368 9 0 0 
15 524 59 0 0 
69 345 11 0 0 
22 471 10 0 0 
23 445 25 0 0 
6 456 36 0 0 
21 540 20 0 0 
21 431 71 0 0 
20 495 60 0 0 
57 472 3 0 0 
18 392 44 0 0 
42 347 31 0 0 
63 303 34 0 0 
17 445 41 0 0 
15 445 13 0 0 
74 310 95 0 0 
41 514 31 0 0 
13 476 16 0 0 
44 342 65 0 0 
61 331 77 0 0 
95 470 15 0 0 
1 446 19 0 0 
30 364 99 0 0 
56 410 31 0 0 
36 510 31 0 0 
63 373 17 0 0 
25 389 73 0 0 
24 423 54 0 0 
27 374 31 0 0 
15 511 19 0 0 
45 428 38 0 0 
45 550 18 0 0 
218 400 17 0 0 
62 438 23 0 0 
47 292 17 0 0 
46 385 30 0 0 
45 520 59 0 0 
50 357 73 0 0 
44 353 48 0 0 
56 368 46 0 0 
67 389 11 0 0 
34 537 28 0 0 
31 420 28 0 0 
22 444 45 0 0 
97 356 52 0 0 
32 425 26 0 0 
12 448 52 0 0 
69 395 5 0 0 
33 438 6 0 0 
104 345 23 0 0 
73 353 11 0 0 
30 394 16 0 0 
36 509 12 0 0 
18 400 53 0 0 
40 387 13 0 0 
21 328 20 0 0 
0 399 15 0 0 
3 518 26 0 0 
31 494 41 0 0 
115 376 9 0 0 
34 474 9 0 0 
27 309 9 0 0 
39 438 27 0 0 
16 418 54 0 0 
19 316 3 0 0 
44 413 21 0 0 
1 417 58 0 0 
14 586 17 0 0 
55 385 59 0 0 
11 414 7 0 0 
14 447 8 0 0 
54 495 11 0 0 
17 430 47 0 0 
45 416 4 0 0 
29 464 35 0 0 
58 347 22 0 0 
8 478 15 0 0 
38 535 25 0 0 
21 590 30 0 0 
10 432 76 0 0 
21 471 47 0 0 
66 449 31 0 0 
33 347 74 0 0 
6 375 36 0 0 
25 534 47 0 0 
41 390 29 0 0 
27 544 6 0 0 
27 486 31 0 0 
42 479 44 0 0 
29 517 2 0 0 
38 454 25 0 0 
72 477 51 0 0 
13 389 85 0 0 
19 536 15 0 0 
32 319 68 0 0 
5 360 5 0 0 
27 564 34 0 0 
11 427 44 0 0 
13 528 26 0 0 
55 421 83 0 0 
24 423 57 0 0 
6 401 47 0 0 
44 257 27 0 0 
38 505 50 0 0 
23 489 34 0 0 
18 399 11 0 0 
29 462 37 0 0 
6 469 83 0 0 
4 524 39 0 0 
17 335 22 0 0 
19 391 52 0 0 
53 469 9 0 0 
9 495 23 0 0 
11 398 8 0 0 
40 276 58 0 0 
38 527 48 0 0 
11 322 18 0 0 
45 351 75 0 0 
59 387 8 0 0 
75 405 29 0 0 
79 368 0 0 0 
2 433 32 0 0 
15 537 5 0 0 
34 466 58 0 0 
31 444 50 0 0 
57 459 15 0 0 
64 410 13 0 0 
16 521 25 0 0 
42 373 74 0 0 
55 406 6 0 0 
73 230 83 0 0 
33 359 67 0 0 
6 499 28 0 0 
10 471 84 0 0 
35 543 6 0 0 
68 395 37 0 0 
9 412 55 0 0 
33 554 37 0 0 
60 421 13 0 0 
34 446 29 0 0 
19 401 71 0 0 
17 411 36 0 0 
30 443 38 0 0 
1 417 12 0 0 
19 402 0 0 0 
15 412 34 0 0 
16 406 15 0 0 
24 381 38 0 0 
18 431 8 0 0 
49 368 31 0 0 
45 468 10 0 0 
12 448 42 0 0 
54 368 53 0 0 
23 406 29 0 0 
55 364 92 0 0 
44 410 22 0 0 
44 463 36 0 0 
17 464 29 0 0 
15 480 42 0 0 
17 390 94 0 0 
51 474 51 0 0 
57 465 120 0 0 
27 404 53 0 0 
105 414 75 0 0 
21 415 104 0 0 
15 448 22 0 0 
17 436 0 0 0 
2 507 32 0 0 
24 379 28 0 0 
60 417 27 0 0 
44 260 57 0 0 
50 446 16 0 0 
40 500 11 0 0 
31 337 49 0 0 
58 397 0 0 0 
17 385 50 0 0 
33 414 12 0 0 
94 342 0 0 0 
18 454 55 0 0 
86 503 17 0 0 
17 469 4 0 0 
67 375 37 0 0 
68 409 31 0 0 
38 497 9 0 0 
88 419 21 0 0 
44 310 25 0 0 
96 441 60 0 0 
3 472 67 0 0 
13 517 37 0 0 
10 539 17 0 0 
51 376 52 0 0 
48 427 8 0 0 
7 448 83 0 0 
71 597 24 0 0 
71 397 3 0 0 
40 520 3 0 0 
87 364 2 0 0 
38 343 61 0 0 
65 365 29 0 0 
48 379 10 0 0 
49 414 27 0 0 
28 447 40 0 0 
40 391 1 0 0 
1 429 10 0 0 
79 278 109 0 0 
170 320 25 0 0 
42 496 51 0 0 
33 396 67 0 0 
71 383 42 0 0 
9 590 26 0 0 
96 368 16 0 0 
53 342 90 0 0 
27 465 11 0 0 
79 467 15 0 0 
17 467 52 1 0 
53 426 23 0 0 
21 494 16 0 0 
32 456 25 0 0 
34 420 12 0 0 
14 404 42 0 0 
11 506 36 0 0 
33 364 12 0 0 
9 529 7 0 0 
2 476 63 0 0 
34 375 35 0 0 
9 520 6 0 0 
49 306 31 0 0 
18 482 9 0 0 
56 475 39 0 0 
16 510 9 0 0 
42 493 29 0 0 
7 470 78 0 0 
65 431 27 0 0 
38 446 23 0 0 
66 455 74 0 0 
30 327 23 0 0 
33 403 6 0 0 
1 500 22 0 0 
37 317 58 0 0 
4 387 24 0 0 
45 373 55 0 0 
20 558 16 0 0 
69 430 28 0 0 
23 444 35 0 0 
51 366 9 0 0 
41 367 28 0 0 
31 517 5 0 0 
46 472 17 0 0 
51 461 21 0 0 
36 447 0 0 0 
8 482 29 0 0 
12 536 36 0 0 
36 457 28 0 0 
45 496 24 0 0 
37 460 35 0 0 
45 411 16 0 0 
2 465 22 0 0 
60 389 27 0 0 
82 322 57 0 0 
20 474 12 0 0 
28 484 35 0 0 
5 360 33 0 0 
1 475 92 0 0 
10 343 33 0 0 
4 480 42 0 0 
60 419 16 0 0 
46 323 81 0 0 
8 467 23 0 0 
29 419 34 0 0 
0 531 36 0 0 
37 499 4 0 0 
11 360 92 0 0 
15 487 9 0 0 
34 506 17 0 0 
40 356 42 0 0 
43 379 12 0 0 
6 395 13 0 0 
63 469 8 0 0 
87 415 8 0 0 
10 310 32 0 0 
28 430 57 0 0 
45 397 27 0 0 
29 267 28 0 0 
71 357 16 0 0 
7 557 11 0 0 
27 418 28 0 0 
42 545 12 0 0 
22 340 32 0 0 
19 428 28 0 0 
90 445 25 0 0 
38 447 19 0 0 
27 400 17 0 0 
10 519 41 0 0 
13 501 22 0 0 
28 429 75 0 0 
1 453 15 0 0 
55 456 14 0 0 
25 459 15 0 0 
50 413 42 0 0 
12 457 32 0 0 
48 305 48 4 0 
59 461 5 0 0 
0 541 29 0 0 
12 459 3 0 0 
0 432 7 0 0 
24 373 27 0 0 
127 456 20 0 0 
38 429 31 0 0 
13 468 63 0 0 
29 411 36 0 0 
23 514 22 0 0 
113 379 57 0 0 
19 339 87 0 0 
57 379 12 0 0 
26 386 10 0 0 
25 438 20 0 0 
56 443 34 0 0 
43 487 16 0 0 
9 452 8 0 0 
37 354 63 0 0 
11 494 49 0 0 
26 321 30 0 0 
34 453 5 0 0 
19 397 57 0 0 
30 434 17 0 0 
27 425 8 0 0 
35 392 2 0 0 
19 426 2 0 0 
162 235 26 0 0 
29 448 2 0 0 
23 438 2 0 0 
28 387 35 0 0 
22 525 43 0 0 
34 435 4 0 0 
10 546 5 0 0 
62 334 9 0 0 
4 467 62 0 0 
36 435 17 0 0 
1 403 18 0 0 
16 538 43 0 0 
21 344 43 0 0 
58 487 32 0 0 
42 342 61 0 0 
38 373 94 0 0 
31 444 49 0 0 
66 490 14 0 0 
72 373 21 0 0 
35 478 9 0 0 
33 392 66 0 0 
37 336 23 0 0 
31 503 1 0 0 
30 481 91 0 0 
63 337 33 0 0 
73 467 27 0 0 
34 462 11 0 0 
25 442 59 0 0 
32 455 24 0 0 
73 334 34 0 0 
38 390 87 0 0 
38 372 19 0 0 
25 537 12 0 0 
97 427 4 0 0 
95 316 47 0 0 
57 420 32 0 0 
21 488 22 0 0 
26 418 27 0 0 
12 443 46 0 0 
48 487 2 0 0 
52 419 36 0 0 
34 442 17 0 0 
6 477 28 0 0 
68 331 31 0 0 
6 441 11 0 0 
15 481 47 0 0 
27 376 83 0 0 
71 432 24 0 0 
13 470 14 0 0 
23 283 15 0 0 
41 377 63 0 0 
29 515 12 0 0 
11 378 10 0 0 
34 477 55 0 0 
6 573 1 0 0 
33 488 18 0 0 
21 381 26 0 0 
16 524 64 0 0 
24 429 48 0 0 
29 431 38 0 0 
64 407 56 0 0 
32 519 1 0 0 
37 404 52 0 0 
29 278 33 0 0 
41 397 10 0 0 
50 449 3 0 0 
22 522 4 0 0 
22 386 119 0 0 
14 325 5 0 0 
25 466 149 0 0 
8 476 2 0 0 
34 448 35 0 0 
11 490 10 0 0 
67 355 31 0 0 
5 418 141 0 0 
31 301 80 0 0 
1 469 87 0 0 
18 468 44 0 0 
64 369 12 0 0 
52 352 42 0 0 
3 455 59 0 0 
28 322 57 0 0 
100 393 32 0 0 
22 487 6 0 0 
76 407 30 0 0 
8 406 38 0 0 
28 260 76 0 0 
79 338 66 0 0 
10 437 23 0 0 
34 413 28 0 0 
14 459 24 0 0 
31 551 2 0 0 
2 413 74 0 0 
29 376 32 0 0 
10 391 39 0 0 
75 357 104 0 0 
53 393 47 0 0 
68 379 23 0 0 
80 367 42 0 0 
31 379 94 0 0 
54 328 29 0 0 
15 341 31 1 0 
68 495 29 0 0 
58 456 11 0 0 
16 518 10 0 0 
40 516 1 0 0 
37 424 23 0 0 
52 446 37 0 0 
47 311 37 0 0 
81 401 11 0 0 
22 393 47 0 0 
56 370 32 0 0 
27 441 29 0 0 
46 417 36 0 0 
40 433 45 0 0 
5 406 34 0 0 
46 400 2 0 0 
41 318 43 13 0 
6 493 44 0 0 
46 490 33 0 0 
14 475 81 0 0 
121 375 44 0 0 
27 429 15 0 0 
15 592 8 0 0 
54 428 9 0 0 
48 405 37 0 0 
12 363 36 0 0 
19 424 7 0 0 
15 429 52 0 0 
31 492 2 0 0 
23 423 52 0 0 
38 490 20 0 0 
74 359 37 0 0 
144 324 30 0 0 
31 457 59 0 0 
17 495 27 0 0 
86 344 20 0 0 
13 442 2 0 0 
12 435 58 0 0 
25 445 22 0 0 
8 569 22 0 0 
27 383 1 0 0 
13 540 39 0 0 
18 430 24 0 0 
25 383 25 0 0 
41 415 36 0 0 
43 398 25 0 0 
30 429 10 0 0 
