0 23 225 
0 0 181 
0 5 273 
0 17 130 
0 8 250 
0 13 183 
0 11 273 
0 16 124 
0 0 180 
0 3 116 
0 29 107 
0 3 125 
0 25 168 
0 17 330 
0 12 202 
0 4 320 
0 11 246 
0 17 163 
0 4 187 
0 4 253 
0 16 117 
0 16 137 
0 10 162 
0 25 195 
0 7 282 
0 26 130 
0 4 254 
0 31 150 
0 27 171 
0 18 142 
0 2 181 
0 8 185 
0 27 108 
0 18 128 
0 3 199 
0 9 145 
0 13 150 
0 6 167 
0 27 106 
0 21 216 
0 24 204 
0 39 217 
0 1 204 
0 35 270 
0 25 212 
0 2 173 
0 16 150 
0 9 194 
0 5 103 
0 19 301 
0 19 119 
0 17 248 
0 21 280 
0 9 157 
0 11 217 
0 16 107 
0 13 223 
0 18 127 
0 111 103 
0 17 89 
0 1 160 
0 0 198 
0 11 199 
0 9 250 
0 14 215 
0 2 227 
0 25 271 
0 3 163 
0 3 229 
0 7 85 
0 16 188 
0 12 250 
0 16 148 
0 12 213 
0 14 135 
0 0 152 
0 50 182 
0 21 113 
0 14 241 
0 9 200 
0 17 147 
0 35 212 
0 39 122 
0 14 134 
0 14 164 
0 4 149 
0 16 196 
0 42 126 
0 15 135 
0 20 176 
0 3 204 
0 6 251 
0 20 152 
0 2 256 
0 7 159 
0 31 137 
0 3 407 
0 3 219 
0 31 201 
0 12 137 
0 13 228 
0 0 260 
0 31 184 
0 21 207 
0 30 89 
0 8 144 
0 21 204 
0 27 131 
0 0 105 
0 2 219 
0 28 192 
0 9 69 
0 1 150 
0 12 194 
0 9 137 
0 22 180 
0 30 99 
0 53 184 
0 15 111 
0 16 261 
0 13 234 
0 44 221 
0 5 69 
0 17 191 
0 1 222 
0 12 150 
0 50 188 
0 5 276 
0 13 122 
0 12 181 
0 24 213 
0 30 145 
0 4 93 
0 7 102 
0 2 123 
0 4 155 
0 13 131 
0 42 187 
0 36 130 
0 16 210 
0 26 232 
0 7 178 
0 48 115 
0 0 229 
0 6 183 
0 9 71 
0 23 244 
0 40 112 
0 1 142 
0 14 168 
0 10 176 
0 11 272 
0 26 179 
0 32 345 
0 29 107 
0 58 105 
0 61 236 
0 4 111 
0 41 215 
0 12 291 
0 14 129 
0 21 215 
0 49 130 
0 10 172 
0 57 152 
0 28 98 
0 18 157 
0 18 104 
0 21 167 
0 38 136 
0 71 69 
0 14 236 
0 21 207 
0 17 132 
0 6 107 
0 9 183 
0 27 133 
0 12 254 
0 16 217 
0 78 100 
0 48 238 
0 24 296 
0 11 124 
0 6 117 
0 20 150 
0 10 167 
0 22 179 
0 0 155 
0 15 126 
0 7 194 
0 3 212 
0 58 168 
0 6 102 
0 3 328 
0 42 184 
0 16 228 
0 18 110 
0 25 250 
0 33 178 
0 33 144 
0 12 211 
0 0 238 
0 0 142 
0 5 250 
0 24 230 
0 0 200 
0 20 169 
0 51 134 
0 1 173 
0 3 185 
0 0 133 
0 25 190 
0 15 160 
0 36 215 
0 4 196 
0 7 231 
0 16 345 
0 16 204 
0 0 255 
0 20 189 
0 13 119 
0 5 263 
0 3 236 
0 18 195 
0 48 154 
0 13 204 
0 39 117 
0 14 189 
0 19 140 
0 1 165 
0 7 221 
0 9 173 
0 11 211 
0 13 245 
0 4 145 
0 11 139 
0 14 162 
0 22 203 
0 29 113 
0 1 170 
0 7 184 
0 21 169 
0 15 160 
0 26 194 
0 39 94 
0 20 106 
0 22 158 
0 27 193 
0 0 127 
0 13 159 
0 16 134 
0 4 83 
0 6 257 
0 14 195 
0 8 174 
0 22 115 
0 6 115 
0 17 151 
0 21 225 
0 8 124 
0 27 105 
0 11 182 
0 1 188 
0 42 240 
0 7 134 
0 4 167 
0 28 160 
0 5 105 
0 2 149 
0 29 102 
0 13 153 
0 19 137 
0 5 115 
0 14 231 
0 6 161 
0 14 168 
0 5 165 
0 9 115 
0 15 152 
0 14 205 
0 69 123 
0 6 161 
0 8 193 
0 47 156 
0 6 85 
0 13 143 
0 12 97 
0 39 197 
0 10 249 
0 21 158 
0 26 122 
0 35 127 
0 23 185 
0 19 226 
0 21 171 
0 14 176 
0 15 212 
0 0 144 
0 0 228 
0 15 227 
0 56 116 
0 11 178 
0 12 85 
0 10 217 
0 10 301 
0 29 132 
0 7 212 
0 17 192 
0 2 176 
0 12 263 
0 23 174 
0 18 216 
0 35 120 
0 1 142 
0 29 98 
0 3 208 
0 2 195 
0 26 107 
0 11 189 
0 14 144 
0 41 168 
0 5 147 
0 17 286 
0 10 283 
0 21 107 
0 18 196 
0 3 270 
0 27 177 
0 10 150 
0 13 190 
0 6 185 
0 4 85 
0 30 208 
0 42 99 
0 7 148 
0 7 130 
0 36 129 
0 7 126 
0 17 130 
0 24 188 
0 17 110 
0 8 195 
0 25 157 
0 20 173 
0 53 148 
0 11 238 
0 3 100 
0 13 209 
0 24 142 
0 15 130 
0 4 109 
0 31 255 
0 3 168 
0 42 119 
0 29 150 
0 14 160 
0 38 226 
0 33 166 
0 1 232 
0 30 168 
0 9 199 
0 7 261 
0 1 193 
0 40 227 
0 4 164 
0 31 128 
0 0 178 
0 31 153 
0 40 102 
0 10 158 
0 21 205 
0 23 260 
0 32 128 
0 1 108 
0 20 164 
0 18 169 
0 3 192 
0 12 158 
0 15 214 
0 8 326 
0 18 123 
0 11 231 
0 14 213 
0 25 168 
0 13 192 
0 0 210 
0 6 252 
0 25 145 
0 0 178 
0 27 142 
0 1 153 
0 7 192 
0 7 123 
0 24 337 
0 0 145 
0 36 174 
0 6 320 
0 10 169 
0 18 118 
0 18 102 
0 6 148 
0 37 125 
0 28 166 
0 18 202 
0 30 209 
0 4 173 
0 3 191 
0 22 103 
0 5 98 
0 0 169 
0 4 146 
0 10 130 
0 6 126 
0 11 130 
0 1 200 
0 18 159 
0 17 110 
0 13 207 
0 8 156 
0 14 153 
0 14 138 
0 28 109 
0 31 204 
0 7 133 
0 5 161 
0 3 256 
0 16 118 
0 19 131 
0 6 121 
0 27 249 
0 5 86 
0 8 143 
0 10 107 
0 10 173 
0 12 187 
0 8 137 
0 14 126 
0 8 211 
0 26 138 
0 1 162 
0 22 166 
0 10 187 
0 1 148 
0 0 152 
0 15 212 
0 16 230 
0 8 213 
0 18 160 
0 15 266 
0 5 253 
0 19 137 
0 34 104 
0 11 150 
0 34 196 
0 26 146 
0 18 154 
0 34 258 
0 11 134 
0 10 144 
0 1 211 
0 11 164 
0 39 190 
0 19 151 
0 8 159 
0 24 148 
0 7 261 
0 5 113 
0 0 188 
0 28 234 
0 17 117 
0 7 209 
0 86 214 
0 20 219 
0 11 156 
0 14 116 
0 8 163 
0 14 118 
0 35 182 
0 31 112 
0 3 220 
0 30 156 
0 33 150 
0 30 143 
0 13 362 
0 51 181 
0 0 324 
0 4 145 
0 3 126 
0 20 259 
0 0 193 
0 20 148 
0 24 142 
0 42 62 
0 24 179 
0 29 171 
0 9 120 
0 22 189 
0 4 248 
0 3 197 
0 18 125 
0 46 105 
0 8 115 
0 23 106 
0 13 205 
0 14 137 
0 5 126 
0 2 161 
0 0 165 
0 48 119 
0 20 193 
0 2 180 
0 48 164 
0 0 126 
0 24 127 
0 27 143 
0 5 267 
0 21 189 
0 6 263 
0 14 192 
0 6 248 
0 31 121 
0 18 154 
0 7 135 
0 2 143 
0 0 228 
0 9 119 
0 24 179 
0 46 258 
0 1 249 
0 4 129 
0 12 92 
0 22 139 
0 21 254 
0 0 89 
0 7 166 
0 10 193 
0 24 162 
0 12 153 
0 11 239 
0 32 109 
0 4 111 
0 21 255 
0 0 294 
0 30 262 
0 12 178 
0 19 111 
0 1 159 
0 0 180 
0 5 147 
0 12 165 
0 18 73 
0 18 192 
0 8 154 
0 13 170 
0 3 232 
0 16 126 
0 5 174 
0 32 258 
0 3 212 
0 5 199 
0 8 139 
0 6 212 
0 22 185 
0 14 160 
0 8 316 
0 8 200 
0 23 160 
0 33 175 
0 1 234 
0 15 210 
0 0 238 
0 17 141 
0 21 195 
0 14 139 
0 70 127 
0 5 118 
0 18 174 
0 6 291 
0 9 183 
0 0 154 
0 7 153 
0 14 117 
0 20 154 
0 14 224 
0 19 120 
0 38 240 
0 10 278 
0 7 180 
0 9 128 
0 6 204 
0 4 144 
0 18 163 
0 35 238 
0 25 106 
0 5 256 
0 36 249 
0 11 162 
0 31 153 
0 32 127 
0 30 165 
0 26 182 
0 3 283 
0 29 277 
0 6 159 
0 6 163 
0 6 328 
0 14 155 
0 36 119 
0 32 146 
0 35 89 
0 2 229 
0 8 325 
0 10 185 
0 11 278 
0 12 137 
0 23 102 
0 17 93 
0 0 159 
0 8 180 
0 13 93 
0 41 194 
0 2 223 
0 9 289 
0 33 227 
0 14 182 
0 27 160 
0 31 77 
0 11 227 
0 0 117 
0 17 146 
0 15 178 
0 28 227 
0 14 118 
0 28 141 
0 8 329 
0 36 195 
0 19 114 
0 3 194 
0 24 112 
0 11 201 
0 14 131 
0 33 162 
0 18 154 
0 11 202 
0 18 108 
0 11 146 
0 35 206 
0 23 190 
0 24 112 
0 11 167 
0 7 178 
0 25 187 
0 40 161 
0 0 182 
0 37 103 
0 4 104 
0 24 127 
0 20 160 
0 5 264 
0 33 166 
0 8 254 
0 10 165 
0 8 93 
0 12 207 
0 23 144 
0 0 133 
0 41 154 
0 24 135 
0 53 159 
0 56 190 
0 10 171 
0 13 133 
0 9 100 
0 38 177 
0 6 169 
0 4 126 
0 10 200 
0 11 162 
0 34 111 
0 20 149 
0 18 161 
0 14 159 
0 5 140 
0 71 117 
0 7 117 
0 14 150 
0 2 146 
0 4 179 
0 24 150 
0 6 189 
0 4 212 
0 24 87 
0 10 149 
0 25 132 
0 9 113 
0 12 140 
0 4 156 
0 35 218 
0 7 126 
0 30 133 
0 14 137 
0 8 174 
0 32 189 
0 54 93 
0 22 236 
0 11 194 
0 28 145 
0 8 114 
0 17 101 
0 58 201 
0 15 178 
0 11 346 
0 3 158 
0 11 258 
0 20 72 
0 1 150 
0 18 163 
0 1 196 
0 33 171 
0 3 142 
0 22 169 
0 16 166 
0 7 112 
0 10 213 
0 11 200 
0 5 106 
0 14 155 
0 7 89 
0 4 186 
0 5 203 
0 40 102 
0 52 141 
0 15 179 
0 32 227 
0 19 202 
0 10 221 
0 1 195 
0 16 260 
0 6 157 
0 19 174 
0 15 231 
0 32 367 
0 22 169 
0 26 180 
0 15 184 
0 31 194 
0 12 178 
0 0 122 
0 17 154 
0 27 117 
0 1 208 
0 6 223 
0 22 93 
0 38 132 
0 20 158 
0 9 216 
0 13 145 
0 0 236 
0 1 213 
0 12 287 
0 34 65 
0 30 206 
0 32 235 
0 34 144 
0 5 152 
0 16 257 
0 13 153 
0 23 225 
0 9 121 
0 19 206 
0 11 182 
0 7 220 
0 1 157 
0 0 134 
0 27 133 
0 33 166 
0 39 169 
0 9 181 
0 17 232 
0 14 135 
0 19 139 
0 24 222 
0 54 237 
0 31 192 
0 22 129 
0 7 230 
0 26 94 
0 42 141 
0 68 140 
0 15 145 
0 12 182 
0 15 133 
0 17 214 
0 58 149 
0 6 120 
0 0 173 
0 18 163 
0 11 185 
0 34 132 
0 21 199 
0 36 262 
0 23 326 
0 11 134 
0 9 165 
0 10 307 
0 5 168 
0 9 171 
0 12 94 
0 0 106 
0 34 245 
0 12 176 
0 35 254 
0 21 273 
0 12 174 
0 7 147 
0 10 168 
0 15 136 
0 16 261 
0 14 120 
0 19 78 
0 25 216 
0 49 160 
0 35 236 
0 5 117 
0 9 169 
0 4 146 
0 9 198 
0 29 172 
0 13 202 
0 36 161 
0 10 108 
0 29 139 
0 8 234 
0 10 119 
0 13 170 
0 5 155 
0 15 184 
0 1 284 
0 8 139 
0 30 138 
0 47 115 
0 69 41 
0 1 135 
0 8 152 
0 31 125 
0 18 231 
0 17 125 
0 2 206 
0 19 271 
0 18 203 
0 11 160 
0 5 148 
0 38 140 
0 14 179 
0 10 205 
0 28 216 
0 18 250 
0 10 88 
0 22 195 
0 43 251 
0 7 183 
0 3 214 
0 29 300 
0 28 51 
0 10 173 
0 18 164 
0 11 154 
0 22 187 
0 1 162 
0 38 121 
0 7 195 
0 12 143 
0 12 171 
0 4 154 
0 8 139 
0 17 250 
0 16 134 
0 30 161 
0 12 167 
0 3 231 
0 53 108 
0 30 218 
0 22 220 
0 11 182 
0 21 200 
0 19 241 
0 37 94 
0 14 138 
0 10 113 
0 9 221 
0 29 224 
0 15 186 
0 15 185 
0 36 176 
0 0 222 
0 21 183 
0 26 203 
0 24 143 
0 14 119 
0 52 268 
0 0 169 
0 9 271 
0 29 213 
0 14 159 
0 2 139 
0 20 156 
0 3 133 
0 10 194 
0 11 116 
0 22 194 
0 21 134 
0 28 128 
0 44 137 
0 10 224 
0 16 116 
0 0 227 
0 2 234 
0 36 170 
0 14 151 
0 9 206 
0 27 130 
0 10 118 
0 5 241 
0 29 145 
0 13 253 
0 6 116 
0 27 114 
0 12 182 
0 24 199 
0 8 187 
0 7 157 
0 0 221 
0 12 236 
0 11 270 
0 35 271 
0 12 263 
0 23 249 
0 13 247 
0 25 110 
0 3 154 
0 10 167 
0 42 156 
0 33 151 
0 9 159 
0 0 152 
0 21 119 
0 25 111 
0 6 103 
0 76 118 
0 13 240 
0 20 156 
0 54 195 
0 28 195 
0 8 124 
0 2 102 
0 29 182 
0 8 150 
0 30 117 
0 7 139 
0 12 148 
0 13 188 
0 0 222 
0 41 90 
0 22 174 
0 23 141 
0 11 153 
0 8 146 
0 30 152 
0 2 318 
0 13 98 
0 11 141 
0 39 121 
0 2 236 
0 15 202 
0 0 159 
0 14 197 
0 7 67 
0 35 128 
0 4 196 
0 11 273 
0 8 212 
0 11 86 
0 16 183 
0 35 172 
0 24 154 
0 14 86 
0 11 153 
0 14 82 
0 7 66 
0 7 88 
0 13 230 
0 35 208 
0 9 148 
0 20 150 
0 11 104 
0 17 142 
0 25 64 
0 22 98 
0 18 177 
0 11 181 
