0 191 60 
0 120 62 
0 52 5 
0 58 14 
0 178 17 
0 95 8 
0 204 2 
0 79 122 
0 157 18 
0 123 44 
0 102 46 
0 85 78 
0 72 43 
0 165 17 
0 60 19 
0 113 27 
0 60 31 
0 134 8 
0 66 41 
0 97 53 
0 90 46 
0 132 8 
0 77 78 
0 148 61 
0 124 46 
0 98 37 
0 85 52 
0 120 118 
0 135 0 
0 228 39 
0 87 52 
0 144 5 
0 144 38 
0 195 27 
0 81 26 
0 108 46 
0 98 30 
0 71 19 
0 93 17 
0 156 51 
0 126 52 
0 150 38 
0 143 26 
0 132 41 
0 83 46 
0 154 0 
0 100 24 
0 139 27 
0 109 26 
0 78 23 
0 152 40 
0 167 15 
0 109 29 
0 136 56 
0 129 45 
0 115 71 
0 120 39 
0 98 38 
0 116 24 
0 72 20 
0 161 1 
0 82 65 
0 163 46 
0 87 27 
0 86 20 
0 155 57 
0 107 85 
0 87 20 
0 98 10 
0 118 68 
0 92 58 
0 136 26 
0 151 46 
0 80 0 
0 143 22 
0 81 20 
0 144 13 
0 121 31 
0 81 11 
0 92 58 
0 145 93 
0 89 17 
0 134 33 
0 132 113 
0 99 12 
0 71 26 
0 125 66 
0 84 15 
0 126 113 
0 104 168 
0 95 57 
0 96 23 
0 123 39 
0 143 76 
0 119 23 
0 159 19 
0 149 15 
0 99 26 
0 110 34 
0 99 24 
0 160 97 
0 99 53 
0 105 23 
0 132 88 
0 173 14 
0 110 12 
0 104 31 
0 182 91 
0 125 53 
0 91 27 
0 132 60 
0 107 14 
0 66 108 
0 128 72 
0 131 41 
0 127 45 
0 105 25 
0 149 14 
0 115 37 
0 146 24 
0 118 4 
0 133 12 
0 174 38 
0 95 41 
0 168 32 
0 164 89 
0 67 21 
0 142 26 
0 91 51 
0 121 18 
0 127 52 
0 130 4 
0 82 47 
0 137 91 
0 90 41 
0 154 28 
0 94 62 
0 163 12 
0 61 56 
0 68 38 
0 138 1 
0 119 59 
0 127 9 
0 63 20 
0 112 66 
0 55 93 
0 124 50 
0 121 22 
0 184 26 
0 56 17 
0 84 0 
0 112 0 
0 127 9 
0 174 49 
0 70 36 
0 98 29 
0 130 18 
0 77 128 
0 133 64 
0 130 33 
0 57 19 
0 77 24 
0 100 18 
0 164 144 
0 121 8 
0 69 28 
0 107 7 
0 121 6 
0 174 109 
0 108 21 
0 94 15 
0 41 60 
0 170 99 
0 62 12 
0 91 4 
0 67 2 
0 127 28 
0 62 46 
0 112 54 
0 101 31 
0 65 108 
0 106 71 
0 94 18 
0 153 20 
0 177 15 
0 98 24 
0 59 38 
0 106 13 
0 117 4 
0 79 162 
0 86 21 
0 120 19 
0 93 46 
0 60 52 
0 138 8 
0 95 47 
0 85 29 
0 99 115 
0 102 12 
0 139 66 
0 202 24 
0 95 11 
0 133 21 
0 106 44 
0 206 10 
0 175 11 
0 117 31 
0 110 11 
0 148 34 
0 82 4 
0 76 68 
0 178 22 
0 73 6 
0 90 15 
0 177 52 
0 89 2 
0 60 6 
0 96 59 
0 116 88 
0 167 26 
0 66 37 
0 139 72 
0 138 7 
0 216 66 
0 102 24 
0 117 21 
0 89 72 
0 82 40 
0 74 23 
0 135 46 
0 144 91 
0 75 39 
0 172 4 
0 132 28 
0 157 27 
0 80 76 
0 66 46 
0 203 4 
0 97 113 
0 106 10 
0 91 18 
0 54 14 
0 136 9 
0 155 55 
0 127 10 
0 176 10 
0 181 26 
0 151 25 
0 90 16 
0 121 18 
0 68 83 
0 131 30 
0 120 63 
0 124 33 
0 95 0 
0 108 60 
0 128 4 
0 120 45 
0 146 58 
0 66 72 
0 119 28 
0 134 36 
0 96 10 
0 184 32 
0 81 24 
0 126 33 
0 96 23 
0 208 30 
0 91 30 
0 114 47 
0 119 51 
0 57 21 
0 69 21 
0 218 51 
0 141 25 
0 54 55 
0 108 10 
0 178 6 
0 75 23 
0 41 1 
0 80 131 
0 145 43 
0 143 42 
0 91 50 
0 95 33 
0 85 30 
0 148 74 
0 80 92 
0 155 57 
0 121 31 
0 109 18 
0 92 25 
0 151 59 
0 109 19 
0 79 115 
0 121 26 
0 72 8 
0 99 29 
0 114 18 
0 127 50 
0 101 25 
0 75 52 
0 101 17 
0 70 57 
0 120 36 
0 115 35 
0 76 51 
0 64 39 
0 108 36 
0 23 18 
0 32 14 
0 221 22 
0 94 90 
0 111 27 
0 140 54 
0 102 24 
0 111 17 
0 77 7 
0 103 18 
0 116 43 
0 99 23 
0 123 28 
0 91 12 
0 100 33 
0 98 10 
0 46 27 
0 140 13 
0 95 25 
0 192 86 
0 73 55 
0 112 25 
0 110 30 
0 109 24 
0 135 21 
0 94 19 
0 138 33 
0 118 17 
0 136 56 
0 116 31 
0 81 14 
0 84 37 
0 45 12 
0 140 12 
0 111 47 
0 65 13 
0 89 27 
0 123 18 
0 123 52 
0 92 22 
0 111 40 
0 225 45 
0 133 45 
0 131 5 
0 119 63 
0 91 31 
0 82 23 
0 75 57 
0 114 50 
0 135 94 
0 84 21 
0 115 14 
0 145 29 
0 125 22 
0 131 23 
0 130 72 
0 103 56 
0 132 29 
0 96 35 
0 212 27 
0 122 82 
0 115 18 
0 105 81 
0 145 68 
0 179 22 
0 168 67 
0 125 57 
0 206 14 
0 116 17 
0 121 44 
0 130 39 
0 103 75 
0 139 25 
0 167 70 
0 123 58 
0 70 44 
0 168 10 
0 76 38 
0 107 41 
0 118 9 
0 64 24 
0 75 15 
0 133 78 
0 91 31 
0 171 34 
0 176 16 
0 103 8 
0 86 24 
0 132 34 
0 153 14 
0 77 35 
0 67 55 
0 140 26 
0 74 50 
0 108 17 
0 175 20 
0 73 15 
0 64 24 
0 221 2 
0 55 50 
0 63 57 
0 118 55 
0 89 45 
0 182 100 
0 124 49 
0 137 31 
0 59 21 
0 123 19 
0 163 14 
0 110 16 
0 149 90 
0 116 108 
0 179 63 
0 113 78 
0 98 46 
0 114 75 
0 206 22 
0 99 75 
0 130 86 
0 149 52 
0 149 27 
0 104 12 
0 159 157 
0 109 11 
0 103 8 
0 92 47 
0 65 93 
0 131 85 
0 137 24 
0 75 60 
0 142 28 
0 72 0 
0 96 0 
0 135 114 
0 105 11 
0 113 13 
0 124 11 
0 130 52 
0 150 51 
0 72 6 
0 127 8 
0 94 11 
0 127 59 
0 118 32 
0 75 6 
0 98 22 
0 94 28 
0 110 31 
0 125 12 
0 141 4 
0 130 29 
0 148 34 
0 101 106 
0 88 61 
0 143 52 
0 83 126 
0 215 50 
0 93 5 
0 107 25 
0 108 38 
0 189 11 
0 79 27 
0 137 56 
0 110 57 
0 103 14 
0 151 14 
0 52 14 
0 149 26 
0 116 48 
0 92 7 
0 94 36 
0 81 52 
0 168 37 
0 119 21 
0 133 2 
0 115 48 
0 71 139 
0 65 32 
0 147 40 
0 120 5 
0 123 39 
0 108 7 
0 151 6 
0 104 77 
0 94 64 
0 104 36 
0 141 10 
0 135 63 
0 122 2 
0 128 82 
0 154 31 
0 100 33 
0 109 147 
0 165 76 
0 147 32 
0 76 32 
0 108 49 
0 72 103 
0 167 1 
0 160 35 
0 64 15 
0 60 47 
0 107 31 
0 102 117 
0 56 89 
0 111 8 
0 151 58 
0 90 0 
0 148 11 
0 146 23 
0 182 25 
0 129 5 
0 164 27 
0 116 23 
0 58 43 
0 104 15 
0 101 22 
0 175 7 
0 97 53 
0 109 88 
0 130 21 
0 83 21 
0 78 30 
0 112 48 
0 43 27 
0 127 56 
0 176 37 
0 136 58 
0 168 19 
0 144 39 
0 44 66 
0 25 114 
0 124 38 
0 161 56 
0 58 3 
0 119 5 
0 94 35 
0 141 20 
0 98 64 
0 96 5 
0 91 14 
0 176 27 
0 72 34 
0 108 46 
0 50 74 
0 38 0 
0 137 31 
0 102 98 
0 101 116 
0 104 59 
0 134 42 
0 89 31 
0 166 8 
0 106 16 
0 100 19 
0 71 48 
0 61 10 
0 78 9 
0 110 6 
0 115 20 
0 139 29 
0 48 87 
0 71 25 
0 61 172 
0 136 110 
0 132 31 
0 93 61 
0 118 20 
0 63 84 
0 133 37 
0 181 92 
0 249 82 
0 148 28 
0 159 14 
0 81 38 
0 96 26 
0 157 35 
0 201 39 
0 76 47 
0 109 44 
0 73 14 
0 120 0 
0 171 41 
0 114 37 
0 38 83 
0 109 29 
0 104 56 
0 100 0 
0 97 21 
0 78 88 
0 118 20 
0 105 72 
0 172 28 
0 132 31 
0 97 58 
0 175 28 
0 142 16 
0 168 37 
0 130 24 
0 98 32 
0 73 61 
0 111 30 
0 111 29 
0 76 28 
0 173 31 
0 106 18 
0 58 21 
0 162 47 
0 101 79 
0 107 26 
0 95 35 
0 97 146 
0 56 19 
0 93 65 
0 148 88 
0 89 82 
0 125 69 
0 102 57 
0 115 92 
0 125 15 
0 92 16 
0 78 65 
0 107 2 
0 130 29 
0 69 25 
0 84 20 
0 111 22 
0 132 62 
0 142 48 
0 80 60 
0 66 14 
0 92 55 
0 117 30 
0 86 8 
0 77 31 
0 107 48 
0 177 48 
0 119 28 
0 168 56 
0 157 11 
0 72 60 
0 99 69 
0 78 27 
0 51 51 
0 87 24 
0 86 22 
0 127 22 
0 89 3 
0 125 12 
0 170 5 
0 101 88 
0 68 44 
0 141 101 
0 173 68 
0 97 101 
0 104 21 
0 131 78 
0 41 19 
0 110 38 
0 111 48 
0 83 36 
0 97 38 
0 154 11 
0 124 18 
0 67 20 
0 108 32 
0 171 47 
0 115 22 
0 104 63 
0 138 46 
0 107 8 
0 106 122 
0 95 27 
0 104 20 
0 137 37 
0 161 90 
0 104 15 
0 78 11 
0 171 34 
0 161 77 
0 128 26 
0 121 32 
0 139 44 
0 109 27 
0 116 23 
0 147 0 
0 111 83 
0 123 46 
0 101 16 
0 75 40 
0 87 56 
0 156 43 
0 89 68 
0 188 67 
0 64 47 
0 146 54 
0 153 9 
0 94 15 
0 76 46 
0 77 79 
0 113 70 
0 143 8 
0 95 6 
0 90 44 
0 139 33 
0 131 4 
0 111 21 
0 191 15 
0 96 33 
0 130 28 
0 121 28 
0 91 53 
0 126 19 
0 116 0 
0 134 40 
0 122 72 
0 66 15 
0 92 2 
0 166 25 
0 167 66 
0 88 33 
0 54 48 
0 96 73 
0 109 90 
0 80 46 
0 140 20 
0 165 46 
0 75 19 
0 87 55 
0 124 22 
0 96 52 
0 144 9 
0 157 48 
0 137 19 
0 73 25 
0 156 16 
0 65 39 
0 143 33 
0 141 71 
0 59 53 
0 116 35 
0 128 41 
0 148 15 
0 42 18 
0 116 41 
0 71 32 
0 60 28 
0 116 7 
0 102 67 
0 105 60 
0 42 13 
0 69 36 
0 96 30 
0 106 3 
0 81 49 
0 88 8 
0 116 31 
0 43 26 
0 153 30 
0 116 8 
0 50 21 
0 127 40 
0 116 2 
0 114 25 
0 104 86 
0 104 8 
0 131 25 
0 104 77 
0 114 58 
0 168 37 
0 151 45 
0 116 102 
0 117 78 
0 72 35 
0 122 27 
0 136 14 
0 97 85 
0 162 48 
0 88 4 
0 87 117 
0 146 65 
0 147 17 
0 187 36 
0 79 25 
0 47 10 
0 83 28 
0 178 17 
0 110 6 
0 49 65 
0 73 28 
0 84 42 
0 189 0 
0 132 14 
0 128 10 
0 57 55 
0 79 93 
0 133 18 
0 79 125 
0 89 45 
0 121 35 
0 48 133 
0 140 9 
0 100 67 
0 172 26 
0 189 11 
0 148 30 
0 83 30 
0 95 28 
0 157 19 
0 80 35 
0 139 21 
0 71 28 
0 106 43 
0 71 17 
0 139 14 
0 99 55 
0 142 12 
0 84 20 
0 119 26 
0 109 14 
0 93 40 
0 110 77 
0 78 23 
0 99 3 
0 117 28 
0 150 62 
0 135 40 
0 116 36 
0 94 12 
0 71 68 
0 112 4 
0 128 19 
0 123 19 
0 117 63 
0 118 28 
0 160 39 
0 39 100 
0 95 31 
0 93 14 
0 77 31 
0 147 49 
0 170 18 
0 178 27 
0 52 49 
0 145 34 
0 155 81 
0 97 13 
0 60 11 
0 58 115 
0 99 13 
0 69 46 
0 61 65 
0 61 77 
0 67 24 
0 169 79 
0 136 53 
0 171 21 
0 132 84 
0 116 23 
0 38 29 
0 156 5 
0 107 62 
0 63 12 
0 124 7 
0 140 26 
0 64 35 
0 129 14 
0 135 36 
0 50 3 
0 178 14 
0 77 263 
0 97 48 
0 75 55 
0 106 24 
0 74 1 
0 74 15 
0 87 25 
0 105 1 
0 163 35 
0 54 7 
0 94 13 
0 90 27 
0 135 19 
0 130 16 
0 86 15 
0 57 18 
0 125 96 
0 120 15 
0 88 45 
0 132 130 
0 145 13 
0 199 24 
0 115 43 
0 172 31 
0 114 44 
0 121 49 
0 148 24 
0 113 29 
0 121 0 
0 144 2 
0 130 16 
0 104 34 
0 61 32 
0 196 32 
0 141 10 
0 98 86 
0 99 2 
0 97 76 
0 97 20 
0 67 43 
0 145 45 
0 95 17 
0 161 14 
0 164 62 
0 98 68 
0 145 12 
0 116 4 
0 130 34 
0 62 72 
0 191 94 
0 128 54 
0 79 12 
0 99 67 
0 105 83 
0 147 17 
0 79 48 
0 102 50 
0 190 16 
0 108 23 
0 62 48 
0 106 1 
0 121 18 
0 148 23 
0 134 35 
0 121 38 
0 118 16 
0 189 19 
0 84 80 
0 107 32 
0 105 129 
0 166 88 
0 191 0 
0 150 12 
0 150 39 
0 119 29 
0 159 1 
0 66 40 
0 110 14 
0 135 40 
0 97 3 
0 164 26 
0 54 53 
0 207 25 
0 41 27 
0 63 54 
0 114 11 
0 84 21 
0 65 5 
0 116 8 
0 71 123 
0 144 7 
0 93 63 
0 128 55 
0 65 15 
0 111 34 
0 157 64 
0 131 78 
0 118 35 
0 55 22 
0 99 22 
0 98 12 
0 61 20 
0 135 22 
0 88 21 
0 105 4 
0 151 12 
0 72 3 
0 168 32 
0 151 27 
0 143 17 
0 47 64 
0 137 13 
0 143 36 
0 73 41 
0 114 67 
0 77 26 
0 132 23 
0 118 17 
0 119 6 
0 206 20 
0 73 12 
