0 89 27 
0 145 65 
0 137 76 
0 96 29 
0 103 20 
0 129 65 
0 75 10 
0 99 44 
0 79 97 
0 175 80 
0 120 44 
0 99 42 
0 157 28 
0 116 178 
0 117 29 
0 119 24 
0 101 53 
0 121 28 
0 148 47 
0 113 55 
0 117 38 
0 89 29 
0 118 27 
0 82 12 
0 69 27 
0 103 20 
0 92 80 
0 62 32 
0 72 11 
0 111 23 
0 51 11 
0 110 100 
0 86 28 
0 159 64 
0 147 21 
0 114 105 
0 122 183 
0 109 36 
0 107 37 
0 168 38 
0 150 6 
0 127 32 
0 98 22 
0 106 17 
0 113 23 
0 160 29 
0 100 38 
0 142 58 
0 122 31 
0 109 11 
0 118 48 
0 75 82 
0 63 31 
0 100 23 
0 102 32 
0 137 33 
0 99 64 
0 100 48 
0 90 57 
0 122 31 
0 141 91 
0 188 5 
0 53 45 
0 159 52 
0 110 30 
0 63 34 
0 107 33 
0 91 53 
0 135 38 
0 76 7 
0 99 108 
0 88 71 
0 101 52 
0 147 121 
0 143 42 
0 171 47 
0 109 2 
0 96 88 
0 104 69 
0 108 20 
0 127 85 
0 146 54 
0 89 29 
0 97 9 
0 113 22 
0 105 21 
0 191 15 
0 141 43 
0 89 21 
0 77 10 
0 77 18 
0 124 28 
0 125 16 
0 147 12 
0 129 10 
0 86 20 
0 128 21 
0 101 19 
0 73 53 
0 107 26 
0 146 32 
0 98 57 
0 84 65 
0 148 33 
0 150 67 
0 82 37 
0 120 35 
0 125 49 
0 139 107 
0 101 0 
0 116 29 
0 75 23 
0 102 76 
0 114 30 
0 181 59 
0 92 34 
0 145 10 
0 109 35 
0 148 22 
0 118 4 
0 184 36 
0 172 26 
0 130 38 
0 173 11 
0 76 24 
0 97 75 
0 86 42 
0 125 29 
0 157 26 
0 127 39 
0 153 19 
0 79 10 
0 57 75 
0 154 17 
0 162 46 
0 75 88 
0 158 15 
0 142 88 
0 98 89 
0 136 13 
0 103 20 
0 99 44 
0 103 28 
0 156 16 
0 115 43 
0 138 17 
0 141 5 
0 83 19 
0 123 64 
0 90 23 
0 102 11 
0 108 34 
0 67 141 
0 127 37 
0 102 12 
0 130 51 
0 141 71 
0 119 80 
0 150 79 
0 117 44 
0 120 31 
0 138 38 
0 104 27 
0 69 56 
0 115 12 
0 61 17 
0 153 10 
0 131 48 
0 79 14 
0 107 17 
0 149 30 
0 104 14 
0 135 23 
0 172 64 
0 56 20 
0 101 28 
0 173 11 
0 141 42 
0 92 13 
0 153 45 
0 93 72 
0 109 57 
0 127 24 
0 104 34 
0 108 84 
0 83 67 
0 103 75 
0 114 34 
0 71 54 
0 80 39 
0 122 34 
0 144 43 
0 136 16 
0 161 55 
0 88 97 
0 151 53 
0 120 62 
0 93 53 
0 100 53 
0 96 9 
0 87 12 
0 95 40 
0 163 21 
0 112 48 
0 106 12 
0 89 65 
0 113 63 
0 84 9 
0 194 72 
0 108 24 
0 96 40 
0 75 33 
0 134 19 
0 149 36 
0 169 31 
0 94 35 
0 131 26 
0 128 30 
0 117 16 
0 82 16 
0 66 27 
0 135 106 
0 99 38 
0 145 40 
0 76 52 
0 148 21 
0 109 8 
0 116 47 
0 107 26 
0 84 40 
0 143 35 
0 126 68 
0 94 39 
0 129 25 
0 143 62 
0 121 29 
0 157 11 
0 107 29 
0 82 17 
0 118 32 
0 124 62 
0 140 16 
0 127 42 
0 107 41 
0 144 31 
0 138 24 
0 112 6 
0 153 13 
0 151 8 
0 128 55 
0 122 34 
0 126 14 
0 167 14 
0 98 115 
0 114 35 
0 133 26 
0 107 52 
0 91 32 
0 85 14 
0 110 56 
0 98 5 
0 162 27 
0 114 32 
0 89 33 
0 94 26 
0 70 30 
0 121 77 
0 132 47 
0 95 5 
0 151 35 
0 79 97 
0 100 29 
0 83 28 
0 93 61 
0 120 76 
0 144 20 
0 152 28 
0 176 9 
0 100 96 
0 143 6 
0 115 7 
0 100 111 
0 113 33 
0 85 13 
0 150 13 
0 94 10 
0 97 67 
0 125 33 
0 83 88 
0 89 27 
0 100 30 
0 98 14 
0 124 40 
0 109 35 
0 130 36 
0 71 101 
0 146 12 
0 92 34 
0 83 31 
0 121 9 
0 161 43 
0 184 28 
0 106 6 
0 88 19 
0 139 11 
0 64 37 
0 135 16 
0 91 38 
0 93 19 
0 132 20 
0 159 40 
0 137 39 
0 133 79 
0 167 52 
0 126 27 
0 191 32 
0 116 17 
0 66 93 
0 94 24 
0 134 54 
0 115 31 
0 126 17 
0 166 0 
0 134 22 
0 77 16 
0 129 6 
0 138 46 
0 114 63 
0 93 26 
0 90 16 
0 109 90 
0 144 31 
0 117 55 
0 158 20 
0 93 58 
0 167 37 
0 168 21 
0 130 33 
0 138 30 
0 76 53 
0 164 75 
0 109 31 
0 96 22 
0 108 29 
0 76 51 
0 95 20 
0 101 23 
0 102 17 
0 166 2 
0 107 19 
0 133 41 
0 136 23 
0 108 23 
0 90 15 
0 139 22 
0 111 47 
0 85 20 
0 186 26 
0 114 26 
0 136 46 
0 95 28 
0 135 17 
0 90 124 
0 138 75 
0 120 10 
0 224 9 
0 72 4 
0 122 11 
0 118 96 
0 108 8 
0 134 87 
0 188 30 
0 66 48 
0 88 66 
0 82 53 
0 211 27 
0 107 17 
0 112 36 
0 83 17 
0 94 9 
0 52 30 
0 68 47 
0 188 40 
0 116 31 
0 131 18 
0 88 58 
0 107 101 
0 83 44 
0 71 7 
0 68 37 
0 184 82 
0 155 56 
0 194 18 
0 79 23 
0 108 36 
0 116 65 
0 88 97 
0 150 47 
0 122 47 
0 109 19 
0 112 26 
0 110 41 
0 160 35 
0 167 10 
0 82 17 
0 139 43 
0 96 18 
0 102 16 
0 189 29 
0 67 28 
0 144 14 
0 129 33 
0 99 64 
0 111 56 
0 93 17 
0 137 118 
0 116 88 
0 66 19 
0 134 39 
0 112 101 
0 86 22 
0 109 25 
0 135 11 
0 73 51 
0 89 16 
0 120 54 
0 146 49 
0 115 38 
0 103 56 
0 38 29 
0 75 89 
0 75 16 
0 150 42 
0 99 11 
0 141 25 
0 117 33 
0 106 62 
0 103 13 
0 117 30 
0 132 25 
0 142 74 
0 121 60 
0 97 51 
0 91 49 
0 85 15 
0 129 30 
0 160 40 
0 109 34 
0 124 25 
0 116 65 
0 123 38 
0 111 28 
0 118 7 
0 116 136 
0 120 11 
0 74 30 
0 100 142 
0 105 45 
0 95 35 
0 67 31 
0 126 55 
0 88 85 
0 118 57 
0 153 15 
0 128 92 
0 102 18 
0 131 27 
0 143 31 
0 123 45 
0 138 47 
0 104 2 
0 110 42 
0 143 4 
0 111 23 
0 64 87 
0 125 20 
0 75 22 
0 93 49 
0 96 21 
0 150 68 
0 103 65 
0 90 46 
0 146 30 
0 69 27 
0 87 23 
0 126 51 
0 59 39 
0 120 47 
0 65 21 
0 77 24 
0 61 13 
0 197 56 
0 88 33 
0 134 16 
0 83 13 
0 123 22 
0 151 16 
0 122 45 
0 107 14 
0 72 123 
0 168 52 
0 85 67 
0 155 17 
0 165 9 
0 138 64 
0 143 17 
0 137 26 
0 153 59 
0 122 50 
0 126 30 
0 100 39 
0 62 3 
0 134 63 
0 116 35 
0 147 12 
0 138 71 
0 119 63 
0 180 27 
0 116 58 
0 61 9 
0 145 22 
0 74 77 
0 91 34 
0 161 57 
0 133 44 
0 69 127 
0 137 44 
0 129 26 
0 175 42 
0 135 16 
0 157 86 
0 150 45 
0 45 7 
0 147 36 
0 123 55 
0 77 30 
0 124 52 
0 72 65 
0 106 61 
0 128 5 
0 92 43 
0 172 45 
0 99 48 
0 121 52 
0 101 52 
0 101 53 
0 89 81 
0 123 27 
0 138 35 
0 155 55 
0 124 81 
0 191 30 
0 98 82 
0 62 93 
0 124 28 
0 115 26 
0 107 46 
0 103 65 
0 168 13 
0 113 6 
0 179 85 
0 62 7 
0 131 43 
0 90 23 
0 93 20 
0 136 10 
0 169 42 
0 96 59 
0 77 26 
0 112 10 
0 130 67 
0 89 60 
0 97 52 
0 110 24 
0 110 30 
0 136 34 
0 105 37 
0 91 28 
0 87 3 
0 98 7 
0 130 16 
0 78 81 
0 120 25 
0 142 10 
0 92 40 
0 88 22 
0 154 34 
0 97 21 
0 61 4 
0 94 53 
0 84 9 
0 112 2 
0 131 38 
0 77 65 
0 101 49 
0 149 44 
0 212 36 
0 137 28 
0 80 32 
0 201 73 
0 120 68 
0 66 20 
0 206 85 
0 90 16 
0 80 19 
0 115 31 
0 128 25 
0 126 22 
0 93 68 
0 126 55 
0 72 51 
0 145 30 
0 118 65 
0 96 10 
0 112 50 
0 76 33 
0 78 38 
0 192 156 
0 92 35 
0 110 77 
0 116 75 
0 95 25 
0 150 23 
0 81 15 
0 103 84 
0 148 124 
0 169 24 
0 88 47 
0 132 118 
0 97 41 
0 54 14 
0 163 46 
0 154 25 
0 162 43 
0 154 49 
0 114 123 
0 133 108 
0 67 17 
0 119 23 
0 102 157 
0 77 59 
0 61 15 
0 158 5 
0 121 56 
0 123 106 
0 44 37 
0 147 12 
0 145 86 
0 75 6 
0 98 47 
0 86 27 
0 127 74 
0 150 16 
0 131 45 
0 116 56 
0 121 3 
0 179 29 
0 153 39 
0 109 61 
0 190 23 
0 136 64 
0 183 81 
0 73 29 
0 63 48 
0 166 10 
0 114 67 
0 61 61 
0 99 8 
0 153 10 
0 151 14 
0 72 16 
0 152 11 
0 104 24 
0 150 58 
0 103 83 
0 111 13 
0 146 6 
0 98 8 
0 108 52 
0 121 71 
0 88 5 
0 90 27 
0 117 12 
0 87 33 
0 107 84 
0 127 26 
0 93 25 
0 99 43 
0 127 14 
0 180 19 
0 148 23 
0 137 37 
0 115 71 
0 122 4 
0 76 78 
0 134 26 
0 139 21 
0 184 15 
0 64 14 
0 74 22 
0 106 16 
0 175 38 
0 130 25 
0 116 58 
0 184 11 
0 59 10 
0 96 32 
0 131 28 
0 94 68 
0 105 53 
0 107 42 
0 129 19 
0 112 71 
0 99 25 
0 131 11 
0 112 33 
0 112 21 
0 52 18 
0 162 6 
0 139 71 
0 70 8 
0 156 89 
0 65 17 
0 140 11 
0 92 41 
0 149 160 
0 114 28 
0 88 23 
0 152 19 
0 146 72 
0 49 58 
0 87 15 
0 109 11 
0 185 32 
0 70 28 
0 137 19 
0 59 40 
0 77 36 
0 137 32 
0 122 12 
0 103 6 
0 161 94 
0 99 72 
0 121 56 
0 155 30 
0 102 11 
0 132 37 
0 109 43 
0 108 21 
0 134 26 
0 303 9 
0 164 48 
0 129 23 
0 143 9 
0 123 19 
0 114 18 
0 77 25 
0 85 16 
0 192 29 
0 50 35 
0 145 11 
0 130 6 
0 184 50 
0 132 117 
0 124 6 
0 157 21 
0 176 38 
0 166 24 
0 100 116 
0 147 5 
0 118 7 
0 155 16 
0 163 92 
0 175 20 
0 131 56 
0 110 11 
0 97 64 
0 96 48 
0 119 13 
0 87 115 
0 102 36 
0 94 30 
0 131 46 
0 90 86 
0 110 28 
0 106 86 
0 91 21 
0 156 73 
0 89 46 
0 131 23 
0 150 47 
0 139 26 
0 99 38 
0 175 91 
0 92 90 
0 64 43 
0 140 14 
0 72 82 
0 164 16 
0 107 106 
0 104 79 
0 82 15 
0 100 38 
0 108 78 
0 135 39 
0 131 5 
0 117 1 
0 119 44 
0 119 8 
0 99 6 
0 128 50 
0 76 20 
0 156 16 
0 158 52 
0 116 40 
0 131 70 
0 125 27 
0 185 46 
0 144 62 
0 131 37 
0 175 51 
0 81 39 
0 159 3 
0 120 47 
0 43 45 
0 150 57 
0 138 51 
0 70 36 
0 50 49 
0 112 35 
0 137 41 
0 125 30 
0 95 51 
0 109 41 
0 76 14 
0 99 22 
0 54 49 
0 70 129 
0 186 79 
0 118 38 
0 99 77 
0 59 41 
0 121 35 
0 86 165 
0 82 49 
0 114 64 
0 134 34 
0 177 12 
0 90 38 
0 100 86 
0 126 17 
0 129 21 
0 151 78 
0 106 9 
0 142 77 
0 163 58 
0 113 24 
0 86 1 
0 123 14 
0 82 34 
0 183 5 
0 103 93 
0 119 33 
0 43 1 
0 100 104 
0 82 21 
0 167 40 
0 150 30 
0 123 52 
0 107 198 
0 138 46 
0 86 88 
0 104 27 
0 179 78 
0 183 13 
0 110 97 
0 126 39 
0 119 4 
0 113 25 
0 82 45 
0 99 17 
0 45 52 
0 125 12 
0 115 23 
0 159 33 
0 146 14 
0 131 15 
0 117 37 
0 142 64 
0 128 24 
0 124 17 
0 126 24 
0 48 61 
0 164 15 
0 152 12 
0 135 45 
0 97 103 
0 102 21 
0 100 43 
0 93 54 
0 121 38 
0 135 16 
0 70 62 
0 166 24 
0 65 18 
0 90 9 
0 99 13 
0 142 37 
0 110 18 
0 71 14 
0 135 36 
0 125 31 
0 98 57 
0 97 25 
0 165 40 
0 69 54 
0 154 26 
0 111 43 
0 160 69 
0 208 84 
0 124 43 
0 122 13 
0 92 120 
0 75 120 
0 160 54 
0 114 31 
0 137 121 
0 133 14 
0 104 75 
0 116 12 
0 147 30 
0 148 23 
0 116 2 
0 144 41 
0 125 50 
0 128 11 
0 86 1 
0 137 27 
0 166 70 
0 93 12 
0 95 109 
0 69 20 
0 140 47 
0 76 28 
0 146 53 
0 70 21 
0 84 64 
0 92 98 
0 137 7 
0 94 70 
0 106 52 
0 85 36 
0 175 29 
0 119 10 
0 72 29 
0 95 47 
0 52 66 
0 113 24 
0 179 28 
0 79 11 
0 124 74 
0 136 28 
0 124 25 
0 77 15 
0 82 82 
0 114 43 
0 117 38 
0 78 118 
0 159 36 
0 204 5 
0 98 54 
0 89 76 
0 67 74 
0 152 25 
0 79 37 
0 131 78 
0 154 40 
0 145 74 
0 111 59 
0 112 17 
0 149 15 
0 95 15 
0 113 89 
0 133 56 
0 87 97 
0 76 10 
0 175 52 
0 116 88 
0 94 5 
0 115 48 
0 117 14 
0 81 11 
0 78 6 
0 88 39 
0 118 11 
0 159 19 
0 73 92 
0 50 36 
0 135 67 
0 96 27 
