6 104 136 86 0 
0 143 291 156 0 
2 12 714 9 43 
13 66 87 34 0 
10 19 116 49 0 
25 25 145 120 0 
0 107 29 77 0 
2 18 182 33 0 
23 113 285 4 0 
6 101 197 51 0 
32 71 182 81 0 
10 55 246 110 0 
0 19 165 1 0 
0 33 270 6 0 
2 42 118 19 0 
0 28 38 184 0 
0 46 30 326 1 
7 346 85 12 0 
0 83 220 104 0 
2 20 198 214 0 
3 19 531 24 0 
0 247 41 1 0 
17 121 108 32 0 
8 78 162 8 0 
0 219 80 121 0 
44 39 208 0 0 
0 139 199 1 0 
9 60 90 20 0 
0 91 150 140 0 
8 56 43 61 0 
0 21 89 59 116 
8 13 99 5 0 
16 93 152 65 1 
52 8 183 4 0 
5 70 195 26 0 
0 71 204 68 0 
0 0 213 101 0 
0 125 30 153 0 
1 144 102 106 0 
0 112 204 280 0 
53 1 301 170 0 
1 50 172 132 0 
1 96 88 1 0 
13 164 56 0 0 
0 24 131 1 0 
24 0 14 33 43 
0 15 119 88 87 
0 133 159 27 0 
0 6 47 113 0 
5 67 44 41 0 
0 29 114 63 0 
1 6 264 85 0 
7 80 23 0 0 
0 21 309 23 1 
0 328 93 229 0 
0 1 168 173 0 
1 14 159 143 0 
2 23 146 93 0 
0 15 141 153 3 
0 34 76 49 0 
0 90 398 223 0 
5 78 335 32 0 
5 111 127 61 0 
2 18 282 159 0 
0 66 10 105 0 
2 30 220 2 0 
35 61 341 0 0 
1 0 190 8 12 
1 42 101 24 7 
0 103 21 3 30 
8 380 97 23 0 
2 145 51 212 2 
9 138 88 39 0 
12 101 215 154 0 
0 131 162 11 0 
4 20 111 58 0 
0 6 95 1 0 
38 4 127 84 0 
2 90 377 24 0 
0 163 191 31 0 
0 1 55 97 0 
24 3 252 45 317 
11 24 151 5 0 
7 40 53 41 0 
1 70 318 0 0 
27 184 130 8 0 
0 94 61 60 0 
0 4 120 216 15 
2 28 25 50 0 
2 11 78 86 0 
0 75 266 74 0 
4 57 224 15 0 
0 34 81 52 0 
2 23 283 31 8 
1 23 699 122 0 
2 390 152 11 0 
24 109 118 0 0 
30 46 78 143 0 
0 87 26 0 0 
0 131 22 2 1 
0 8 143 150 0 
0 89 412 216 0 
0 29 121 31 165 
0 20 58 7 0 
0 5 35 38 0 
16 31 56 36 0 
0 139 25 0 0 
0 202 77 37 0 
0 0 159 63 0 
52 307 219 211 0 
0 60 111 231 19 
1 170 154 95 0 
0 91 269 83 0 
0 147 53 164 89 
0 77 77 164 1 
0 2 279 62 0 
0 119 338 63 0 
6 78 352 4 0 
42 2 244 37 0 
0 188 151 156 0 
18 106 86 20 0 
12 66 195 313 0 
0 45 199 81 0 
0 77 194 0 9 
0 61 148 23 0 
14 152 207 242 0 
0 95 182 52 0 
16 38 37 60 0 
0 100 35 37 0 
0 46 184 1 30 
0 3 165 132 0 
1 28 347 12 0 
5 77 192 75 0 
0 173 72 65 0 
0 60 474 14 0 
0 19 154 89 0 
6 16 134 36 0 
1 1 84 100 0 
70 17 411 45 0 
31 2 224 138 0 
0 1 102 177 0 
5 60 88 64 0 
27 206 435 15 0 
19 9 177 4 0 
1 89 35 69 0 
15 53 56 266 0 
30 2 248 42 0 
2 29 78 21 0 
0 0 380 7 0 
4 24 204 57 0 
0 61 41 84 0 
3 78 83 2 0 
3 120 219 0 0 
11 28 254 149 0 
3 20 187 1 0 
10 124 53 20 0 
0 31 192 21 0 
1 195 77 45 0 
0 28 312 156 0 
0 19 275 47 0 
0 40 214 56 0 
0 28 247 58 0 
23 122 185 162 0 
0 28 85 184 0 
0 29 245 466 1 
36 9 57 3 0 
0 63 151 174 0 
1 74 103 114 1 
0 111 128 1 0 
0 47 210 15 0 
0 14 85 118 0 
0 92 108 43 0 
0 53 41 26 0 
75 208 137 226 0 
21 24 182 94 0 
7 24 165 194 0 
0 12 232 30 0 
0 0 361 134 0 
0 60 241 160 0 
0 183 290 6 0 
29 1 176 88 0 
1 8 264 8 111 
1 31 334 46 0 
49 53 122 1 6 
1 67 45 128 0 
14 30 72 14 0 
0 8 101 6 0 
0 29 53 109 43 
1 2 205 63 0 
5 16 6 191 1 
74 6 150 6 0 
0 27 333 12 0 
2 7 139 7 0 
1 90 298 58 0 
20 6 56 12 0 
0 67 137 139 0 
0 161 179 6 0 
2 132 572 51 0 
5 184 102 34 0 
63 69 67 6 0 
0 42 49 103 0 
2 2 78 7 0 
0 110 9 26 0 
0 34 221 53 0 
11 112 42 23 13 
46 3 66 9 0 
0 232 61 1 0 
23 14 102 95 0 
63 73 361 139 0 
0 39 52 231 1 
4 21 248 121 0 
0 105 53 0 0 
16 0 17 246 89 
0 32 63 44 0 
8 22 462 5 0 
5 18 252 85 0 
2 65 107 36 0 
0 212 4 1 0 
0 126 236 156 0 
34 0 59 71 0 
0 34 328 533 0 
25 20 162 151 0 
0 102 110 2 11 
0 93 160 4 1 
0 89 189 63 16 
11 74 264 41 0 
4 4 280 17 0 
6 28 223 36 0 
1 162 74 59 0 
33 294 150 101 0 
0 79 188 0 0 
0 10 262 48 0 
6 32 62 65 1 
0 25 163 1 0 
2 277 22 2 0 
0 43 42 89 0 
0 14 103 131 0 
0 125 104 68 0 
12 17 71 37 0 
3 182 59 239 0 
18 95 121 160 0 
11 92 147 114 0 
0 354 179 76 0 
8 103 393 47 0 
5 73 40 131 0 
18 4 133 10 0 
0 6 191 89 0 
0 30 302 15 0 
20 26 232 0 0 
0 59 164 84 0 
7 85 18 1 0 
3 67 369 46 0 
1 108 194 90 0 
0 169 71 1 0 
0 126 17 14 0 
0 1 282 16 0 
0 35 61 0 0 
0 32 167 0 0 
48 85 328 1 0 
12 0 90 305 0 
4 0 49 122 0 
19 9 342 113 22 
0 229 99 1 67 
1 46 75 17 1 
21 49 313 1 1 
20 11 465 153 0 
0 62 119 41 0 
18 51 196 0 0 
10 63 182 101 1 
33 156 167 17 0 
0 5 98 200 0 
7 48 43 76 0 
0 70 137 27 0 
9 2 41 48 0 
0 27 38 5 2 
0 26 383 195 0 
1 23 156 28 0 
0 143 219 16 0 
0 200 0 0 0 
1 109 82 0 0 
0 0 21 92 0 
6 12 157 261 0 
1 128 117 9 6 
0 1 152 0 0 
0 70 16 83 0 
0 67 280 204 0 
1 203 105 3 0 
26 48 170 0 0 
9 31 99 22 0 
0 38 47 33 0 
4 115 267 146 0 
2 112 18 18 0 
1 38 419 11 0 
1 123 298 41 0 
0 111 119 48 1 
11 11 18 75 0 
0 42 130 57 0 
0 86 160 30 0 
8 7 238 103 0 
0 62 142 94 0 
0 33 59 21 0 
3 41 125 4 0 
7 8 196 30 0 
3 128 244 15 0 
0 193 59 67 0 
0 104 3 3 0 
3 121 264 59 0 
0 6 108 64 0 
16 102 311 0 0 
0 95 85 0 26 
0 12 537 97 0 
7 49 219 12 0 
0 85 265 63 0 
27 17 183 11 1 
0 34 110 79 0 
2 159 39 79 0 
0 27 298 70 0 
19 101 80 167 0 
167 40 5 14 0 
4 111 149 235 0 
0 54 99 33 0 
0 112 80 581 0 
0 72 151 131 0 
0 77 216 39 0 
0 25 27 178 0 
1 59 42 218 0 
0 105 170 180 0 
1 6 148 0 22 
0 32 246 14 0 
53 283 233 193 0 
22 100 74 114 0 
0 103 0 87 115 
0 88 103 53 0 
5 19 167 106 0 
0 173 135 43 0 
13 12 248 0 0 
0 56 69 132 0 
0 82 285 48 13 
1 40 358 1 35 
0 3 417 49 0 
1 1 221 64 0 
1 57 107 195 0 
0 57 26 279 0 
1 25 64 220 0 
12 9 75 20 0 
24 46 16 3 0 
0 166 83 82 45 
7 19 264 314 0 
4 152 93 45 0 
4 133 146 31 0 
0 122 2 86 30 
0 11 79 78 0 
12 26 111 30 0 
0 14 171 0 0 
32 74 407 97 0 
6 83 75 28 11 
0 2 33 84 0 
0 287 175 215 0 
0 18 216 47 0 
0 304 72 0 28 
162 186 103 22 0 
1 71 7 261 0 
13 482 331 27 0 
0 241 103 22 0 
0 179 34 139 15 
0 18 186 78 0 
1 210 23 15 0 
0 18 104 99 0 
1 9 114 11 0 
1 1 73 274 0 
0 37 45 117 136 
18 3 657 21 0 
5 31 112 90 0 
0 0 58 174 0 
0 8 21 1 0 
0 0 180 168 0 
0 18 151 26 0 
13 69 2 4 0 
5 70 140 223 0 
87 13 100 171 0 
11 108 47 38 0 
37 14 250 42 0 
2 253 61 72 0 
10 0 118 45 0 
1 61 166 280 0 
9 346 578 0 0 
4 27 242 303 0 
0 12 293 177 0 
4 0 86 198 0 
1 117 262 91 0 
0 1 90 400 0 
0 70 152 8 0 
7 45 182 0 0 
20 98 20 23 0 
2 112 16 0 0 
0 47 132 98 0 
0 49 201 47 0 
0 109 373 3 0 
0 19 240 1 0 
10 14 249 70 0 
0 72 205 452 0 
29 38 30 0 0 
1 71 59 15 159 
6 0 423 96 0 
0 296 147 73 0 
7 10 89 32 0 
8 11 246 30 0 
0 70 119 60 3 
5 227 40 9 0 
1 6 231 50 0 
0 0 98 137 0 
10 35 109 24 0 
32 3 194 172 0 
63 123 13 95 0 
0 11 43 0 0 
0 71 81 0 0 
4 82 55 26 0 
1 83 77 204 0 
17 34 304 24 0 
0 238 327 27 0 
0 114 149 19 0 
0 138 123 1 0 
4 79 90 124 0 
0 36 49 29 0 
0 73 351 99 0 
0 45 77 165 0 
2 0 147 73 0 
21 12 36 15 0 
11 28 193 27 0 
0 21 152 194 0 
0 170 60 196 0 
15 182 41 49 0 
0 21 35 27 0 
1 33 145 274 0 
0 14 75 72 0 
0 6 91 1 0 
9 92 359 40 0 
0 156 26 17 0 
4 45 85 42 0 
1 63 453 31 0 
0 10 243 14 0 
40 4 118 83 0 
8 28 244 10 0 
5 21 138 4 0 
0 32 330 99 0 
6 4 181 10 0 
4 74 140 41 0 
37 89 53 7 0 
0 0 259 0 0 
7 92 215 93 0 
11 18 99 85 0 
38 141 512 0 0 
0 12 251 55 305 
21 0 234 194 0 
0 22 669 59 0 
40 27 145 282 0 
1 68 150 147 0 
0 6 169 39 0 
0 218 361 96 0 
2 191 93 17 9 
28 89 200 15 0 
0 53 220 20 0 
10 25 233 11 67 
19 6 264 0 0 
0 88 71 1 0 
0 157 408 7 0 
2 84 639 28 0 
143 125 186 41 0 
10 409 78 0 0 
1 64 305 0 0 
0 83 389 64 0 
7 102 211 13 0 
0 39 39 268 0 
0 219 164 28 0 
0 171 44 0 0 
27 66 68 7 0 
36 95 276 5 0 
0 58 282 129 0 
3 109 122 73 0 
12 183 134 141 56 
29 98 107 2 0 
6 49 219 6 1 
9 99 131 140 0 
0 18 263 132 0 
1 32 29 186 0 
10 143 379 2 0 
1 75 203 0 21 
54 2 211 46 0 
0 9 439 94 0 
3 44 240 200 0 
4 52 198 421 0 
0 139 432 264 0 
8 71 350 176 0 
33 10 242 84 0 
20 89 5 20 0 
0 133 301 22 0 
0 1 279 40 0 
13 115 127 27 0 
6 58 87 135 1 
0 77 95 23 0 
1 24 47 93 392 
1 10 368 214 0 
12 40 55 21 0 
0 0 273 66 0 
0 26 133 26 5 
6 79 218 43 0 
9 104 193 69 0 
8 83 23 101 4 
24 28 297 62 0 
1 65 37 3 0 
2 15 110 0 0 
48 47 194 118 0 
13 111 187 39 0 
1 8 162 215 0 
0 0 87 320 0 
0 30 183 0 0 
7 186 309 53 0 
35 103 38 65 0 
0 59 58 45 0 
48 30 160 47 0 
8 25 67 11 0 
0 50 192 59 13 
7 157 175 0 0 
1 22 336 4 0 
0 1 294 274 0 
0 408 269 0 0 
12 81 45 181 0 
0 1 111 131 0 
1 1 180 40 0 
0 19 145 32 0 
21 72 170 18 19 
19 9 90 308 31 
0 57 374 61 0 
8 15 15 104 0 
26 6 156 28 0 
10 149 166 1 0 
0 94 218 51 0 
2 0 415 203 0 
21 2 190 63 0 
1 59 93 38 0 
2 0 38 22 0 
1 50 123 14 0 
54 15 148 210 0 
12 2 131 0 0 
0 98 120 3 0 
4 79 132 29 53 
1 221 67 17 0 
1 206 44 14 0 
4 5 403 0 0 
14 36 137 0 0 
1 38 280 1 0 
1 79 5 0 0 
12 58 83 366 0 
6 31 114 1 0 
43 6 238 4 0 
0 4 601 23 85 
0 51 21 93 0 
45 210 78 1 0 
0 16 94 125 0 
1 37 110 102 0 
0 40 185 0 0 
6 89 110 35 0 
25 53 377 0 0 
2 54 232 38 0 
5 15 69 33 0 
0 168 7 338 0 
3 59 14 13 0 
5 7 189 22 4 
0 58 226 227 0 
0 0 97 178 0 
4 47 183 53 18 
0 25 109 34 0 
34 50 27 1 0 
18 74 19 2 0 
0 87 174 117 0 
2 34 120 154 20 
3 41 69 94 0 
1 4 195 144 0 
1 6 53 42 0 
2 79 87 102 0 
71 14 83 84 0 
2 21 178 23 11 
15 20 33 8 0 
3 143 437 434 0 
0 101 569 38 0 
56 51 269 0 0 
10 39 305 53 0 
20 59 214 9 0 
0 45 106 116 0 
0 196 427 3 0 
3 21 77 107 0 
0 23 468 12 1 
0 2 571 31 1 
0 10 19 286 0 
20 88 101 86 0 
0 5 83 79 0 
0 104 89 44 0 
15 3 82 22 0 
1 20 553 65 0 
20 106 29 31 0 
0 105 91 323 0 
73 32 105 77 0 
0 10 436 128 0 
11 26 163 10 0 
0 109 101 149 30 
0 121 47 106 0 
0 44 276 96 0 
6 12 294 47 0 
9 71 137 328 0 
0 14 183 85 0 
1 19 461 12 0 
45 31 386 26 49 
0 14 524 40 0 
9 0 191 2 0 
0 21 81 152 0 
4 88 137 114 0 
30 64 80 1 0 
57 22 39 134 0 
0 0 328 69 0 
0 17 315 5 0 
8 91 193 1 0 
23 46 113 20 0 
27 240 29 210 0 
13 135 132 234 0 
10 8 356 80 0 
14 3 296 31 0 
0 145 206 78 0 
3 72 420 118 0 
0 12 121 65 0 
10 166 97 8 0 
0 0 300 213 0 
17 315 81 53 0 
3 10 136 567 0 
0 139 16 128 21 
0 114 89 46 0 
0 102 97 125 0 
86 35 131 38 0 
1 137 126 160 0 
37 22 169 31 0 
32 71 247 132 64 
1 5 32 125 0 
0 7 121 1 0 
35 80 40 15 0 
8 55 222 2 0 
0 66 244 26 0 
22 66 150 56 0 
0 100 94 78 0 
5 65 263 5 0 
8 24 97 13 0 
9 19 277 107 0 
13 32 53 1 0 
6 14 249 43 28 
0 136 106 126 5 
0 8 172 27 0 
2 294 84 103 0 
0 57 232 59 0 
2 75 454 38 0 
0 59 66 188 0 
15 60 70 76 0 
20 9 117 28 0 
0 147 17 210 0 
34 58 303 20 0 
22 103 162 63 0 
9 135 2 196 18 
0 104 127 22 0 
1 138 244 56 0 
0 239 162 38 0 
9 106 198 5 0 
17 36 143 196 0 
5 56 53 89 0 
0 0 110 70 0 
8 250 164 14 0 
0 98 117 324 0 
3 21 372 13 0 
0 72 296 63 5 
27 30 48 132 0 
0 51 80 2 0 
1 26 233 188 0 
0 27 189 178 0 
0 27 44 71 0 
1 54 233 6 0 
1 122 13 366 0 
16 171 15 58 0 
0 89 345 271 0 
27 350 281 84 0 
1 25 142 45 0 
0 5 202 52 0 
13 212 106 1 0 
0 25 1 17 0 
5 20 51 17 0 
0 64 142 1 0 
6 55 40 44 0 
0 49 285 153 0 
4 4 198 4 0 
6 0 60 77 0 
13 25 238 62 0 
2 24 283 86 0 
1 30 157 67 0 
22 89 97 31 0 
0 91 97 40 0 
0 89 70 1 0 
16 97 47 37 0 
1 74 170 139 0 
0 2 400 20 0 
3 97 159 0 0 
27 63 229 45 0 
0 17 176 98 0 
3 24 72 0 0 
1 44 107 78 0 
0 0 46 82 0 
2 9 106 242 0 
44 11 86 27 0 
0 46 42 85 0 
0 49 331 0 0 
5 51 127 244 0 
0 0 27 16 17 
1 18 119 6 0 
0 63 80 1 266 
1 140 246 104 0 
5 6 132 1 3 
20 18 176 52 0 
0 106 275 31 0 
0 41 83 40 0 
0 56 99 45 0 
1 63 203 0 0 
0 7 222 1 0 
18 114 205 4 0 
14 315 83 20 0 
0 44 236 17 0 
0 239 374 31 0 
2 127 53 128 238 
0 24 47 143 0 
1 6 145 56 0 
0 1 194 9 0 
0 111 206 306 0 
55 5 25 76 0 
0 22 298 0 0 
0 179 281 13 2 
1 85 43 19 0 
1 103 273 0 0 
1 148 136 51 0 
4 31 16 40 0 
0 34 52 118 0 
0 4 62 63 0 
0 19 91 141 20 
4 0 117 0 150 
3 330 51 0 0 
0 164 22 63 0 
27 34 165 0 3 
4 56 77 92 1 
0 59 318 292 0 
8 40 517 112 0 
1 193 472 17 0 
39 114 60 53 0 
2 33 174 0 0 
1 0 91 163 0 
0 37 172 88 0 
0 35 216 32 0 
0 217 39 27 0 
0 210 94 267 0 
7 52 226 54 0 
0 86 210 103 0 
0 42 299 29 1 
0 13 217 183 0 
2 71 113 93 0 
10 74 42 1 0 
0 8 176 164 0 
28 12 116 37 0 
1 24 117 29 0 
15 10 116 383 0 
95 2 69 294 0 
1 52 154 91 0 
0 16 165 38 0 
0 109 41 34 0 
0 108 142 23 0 
11 34 102 60 0 
0 52 230 64 0 
1 21 108 221 0 
1 146 57 7 0 
0 87 304 13 0 
2 5 167 46 0 
3 26 129 17 0 
9 29 115 88 14 
7 15 382 23 12 
2 52 248 2 0 
0 19 63 303 0 
1 128 175 2 0 
0 0 364 73 0 
0 127 273 57 0 
0 92 73 156 0 
0 216 798 0 0 
19 165 26 71 0 
12 25 111 98 0 
60 46 107 46 1 
43 38 123 152 0 
0 26 219 201 0 
1 202 76 66 0 
0 58 34 129 0 
0 142 116 163 0 
0 24 356 52 43 
0 68 385 45 0 
43 3 134 20 0 
74 94 36 53 0 
8 4 548 83 0 
0 4 156 0 0 
0 98 123 2 0 
4 68 13 21 0 
13 1 56 166 0 
0 10 331 6 0 
39 192 69 17 0 
2 5 95 5 8 
22 3 244 7 0 
0 137 169 0 0 
0 143 416 105 0 
52 16 235 186 11 
0 60 412 22 0 
0 206 222 0 0 
1 258 182 108 0 
5 2 64 300 0 
0 25 145 49 0 
4 34 167 3 5 
0 110 5 55 0 
0 69 156 52 0 
1 84 247 27 0 
0 1 92 18 80 
27 56 109 77 0 
8 55 11 15 0 
0 18 208 326 0 
15 415 64 5 0 
0 86 330 159 0 
31 97 62 73 0 
60 195 235 44 1 
0 30 501 42 0 
0 0 371 36 0 
0 7 329 0 0 
32 29 112 78 0 
0 0 95 120 0 
30 23 183 47 0 
0 143 211 48 0 
16 37 238 21 0 
10 41 230 7 0 
17 53 192 58 0 
5 38 191 41 0 
0 57 105 55 0 
0 22 209 18 33 
0 44 41 102 23 
0 20 13 315 110 
0 110 119 130 44 
57 21 81 33 0 
1 181 121 27 0 
2 17 431 185 0 
0 0 97 59 0 
0 42 98 24 0 
1 197 82 15 0 
1 67 103 355 0 
24 47 138 13 0 
0 75 73 134 0 
0 68 184 20 0 
0 137 126 137 0 
3 285 51 23 0 
21 132 221 61 0 
6 6 97 56 54 
0 132 168 136 31 
2 16 475 0 0 
0 48 40 1 0 
0 5 169 33 94 
8 89 343 0 0 
1 159 138 75 0 
0 121 229 8 0 
0 117 512 14 0 
1 57 248 16 0 
0 40 217 12 0 
31 20 11 48 27 
0 48 234 131 0 
0 267 24 278 0 
0 64 110 128 0 
0 111 184 10 0 
0 81 98 126 0 
1 0 313 8 0 
0 65 309 15 0 
0 55 230 2 0 
15 1 180 134 0 
0 282 79 1 0 
14 23 313 103 0 
15 32 76 128 0 
2 3 161 45 0 
0 22 138 96 0 
0 57 48 35 0 
26 160 100 31 0 
0 85 352 75 0 
16 70 169 12 0 
12 30 175 52 0 
0 62 382 84 0 
21 28 125 93 0 
64 3 209 59 0 
30 8 46 156 0 
0 28 192 182 0 
0 160 193 119 0 
0 68 217 0 0 
2 36 137 0 1 
10 18 149 30 0 
0 77 50 134 0 
3 10 354 176 0 
0 140 308 3 0 
35 189 220 5 9 
0 32 178 61 0 
2 14 163 38 5 
0 65 90 84 0 
0 0 107 317 0 
4 42 160 79 0 
0 25 166 1 0 
0 30 157 210 0 
0 51 67 33 0 
0 5 343 77 27 
36 44 339 83 0 
0 30 62 18 0 
2 0 240 14 0 
0 0 115 123 0 
0 63 59 0 0 
3 22 70 110 0 
0 27 138 192 1 
28 194 36 25 0 
10 19 28 2 0 
13 26 125 103 0 
0 31 257 13 0 
0 92 95 20 0 
0 2 103 19 8 
1 11 200 11 1 
0 66 148 39 0 
25 7 169 61 0 
0 62 102 5 0 
8 39 88 51 0 
20 9 368 27 0 
0 56 178 46 0 
0 4 445 1 0 
16 251 47 173 0 
1 40 233 198 0 
6 114 442 0 0 
4 19 25 40 0 
1 30 257 20 0 
64 0 2 10 0 
0 5 189 28 0 
0 173 200 202 0 
29 57 188 5 0 
3 47 105 0 0 
5 100 118 20 0 
0 51 41 22 177 
0 32 74 40 1 
26 23 15 486 0 
3 12 239 2 3 
20 0 92 9 0 
2 33 303 18 0 
28 29 104 32 0 
9 18 47 0 0 
0 58 265 0 5 
0 320 271 0 0 
14 53 185 31 0 
1 116 332 90 0 
1 90 281 42 0 
0 1 156 140 0 
0 30 136 87 0 
0 77 74 23 0 
0 47 54 264 0 
4 197 111 12 0 
0 140 143 7 0 
74 38 362 76 0 
22 60 376 1 0 
23 142 175 82 0 
0 61 132 80 0 
0 49 88 143 0 
54 121 125 0 0 
1 38 540 55 0 
14 180 261 0 0 
13 112 110 12 21 
0 103 133 138 0 
0 44 44 122 0 
0 171 94 38 0 
0 63 341 113 0 
15 245 201 103 0 
20 27 285 16 0 
0 49 332 9 0 
3 256 232 17 0 
6 134 431 23 30 
8 23 227 72 0 
9 8 343 21 0 
0 104 194 30 0 
6 32 58 60 23 
0 17 165 146 0 
18 610 130 244 0 
12 195 159 66 0 
0 44 77 1 0 
0 48 399 281 0 
0 147 170 9 0 
59 2 62 22 1 
0 4 104 42 0 
99 124 18 15 0 
0 76 103 109 0 
0 48 372 125 0 
2 162 247 116 0 
2 73 295 55 0 
