587 233 180 
407 241 352 
525 279 196 
536 277 187 
566 218 216 
504 245 251 
581 228 191 
494 289 217 
503 235 262 
463 234 303 
505 261 234 
499 322 179 
476 271 253 
513 251 236 
496 270 234 
545 200 255 
631 192 177 
505 215 280 
509 289 202 
503 276 221 
483 251 266 
498 247 255 
498 282 220 
560 251 189 
498 234 268 
598 212 190 
482 270 248 
546 190 264 
507 306 187 
485 249 266 
534 295 171 
625 218 157 
498 251 251 
571 242 187 
525 209 266 
545 213 242 
603 219 178 
488 300 212 
510 240 250 
529 270 201 
543 237 220 
506 257 237 
547 261 192 
531 250 219 
558 222 220 
546 290 164 
510 244 246 
543 242 215 
551 280 169 
524 263 213 
458 193 349 
555 256 189 
510 275 215 
585 250 165 
519 225 256 
572 213 215 
508 304 188 
540 255 205 
556 243 201 
533 244 223 
542 225 233 
540 231 229 
458 254 288 
618 216 166 
523 277 200 
517 243 240 
512 274 214 
510 261 229 
594 200 206 
488 241 271 
547 262 191 
536 254 210 
508 268 224 
515 263 222 
577 271 152 
562 244 194 
486 215 299 
562 228 210 
471 271 258 
569 267 164 
579 251 170 
447 234 319 
598 234 168 
514 233 253 
516 284 200 
511 308 181 
549 228 223 
549 196 255 
422 267 311 
480 226 294 
494 251 255 
565 243 192 
557 217 226 
571 206 223 
521 254 225 
553 256 191 
521 260 219 
525 221 254 
496 250 254 
591 243 166 
565 255 180 
471 243 286 
577 264 159 
491 287 222 
539 253 208 
634 207 159 
541 239 220 
579 248 173 
565 256 179 
503 305 192 
511 247 242 
502 278 220 
513 260 227 
520 257 223 
560 240 200 
597 214 189 
574 224 202 
484 249 267 
561 227 212 
519 261 220 
580 242 178 
551 296 153 
494 313 193 
559 260 181 
434 250 316 
596 206 198 
523 260 217 
547 217 236 
555 194 251 
546 270 184 
478 292 230 
605 222 173 
549 228 223 
537 291 172 
617 270 113 
544 257 199 
522 174 304 
486 240 274 
410 236 354 
532 241 227 
524 289 187 
566 245 189 
502 276 222 
528 248 224 
517 252 231 
540 250 210 
508 292 200 
560 205 235 
641 225 134 
475 212 313 
503 273 224 
564 213 223 
522 291 187 
400 290 310 
520 316 164 
498 249 253 
494 239 267 
521 224 255 
523 276 201 
504 243 253 
590 243 167 
536 268 196 
483 240 277 
556 255 189 
586 223 191 
582 234 184 
578 272 150 
504 257 239 
542 250 208 
552 302 146 
532 302 166 
490 246 264 
502 264 234 
490 247 263 
484 243 273 
550 237 213 
571 266 163 
541 298 161 
474 284 242 
525 264 211 
533 247 220 
504 231 265 
482 261 257 
612 227 161 
502 268 230 
509 288 203 
552 239 209 
527 190 283 
521 270 209 
545 243 212 
511 260 229 
412 238 350 
562 241 197 
526 299 175 
524 263 213 
505 279 216 
484 259 257 
517 184 299 
581 204 215 
617 207 176 
590 223 187 
453 263 284 
470 227 303 
410 237 353 
516 231 253 
460 249 291 
565 227 208 
603 227 170 
505 246 249 
604 205 191 
494 263 243 
555 254 191 
545 227 228 
530 260 210 
507 269 224 
490 239 271 
478 267 255 
614 220 166 
486 220 294 
485 252 263 
582 228 190 
538 222 240 
650 226 124 
535 273 192 
556 271 173 
563 216 221 
491 299 210 
581 207 212 
512 292 196 
523 278 199 
440 227 333 
515 263 222 
586 231 183 
531 258 211 
483 239 278 
491 256 253 
538 247 215 
503 296 201 
554 252 194 
594 227 179 
551 283 166 
496 305 199 
561 258 181 
521 244 235 
490 260 250 
536 243 221 
490 245 265 
529 209 262 
533 250 217 
548 255 197 
493 291 216 
502 223 275 
583 225 192 
474 212 314 
540 262 198 
470 266 264 
524 304 172 
510 256 234 
450 290 260 
528 189 283 
515 267 218 
510 310 180 
587 260 153 
560 277 163 
539 275 186 
560 231 209 
523 261 216 
558 210 232 
600 229 171 
569 224 207 
599 224 177 
590 240 170 
538 274 188 
548 247 205 
576 250 174 
471 275 254 
506 251 243 
510 304 186 
509 232 259 
628 210 162 
546 224 230 
531 272 197 
599 225 176 
563 237 200 
486 247 267 
481 309 210 
473 266 261 
464 282 254 
518 288 194 
489 267 244 
547 242 211 
517 282 201 
553 240 207 
521 247 232 
585 156 259 
594 228 178 
543 230 227 
531 198 271 
516 260 224 
514 286 200 
564 283 153 
603 252 145 
539 233 228 
455 261 284 
522 264 214 
588 230 182 
546 277 177 
537 265 198 
570 281 149 
558 226 216 
490 231 279 
465 223 312 
511 200 289 
536 229 235 
437 239 324 
547 255 198 
494 236 270 
533 275 192 
511 286 203 
545 246 209 
524 245 231 
555 239 206 
516 262 222 
529 243 228 
499 262 239 
573 257 170 
523 228 249 
623 242 135 
536 266 198 
540 244 216 
498 262 240 
525 225 250 
516 237 247 
610 223 167 
509 218 273 
554 212 234 
509 207 284 
540 273 187 
518 244 238 
529 253 218 
485 201 314 
517 263 220 
531 266 203 
509 259 232 
610 199 191 
546 223 231 
496 189 315 
475 255 270 
589 242 169 
547 229 224 
580 279 141 
594 246 160 
573 242 185 
566 265 169 
479 257 264 
540 281 179 
567 222 211 
509 256 235 
564 270 166 
468 252 280 
475 266 259 
525 197 278 
502 253 245 
469 288 243 
561 224 215 
569 226 205 
569 276 155 
569 286 145 
446 252 302 
475 250 275 
493 248 259 
549 240 211 
589 233 178 
580 226 194 
580 247 173 
582 255 163 
459 222 319 
513 230 257 
544 244 212 
568 238 194 
475 295 230 
413 227 360 
630 208 162 
525 215 260 
499 237 264 
461 214 325 
489 245 266 
561 245 194 
547 275 178 
477 227 296 
474 285 241 
498 252 250 
526 260 214 
481 223 296 
525 244 231 
438 270 292 
515 268 217 
517 248 235 
492 203 305 
487 270 243 
549 254 197 
543 261 196 
538 286 176 
565 304 131 
508 276 216 
562 259 179 
511 237 252 
428 280 292 
575 218 207 
544 268 188 
579 212 209 
595 268 137 
534 222 244 
576 252 172 
541 243 216 
500 286 214 
508 243 249 
528 257 215 
449 271 280 
508 279 213 
479 261 260 
487 292 221 
529 271 200 
616 228 156 
506 198 296 
491 294 215 
511 282 207 
580 259 161 
547 204 249 
622 221 157 
522 255 223 
487 253 260 
560 264 176 
537 227 236 
559 231 210 
503 270 227 
479 201 320 
533 240 227 
477 259 264 
544 264 192 
480 253 267 
527 275 198 
445 298 257 
534 261 205 
517 312 171 
440 221 339 
565 258 177 
455 276 269 
544 300 156 
532 228 240 
422 262 316 
555 224 221 
498 234 268 
523 258 219 
440 214 346 
497 232 271 
536 227 237 
568 168 264 
488 289 223 
549 230 221 
557 235 208 
527 240 233 
532 252 216 
554 199 247 
548 307 145 
534 240 226 
534 253 213 
512 242 246 
486 206 308 
545 240 215 
612 235 153 
572 251 177 
597 176 227 
524 215 261 
436 225 339 
520 263 217 
561 241 198 
520 284 196 
531 254 215 
551 224 225 
524 249 227 
536 218 246 
584 237 179 
542 218 240 
490 326 184 
561 250 189 
539 263 198 
456 286 258 
448 269 283 
519 239 242 
453 221 326 
545 276 179 
569 250 181 
550 241 209 
476 248 276 
483 217 300 
553 247 200 
501 244 255 
561 275 164 
486 277 237 
463 268 269 
543 257 200 
594 215 191 
524 238 238 
525 274 201 
566 194 240 
551 154 295 
533 271 196 
637 197 166 
542 209 249 
532 214 254 
663 191 146 
548 231 221 
526 282 192 
524 268 208 
531 248 221 
585 231 184 
544 235 221 
472 225 303 
564 242 194 
507 220 273 
565 204 231 
515 194 291 
574 239 187 
552 277 171 
560 272 168 
423 250 327 
536 233 231 
504 288 208 
494 253 253 
552 294 154 
523 268 209 
520 244 236 
563 304 133 
535 300 165 
502 228 270 
594 205 201 
468 242 290 
508 286 206 
514 232 254 
505 293 202 
570 242 188 
568 212 220 
488 223 289 
619 215 166 
521 213 266 
525 250 225 
554 262 184 
576 243 181 
587 251 162 
563 232 205 
447 260 293 
496 249 255 
437 271 292 
496 267 237 
554 184 262 
530 258 212 
581 235 184 
491 228 281 
510 257 233 
545 255 200 
473 264 263 
544 278 178 
467 299 234 
587 229 184 
539 232 229 
588 239 173 
497 251 252 
522 219 259 
516 235 249 
519 286 195 
556 226 218 
505 270 225 
549 247 204 
531 234 235 
509 257 234 
512 214 274 
588 234 178 
551 213 236 
554 217 229 
509 279 212 
438 247 315 
566 236 198 
621 237 142 
582 242 176 
476 184 340 
525 244 231 
542 245 213 
644 206 150 
581 251 168 
493 252 255 
550 262 188 
535 283 182 
518 275 207 
494 297 209 
517 235 248 
558 284 158 
506 306 188 
543 217 240 
428 202 370 
557 235 208 
537 297 166 
541 256 203 
514 244 242 
506 230 264 
581 268 151 
617 234 149 
598 233 169 
490 252 258 
484 252 264 
552 254 194 
545 298 157 
466 288 246 
631 223 146 
455 272 273 
393 241 366 
476 269 255 
560 214 226 
491 259 250 
534 255 211 
566 273 161 
590 206 204 
519 220 261 
528 293 179 
581 207 212 
505 279 216 
525 312 163 
477 213 310 
419 251 330 
469 237 294 
556 307 137 
500 244 256 
603 222 175 
491 240 269 
580 284 136 
576 235 189 
577 238 185 
536 255 209 
502 225 273 
474 252 274 
595 232 173 
523 265 212 
531 262 207 
510 232 258 
491 267 242 
503 250 247 
540 195 265 
450 236 314 
565 218 217 
535 271 194 
493 239 268 
517 304 179 
603 185 212 
550 193 257 
657 214 129 
562 241 197 
528 257 215 
579 241 180 
535 253 212 
544 247 209 
536 244 220 
573 253 174 
597 218 185 
500 231 269 
597 192 211 
477 241 282 
453 215 332 
513 273 214 
453 292 255 
454 263 283 
528 254 218 
505 242 253 
472 263 265 
588 233 179 
499 241 260 
523 245 232 
509 218 273 
557 234 209 
583 245 172 
601 226 173 
586 273 141 
555 247 198 
537 267 196 
635 178 187 
541 307 152 
521 241 238 
434 293 273 
577 239 184 
561 215 224 
540 236 224 
581 231 188 
548 250 202 
542 227 231 
620 185 195 
495 236 269 
457 242 301 
528 264 208 
448 201 351 
568 240 192 
472 274 254 
526 239 235 
507 297 196 
474 233 293 
549 204 247 
468 283 249 
519 269 212 
510 258 232 
496 246 258 
515 269 216 
509 298 193 
533 279 188 
612 206 182 
545 247 208 
586 263 151 
532 275 193 
533 244 223 
544 256 200 
426 278 296 
539 215 246 
479 279 242 
477 270 253 
572 265 163 
477 248 275 
611 211 178 
564 245 191 
528 261 211 
596 237 167 
525 291 184 
571 261 168 
506 235 259 
516 228 256 
583 280 137 
556 207 237 
525 268 207 
438 212 350 
511 261 228 
483 234 283 
560 242 198 
434 250 316 
551 230 219 
542 216 242 
520 267 213 
506 282 212 
538 260 202 
440 276 284 
617 240 143 
506 192 302 
539 219 242 
535 273 192 
558 236 206 
524 264 212 
528 227 245 
485 281 234 
544 197 259 
491 234 275 
482 293 225 
617 218 165 
612 212 176 
518 230 252 
466 281 253 
523 272 205 
487 234 279 
499 239 262 
549 282 169 
459 283 258 
466 290 244 
552 288 160 
480 280 240 
529 226 245 
566 228 206 
576 232 192 
535 227 238 
506 262 232 
507 213 280 
617 206 177 
552 201 247 
561 247 192 
472 273 255 
486 258 256 
509 229 262 
472 239 289 
508 266 226 
546 232 222 
553 230 217 
640 200 160 
544 274 182 
443 240 317 
523 266 211 
496 297 207 
567 231 202 
554 266 180 
451 256 293 
520 258 222 
475 295 230 
562 232 206 
551 181 268 
547 225 228 
546 250 204 
521 260 219 
589 233 178 
562 287 151 
526 224 250 
475 243 282 
532 214 254 
474 296 230 
534 255 211 
579 209 212 
540 239 221 
501 250 249 
475 263 262 
496 227 277 
496 224 280 
505 255 240 
478 252 270 
512 261 227 
550 232 218 
457 231 312 
479 219 302 
534 200 266 
571 140 289 
520 216 264 
463 233 304 
542 270 188 
547 246 207 
540 249 211 
531 293 176 
471 211 318 
541 282 177 
516 255 229 
531 248 221 
517 246 237 
529 222 249 
502 238 260 
495 278 227 
512 264 224 
578 242 180 
544 214 242 
535 232 233 
524 273 203 
574 239 187 
504 234 262 
541 277 182 
484 237 279 
509 243 248 
541 248 211 
582 194 224 
530 273 197 
573 219 208 
535 242 223 
562 226 212 
472 203 325 
530 241 229 
539 224 237 
500 250 250 
402 296 302 
507 261 232 
513 240 247 
516 303 181 
521 285 194 
390 177 433 
453 302 245 
541 179 280 
606 240 154 
512 195 293 
510 248 242 
431 274 295 
537 240 223 
512 196 292 
621 226 153 
493 322 185 
526 247 227 
478 233 289 
517 274 209 
459 238 303 
520 217 263 
486 314 200 
519 258 223 
535 235 230 
564 227 209 
533 247 220 
563 276 161 
443 270 287 
559 238 203 
400 232 368 
463 288 249 
478 326 196 
570 229 201 
541 234 225 
497 273 230 
551 213 236 
545 267 188 
459 262 279 
577 220 203 
554 233 213 
477 228 295 
532 205 263 
508 258 234 
565 214 221 
466 277 257 
507 272 221 
545 276 179 
579 216 205 
486 263 251 
546 269 185 
527 252 221 
418 272 310 
474 258 268 
559 239 202 
557 195 248 
534 270 196 
516 242 242 
489 278 233 
485 253 262 
609 225 166 
521 232 247 
583 212 205 
603 189 208 
509 255 236 
534 256 210 
526 274 200 
491 214 295 
478 216 306 
475 278 247 
459 278 263 
586 218 196 
539 246 215 
564 219 217 
497 262 241 
471 272 257 
534 256 210 
499 246 255 
538 246 216 
518 271 211 
425 264 311 
621 187 192 
589 273 138 
534 265 201 
580 261 159 
496 176 328 
527 255 218 
562 193 245 
576 263 161 
574 258 168 
551 272 177 
483 276 241 
492 273 235 
474 286 240 
484 262 254 
464 226 310 
552 266 182 
591 247 162 
419 297 284 
515 246 239 
561 243 196 
534 241 225 
559 201 240 
589 203 208 
554 214 232 
461 276 263 
569 281 150 
491 242 267 
519 274 207 
503 257 240 
494 243 263 
472 226 302 
551 290 159 
526 253 221 
477 283 240 
586 233 181 
511 251 238 
475 244 281 
467 280 253 
474 254 272 
576 272 152 
508 234 258 
576 222 202 
507 319 174 
551 246 203 
502 251 247 
602 205 193 
564 221 215 
553 242 205 
459 308 233 
562 223 215 
521 257 222 
530 259 211 
565 262 173 
566 225 209 
486 246 268 
469 288 243 
558 220 222 
536 237 227 
565 232 203 
457 199 344 
543 252 205 
491 205 304 
548 226 226 
555 283 162 
528 243 229 
418 223 359 
