0 40 137 
0 25 136 
0 12 150 
0 19 97 
0 21 289 
0 8 43 
0 30 80 
0 33 67 
0 33 69 
0 40 60 
0 35 95 
0 40 69 
0 12 128 
0 25 104 
0 44 88 
0 32 59 
0 34 76 
0 74 100 
0 20 40 
0 28 81 
0 21 59 
0 17 88 
0 40 24 
0 7 97 
0 26 104 
0 35 165 
0 30 73 
0 7 57 
0 13 49 
0 8 132 
0 18 94 
0 56 137 
0 27 223 
0 45 73 
0 19 91 
0 13 60 
0 42 60 
0 42 62 
0 4 32 
0 10 68 
0 10 81 
0 24 106 
0 40 147 
0 42 104 
0 14 95 
0 58 107 
0 19 143 
0 58 83 
0 77 43 
0 37 83 
0 70 64 
0 38 74 
0 6 165 
0 36 72 
0 28 110 
0 49 23 
0 20 62 
0 35 58 
0 12 112 
0 71 91 
0 41 70 
0 20 84 
0 53 95 
0 26 91 
0 20 93 
0 23 187 
0 65 179 
0 44 142 
0 21 80 
0 14 78 
0 14 156 
0 80 50 
0 46 48 
0 69 122 
0 7 60 
0 37 95 
0 23 118 
0 14 79 
0 10 90 
0 34 86 
0 27 118 
0 9 138 
0 19 63 
0 51 70 
0 39 92 
0 40 77 
0 30 125 
0 60 90 
0 46 42 
0 34 78 
0 21 116 
0 66 45 
0 32 136 
0 13 40 
0 4 140 
0 29 63 
0 48 78 
0 14 90 
0 14 140 
0 16 148 
0 29 139 
0 25 65 
0 28 126 
0 37 147 
0 34 61 
0 17 154 
0 52 98 
0 48 102 
0 14 99 
0 44 49 
0 28 104 
0 31 144 
0 31 180 
0 7 111 
0 14 73 
0 27 160 
0 84 113 
0 19 111 
0 25 65 
0 33 88 
0 6 46 
0 33 45 
0 17 41 
0 23 99 
0 13 69 
0 18 73 
0 23 82 
0 26 123 
0 36 71 
0 30 129 
0 4 74 
0 50 44 
0 22 109 
0 11 114 
0 23 69 
0 55 61 
0 21 132 
0 18 67 
0 24 82 
0 37 86 
0 34 123 
0 54 81 
0 31 61 
0 20 149 
0 20 65 
0 52 64 
0 34 39 
0 2 105 
0 38 104 
0 28 45 
0 17 201 
0 37 84 
0 18 104 
0 55 79 
0 22 108 
0 29 47 
0 17 97 
0 11 129 
0 24 131 
0 18 97 
0 29 54 
0 66 92 
0 28 81 
0 25 34 
0 59 103 
0 65 135 
0 48 163 
0 67 60 
0 33 237 
0 21 74 
0 28 127 
0 14 80 
0 17 67 
0 43 134 
0 47 76 
0 9 82 
0 23 93 
0 30 28 
0 6 97 
0 46 79 
0 7 99 
0 34 71 
0 34 123 
0 37 99 
0 41 165 
0 42 55 
0 19 53 
0 24 38 
0 21 36 
0 34 34 
0 23 82 
0 37 133 
0 6 78 
0 20 121 
0 56 43 
0 4 77 
0 16 118 
0 11 36 
0 27 58 
0 18 107 
0 20 65 
0 5 40 
0 65 85 
0 49 72 
0 48 43 
0 7 99 
0 34 126 
0 47 78 
0 29 47 
0 22 93 
0 22 120 
0 73 123 
0 24 150 
0 22 68 
0 12 86 
0 34 122 
0 21 46 
0 57 57 
0 14 108 
0 67 135 
0 95 85 
0 18 145 
0 39 62 
0 74 122 
0 36 83 
0 7 82 
0 7 95 
0 57 44 
0 15 105 
0 34 79 
0 52 98 
0 18 94 
0 13 136 
0 32 70 
0 29 84 
0 27 82 
0 28 84 
0 13 106 
0 61 128 
0 25 75 
0 7 108 
0 23 103 
0 29 108 
0 22 78 
0 27 103 
0 26 131 
0 57 109 
0 12 121 
0 32 90 
0 43 30 
0 39 97 
0 7 63 
0 39 80 
0 22 65 
0 28 148 
0 18 52 
0 31 101 
0 10 184 
0 36 249 
0 38 74 
0 22 84 
0 59 72 
0 9 143 
0 54 122 
0 20 129 
0 5 26 
0 11 75 
0 9 54 
0 3 139 
0 30 61 
0 48 87 
0 30 98 
0 68 98 
0 8 83 
0 17 104 
0 34 88 
0 23 93 
0 39 141 
0 14 86 
0 10 48 
0 29 64 
0 15 41 
0 25 39 
0 19 28 
0 11 95 
0 12 38 
0 29 104 
0 34 115 
0 67 69 
0 57 79 
0 38 118 
0 31 42 
0 14 108 
0 17 70 
0 39 146 
0 62 76 
0 17 225 
0 24 156 
0 17 162 
0 47 44 
0 8 57 
0 46 155 
0 16 39 
0 19 75 
0 17 117 
0 23 66 
0 31 143 
0 24 40 
0 21 105 
0 15 95 
0 23 50 
0 33 75 
0 16 46 
0 13 84 
0 74 173 
0 15 114 
0 29 60 
0 8 58 
0 8 100 
0 5 62 
0 37 101 
0 36 101 
0 21 71 
0 16 87 
0 67 81 
0 31 86 
0 11 29 
0 29 59 
0 25 66 
0 51 26 
0 41 119 
0 20 105 
0 17 60 
0 23 79 
0 61 111 
0 23 56 
0 51 84 
0 12 42 
0 17 205 
0 34 93 
0 48 85 
0 47 93 
0 12 40 
0 12 69 
0 48 81 
0 58 143 
0 17 88 
0 18 115 
0 28 11 
0 34 162 
0 37 106 
0 19 49 
0 27 192 
0 31 8 
0 30 102 
0 60 78 
0 39 177 
0 42 138 
0 26 92 
0 5 112 
0 27 117 
0 25 71 
0 24 57 
0 30 130 
0 39 79 
0 3 44 
0 29 156 
0 32 63 
0 66 110 
0 29 162 
0 29 86 
0 22 61 
0 56 49 
0 39 89 
0 12 89 
0 22 26 
0 44 105 
0 16 140 
0 36 146 
0 73 59 
0 33 139 
0 43 78 
0 7 92 
0 20 154 
0 20 57 
0 11 97 
0 70 107 
0 54 161 
0 18 122 
0 39 146 
0 12 73 
0 19 89 
0 8 108 
0 49 17 
0 38 56 
0 29 138 
0 18 155 
0 30 102 
0 36 102 
0 33 136 
0 26 62 
0 1 37 
0 33 81 
0 12 52 
0 15 107 
0 46 85 
0 39 109 
0 48 61 
0 21 123 
0 35 45 
0 37 110 
0 48 100 
0 36 93 
0 57 92 
0 53 116 
0 13 102 
0 41 117 
0 7 102 
0 21 66 
0 12 125 
0 6 147 
0 26 85 
0 21 43 
0 9 99 
0 20 51 
0 30 105 
0 42 50 
0 58 99 
0 25 44 
0 14 29 
0 44 63 
0 4 123 
0 13 170 
0 25 101 
0 39 62 
0 44 97 
0 20 248 
0 27 158 
0 27 95 
0 34 95 
0 32 127 
0 33 98 
0 25 86 
0 8 47 
0 25 41 
0 31 118 
0 28 80 
0 2 102 
0 13 122 
0 20 31 
0 20 175 
0 38 74 
0 43 234 
0 13 81 
0 16 182 
0 34 184 
0 33 60 
0 20 100 
0 21 86 
0 5 40 
0 3 99 
0 38 124 
0 23 126 
0 8 68 
0 25 50 
0 33 84 
0 37 89 
0 39 93 
0 4 113 
0 13 57 
0 15 95 
0 1 151 
0 47 128 
0 35 66 
0 21 76 
0 8 72 
0 33 62 
0 31 133 
0 31 60 
0 39 128 
0 4 112 
0 26 42 
0 38 71 
0 22 104 
0 32 65 
0 19 70 
0 27 98 
0 25 46 
0 49 90 
0 4 123 
0 14 77 
0 25 49 
0 61 143 
0 35 95 
0 40 74 
0 25 96 
0 14 153 
0 27 42 
0 14 63 
0 10 76 
0 25 48 
0 48 68 
0 39 67 
0 12 28 
0 33 89 
0 12 112 
0 50 84 
0 14 40 
0 14 127 
0 16 199 
0 33 95 
0 56 85 
0 55 103 
0 23 187 
0 13 93 
0 19 45 
0 22 163 
0 27 127 
0 46 62 
0 27 80 
0 36 148 
0 42 110 
0 46 94 
0 11 96 
0 18 73 
0 28 40 
0 29 49 
0 11 54 
0 17 19 
0 7 174 
0 12 57 
0 39 144 
0 50 89 
0 38 102 
0 35 92 
0 25 81 
0 49 34 
0 22 80 
0 12 74 
0 58 131 
0 5 69 
0 33 83 
0 8 69 
0 41 69 
0 26 109 
0 15 72 
0 19 75 
0 5 32 
0 18 62 
0 15 157 
0 10 121 
0 17 94 
0 30 59 
0 13 152 
0 24 92 
0 25 113 
0 13 136 
0 68 46 
0 20 53 
0 39 61 
0 0 81 
0 11 95 
0 36 38 
0 43 100 
0 48 90 
0 40 74 
0 4 94 
0 3 66 
0 18 78 
0 25 47 
0 35 95 
0 15 99 
0 18 113 
0 68 103 
0 21 102 
0 47 116 
0 29 98 
0 19 39 
0 22 85 
0 15 97 
0 21 96 
0 22 72 
0 38 129 
0 46 96 
0 5 103 
0 38 88 
0 31 101 
0 40 176 
0 5 200 
0 21 59 
0 24 79 
0 30 137 
0 39 45 
0 9 60 
0 19 187 
0 26 58 
0 32 72 
0 57 117 
0 47 76 
0 16 77 
0 45 133 
0 14 61 
0 42 112 
0 32 80 
0 8 115 
0 32 18 
0 40 96 
0 40 102 
0 22 109 
0 31 53 
0 57 65 
0 26 99 
0 5 75 
0 18 182 
0 8 124 
0 29 115 
0 21 137 
0 16 34 
0 30 67 
0 36 102 
0 27 96 
0 10 47 
0 32 108 
0 34 41 
0 44 65 
0 8 108 
0 25 54 
0 24 105 
0 26 81 
0 13 75 
0 48 34 
0 51 93 
0 38 117 
0 15 57 
0 23 93 
0 5 127 
0 24 121 
0 12 59 
0 18 77 
0 21 11 
0 47 105 
0 33 123 
0 31 107 
0 15 73 
0 50 96 
0 22 63 
0 24 96 
0 29 98 
0 6 114 
0 27 82 
0 39 31 
0 34 58 
0 33 51 
0 33 92 
0 18 63 
0 49 84 
0 21 50 
0 24 93 
0 37 118 
0 44 74 
0 11 80 
0 56 86 
0 0 152 
0 44 39 
0 24 181 
0 16 103 
0 32 61 
0 8 107 
0 22 150 
0 51 125 
0 53 53 
0 9 163 
0 23 124 
0 30 57 
0 31 39 
0 22 84 
0 12 91 
0 18 107 
0 11 70 
0 49 142 
0 45 63 
0 55 69 
0 44 88 
0 45 47 
0 21 81 
0 22 119 
0 24 82 
0 3 142 
0 11 70 
0 14 59 
0 37 40 
0 4 101 
0 11 116 
0 24 156 
0 33 69 
0 53 70 
0 32 79 
0 16 76 
0 11 71 
0 18 211 
0 2 111 
0 29 192 
0 20 133 
0 46 69 
0 13 146 
0 17 100 
0 25 110 
0 43 186 
0 29 47 
0 24 105 
0 7 82 
0 10 178 
0 19 127 
0 21 78 
0 34 78 
0 7 203 
0 17 101 
0 25 155 
0 7 86 
0 40 48 
0 31 73 
0 19 42 
0 38 128 
0 51 160 
0 0 269 
0 20 135 
0 17 83 
0 30 110 
0 21 44 
0 23 102 
0 22 77 
0 48 129 
0 34 63 
0 26 102 
0 33 101 
0 37 63 
0 27 130 
0 26 121 
0 40 116 
0 8 26 
0 11 94 
0 15 102 
0 4 59 
0 45 158 
0 63 170 
0 8 143 
0 27 67 
0 21 88 
0 34 115 
0 36 50 
0 8 80 
0 63 58 
0 31 150 
0 34 100 
0 38 54 
0 19 105 
0 33 76 
0 51 69 
0 17 62 
0 12 89 
0 64 51 
0 35 53 
0 37 51 
0 38 48 
0 23 83 
0 27 63 
0 30 100 
0 12 146 
0 31 64 
0 41 42 
0 4 105 
0 19 51 
0 25 35 
0 23 140 
0 12 89 
0 40 85 
0 31 140 
0 27 93 
0 17 112 
0 10 30 
0 2 96 
0 28 92 
0 15 47 
0 20 61 
0 28 146 
0 30 217 
0 41 124 
0 55 81 
0 21 47 
0 24 222 
0 29 75 
0 39 45 
0 11 126 
0 29 95 
0 54 68 
0 74 69 
0 53 46 
0 37 63 
0 31 112 
0 34 100 
0 71 64 
0 38 54 
0 34 90 
0 28 80 
0 18 235 
0 33 144 
0 29 109 
0 14 83 
0 22 99 
0 40 67 
0 21 72 
0 42 43 
0 27 68 
0 43 99 
0 27 120 
0 12 176 
0 25 61 
0 20 112 
0 14 86 
0 71 50 
0 43 59 
0 80 80 
0 22 74 
0 30 177 
0 32 109 
0 16 83 
0 21 52 
0 25 90 
0 43 110 
0 3 121 
0 7 122 
0 27 45 
0 23 97 
0 17 93 
0 37 78 
0 14 174 
0 23 143 
0 25 141 
0 26 203 
0 60 72 
0 21 102 
0 40 34 
0 31 83 
0 52 66 
0 42 68 
0 34 98 
0 36 47 
0 16 148 
0 7 89 
0 17 29 
0 28 108 
0 14 170 
0 58 70 
0 27 72 
0 18 123 
0 37 67 
0 29 108 
0 13 93 
0 30 75 
0 19 18 
0 32 49 
0 25 117 
0 32 80 
0 26 66 
0 24 144 
0 32 77 
0 21 112 
0 25 41 
0 5 60 
0 38 68 
0 6 95 
0 23 87 
0 31 105 
0 20 149 
0 21 68 
0 29 55 
0 50 30 
0 29 87 
0 42 116 
0 29 109 
0 36 145 
0 54 148 
0 27 66 
0 25 76 
0 47 234 
0 16 124 
0 47 47 
0 13 103 
0 55 142 
0 23 110 
0 19 107 
0 56 100 
0 30 77 
0 15 72 
0 48 54 
0 26 45 
0 20 149 
0 63 103 
0 7 99 
0 27 38 
0 39 96 
0 5 9 
0 55 128 
0 24 133 
0 26 64 
0 16 110 
0 22 98 
0 40 71 
0 17 65 
0 28 71 
0 27 65 
0 29 94 
0 18 39 
0 15 67 
0 17 51 
0 71 73 
0 43 107 
0 25 71 
0 48 106 
0 34 63 
0 20 126 
0 49 106 
0 12 109 
0 7 26 
0 21 62 
0 47 124 
0 45 42 
0 25 115 
0 55 142 
0 63 79 
0 34 80 
0 31 134 
0 42 144 
0 35 121 
0 45 63 
0 9 76 
0 19 118 
0 27 60 
0 74 89 
0 22 109 
0 40 41 
0 35 48 
0 21 82 
0 16 65 
0 24 100 
0 15 73 
0 32 52 
0 31 67 
0 14 84 
0 33 74 
0 47 74 
0 37 98 
0 37 175 
0 23 59 
0 47 109 
0 52 64 
0 37 56 
0 22 56 
0 13 33 
0 16 209 
0 35 84 
0 34 85 
0 16 127 
0 42 134 
0 34 57 
0 23 103 
0 14 146 
0 22 132 
0 15 95 
0 33 89 
0 24 47 
0 20 46 
0 36 46 
0 31 52 
0 2 156 
0 26 45 
0 20 110 
0 34 99 
0 18 46 
0 32 58 
0 21 76 
0 44 83 
0 26 117 
0 21 87 
0 16 137 
0 31 69 
0 44 86 
0 37 77 
0 76 205 
0 2 50 
0 23 152 
0 37 64 
0 21 87 
0 39 121 
0 9 135 
0 11 88 
0 36 75 
0 38 50 
0 25 128 
0 30 70 
