82 296 0 0 0 
134 235 56 0 0 
91 230 66 4 0 
55 322 42 6 0 
162 249 21 0 0 
84 248 50 0 0 
149 194 93 17 0 
90 269 21 0 0 
51 286 39 4 0 
184 120 20 0 0 
68 216 48 0 0 
163 302 26 0 0 
274 162 78 8 0 
80 326 39 0 0 
64 256 6 0 0 
31 277 29 0 0 
93 181 72 14 0 
51 187 70 17 0 
192 158 25 0 0 
64 222 73 18 0 
64 349 55 0 0 
82 266 17 0 0 
135 264 90 0 0 
69 175 49 0 0 
94 216 34 0 0 
133 245 23 0 0 
126 246 39 0 0 
23 215 80 16 0 
55 209 35 0 0 
61 175 89 10 0 
123 239 71 0 0 
127 130 54 0 0 
196 221 21 2 0 
111 226 47 0 0 
62 200 32 0 0 
79 271 47 0 0 
65 239 29 5 0 
131 195 48 0 0 
87 312 52 0 0 
156 169 61 0 0 
70 281 36 18 0 
108 193 14 9 0 
120 228 110 0 0 
78 203 71 15 0 
124 258 25 0 0 
72 138 88 0 0 
226 227 86 1 0 
81 198 21 9 0 
149 203 96 0 0 
230 324 9 0 0 
97 187 24 2 0 
190 118 31 0 0 
107 315 19 7 0 
135 245 91 0 0 
66 215 95 0 0 
163 267 53 0 0 
106 259 93 0 0 
128 201 22 0 0 
137 293 7 6 0 
68 192 63 0 0 
36 295 116 9 0 
69 209 71 8 0 
109 191 28 0 0 
109 204 3 13 0 
55 270 98 0 0 
107 232 66 0 0 
116 331 60 0 0 
208 133 37 0 0 
75 166 90 0 0 
78 277 24 2 0 
162 284 48 6 0 
136 186 29 0 0 
228 141 51 0 0 
138 179 36 0 0 
173 143 95 0 0 
112 318 48 1 0 
120 168 22 0 0 
135 336 10 0 0 
48 261 63 0 0 
160 131 34 0 0 
116 168 69 14 0 
57 215 80 6 0 
71 319 61 0 0 
133 236 25 14 0 
64 196 68 0 0 
80 292 13 0 0 
96 300 59 0 0 
32 276 24 0 0 
68 210 109 0 0 
90 284 22 4 0 
168 189 31 0 0 
166 240 23 0 0 
153 148 103 0 0 
97 301 26 8 0 
84 262 38 0 0 
147 96 96 0 0 
69 363 22 0 0 
185 231 8 0 0 
165 275 57 0 0 
25 234 31 34 0 
172 218 30 0 0 
60 336 76 0 0 
67 371 41 0 0 
173 265 33 2 0 
134 217 138 0 0 
161 72 75 0 0 
147 176 85 0 0 
126 299 33 0 0 
50 249 32 0 0 
111 241 103 0 0 
88 374 23 0 0 
80 229 44 0 0 
105 256 107 1 0 
171 180 30 19 0 
200 210 45 2 0 
140 238 14 0 0 
118 270 20 0 0 
171 209 77 0 0 
50 214 74 47 0 
246 201 56 0 0 
101 233 35 0 0 
33 305 124 0 0 
136 227 34 0 0 
114 164 6 0 0 
126 250 67 0 0 
74 179 61 0 0 
136 306 48 0 0 
111 194 98 0 0 
96 279 99 0 0 
84 278 22 2 0 
84 237 64 5 0 
137 235 96 0 0 
72 174 82 0 0 
111 198 50 0 0 
7 162 71 0 0 
62 206 80 0 0 
131 252 1 0 0 
114 140 124 14 0 
103 196 35 0 0 
182 170 39 0 0 
174 175 43 0 0 
194 214 11 1 0 
118 219 28 0 0 
135 274 59 0 0 
97 196 75 0 0 
92 247 82 0 0 
49 262 48 0 0 
97 192 48 0 0 
202 185 19 0 0 
145 181 120 8 0 
88 265 101 4 0 
33 391 44 0 0 
121 318 10 0 0 
179 203 67 0 0 
141 263 20 0 0 
17 239 57 0 0 
122 340 69 1 0 
84 298 101 0 0 
51 215 75 0 0 
111 152 39 14 0 
83 324 88 0 0 
200 249 72 0 0 
67 305 21 0 0 
227 159 62 0 0 
55 320 24 0 0 
134 253 94 4 0 
132 237 32 0 0 
78 147 77 0 0 
141 185 23 0 0 
85 187 58 0 0 
117 214 72 0 0 
135 199 80 0 0 
89 361 48 0 0 
205 194 85 0 0 
146 169 130 0 0 
83 198 85 0 0 
51 289 78 0 0 
94 258 37 0 0 
40 412 15 0 0 
93 250 151 29 0 
124 149 132 0 0 
148 126 48 0 0 
136 284 29 0 0 
81 226 27 0 0 
249 206 29 0 0 
113 200 129 0 0 
146 190 118 0 0 
146 264 41 0 0 
255 148 77 0 0 
26 174 46 17 0 
172 279 38 12 0 
150 223 40 0 0 
60 298 55 0 0 
218 206 25 0 0 
124 409 20 0 0 
101 163 106 0 0 
191 133 46 14 0 
207 294 115 1 0 
136 257 34 1 0 
93 303 51 0 0 
126 231 74 0 0 
80 214 72 0 0 
201 166 48 12 0 
187 101 42 8 0 
61 202 26 0 0 
123 238 7 0 0 
98 364 17 0 0 
214 225 45 0 0 
223 125 87 0 0 
176 237 32 0 0 
298 244 14 2 0 
188 185 31 0 0 
185 296 56 0 0 
229 248 22 48 0 
110 261 81 10 0 
116 171 45 0 0 
94 131 69 0 0 
125 223 33 0 0 
133 256 22 1 0 
99 202 125 21 0 
101 269 92 0 0 
52 372 177 0 0 
157 264 61 22 0 
154 158 21 0 0 
107 192 40 0 0 
190 259 40 0 0 
76 265 63 1 0 
40 237 76 0 0 
116 264 13 0 0 
220 198 64 29 0 
176 188 44 0 0 
87 234 114 0 0 
229 281 93 0 0 
75 254 55 0 0 
164 245 12 0 0 
95 154 61 5 0 
128 265 61 0 0 
139 186 41 0 0 
22 303 35 0 0 
155 249 39 0 0 
120 202 155 0 0 
162 207 67 0 0 
151 257 42 0 0 
21 286 119 22 0 
98 141 75 21 0 
93 136 190 0 0 
70 280 54 17 0 
171 128 107 0 0 
200 147 93 0 0 
144 139 58 1 0 
142 308 30 0 0 
178 284 37 2 0 
215 232 33 0 0 
185 173 12 0 0 
81 157 67 1 0 
178 171 37 0 0 
142 273 134 0 0 
48 240 52 0 0 
77 224 96 12 0 
85 296 39 16 0 
47 250 14 35 0 
88 251 13 22 0 
143 187 13 3 0 
52 201 71 0 0 
100 160 70 49 0 
55 200 37 0 0 
84 192 90 10 0 
189 278 13 17 0 
67 243 56 0 0 
78 252 77 31 0 
91 218 74 49 0 
120 243 46 0 0 
107 156 64 4 0 
100 309 45 10 0 
97 174 53 0 0 
104 196 185 0 0 
42 230 76 0 0 
106 191 95 0 0 
130 227 38 1 0 
157 238 12 0 0 
90 226 38 0 0 
112 197 59 0 0 
40 326 128 0 0 
136 188 14 0 0 
153 230 70 16 0 
173 227 33 0 0 
241 234 12 0 0 
138 167 54 0 0 
194 170 62 0 0 
79 226 26 1 0 
81 243 29 0 0 
82 310 23 4 0 
92 222 69 0 0 
75 224 70 0 0 
152 243 33 0 0 
190 126 97 4 0 
271 94 14 0 0 
141 235 33 0 0 
65 194 75 0 0 
104 296 98 0 0 
88 211 37 0 0 
135 272 0 0 0 
173 191 29 10 0 
104 155 72 1 0 
87 216 57 0 0 
111 241 19 14 0 
93 216 42 0 0 
107 172 73 13 0 
90 217 118 2 0 
97 169 25 0 0 
71 228 58 0 0 
87 179 31 0 0 
133 177 80 0 0 
177 234 67 0 0 
29 342 70 0 0 
47 270 70 0 0 
101 341 25 0 0 
92 316 42 5 0 
98 257 109 0 0 
92 206 90 0 0 
94 332 74 0 0 
122 200 3 0 0 
65 167 62 39 0 
279 155 19 0 0 
82 138 83 0 0 
32 216 104 17 0 
44 299 49 0 0 
166 197 41 0 0 
143 174 7 0 0 
153 134 59 0 0 
84 362 28 0 0 
78 180 9 0 0 
92 336 20 0 0 
106 232 48 0 0 
142 217 41 21 0 
141 264 77 0 0 
197 161 89 0 0 
182 189 34 0 0 
124 201 47 0 0 
131 197 70 1 0 
121 188 86 0 0 
247 176 16 0 0 
130 210 55 1 0 
132 320 21 0 0 
32 282 94 2 0 
119 214 64 0 0 
171 251 50 0 0 
84 157 73 0 0 
87 245 65 8 0 
267 189 54 4 0 
102 240 51 0 0 
37 233 124 0 0 
26 156 139 49 0 
53 326 20 0 0 
45 332 94 0 0 
222 176 78 0 0 
166 208 100 0 0 
73 242 30 0 0 
99 201 189 0 0 
116 354 65 0 0 
88 226 36 0 0 
131 214 34 0 0 
109 253 57 0 0 
58 239 13 0 0 
183 245 14 0 0 
164 132 13 0 0 
118 312 70 0 0 
106 231 105 1 0 
137 285 50 0 0 
178 236 96 0 0 
133 130 102 0 0 
108 285 26 0 0 
128 225 65 0 0 
157 189 29 14 0 
83 257 24 0 0 
59 336 49 0 0 
57 287 21 6 0 
128 117 104 0 0 
88 342 33 0 0 
125 265 13 0 0 
152 124 205 0 0 
54 268 43 0 0 
35 185 125 0 0 
104 217 96 0 0 
90 203 65 0 0 
116 111 22 1 0 
155 282 68 0 0 
119 337 82 0 0 
40 351 32 0 0 
164 237 29 0 0 
89 336 29 3 0 
97 98 20 4 0 
97 179 58 0 0 
130 289 10 0 0 
101 156 74 13 0 
121 255 15 0 0 
149 142 110 0 0 
105 123 122 0 0 
145 200 94 1 0 
145 194 38 0 0 
153 208 109 5 0 
205 300 41 0 0 
66 353 139 0 0 
147 192 58 0 0 
211 231 10 0 0 
84 307 59 22 0 
156 334 32 0 0 
134 253 74 1 0 
142 53 41 0 0 
94 226 11 0 0 
55 234 39 5 0 
209 188 83 0 0 
78 302 21 0 0 
109 211 1 0 0 
93 207 71 0 0 
182 200 17 0 0 
143 257 65 0 0 
179 312 38 0 0 
236 211 20 1 0 
130 191 107 0 0 
167 160 81 0 0 
65 220 55 0 0 
135 82 90 1 0 
110 163 28 0 0 
67 314 80 10 0 
152 233 27 0 0 
214 225 18 0 0 
101 172 70 1 0 
176 175 11 22 0 
167 176 82 1 0 
65 240 24 0 0 
88 216 47 0 0 
91 184 112 3 0 
124 318 124 4 0 
95 233 109 0 0 
123 199 116 0 0 
150 173 46 12 0 
163 241 34 0 0 
153 191 75 0 0 
146 292 34 0 0 
180 310 12 6 0 
128 219 28 0 0 
58 194 44 7 0 
82 150 52 0 0 
222 210 36 2 0 
150 115 56 0 0 
147 357 19 0 0 
76 294 33 1 0 
89 329 58 24 0 
19 312 101 11 0 
131 197 59 3 0 
138 216 44 0 0 
96 137 232 0 0 
132 219 49 0 0 
152 209 82 0 0 
126 169 62 0 0 
106 297 14 0 0 
123 252 48 1 0 
114 258 78 1 0 
137 183 18 0 0 
72 190 109 0 0 
75 161 67 0 0 
168 127 119 0 0 
79 235 28 0 0 
136 279 36 0 0 
109 325 45 0 0 
33 320 35 13 0 
114 185 41 6 0 
35 207 41 0 0 
184 191 27 0 0 
71 226 73 0 0 
37 347 53 0 0 
115 203 92 1 0 
102 148 67 0 0 
113 270 68 0 0 
90 163 91 0 0 
131 176 89 23 0 
78 214 181 0 0 
100 173 97 0 0 
92 303 31 0 0 
105 227 26 0 0 
156 243 33 0 0 
152 227 76 0 0 
97 167 130 10 0 
97 301 46 0 0 
58 315 27 0 0 
112 209 71 26 0 
194 218 102 15 0 
239 143 68 4 0 
76 187 42 0 0 
111 161 52 0 0 
23 312 72 0 0 
96 317 14 14 0 
210 248 39 0 0 
160 302 12 0 0 
90 279 107 0 0 
194 172 113 8 0 
64 305 59 0 0 
89 221 23 0 0 
58 170 30 0 0 
80 150 74 4 0 
159 281 55 0 0 
177 206 64 0 0 
174 207 14 2 0 
140 164 44 0 0 
157 201 41 0 0 
106 194 76 0 0 
130 135 99 0 0 
131 260 66 0 0 
63 207 82 0 0 
69 235 65 0 0 
116 239 39 7 0 
101 241 71 0 0 
139 226 52 0 0 
113 134 50 0 0 
135 182 70 0 0 
93 192 122 0 0 
118 239 35 0 0 
67 300 35 0 0 
66 232 10 0 0 
121 185 26 0 0 
177 255 43 10 0 
106 170 29 1 0 
160 182 31 6 0 
237 156 143 0 0 
67 335 53 1 0 
62 159 76 2 0 
125 195 18 0 0 
83 178 53 0 0 
121 243 39 0 0 
127 193 73 0 0 
144 192 47 0 0 
103 376 15 0 0 
105 195 12 1 1 
135 238 96 2 0 
98 155 50 0 0 
98 288 71 0 0 
100 209 79 0 0 
136 259 30 13 0 
82 260 65 0 0 
116 207 72 0 0 
140 280 46 0 0 
102 228 48 0 0 
77 192 51 7 0 
114 198 88 0 0 
119 238 22 38 0 
272 248 65 0 0 
164 229 56 0 0 
159 244 20 0 0 
167 187 23 0 0 
89 115 82 0 0 
102 192 10 0 0 
23 310 5 0 0 
132 322 20 0 0 
138 243 29 4 0 
203 187 99 12 0 
108 117 83 0 0 
121 291 85 0 0 
121 163 32 0 0 
131 243 48 1 0 
102 237 51 0 0 
67 296 93 0 0 
157 149 33 3 0 
152 288 41 0 0 
90 279 82 0 0 
143 164 82 0 0 
150 160 45 0 0 
229 256 26 0 0 
77 187 130 0 0 
118 187 75 0 0 
249 239 54 0 0 
168 193 79 0 0 
212 197 48 67 0 
191 187 36 4 0 
126 321 71 0 0 
32 191 76 0 0 
242 182 96 0 0 
116 250 65 0 0 
74 310 69 0 0 
102 246 66 6 0 
81 300 39 0 0 
95 210 32 0 0 
84 306 21 0 0 
95 239 98 0 0 
138 309 27 0 0 
83 277 65 0 0 
139 242 50 0 0 
41 320 22 1 0 
102 191 61 0 0 
236 146 104 0 0 
195 209 3 0 0 
138 215 77 0 0 
125 196 119 0 0 
228 217 56 0 0 
61 214 72 0 0 
100 316 38 0 0 
71 137 43 0 0 
95 291 44 0 0 
172 169 116 0 0 
193 161 137 32 0 
129 293 50 1 0 
159 254 60 0 0 
73 388 59 10 0 
83 270 23 0 0 
130 254 18 0 0 
113 331 76 0 0 
72 265 25 0 0 
132 186 53 0 0 
93 361 47 0 0 
121 338 22 0 0 
82 293 29 0 0 
124 247 41 0 0 
125 327 65 0 0 
105 182 65 0 0 
230 161 45 0 0 
151 278 44 2 0 
156 191 39 5 0 
80 237 71 0 0 
106 182 31 1 0 
226 173 39 0 0 
91 308 58 1 0 
168 259 93 0 0 
112 189 36 0 0 
99 196 41 8 0 
55 400 12 0 0 
120 240 86 0 0 
103 137 72 0 0 
185 165 57 0 0 
245 162 63 0 0 
12 242 111 0 0 
166 232 115 0 0 
91 168 52 0 0 
125 378 65 0 0 
129 242 23 0 0 
129 311 83 0 0 
123 246 70 0 0 
101 252 93 0 0 
93 172 129 0 0 
108 244 101 0 0 
123 215 27 0 0 
31 274 51 0 0 
149 194 37 0 0 
46 162 56 13 0 
57 367 31 20 0 
79 306 68 1 0 
146 231 20 0 0 
91 157 78 1 0 
192 170 59 7 0 
109 258 53 0 0 
159 161 76 0 0 
124 120 141 0 0 
128 173 99 0 0 
139 343 28 0 0 
157 223 29 4 0 
218 149 3 0 0 
67 341 35 0 0 
83 212 110 0 0 
78 277 29 0 0 
113 259 15 0 0 
114 248 83 0 0 
211 165 75 0 0 
196 280 21 0 0 
84 226 63 9 0 
123 344 53 0 0 
81 290 23 0 0 
221 195 48 0 0 
129 277 69 0 0 
137 375 57 0 0 
118 244 80 6 0 
94 298 46 0 0 
126 302 38 0 0 
85 216 27 0 0 
137 248 57 20 0 
79 278 64 0 0 
102 279 89 0 0 
148 310 43 0 0 
162 186 22 0 0 
135 188 53 0 0 
119 165 59 0 0 
203 242 60 3 0 
77 194 91 0 0 
129 284 53 15 0 
125 200 29 4 0 
154 171 90 0 0 
97 218 69 0 0 
174 155 69 66 0 
118 258 56 14 0 
25 135 71 0 0 
77 242 35 0 0 
103 189 46 0 0 
32 177 42 0 0 
88 217 91 0 0 
139 198 8 4 0 
102 287 17 11 0 
116 166 82 11 0 
146 272 32 1 0 
42 319 51 0 0 
79 217 50 0 0 
116 299 56 0 0 
212 123 71 0 0 
129 221 74 0 0 
163 112 92 35 0 
130 176 5 0 0 
120 162 12 0 0 
95 296 4 0 0 
66 276 22 0 0 
68 168 104 8 0 
139 255 72 0 0 
205 325 73 0 0 
114 238 56 0 0 
112 225 27 0 0 
79 281 113 0 0 
97 304 115 3 0 
126 279 78 1 0 
56 305 112 1 0 
111 236 29 8 0 
68 252 36 0 0 
51 266 96 1 0 
51 382 47 0 0 
159 176 31 0 0 
98 157 39 0 0 
131 251 18 0 0 
120 159 67 0 0 
42 346 61 0 0 
82 161 48 0 0 
131 239 78 0 0 
120 171 5 0 0 
96 222 48 6 0 
170 178 23 0 0 
103 304 52 0 0 
68 185 189 0 0 
197 213 48 0 0 
73 143 85 1 0 
119 173 64 0 0 
68 215 97 1 0 
60 326 42 3 0 
123 235 55 0 0 
173 238 16 0 0 
62 322 52 17 0 
213 156 41 12 0 
144 239 62 8 0 
113 283 45 0 0 
127 164 128 0 0 
150 236 25 0 0 
126 258 66 0 0 
75 206 43 17 0 
114 188 68 0 0 
52 209 86 0 0 
55 270 35 0 0 
166 150 23 1 0 
145 214 34 0 0 
132 305 45 0 0 
53 288 38 8 0 
42 308 85 20 0 
137 239 82 0 0 
105 341 64 0 0 
85 182 106 0 0 
231 120 24 0 0 
145 256 56 8 0 
120 284 75 0 0 
381 210 26 0 0 
147 295 65 3 0 
104 226 40 0 0 
193 265 65 0 0 
258 272 57 0 0 
78 283 34 0 0 
166 110 94 0 0 
41 330 111 0 0 
107 155 35 1 0 
113 247 78 12 0 
159 126 88 0 0 
38 235 45 1 0 
18 230 95 0 0 
98 263 62 18 0 
133 128 87 0 0 
151 171 42 0 0 
134 170 78 9 0 
185 231 68 0 0 
161 235 27 0 0 
118 300 33 0 0 
233 205 12 0 0 
145 222 40 4 0 
139 202 87 0 0 
49 236 31 0 0 
122 158 80 0 0 
269 200 9 4 0 
64 363 22 0 0 
170 247 30 0 0 
114 317 30 0 0 
92 234 28 0 0 
102 302 15 7 0 
122 202 26 0 0 
104 142 133 1 0 
71 282 80 0 0 
116 151 36 2 0 
150 284 69 0 0 
42 263 48 0 0 
195 192 111 0 0 
107 241 45 17 0 
105 168 51 10 0 
141 144 56 0 0 
47 200 47 0 0 
224 205 49 0 0 
104 241 81 4 0 
29 281 82 0 0 
224 115 15 0 0 
67 257 42 0 0 
123 231 76 0 0 
101 206 43 0 0 
110 189 48 0 0 
152 153 33 1 0 
156 184 51 0 0 
164 168 13 0 0 
113 243 95 8 0 
120 143 25 1 0 
145 188 88 2 0 
192 209 77 0 0 
20 220 13 4 0 
104 112 41 0 0 
152 243 6 0 0 
154 157 56 0 0 
117 122 18 0 0 
97 178 13 0 0 
112 248 23 0 0 
118 405 27 0 0 
112 264 87 0 0 
167 207 96 1 0 
31 291 15 0 0 
70 260 108 0 0 
47 300 35 11 0 
72 252 113 0 0 
147 200 39 0 0 
64 236 116 0 0 
61 158 53 0 0 
113 158 50 1 0 
163 174 68 7 0 
113 296 50 0 0 
156 249 28 0 0 
139 178 30 0 0 
145 285 16 31 0 
142 251 20 0 0 
265 165 59 0 0 
170 154 9 0 0 
73 330 40 0 0 
121 181 60 0 0 
121 182 44 0 0 
151 222 36 11 0 
190 247 71 0 0 
182 127 74 0 0 
120 261 22 0 0 
145 225 95 0 0 
179 185 125 0 0 
168 224 20 0 0 
177 235 70 0 0 
60 269 188 0 0 
137 292 96 0 0 
126 154 44 0 0 
194 178 59 19 0 
96 206 57 13 0 
195 181 59 0 0 
102 256 123 0 0 
223 226 36 10 0 
54 245 61 0 0 
208 205 60 16 0 
33 295 97 0 0 
155 231 71 6 0 
62 226 66 19 0 
183 192 26 5 0 
291 228 42 0 0 
126 203 33 0 0 
112 188 32 0 0 
57 359 11 0 0 
147 188 57 0 0 
90 179 44 0 0 
157 383 27 8 0 
163 260 22 0 0 
115 160 54 0 0 
99 145 53 0 0 
52 248 55 1 0 
95 295 132 0 0 
198 303 43 0 0 
241 201 44 0 0 
147 241 47 0 0 
114 170 22 0 0 
244 113 105 0 0 
158 197 19 0 0 
87 248 78 0 0 
126 238 53 65 0 
130 211 68 0 0 
118 276 41 0 0 
184 204 88 0 0 
116 374 8 0 0 
59 310 73 0 0 
74 272 16 10 0 
160 173 105 0 0 
126 246 70 1 0 
116 230 80 5 0 
109 237 45 0 0 
161 213 23 0 0 
152 223 58 0 0 
148 263 67 0 0 
79 192 54 60 0 
117 140 15 0 0 
139 235 59 21 0 
197 131 74 4 0 
113 301 33 1 0 
145 120 66 11 0 
232 218 55 0 0 
51 157 39 0 0 
120 162 35 35 0 
181 149 50 54 0 
104 157 28 0 0 
188 256 8 0 0 
22 241 47 0 0 
77 183 29 0 0 
74 159 33 0 0 
72 223 39 0 0 
74 219 37 0 0 
94 215 29 0 0 
121 150 53 0 0 
26 169 64 1 0 
128 220 53 0 0 
60 324 36 0 0 
205 210 30 0 0 
116 349 86 0 0 
165 196 6 16 0 
149 283 66 0 0 
92 186 85 0 0 
102 285 16 0 0 
203 208 44 0 0 
74 298 40 0 0 
93 210 67 1 0 
91 244 65 0 0 
118 220 32 0 0 
131 184 50 0 0 
262 170 0 0 0 
119 219 54 0 0 
98 188 57 0 0 
113 368 49 0 0 
58 255 53 0 0 
149 311 35 1 0 
108 201 34 0 0 
75 216 28 0 0 
344 66 101 0 0 
134 279 88 0 0 
100 177 36 0 0 
242 196 43 0 0 
163 196 4 0 0 
32 274 80 0 0 
166 208 76 0 0 
170 203 93 1 0 
173 153 14 0 0 
147 344 13 0 0 
91 204 36 0 0 
101 292 34 0 0 
134 254 11 0 0 
45 300 49 7 0 
165 162 79 0 0 
70 263 44 2 0 
176 127 67 0 0 
122 246 51 0 0 
249 307 91 6 0 
193 240 35 0 0 
156 192 19 0 0 
97 276 53 0 0 
58 180 64 0 0 
206 166 61 0 0 
61 199 50 0 0 
152 178 107 0 0 
136 77 43 0 0 
58 261 35 0 0 
193 195 97 8 0 
176 237 57 0 0 
47 248 76 0 0 
113 224 73 0 0 
299 189 12 0 0 
73 309 134 0 0 
179 286 28 4 0 
130 196 28 0 0 
109 157 99 25 0 
90 167 40 3 0 
105 197 69 9 0 
131 212 27 0 0 
87 229 93 0 0 
146 268 47 0 0 
170 195 86 0 0 
72 229 51 0 0 
107 256 24 0 0 
83 379 53 0 0 
103 234 68 0 0 
141 155 24 18 0 
140 217 37 0 0 
127 259 117 0 0 
138 247 65 0 0 
69 273 99 16 0 
108 202 30 0 0 
77 218 57 1 0 
77 289 28 5 0 
161 245 54 0 0 
70 316 50 0 0 
