0 35 68 
0 40 40 
0 38 103 
0 13 43 
0 13 32 
0 18 111 
0 57 66 
0 17 74 
0 51 75 
0 24 141 
0 31 46 
0 44 69 
0 10 161 
0 23 159 
0 19 57 
0 23 69 
0 4 53 
0 11 122 
0 28 34 
0 19 54 
0 12 76 
0 22 65 
0 12 36 
0 48 83 
0 22 70 
0 87 109 
0 36 88 
0 68 141 
0 7 114 
0 23 152 
0 10 215 
0 16 170 
0 37 24 
0 78 88 
0 39 89 
0 41 49 
0 29 72 
0 50 73 
0 19 48 
0 44 68 
0 16 87 
0 18 44 
0 24 39 
0 12 54 
0 39 84 
0 38 20 
0 26 126 
0 4 70 
0 5 78 
0 17 51 
0 30 87 
0 27 92 
0 31 44 
0 20 62 
0 57 110 
0 27 162 
0 35 84 
0 32 187 
0 36 66 
0 22 45 
0 13 82 
0 48 62 
0 8 23 
0 30 160 
0 18 99 
0 16 236 
0 36 116 
0 21 55 
0 36 90 
0 34 138 
0 43 138 
0 19 57 
0 17 110 
0 32 82 
0 23 81 
0 54 60 
0 17 48 
0 10 99 
0 37 104 
0 26 64 
0 49 108 
0 2 62 
0 24 66 
0 27 92 
0 14 181 
0 15 144 
0 6 57 
0 13 36 
0 6 112 
0 24 47 
0 11 83 
0 17 28 
0 41 64 
0 10 80 
0 12 201 
0 41 254 
0 41 146 
0 33 61 
0 16 36 
0 52 51 
0 24 35 
0 10 81 
0 30 91 
0 23 56 
0 13 88 
0 8 49 
0 22 131 
0 46 92 
0 8 74 
0 8 67 
0 7 77 
0 3 155 
0 33 100 
0 16 62 
0 18 115 
0 13 116 
0 45 89 
0 38 59 
0 52 59 
0 16 35 
0 50 50 
0 38 164 
0 53 65 
0 40 101 
0 16 65 
0 11 190 
0 18 90 
0 3 46 
0 13 84 
0 36 62 
0 15 125 
0 17 53 
0 41 81 
0 12 62 
0 29 141 
0 10 59 
0 14 77 
0 4 104 
0 24 96 
0 58 165 
0 34 161 
0 21 67 
0 41 33 
0 19 76 
0 35 137 
0 16 35 
0 21 140 
0 11 33 
0 41 32 
0 19 50 
0 22 44 
0 40 97 
0 17 109 
0 64 98 
0 14 93 
0 71 61 
0 11 136 
0 9 52 
0 20 96 
0 15 243 
0 19 77 
0 9 59 
0 15 55 
0 27 48 
0 67 57 
0 13 144 
0 31 48 
0 40 87 
0 1 86 
0 14 197 
0 12 58 
0 52 67 
0 13 45 
0 30 151 
0 37 100 
0 9 78 
0 20 46 
0 32 86 
0 6 191 
0 50 55 
0 19 133 
0 37 57 
0 29 107 
0 24 43 
0 31 103 
0 44 66 
0 7 92 
0 19 28 
0 18 145 
0 39 114 
0 28 108 
0 25 50 
0 16 78 
0 20 117 
0 54 62 
0 35 77 
0 44 74 
0 28 59 
0 3 145 
0 3 139 
0 28 53 
0 44 130 
0 34 152 
0 9 57 
0 36 79 
0 14 88 
0 29 64 
0 35 83 
0 27 130 
0 12 151 
0 51 150 
0 34 38 
0 14 176 
0 1 55 
0 45 44 
0 8 64 
0 16 53 
0 34 63 
0 35 68 
0 11 67 
0 28 89 
0 0 148 
0 27 80 
0 37 157 
0 8 14 
0 4 144 
0 17 50 
0 10 165 
0 1 119 
0 37 116 
0 41 72 
0 41 137 
0 24 218 
0 14 50 
0 24 92 
0 27 105 
0 27 197 
0 19 81 
0 23 157 
0 15 117 
0 39 91 
0 31 90 
0 27 82 
0 49 70 
0 23 177 
0 63 45 
0 72 168 
0 4 92 
0 36 65 
0 16 105 
0 40 58 
0 89 58 
0 15 99 
0 25 95 
0 26 100 
0 58 64 
0 28 177 
0 10 39 
0 17 74 
0 11 40 
0 40 71 
0 12 127 
0 22 25 
0 33 70 
0 26 114 
0 26 50 
0 15 85 
0 29 55 
0 18 108 
0 18 70 
0 9 85 
0 15 47 
0 23 129 
0 7 48 
0 19 82 
0 60 124 
0 33 66 
0 23 78 
0 18 80 
0 42 68 
0 48 71 
0 28 40 
0 30 50 
0 20 146 
0 44 132 
0 11 113 
0 17 143 
0 16 151 
0 18 56 
0 54 153 
0 16 56 
0 15 67 
0 29 60 
0 25 49 
0 56 170 
0 12 129 
0 32 72 
0 5 121 
0 40 70 
0 10 120 
0 30 128 
0 20 104 
0 33 115 
0 70 34 
0 18 121 
0 15 110 
0 22 109 
0 21 82 
0 12 231 
0 25 21 
0 23 49 
0 73 92 
0 39 52 
0 25 87 
0 12 174 
0 20 95 
0 16 76 
0 11 88 
0 31 42 
0 25 42 
0 17 52 
0 11 37 
0 63 94 
0 18 123 
0 16 58 
0 11 94 
0 33 69 
0 29 112 
0 24 113 
0 92 83 
0 43 121 
0 33 43 
0 10 86 
0 21 27 
0 24 131 
0 23 129 
0 33 97 
0 20 60 
0 26 99 
0 28 68 
0 28 33 
0 49 39 
0 38 94 
0 56 63 
0 21 106 
0 18 80 
0 22 97 
0 13 126 
0 18 41 
0 12 146 
0 32 63 
0 27 167 
0 25 46 
0 9 74 
0 18 36 
0 37 97 
0 45 151 
0 27 65 
0 29 47 
0 22 14 
0 79 113 
0 18 114 
0 58 61 
0 39 71 
0 21 61 
0 22 91 
0 26 94 
0 16 112 
0 20 101 
0 25 89 
0 61 59 
0 16 68 
0 12 134 
0 18 93 
0 20 110 
0 8 103 
0 16 132 
0 32 128 
0 29 209 
0 11 173 
0 32 72 
0 7 63 
0 29 136 
0 31 48 
0 27 169 
0 29 115 
0 20 154 
0 37 108 
0 10 72 
0 16 96 
0 19 105 
0 20 121 
0 47 57 
0 36 19 
0 32 67 
0 15 59 
0 17 99 
0 18 128 
0 31 121 
0 15 23 
0 26 94 
0 35 51 
0 16 83 
0 21 109 
0 19 48 
0 24 35 
0 13 55 
0 22 26 
0 9 54 
0 95 112 
0 70 78 
0 31 144 
0 31 125 
0 65 140 
0 15 72 
0 24 145 
0 29 66 
0 56 83 
0 31 85 
0 62 119 
0 21 143 
0 10 62 
0 15 54 
0 34 92 
0 26 43 
0 10 105 
0 27 35 
0 9 47 
0 27 58 
0 5 52 
0 18 94 
0 29 61 
0 45 141 
0 36 70 
0 10 71 
0 27 80 
0 13 42 
0 30 33 
0 19 60 
0 36 81 
0 15 52 
0 7 134 
0 17 173 
0 26 61 
0 4 69 
0 21 75 
0 8 180 
0 11 85 
0 43 69 
0 76 92 
0 12 66 
0 10 39 
0 61 49 
0 23 69 
0 5 150 
0 7 143 
0 43 171 
0 4 122 
0 19 69 
0 28 97 
0 38 25 
0 27 66 
0 9 45 
0 33 62 
0 20 74 
0 28 53 
0 55 28 
0 30 71 
0 46 58 
0 4 68 
0 24 62 
0 17 53 
0 43 129 
0 5 47 
0 15 211 
0 8 96 
0 62 65 
0 45 12 
0 5 93 
0 22 74 
0 25 87 
0 4 49 
0 24 99 
0 31 67 
0 28 67 
0 26 120 
0 39 131 
0 49 101 
0 23 81 
0 9 61 
0 2 68 
0 50 53 
0 59 69 
0 8 97 
0 36 80 
0 53 132 
0 27 101 
0 42 70 
0 33 65 
0 76 129 
0 26 76 
0 3 45 
0 31 144 
0 48 73 
0 40 88 
0 30 149 
0 13 119 
0 49 44 
0 16 122 
0 16 94 
0 19 38 
0 40 58 
0 15 52 
0 39 19 
0 24 139 
0 8 57 
0 22 90 
0 18 132 
0 36 129 
0 18 31 
0 26 45 
0 38 46 
0 10 63 
0 31 55 
0 44 48 
0 35 104 
0 16 72 
0 7 114 
0 42 46 
0 57 51 
0 20 135 
0 17 74 
0 43 75 
0 28 139 
0 3 39 
0 18 125 
0 13 167 
0 31 35 
0 48 40 
0 21 88 
0 36 74 
0 56 32 
0 24 50 
0 75 85 
0 9 101 
0 11 79 
0 9 43 
0 14 46 
0 32 76 
0 20 137 
0 17 185 
0 21 91 
0 63 95 
0 15 79 
0 11 141 
0 4 101 
0 35 70 
0 44 111 
0 57 80 
0 44 124 
0 10 157 
0 26 77 
0 11 87 
0 53 82 
0 25 136 
0 22 125 
0 33 141 
0 36 52 
0 24 81 
0 6 120 
0 26 29 
0 46 32 
0 18 84 
0 37 88 
0 13 72 
0 49 68 
0 26 96 
0 30 19 
0 15 107 
0 9 71 
0 34 127 
0 20 74 
0 17 94 
0 58 61 
0 18 96 
0 13 39 
0 15 175 
0 21 53 
0 25 87 
0 17 90 
0 19 66 
0 32 28 
0 28 58 
0 33 214 
0 18 93 
0 24 118 
0 40 48 
0 47 77 
0 20 75 
0 35 185 
0 22 35 
0 8 118 
0 36 111 
0 40 64 
0 22 117 
0 22 133 
0 38 61 
0 4 46 
0 84 26 
0 9 90 
0 11 163 
0 31 163 
0 11 128 
0 50 33 
0 2 143 
0 33 77 
0 9 133 
0 49 63 
0 33 78 
0 18 29 
0 10 47 
0 27 77 
0 8 168 
0 39 83 
0 9 141 
0 22 29 
0 15 122 
0 12 92 
0 10 144 
0 2 86 
0 28 177 
0 29 74 
0 35 56 
0 23 53 
0 44 59 
0 43 98 
0 39 85 
0 28 79 
0 31 89 
0 64 40 
0 21 147 
0 21 73 
0 37 82 
0 31 88 
0 24 69 
0 16 118 
0 5 89 
0 32 88 
0 27 64 
0 32 85 
0 44 102 
0 16 44 
0 13 112 
0 54 55 
0 52 14 
0 9 91 
0 22 91 
0 3 76 
0 23 53 
0 14 200 
0 20 119 
0 4 100 
0 18 35 
0 55 109 
0 12 70 
0 21 79 
0 62 91 
0 0 42 
0 39 142 
0 18 110 
0 28 209 
0 54 29 
0 13 44 
0 29 74 
0 15 95 
0 19 50 
0 36 66 
0 27 106 
0 8 55 
0 22 103 
0 25 81 
0 16 133 
0 11 79 
0 19 104 
0 26 50 
0 49 129 
0 28 63 
0 11 88 
0 25 129 
0 46 35 
0 14 132 
0 21 105 
0 28 59 
0 27 85 
0 32 70 
0 59 119 
0 31 143 
0 40 60 
0 24 57 
0 35 106 
0 33 180 
0 22 78 
0 28 53 
0 51 65 
0 27 92 
0 30 87 
0 19 79 
0 16 43 
0 7 151 
0 11 113 
0 45 114 
0 74 141 
0 48 93 
0 37 124 
0 27 61 
0 33 133 
0 47 77 
0 13 94 
0 26 124 
0 36 107 
0 31 73 
0 26 115 
0 36 112 
0 15 89 
0 15 119 
0 59 105 
0 35 104 
0 32 195 
0 29 180 
0 31 224 
0 30 115 
0 30 74 
0 46 105 
0 9 87 
0 6 159 
0 38 83 
0 3 60 
0 40 108 
0 17 179 
0 23 40 
0 9 69 
0 12 62 
0 25 34 
0 23 42 
0 10 94 
0 64 83 
0 60 71 
0 37 218 
0 28 63 
0 22 100 
0 43 154 
0 76 21 
0 11 124 
0 62 78 
0 14 62 
0 53 60 
0 19 79 
0 30 104 
0 13 87 
0 52 99 
0 2 118 
0 47 94 
0 37 142 
0 4 56 
0 50 168 
0 41 130 
0 11 206 
0 39 78 
0 28 93 
0 15 61 
0 18 49 
0 17 45 
0 27 107 
0 30 44 
0 27 56 
0 21 36 
0 22 147 
0 54 51 
0 29 26 
0 37 121 
0 29 124 
0 19 130 
0 45 79 
0 15 97 
0 22 62 
0 23 130 
0 26 204 
0 17 60 
0 23 94 
0 23 47 
0 16 80 
0 82 62 
0 6 79 
0 13 140 
0 52 109 
0 46 129 
0 30 136 
0 20 125 
0 15 39 
0 5 114 
0 63 64 
0 32 125 
0 24 162 
0 8 92 
0 20 102 
0 22 174 
0 23 73 
0 36 66 
0 16 42 
0 8 16 
0 11 83 
0 37 82 
0 14 97 
0 26 53 
0 58 24 
0 3 109 
0 5 56 
0 8 57 
0 37 194 
0 28 62 
0 5 44 
0 48 41 
0 29 78 
0 35 136 
0 17 82 
0 9 50 
0 11 69 
0 33 105 
0 11 81 
0 21 93 
0 16 127 
0 10 205 
0 19 43 
0 38 94 
0 14 34 
0 40 37 
0 17 85 
0 45 56 
0 11 155 
0 11 51 
0 13 52 
0 14 99 
0 29 101 
0 16 90 
0 20 151 
0 52 99 
0 3 82 
0 9 121 
0 39 82 
0 55 69 
0 22 54 
0 36 61 
0 55 75 
0 6 152 
0 33 151 
0 40 103 
0 33 124 
0 31 67 
0 35 78 
0 43 47 
0 34 36 
0 9 62 
0 9 77 
0 15 68 
0 5 63 
0 13 79 
0 24 75 
0 41 93 
0 46 133 
0 46 96 
0 3 113 
0 63 68 
0 32 82 
0 55 45 
0 48 101 
0 17 88 
0 25 70 
0 15 95 
0 35 52 
0 38 103 
0 9 59 
0 38 52 
0 14 56 
0 64 107 
0 22 84 
0 12 153 
0 19 66 
0 39 36 
0 12 124 
0 22 75 
0 44 70 
0 22 71 
0 47 59 
0 8 102 
0 44 57 
0 47 57 
0 0 209 
0 51 97 
0 28 138 
0 18 69 
0 40 67 
0 23 40 
0 26 76 
0 33 50 
0 37 51 
0 11 69 
0 58 38 
0 28 91 
0 50 117 
0 18 106 
0 28 121 
0 24 113 
0 25 122 
0 56 118 
0 17 71 
0 28 49 
0 39 147 
0 26 92 
0 28 119 
0 38 132 
0 28 70 
0 35 86 
0 36 23 
0 11 79 
0 25 105 
0 10 62 
0 28 100 
0 34 45 
0 18 119 
0 87 118 
0 34 104 
0 25 97 
0 22 48 
0 15 187 
0 9 60 
0 13 179 
0 10 69 
0 0 55 
0 34 106 
0 11 48 
0 21 67 
0 18 45 
0 12 65 
0 54 70 
0 9 200 
0 20 54 
0 17 162 
0 28 55 
0 17 178 
0 37 84 
0 14 157 
0 45 86 
0 65 46 
0 12 114 
0 38 79 
0 20 88 
0 13 64 
0 29 71 
0 9 56 
0 28 30 
0 13 92 
0 21 36 
0 16 76 
0 9 83 
0 20 219 
0 61 38 
0 15 45 
0 12 79 
0 15 25 
0 24 69 
0 24 97 
0 19 54 
0 22 71 
0 22 156 
0 33 94 
0 7 127 
0 16 32 
0 32 78 
0 29 198 
0 28 190 
0 14 69 
0 25 95 
0 51 70 
0 9 93 
0 25 64 
0 24 152 
0 81 38 
0 19 88 
0 59 70 
0 13 31 
0 11 56 
0 40 129 
0 29 86 
0 12 87 
0 31 83 
0 20 65 
0 35 147 
0 2 153 
0 29 104 
0 41 103 
