0 120 21 
0 90 27 
0 129 19 
0 129 134 
0 102 12 
0 112 26 
0 100 30 
0 141 34 
0 71 63 
0 112 24 
0 141 50 
0 144 22 
0 74 30 
0 97 17 
0 102 27 
0 159 16 
0 68 55 
0 121 31 
0 113 45 
0 100 61 
0 96 53 
0 119 34 
0 127 26 
0 150 40 
0 108 29 
0 90 50 
0 138 20 
0 68 34 
0 109 18 
0 101 24 
0 74 55 
0 82 58 
0 136 28 
0 138 44 
0 95 75 
0 93 76 
0 98 2 
0 139 47 
0 131 45 
0 119 28 
0 135 66 
0 117 60 
0 124 51 
0 97 45 
0 140 57 
0 130 10 
0 117 81 
0 137 58 
0 120 90 
0 169 13 
0 100 16 
0 137 37 
0 124 12 
0 118 53 
0 101 37 
0 111 66 
0 108 37 
0 109 40 
0 95 9 
0 136 32 
0 135 16 
0 136 37 
0 121 21 
0 149 56 
0 211 69 
0 103 150 
0 160 50 
0 133 32 
0 116 3 
0 100 22 
0 106 24 
0 138 47 
0 133 14 
0 175 24 
0 131 79 
0 99 28 
0 99 31 
0 81 9 
0 114 33 
0 77 28 
0 110 47 
0 163 24 
0 134 44 
0 93 29 
0 108 25 
0 85 4 
0 148 30 
0 72 45 
0 120 36 
0 120 53 
0 142 8 
0 96 18 
0 147 9 
0 126 43 
0 212 4 
0 139 44 
0 87 42 
0 82 60 
0 105 45 
0 138 55 
0 93 26 
0 65 49 
0 140 36 
0 135 27 
0 110 104 
0 62 63 
0 149 36 
0 134 57 
0 94 39 
0 147 12 
0 101 18 
0 94 73 
0 104 31 
0 187 48 
0 139 20 
0 102 9 
0 145 36 
0 140 45 
0 107 27 
0 107 26 
0 123 55 
0 104 56 
0 77 53 
0 113 35 
0 168 43 
0 165 14 
0 62 34 
0 103 26 
0 147 54 
0 136 81 
0 160 116 
0 126 29 
0 108 36 
0 100 23 
0 81 41 
0 93 81 
0 119 73 
0 88 48 
0 112 24 
0 95 60 
0 88 30 
0 89 41 
0 137 36 
0 160 47 
0 99 24 
0 100 20 
0 131 40 
0 114 77 
0 98 33 
0 144 12 
0 142 42 
0 116 56 
0 107 45 
0 74 141 
0 109 14 
0 163 38 
0 118 49 
0 129 48 
0 131 42 
0 71 20 
0 176 26 
0 80 11 
0 119 33 
0 144 45 
0 133 54 
0 110 13 
0 141 42 
0 136 50 
0 111 27 
0 94 60 
0 86 78 
0 121 78 
0 125 11 
0 93 27 
0 116 33 
0 126 57 
0 75 2 
0 178 28 
0 85 60 
0 146 27 
0 74 59 
0 82 29 
0 90 43 
0 119 23 
0 82 38 
0 91 57 
0 139 14 
0 140 16 
0 114 29 
0 87 6 
0 108 16 
0 133 61 
0 120 23 
0 59 16 
0 80 28 
0 125 98 
0 151 59 
0 113 56 
0 111 10 
0 117 9 
0 104 14 
0 85 21 
0 118 24 
0 152 6 
0 130 54 
0 129 53 
0 56 41 
0 70 12 
0 96 180 
0 112 41 
0 157 12 
0 140 28 
0 104 37 
0 123 45 
0 116 38 
0 123 63 
0 121 28 
0 137 35 
0 116 17 
0 78 70 
0 118 36 
0 95 179 
0 115 16 
0 119 22 
0 120 21 
0 125 23 
0 143 38 
0 130 28 
0 116 37 
0 124 15 
0 145 7 
0 154 25 
0 102 21 
0 110 34 
0 132 28 
0 92 29 
0 70 25 
0 136 53 
0 115 12 
0 126 28 
0 163 33 
0 114 59 
0 113 20 
0 63 49 
0 109 111 
0 89 57 
0 152 62 
0 131 26 
0 115 39 
0 63 77 
0 104 51 
0 93 94 
0 109 54 
0 164 107 
0 153 29 
0 159 43 
0 132 28 
0 128 28 
0 101 140 
0 125 27 
0 125 20 
0 149 47 
0 93 96 
0 115 23 
0 116 13 
0 89 127 
0 133 38 
0 101 53 
0 130 13 
0 211 6 
0 145 31 
0 123 27 
0 138 14 
0 91 7 
0 99 36 
0 131 17 
0 132 18 
0 133 16 
0 179 56 
0 148 49 
0 108 27 
0 151 66 
0 169 78 
0 126 25 
0 101 72 
0 92 13 
0 199 33 
0 53 5 
0 163 49 
0 58 12 
0 127 24 
0 130 19 
0 131 44 
0 156 34 
0 58 24 
0 102 12 
0 136 55 
0 101 39 
0 155 19 
0 169 26 
0 112 86 
0 110 102 
0 114 69 
0 140 51 
0 126 31 
0 186 31 
0 126 49 
0 153 28 
0 95 49 
0 146 22 
0 127 28 
0 71 21 
0 180 34 
0 68 24 
0 102 126 
0 103 42 
0 96 30 
0 86 55 
0 163 27 
0 143 71 
0 118 7 
0 108 22 
0 111 51 
0 103 49 
0 120 69 
0 94 26 
0 64 38 
0 115 45 
0 131 30 
0 103 60 
0 161 14 
0 118 57 
0 179 38 
0 75 43 
0 83 42 
0 109 61 
0 138 18 
0 125 26 
0 129 40 
0 85 27 
0 115 21 
0 118 28 
0 129 4 
0 81 43 
0 71 23 
0 141 19 
0 131 13 
0 69 12 
0 64 50 
0 122 61 
0 93 34 
0 157 38 
0 93 12 
0 142 19 
0 122 60 
0 166 9 
0 113 15 
0 92 48 
0 94 103 
0 108 34 
0 143 44 
0 137 64 
0 136 24 
0 123 29 
0 147 6 
0 181 9 
0 116 97 
0 150 14 
0 108 46 
0 144 22 
0 146 59 
0 98 30 
0 155 27 
0 125 23 
0 125 74 
0 105 76 
0 149 23 
0 97 44 
0 123 21 
0 106 39 
0 89 18 
0 55 22 
0 109 71 
0 84 5 
0 118 6 
0 128 49 
0 137 30 
0 114 15 
0 105 31 
0 131 38 
0 103 22 
0 102 17 
0 110 24 
0 125 50 
0 86 21 
0 115 52 
0 99 104 
0 128 31 
0 81 45 
0 124 33 
0 106 24 
0 107 30 
0 158 43 
0 131 27 
0 137 51 
0 104 31 
0 166 68 
0 97 17 
0 171 19 
0 109 27 
0 112 29 
0 104 48 
0 88 50 
0 102 22 
0 59 17 
0 89 76 
0 171 38 
0 132 39 
0 78 46 
0 122 97 
0 121 26 
0 117 11 
0 82 23 
0 95 46 
0 95 26 
0 83 84 
0 69 17 
0 123 25 
0 131 30 
0 145 26 
0 91 16 
0 77 26 
0 114 78 
0 124 127 
0 141 38 
0 123 39 
0 95 24 
0 114 21 
0 110 29 
0 119 44 
0 122 7 
0 149 66 
0 125 69 
0 166 36 
0 94 85 
0 131 22 
0 130 35 
0 123 38 
0 113 32 
0 142 37 
0 77 18 
0 109 82 
0 103 63 
0 63 18 
0 125 21 
0 85 18 
0 98 83 
0 146 17 
0 123 42 
0 123 52 
0 118 21 
0 109 28 
0 137 54 
0 130 52 
0 76 14 
0 89 33 
0 127 65 
0 136 40 
0 92 14 
0 112 26 
0 114 31 
0 101 36 
0 151 65 
0 138 17 
0 116 35 
0 102 64 
0 99 16 
0 71 32 
0 63 33 
0 91 23 
0 109 30 
0 109 32 
0 120 21 
0 97 7 
0 132 101 
0 132 51 
0 139 35 
0 104 89 
0 116 33 
0 144 19 
0 98 34 
0 112 30 
0 117 23 
0 126 19 
0 121 48 
0 45 115 
0 144 32 
0 119 12 
0 175 50 
0 92 33 
0 95 44 
0 102 35 
0 95 30 
0 116 44 
0 127 5 
0 102 36 
0 122 57 
0 137 29 
0 109 35 
0 89 45 
0 168 27 
0 82 6 
0 101 70 
0 59 26 
0 110 44 
0 122 104 
0 118 77 
0 106 56 
0 116 36 
0 102 44 
0 94 13 
0 138 22 
0 101 17 
0 122 27 
0 104 101 
0 102 19 
0 109 31 
0 99 86 
0 100 5 
0 117 35 
0 99 50 
0 68 32 
0 135 50 
0 88 23 
0 118 13 
0 183 26 
0 109 23 
0 108 48 
0 186 36 
0 108 97 
0 140 20 
0 120 44 
0 137 46 
0 156 18 
0 129 50 
0 105 22 
0 159 59 
0 137 9 
0 99 50 
0 138 45 
0 153 0 
0 150 19 
0 139 19 
0 126 19 
0 140 17 
0 99 56 
0 143 32 
0 128 82 
0 129 45 
0 103 55 
0 111 18 
0 123 30 
0 89 17 
0 84 47 
0 87 18 
0 98 27 
0 110 27 
0 89 16 
0 151 48 
0 119 49 
0 78 19 
0 107 19 
0 109 47 
0 131 25 
0 113 72 
0 101 21 
0 62 53 
0 74 61 
0 90 71 
0 107 43 
0 121 25 
0 82 59 
0 151 13 
0 134 56 
0 97 86 
0 138 86 
0 121 38 
0 86 67 
0 174 22 
0 144 67 
0 123 65 
0 110 18 
0 112 43 
0 91 14 
0 83 22 
0 89 30 
0 112 19 
0 111 38 
0 174 53 
0 99 17 
0 96 20 
0 126 28 
0 126 44 
0 115 19 
0 73 39 
0 102 36 
0 80 39 
0 79 28 
0 107 26 
0 114 19 
0 124 28 
0 117 32 
0 128 54 
0 142 51 
0 100 3 
0 157 57 
0 136 13 
0 126 26 
0 150 4 
0 129 57 
0 121 66 
0 132 47 
0 137 31 
0 59 11 
0 149 49 
0 119 10 
0 102 66 
0 91 66 
0 82 7 
0 129 17 
0 153 28 
0 141 38 
0 123 28 
0 159 26 
0 144 23 
0 111 60 
0 144 87 
0 124 56 
0 120 6 
0 122 20 
0 127 21 
0 136 62 
0 75 22 
0 134 50 
0 90 58 
0 102 29 
0 119 17 
0 163 47 
0 135 27 
0 155 20 
0 87 15 
0 84 42 
0 113 44 
0 126 32 
0 67 89 
0 130 33 
0 96 61 
0 98 58 
0 135 38 
0 90 143 
0 178 9 
0 103 50 
0 133 40 
0 96 55 
0 108 63 
0 151 34 
0 118 15 
0 158 21 
0 150 1 
0 160 102 
0 135 32 
0 91 48 
0 105 18 
0 99 23 
0 70 15 
0 53 65 
0 99 25 
0 151 33 
0 128 20 
0 80 13 
0 127 10 
0 145 8 
0 134 85 
0 113 21 
0 137 3 
0 140 24 
0 147 24 
0 117 30 
0 119 22 
0 124 58 
0 69 52 
0 191 69 
0 171 24 
0 104 17 
0 117 42 
0 148 7 
0 133 35 
0 121 16 
0 83 58 
0 71 29 
0 123 38 
0 137 74 
0 107 17 
0 140 28 
0 143 24 
0 94 89 
0 99 35 
0 108 54 
0 126 25 
0 135 26 
0 107 70 
0 87 33 
0 183 47 
0 120 36 
0 107 36 
0 118 21 
0 177 40 
0 132 43 
0 107 54 
0 174 45 
0 86 41 
0 103 15 
0 100 33 
0 99 25 
0 80 25 
0 116 23 
0 158 55 
0 143 52 
0 119 36 
0 153 26 
0 109 7 
0 117 66 
0 124 29 
0 144 67 
0 70 31 
0 102 45 
0 158 117 
0 105 37 
0 116 33 
0 107 21 
0 178 22 
0 100 15 
0 95 21 
0 101 123 
0 111 42 
0 110 40 
0 114 26 
0 130 113 
0 55 41 
0 129 106 
0 75 47 
0 111 11 
0 94 34 
0 111 74 
0 123 15 
0 146 17 
0 153 20 
0 117 36 
0 162 19 
0 113 7 
0 79 9 
0 141 62 
0 75 32 
0 164 39 
0 127 10 
0 187 21 
0 127 10 
0 62 68 
0 65 16 
0 126 60 
0 128 32 
0 131 38 
0 71 23 
0 154 81 
0 91 67 
0 103 49 
0 87 46 
0 187 20 
0 76 65 
0 128 54 
0 183 41 
0 81 19 
0 160 42 
0 122 144 
0 92 10 
0 96 95 
0 139 15 
0 112 9 
0 97 24 
0 92 37 
0 109 48 
0 198 6 
0 156 106 
0 67 19 
0 96 28 
0 116 14 
0 104 64 
0 74 52 
0 102 39 
0 146 64 
0 140 47 
0 126 45 
0 95 25 
0 73 17 
0 89 32 
0 132 11 
0 103 7 
0 100 10 
0 115 23 
0 114 55 
0 90 30 
0 118 25 
0 85 103 
0 85 28 
0 122 52 
0 73 45 
0 129 38 
0 175 24 
0 106 40 
0 130 46 
0 138 12 
0 62 32 
0 71 81 
0 137 6 
0 85 41 
0 115 31 
0 115 24 
0 150 86 
0 111 79 
0 111 31 
0 110 62 
0 163 17 
0 66 47 
0 75 88 
0 98 125 
0 140 43 
0 105 18 
0 136 18 
0 82 34 
0 83 18 
0 95 26 
0 176 18 
0 163 42 
0 103 7 
0 98 61 
0 69 54 
0 73 12 
0 130 19 
0 107 82 
0 59 62 
0 117 98 
0 85 20 
0 141 40 
0 86 23 
0 108 11 
0 100 28 
0 87 23 
0 121 30 
0 147 2 
0 103 45 
0 113 12 
0 92 27 
0 131 24 
0 146 41 
0 156 54 
0 138 28 
0 154 53 
0 103 35 
0 98 11 
0 124 45 
0 81 39 
0 148 26 
0 123 49 
0 137 75 
0 107 30 
0 114 11 
0 127 26 
0 129 22 
0 95 60 
0 109 40 
0 131 28 
0 97 26 
0 67 18 
0 121 33 
0 104 11 
0 105 22 
0 107 19 
0 92 28 
0 99 119 
0 150 73 
0 125 35 
0 66 8 
0 106 34 
0 83 19 
0 82 34 
0 97 33 
0 102 21 
0 110 60 
0 125 51 
0 111 71 
0 84 50 
0 184 51 
0 128 12 
0 105 49 
0 95 8 
0 75 19 
0 106 25 
0 89 27 
0 109 33 
0 63 34 
0 116 24 
0 64 83 
0 144 25 
0 85 34 
0 134 34 
0 136 54 
0 160 23 
0 88 17 
0 91 52 
0 117 59 
0 135 34 
0 105 32 
0 157 37 
0 81 2 
0 120 29 
0 125 11 
0 104 87 
0 122 57 
0 97 99 
0 117 7 
0 155 33 
0 84 20 
0 71 79 
0 148 51 
0 93 27 
0 97 40 
0 181 24 
0 138 35 
0 128 82 
0 56 85 
0 130 15 
0 169 36 
0 109 51 
0 158 26 
0 110 128 
0 76 39 
0 79 45 
0 96 33 
0 92 48 
0 143 17 
0 126 18 
0 143 17 
0 128 14 
0 138 25 
0 129 24 
0 52 21 
0 116 25 
0 90 23 
0 104 38 
0 112 26 
0 98 59 
0 143 28 
0 77 14 
0 100 3 
0 97 20 
0 94 6 
0 192 37 
0 121 30 
0 106 17 
0 84 17 
0 88 11 
0 136 29 
0 100 16 
0 101 41 
0 167 44 
0 121 23 
0 108 53 
0 94 26 
0 103 12 
0 102 29 
0 103 12 
0 124 39 
0 86 39 
0 158 39 
0 95 72 
0 88 35 
0 101 92 
0 89 41 
0 130 23 
0 68 67 
0 115 17 
0 145 13 
0 124 36 
0 62 60 
0 132 31 
0 83 38 
0 159 38 
0 160 20 
0 83 89 
0 108 18 
