0 0 186 
0 49 167 
0 17 257 
0 24 147 
0 10 204 
0 18 156 
0 28 209 
0 14 232 
0 15 128 
0 32 125 
0 32 153 
0 5 193 
0 30 217 
0 1 203 
0 7 225 
0 21 112 
0 4 128 
0 21 167 
0 31 189 
0 16 234 
0 4 207 
0 27 154 
0 5 98 
0 7 157 
0 24 182 
0 10 153 
0 17 291 
0 23 154 
0 14 188 
0 10 209 
0 5 160 
0 40 200 
0 1 183 
0 4 197 
0 15 171 
0 13 259 
0 3 229 
0 7 146 
0 11 243 
0 18 203 
0 6 154 
0 7 160 
0 10 173 
0 40 182 
0 14 159 
0 16 201 
0 5 165 
0 7 155 
0 11 160 
0 2 182 
0 27 289 
0 0 136 
0 18 193 
0 15 151 
0 4 215 
0 2 167 
0 19 251 
0 60 215 
0 4 186 
0 9 221 
0 1 173 
0 21 211 
0 12 196 
0 16 183 
0 3 189 
0 33 194 
0 14 205 
0 15 102 
0 6 188 
0 20 173 
0 10 223 
0 8 161 
0 37 155 
0 0 177 
0 29 192 
0 13 202 
0 26 214 
0 43 138 
0 20 142 
0 56 154 
0 10 184 
0 13 205 
0 10 148 
0 33 134 
0 15 197 
0 9 136 
0 5 152 
0 1 191 
0 5 141 
0 0 273 
0 16 180 
0 7 142 
0 11 187 
0 6 112 
0 10 154 
0 18 223 
0 11 159 
0 3 269 
0 3 197 
0 5 121 
0 4 207 
0 29 156 
0 7 214 
0 15 132 
0 26 206 
0 16 127 
0 33 171 
0 38 220 
0 23 209 
0 23 163 
0 23 245 
0 8 206 
0 17 208 
0 8 175 
0 19 130 
0 7 240 
0 7 171 
0 20 195 
0 5 188 
0 6 242 
0 18 160 
0 7 167 
0 3 155 
0 26 182 
0 18 179 
0 20 181 
0 18 114 
0 13 144 
0 20 159 
0 26 156 
0 33 160 
0 25 169 
0 0 157 
0 34 115 
0 38 97 
0 20 168 
0 28 181 
0 15 159 
0 14 192 
0 8 157 
0 16 171 
0 13 192 
0 29 175 
0 13 121 
0 53 140 
0 10 162 
0 7 254 
0 5 328 
0 1 179 
0 7 188 
0 13 197 
0 14 168 
0 23 224 
0 3 209 
0 7 194 
0 19 195 
0 11 190 
0 12 182 
0 21 147 
0 7 150 
0 18 173 
0 1 148 
0 6 275 
0 28 182 
0 7 249 
0 8 199 
0 33 127 
0 21 116 
0 5 138 
0 22 273 
0 11 117 
0 14 151 
0 12 256 
0 10 133 
0 5 129 
0 0 193 
0 16 110 
0 7 262 
0 9 214 
0 15 245 
0 23 173 
0 23 137 
0 17 145 
0 18 183 
0 33 149 
0 5 233 
0 14 193 
0 17 228 
0 5 152 
0 4 233 
0 9 192 
0 7 187 
0 7 323 
0 22 163 
0 21 139 
0 15 211 
0 5 157 
0 22 354 
0 18 159 
0 19 178 
0 20 177 
0 25 229 
0 14 222 
0 21 157 
0 10 178 
0 5 156 
0 11 192 
0 29 166 
0 24 217 
0 20 108 
0 11 113 
0 17 171 
0 18 187 
0 2 211 
0 22 185 
0 4 234 
0 14 150 
0 10 181 
0 20 221 
0 7 107 
0 23 138 
0 19 206 
0 13 140 
0 10 160 
0 6 192 
0 7 251 
0 1 116 
0 5 174 
0 27 197 
0 44 136 
0 23 136 
0 19 121 
0 6 162 
0 29 98 
0 17 174 
0 1 188 
0 19 306 
0 14 222 
0 16 221 
0 28 141 
0 15 197 
0 21 126 
0 7 294 
0 17 180 
0 26 144 
0 6 192 
0 3 186 
0 18 184 
0 55 115 
0 17 227 
0 23 147 
0 8 214 
0 37 198 
0 10 254 
0 18 272 
0 4 190 
0 24 171 
0 1 290 
0 2 214 
0 25 221 
0 6 220 
0 35 153 
0 8 182 
0 2 195 
0 23 147 
0 24 210 
0 13 240 
0 37 171 
0 10 161 
0 9 184 
0 6 226 
0 20 167 
0 10 184 
0 3 193 
0 17 213 
0 10 136 
0 7 194 
0 21 221 
0 8 269 
0 4 189 
0 3 142 
0 17 148 
0 17 98 
0 11 202 
0 6 130 
0 12 180 
0 23 226 
0 22 199 
0 21 133 
0 10 172 
0 19 150 
0 6 214 
0 21 175 
0 4 140 
0 32 177 
0 23 137 
0 30 201 
0 7 133 
0 10 204 
0 33 262 
0 84 181 
0 8 266 
0 1 216 
0 18 169 
0 29 226 
0 8 219 
0 5 171 
0 29 155 
0 3 184 
0 33 140 
0 8 157 
0 13 132 
0 4 171 
0 7 175 
0 21 140 
0 14 189 
0 18 195 
0 23 193 
0 33 211 
0 5 247 
0 12 204 
0 12 173 
0 15 252 
0 6 236 
0 32 152 
0 24 136 
0 7 127 
0 6 138 
0 4 150 
0 24 140 
0 11 234 
0 22 190 
0 20 216 
0 15 264 
0 3 149 
0 4 186 
0 16 208 
0 9 198 
0 28 208 
0 5 223 
0 1 231 
0 31 161 
0 20 141 
0 8 210 
0 16 151 
0 10 182 
0 11 204 
0 19 182 
0 17 273 
0 4 146 
0 5 195 
0 1 206 
0 14 128 
0 17 176 
0 10 181 
0 15 137 
0 16 203 
0 23 150 
0 28 190 
0 27 242 
0 48 156 
0 20 294 
0 12 195 
0 3 144 
0 15 123 
0 42 186 
0 11 277 
0 14 201 
0 3 186 
0 1 217 
0 3 116 
0 2 153 
0 10 171 
0 8 126 
0 0 196 
0 6 188 
0 14 187 
0 9 184 
0 7 262 
0 29 135 
0 7 138 
0 17 167 
0 6 192 
0 18 227 
0 18 99 
0 6 224 
0 29 150 
0 18 160 
0 3 221 
0 11 161 
0 21 169 
0 8 242 
0 6 148 
0 36 95 
0 16 170 
0 16 307 
0 0 161 
0 29 202 
0 21 160 
0 14 223 
0 8 152 
0 6 168 
0 1 213 
0 1 133 
0 10 127 
0 28 147 
0 43 154 
0 21 152 
0 1 170 
0 11 253 
0 0 134 
0 22 254 
0 13 130 
0 35 173 
0 49 284 
0 13 125 
0 20 178 
0 1 193 
0 13 216 
0 38 173 
0 14 196 
0 11 140 
0 19 172 
0 12 201 
0 26 259 
0 25 173 
0 2 211 
0 20 119 
0 24 174 
0 4 151 
0 9 170 
0 5 175 
0 29 105 
0 19 205 
0 40 235 
0 6 174 
0 14 196 
0 20 196 
0 8 146 
0 7 159 
0 6 174 
0 12 192 
0 16 189 
0 21 191 
0 16 190 
0 10 187 
0 22 175 
0 13 206 
0 33 175 
0 14 277 
0 16 216 
0 7 183 
0 7 180 
0 25 136 
0 9 236 
0 1 226 
0 12 254 
0 12 143 
0 10 267 
0 17 142 
0 25 238 
0 30 146 
0 22 151 
0 2 238 
0 12 139 
0 29 138 
0 17 216 
0 29 235 
0 20 229 
0 17 191 
0 2 193 
0 21 164 
0 9 201 
0 5 137 
0 16 179 
0 14 122 
0 26 188 
0 5 142 
0 10 222 
0 16 139 
0 2 180 
0 3 117 
0 28 200 
0 3 154 
0 6 185 
0 17 117 
0 39 128 
0 21 87 
0 8 212 
0 15 197 
0 20 224 
0 9 168 
0 47 193 
0 2 209 
0 15 236 
0 1 210 
0 27 180 
0 1 167 
0 30 120 
0 18 169 
0 0 122 
0 14 168 
0 23 153 
0 11 198 
0 6 229 
0 40 220 
0 45 231 
0 2 153 
0 4 238 
0 46 108 
0 1 203 
0 13 155 
0 13 220 
0 7 263 
0 15 150 
0 20 156 
0 3 170 
0 5 219 
0 13 181 
0 17 156 
0 23 222 
0 2 193 
0 35 137 
0 6 223 
0 19 116 
0 34 198 
0 12 96 
0 27 212 
0 10 198 
0 13 168 
0 17 205 
0 4 171 
0 6 201 
0 10 190 
0 41 134 
0 43 193 
0 6 158 
0 23 177 
0 3 195 
0 58 174 
0 2 202 
0 0 157 
0 8 167 
0 8 249 
0 0 305 
0 6 185 
0 38 143 
0 14 191 
0 10 205 
0 27 150 
0 6 364 
0 19 252 
0 14 159 
0 13 160 
0 10 216 
0 3 234 
0 8 218 
0 8 249 
0 18 172 
0 24 212 
0 14 239 
0 0 152 
0 4 143 
0 2 166 
0 45 261 
0 13 165 
0 3 129 
0 8 174 
0 25 218 
0 9 246 
0 16 168 
0 9 272 
0 5 193 
0 6 221 
0 8 160 
0 31 152 
0 10 202 
0 8 218 
0 11 89 
0 20 164 
0 19 224 
0 63 191 
0 24 210 
0 20 200 
0 19 181 
0 5 145 
0 18 168 
0 10 171 
0 25 208 
0 12 179 
0 7 217 
0 26 183 
0 4 201 
0 52 129 
0 1 137 
0 8 224 
0 37 163 
0 41 141 
0 5 206 
0 24 121 
0 14 249 
0 1 138 
0 8 121 
0 31 137 
0 20 127 
0 10 191 
0 10 232 
0 23 177 
0 8 196 
0 16 175 
0 8 310 
0 28 209 
0 16 159 
0 0 127 
0 19 187 
0 27 134 
0 10 173 
0 23 257 
0 19 187 
0 13 194 
0 2 126 
0 7 149 
0 4 166 
0 37 204 
0 3 261 
0 16 142 
0 14 150 
0 5 175 
0 17 220 
0 31 140 
0 0 224 
0 6 202 
0 4 222 
0 31 112 
0 22 218 
0 36 141 
0 3 286 
0 15 202 
0 14 232 
0 24 171 
0 18 174 
0 23 268 
0 10 224 
0 17 130 
0 28 124 
0 19 178 
0 1 180 
0 16 198 
0 42 159 
0 34 146 
0 33 162 
0 35 154 
0 13 161 
0 22 232 
0 35 191 
0 40 132 
0 21 163 
0 26 148 
0 31 135 
0 16 117 
0 25 150 
0 19 229 
0 13 173 
0 22 151 
0 10 162 
0 22 101 
0 35 121 
0 15 208 
0 7 116 
0 37 132 
0 10 166 
0 25 144 
0 18 228 
0 10 174 
0 9 196 
0 2 146 
0 7 275 
0 11 221 
0 8 195 
0 14 218 
0 13 227 
0 53 181 
0 16 165 
0 1 279 
0 6 239 
0 21 166 
0 3 216 
0 12 183 
0 49 143 
0 19 142 
0 1 186 
0 15 226 
0 10 192 
0 4 134 
0 18 157 
0 17 162 
0 35 205 
0 23 126 
0 0 127 
0 15 236 
0 5 190 
0 16 206 
0 49 137 
0 1 164 
0 50 183 
0 5 204 
0 11 164 
0 5 216 
0 14 223 
0 7 237 
0 8 127 
0 5 190 
0 11 201 
0 16 141 
0 20 362 
0 22 135 
0 12 131 
0 11 206 
0 4 128 
0 15 200 
0 12 192 
0 20 171 
0 6 162 
0 25 183 
0 10 168 
0 1 196 
0 9 150 
0 37 84 
0 8 210 
0 10 196 
0 3 155 
0 0 184 
0 8 143 
0 32 185 
0 7 149 
0 58 168 
0 8 236 
0 24 254 
0 16 269 
0 8 124 
0 4 270 
0 18 135 
0 18 248 
0 3 237 
0 16 169 
0 20 224 
0 16 163 
0 7 208 
0 5 237 
0 40 252 
0 38 169 
0 19 158 
0 24 139 
0 7 193 
0 13 187 
0 26 184 
0 26 119 
0 10 221 
0 22 208 
0 49 101 
0 18 167 
0 8 126 
0 5 185 
0 18 212 
0 24 197 
0 9 225 
0 3 152 
0 12 156 
0 28 152 
0 2 181 
0 6 159 
0 44 158 
0 12 161 
0 8 173 
0 7 161 
0 17 129 
0 33 125 
0 0 124 
0 15 190 
0 39 179 
0 17 232 
0 25 155 
0 20 90 
0 4 184 
0 3 128 
0 20 214 
0 12 149 
0 18 169 
0 24 200 
0 22 181 
0 4 175 
0 8 151 
0 5 164 
0 0 143 
0 24 157 
0 5 215 
0 9 175 
0 14 191 
0 22 240 
0 4 190 
0 22 216 
0 37 182 
0 22 172 
0 3 183 
0 12 169 
0 6 189 
0 4 187 
0 27 126 
0 29 136 
0 20 250 
0 19 153 
0 16 132 
0 16 183 
0 7 178 
0 19 115 
0 18 174 
0 17 133 
0 50 139 
0 12 167 
0 0 162 
0 4 187 
0 32 151 
0 1 207 
0 1 203 
0 17 178 
0 7 219 
0 23 248 
0 13 136 
0 3 145 
0 14 182 
0 15 180 
0 2 137 
0 9 206 
0 19 201 
0 26 262 
0 8 229 
0 18 180 
0 13 196 
0 10 242 
0 13 141 
0 39 119 
0 16 159 
0 8 175 
0 17 249 
0 8 171 
0 8 134 
0 23 130 
0 9 131 
0 21 175 
0 23 172 
0 10 201 
0 11 252 
0 27 220 
0 24 142 
0 25 120 
0 21 247 
0 9 199 
0 7 140 
0 3 118 
0 16 221 
0 29 93 
0 9 126 
0 11 300 
0 46 211 
0 8 234 
0 13 184 
0 11 148 
0 23 189 
0 7 293 
0 12 181 
0 1 179 
0 40 148 
0 39 150 
0 11 204 
0 16 152 
0 2 144 
0 5 213 
0 25 180 
0 35 229 
0 37 186 
0 14 220 
0 47 164 
0 15 134 
0 17 242 
0 13 144 
0 12 293 
0 31 202 
0 10 209 
0 12 152 
0 22 134 
0 5 255 
0 15 167 
0 16 192 
0 40 217 
0 30 152 
0 16 224 
0 36 200 
0 9 142 
0 4 154 
0 4 139 
0 10 198 
0 9 237 
0 20 137 
0 17 217 
0 20 175 
0 18 198 
0 5 133 
0 14 229 
0 7 204 
0 0 207 
0 34 178 
0 4 210 
0 8 189 
0 74 160 
0 22 138 
0 17 227 
0 2 111 
0 30 304 
0 14 294 
0 5 256 
0 36 168 
0 27 266 
0 17 161 
0 18 163 
0 9 137 
0 14 116 
0 2 248 
0 12 218 
0 27 195 
0 10 214 
0 13 160 
0 24 138 
0 9 133 
0 1 124 
0 22 262 
0 15 198 
0 13 267 
0 7 262 
0 8 195 
0 25 198 
0 4 285 
0 6 163 
0 35 86 
0 0 200 
0 29 171 
0 28 153 
0 40 154 
0 6 127 
0 21 149 
0 20 146 
0 20 147 
0 27 122 
0 45 222 
0 16 111 
0 10 226 
0 12 106 
0 14 176 
0 14 177 
0 14 165 
0 14 183 
0 9 130 
0 16 156 
0 9 181 
0 7 168 
0 0 152 
0 38 194 
0 15 179 
0 12 218 
0 14 153 
0 19 268 
0 14 222 
0 23 227 
0 27 185 
0 14 200 
0 6 195 
0 4 216 
0 1 138 
0 25 159 
0 24 143 
0 6 243 
0 43 137 
0 15 179 
0 20 215 
0 21 184 
0 2 142 
0 16 128 
0 22 146 
0 10 208 
0 30 152 
0 4 106 
0 19 175 
0 12 291 
0 5 213 
0 7 195 
0 35 148 
0 22 182 
0 13 178 
0 14 210 
0 27 198 
0 5 163 
