137 226 185 2 0 
95 235 81 0 0 
130 284 77 0 0 
243 133 92 0 0 
94 235 14 0 0 
147 208 34 10 0 
135 184 106 0 0 
79 235 71 0 0 
107 283 64 0 0 
156 250 74 0 0 
119 213 37 16 0 
63 145 62 0 0 
126 186 68 0 0 
166 236 57 0 0 
136 205 45 0 0 
112 279 50 0 0 
234 213 36 0 0 
223 218 78 0 0 
164 175 41 2 0 
113 386 65 1 0 
81 216 124 0 0 
116 178 26 0 0 
197 221 47 0 0 
107 214 113 18 0 
107 293 6 1 0 
89 238 73 0 0 
125 225 39 0 0 
97 229 71 0 0 
238 102 113 0 0 
133 292 51 0 0 
181 197 63 0 0 
150 248 60 0 0 
179 204 47 3 0 
85 139 55 0 0 
66 344 52 0 0 
79 294 13 2 0 
146 289 19 0 0 
53 287 47 0 0 
192 194 61 0 0 
142 272 152 0 0 
125 195 103 0 0 
185 221 41 0 0 
93 255 52 0 0 
106 246 51 0 0 
114 227 26 0 0 
17 287 52 1 0 
233 170 34 5 0 
67 308 39 0 0 
130 179 31 1 0 
43 222 53 0 0 
146 237 39 0 0 
176 203 52 0 0 
183 193 41 0 0 
94 211 133 0 0 
152 138 55 0 0 
36 231 49 0 0 
170 133 105 0 0 
169 255 61 0 0 
85 230 151 0 0 
66 343 34 0 0 
80 190 24 30 0 
57 253 28 0 0 
129 335 27 1 0 
124 163 78 4 0 
190 206 68 0 0 
112 129 84 0 0 
68 210 65 0 0 
144 134 60 0 0 
75 244 80 0 0 
37 265 156 0 0 
64 282 33 13 0 
174 193 51 0 0 
91 240 57 1 0 
216 192 25 0 0 
83 237 78 0 0 
164 190 112 0 0 
92 194 39 0 0 
105 241 40 0 0 
147 252 67 7 0 
69 261 22 0 0 
109 280 34 0 0 
168 246 76 4 0 
137 251 107 0 0 
40 264 60 0 0 
165 244 27 2 0 
201 198 16 0 0 
168 263 32 2 0 
73 260 43 0 0 
136 227 45 0 0 
145 156 113 0 0 
120 300 58 9 0 
75 301 61 0 0 
144 220 53 0 0 
105 275 47 4 0 
195 247 13 0 0 
123 309 71 0 0 
117 169 107 0 0 
114 276 44 11 0 
93 302 133 0 0 
165 325 59 0 0 
114 237 14 0 0 
34 324 67 0 0 
177 288 37 6 0 
85 197 86 0 0 
141 300 69 0 0 
128 186 42 0 0 
75 254 43 0 0 
152 175 20 0 0 
154 194 63 0 0 
49 232 75 0 0 
164 248 43 0 0 
140 232 55 0 0 
54 256 26 1 0 
111 205 42 0 0 
166 250 31 0 0 
155 179 12 0 0 
76 233 42 4 0 
140 262 31 0 0 
43 299 74 0 0 
95 193 15 0 0 
165 121 57 0 0 
109 178 131 0 0 
92 170 37 0 0 
86 243 106 0 0 
146 182 51 0 0 
160 256 73 0 0 
129 231 45 0 0 
177 248 32 0 0 
134 214 20 0 0 
94 315 26 52 0 
76 224 106 0 0 
199 176 57 9 0 
95 220 86 12 0 
121 285 13 0 0 
165 305 24 14 0 
143 226 33 0 0 
90 343 79 0 0 
50 173 22 6 0 
117 315 45 2 0 
103 264 78 1 0 
60 203 59 0 0 
136 223 32 2 0 
190 181 72 0 0 
128 180 38 0 0 
169 204 47 0 0 
33 262 23 4 0 
82 249 8 1 0 
92 379 34 0 0 
219 222 35 0 0 
89 261 40 4 0 
102 271 75 8 0 
103 315 30 0 0 
131 238 28 0 0 
139 248 62 4 0 
111 261 73 3 0 
45 311 110 0 0 
114 313 63 0 0 
83 180 68 1 0 
205 113 20 7 0 
89 176 87 0 0 
199 246 90 0 0 
43 324 40 0 0 
56 308 48 0 0 
121 237 106 0 0 
37 314 28 0 0 
149 167 25 0 0 
107 229 75 0 0 
74 227 43 0 0 
154 260 45 0 0 
63 217 69 1 0 
183 237 62 0 0 
73 236 45 11 0 
65 222 91 1 0 
111 273 25 12 0 
98 197 32 9 0 
134 184 82 23 0 
249 193 53 0 0 
103 311 74 0 0 
171 250 44 1 0 
200 213 33 4 0 
117 305 69 0 0 
147 199 45 0 0 
186 234 44 3 0 
71 250 67 0 0 
114 166 33 0 0 
171 178 51 0 0 
199 214 32 1 0 
218 229 43 0 0 
152 168 65 0 0 
58 202 14 1 0 
80 215 45 0 0 
116 204 32 16 0 
109 228 159 1 0 
140 219 59 0 0 
87 249 146 1 0 
68 213 70 0 0 
42 239 126 7 0 
109 213 72 9 0 
112 286 12 0 0 
122 228 127 0 0 
71 184 162 0 0 
85 258 42 7 0 
84 232 91 0 0 
93 108 217 5 0 
23 323 73 0 0 
121 127 50 0 0 
185 221 38 2 0 
132 156 8 0 0 
90 283 107 0 0 
147 217 49 5 0 
156 150 88 0 0 
149 211 129 0 0 
150 219 22 0 0 
112 252 182 0 0 
171 265 42 0 0 
69 244 68 0 0 
142 204 108 0 0 
189 226 52 30 0 
105 304 23 0 0 
71 320 29 0 0 
95 191 25 0 0 
47 296 35 0 0 
102 297 52 0 0 
91 326 12 0 0 
100 293 42 1 0 
117 270 57 0 0 
145 230 34 0 0 
165 216 6 6 0 
87 346 89 0 0 
89 223 62 0 0 
121 308 24 0 0 
96 219 24 28 0 
150 371 25 0 0 
141 265 45 0 0 
131 153 54 1 0 
152 316 59 0 0 
167 146 50 0 0 
165 165 78 0 0 
81 232 66 0 0 
218 273 8 0 0 
199 124 78 2 0 
128 154 63 20 0 
123 186 78 0 0 
139 331 2 0 0 
82 232 27 10 0 
99 167 89 1 0 
108 243 28 1 0 
143 288 72 0 0 
166 220 29 0 0 
126 288 73 6 0 
101 234 75 0 0 
168 168 86 0 0 
95 275 72 16 0 
130 256 85 1 0 
96 245 38 1 0 
74 256 50 6 0 
64 366 61 0 0 
147 267 40 0 0 
68 249 126 0 0 
164 250 37 0 0 
111 169 60 9 0 
86 180 118 19 0 
217 158 39 0 0 
45 174 95 0 0 
87 189 102 0 0 
112 226 124 0 0 
150 140 55 2 0 
54 211 25 0 0 
138 167 79 2 0 
107 282 50 0 0 
102 158 102 11 0 
141 231 47 0 0 
81 372 45 8 0 
111 210 43 0 0 
175 191 17 0 0 
147 181 68 0 0 
165 169 23 0 0 
98 183 48 0 0 
99 276 78 0 0 
142 276 9 0 0 
175 234 41 0 0 
99 354 36 0 0 
190 179 61 4 0 
92 299 75 0 0 
97 208 87 0 0 
127 286 14 0 0 
90 197 103 0 0 
116 127 59 0 0 
202 270 66 0 0 
110 294 25 8 0 
60 182 116 4 0 
93 216 49 0 0 
86 234 55 0 0 
97 244 54 31 0 
76 264 82 3 0 
76 262 47 0 0 
114 221 87 1 0 
141 284 14 0 0 
134 195 73 14 0 
151 253 64 20 0 
125 256 13 0 0 
135 305 59 0 0 
51 201 29 0 0 
115 286 52 0 0 
119 203 61 0 0 
127 234 47 4 0 
178 185 64 1 0 
63 325 55 0 0 
126 188 30 0 0 
94 203 64 0 0 
38 330 63 10 0 
162 368 32 0 0 
67 344 14 0 0 
95 273 52 0 0 
72 244 99 0 0 
119 169 76 0 0 
110 93 58 30 0 
165 230 16 0 0 
55 309 70 0 0 
67 197 88 0 0 
72 231 87 1 0 
140 268 47 0 0 
96 368 36 3 0 
56 258 63 0 0 
73 328 42 0 0 
164 230 31 0 0 
136 223 78 0 0 
197 161 41 1 0 
144 221 14 16 0 
200 241 22 6 0 
125 258 21 0 0 
103 290 92 1 0 
196 185 38 0 0 
151 180 78 0 0 
38 300 79 0 0 
169 254 9 6 0 
122 297 44 0 0 
107 257 74 0 0 
89 259 94 0 0 
108 316 44 0 0 
55 143 55 23 0 
100 186 90 0 0 
123 252 81 0 0 
140 223 61 0 0 
65 266 169 0 0 
60 194 35 0 0 
266 205 43 0 0 
138 221 16 0 0 
124 222 54 0 0 
73 238 64 0 0 
126 182 37 0 0 
122 267 55 0 0 
95 253 72 0 0 
102 252 41 0 0 
161 199 29 0 0 
104 231 46 0 0 
183 247 21 16 0 
109 268 15 3 0 
138 148 35 0 0 
78 292 74 6 0 
49 215 94 0 0 
93 169 24 0 0 
90 233 26 0 0 
147 261 43 0 0 
85 297 42 0 0 
106 249 34 0 0 
63 282 13 0 0 
167 226 11 46 0 
62 191 21 0 0 
344 130 34 2 0 
134 293 33 0 0 
172 227 79 1 0 
74 236 90 0 0 
142 363 97 0 0 
175 260 31 0 0 
97 145 110 0 0 
92 263 37 0 0 
39 146 7 0 0 
102 248 100 0 0 
142 197 74 0 0 
113 268 107 0 0 
70 256 70 0 0 
76 341 26 0 0 
115 172 21 0 0 
106 384 15 0 0 
106 234 32 0 0 
144 320 55 19 0 
152 165 38 0 0 
103 187 30 0 0 
27 228 90 1 0 
206 153 20 0 0 
86 169 44 0 0 
213 138 52 0 0 
94 165 42 0 0 
85 148 117 0 0 
137 266 77 6 0 
56 247 54 0 0 
163 154 29 0 0 
154 184 18 0 0 
50 200 108 2 0 
137 324 40 0 0 
124 175 59 3 0 
71 242 70 26 0 
180 274 47 0 0 
154 315 32 1 0 
46 302 42 1 0 
61 319 125 0 0 
145 251 58 0 0 
97 180 41 17 0 
37 238 104 0 0 
31 280 57 0 0 
160 233 44 1 0 
67 199 70 13 0 
133 223 3 0 0 
73 327 22 0 0 
173 290 37 0 0 
108 239 113 0 0 
108 246 17 3 0 
202 128 51 0 0 
235 233 35 0 0 
184 236 7 0 0 
72 249 5 16 0 
143 231 52 0 0 
110 366 36 0 0 
201 186 49 0 0 
113 251 62 10 0 
213 180 64 0 0 
108 252 21 4 0 
94 193 43 0 0 
86 244 54 0 0 
128 197 94 0 0 
189 234 76 0 0 
85 285 36 2 0 
66 290 43 0 0 
110 199 40 2 0 
71 240 48 1 0 
55 201 77 0 0 
86 134 33 18 0 
92 164 34 0 0 
80 216 126 0 0 
174 265 65 28 0 
113 188 80 0 0 
80 155 74 1 0 
132 143 101 6 0 
106 175 26 0 0 
64 338 72 0 0 
74 197 42 0 0 
50 223 68 0 0 
132 300 37 0 0 
99 353 52 0 0 
119 203 12 0 0 
121 249 67 23 0 
149 199 63 0 0 
84 273 51 0 0 
179 273 69 2 0 
112 263 49 0 0 
112 269 20 8 0 
117 190 36 0 0 
172 215 50 0 0 
100 208 47 5 0 
125 204 93 8 0 
98 277 49 0 0 
99 301 30 0 0 
60 345 106 0 0 
103 317 22 1 0 
62 251 79 0 0 
92 283 68 0 0 
176 225 35 3 0 
194 224 3 0 0 
109 285 29 0 0 
102 171 106 0 0 
82 332 19 7 0 
85 210 103 0 0 
128 235 58 1 0 
108 211 84 0 0 
77 303 64 30 0 
79 218 96 5 0 
80 165 38 23 0 
77 149 72 0 0 
157 259 20 12 0 
88 252 67 0 0 
112 228 56 0 0 
61 200 60 0 0 
73 252 74 0 0 
263 257 73 4 0 
135 219 80 0 0 
61 223 1 0 0 
106 261 90 0 0 
126 216 39 0 0 
105 327 34 0 0 
154 266 11 0 0 
112 304 16 0 0 
133 286 44 0 0 
79 245 46 0 0 
193 203 86 0 0 
199 212 51 0 0 
119 211 63 0 0 
88 272 80 6 0 
109 143 43 0 0 
136 265 26 0 0 
206 180 15 1 0 
43 252 64 0 0 
81 175 33 2 0 
120 343 56 1 0 
202 182 15 0 0 
100 251 41 0 0 
84 210 24 15 0 
110 322 36 7 0 
222 187 14 0 0 
61 178 80 11 0 
121 203 28 0 0 
124 295 25 34 0 
127 300 43 0 0 
174 190 22 2 0 
61 230 105 0 0 
69 436 51 0 0 
105 136 78 0 0 
244 221 41 0 0 
118 241 53 0 0 
95 193 65 0 0 
200 222 7 0 0 
121 300 40 0 0 
86 222 70 0 0 
80 314 4 0 0 
151 216 11 5 0 
53 279 52 0 0 
174 147 76 5 0 
65 247 73 7 0 
87 242 92 0 0 
197 224 11 0 0 
122 260 111 0 0 
117 293 88 0 0 
154 206 49 0 0 
143 231 81 0 0 
169 165 17 0 0 
79 278 82 21 0 
108 308 109 0 0 
180 250 53 0 0 
155 176 67 0 0 
192 147 45 0 0 
92 261 55 1 0 
139 264 45 0 0 
156 197 44 0 0 
133 323 107 0 0 
189 245 40 0 0 
129 266 42 0 0 
59 274 66 0 0 
87 227 3 0 0 
223 235 21 0 0 
88 364 15 0 0 
150 274 10 0 0 
93 227 61 0 0 
169 195 36 0 0 
98 242 84 0 0 
71 264 55 0 0 
125 253 41 0 0 
101 247 55 0 0 
161 261 15 0 0 
97 203 74 1 0 
81 246 61 7 0 
245 192 25 0 0 
160 251 106 1 0 
84 224 90 2 0 
56 199 33 0 0 
180 168 57 0 0 
125 275 59 0 0 
170 138 33 0 0 
209 241 55 1 0 
151 126 37 0 0 
111 235 132 0 0 
142 247 17 0 0 
120 207 61 0 0 
76 231 63 0 0 
108 240 30 4 0 
95 233 73 0 0 
124 171 91 1 0 
86 134 51 0 0 
70 282 44 0 0 
119 193 27 0 0 
74 299 94 13 0 
188 256 3 0 0 
138 203 29 0 0 
116 170 49 0 0 
134 239 82 0 0 
165 250 22 12 0 
74 219 150 0 0 
88 289 27 0 0 
105 240 60 0 0 
124 268 51 2 0 
109 90 82 0 0 
146 131 82 0 0 
135 172 50 0 0 
165 243 95 0 0 
105 218 31 0 0 
78 324 143 2 0 
107 306 55 0 0 
103 397 71 0 0 
90 182 108 0 0 
161 245 21 0 0 
126 171 127 0 0 
182 170 65 0 0 
97 170 67 0 0 
122 207 32 24 0 
149 222 41 0 0 
58 316 119 0 0 
74 315 72 0 0 
117 245 48 0 0 
205 215 30 3 0 
94 218 60 0 0 
93 245 27 0 0 
169 238 110 0 0 
89 175 66 1 0 
120 176 23 0 0 
147 223 67 0 0 
234 240 56 0 0 
168 200 34 0 0 
97 126 87 14 0 
162 207 99 1 0 
78 329 98 0 0 
98 240 58 0 0 
110 152 33 0 0 
161 199 75 0 0 
32 242 42 0 0 
100 299 34 0 0 
161 280 27 0 0 
63 212 71 6 0 
212 234 97 0 0 
73 221 122 7 0 
65 304 73 0 0 
94 274 74 0 0 
144 135 102 0 0 
199 242 124 0 0 
98 232 33 0 0 
114 192 107 2 0 
192 186 40 1 0 
74 348 37 0 0 
113 215 46 0 0 
160 215 62 0 0 
59 244 74 2 0 
182 186 34 0 0 
62 254 103 0 0 
84 173 69 1 0 
104 218 47 0 0 
189 264 16 0 0 
102 192 65 0 0 
237 205 47 5 0 
103 255 32 1 0 
116 117 71 7 0 
74 202 64 0 0 
61 108 118 0 0 
136 267 51 0 0 
73 271 78 0 0 
101 309 55 0 0 
35 213 99 0 0 
97 268 71 0 0 
172 246 64 0 0 
114 224 55 0 0 
45 240 25 0 0 
173 195 26 0 0 
117 209 69 0 0 
121 283 74 8 0 
119 367 80 0 0 
100 142 103 0 0 
74 168 63 1 0 
61 194 79 0 0 
121 270 72 0 0 
100 285 37 2 0 
81 280 61 0 0 
94 197 56 0 0 
109 241 46 0 0 
115 335 56 0 0 
138 284 30 0 0 
32 360 55 1 0 
188 141 8 0 0 
64 301 43 0 0 
196 201 86 0 0 
88 188 95 9 0 
101 283 47 13 0 
157 228 99 0 0 
84 215 151 2 0 
211 126 75 0 0 
78 207 69 0 0 
60 355 37 0 0 
91 287 49 0 0 
110 228 94 1 0 
117 289 28 0 0 
111 190 127 0 0 
174 236 33 0 0 
134 141 12 22 0 
218 154 23 0 0 
194 234 26 0 0 
75 166 125 2 0 
155 201 110 17 0 
136 170 87 0 0 
132 247 53 7 0 
118 185 64 0 0 
214 207 30 0 0 
143 212 38 0 0 
198 245 17 0 0 
260 218 39 0 0 
81 182 45 0 0 
138 227 22 0 0 
62 200 38 0 0 
98 252 53 3 0 
93 244 81 0 0 
121 200 73 1 0 
94 318 45 0 0 
110 265 61 0 0 
73 251 62 0 0 
73 288 84 1 0 
79 203 84 3 0 
63 431 81 0 0 
101 313 28 0 0 
121 217 20 0 0 
57 296 120 4 0 
215 180 25 0 0 
64 217 67 0 0 
56 191 41 5 0 
138 216 121 0 0 
155 168 83 0 0 
87 274 17 0 0 
174 124 95 0 0 
243 223 31 5 0 
125 216 58 0 0 
182 266 39 0 0 
115 245 29 0 0 
127 260 22 8 0 
197 181 53 1 0 
114 212 59 0 0 
111 255 38 14 0 
79 213 67 1 0 
101 171 22 0 0 
72 243 39 0 0 
204 251 67 0 0 
157 140 78 1 0 
147 181 17 1 0 
63 192 61 0 0 
105 222 23 3 0 
110 194 131 0 0 
103 213 122 10 0 
112 228 44 0 0 
125 190 39 1 0 
169 220 56 2 0 
81 175 56 4 0 
105 211 120 0 0 
77 260 66 0 0 
170 197 27 0 0 
140 229 29 0 0 
121 196 68 3 0 
100 177 60 75 0 
108 307 17 6 0 
146 227 68 2 0 
154 274 52 0 0 
133 227 53 20 0 
66 187 232 0 0 
77 196 59 0 0 
152 208 121 0 0 
48 217 39 15 0 
98 267 67 0 0 
109 212 21 0 0 
189 240 56 7 0 
56 306 32 0 0 
145 194 25 0 0 
158 232 21 0 0 
72 244 33 16 0 
124 223 73 0 0 
87 200 86 20 0 
169 268 22 0 0 
236 204 48 0 0 
155 247 87 0 0 
84 96 51 0 0 
114 108 97 0 0 
64 206 76 0 0 
68 211 57 1 0 
96 220 101 7 0 
113 228 141 0 0 
152 235 30 0 0 
153 254 56 1 0 
187 184 67 0 0 
107 303 56 0 0 
161 254 27 0 0 
34 122 182 0 0 
79 261 81 0 0 
40 208 71 2 0 
102 252 24 0 0 
87 265 94 0 0 
93 171 23 0 0 
134 274 64 0 0 
191 289 50 10 0 
101 158 97 0 0 
178 164 65 0 0 
63 377 33 6 0 
167 221 33 2 0 
161 120 26 0 0 
60 268 37 0 0 
95 288 21 0 0 
163 200 133 5 0 
62 157 124 26 0 
133 157 34 1 0 
211 140 45 0 0 
70 267 63 0 0 
83 248 13 0 0 
144 190 32 1 0 
107 216 56 0 0 
103 294 81 23 0 
93 180 118 0 0 
118 221 62 0 0 
129 210 27 0 0 
155 298 12 12 0 
106 253 33 0 0 
115 289 27 0 0 
85 226 33 0 0 
167 378 83 0 0 
167 273 136 13 0 
120 145 17 0 0 
86 319 51 0 0 
123 272 40 0 0 
81 278 35 0 0 
56 337 34 0 0 
99 238 29 0 0 
87 250 11 0 0 
122 252 82 0 0 
120 189 61 0 0 
68 237 91 12 0 
79 206 86 0 0 
52 222 49 0 0 
97 364 52 0 0 
66 216 74 0 0 
104 268 52 22 0 
189 214 41 14 0 
154 190 51 12 0 
82 212 54 19 0 
156 201 67 0 0 
103 181 81 0 0 
76 254 92 0 0 
122 226 33 0 0 
81 213 120 0 0 
48 251 72 0 0 
82 178 100 0 0 
88 261 52 2 0 
110 341 37 4 0 
133 188 56 8 0 
104 257 41 1 0 
93 270 26 0 0 
93 285 50 26 0 
110 199 78 1 0 
105 273 82 0 0 
191 292 31 0 0 
149 207 32 5 0 
148 245 38 1 0 
102 181 106 25 0 
102 246 25 0 0 
101 214 53 0 0 
86 267 37 0 0 
104 210 75 0 0 
167 205 36 0 0 
159 188 51 2 0 
211 253 122 0 0 
165 202 43 0 0 
119 206 57 0 0 
206 147 17 0 0 
134 209 40 9 0 
161 215 40 22 0 
163 215 107 0 0 
118 201 30 0 0 
81 286 80 10 0 
132 217 79 0 0 
187 166 65 4 0 
155 221 28 0 0 
193 157 51 0 0 
94 273 16 0 0 
202 215 106 1 0 
152 225 17 0 0 
151 244 66 0 0 
126 164 49 0 0 
74 181 104 32 0 
40 380 37 28 0 
91 285 100 2 0 
153 303 58 0 0 
147 227 46 6 0 
75 230 60 0 0 
54 261 54 0 0 
102 266 38 0 0 
181 281 50 0 0 
170 211 29 0 0 
147 187 106 0 0 
148 217 14 0 0 
105 258 37 0 0 
188 231 49 0 0 
154 238 89 0 0 
105 246 30 0 0 
77 344 48 1 0 
100 184 95 0 0 
70 213 107 0 0 
162 225 86 0 0 
32 224 94 0 0 
252 187 94 0 0 
118 258 19 0 0 
81 208 89 0 0 
162 151 85 0 0 
137 159 78 0 0 
191 246 37 0 0 
124 198 56 0 0 
109 243 33 0 0 
134 148 40 8 0 
93 329 55 0 0 
158 195 41 0 0 
109 322 85 0 0 
68 163 18 0 0 
162 250 22 2 0 
187 326 42 0 0 
192 192 57 0 0 
88 228 85 1 0 
165 347 34 0 0 
77 276 57 0 0 
103 169 51 0 0 
187 219 33 0 0 
141 212 61 0 0 
155 289 3 0 0 
133 247 48 0 0 
217 228 17 0 0 
69 318 84 0 0 
125 303 96 0 0 
73 228 152 0 0 
263 150 71 1 0 
53 242 47 0 0 
136 228 119 6 0 
101 305 42 10 0 
95 205 28 1 0 
234 147 70 0 0 
289 118 58 9 0 
22 298 104 23 0 
36 217 54 0 0 
90 216 49 0 0 
173 210 95 0 0 
132 134 54 0 0 
71 267 70 0 0 
106 176 68 0 0 
142 221 81 0 0 
149 129 103 0 0 
271 219 72 0 0 
136 188 105 0 0 
78 259 48 0 0 
123 228 32 0 0 
141 175 27 0 0 
220 244 42 0 0 
43 188 29 18 0 
80 220 65 0 0 
10 279 52 0 0 
141 107 115 1 0 
60 218 63 0 0 
146 282 46 0 0 
142 276 68 0 0 
250 266 0 0 0 
90 196 85 0 0 
93 201 104 28 0 
187 241 46 0 0 
88 208 113 1 0 
151 236 49 0 0 
101 177 37 0 0 
161 255 11 0 0 
132 171 92 0 0 
182 262 32 0 0 
94 143 76 0 0 
97 241 53 8 0 
136 235 97 1 0 
116 225 47 4 0 
110 285 74 0 0 
165 149 39 0 0 
143 218 51 24 0 
169 289 35 0 0 
141 170 79 0 0 
43 293 59 0 0 
78 328 32 0 0 
135 202 17 0 0 
107 291 90 0 0 
129 298 77 0 0 
138 259 30 2 0 
241 202 16 0 0 
122 174 76 0 0 
125 181 60 4 0 
110 248 17 0 0 
51 273 25 0 0 
223 317 17 0 0 
107 247 11 0 0 
101 236 107 0 0 
107 351 45 0 0 
170 174 97 0 0 
101 209 38 4 0 
91 161 65 0 0 
130 176 81 0 0 
177 216 16 1 0 
152 231 56 0 0 
99 156 50 0 0 
106 202 60 0 0 
115 269 29 0 0 
289 255 35 0 0 
197 198 29 0 0 
105 337 41 0 0 
100 141 79 0 0 
