0 31 0 
0 13 0 
0 75 0 
0 88 0 
0 12 0 
0 51 0 
0 113 4 
0 10 0 
0 21 0 
0 48 2 
0 80 1 
0 32 0 
0 64 0 
0 42 13 
0 54 2 
0 71 0 
0 88 0 
0 57 0 
0 97 6 
0 119 1 
0 44 0 
0 119 4 
0 33 0 
0 79 4 
0 114 0 
0 91 1 
0 50 0 
0 66 16 
0 75 4 
0 40 0 
0 132 0 
0 34 0 
0 52 0 
0 111 9 
0 88 5 
0 78 7 
0 75 0 
0 55 3 
0 91 0 
0 46 4 
0 76 25 
0 111 0 
0 43 0 
0 77 20 
0 27 0 
0 51 0 
0 46 0 
0 5 0 
0 71 0 
0 51 0 
0 95 25 
0 29 7 
0 42 0 
0 67 0 
0 85 0 
0 91 0 
0 93 0 
0 24 0 
0 51 0 
0 39 9 
0 59 0 
0 24 0 
0 48 0 
0 116 0 
0 34 2 
0 45 0 
0 120 3 
0 59 0 
0 48 0 
0 39 0 
0 99 0 
0 33 0 
0 49 0 
0 38 3 
0 25 0 
0 65 0 
0 48 0 
0 44 0 
0 58 0 
0 24 4 
0 125 0 
0 86 3 
0 63 0 
0 115 0 
0 65 0 
0 75 30 
0 68 0 
0 80 0 
0 62 0 
0 62 3 
0 27 0 
0 95 0 
0 78 0 
0 91 0 
0 60 2 
0 57 0 
0 29 8 
0 90 0 
0 55 0 
0 118 18 
0 58 0 
0 84 0 
0 99 0 
0 54 0 
0 20 0 
0 63 0 
0 50 0 
0 58 1 
0 29 0 
0 74 2 
0 18 0 
0 62 0 
0 56 3 
0 49 3 
0 69 4 
0 57 5 
0 40 0 
0 68 7 
0 32 0 
0 62 0 
0 49 0 
0 103 5 
0 150 4 
0 96 0 
0 72 0 
0 86 0 
0 94 13 
0 20 0 
0 73 0 
0 33 0 
0 67 3 
0 76 0 
0 62 0 
0 114 0 
0 27 0 
0 56 0 
0 83 0 
0 132 9 
0 48 0 
0 84 0 
0 102 10 
0 51 0 
0 69 5 
0 31 0 
0 82 0 
0 25 0 
0 81 4 
0 59 0 
0 74 0 
0 57 0 
0 65 0 
0 67 19 
0 66 0 
0 40 0 
0 43 0 
0 41 0 
0 30 5 
0 114 0 
0 63 0 
0 38 5 
0 57 0 
0 56 0 
0 25 1 
0 40 3 
0 33 1 
0 9 0 
0 113 2 
0 33 1 
0 42 0 
0 31 0 
0 48 0 
0 105 0 
0 63 0 
0 40 0 
0 69 5 
0 97 0 
0 61 5 
0 141 3 
0 37 0 
0 66 0 
0 33 0 
0 92 0 
0 17 0 
0 87 3 
0 20 0 
0 14 0 
0 47 8 
0 38 3 
0 91 0 
0 44 0 
0 245 0 
0 47 0 
0 44 2 
0 66 0 
0 29 0 
0 82 14 
0 98 0 
0 59 0 
0 38 0 
0 27 0 
0 117 4 
0 78 4 
0 66 0 
0 53 4 
0 49 0 
0 87 17 
0 46 0 
0 48 0 
0 101 5 
0 105 0 
0 123 16 
0 88 7 
0 34 3 
0 2 0 
0 106 0 
0 159 0 
0 16 0 
0 24 0 
0 90 2 
0 86 0 
0 45 0 
0 62 8 
0 95 9 
0 76 12 
0 34 6 
0 36 0 
0 65 0 
0 83 0 
0 67 0 
0 43 0 
0 68 5 
0 111 6 
0 51 0 
0 29 0 
0 63 6 
0 59 6 
0 71 12 
0 19 0 
0 73 7 
0 38 2 
0 77 0 
0 7 0 
0 60 0 
0 80 0 
0 7 0 
0 80 0 
0 38 0 
0 66 3 
0 82 35 
0 73 0 
0 17 0 
0 29 1 
0 69 0 
0 64 0 
0 67 0 
0 57 1 
0 113 1 
0 81 0 
0 9 0 
0 117 0 
0 13 0 
0 60 0 
0 44 0 
0 21 0 
0 111 7 
0 117 2 
0 111 0 
0 24 0 
0 39 0 
0 29 0 
0 81 0 
0 52 4 
0 63 2 
0 36 0 
0 79 3 
0 35 1 
0 92 0 
0 93 0 
0 71 0 
0 18 0 
0 75 6 
0 65 0 
0 59 0 
0 64 0 
0 113 6 
0 68 3 
0 71 1 
0 33 0 
0 96 0 
0 92 0 
0 162 21 
0 114 0 
0 52 0 
0 80 37 
0 72 12 
0 97 6 
0 77 1 
0 55 7 
0 61 0 
0 91 0 
0 81 0 
0 62 0 
0 40 0 
0 27 0 
0 59 0 
0 78 5 
0 111 0 
0 53 2 
0 79 0 
0 49 0 
0 115 8 
0 44 0 
0 50 0 
0 59 10 
0 101 28 
0 89 2 
0 62 0 
0 37 0 
0 34 6 
0 118 27 
0 34 3 
0 23 0 
0 73 5 
0 61 0 
0 27 0 
0 4 0 
0 128 0 
0 55 0 
0 59 0 
0 23 20 
0 123 0 
0 73 0 
0 67 2 
0 39 0 
0 16 0 
0 59 6 
0 26 10 
0 68 0 
0 44 0 
0 125 0 
0 78 0 
0 46 0 
0 131 0 
0 62 6 
0 43 0 
0 25 5 
0 80 0 
0 96 0 
0 72 8 
0 59 0 
0 99 0 
0 65 0 
0 40 0 
0 19 0 
0 73 0 
0 87 0 
0 20 0 
0 70 25 
0 101 11 
0 95 9 
0 45 0 
0 162 16 
0 109 1 
0 50 0 
0 100 0 
0 22 0 
0 43 0 
0 22 0 
0 61 0 
0 21 0 
0 38 1 
0 101 11 
0 108 0 
0 139 2 
0 87 0 
0 73 0 
0 54 0 
0 26 0 
0 98 0 
0 70 4 
0 84 9 
0 101 7 
0 35 0 
0 30 0 
0 74 7 
0 71 0 
0 103 0 
0 64 0 
0 60 0 
0 27 0 
0 144 9 
0 24 0 
0 63 9 
0 88 1 
0 80 0 
0 98 9 
0 67 0 
0 13 0 
0 43 0 
0 44 0 
0 39 0 
0 78 32 
0 35 0 
0 66 0 
0 3 0 
0 34 0 
0 88 0 
0 63 0 
0 60 12 
0 107 0 
0 42 0 
0 71 0 
0 86 0 
0 128 0 
0 93 3 
0 38 0 
0 88 2 
0 25 7 
0 32 0 
0 37 0 
0 26 3 
0 138 28 
0 98 0 
0 55 0 
0 9 0 
0 99 1 
0 91 0 
0 47 3 
0 23 0 
0 72 0 
0 13 0 
0 30 6 
0 39 12 
0 56 11 
0 42 0 
0 50 12 
0 71 9 
0 56 0 
0 28 0 
0 45 0 
0 28 0 
0 69 3 
0 48 0 
0 82 1 
0 116 2 
0 64 2 
0 16 0 
0 65 0 
0 102 0 
0 101 3 
0 54 5 
0 4 0 
0 51 0 
0 29 0 
0 108 4 
0 64 19 
0 35 0 
0 96 3 
0 127 0 
0 36 0 
0 37 0 
0 53 0 
0 69 0 
0 36 0 
0 54 0 
0 82 0 
0 53 0 
0 69 0 
0 59 0 
0 59 0 
0 58 21 
0 80 0 
0 56 0 
0 90 0 
0 192 0 
0 109 32 
0 63 10 
0 116 0 
0 79 0 
0 92 3 
0 31 0 
0 37 1 
0 72 13 
0 23 0 
0 17 0 
0 84 1 
0 27 11 
0 160 0 
0 25 0 
0 79 2 
0 27 0 
0 173 0 
0 41 2 
0 79 0 
0 78 0 
0 38 0 
0 120 0 
0 56 9 
0 30 0 
0 43 3 
0 42 0 
0 62 0 
0 52 21 
0 45 0 
0 71 2 
0 107 0 
0 94 0 
0 41 0 
0 25 3 
0 57 0 
0 37 0 
0 47 0 
0 85 1 
0 27 0 
0 55 0 
0 55 0 
0 80 27 
0 54 0 
0 75 0 
0 39 0 
0 60 7 
0 135 1 
0 107 19 
0 114 4 
0 98 17 
0 77 0 
0 42 9 
0 82 1 
0 116 0 
0 74 0 
0 26 0 
0 35 1 
0 78 0 
0 85 4 
0 53 0 
0 48 0 
0 49 1 
0 80 1 
0 141 0 
0 66 0 
0 13 0 
0 61 0 
0 52 0 
0 83 0 
0 121 5 
0 50 0 
0 55 0 
0 15 0 
0 61 0 
0 90 0 
0 86 28 
0 23 0 
0 30 0 
0 27 0 
0 87 0 
0 78 0 
0 84 7 
0 54 2 
0 170 9 
0 17 0 
0 33 0 
0 69 1 
0 72 0 
0 54 0 
0 61 0 
0 94 0 
0 55 0 
0 180 0 
0 33 9 
0 42 0 
0 100 0 
0 133 4 
0 102 0 
0 79 0 
0 30 4 
0 101 0 
0 86 0 
0 46 1 
0 71 0 
0 51 0 
0 68 2 
0 50 3 
0 47 0 
0 115 29 
0 61 11 
0 83 0 
0 48 15 
0 16 0 
0 23 4 
0 95 0 
0 41 0 
0 56 0 
0 36 0 
0 23 0 
0 85 0 
0 114 0 
0 92 15 
0 33 20 
0 82 1 
0 66 0 
0 62 0 
0 22 0 
0 73 2 
0 44 0 
0 45 0 
0 50 0 
0 102 9 
0 91 1 
0 44 0 
0 66 0 
0 89 13 
0 53 0 
0 70 6 
0 130 0 
0 81 7 
0 95 1 
0 11 0 
0 106 0 
0 58 0 
0 66 0 
0 62 2 
0 56 0 
0 31 4 
0 88 0 
0 50 9 
0 45 0 
0 85 0 
0 62 0 
0 37 0 
0 87 0 
0 114 25 
0 43 1 
0 135 0 
0 41 2 
0 121 0 
0 68 0 
0 80 0 
0 18 0 
0 69 0 
0 38 0 
0 62 4 
0 85 17 
0 78 0 
0 51 0 
0 114 5 
0 35 0 
0 35 0 
0 64 7 
0 152 10 
0 123 27 
0 118 0 
0 58 0 
0 95 7 
0 85 0 
0 68 0 
0 51 0 
0 107 0 
0 99 14 
0 45 12 
0 95 19 
0 35 0 
0 32 0 
0 43 0 
0 82 0 
0 74 0 
0 47 0 
0 74 35 
0 60 12 
0 111 0 
0 55 4 
0 35 0 
0 56 18 
0 84 5 
0 33 1 
0 32 0 
0 73 27 
0 46 0 
0 95 0 
0 55 7 
0 27 1 
0 38 2 
0 18 0 
0 88 2 
0 65 0 
0 81 1 
0 103 0 
0 60 1 
0 33 0 
0 87 0 
0 139 12 
0 84 0 
0 52 0 
0 29 0 
0 21 0 
0 78 4 
0 54 0 
0 67 0 
0 131 38 
0 101 0 
0 112 9 
0 63 0 
0 71 4 
0 58 0 
0 94 0 
0 59 7 
0 65 0 
0 40 0 
0 132 28 
0 64 0 
0 71 1 
0 45 10 
0 38 0 
0 80 0 
0 38 15 
0 59 5 
0 14 0 
0 98 35 
0 39 0 
0 33 0 
0 56 0 
0 89 13 
0 95 1 
0 81 0 
0 103 6 
0 91 0 
0 26 0 
0 45 0 
0 24 0 
0 73 4 
0 57 6 
0 57 6 
0 158 8 
0 82 0 
0 37 1 
0 81 0 
0 48 0 
0 43 0 
0 76 1 
0 70 0 
0 45 0 
0 26 5 
0 61 1 
0 13 4 
0 85 20 
0 120 0 
0 35 0 
0 80 0 
0 47 0 
0 94 0 
0 65 2 
0 75 3 
0 85 0 
0 162 4 
0 40 0 
0 118 0 
0 64 0 
0 67 2 
0 46 0 
0 150 9 
0 78 25 
0 70 0 
0 23 0 
0 58 0 
0 16 0 
0 91 0 
0 58 4 
0 14 0 
0 52 0 
0 107 14 
0 46 10 
0 53 0 
0 42 1 
0 60 10 
0 46 0 
0 55 2 
0 45 0 
0 20 8 
0 55 0 
0 62 4 
0 103 0 
0 37 0 
0 80 0 
0 46 0 
0 40 0 
0 17 7 
0 37 0 
0 150 4 
0 25 0 
0 36 0 
0 30 0 
0 45 7 
0 43 0 
0 98 0 
0 107 5 
0 44 0 
0 92 0 
0 62 8 
0 41 0 
0 54 0 
0 193 23 
0 32 0 
0 24 0 
0 11 0 
0 33 0 
0 72 0 
0 85 0 
0 68 0 
0 121 2 
0 106 2 
0 85 0 
0 53 0 
0 58 13 
0 72 1 
0 125 6 
0 52 0 
0 63 6 
0 49 0 
0 21 0 
0 66 0 
0 80 9 
0 58 0 
0 124 0 
0 58 15 
0 59 0 
0 66 0 
0 72 10 
0 59 0 
0 46 0 
0 70 12 
0 76 0 
0 55 0 
0 47 0 
0 20 0 
0 28 0 
0 17 0 
0 55 0 
0 78 5 
0 50 0 
0 54 0 
0 78 2 
0 92 13 
0 70 0 
0 47 16 
0 62 19 
0 92 0 
0 63 3 
0 43 1 
0 93 0 
0 9 0 
0 51 18 
0 94 4 
0 101 0 
0 161 20 
0 66 6 
0 40 7 
0 60 11 
0 37 0 
0 78 0 
0 90 0 
0 111 0 
0 54 2 
0 79 0 
0 147 13 
0 163 23 
0 47 1 
0 58 11 
0 37 0 
0 43 5 
0 63 0 
0 92 5 
0 71 0 
0 73 0 
0 25 0 
0 27 0 
0 59 0 
0 65 0 
0 65 7 
0 30 0 
0 57 0 
0 39 1 
0 23 0 
0 124 0 
0 49 0 
0 102 0 
0 55 0 
0 82 0 
0 86 5 
0 78 0 
0 113 0 
0 45 0 
0 38 7 
0 31 0 
0 34 9 
0 20 0 
0 49 0 
0 68 4 
0 66 0 
0 90 1 
0 32 0 
0 22 0 
0 76 6 
0 178 4 
0 82 0 
0 111 4 
0 37 0 
0 33 0 
0 42 0 
0 55 0 
0 63 0 
0 75 0 
0 92 0 
0 52 0 
0 44 0 
0 87 0 
0 71 0 
0 75 0 
0 29 0 
0 33 0 
0 62 10 
0 56 0 
0 47 5 
0 86 0 
0 57 0 
0 72 18 
0 114 0 
0 52 0 
0 56 5 
0 50 7 
0 55 0 
0 89 5 
0 49 9 
0 44 0 
0 87 0 
0 50 0 
0 84 0 
0 51 0 
0 37 1 
0 99 0 
0 47 0 
0 25 0 
0 62 4 
0 137 3 
0 24 0 
0 101 0 
0 52 0 
0 25 0 
0 57 0 
0 96 0 
0 44 0 
0 44 5 
0 9 0 
0 55 0 
0 43 0 
0 46 3 
0 67 0 
0 52 0 
0 40 0 
0 21 0 
0 69 20 
0 54 0 
0 95 2 
0 128 0 
0 34 0 
0 36 0 
0 81 5 
0 134 0 
0 36 0 
0 81 0 
0 63 0 
0 29 0 
0 66 0 
0 107 3 
0 103 0 
0 40 2 
0 66 0 
0 70 2 
0 86 0 
0 54 0 
0 125 0 
0 66 0 
0 17 0 
0 54 1 
0 41 0 
0 54 3 
0 71 5 
0 51 2 
0 35 9 
0 39 0 
0 34 0 
0 66 0 
0 90 10 
0 74 1 
0 105 3 
0 37 0 
0 57 0 
0 28 0 
0 63 0 
0 35 0 
0 57 0 
0 28 0 
