17 60 320 75 0 
8 88 175 23 0 
9 45 48 88 0 
17 68 194 85 3 
14 22 159 27 0 
5 75 395 76 0 
12 73 121 109 0 
9 31 306 77 0 
1 64 123 33 27 
17 67 127 58 0 
6 36 88 91 5 
30 57 179 116 6 
23 11 262 129 0 
8 166 110 221 1 
2 16 170 47 67 
15 55 122 28 10 
8 40 173 70 0 
4 84 119 56 0 
0 47 147 133 1 
13 59 342 57 0 
7 51 344 58 0 
0 206 127 46 12 
15 101 89 85 0 
32 122 224 12 0 
3 143 145 57 12 
16 59 130 74 0 
3 67 113 89 1 
2 27 134 102 0 
14 308 142 22 6 
19 93 203 126 1 
16 123 255 31 14 
9 90 99 112 0 
16 49 126 13 9 
12 27 381 9 0 
8 51 173 42 1 
23 6 59 98 22 
13 48 196 21 0 
7 103 204 48 3 
1 29 121 105 0 
11 25 103 61 0 
0 69 139 6 0 
39 79 192 93 0 
25 70 248 96 0 
2 59 213 118 0 
20 63 165 66 0 
19 113 164 38 0 
9 64 271 53 1 
6 92 128 59 0 
6 33 242 113 0 
9 74 241 71 0 
11 68 78 118 0 
20 97 134 61 0 
0 24 203 69 3 
0 128 96 143 0 
0 120 45 55 0 
9 93 130 50 0 
3 44 161 21 0 
7 23 144 38 0 
4 226 260 69 0 
11 64 220 59 0 
0 58 125 97 0 
17 146 126 69 0 
0 105 189 54 0 
8 76 111 66 0 
12 26 180 34 9 
11 184 117 24 2 
7 44 86 27 0 
6 70 132 24 0 
12 76 154 61 0 
0 95 282 37 0 
1 77 220 37 1 
3 109 122 72 0 
17 41 307 23 0 
4 69 39 152 0 
2 72 123 25 0 
9 16 295 30 0 
14 50 151 99 0 
0 110 191 116 0 
7 74 91 34 0 
45 28 107 12 10 
6 82 123 64 6 
31 60 121 159 0 
9 59 154 73 26 
12 29 170 67 0 
3 28 141 67 0 
15 43 230 91 2 
4 170 300 37 1 
2 53 164 70 0 
4 28 173 23 0 
11 145 127 22 0 
27 118 144 75 4 
6 113 115 33 27 
9 68 150 57 0 
3 24 155 84 2 
5 44 261 85 25 
17 65 98 80 0 
0 116 128 43 0 
7 41 84 136 11 
4 104 158 64 0 
2 37 224 43 0 
4 18 175 34 15 
3 23 35 42 0 
9 76 244 77 0 
2 70 218 132 2 
0 25 255 54 0 
21 35 179 21 0 
2 21 135 51 0 
4 94 289 63 0 
22 88 163 67 0 
11 30 207 61 95 
0 28 124 63 0 
1 62 178 115 0 
33 94 118 48 0 
12 32 126 107 0 
7 88 93 46 0 
1 84 112 37 17 
0 135 87 26 0 
7 42 129 60 0 
25 45 289 29 0 
3 98 152 67 0 
9 55 124 119 6 
13 75 193 71 0 
4 77 199 74 0 
0 123 92 126 0 
0 133 169 128 3 
4 41 107 161 0 
37 37 229 129 0 
7 13 93 40 0 
15 87 121 87 0 
4 65 253 38 0 
5 86 172 130 0 
18 38 257 39 0 
2 66 189 149 21 
11 72 144 107 0 
8 63 180 36 0 
9 101 68 87 0 
12 51 222 73 0 
19 117 121 29 0 
6 82 235 31 0 
0 83 67 113 0 
17 54 149 92 0 
17 96 203 54 0 
1 251 47 10 14 
7 25 117 45 0 
19 61 101 113 130 
9 145 141 149 0 
29 108 112 77 0 
4 113 125 32 2 
10 46 202 49 0 
6 69 120 139 0 
2 349 188 93 0 
51 73 166 86 0 
14 18 409 62 1 
4 99 251 30 13 
11 59 88 52 0 
1 37 146 95 0 
13 111 217 41 0 
19 68 108 188 0 
22 107 107 172 0 
3 52 112 37 25 
14 28 168 58 0 
3 56 174 14 4 
2 71 170 66 10 
6 108 84 64 0 
13 61 257 43 9 
9 114 134 136 0 
26 95 101 64 10 
12 59 164 77 5 
3 35 139 128 0 
10 40 175 23 0 
7 67 129 102 9 
8 124 149 62 3 
20 113 171 76 23 
6 224 103 104 0 
10 125 88 45 0 
21 65 129 143 0 
4 73 360 103 13 
2 139 152 126 41 
11 56 160 73 0 
1 46 143 45 0 
14 29 157 54 0 
7 234 186 21 1 
10 20 161 93 63 
8 17 81 81 0 
8 192 251 37 1 
6 97 204 29 1 
3 90 102 197 1 
32 160 214 98 0 
20 82 98 16 0 
6 76 89 182 1 
1 238 132 118 0 
12 66 269 85 0 
6 47 153 108 3 
30 34 205 80 3 
7 34 111 107 29 
3 54 126 38 0 
0 99 123 58 4 
3 107 98 108 1 
10 69 176 21 0 
8 71 161 35 0 
16 77 116 78 0 
7 73 116 21 1 
0 29 164 170 0 
4 74 204 111 0 
3 41 189 97 2 
3 57 163 103 0 
10 54 152 65 0 
0 93 76 132 4 
12 126 244 36 0 
10 32 261 78 0 
2 58 193 62 0 
4 75 199 35 0 
15 21 179 44 0 
1 31 255 31 0 
3 50 125 49 0 
16 40 349 45 6 
4 41 182 55 0 
0 94 90 75 0 
0 70 204 43 0 
1 148 189 12 0 
8 39 393 67 0 
35 26 81 39 0 
6 54 127 46 0 
13 39 138 34 0 
20 90 266 28 0 
15 92 224 15 0 
11 12 219 125 1 
4 105 177 93 0 
2 47 150 127 34 
8 39 144 112 0 
3 52 213 45 1 
4 21 152 132 41 
4 17 193 40 0 
2 93 188 56 0 
6 74 159 95 0 
24 28 236 40 0 
2 34 209 49 2 
3 85 269 53 0 
8 62 225 37 9 
6 41 298 107 0 
14 60 242 72 1 
1 41 127 90 0 
5 118 183 26 0 
2 43 175 52 8 
22 24 237 76 0 
42 12 178 103 0 
9 68 160 51 34 
4 104 69 99 0 
0 61 246 87 0 
2 49 354 17 3 
9 85 174 26 0 
2 56 215 195 1 
13 61 255 56 0 
36 59 144 85 0 
9 47 179 100 21 
3 78 207 80 6 
5 108 123 50 17 
2 46 120 122 0 
2 62 82 54 10 
3 73 160 29 0 
4 50 186 65 0 
14 125 268 88 4 
3 50 175 96 15 
7 156 268 124 0 
3 81 114 119 0 
10 30 218 199 0 
11 67 222 32 0 
8 76 175 75 1 
3 89 159 85 5 
0 90 214 65 3 
3 131 344 80 5 
2 45 128 92 3 
0 82 205 97 0 
3 95 185 165 0 
9 75 226 83 3 
33 38 103 70 0 
15 82 77 35 0 
12 101 93 35 0 
4 100 234 99 0 
1 165 213 69 0 
5 190 312 45 0 
18 88 259 33 0 
8 46 213 71 0 
1 79 284 75 0 
14 38 143 56 0 
6 48 261 58 8 
3 41 107 135 0 
12 71 190 186 0 
21 77 240 101 1 
3 17 245 38 0 
13 77 140 88 0 
0 48 139 100 2 
7 71 205 69 0 
30 63 146 58 7 
14 44 304 129 0 
1 22 77 83 0 
14 104 90 157 0 
23 33 60 118 0 
0 68 210 55 0 
5 111 188 61 0 
7 62 200 29 0 
3 86 191 42 0 
10 23 186 72 0 
11 46 230 54 0 
41 70 105 79 0 
58 61 199 54 1 
12 55 232 86 20 
12 69 175 58 4 
7 54 186 63 0 
47 45 162 33 0 
4 119 166 131 26 
9 72 184 142 27 
3 77 164 166 0 
1 75 167 22 0 
14 64 174 36 1 
27 107 112 84 1 
4 112 133 84 1 
4 133 202 201 0 
4 40 150 56 0 
9 78 179 79 1 
2 34 155 42 0 
3 54 115 93 0 
6 60 115 295 0 
7 90 260 78 0 
1 39 100 115 5 
13 16 175 79 0 
14 91 145 75 0 
8 70 161 26 0 
12 55 266 33 0 
11 32 119 56 0 
16 33 245 83 0 
3 74 141 55 0 
14 113 238 24 24 
6 56 190 130 0 
9 39 155 55 0 
2 55 170 3 0 
19 55 95 107 0 
12 14 235 124 9 
17 65 210 60 1 
9 103 207 87 0 
12 64 231 98 0 
8 247 157 49 0 
4 55 64 29 1 
7 50 217 69 0 
8 43 153 87 1 
7 40 124 163 0 
5 15 260 40 0 
2 87 149 61 0 
4 44 222 108 0 
4 72 104 46 0 
19 55 112 23 0 
4 173 124 78 3 
10 130 90 41 19 
5 104 108 101 0 
9 32 238 55 0 
10 54 169 132 0 
22 64 205 61 0 
4 92 266 85 0 
7 76 179 108 0 
7 81 192 53 66 
6 117 302 113 0 
6 45 116 121 2 
6 82 146 88 0 
14 50 150 32 19 
15 49 240 38 5 
19 48 194 166 0 
30 24 117 118 8 
10 83 267 76 0 
4 48 197 48 0 
3 85 80 136 0 
35 45 185 89 0 
9 129 45 104 3 
8 59 212 41 0 
1 55 93 49 0 
5 83 190 15 0 
4 91 200 92 0 
27 43 103 126 0 
22 52 150 33 2 
10 144 123 26 0 
5 32 229 49 0 
0 123 184 97 0 
1 89 299 75 0 
3 171 61 41 0 
8 80 183 56 3 
14 76 212 44 7 
2 62 95 268 0 
8 55 103 59 0 
20 37 154 71 0 
2 62 123 123 2 
3 86 191 143 0 
10 41 176 110 0 
6 67 178 86 13 
8 67 151 41 1 
8 218 172 45 2 
19 53 188 72 32 
14 68 189 42 0 
2 19 252 49 0 
13 59 155 63 0 
6 77 189 101 0 
2 46 148 47 17 
98 196 184 10 9 
15 129 179 66 8 
8 140 160 177 0 
5 43 157 46 3 
0 54 165 60 0 
5 96 141 53 12 
5 77 138 125 0 
0 97 134 11 0 
3 44 61 69 0 
16 12 266 161 1 
2 125 87 137 14 
15 127 47 59 1 
7 136 117 110 1 
6 88 142 121 0 
22 29 125 85 26 
2 87 178 17 1 
16 99 96 43 0 
4 22 135 43 0 
4 32 78 96 0 
0 77 200 36 33 
6 62 198 41 9 
1 9 140 112 0 
8 49 192 44 1 
0 145 120 47 0 
3 11 237 73 1 
2 107 103 37 0 
1 76 121 21 0 
15 128 70 50 3 
23 34 174 80 13 
0 53 172 109 0 
4 64 147 77 0 
12 19 72 78 0 
16 93 148 57 0 
0 119 228 28 7 
1 13 237 35 0 
3 14 221 89 6 
0 61 272 116 0 
7 64 159 31 0 
12 99 144 54 0 
3 87 167 80 0 
15 61 164 66 0 
5 23 147 93 5 
3 44 196 105 5 
6 118 192 58 0 
6 12 115 134 0 
1 54 143 178 3 
10 51 154 47 0 
5 100 220 101 0 
7 68 106 70 0 
26 125 182 28 0 
4 128 156 144 0 
0 43 324 102 0 
4 117 248 52 2 
21 28 294 53 0 
20 147 158 102 0 
9 113 192 66 1 
1 43 95 66 0 
12 95 123 100 0 
6 20 74 52 18 
15 42 221 66 0 
4 99 102 128 0 
12 27 132 83 0 
19 69 292 44 0 
9 84 290 100 0 
4 78 139 46 0 
17 254 64 73 13 
1 76 130 81 1 
11 124 170 86 0 
10 58 229 31 0 
4 129 64 44 6 
14 91 108 147 0 
6 26 242 17 1 
11 82 138 73 2 
8 16 211 58 0 
0 136 178 87 0 
28 70 250 119 1 
0 175 213 33 0 
1 82 111 133 4 
8 105 202 75 0 
8 99 126 154 0 
0 27 259 12 1 
11 21 324 45 7 
32 18 128 10 8 
15 44 158 17 0 
20 37 167 74 0 
8 29 227 90 0 
7 24 215 26 0 
13 10 188 44 0 
15 5 259 159 0 
2 38 364 113 0 
11 39 152 53 0 
26 76 225 41 3 
6 10 190 78 2 
20 152 114 85 0 
8 41 167 51 0 
12 83 291 18 0 
2 23 130 206 5 
5 101 183 39 0 
10 57 161 32 0 
1 59 89 201 0 
5 63 122 63 7 
8 132 105 68 0 
10 66 166 111 0 
10 37 173 42 0 
21 86 103 23 0 
7 73 103 222 0 
5 124 128 103 0 
7 70 195 166 13 
4 59 145 9 0 
14 68 215 163 1 
8 8 261 19 0 
6 42 149 100 0 
8 37 185 45 0 
8 88 233 137 18 
18 57 129 20 0 
13 65 92 151 0 
31 42 93 56 0 
10 28 157 161 0 
5 22 153 75 0 
1 287 115 89 0 
5 76 175 61 0 
9 41 315 6 0 
3 165 190 77 9 
27 61 176 57 0 
19 65 117 10 1 
8 77 184 131 0 
14 64 209 16 61 
24 13 215 98 2 
12 69 171 60 0 
5 103 208 57 0 
7 85 86 58 0 
0 104 172 221 0 
7 79 149 86 0 
15 34 172 53 0 
5 101 63 136 6 
11 130 123 90 0 
8 140 202 80 0 
3 113 152 38 0 
10 75 130 83 18 
8 68 181 98 0 
5 76 117 3 0 
5 29 128 180 0 
3 8 378 118 4 
4 83 86 63 3 
1 34 75 113 7 
13 57 304 1 1 
24 71 131 177 0 
51 106 228 12 0 
0 43 140 136 0 
6 16 193 79 37 
13 47 138 176 0 
5 59 162 21 0 
14 96 102 41 0 
12 35 189 18 7 
29 18 185 73 21 
10 116 162 20 5 
1 52 156 92 0 
5 251 328 125 0 
8 98 274 5 0 
9 44 162 118 0 
13 123 171 14 1 
7 62 174 136 3 
4 181 159 46 0 
21 107 113 91 0 
2 72 183 70 7 
3 45 260 71 0 
3 55 184 75 1 
16 23 180 130 11 
1 87 98 121 0 
2 84 212 46 1 
5 42 74 85 2 
23 52 92 124 13 
12 49 147 114 7 
3 40 175 136 10 
12 42 224 52 37 
21 73 113 60 11 
3 42 263 130 0 
12 97 72 51 0 
24 80 63 85 0 
25 44 284 88 0 
1 40 127 25 2 
19 151 118 29 1 
22 84 82 4 0 
7 56 131 129 0 
13 154 70 41 0 
6 53 240 57 0 
9 55 171 71 13 
15 113 269 55 1 
3 170 92 86 18 
48 135 72 89 1 
8 10 258 54 0 
1 83 162 27 0 
0 53 72 32 0 
14 26 153 22 0 
8 33 143 101 0 
3 72 135 23 0 
2 21 158 78 1 
0 104 130 109 7 
19 63 179 99 24 
4 54 243 76 0 
9 21 264 75 0 
3 76 118 135 0 
9 117 144 43 0 
5 90 170 102 10 
6 99 219 65 0 
37 66 286 71 0 
9 69 264 45 3 
7 96 126 76 0 
1 21 205 58 1 
3 188 230 15 0 
8 88 132 35 4 
1 42 300 13 0 
8 86 160 85 0 
9 124 188 37 0 
26 111 101 125 0 
2 16 276 96 8 
2 28 236 131 0 
3 95 106 55 9 
8 85 231 115 0 
7 75 118 56 1 
10 109 129 56 0 
2 74 170 23 2 
7 105 232 133 0 
2 82 132 54 38 
12 85 289 161 3 
0 89 106 75 0 
2 162 162 9 0 
37 52 232 122 60 
12 103 100 126 0 
23 67 231 45 10 
10 79 97 68 31 
2 65 257 48 0 
5 16 410 63 1 
16 40 197 66 10 
6 111 83 13 39 
12 56 168 74 0 
23 208 48 36 0 
6 110 254 13 0 
33 27 221 69 5 
3 1 214 55 0 
0 49 162 95 0 
2 72 221 183 0 
16 119 181 8 0 
7 115 289 45 2 
0 56 250 18 0 
7 24 143 97 0 
11 100 104 77 9 
6 53 226 159 0 
15 55 103 73 0 
13 65 215 46 0 
8 29 105 81 40 
5 37 150 39 1 
11 173 157 95 0 
23 47 191 59 41 
2 30 304 150 0 
6 43 206 21 0 
11 58 192 93 0 
0 16 198 30 75 
8 32 204 147 4 
12 57 258 59 0 
8 28 110 49 0 
3 13 173 39 4 
5 18 107 73 4 
20 30 158 147 0 
12 21 206 152 3 
4 14 148 38 9 
18 64 144 49 15 
0 6 202 40 0 
11 96 196 55 0 
4 65 53 91 0 
0 37 207 9 0 
3 75 281 18 0 
12 15 157 39 0 
40 46 193 54 0 
2 85 152 73 0 
1 95 169 40 0 
5 41 197 38 17 
20 93 203 111 0 
4 67 167 88 0 
11 55 112 46 8 
18 93 240 27 0 
1 77 240 35 1 
25 55 63 43 1 
2 98 197 71 0 
12 118 115 69 0 
19 175 174 44 7 
7 54 84 148 15 
15 71 129 76 1 
12 101 123 170 0 
11 100 117 38 0 
8 71 98 116 0 
2 127 204 108 0 
2 113 201 90 20 
15 164 116 181 0 
11 41 305 67 0 
4 153 98 108 4 
1 90 401 59 0 
22 19 200 107 0 
1 62 194 49 0 
28 59 109 44 0 
7 40 137 132 1 
2 33 119 34 1 
5 82 73 127 0 
4 38 105 123 1 
4 98 95 81 0 
6 27 194 245 0 
11 49 266 68 0 
16 26 121 91 9 
9 41 147 21 0 
10 130 112 22 1 
2 50 125 94 8 
4 84 199 57 0 
2 119 150 74 0 
2 72 146 44 2 
7 31 270 22 1 
1 48 115 94 1 
9 78 117 45 1 
1 48 186 72 0 
10 52 189 122 9 
10 32 307 27 39 
6 53 176 70 0 
33 48 174 63 14 
20 40 216 72 1 
34 35 93 19 0 
10 88 172 39 0 
3 105 136 56 9 
26 76 198 102 0 
15 59 120 162 1 
8 46 258 48 0 
39 28 263 43 7 
4 43 99 87 7 
8 70 161 77 0 
14 61 149 55 14 
10 96 137 25 1 
10 44 103 89 0 
3 74 137 35 1 
16 109 149 34 3 
6 117 111 70 0 
12 61 176 23 6 
3 101 161 39 21 
2 43 76 68 16 
10 63 210 148 0 
0 178 215 46 0 
14 16 171 36 0 
3 9 249 131 0 
10 40 118 63 0 
6 59 149 35 2 
1 67 121 39 26 
0 48 186 72 1 
7 105 156 18 0 
0 24 194 89 8 
12 14 151 7 3 
4 27 191 115 0 
2 65 144 52 1 
5 65 238 72 0 
1 96 195 22 21 
5 68 120 80 0 
5 106 264 21 1 
12 28 208 71 0 
2 61 99 181 1 
10 38 180 22 0 
1 13 126 192 3 
4 154 216 41 0 
18 36 157 75 0 
17 79 146 29 0 
19 50 127 242 0 
2 120 154 59 6 
3 60 222 87 0 
3 45 245 52 0 
7 55 125 46 1 
4 120 181 67 0 
36 31 222 54 4 
14 36 169 27 0 
2 43 72 83 20 
9 69 46 81 0 
4 74 73 121 6 
13 131 127 21 0 
10 41 122 29 0 
9 52 278 76 0 
3 151 78 47 23 
12 57 203 55 0 
4 30 255 69 0 
12 218 199 24 0 
3 48 173 175 0 
9 156 222 12 0 
8 92 131 16 1 
5 21 151 170 0 
3 56 118 82 0 
5 31 155 167 0 
15 81 174 53 0 
1 105 266 38 1 
10 72 191 142 0 
2 87 119 67 0 
27 10 313 26 0 
2 158 160 131 1 
20 67 101 102 7 
1 7 62 46 0 
27 22 146 40 0 
1 36 125 26 3 
2 31 99 52 0 
13 72 158 46 1 
5 44 144 45 1 
20 46 80 73 9 
12 60 148 49 0 
5 50 277 61 1 
2 47 150 85 9 
16 247 114 49 0 
4 88 164 49 2 
0 73 143 114 0 
2 96 139 83 0 
3 15 123 160 0 
13 16 187 47 0 
5 56 77 44 30 
6 135 77 75 81 
7 51 126 55 31 
13 44 123 115 0 
25 46 165 43 0 
7 59 360 34 1 
8 72 122 73 0 
0 91 84 44 0 
5 74 100 201 0 
14 46 223 110 0 
1 85 142 58 3 
3 65 116 64 0 
5 74 288 76 5 
9 121 195 77 0 
0 65 217 28 4 
5 69 157 81 7 
1 100 126 67 0 
57 62 44 209 0 
32 89 111 96 0 
2 110 187 33 2 
11 56 256 150 1 
23 89 255 12 0 
3 33 221 52 1 
4 39 174 33 3 
2 20 119 109 3 
3 78 194 32 0 
9 35 424 35 0 
3 64 158 180 3 
10 182 110 45 0 
15 85 223 62 1 
4 51 220 73 0 
1 87 168 79 0 
13 66 95 26 8 
12 17 233 122 8 
7 88 197 32 0 
20 50 221 43 0 
9 24 264 44 0 
2 73 111 14 16 
5 69 133 187 4 
9 44 333 58 0 
4 50 256 70 0 
2 71 104 86 0 
28 139 185 103 0 
4 43 100 117 0 
3 94 148 98 12 
2 119 184 38 0 
12 27 209 62 0 
3 77 232 70 0 
2 54 175 40 0 
16 58 182 50 0 
13 152 140 61 0 
5 70 216 14 9 
10 120 178 55 0 
0 106 146 124 0 
14 59 99 56 0 
2 15 183 105 3 
36 60 224 61 1 
31 59 135 136 113 
14 123 144 46 0 
6 36 207 33 0 
10 78 211 21 38 
2 43 181 31 0 
4 178 89 93 0 
9 75 252 36 1 
0 92 199 62 0 
0 146 228 26 0 
6 78 148 102 0 
12 63 146 16 5 
3 102 132 41 9 
26 46 171 178 0 
2 103 101 61 0 
22 99 104 38 0 
7 28 168 35 21 
4 72 77 27 1 
36 30 80 110 67 
12 139 106 61 0 
7 87 226 45 1 
4 95 296 95 2 
11 108 288 87 5 
11 135 219 74 1 
9 58 213 77 0 
10 74 172 133 0 
1 34 172 212 1 
0 52 171 159 0 
14 125 104 70 1 
1 77 105 49 0 
14 69 131 112 0 
8 82 93 50 21 
29 19 139 52 0 
11 87 137 25 10 
7 55 237 49 0 
16 114 184 88 1 
8 173 127 102 1 
3 232 99 122 0 
7 31 212 49 0 
19 85 157 86 0 
18 172 123 71 0 
9 35 153 64 1 
50 121 145 8 1 
7 41 135 55 0 
3 36 175 74 27 
7 89 195 65 1 
7 77 233 70 1 
15 97 183 54 2 
5 55 178 99 1 
32 134 126 60 0 
42 92 49 29 13 
4 119 233 21 0 
2 67 202 106 0 
10 23 347 9 13 
0 121 161 166 0 
40 65 225 89 26 
50 84 165 89 0 
14 84 171 22 0 
9 138 131 112 0 
17 54 169 39 37 
9 34 215 38 0 
31 72 246 46 5 
17 105 222 81 0 
2 34 171 72 0 
0 48 284 51 0 
2 74 185 49 0 
0 55 140 97 0 
17 92 117 23 29 
0 72 182 130 0 
8 48 127 43 8 
7 125 73 13 0 
1 48 137 122 7 
4 148 126 100 0 
23 39 285 18 0 
1 56 99 104 0 
1 85 173 84 0 
2 46 173 86 0 
1 103 146 74 6 
3 96 151 98 1 
0 62 158 181 0 
19 5 341 41 0 
18 24 162 43 0 
3 156 129 137 0 
3 50 107 156 0 
1 81 139 37 7 
1 101 225 76 11 
8 50 110 169 0 
8 63 254 123 1 
5 40 116 148 4 
0 90 253 45 6 
16 80 159 32 0 
11 15 114 97 0 
5 35 179 67 0 
5 129 100 68 8 
5 219 195 78 15 
9 53 77 2 9 
14 85 87 102 0 
56 67 193 70 0 
5 49 122 74 0 
5 19 237 103 0 
2 35 166 36 0 
22 84 111 95 0 
10 65 116 101 19 
3 99 140 95 0 
12 89 160 77 9 
32 73 174 93 1 
2 46 174 122 0 
24 14 174 51 0 
4 71 185 74 2 
4 47 139 101 0 
2 71 140 118 5 
3 15 126 20 1 
7 57 202 59 0 
7 20 225 108 11 
21 79 129 116 0 
5 69 149 217 12 
16 69 54 5 0 
13 19 134 37 0 
0 48 302 65 0 
23 67 224 37 53 
7 82 161 101 0 
9 30 97 45 38 
2 56 148 82 0 
3 82 150 62 0 
27 46 160 101 0 
4 56 218 23 0 
8 96 255 102 1 
13 76 128 106 0 
23 32 101 113 0 
16 116 136 40 0 
4 60 185 131 0 
4 61 71 223 1 
