0 93 41 
0 119 24 
0 60 5 
0 87 20 
0 119 10 
0 66 40 
0 74 34 
0 99 28 
0 81 26 
0 125 46 
0 95 30 
0 157 24 
0 76 28 
0 144 10 
0 143 18 
0 134 56 
0 98 8 
0 70 28 
0 154 15 
0 180 64 
0 123 25 
0 57 14 
0 143 15 
0 43 15 
0 92 34 
0 124 62 
0 98 75 
0 109 69 
0 137 2 
0 66 17 
0 108 29 
0 83 19 
0 109 48 
0 86 52 
0 90 39 
0 99 26 
0 80 16 
0 104 71 
0 134 63 
0 86 77 
0 118 36 
0 107 72 
0 92 45 
0 88 37 
0 152 30 
0 112 181 
0 78 36 
0 141 12 
0 109 12 
0 176 13 
0 118 10 
0 67 19 
0 52 20 
0 110 22 
0 151 76 
0 90 18 
0 156 53 
0 93 1 
0 127 30 
0 99 71 
0 75 4 
0 115 36 
0 111 35 
0 109 48 
0 127 51 
0 117 73 
0 61 24 
0 135 16 
0 48 55 
0 106 61 
0 93 55 
0 112 17 
0 53 46 
0 165 42 
0 92 27 
0 101 11 
0 154 39 
0 59 12 
0 105 62 
0 125 64 
0 169 11 
0 72 59 
0 37 98 
0 92 15 
0 136 40 
0 115 24 
0 94 51 
0 85 108 
0 92 4 
0 134 31 
0 157 87 
0 71 37 
0 107 36 
0 84 46 
0 101 5 
0 40 74 
0 112 44 
0 97 32 
0 136 11 
0 175 90 
0 89 18 
0 130 40 
0 76 38 
0 175 20 
0 96 1 
0 114 8 
0 144 49 
0 138 33 
0 159 43 
0 66 0 
0 109 43 
0 70 20 
0 81 59 
0 126 23 
0 100 16 
0 92 71 
0 83 99 
0 173 3 
0 112 53 
0 163 10 
0 44 7 
0 123 17 
0 66 26 
0 144 97 
0 81 27 
0 138 84 
0 95 52 
0 105 88 
0 140 62 
0 88 3 
0 91 65 
0 117 5 
0 87 77 
0 82 45 
0 95 19 
0 145 57 
0 172 13 
0 77 14 
0 91 24 
0 76 14 
0 132 93 
0 104 40 
0 106 51 
0 144 54 
0 106 93 
0 109 59 
0 115 43 
0 84 17 
0 95 6 
0 129 0 
0 130 19 
0 81 13 
0 168 4 
0 78 14 
0 134 71 
0 142 8 
0 96 21 
0 96 21 
0 85 65 
0 131 19 
0 123 58 
0 85 15 
0 79 36 
0 164 50 
0 99 33 
0 119 25 
0 63 7 
0 145 76 
0 100 59 
0 123 19 
0 150 32 
0 126 46 
0 93 24 
0 150 30 
0 96 22 
0 132 42 
0 157 70 
0 69 8 
0 75 56 
0 72 40 
0 172 24 
0 63 39 
0 127 27 
0 130 84 
0 90 11 
0 110 48 
0 178 70 
0 158 26 
0 103 33 
0 121 11 
0 113 148 
0 91 42 
0 99 44 
0 87 81 
0 67 23 
0 56 56 
0 61 3 
0 100 102 
0 70 31 
0 78 16 
0 124 48 
0 70 109 
0 145 14 
0 117 56 
0 95 30 
0 94 27 
0 75 13 
0 139 13 
0 92 18 
0 51 44 
0 121 18 
0 130 38 
0 151 44 
0 144 16 
0 154 92 
0 74 32 
0 95 57 
0 118 14 
0 116 59 
0 109 10 
0 112 30 
0 138 9 
0 101 1 
0 98 24 
0 86 37 
0 158 96 
0 109 68 
0 121 5 
0 124 87 
0 112 12 
0 138 73 
0 129 34 
0 108 19 
0 62 32 
0 74 108 
0 64 7 
0 161 142 
0 51 75 
0 131 40 
0 121 41 
0 60 26 
0 116 12 
0 70 46 
0 104 4 
0 54 67 
0 116 10 
0 41 59 
0 140 40 
0 165 26 
0 111 22 
0 70 5 
0 81 19 
0 119 30 
0 79 9 
0 73 46 
0 104 4 
0 114 35 
0 118 4 
0 126 107 
0 119 4 
0 115 27 
0 54 11 
0 165 41 
0 166 40 
0 147 56 
0 85 18 
0 142 7 
0 88 33 
0 86 36 
0 98 55 
0 156 25 
0 84 63 
0 99 40 
0 116 75 
0 90 42 
0 100 86 
0 78 13 
0 135 14 
0 74 41 
0 117 12 
0 81 2 
0 137 43 
0 69 10 
0 70 52 
0 95 76 
0 106 20 
0 167 0 
0 62 23 
0 121 1 
0 96 8 
0 138 46 
0 84 5 
0 108 70 
0 97 22 
0 163 39 
0 121 7 
0 142 94 
0 48 134 
0 126 24 
0 98 52 
0 91 21 
0 105 7 
0 93 73 
0 174 0 
0 80 48 
0 110 6 
0 112 44 
0 189 36 
0 145 23 
0 105 41 
0 65 55 
0 110 31 
0 98 33 
0 136 73 
0 64 14 
0 136 12 
0 66 106 
0 89 84 
0 142 57 
0 47 33 
0 76 11 
0 117 33 
0 100 23 
0 151 19 
0 84 119 
0 95 34 
0 129 6 
0 118 61 
0 106 18 
0 100 32 
0 125 33 
0 75 3 
0 101 124 
0 89 30 
0 81 37 
0 135 72 
0 138 41 
0 86 85 
0 127 103 
0 101 44 
0 104 40 
0 98 2 
0 157 0 
0 77 25 
0 100 27 
0 95 102 
0 148 43 
0 147 38 
0 92 48 
0 122 32 
0 147 26 
0 130 60 
0 77 1 
0 92 54 
0 48 50 
0 42 71 
0 99 27 
0 193 61 
0 132 18 
0 245 28 
0 103 118 
0 148 38 
0 86 10 
0 58 52 
0 147 34 
0 122 72 
0 87 51 
0 42 22 
0 81 7 
0 135 47 
0 117 36 
0 93 43 
0 118 18 
0 65 48 
0 80 60 
0 121 14 
0 62 24 
0 97 26 
0 151 49 
0 82 111 
0 39 17 
0 108 20 
0 170 53 
0 43 55 
0 47 74 
0 91 108 
0 160 33 
0 107 16 
0 71 40 
0 115 83 
0 167 6 
0 98 20 
0 116 14 
0 82 32 
0 143 13 
0 71 10 
0 72 31 
0 112 87 
0 120 36 
0 141 21 
0 126 49 
0 64 49 
0 109 24 
0 55 31 
0 129 35 
0 151 43 
0 53 60 
0 126 93 
0 54 19 
0 61 79 
0 183 5 
0 136 53 
0 115 81 
0 142 23 
0 66 12 
0 105 23 
0 72 64 
0 83 35 
0 102 14 
0 85 72 
0 134 15 
0 119 22 
0 63 100 
0 140 12 
0 149 30 
0 131 37 
0 68 18 
0 101 1 
0 79 20 
0 102 74 
0 63 25 
0 98 54 
0 52 11 
0 57 6 
0 85 33 
0 112 21 
0 109 33 
0 138 31 
0 104 59 
0 85 8 
0 141 15 
0 21 31 
0 112 13 
0 140 12 
0 117 44 
0 83 78 
0 107 58 
0 123 9 
0 60 29 
0 47 23 
0 189 6 
0 157 36 
0 120 55 
0 92 14 
0 108 36 
0 139 49 
0 107 3 
0 47 54 
0 94 4 
0 63 23 
0 92 31 
0 100 39 
0 95 19 
0 135 25 
0 112 32 
0 70 37 
0 111 20 
0 112 30 
0 125 40 
0 182 12 
0 114 69 
0 81 46 
0 120 34 
0 113 60 
0 119 17 
0 131 48 
0 98 92 
0 85 21 
0 137 1 
0 155 87 
0 131 56 
0 123 42 
0 111 17 
0 117 63 
0 62 34 
0 175 10 
0 95 113 
0 124 37 
0 79 24 
0 121 20 
0 87 23 
0 57 77 
0 120 60 
0 110 6 
0 86 46 
0 93 23 
0 81 67 
0 130 26 
0 109 63 
0 128 26 
0 85 26 
0 80 14 
0 166 17 
0 83 17 
0 150 41 
0 88 15 
0 110 47 
0 84 48 
0 120 134 
0 87 81 
0 101 170 
0 95 26 
0 134 24 
0 121 39 
0 87 107 
0 102 41 
0 100 35 
0 87 22 
0 37 18 
0 44 41 
0 78 38 
0 177 49 
0 146 17 
0 113 24 
0 69 97 
0 109 15 
0 79 31 
0 112 2 
0 153 22 
0 86 24 
0 154 9 
0 107 51 
0 203 60 
0 109 73 
0 118 28 
0 98 44 
0 118 31 
0 156 15 
0 130 10 
0 105 43 
0 70 60 
0 88 41 
0 99 3 
0 130 58 
0 123 33 
0 198 14 
0 136 26 
0 121 15 
0 99 52 
0 156 27 
0 127 48 
0 142 35 
0 107 28 
0 91 2 
0 71 37 
0 148 42 
0 155 103 
0 159 13 
0 117 24 
0 49 21 
0 90 21 
0 141 32 
0 81 49 
0 115 37 
0 136 22 
0 124 29 
0 95 19 
0 93 64 
0 179 60 
0 81 62 
0 101 22 
0 93 13 
0 152 22 
0 150 41 
0 98 48 
0 65 11 
0 128 75 
0 181 24 
0 102 0 
0 120 7 
0 135 100 
0 103 11 
0 64 62 
0 93 42 
0 130 52 
0 78 27 
0 109 20 
0 81 14 
0 104 24 
0 110 42 
0 44 47 
0 44 39 
0 55 43 
0 144 51 
0 73 43 
0 154 11 
0 79 56 
0 149 25 
0 129 26 
0 147 84 
0 126 38 
0 91 6 
0 136 48 
0 121 54 
0 126 35 
0 146 24 
0 56 28 
0 130 66 
0 129 79 
0 91 33 
0 79 100 
0 84 23 
0 120 36 
0 139 57 
0 121 2 
0 145 31 
0 166 13 
0 80 84 
0 116 24 
0 149 21 
0 93 65 
0 124 38 
0 87 61 
0 144 64 
0 122 25 
0 58 13 
0 116 142 
0 118 26 
0 173 49 
0 102 34 
0 126 116 
0 143 89 
0 81 86 
0 141 38 
0 136 32 
0 129 21 
0 62 39 
0 68 10 
0 59 74 
0 86 73 
0 100 29 
0 66 137 
0 157 2 
0 97 28 
0 134 67 
0 134 12 
0 92 22 
0 85 42 
0 57 54 
0 137 13 
0 110 9 
0 144 4 
0 178 21 
0 44 102 
0 86 30 
0 114 38 
0 148 59 
0 58 34 
0 117 10 
0 116 32 
0 64 56 
0 104 47 
0 68 18 
0 197 14 
0 54 49 
0 90 32 
0 65 126 
0 115 39 
0 71 21 
0 112 10 
0 98 87 
0 143 43 
0 88 31 
0 75 71 
0 110 47 
0 143 8 
0 64 38 
0 114 6 
0 60 32 
0 116 7 
0 117 47 
0 93 12 
0 75 9 
0 141 17 
0 138 37 
0 134 98 
0 163 30 
0 118 16 
0 129 56 
0 141 18 
0 91 41 
0 72 14 
0 143 16 
0 100 136 
0 52 43 
0 71 60 
0 126 49 
0 85 45 
0 164 31 
0 106 39 
0 110 31 
0 106 79 
0 160 118 
0 33 73 
0 80 20 
0 90 9 
0 75 30 
0 163 41 
0 152 5 
0 99 23 
0 133 9 
0 114 86 
0 106 20 
0 124 31 
0 165 13 
0 94 40 
0 110 78 
0 189 26 
0 105 71 
0 107 23 
0 81 22 
0 105 41 
0 176 20 
0 67 24 
0 98 45 
0 109 49 
0 116 34 
0 206 83 
0 118 71 
0 100 64 
0 163 38 
0 135 61 
0 62 56 
0 67 34 
0 59 21 
0 121 95 
0 98 34 
0 125 59 
0 102 22 
0 116 34 
0 49 83 
0 94 24 
0 75 43 
0 86 64 
0 80 43 
0 107 24 
0 73 38 
0 102 28 
0 166 27 
0 115 37 
0 103 18 
0 109 17 
0 151 2 
0 128 77 
0 116 26 
0 158 25 
0 112 81 
0 85 41 
0 75 24 
0 94 40 
0 91 48 
0 88 86 
0 58 28 
0 104 29 
0 128 43 
0 111 9 
0 113 48 
0 110 68 
0 100 18 
0 106 62 
0 98 40 
0 169 57 
0 117 23 
0 92 66 
0 157 46 
0 173 26 
0 153 61 
0 177 27 
0 130 35 
0 109 29 
0 153 7 
0 96 31 
0 101 104 
0 132 29 
0 61 48 
0 72 28 
0 127 12 
0 157 47 
0 111 49 
0 148 32 
0 106 22 
0 129 79 
0 110 30 
0 158 19 
0 75 17 
0 76 41 
0 151 162 
0 122 39 
0 111 4 
0 90 5 
0 117 80 
0 95 33 
0 147 32 
0 75 76 
0 175 27 
0 69 65 
0 87 19 
0 130 38 
0 164 31 
0 122 59 
0 90 22 
0 140 51 
0 88 48 
0 72 49 
0 102 36 
0 182 80 
0 131 12 
0 110 50 
0 154 78 
0 104 33 
0 46 24 
0 65 42 
0 167 54 
0 122 51 
0 106 43 
0 99 8 
0 102 21 
0 125 64 
0 86 14 
0 103 3 
0 146 64 
0 137 38 
0 86 25 
0 109 30 
0 137 71 
0 118 88 
0 107 12 
0 99 75 
0 114 47 
0 107 84 
0 107 34 
0 114 21 
0 114 63 
0 123 76 
0 91 69 
0 120 46 
0 76 73 
0 76 58 
0 101 57 
0 73 38 
0 113 29 
0 70 21 
0 86 15 
0 79 2 
0 211 107 
0 93 153 
0 132 36 
0 154 31 
0 58 34 
0 84 22 
0 101 39 
0 100 8 
0 97 46 
0 79 24 
0 81 11 
0 110 92 
0 90 20 
0 90 54 
0 81 12 
0 89 11 
0 90 97 
0 72 20 
0 94 15 
0 138 21 
0 71 57 
0 69 49 
0 101 9 
0 120 49 
0 94 25 
0 121 24 
0 104 22 
0 118 36 
0 163 10 
0 168 50 
0 184 14 
0 114 27 
0 104 32 
0 115 17 
0 81 72 
0 125 73 
0 121 38 
0 86 4 
0 74 41 
0 52 143 
0 122 37 
0 95 54 
0 169 33 
0 57 34 
0 138 19 
0 108 60 
0 66 33 
0 88 1 
0 95 111 
0 86 27 
0 129 30 
0 134 75 
0 113 60 
0 107 24 
0 147 40 
0 111 73 
0 138 12 
0 185 18 
0 114 34 
0 130 49 
0 159 25 
0 91 35 
0 140 31 
0 118 21 
0 87 12 
0 89 20 
0 123 26 
0 51 3 
0 116 2 
0 81 30 
0 63 43 
0 85 22 
0 125 32 
0 76 6 
0 95 86 
0 123 43 
0 203 22 
0 109 100 
0 151 35 
0 92 2 
0 147 34 
0 91 170 
0 128 20 
0 174 30 
0 116 22 
0 74 18 
0 63 14 
0 104 11 
0 79 26 
0 81 48 
0 71 33 
0 166 40 
0 101 17 
0 122 35 
0 69 1 
0 103 48 
0 114 23 
0 80 102 
0 104 23 
0 98 24 
0 107 71 
0 83 20 
0 105 23 
0 74 51 
0 25 20 
0 88 13 
0 95 87 
0 130 9 
0 132 41 
0 120 98 
0 140 53 
0 77 29 
0 68 21 
0 94 7 
0 111 56 
0 85 26 
0 144 45 
0 147 19 
0 118 33 
0 57 55 
0 127 48 
0 110 81 
0 141 70 
0 164 32 
0 132 68 
0 85 49 
0 113 42 
0 121 55 
0 19 63 
0 85 39 
0 63 11 
0 62 26 
0 194 35 
0 120 16 
0 83 8 
0 126 38 
0 127 29 
0 98 12 
0 75 75 
0 43 12 
0 107 61 
0 184 31 
0 136 21 
0 59 74 
0 71 122 
0 77 47 
