0 28 121 
0 20 132 
0 8 190 
0 28 165 
0 7 156 
0 28 154 
0 25 92 
0 2 143 
0 5 171 
0 26 207 
0 15 98 
0 4 264 
0 1 174 
0 18 217 
0 38 167 
0 29 126 
0 9 177 
0 40 158 
0 16 222 
0 5 201 
0 13 142 
0 26 116 
0 7 216 
0 27 83 
0 1 206 
0 4 125 
0 14 191 
0 12 126 
0 9 131 
0 9 147 
0 12 199 
0 7 118 
0 39 209 
0 54 175 
0 0 348 
0 40 159 
0 28 97 
0 24 212 
0 37 175 
0 21 424 
0 4 195 
0 16 178 
0 4 216 
0 13 188 
0 18 220 
0 13 119 
0 34 255 
0 22 186 
0 22 190 
0 7 176 
0 22 241 
0 2 201 
0 6 164 
0 5 151 
0 33 133 
0 4 156 
0 1 233 
0 9 162 
0 2 99 
0 8 123 
0 10 169 
0 2 96 
0 32 280 
0 1 117 
0 19 167 
0 0 183 
0 3 117 
0 17 114 
0 15 407 
0 1 293 
0 21 189 
0 29 82 
0 1 330 
0 17 100 
0 33 107 
0 24 88 
0 18 113 
0 30 186 
0 14 251 
0 6 205 
0 35 86 
0 24 121 
0 35 173 
0 34 119 
0 15 246 
0 19 211 
0 0 109 
0 7 212 
0 20 119 
0 22 199 
0 16 167 
0 4 293 
0 0 139 
0 28 169 
0 38 164 
0 22 179 
0 5 110 
0 7 82 
0 21 95 
0 15 252 
0 6 125 
0 14 204 
0 58 140 
0 18 92 
0 6 191 
0 46 209 
0 9 168 
0 23 139 
0 13 130 
0 8 149 
0 43 212 
0 26 225 
0 18 93 
0 18 228 
0 34 165 
0 47 152 
0 26 136 
0 14 263 
0 8 176 
0 13 175 
0 26 179 
0 12 207 
0 7 170 
0 21 214 
0 2 154 
0 3 125 
0 31 207 
0 6 244 
0 18 253 
0 23 136 
0 7 116 
0 32 123 
0 1 165 
0 2 178 
0 7 191 
0 45 156 
0 7 187 
0 8 266 
0 15 243 
0 37 228 
0 21 206 
0 21 326 
0 2 136 
0 27 193 
0 26 244 
0 21 79 
0 12 176 
0 38 187 
0 2 179 
0 15 166 
0 5 165 
0 34 163 
0 1 135 
0 20 244 
0 5 99 
0 12 245 
0 13 103 
0 0 258 
0 21 168 
0 2 123 
0 29 179 
0 13 138 
0 1 180 
0 10 174 
0 9 144 
0 8 137 
0 34 327 
0 9 168 
0 5 201 
0 3 164 
0 34 125 
0 33 105 
0 24 316 
0 3 191 
0 31 130 
0 10 158 
0 2 168 
0 9 182 
0 5 187 
0 4 165 
0 10 117 
0 3 177 
0 20 205 
0 7 268 
0 16 174 
0 4 168 
0 21 133 
0 42 151 
0 14 94 
0 8 134 
0 16 198 
0 27 219 
0 25 214 
0 0 113 
0 40 119 
0 38 217 
0 18 190 
0 0 137 
0 29 155 
0 14 198 
0 24 129 
0 6 81 
0 31 163 
0 35 139 
0 13 208 
0 12 128 
0 41 160 
0 6 147 
0 31 225 
0 51 220 
0 11 148 
0 10 151 
0 12 136 
0 60 135 
0 27 146 
0 39 98 
0 13 148 
0 23 173 
0 4 155 
0 36 178 
0 30 75 
0 15 177 
0 37 140 
0 19 278 
0 11 299 
0 30 205 
0 3 236 
0 24 139 
0 48 233 
0 23 141 
0 7 150 
0 7 171 
0 17 168 
0 5 204 
0 14 171 
0 0 131 
0 2 117 
0 7 199 
0 41 170 
0 5 150 
0 3 185 
0 16 148 
0 9 230 
0 26 156 
0 4 284 
0 23 167 
0 13 143 
0 4 193 
0 5 315 
0 12 236 
0 1 139 
0 22 89 
0 6 182 
0 29 96 
0 0 241 
0 48 192 
0 3 143 
0 6 171 
0 15 132 
0 4 220 
0 13 239 
0 14 197 
0 17 134 
0 10 175 
0 9 152 
0 9 87 
0 9 315 
0 17 80 
0 8 147 
0 11 127 
0 1 115 
0 5 155 
0 13 256 
0 24 177 
0 0 358 
0 22 114 
0 0 176 
0 9 105 
0 4 160 
0 21 246 
0 10 239 
0 8 174 
0 13 201 
0 0 284 
0 11 209 
0 11 174 
0 7 231 
0 25 185 
0 0 196 
0 18 183 
0 29 120 
0 15 193 
0 3 257 
0 9 209 
0 26 174 
0 5 256 
0 25 146 
0 9 223 
0 10 218 
0 19 127 
0 0 189 
0 29 124 
0 42 168 
0 25 179 
0 20 148 
0 22 187 
0 36 155 
0 10 88 
0 24 400 
0 48 158 
0 18 228 
0 22 226 
0 22 215 
0 4 141 
0 13 274 
0 18 124 
0 8 153 
0 16 83 
0 16 158 
0 1 165 
0 3 170 
0 3 137 
0 41 157 
0 18 141 
0 1 115 
0 11 172 
0 9 101 
0 17 48 
0 20 189 
0 5 115 
0 10 127 
0 13 141 
0 3 153 
0 22 231 
0 18 153 
0 13 140 
0 5 175 
0 31 234 
0 1 174 
0 50 120 
0 18 158 
0 25 110 
0 34 257 
0 25 110 
0 24 221 
0 5 159 
0 32 143 
0 58 105 
0 3 208 
0 23 148 
0 22 103 
0 11 220 
0 17 141 
0 11 163 
0 29 152 
0 62 92 
0 44 211 
0 30 258 
0 26 150 
0 16 217 
0 25 205 
0 8 128 
0 5 154 
0 27 181 
0 48 176 
0 16 184 
0 6 132 
0 28 179 
0 33 120 
0 21 189 
0 7 148 
0 21 157 
0 26 265 
0 25 203 
0 3 198 
0 1 149 
0 10 153 
0 12 146 
0 12 103 
0 7 200 
0 6 101 
0 14 281 
0 8 269 
0 32 142 
0 4 75 
0 18 183 
0 20 129 
0 4 147 
0 27 122 
0 6 168 
0 1 174 
0 14 106 
0 11 155 
0 20 147 
0 40 265 
0 34 129 
0 41 125 
0 2 117 
0 32 103 
0 17 165 
0 4 142 
0 11 205 
0 11 129 
0 17 214 
0 2 102 
0 33 241 
0 8 279 
0 2 99 
0 18 95 
0 9 143 
0 6 177 
0 24 172 
0 18 192 
0 17 149 
0 9 215 
0 6 295 
0 2 169 
0 19 138 
0 11 130 
0 17 75 
0 17 242 
0 6 179 
0 50 182 
0 1 268 
0 0 206 
0 44 125 
0 11 110 
0 26 140 
0 30 176 
0 12 188 
0 19 122 
0 36 103 
0 29 115 
0 11 189 
0 25 207 
0 18 255 
0 6 110 
0 11 167 
0 0 156 
0 10 187 
0 6 109 
0 29 240 
0 15 158 
0 16 126 
0 22 226 
0 7 124 
0 0 159 
0 25 118 
0 26 192 
0 8 208 
0 19 177 
0 63 124 
0 9 190 
0 4 150 
0 19 97 
0 1 280 
0 12 115 
0 0 369 
0 7 120 
0 4 159 
0 13 122 
0 4 142 
0 30 313 
0 4 177 
0 22 143 
0 27 175 
0 25 150 
0 33 150 
0 50 78 
0 31 192 
0 30 111 
0 30 202 
0 26 203 
0 48 196 
0 12 173 
0 26 234 
0 8 177 
0 10 327 
0 7 217 
0 9 160 
0 0 213 
0 14 109 
0 19 203 
0 5 149 
0 10 146 
0 39 193 
0 7 129 
0 29 77 
0 6 80 
0 17 186 
0 10 173 
0 1 267 
0 7 117 
0 11 183 
0 23 166 
0 5 217 
0 31 217 
0 45 227 
0 2 86 
0 2 235 
0 15 167 
0 1 118 
0 17 127 
0 17 135 
0 28 171 
0 62 203 
0 9 162 
0 6 242 
0 3 308 
0 12 118 
0 5 152 
0 1 219 
0 7 183 
0 2 149 
0 2 187 
0 1 210 
0 33 172 
0 19 132 
0 14 121 
0 5 235 
0 32 240 
0 5 55 
0 0 112 
0 0 224 
0 0 223 
0 35 158 
0 23 295 
0 9 164 
0 31 143 
0 35 250 
0 0 204 
0 0 202 
0 17 145 
0 28 255 
0 10 161 
0 20 217 
0 3 183 
0 46 145 
0 26 169 
0 6 254 
0 33 140 
0 42 289 
0 13 138 
0 13 178 
0 24 177 
0 4 131 
0 16 129 
0 19 155 
0 36 123 
0 28 175 
0 0 87 
0 8 179 
0 29 215 
0 30 165 
0 0 169 
0 7 109 
0 28 139 
0 16 125 
0 30 119 
0 14 211 
0 1 178 
0 16 142 
0 4 116 
0 16 103 
0 14 213 
0 14 119 
0 22 60 
0 17 174 
0 0 182 
0 7 122 
0 22 186 
0 17 146 
0 10 198 
0 1 169 
0 33 206 
0 20 100 
0 4 130 
0 8 174 
0 9 132 
0 14 294 
0 15 152 
0 19 221 
0 14 173 
0 34 227 
0 29 207 
0 44 195 
0 0 103 
0 10 252 
0 16 205 
0 2 155 
0 29 156 
0 16 240 
0 32 161 
0 40 194 
0 11 210 
0 15 191 
0 0 205 
0 14 201 
0 7 138 
0 26 134 
0 28 143 
0 33 147 
0 11 221 
0 14 106 
0 57 121 
0 5 168 
0 15 193 
0 23 240 
0 48 120 
0 5 116 
0 31 120 
0 22 188 
0 18 113 
0 12 354 
0 0 251 
0 24 112 
0 15 150 
0 11 93 
0 15 221 
0 7 83 
0 12 95 
0 15 193 
0 16 244 
0 26 167 
0 18 93 
0 9 110 
0 1 161 
0 17 139 
0 30 113 
0 25 153 
0 21 165 
0 23 195 
0 24 145 
0 19 112 
0 12 269 
0 6 164 
0 3 149 
0 13 222 
0 10 97 
0 14 125 
0 6 127 
0 15 107 
0 10 97 
0 27 216 
0 1 157 
0 23 154 
0 12 204 
0 0 178 
0 0 160 
0 10 152 
0 11 160 
0 24 285 
0 16 187 
0 47 163 
0 0 190 
0 8 207 
0 18 124 
0 22 186 
0 15 249 
0 10 164 
0 19 172 
0 6 182 
0 4 135 
0 13 136 
0 14 143 
0 26 206 
0 14 163 
0 18 123 
0 21 222 
0 38 106 
0 13 164 
0 56 139 
0 20 126 
0 10 188 
0 5 126 
0 36 182 
0 23 159 
0 28 168 
0 29 179 
0 16 153 
0 9 171 
0 6 137 
0 26 271 
0 0 151 
0 1 175 
0 9 90 
0 21 193 
0 16 109 
0 3 124 
0 6 166 
0 4 199 
0 39 174 
0 33 118 
0 25 136 
0 8 141 
0 25 196 
0 63 98 
0 2 315 
0 35 104 
0 26 206 
0 15 193 
0 10 141 
0 7 198 
0 0 145 
0 9 431 
0 4 178 
0 30 201 
0 16 233 
0 7 169 
0 39 208 
0 10 108 
0 19 300 
0 40 155 
0 8 164 
0 0 160 
0 15 171 
0 0 184 
0 11 197 
0 8 127 
0 16 173 
0 13 166 
0 10 61 
0 27 158 
0 8 241 
0 21 158 
0 23 199 
0 11 180 
0 29 121 
0 10 186 
0 7 87 
0 40 135 
0 2 295 
0 6 212 
0 15 208 
0 6 134 
0 13 185 
0 18 224 
0 15 118 
0 22 216 
0 5 117 
0 2 185 
0 24 157 
0 28 235 
0 7 157 
0 20 99 
0 4 192 
0 4 122 
0 2 97 
0 13 154 
0 9 166 
0 4 180 
0 39 114 
0 33 138 
0 15 185 
0 10 162 
0 22 123 
0 8 271 
0 3 182 
0 23 267 
0 13 225 
0 8 160 
0 20 163 
0 14 126 
0 12 231 
0 41 169 
0 37 156 
0 3 174 
0 7 282 
0 37 169 
0 20 153 
0 21 148 
0 10 176 
0 0 233 
0 5 200 
0 17 128 
0 6 140 
0 1 107 
0 16 167 
0 17 187 
0 29 148 
0 10 182 
0 18 219 
0 26 282 
0 9 100 
0 35 126 
0 8 202 
0 3 171 
0 18 105 
0 12 185 
0 5 124 
0 59 214 
0 39 85 
0 13 207 
0 18 172 
0 6 181 
0 29 111 
0 1 214 
0 0 245 
0 6 122 
0 18 132 
0 8 166 
0 35 89 
0 5 193 
0 13 126 
0 8 314 
0 4 177 
0 18 168 
0 15 113 
0 0 287 
0 2 277 
0 3 65 
0 39 117 
0 8 159 
0 36 103 
0 19 81 
0 4 231 
0 28 98 
0 46 162 
0 48 149 
0 22 133 
0 28 105 
0 43 178 
0 19 114 
0 6 205 
0 13 72 
0 47 199 
0 12 133 
0 41 92 
0 25 226 
0 12 190 
0 13 215 
0 2 68 
0 0 221 
0 1 155 
0 42 210 
0 53 163 
0 7 145 
0 16 124 
0 43 143 
0 22 164 
0 24 120 
0 29 174 
0 1 273 
0 7 268 
0 36 150 
0 0 192 
0 35 370 
0 10 193 
0 1 233 
0 26 126 
0 7 212 
0 16 105 
0 15 188 
0 107 144 
0 15 198 
0 17 142 
0 30 163 
0 14 202 
0 45 188 
0 24 147 
0 9 183 
0 1 164 
0 15 171 
0 8 166 
0 0 144 
0 1 238 
0 6 74 
0 17 158 
0 24 199 
0 36 176 
0 34 154 
0 9 135 
0 6 202 
0 16 210 
0 18 199 
0 60 138 
0 28 86 
0 20 223 
0 24 156 
0 36 148 
0 7 202 
0 23 161 
0 18 220 
0 6 205 
0 20 121 
0 35 102 
0 55 210 
0 41 141 
0 21 86 
0 12 191 
0 8 213 
0 5 202 
0 3 142 
0 2 268 
0 7 163 
0 9 217 
0 58 117 
0 0 104 
0 13 173 
0 4 183 
0 6 101 
0 6 240 
0 16 129 
0 22 141 
0 6 301 
0 23 202 
0 10 212 
0 0 216 
0 42 211 
0 14 205 
0 17 129 
0 1 121 
0 12 181 
0 26 232 
0 37 163 
0 42 113 
0 16 191 
0 22 365 
0 9 187 
0 5 136 
0 14 122 
0 33 193 
0 92 177 
0 20 109 
0 28 110 
0 8 88 
0 7 108 
0 20 139 
0 4 181 
0 10 230 
0 7 152 
0 10 272 
0 39 197 
0 23 182 
0 52 279 
0 4 126 
0 7 225 
0 6 266 
0 35 135 
0 2 209 
0 2 252 
0 12 237 
0 19 246 
0 10 172 
0 15 136 
0 0 127 
0 47 232 
0 8 350 
0 10 157 
0 13 149 
0 16 106 
0 3 114 
0 9 110 
0 19 96 
0 10 280 
0 18 130 
0 27 270 
0 11 169 
0 0 178 
0 11 117 
0 22 164 
0 32 141 
0 13 124 
0 1 178 
0 26 119 
0 14 178 
0 17 276 
0 6 208 
0 5 109 
0 43 176 
0 14 153 
0 2 174 
0 15 258 
0 5 184 
0 34 266 
0 2 174 
0 34 94 
0 15 209 
0 8 211 
0 11 139 
0 37 174 
0 26 151 
0 10 152 
0 35 257 
0 3 242 
0 17 137 
0 20 170 
0 20 135 
0 3 213 
0 7 170 
0 5 127 
0 17 241 
0 24 180 
0 12 141 
0 15 192 
0 17 98 
0 10 56 
0 13 164 
0 5 165 
0 21 100 
