0 9 166 
0 8 161 
0 15 196 
0 13 165 
0 30 134 
0 7 206 
0 6 174 
0 5 191 
0 46 209 
0 5 266 
0 13 205 
0 0 197 
0 22 183 
0 20 139 
0 46 104 
0 34 287 
0 2 159 
0 17 190 
0 18 167 
0 1 203 
0 61 155 
0 26 163 
0 29 135 
0 21 102 
0 2 163 
0 18 186 
0 9 190 
0 43 188 
0 0 187 
0 17 183 
0 18 147 
0 7 153 
0 18 178 
0 20 260 
0 8 150 
0 28 274 
0 38 181 
0 17 266 
0 13 211 
0 17 226 
0 26 101 
0 16 125 
0 16 130 
0 18 249 
0 21 154 
0 10 185 
0 10 120 
0 4 201 
0 11 218 
0 12 118 
0 14 233 
0 29 142 
0 16 245 
0 19 178 
0 6 166 
0 6 175 
0 19 173 
0 3 223 
0 14 192 
0 29 141 
0 10 212 
0 39 165 
0 1 126 
0 15 175 
0 19 243 
0 16 155 
0 6 213 
0 7 203 
0 3 147 
0 9 227 
0 17 188 
0 14 127 
0 14 180 
0 14 190 
0 0 272 
0 1 223 
0 16 222 
0 19 147 
0 16 228 
0 5 164 
0 4 116 
0 59 157 
0 10 228 
0 35 282 
0 35 184 
0 42 181 
0 6 270 
0 20 253 
0 22 160 
0 24 158 
0 15 136 
0 19 237 
0 10 190 
0 12 201 
0 21 226 
0 4 144 
0 12 192 
0 11 237 
0 8 189 
0 22 164 
0 13 173 
0 40 72 
0 14 211 
0 6 161 
0 12 204 
0 6 168 
0 6 155 
0 1 163 
0 18 175 
0 34 144 
0 28 220 
0 7 157 
0 21 137 
0 8 217 
0 6 178 
0 11 154 
0 18 137 
0 17 182 
0 2 182 
0 0 167 
0 1 162 
0 25 121 
0 14 237 
0 5 150 
0 21 120 
0 58 170 
0 5 174 
0 3 188 
0 13 147 
0 13 172 
0 20 171 
0 26 182 
0 15 208 
0 5 160 
0 23 164 
0 1 155 
0 18 278 
0 28 183 
0 7 173 
0 23 146 
0 7 235 
0 11 241 
0 4 221 
0 8 213 
0 11 183 
0 20 160 
0 0 177 
0 14 111 
0 6 285 
0 7 211 
0 7 226 
0 29 214 
0 8 181 
0 22 189 
0 44 175 
0 1 289 
0 21 255 
0 1 184 
0 30 203 
0 23 201 
0 23 145 
0 8 236 
0 27 123 
0 0 199 
0 12 214 
0 18 216 
0 7 210 
0 21 156 
0 23 187 
0 8 182 
0 19 180 
0 7 207 
0 17 171 
0 9 162 
0 1 125 
0 10 155 
0 8 218 
0 13 224 
0 7 138 
0 16 146 
0 5 170 
0 27 206 
0 28 195 
0 18 166 
0 7 225 
0 8 208 
0 30 145 
0 12 182 
0 17 270 
0 7 179 
0 11 164 
0 21 253 
0 32 203 
0 11 237 
0 17 186 
0 20 127 
0 15 218 
0 16 128 
0 11 163 
0 10 225 
0 8 204 
0 6 222 
0 16 217 
0 15 189 
0 8 205 
0 27 212 
0 31 130 
0 7 161 
0 2 204 
0 37 126 
0 19 166 
0 2 226 
0 32 142 
0 25 183 
0 20 121 
0 13 159 
0 23 162 
0 21 167 
0 28 255 
0 19 183 
0 7 154 
0 12 221 
0 29 151 
0 21 248 
0 14 209 
0 4 195 
0 11 235 
0 7 179 
0 14 152 
0 10 312 
0 29 140 
0 11 227 
0 1 278 
0 1 201 
0 14 146 
0 7 169 
0 3 159 
0 7 271 
0 5 169 
0 18 275 
0 5 182 
0 23 175 
0 10 247 
0 17 239 
0 16 143 
0 7 157 
0 9 146 
0 28 170 
0 14 208 
0 6 171 
0 10 172 
0 5 197 
0 23 167 
0 13 158 
0 6 207 
0 6 213 
0 11 235 
0 11 96 
0 18 146 
0 15 179 
0 19 218 
0 13 189 
0 10 201 
0 19 142 
0 22 131 
0 3 280 
0 12 200 
0 34 237 
0 2 115 
0 32 116 
0 18 112 
0 24 165 
0 23 259 
0 9 173 
0 16 115 
0 39 164 
0 17 194 
0 55 140 
0 12 197 
0 40 178 
0 9 235 
0 27 211 
0 21 149 
0 24 99 
0 19 150 
0 3 181 
0 9 229 
0 33 275 
0 5 271 
0 51 259 
0 10 89 
0 4 166 
0 3 135 
0 7 196 
0 15 188 
0 1 246 
0 28 179 
0 15 143 
0 14 202 
0 4 159 
0 3 137 
0 12 147 
0 24 139 
0 14 169 
0 13 146 
0 23 249 
0 60 203 
0 43 141 
0 37 146 
0 17 212 
0 8 231 
0 8 243 
0 19 141 
0 16 110 
0 18 138 
0 1 149 
0 29 271 
0 23 146 
0 5 198 
0 11 161 
0 21 229 
0 9 138 
0 5 189 
0 7 159 
0 9 153 
0 17 200 
0 22 136 
0 12 175 
0 6 269 
0 15 217 
0 14 259 
0 9 250 
0 38 183 
0 15 251 
0 30 148 
0 8 171 
0 19 146 
0 25 165 
0 5 198 
0 21 169 
0 35 164 
0 29 145 
0 10 150 
0 19 196 
0 43 221 
0 17 184 
0 30 155 
0 2 152 
0 37 160 
0 6 188 
0 7 224 
0 10 149 
0 13 198 
0 4 207 
0 33 196 
0 11 227 
0 18 131 
0 10 130 
0 22 184 
0 29 106 
0 4 207 
0 14 192 
0 18 128 
0 24 142 
0 5 209 
0 39 288 
0 18 317 
0 24 179 
0 8 277 
0 5 179 
0 4 170 
0 6 205 
0 37 214 
0 2 157 
0 3 263 
0 16 186 
0 0 186 
0 0 169 
0 18 160 
0 1 177 
0 27 150 
0 20 202 
0 10 309 
0 20 163 
0 16 148 
0 5 154 
0 8 131 
0 27 125 
0 2 161 
0 8 270 
0 10 164 
0 0 329 
0 19 177 
0 18 211 
0 17 173 
0 9 191 
0 4 171 
0 14 107 
0 22 146 
0 12 182 
0 12 216 
0 32 155 
0 29 203 
0 40 140 
0 16 180 
0 29 131 
0 0 194 
0 8 209 
0 5 139 
0 15 235 
0 9 298 
0 25 196 
0 10 216 
0 2 222 
0 44 171 
0 5 214 
0 21 169 
0 26 205 
0 13 248 
0 6 242 
0 7 215 
0 13 170 
0 2 164 
0 1 218 
0 20 236 
0 0 281 
0 2 224 
0 22 248 
0 4 161 
0 7 130 
0 0 197 
0 36 158 
0 17 76 
0 5 128 
0 12 177 
0 17 131 
0 35 122 
0 21 186 
0 7 165 
0 5 190 
0 21 129 
0 13 177 
0 32 176 
0 3 125 
0 0 131 
0 5 217 
0 5 187 
0 32 138 
0 9 287 
0 10 110 
0 12 148 
0 12 157 
0 18 188 
0 10 183 
0 6 145 
0 5 263 
0 3 149 
0 15 263 
0 24 194 
0 12 339 
0 15 212 
0 7 174 
0 13 211 
0 14 176 
0 33 212 
0 22 257 
0 12 232 
0 17 145 
0 6 116 
0 20 225 
0 6 146 
0 40 163 
0 5 130 
0 2 183 
0 8 269 
0 23 186 
0 8 224 
0 15 155 
0 4 147 
0 17 115 
0 0 216 
0 20 196 
0 10 163 
0 13 289 
0 17 201 
0 25 262 
0 1 264 
0 8 181 
0 6 231 
0 5 190 
0 19 120 
0 7 181 
0 5 179 
0 13 160 
0 18 214 
0 28 229 
0 9 281 
0 7 180 
0 0 199 
0 17 167 
0 4 126 
0 21 204 
0 16 132 
0 23 160 
0 5 221 
0 16 169 
0 1 227 
0 15 198 
0 23 214 
0 2 195 
0 18 209 
0 19 210 
0 41 164 
0 5 194 
0 29 216 
0 29 272 
0 44 271 
0 20 163 
0 0 242 
0 36 142 
0 11 177 
0 1 132 
0 11 161 
0 39 194 
0 6 180 
0 12 183 
0 8 188 
0 0 174 
0 7 227 
0 21 114 
0 58 94 
0 5 158 
0 15 211 
0 11 114 
0 3 151 
0 42 145 
0 0 226 
0 2 272 
0 26 172 
0 21 188 
0 14 200 
0 11 226 
0 27 191 
0 4 211 
0 23 178 
0 6 273 
0 17 160 
0 44 164 
0 16 164 
0 21 124 
0 14 172 
0 16 169 
0 15 162 
0 22 198 
0 15 124 
0 13 200 
0 16 120 
0 22 138 
0 11 234 
0 37 266 
0 14 202 
0 12 201 
0 13 187 
0 0 216 
0 14 156 
0 12 199 
0 39 166 
0 15 205 
0 2 104 
0 11 252 
0 16 178 
0 22 172 
0 3 246 
0 20 98 
0 11 213 
0 34 152 
0 9 215 
0 22 182 
0 10 309 
0 5 241 
0 22 182 
0 29 162 
0 9 158 
0 1 193 
0 36 137 
0 11 315 
0 39 198 
0 15 208 
0 27 119 
0 6 201 
0 21 173 
0 23 186 
0 8 152 
0 28 184 
0 9 192 
0 15 149 
0 23 129 
0 26 182 
0 58 187 
0 17 93 
0 55 183 
0 30 183 
0 3 168 
0 6 224 
0 10 173 
0 14 78 
0 5 236 
0 24 125 
0 1 215 
0 56 214 
0 4 212 
0 7 77 
0 16 200 
0 10 166 
0 23 190 
0 9 167 
0 14 100 
0 10 253 
0 2 155 
0 3 162 
0 20 177 
0 69 108 
0 15 181 
0 17 255 
0 6 150 
0 8 126 
0 0 180 
0 4 297 
0 2 211 
0 4 140 
0 13 226 
0 4 167 
0 3 176 
0 13 146 
0 8 199 
0 9 187 
0 0 264 
0 5 245 
0 14 274 
0 31 131 
0 8 247 
0 7 123 
0 0 243 
0 5 225 
0 12 173 
0 36 238 
0 8 182 
0 16 166 
0 26 120 
0 40 175 
0 12 155 
0 7 156 
0 8 246 
0 25 229 
0 6 223 
0 22 171 
0 34 182 
0 9 162 
0 23 172 
0 9 174 
0 8 248 
0 24 148 
0 14 109 
0 0 169 
0 19 113 
0 16 172 
0 17 105 
0 15 173 
0 6 192 
0 4 221 
0 36 260 
0 25 115 
0 12 123 
0 5 174 
0 15 193 
0 7 160 
0 32 175 
0 1 194 
0 1 202 
0 33 208 
0 25 124 
0 45 146 
0 30 174 
0 9 211 
0 10 209 
0 21 185 
0 6 145 
0 8 179 
0 0 165 
0 6 241 
0 14 185 
0 4 148 
0 38 241 
0 7 294 
0 9 176 
0 5 167 
0 13 202 
0 3 340 
0 4 132 
0 16 146 
0 20 204 
0 57 233 
0 32 117 
0 8 135 
0 1 235 
0 21 130 
0 23 185 
0 5 182 
0 5 194 
0 16 196 
0 12 264 
0 24 174 
0 35 307 
0 24 161 
0 37 132 
0 35 176 
0 12 143 
0 16 180 
0 16 170 
0 20 159 
0 28 180 
0 58 123 
0 20 151 
0 32 138 
0 12 110 
0 6 243 
0 7 190 
0 15 139 
0 10 263 
0 10 203 
0 29 143 
0 10 287 
0 15 219 
0 6 248 
0 6 206 
0 16 142 
0 27 197 
0 31 128 
0 3 133 
0 52 246 
0 11 164 
0 42 179 
0 4 166 
0 27 183 
0 12 333 
0 4 131 
0 7 209 
0 11 154 
0 18 132 
0 27 217 
0 12 234 
0 12 185 
0 30 80 
0 6 186 
0 19 215 
0 0 183 
0 10 274 
0 15 83 
0 12 172 
0 20 153 
0 16 206 
0 21 208 
0 12 166 
0 6 263 
0 28 195 
0 17 216 
0 6 182 
0 6 157 
0 23 198 
0 27 229 
0 56 175 
0 13 93 
0 6 243 
0 10 229 
0 11 146 
0 25 137 
0 12 138 
0 10 216 
0 13 182 
0 12 194 
0 12 156 
0 5 200 
0 9 232 
0 10 233 
0 31 163 
0 11 180 
0 14 207 
0 5 219 
0 7 163 
0 17 182 
0 7 122 
0 7 204 
0 27 235 
0 11 181 
0 8 155 
0 30 296 
0 3 223 
0 28 269 
0 11 158 
0 5 204 
0 11 166 
0 5 175 
0 9 171 
0 41 140 
0 3 268 
0 28 224 
0 2 173 
0 25 148 
0 8 229 
0 8 153 
0 7 154 
0 8 216 
0 49 144 
0 22 150 
0 29 120 
0 2 172 
0 5 261 
0 37 144 
0 5 290 
0 4 240 
0 17 186 
0 15 222 
0 2 287 
0 3 131 
0 26 220 
0 11 176 
0 26 219 
0 24 157 
0 11 187 
0 15 160 
0 7 189 
0 30 239 
0 56 139 
0 7 156 
0 8 116 
0 4 209 
0 26 149 
0 26 152 
0 7 170 
0 10 245 
0 6 147 
0 14 128 
0 12 264 
0 3 156 
0 17 122 
0 39 135 
0 10 199 
0 0 266 
0 20 207 
0 19 159 
0 0 121 
0 0 298 
0 16 89 
0 1 158 
0 45 191 
0 0 150 
0 14 145 
0 8 105 
0 38 106 
0 4 184 
0 2 226 
0 15 122 
0 30 158 
0 31 257 
0 4 178 
0 6 155 
0 17 242 
0 32 163 
0 13 132 
0 30 106 
0 16 114 
0 10 77 
0 24 190 
0 20 148 
0 3 182 
0 29 202 
0 8 280 
0 23 128 
0 5 198 
0 8 280 
0 1 196 
0 10 235 
0 7 130 
0 8 132 
0 4 190 
0 6 164 
0 14 238 
0 16 176 
0 8 173 
0 28 147 
0 26 161 
0 20 203 
0 9 250 
0 7 147 
0 4 224 
0 13 217 
0 27 104 
0 4 130 
0 45 89 
0 11 160 
0 18 236 
0 18 91 
0 8 254 
0 6 153 
0 5 194 
0 14 132 
0 5 172 
0 14 137 
0 8 191 
0 9 216 
0 7 148 
0 1 182 
0 14 159 
0 36 119 
0 19 163 
0 5 217 
0 22 217 
0 7 192 
0 8 197 
0 9 161 
0 14 122 
0 6 177 
0 28 138 
0 14 145 
0 16 180 
0 19 127 
0 36 199 
0 16 145 
0 28 116 
0 0 160 
0 4 169 
0 6 181 
0 3 208 
0 7 203 
0 31 178 
0 0 155 
0 3 183 
0 3 168 
0 3 318 
0 11 249 
0 25 237 
0 11 190 
0 8 160 
0 18 167 
0 7 186 
0 1 237 
0 14 192 
0 19 172 
0 3 156 
0 14 136 
0 18 128 
0 29 144 
0 17 270 
0 22 199 
0 29 164 
0 0 120 
0 30 130 
0 12 243 
0 13 222 
0 17 153 
0 3 161 
0 19 180 
0 3 232 
0 26 195 
0 12 190 
0 21 231 
0 11 212 
0 35 188 
0 5 228 
0 20 185 
0 21 132 
0 20 172 
0 11 168 
0 10 147 
0 32 89 
0 24 165 
0 11 213 
0 4 154 
0 9 132 
0 17 178 
0 6 148 
0 7 159 
0 13 231 
0 1 193 
0 16 163 
0 27 213 
0 32 151 
0 24 205 
0 9 245 
0 15 144 
0 13 174 
0 2 185 
0 24 200 
0 5 226 
0 27 150 
0 23 96 
0 5 234 
0 11 223 
0 6 159 
0 14 206 
