128 190 37 1 0 
271 165 98 0 0 
191 304 70 0 0 
135 314 22 22 0 
38 313 42 0 0 
77 265 105 0 0 
128 337 19 5 0 
99 215 55 0 0 
86 222 108 13 0 
95 227 116 0 0 
201 154 58 0 0 
118 222 33 0 0 
145 202 25 0 0 
165 270 53 0 0 
140 342 46 0 0 
182 342 12 15 0 
83 168 52 0 0 
171 136 29 2 0 
180 210 94 1 0 
227 207 52 0 0 
133 213 63 0 0 
173 198 27 0 0 
153 198 31 0 0 
57 173 59 30 0 
153 328 67 0 0 
42 223 132 16 0 
108 128 85 0 0 
187 269 57 5 0 
175 286 76 0 0 
43 276 42 0 0 
170 224 40 0 0 
87 360 15 0 0 
43 270 153 0 0 
88 193 107 0 0 
225 230 96 0 0 
224 104 49 0 0 
125 254 28 0 0 
204 250 47 0 0 
79 289 57 0 0 
115 285 47 0 0 
152 201 64 0 0 
150 185 129 0 0 
115 346 38 0 0 
141 220 53 0 0 
118 202 44 0 0 
47 307 24 1 0 
90 202 20 0 0 
116 225 56 11 0 
66 208 45 0 0 
91 262 120 0 0 
77 219 41 0 0 
127 317 30 0 0 
195 189 93 0 0 
152 230 111 61 0 
196 134 90 12 0 
156 246 41 0 0 
208 300 3 0 0 
157 193 116 14 0 
147 159 47 0 0 
115 259 106 0 0 
88 187 142 0 0 
114 203 55 0 0 
112 250 59 0 0 
33 290 13 16 0 
103 291 79 4 0 
108 307 24 0 0 
86 194 29 0 0 
114 147 59 0 0 
132 269 66 0 0 
118 285 58 20 0 
90 185 150 0 0 
58 318 20 0 0 
85 335 37 14 0 
157 293 51 3 0 
105 257 29 0 0 
148 233 63 0 0 
150 227 11 0 0 
113 187 49 0 0 
113 214 107 0 0 
53 326 41 7 0 
160 196 52 0 0 
117 252 28 0 0 
91 231 44 1 0 
135 214 35 1 0 
104 276 20 0 0 
175 261 65 1 0 
32 260 69 0 0 
88 230 61 0 0 
106 178 93 1 0 
95 192 58 1 0 
60 212 62 0 0 
77 147 31 0 0 
91 277 34 0 0 
146 276 36 0 0 
105 252 46 0 0 
75 297 181 8 0 
159 174 60 0 0 
100 297 31 0 0 
142 156 66 0 0 
79 140 58 0 0 
187 183 25 5 0 
19 255 60 5 0 
76 216 69 0 0 
100 263 53 5 0 
50 295 15 0 0 
68 249 57 0 0 
97 247 103 0 0 
96 257 59 18 0 
59 241 52 0 0 
94 243 63 0 0 
118 245 72 0 0 
236 224 3 0 0 
145 224 20 0 0 
82 246 36 0 0 
168 295 17 0 0 
131 291 5 0 0 
83 206 40 0 0 
216 290 66 0 0 
140 249 130 3 0 
148 247 83 8 0 
154 137 92 0 0 
213 148 36 0 0 
190 256 86 0 0 
109 272 9 0 0 
75 322 29 0 0 
134 226 83 0 0 
176 210 44 0 0 
167 250 28 0 0 
201 159 89 23 0 
53 305 45 0 0 
134 176 55 0 0 
29 287 46 0 0 
113 231 113 0 0 
140 180 59 0 0 
104 239 57 0 0 
106 260 16 0 0 
208 288 24 7 0 
61 230 78 0 0 
181 120 10 0 0 
83 281 42 0 0 
95 247 131 0 0 
54 212 63 0 0 
185 130 137 0 0 
191 211 60 0 0 
80 244 22 0 0 
135 126 64 0 0 
59 368 4 8 0 
186 145 62 1 0 
61 266 70 0 0 
94 228 19 9 0 
84 302 21 0 0 
255 199 67 0 0 
147 162 107 0 0 
106 187 55 0 0 
80 314 50 0 0 
104 327 49 0 0 
108 239 123 4 0 
252 202 53 0 0 
72 195 75 0 0 
74 248 78 0 0 
147 270 33 1 0 
215 272 32 0 0 
130 259 119 0 0 
51 221 99 0 0 
169 231 85 0 0 
187 208 59 0 0 
80 271 35 0 0 
57 188 47 0 0 
125 245 44 0 0 
121 271 41 0 0 
164 246 1 1 0 
54 309 98 0 0 
52 240 73 8 0 
125 219 59 0 0 
107 241 61 0 0 
325 170 68 0 0 
171 105 49 15 0 
54 364 41 0 0 
124 227 42 0 0 
54 291 43 8 0 
148 251 15 4 0 
209 174 41 0 0 
151 201 40 2 0 
64 203 101 0 0 
112 150 74 0 0 
178 214 89 0 0 
103 358 36 28 0 
249 171 12 0 0 
139 210 38 0 0 
136 230 64 1 0 
205 235 95 0 0 
152 258 56 0 0 
90 230 48 0 0 
84 216 93 0 0 
231 209 8 0 0 
144 182 59 0 0 
160 184 58 0 0 
74 258 35 0 0 
112 225 79 0 0 
239 193 50 0 0 
49 261 113 1 0 
187 147 135 0 0 
101 249 61 2 0 
158 98 42 1 0 
182 299 45 0 0 
69 317 23 0 0 
97 229 67 0 0 
43 246 117 1 0 
92 169 86 0 0 
99 257 16 0 0 
62 234 43 11 0 
107 284 37 11 0 
55 192 74 1 0 
237 199 51 2 0 
111 220 11 0 0 
157 177 189 0 0 
152 163 52 0 0 
100 263 70 0 0 
124 233 50 0 0 
74 299 12 0 0 
139 232 12 8 0 
196 212 18 25 0 
88 220 67 2 0 
146 252 46 3 0 
75 210 41 0 0 
121 136 62 0 0 
277 212 14 0 0 
140 152 34 6 0 
121 232 41 23 0 
136 277 79 0 0 
161 291 108 5 0 
91 284 42 0 0 
157 288 32 0 0 
146 141 30 0 0 
118 182 71 7 0 
172 242 56 0 0 
194 180 48 0 0 
110 207 57 0 0 
133 252 32 0 0 
155 136 32 0 0 
188 289 64 5 0 
66 183 70 0 0 
107 190 93 20 0 
201 160 26 0 0 
113 252 39 0 0 
79 219 37 13 0 
80 316 72 0 0 
126 252 86 0 0 
57 297 18 0 0 
102 214 26 0 0 
117 161 82 0 0 
177 316 24 0 0 
149 215 32 39 0 
88 314 88 0 0 
142 264 55 0 0 
268 150 19 0 0 
223 240 62 9 0 
115 213 15 18 0 
67 199 71 0 0 
178 297 52 0 0 
55 266 23 1 0 
150 237 27 0 0 
146 209 50 5 0 
118 184 25 9 0 
109 271 112 0 0 
117 252 118 4 0 
86 315 109 0 0 
80 236 108 0 0 
87 286 37 1 0 
40 248 49 0 0 
125 199 96 0 0 
91 391 35 0 0 
47 274 47 5 0 
99 260 14 0 0 
102 377 52 0 0 
80 180 51 0 0 
166 204 20 0 0 
236 140 98 0 0 
126 199 51 25 0 
123 177 133 0 0 
52 202 59 0 0 
110 148 88 0 0 
102 256 71 0 0 
81 224 42 0 0 
123 275 52 0 0 
75 217 43 0 0 
95 230 64 0 0 
165 285 52 0 0 
205 197 23 0 0 
40 210 98 0 0 
101 244 76 0 0 
93 240 74 1 0 
73 293 57 2 0 
143 161 28 1 0 
190 200 43 0 0 
108 128 44 3 14 
66 267 41 0 0 
102 195 36 0 0 
91 211 76 0 0 
221 202 94 0 0 
49 279 123 32 0 
157 335 49 0 0 
72 336 39 0 0 
153 265 73 2 0 
73 245 34 0 0 
138 281 28 0 0 
192 275 67 0 0 
105 165 61 0 0 
78 293 41 0 0 
42 281 47 1 0 
103 274 136 0 0 
135 274 62 0 0 
185 192 28 0 0 
151 240 47 0 0 
122 239 69 6 0 
220 187 30 15 0 
116 243 141 0 0 
68 238 36 14 0 
118 263 63 0 0 
99 244 91 4 0 
101 289 54 4 0 
49 314 13 0 0 
132 238 9 1 0 
65 306 15 1 0 
164 301 36 0 0 
68 217 70 0 0 
139 225 132 0 0 
79 233 96 0 0 
145 284 20 0 0 
97 295 54 0 0 
78 203 63 10 0 
153 197 21 22 0 
82 240 53 6 0 
97 180 69 7 0 
97 271 32 15 0 
128 406 34 11 0 
111 265 46 16 0 
271 155 19 1 0 
41 275 28 0 0 
62 228 73 0 0 
100 254 66 2 0 
138 245 22 0 0 
68 272 58 0 0 
164 170 21 22 0 
150 176 68 0 0 
82 336 88 17 0 
119 238 11 2 0 
152 212 44 0 0 
167 261 99 0 0 
94 197 95 0 0 
183 179 100 0 0 
52 271 121 0 0 
87 168 54 4 0 
92 191 76 0 0 
127 153 6 0 0 
83 353 23 0 0 
134 330 65 0 0 
166 264 84 0 0 
142 220 47 0 0 
131 218 38 0 0 
119 264 26 9 0 
107 281 39 0 0 
172 258 58 9 0 
62 289 26 0 0 
119 64 72 0 0 
130 240 90 0 0 
130 267 22 0 0 
185 215 51 2 0 
133 175 111 0 0 
103 249 25 0 0 
101 273 44 12 0 
173 222 76 0 0 
47 315 46 0 0 
73 151 34 3 0 
168 166 77 0 0 
106 200 108 0 0 
156 219 43 8 0 
127 220 5 0 0 
103 176 84 0 0 
140 165 46 0 0 
148 191 25 0 0 
167 166 45 7 0 
134 321 25 9 0 
55 232 83 0 0 
165 323 32 0 0 
223 171 43 0 0 
131 380 38 0 0 
186 175 33 11 0 
142 179 54 0 0 
97 290 53 0 0 
93 264 86 16 0 
141 360 45 0 0 
21 319 40 0 0 
79 181 65 2 0 
138 237 83 0 0 
70 260 72 15 0 
157 215 40 0 0 
100 213 44 0 0 
95 286 53 0 0 
122 241 56 0 0 
126 160 112 0 0 
128 265 90 0 0 
158 230 86 2 0 
110 269 34 0 0 
95 125 118 1 0 
168 288 21 7 0 
109 137 22 0 0 
115 252 32 0 0 
133 156 74 0 0 
178 156 58 0 0 
71 309 49 0 0 
67 340 60 0 0 
185 143 37 0 0 
82 167 50 5 0 
71 234 50 34 0 
129 179 28 0 0 
119 275 90 0 0 
85 273 47 0 0 
240 102 23 0 0 
107 171 75 0 0 
297 211 22 0 0 
64 224 117 0 0 
122 259 55 10 0 
14 142 135 0 0 
153 245 41 5 0 
99 353 74 0 0 
122 167 84 0 0 
67 270 88 45 0 
74 264 34 10 0 
120 279 35 0 0 
95 221 53 1 0 
74 159 62 0 0 
155 236 68 0 0 
117 242 24 0 0 
117 264 30 0 0 
205 171 11 0 0 
172 191 72 0 0 
114 271 29 2 0 
211 299 50 0 0 
77 254 65 0 0 
136 197 35 0 0 
155 272 67 16 0 
145 245 26 0 0 
102 140 52 1 0 
117 227 82 3 0 
41 345 35 0 0 
199 170 117 0 0 
22 174 94 8 0 
98 230 79 0 0 
169 197 113 0 0 
175 207 48 0 0 
78 305 53 0 0 
122 226 11 0 0 
41 376 55 0 0 
126 219 41 10 0 
63 117 42 0 0 
101 195 47 5 0 
92 301 53 1 0 
146 165 73 0 0 
100 236 46 0 0 
115 145 31 0 0 
175 128 97 0 0 
139 208 44 0 0 
159 174 93 0 0 
100 288 76 1 0 
110 174 28 12 0 
177 133 64 0 0 
118 232 76 0 0 
134 242 96 0 0 
118 304 16 0 0 
210 120 17 0 0 
132 207 88 0 0 
63 208 84 4 0 
126 257 4 0 0 
141 221 55 0 0 
109 134 69 11 0 
162 219 43 2 0 
91 285 70 4 0 
139 248 32 0 0 
81 234 23 3 0 
97 151 57 0 0 
82 252 69 0 0 
183 168 47 0 0 
110 312 54 8 0 
90 231 71 11 0 
165 130 23 55 0 
161 132 71 2 0 
168 236 14 0 0 
113 139 21 0 0 
105 274 5 3 0 
195 263 31 0 0 
42 281 73 3 0 
82 211 27 1 0 
108 258 46 0 0 
94 263 111 5 0 
59 186 66 3 0 
96 366 30 0 0 
240 173 9 0 0 
118 257 96 0 0 
62 254 60 0 0 
65 378 44 0 0 
68 396 44 0 0 
111 253 44 0 0 
51 244 55 0 0 
145 238 30 0 0 
117 254 35 3 0 
30 228 78 4 0 
148 314 24 0 0 
84 230 15 0 0 
152 267 20 0 0 
14 251 141 0 0 
127 265 27 0 0 
139 284 51 0 0 
209 196 64 0 0 
30 325 91 18 0 
59 271 80 1 0 
114 224 24 4 0 
127 244 83 0 0 
84 215 133 23 0 
132 152 83 0 0 
86 323 44 5 0 
143 240 28 0 0 
168 257 28 0 0 
124 293 32 4 0 
104 289 115 2 0 
108 183 45 0 0 
56 253 104 1 0 
74 164 83 1 0 
80 197 42 1 0 
100 246 9 0 0 
171 258 101 0 0 
224 202 11 0 0 
109 252 107 6 0 
103 350 6 1 0 
139 237 41 0 0 
114 179 23 0 0 
89 240 23 0 0 
120 255 19 0 0 
142 251 54 0 0 
125 292 64 2 0 
112 210 44 8 0 
177 285 31 0 0 
141 249 82 0 0 
79 213 24 0 0 
109 254 35 0 0 
114 352 14 0 0 
117 314 21 7 0 
51 260 82 0 0 
15 220 124 0 0 
170 171 48 0 0 
84 186 46 13 0 
149 149 111 0 0 
148 266 31 0 0 
104 232 90 0 0 
84 290 25 1 0 
150 147 42 0 0 
211 269 43 0 0 
158 264 31 2 0 
152 168 46 0 0 
100 307 51 0 0 
70 251 21 0 0 
65 314 98 0 0 
100 158 51 0 0 
229 236 42 2 0 
23 301 49 0 0 
125 255 75 0 0 
39 271 94 0 0 
140 228 55 0 0 
175 173 56 4 0 
86 273 43 0 0 
91 182 77 1 0 
121 348 44 28 0 
121 217 32 0 0 
134 158 17 1 0 
93 290 64 0 0 
124 267 66 11 0 
50 257 7 5 0 
125 319 25 0 0 
99 172 76 0 0 
139 142 12 0 0 
88 274 26 0 0 
119 219 46 0 0 
115 191 73 0 0 
181 302 47 0 0 
72 283 71 20 0 
153 169 57 1 0 
171 184 109 0 0 
97 202 54 0 0 
234 165 66 0 0 
135 226 23 0 0 
193 258 40 0 0 
86 198 121 0 0 
101 274 81 1 0 
82 230 45 3 0 
77 298 94 11 0 
81 323 25 0 0 
67 326 54 0 0 
154 252 32 7 0 
150 229 78 8 0 
191 315 79 0 0 
84 265 46 11 0 
125 106 24 3 0 
171 186 32 0 0 
159 188 43 0 0 
115 155 55 0 0 
88 240 30 10 0 
176 207 50 0 0 
84 197 99 2 0 
73 315 50 1 0 
174 149 84 11 0 
148 206 50 0 0 
49 186 103 0 0 
113 169 32 0 0 
141 138 58 0 0 
125 190 56 0 0 
83 266 71 0 0 
33 330 110 0 0 
130 191 71 0 0 
153 212 80 4 0 
85 148 49 0 0 
126 241 39 0 0 
75 319 59 0 0 
114 294 124 0 0 
152 225 49 0 0 
107 251 88 0 0 
153 241 43 0 0 
102 238 48 14 0 
153 184 93 0 0 
137 269 47 0 0 
81 270 22 0 0 
152 149 17 0 0 
173 183 100 0 0 
98 253 59 0 0 
40 243 83 0 0 
212 100 19 0 0 
238 192 61 1 0 
203 260 62 0 0 
119 187 57 0 0 
229 210 53 0 0 
139 207 31 0 0 
150 294 42 0 0 
75 277 56 2 0 
99 131 107 1 0 
194 150 71 3 0 
116 284 24 0 0 
201 139 36 12 0 
94 282 121 0 0 
125 334 88 0 0 
100 139 100 1 0 
156 230 15 3 0 
123 145 58 0 0 
156 170 19 0 0 
206 162 42 6 0 
139 202 16 9 0 
99 292 45 0 0 
135 217 85 0 0 
165 246 94 0 0 
144 246 29 0 0 
112 255 39 0 0 
194 210 52 0 0 
83 173 82 1 0 
48 357 27 0 0 
187 166 47 0 0 
54 202 87 1 0 
74 212 27 8 0 
104 251 55 0 0 
122 274 52 0 0 
72 141 87 15 0 
99 222 34 0 0 
95 230 94 0 0 
93 201 85 0 0 
60 284 30 0 0 
203 209 74 0 0 
44 207 7 0 0 
133 164 38 24 0 
144 229 56 0 0 
107 338 57 0 0 
141 348 48 0 0 
153 198 59 0 0 
102 330 81 1 0 
88 191 63 0 0 
140 198 58 0 0 
195 183 50 0 0 
142 221 83 0 0 
100 280 84 0 0 
101 253 116 0 0 
59 206 59 0 0 
29 299 38 1 0 
68 217 78 0 0 
84 281 65 3 0 
169 158 105 0 0 
126 241 44 0 0 
100 203 40 0 0 
116 163 126 1 0 
129 161 84 2 0 
125 215 79 0 0 
133 279 65 0 0 
208 162 69 0 0 
154 223 67 0 0 
137 234 68 0 0 
107 185 31 0 0 
109 228 38 4 0 
78 98 95 0 0 
146 187 103 0 0 
84 233 31 14 0 
161 205 37 0 0 
80 200 82 0 0 
167 228 40 8 0 
72 227 35 0 0 
114 263 25 3 0 
166 210 108 0 0 
65 259 32 0 0 
94 188 51 1 0 
80 199 105 0 0 
150 266 59 0 0 
54 269 108 0 0 
58 246 33 1 0 
160 155 114 0 0 
152 262 47 0 0 
115 212 60 23 0 
219 183 6 0 0 
163 254 61 0 0 
157 208 63 0 0 
131 285 49 2 0 
146 88 134 14 0 
80 282 70 0 0 
150 225 51 0 0 
154 142 79 0 0 
95 230 21 0 0 
65 245 107 0 0 
111 209 70 0 0 
132 228 172 2 0 
109 335 71 0 0 
157 182 99 0 0 
156 245 87 0 0 
88 279 64 0 0 
121 206 39 0 0 
149 264 47 0 0 
208 160 21 0 0 
133 213 29 0 0 
209 264 19 0 0 
67 176 66 0 0 
211 197 40 0 0 
135 232 52 0 0 
129 286 28 0 0 
239 132 84 0 0 
90 138 48 0 0 
158 242 61 0 0 
157 182 120 1 0 
66 318 20 0 0 
62 256 56 7 0 
201 219 92 4 0 
119 226 26 0 0 
169 278 64 0 0 
89 293 84 0 0 
124 299 137 0 0 
127 232 95 0 0 
100 307 31 1 0 
176 236 53 0 0 
147 175 73 0 0 
77 205 45 2 0 
151 162 34 0 0 
152 299 30 8 0 
130 213 54 0 0 
158 151 65 7 0 
154 249 68 12 0 
180 199 27 0 0 
54 251 20 3 0 
169 102 82 0 0 
124 285 39 0 0 
106 261 13 0 0 
158 202 60 0 0 
172 153 43 0 0 
86 279 70 0 0 
116 177 38 22 0 
187 102 98 0 0 
216 213 29 0 0 
112 271 28 10 0 
158 129 32 0 0 
155 270 41 0 0 
88 229 77 6 0 
42 321 36 0 0 
125 290 56 3 0 
167 200 32 0 0 
168 305 26 4 0 
220 184 13 3 0 
78 140 75 0 0 
104 273 37 0 0 
87 217 92 0 0 
109 225 70 0 0 
92 323 27 0 0 
111 260 81 0 0 
171 180 31 3 0 
93 231 86 0 0 
103 164 129 0 0 
156 193 99 0 0 
89 269 46 0 0 
150 221 34 0 0 
269 227 21 0 0 
182 244 62 0 0 
110 156 115 0 0 
63 123 68 0 0 
98 261 54 0 0 
74 244 122 0 0 
99 292 90 0 0 
81 188 101 0 0 
70 192 28 32 0 
154 195 25 0 0 
54 235 100 0 0 
119 176 25 1 0 
100 293 29 0 0 
158 67 132 0 0 
211 208 66 25 0 
123 179 62 2 0 
140 182 47 0 0 
102 290 60 0 0 
138 127 33 0 0 
155 284 45 2 0 
217 181 64 0 0 
75 207 25 4 0 
29 226 60 0 0 
122 292 86 0 0 
154 280 42 0 0 
98 138 22 1 0 
185 295 8 0 0 
71 166 49 0 0 
98 215 64 8 0 
117 199 124 0 0 
40 235 31 0 0 
90 279 83 5 0 
111 163 102 0 0 
121 184 34 0 0 
138 219 38 0 0 
118 175 59 0 0 
101 197 22 0 0 
87 197 75 0 0 
166 272 14 0 0 
17 332 56 0 0 
126 200 39 5 0 
163 222 14 0 0 
105 195 59 24 0 
85 176 33 0 0 
68 264 36 0 0 
77 293 105 14 0 
107 251 22 16 0 
185 307 45 0 0 
76 357 25 5 0 
137 272 37 0 0 
106 156 30 0 0 
43 250 80 15 0 
136 115 82 2 0 
115 218 15 0 0 
59 173 23 13 0 
133 298 50 0 0 
148 205 23 0 0 
82 262 61 8 0 
101 188 70 0 0 
150 318 22 2 0 
53 204 99 0 0 
101 208 74 0 0 
94 203 20 0 0 
77 236 35 0 0 
96 255 49 0 0 
72 214 25 22 0 
186 135 28 3 0 
124 244 51 0 0 
95 215 15 0 0 
124 300 84 0 0 
92 212 116 0 0 
104 261 57 0 0 
51 246 67 17 0 
58 252 43 6 0 
126 219 51 1 0 
145 216 52 0 0 
107 192 81 0 0 
166 225 26 3 0 
207 193 60 0 0 
138 337 21 0 0 
125 253 82 0 0 
109 219 64 0 0 
89 191 99 14 0 
124 216 45 0 0 
163 203 55 0 0 
60 270 72 0 0 
162 237 66 10 0 
46 229 71 0 0 
95 324 3 16 0 
102 222 64 5 0 
108 213 75 0 0 
213 166 36 0 0 
123 312 4 0 0 
141 277 54 0 0 
72 304 38 0 0 
82 183 49 10 0 
142 231 27 0 0 
80 344 34 1 0 
130 327 39 0 0 
89 162 36 13 0 
287 297 28 0 0 
146 199 47 38 0 
143 256 52 0 0 
144 147 37 0 0 
121 215 91 0 0 
123 188 10 9 0 
138 316 61 0 0 
143 291 50 1 0 
113 153 9 0 0 
142 178 17 0 0 
220 136 84 0 0 
100 237 60 0 0 
161 152 51 0 0 
142 196 32 0 0 
113 186 64 0 0 
98 221 53 0 0 
107 258 21 0 0 
79 253 14 0 0 
189 189 50 0 0 
166 274 22 0 0 
56 292 89 0 0 
120 253 17 0 0 
98 222 55 0 0 
152 192 119 0 0 
70 243 66 0 0 
122 221 70 0 0 
97 199 91 17 0 
127 213 99 3 0 
88 246 31 8 0 
88 245 27 0 0 
150 231 43 2 0 
145 260 60 0 0 
83 253 93 0 0 
171 246 44 5 0 
68 231 56 0 0 
135 251 37 0 0 
132 204 54 0 0 
83 185 48 0 0 
213 173 41 0 0 
54 198 57 24 0 
212 155 110 0 0 
168 190 57 0 0 
117 311 34 0 0 
170 197 28 0 0 
113 171 48 4 0 
106 260 50 9 0 
158 243 45 0 0 
249 144 63 0 0 
119 189 25 0 0 
119 263 62 0 0 
120 216 88 14 0 
114 173 50 0 0 
151 279 51 0 0 
137 242 71 0 0 
47 282 108 2 0 
149 212 86 0 0 
104 240 77 0 0 
225 183 41 0 0 
100 272 106 0 0 
118 231 91 8 0 
137 157 110 0 0 
176 290 9 0 0 
197 262 57 0 0 
131 295 38 0 0 
143 181 33 0 0 
108 227 38 0 0 
200 186 66 0 0 
67 266 107 0 0 
69 173 39 0 0 
82 252 55 0 0 
109 280 56 0 0 
93 332 76 0 0 
104 209 26 0 0 
73 282 74 0 0 
95 332 37 0 0 
100 316 127 0 0 
214 144 118 0 0 
91 181 78 0 0 
139 206 66 23 0 
102 314 57 0 0 
104 157 50 0 0 
137 246 90 0 0 
117 178 87 0 0 
219 168 45 0 0 
155 221 26 0 0 
118 225 47 0 0 
68 170 72 0 0 
129 307 62 0 0 
147 184 38 0 0 
128 237 66 0 0 
148 218 35 14 0 
114 287 114 0 0 
77 251 33 0 0 
46 187 41 0 0 
98 211 85 1 0 
154 279 77 0 0 
79 271 46 5 0 
92 321 55 9 0 
78 212 175 0 0 
161 237 24 0 0 
56 148 9 1 0 
203 180 48 0 0 
