58 317 46 0 0 
247 220 90 0 0 
253 208 69 0 0 
126 247 73 0 0 
93 208 26 0 0 
43 258 49 0 0 
80 300 49 0 0 
57 220 37 0 0 
82 210 138 0 0 
116 94 101 0 0 
166 128 69 0 0 
180 159 71 0 0 
108 300 65 2 0 
108 197 77 20 0 
109 123 49 0 0 
98 371 55 0 0 
132 186 2 2 0 
121 153 70 0 0 
190 168 108 0 0 
92 132 89 0 0 
75 336 66 0 0 
142 176 80 1 0 
164 272 31 0 0 
125 291 74 1 0 
126 176 25 4 0 
226 196 1 0 0 
219 256 43 0 0 
187 89 66 0 0 
101 221 43 0 0 
69 235 93 19 0 
120 176 2 6 0 
178 253 54 6 0 
169 120 70 1 0 
97 235 154 0 0 
14 401 39 0 0 
121 121 68 0 0 
229 270 18 0 0 
229 243 92 0 0 
92 162 51 0 0 
68 199 47 0 0 
261 140 9 0 0 
163 118 120 0 0 
216 217 102 0 0 
119 276 42 0 0 
132 274 7 0 0 
114 260 53 0 0 
175 219 38 0 0 
95 255 9 0 0 
143 186 67 2 0 
81 233 10 1 0 
105 222 129 0 0 
146 174 65 0 0 
52 278 99 0 0 
67 268 37 1 0 
69 396 67 0 0 
213 175 79 53 0 
82 359 54 0 0 
36 279 35 31 0 
57 203 86 1 0 
215 226 44 3 5 
85 204 60 1 0 
42 193 57 0 0 
59 173 139 1 0 
69 131 83 0 0 
133 193 31 3 0 
135 234 34 2 0 
197 155 46 8 0 
124 114 27 0 0 
149 247 50 0 0 
119 252 42 0 0 
207 141 81 0 0 
41 287 59 0 0 
176 186 62 0 0 
51 218 82 0 0 
59 210 80 0 0 
173 235 29 0 0 
247 153 16 0 0 
124 107 84 0 0 
121 244 69 0 0 
143 133 51 0 0 
119 204 35 10 0 
134 231 24 0 0 
136 184 131 9 0 
88 201 54 0 0 
138 305 39 0 0 
125 199 77 0 0 
48 211 48 6 0 
44 216 77 4 0 
46 196 52 12 0 
85 354 50 0 0 
228 252 31 0 0 
140 347 40 2 0 
133 212 62 0 0 
171 124 18 0 0 
111 270 25 0 0 
110 180 29 0 0 
117 184 51 0 0 
69 170 83 0 0 
81 212 17 0 0 
134 252 26 0 0 
104 137 6 0 0 
92 204 26 0 0 
68 74 200 1 0 
161 180 31 0 0 
219 113 96 0 0 
76 161 46 0 0 
74 192 109 0 0 
51 181 11 0 0 
135 215 115 0 0 
168 215 36 4 0 
218 230 85 0 0 
102 240 102 6 0 
41 282 134 0 0 
192 171 82 0 0 
119 272 48 2 0 
193 172 43 0 0 
155 193 46 0 0 
72 227 111 0 0 
96 202 31 62 0 
185 229 19 0 0 
56 307 52 4 0 
189 267 116 0 0 
149 204 150 6 0 
42 71 70 4 0 
30 390 55 0 0 
103 147 142 0 0 
106 158 77 0 0 
100 224 24 17 0 
158 197 25 0 0 
213 220 49 0 0 
64 226 32 0 0 
79 248 121 0 0 
124 235 60 0 0 
128 262 41 1 0 
258 242 40 23 0 
78 179 30 0 0 
135 298 20 0 0 
91 243 61 12 0 
205 148 63 1 0 
100 277 56 0 0 
102 303 51 0 0 
76 327 55 0 0 
64 252 18 0 0 
48 244 54 0 0 
145 174 158 0 0 
201 220 124 0 0 
174 296 43 9 0 
39 161 16 0 0 
134 226 93 29 0 
111 254 65 0 0 
151 219 4 0 0 
117 253 58 0 0 
23 340 100 0 0 
164 129 182 0 0 
162 345 28 0 0 
286 80 5 0 0 
62 239 39 1 0 
202 228 21 0 0 
170 363 7 0 0 
185 287 47 0 0 
74 203 65 0 0 
191 193 133 0 0 
31 224 80 0 0 
89 172 45 0 0 
131 109 64 0 0 
81 171 63 0 0 
184 210 35 0 0 
81 266 25 4 0 
104 201 22 17 0 
114 240 96 0 0 
77 240 116 0 0 
276 307 12 3 0 
168 147 69 11 0 
295 151 40 0 0 
94 141 82 0 0 
98 259 89 0 0 
214 159 2 32 0 
208 204 66 1 0 
136 304 40 0 0 
93 180 119 0 0 
129 325 47 0 0 
120 240 54 10 0 
43 132 49 0 0 
194 168 167 0 0 
105 297 63 0 0 
130 290 56 0 0 
134 212 69 0 0 
207 207 105 0 0 
99 338 9 0 0 
124 94 36 0 0 
87 226 7 0 0 
56 304 61 0 0 
30 305 52 0 0 
129 184 41 0 0 
99 310 17 0 0 
77 126 73 0 0 
255 144 50 0 0 
125 267 66 0 0 
79 293 67 0 0 
282 183 55 0 0 
30 299 70 0 0 
82 297 15 0 0 
259 326 20 0 0 
124 249 56 0 0 
122 275 25 0 0 
96 200 70 0 0 
156 109 54 0 0 
55 277 53 0 0 
132 185 75 0 0 
122 245 39 0 0 
61 337 84 0 0 
160 227 81 0 0 
87 313 36 3 0 
97 186 42 0 0 
220 181 27 0 0 
90 234 40 0 0 
115 261 22 23 0 
205 145 79 0 0 
103 247 66 0 0 
123 191 47 0 0 
68 248 71 3 0 
107 272 37 5 0 
115 280 35 0 0 
48 149 63 0 0 
76 170 235 0 0 
130 267 32 11 0 
144 311 32 0 0 
162 204 38 24 0 
73 212 2 0 0 
117 100 21 0 0 
105 200 22 18 0 
13 268 225 0 0 
67 212 64 0 0 
106 261 73 0 0 
73 374 8 1 0 
164 198 26 3 0 
64 231 81 4 0 
166 353 21 0 0 
40 268 59 30 0 
88 339 33 0 0 
56 208 52 0 0 
221 204 34 0 0 
239 168 76 9 0 
129 210 104 0 0 
166 158 35 28 0 
96 345 35 0 0 
71 144 132 0 0 
141 284 119 0 0 
63 362 22 0 0 
122 236 49 19 0 
135 186 61 0 0 
66 315 70 15 0 
80 305 44 33 0 
67 218 74 0 0 
135 272 11 0 0 
208 158 28 0 0 
180 221 38 6 0 
52 334 16 0 0 
127 250 37 0 0 
215 281 26 4 0 
77 148 138 22 0 
17 359 76 0 0 
121 163 38 0 0 
195 136 12 0 0 
155 170 27 0 0 
116 196 72 0 0 
30 258 74 14 0 
121 287 7 0 0 
184 340 29 0 0 
177 249 108 1 0 
71 304 40 9 0 
117 195 87 0 0 
186 122 103 7 0 
73 349 81 16 0 
129 228 51 0 0 
89 357 8 0 0 
52 175 25 0 0 
231 195 56 0 0 
32 187 113 0 0 
42 276 88 0 0 
185 326 16 0 0 
155 188 125 6 0 
134 154 40 0 0 
257 158 51 24 0 
101 168 108 0 0 
74 259 52 0 0 
170 185 47 0 0 
332 185 0 28 0 
205 204 42 0 0 
202 131 107 4 0 
74 154 55 0 2 
169 223 52 0 0 
71 261 61 0 0 
323 177 47 21 0 
47 275 48 0 0 
130 217 65 6 0 
139 331 35 0 0 
124 204 57 0 0 
192 235 5 6 0 
99 332 145 5 0 
217 203 92 0 0 
151 184 41 0 0 
105 229 30 0 0 
105 295 13 0 0 
220 98 94 39 0 
157 202 61 0 0 
57 196 93 18 0 
135 134 159 0 0 
209 233 51 0 0 
130 166 34 0 0 
50 187 61 0 0 
43 220 57 10 0 
48 331 79 0 0 
90 281 20 0 0 
131 409 8 2 0 
143 173 86 0 0 
40 233 41 10 0 
47 306 29 0 0 
4 338 58 0 0 
35 272 107 7 0 
71 167 27 0 0 
114 163 113 0 0 
94 226 23 0 0 
46 261 109 0 0 
133 198 69 0 0 
109 154 107 0 0 
78 175 20 0 0 
70 133 30 0 0 
153 180 71 0 0 
162 207 73 0 0 
72 211 21 0 0 
116 245 41 1 0 
135 188 54 0 0 
43 199 21 0 0 
112 289 17 0 0 
173 192 8 47 0 
109 228 101 5 0 
169 176 69 0 0 
148 219 96 0 0 
73 310 57 0 0 
131 158 60 0 0 
141 342 33 0 0 
87 278 84 0 0 
170 217 57 0 0 
86 191 47 0 0 
148 237 27 0 0 
82 193 9 0 0 
138 262 80 0 0 
211 211 16 0 0 
102 213 47 0 0 
180 192 63 0 0 
78 128 116 0 0 
72 361 45 1 0 
92 196 5 0 0 
118 306 105 0 0 
77 131 26 55 0 
76 250 50 1 0 
107 231 70 0 0 
128 248 64 0 0 
177 149 103 0 0 
186 132 106 0 0 
147 254 17 0 0 
96 250 102 0 0 
41 233 25 39 0 
119 161 33 0 0 
154 202 17 0 0 
148 172 45 0 0 
95 204 54 0 0 
190 261 40 0 0 
305 212 27 0 0 
120 151 69 3 0 
64 395 33 0 0 
61 149 92 1 0 
31 263 93 0 0 
73 292 0 0 0 
84 366 29 0 0 
151 230 91 0 0 
96 243 36 0 0 
103 179 33 0 0 
130 309 107 1 0 
48 318 64 0 0 
130 299 71 7 0 
94 237 63 15 0 
148 200 30 0 0 
69 169 14 4 0 
331 64 93 0 0 
74 146 17 0 0 
157 206 31 0 0 
84 212 62 0 0 
223 88 21 0 0 
150 181 54 0 0 
123 292 77 0 0 
87 169 13 0 0 
186 236 64 3 0 
142 240 62 0 0 
198 169 30 0 0 
102 236 39 0 0 
81 161 163 0 0 
113 242 39 0 0 
315 146 103 7 0 
171 246 83 0 0 
250 195 21 0 0 
90 235 89 0 0 
112 232 45 0 0 
130 266 106 0 0 
141 216 87 0 0 
54 269 66 0 0 
182 254 96 0 0 
213 235 29 0 0 
50 250 81 0 0 
57 213 21 8 0 
169 174 45 0 0 
92 213 63 1 0 
145 379 47 0 0 
88 161 30 1 0 
255 215 20 0 0 
175 159 48 44 0 
125 169 110 0 0 
49 333 24 1 0 
202 207 42 2 0 
12 178 233 0 0 
168 268 60 0 0 
147 207 30 0 0 
76 198 74 0 0 
132 280 46 0 0 
91 393 69 0 0 
29 274 53 0 0 
156 198 42 22 0 
116 245 3 0 0 
52 280 47 26 0 
81 198 116 0 0 
177 287 30 0 0 
42 234 59 4 0 
91 223 46 0 0 
150 265 9 0 0 
226 172 92 0 0 
208 153 15 0 0 
125 306 68 0 0 
172 183 99 45 0 
200 275 32 0 0 
129 221 41 0 0 
51 182 89 0 0 
146 235 39 0 0 
80 247 105 0 0 
91 234 102 2 0 
124 231 87 120 0 
244 125 101 2 0 
60 322 24 0 0 
223 226 69 0 0 
155 142 66 0 0 
144 250 18 0 0 
179 281 82 0 0 
108 276 17 0 0 
109 159 58 0 0 
210 157 71 20 0 
141 238 138 15 0 
105 279 68 0 0 
64 197 25 0 0 
134 226 98 20 0 
81 386 66 1 0 
131 258 39 13 0 
60 162 59 0 0 
93 235 90 10 0 
259 205 20 0 0 
158 117 57 1 0 
49 216 25 14 0 
106 263 26 0 0 
101 149 104 4 0 
58 243 27 0 0 
133 113 30 15 0 
258 143 1 0 0 
114 224 24 0 0 
192 135 105 0 0 
93 234 71 0 0 
83 215 1 0 0 
80 213 81 0 0 
66 319 21 0 0 
180 330 52 0 0 
113 241 70 6 0 
115 218 17 0 0 
90 189 46 0 0 
58 127 55 1 0 
120 74 105 0 0 
161 216 50 7 0 
40 118 59 0 0 
80 272 32 32 0 
62 389 95 0 0 
47 151 151 13 0 
22 295 31 7 0 
102 246 77 10 0 
56 163 38 1 0 
115 249 45 9 0 
196 233 49 1 0 
302 209 54 0 0 
185 140 6 0 0 
47 294 24 46 0 
224 112 50 13 0 
119 321 37 0 0 
72 261 66 1 0 
228 285 39 0 0 
113 266 39 4 0 
131 118 83 18 0 
64 132 26 35 0 
169 165 100 9 0 
116 332 34 0 0 
179 200 40 8 0 
185 195 86 2 0 
134 169 30 0 0 
202 159 2 0 0 
43 227 126 0 0 
74 184 94 0 0 
153 202 43 0 0 
52 375 33 0 0 
80 292 112 28 0 
264 196 43 1 0 
43 278 71 0 0 
113 203 47 0 0 
90 180 63 0 0 
92 221 98 14 0 
101 100 63 6 0 
89 340 8 0 0 
31 244 106 0 0 
62 206 98 0 0 
132 250 4 0 0 
287 232 27 0 0 
132 191 46 1 0 
49 277 51 1 0 
80 264 76 0 0 
65 256 14 13 0 
137 417 25 12 0 
99 201 93 0 0 
227 172 42 0 0 
86 191 54 4 0 
147 142 39 12 0 
92 276 39 0 0 
93 188 31 0 0 
83 148 5 2 0 
112 217 22 4 0 
104 337 2 0 0 
229 323 78 0 0 
135 164 38 20 0 
133 124 69 17 0 
75 237 57 0 0 
155 68 93 0 0 
99 335 41 0 0 
156 183 10 0 0 
159 167 31 16 0 
172 129 44 0 0 
104 274 78 0 0 
47 157 150 4 0 
180 155 52 0 0 
143 226 72 0 0 
85 283 67 0 0 
166 176 38 1 0 
84 120 54 30 0 
188 234 52 0 0 
166 93 57 0 0 
121 253 20 0 0 
136 206 30 0 0 
69 235 55 40 0 
134 263 59 0 0 
182 218 6 1 0 
77 429 32 0 0 
217 233 33 0 0 
309 234 69 0 0 
98 296 70 0 0 
108 200 31 24 0 
156 247 34 0 0 
40 289 93 0 0 
209 265 36 0 0 
52 144 75 0 0 
169 201 55 68 0 
191 115 125 0 0 
155 245 79 0 0 
211 106 75 0 0 
244 165 65 0 0 
109 242 92 1 0 
93 251 76 0 0 
121 174 102 91 0 
243 304 11 0 0 
53 311 94 0 0 
73 269 29 0 0 
173 375 16 0 0 
233 143 27 0 0 
218 417 16 0 0 
100 152 89 0 0 
236 184 43 0 0 
156 278 76 0 0 
63 150 42 0 0 
227 64 31 19 0 
100 222 40 6 0 
219 352 15 0 0 
187 294 25 0 0 
190 244 46 0 0 
148 297 102 0 0 
167 116 140 2 0 
106 206 35 0 0 
118 172 86 0 0 
207 104 37 0 0 
67 108 27 0 0 
201 178 72 0 0 
76 415 19 0 0 
215 295 17 0 0 
146 210 14 0 0 
172 212 68 0 0 
126 196 91 0 0 
170 178 59 33 0 
195 242 2 0 0 
12 143 56 0 0 
46 324 54 0 0 
74 280 11 0 0 
195 132 2 12 0 
71 234 14 2 0 
197 201 52 0 0 
316 171 31 0 0 
187 351 48 0 0 
133 167 87 0 0 
48 336 70 2 0 
207 188 8 4 0 
43 72 113 24 0 
105 228 67 0 0 
74 192 16 0 0 
140 240 95 0 0 
169 165 27 0 0 
126 201 30 0 0 
23 194 72 0 0 
92 276 35 19 0 
25 187 157 0 0 
139 205 39 0 0 
217 109 55 0 0 
123 149 94 0 0 
117 378 41 0 0 
48 362 13 0 0 
71 254 132 0 0 
70 242 68 1 0 
84 269 65 0 0 
260 232 21 0 0 
109 273 34 0 0 
152 358 28 0 0 
171 286 35 0 0 
73 263 32 0 0 
177 172 36 0 0 
143 225 1 0 0 
31 351 67 0 0 
79 146 86 0 0 
100 335 37 22 0 
84 213 64 0 0 
120 205 91 0 0 
52 234 46 0 0 
121 331 13 5 0 
69 163 64 0 0 
125 197 13 0 0 
114 287 15 0 0 
261 200 15 0 0 
307 84 11 0 0 
67 427 19 0 0 
149 230 55 0 0 
118 311 98 0 0 
240 271 11 0 0 
57 163 51 1 0 
71 359 75 0 0 
113 209 27 4 0 
197 220 19 8 0 
139 68 57 0 0 
107 223 61 6 0 
185 201 24 0 0 
120 297 59 0 0 
180 211 42 7 0 
118 227 80 0 0 
210 155 37 0 0 
99 78 49 0 0 
73 248 12 0 0 
136 210 5 1 0 
52 302 118 1 0 
120 164 53 12 0 
87 263 81 0 0 
116 192 72 6 0 
183 122 156 0 0 
218 176 30 0 0 
145 192 39 14 0 
111 315 26 0 0 
162 190 6 0 0 
25 172 20 0 0 
176 264 10 0 0 
196 190 45 0 0 
76 186 59 0 0 
214 225 50 0 0 
28 280 51 0 0 
186 175 9 0 0 
65 147 115 17 0 
51 286 107 0 0 
94 310 16 0 0 
64 441 35 0 0 
102 112 231 8 0 
85 218 31 0 0 
125 293 4 0 0 
50 120 32 13 0 
218 178 11 4 0 
146 273 87 0 0 
115 278 45 0 0 
120 118 112 0 0 
107 293 66 0 0 
65 245 99 0 0 
176 255 74 6 0 
57 153 116 0 0 
127 252 67 0 0 
198 137 27 0 0 
238 165 23 0 0 
131 197 54 0 0 
166 130 196 0 0 
67 237 50 0 0 
79 132 22 0 0 
84 196 34 0 0 
179 262 65 0 0 
210 125 66 0 0 
129 273 49 0 0 
120 291 36 0 0 
111 304 110 0 0 
62 169 35 0 0 
175 295 68 12 0 
19 306 105 0 0 
154 244 19 5 0 
114 181 24 0 0 
95 221 23 0 0 
172 208 5 0 0 
83 142 33 0 0 
91 266 59 0 0 
78 187 71 63 0 
158 221 91 0 0 
176 179 20 0 0 
109 175 48 0 0 
162 260 16 0 0 
50 231 19 4 0 
257 152 8 1 0 
51 217 10 0 0 
113 306 20 13 0 
78 190 50 0 0 
106 188 49 0 0 
148 172 63 0 0 
24 344 29 1 0 
166 320 53 0 0 
57 293 29 0 0 
72 180 34 34 0 
223 197 30 0 0 
109 82 135 0 0 
208 164 48 0 0 
175 246 31 0 0 
81 268 21 1 0 
92 217 88 8 0 
144 165 82 0 0 
121 224 31 4 0 
104 256 31 0 0 
152 156 103 0 0 
77 139 90 0 0 
88 101 120 10 0 
169 254 28 0 0 
103 122 73 0 0 
102 251 27 0 0 
159 244 43 0 0 
204 189 99 7 0 
75 259 69 0 0 
57 294 62 0 0 
68 304 70 0 0 
73 247 31 1 0 
82 254 57 1 0 
160 207 67 0 0 
51 331 74 0 0 
189 185 55 0 0 
250 119 56 0 0 
170 184 112 2 0 
161 246 13 1 0 
70 196 19 10 0 
89 222 51 0 0 
104 240 119 0 0 
94 246 21 0 0 
124 254 68 0 0 
145 168 9 1 0 
63 190 33 1 0 
126 121 124 0 0 
69 315 20 0 0 
123 292 29 2 0 
175 293 73 0 0 
131 254 4 0 0 
95 185 125 0 0 
63 151 58 0 0 
125 144 107 0 0 
95 153 26 16 0 
132 138 89 25 0 
97 147 15 0 0 
208 197 73 0 0 
73 456 83 0 0 
152 250 6 4 0 
243 163 45 0 0 
132 232 70 126 0 
120 221 48 26 0 
151 157 11 0 0 
177 161 92 44 0 
38 373 0 0 0 
135 223 75 0 0 
139 129 43 0 0 
112 194 44 10 0 
30 257 35 2 0 
138 307 20 5 0 
122 199 66 0 0 
172 195 10 1 0 
136 193 23 0 0 
184 305 30 1 0 
19 282 48 0 0 
103 196 148 0 0 
90 182 48 0 0 
191 225 99 0 0 
75 162 53 0 0 
198 70 91 15 0 
83 196 98 0 0 
56 116 103 0 0 
102 202 119 2 0 
168 285 78 0 0 
44 131 160 0 0 
269 219 15 0 0 
147 91 60 0 0 
91 201 63 0 0 
186 261 14 0 0 
91 267 52 0 0 
78 451 17 0 0 
161 249 20 0 0 
95 214 28 0 0 
113 231 78 0 0 
187 96 70 0 0 
49 247 41 1 0 
286 125 51 0 0 
132 237 44 0 0 
29 475 66 58 0 
87 215 61 0 0 
123 235 128 2 0 
61 272 8 0 0 
169 244 57 0 0 
71 86 40 0 0 
194 237 18 0 0 
107 272 21 0 0 
171 215 43 29 0 
129 197 55 0 0 
76 290 36 0 0 
161 182 0 0 0 
120 130 57 10 0 
116 401 32 0 0 
223 160 65 13 0 
65 312 61 15 0 
146 167 118 4 0 
131 157 78 0 0 
128 234 77 0 0 
193 341 33 0 0 
211 173 77 0 0 
128 230 39 0 0 
181 321 29 7 0 
74 170 56 12 0 
63 240 109 0 0 
185 245 57 0 0 
141 299 100 16 0 
229 273 15 0 0 
69 189 21 0 0 
229 198 82 0 0 
56 356 28 0 0 
106 188 30 6 0 
200 246 1 0 0 
117 146 25 0 0 
205 202 21 0 0 
98 188 8 0 0 
100 237 74 0 0 
158 264 122 0 0 
101 260 25 0 0 
158 386 10 6 0 
113 168 21 0 0 
124 230 121 0 0 
125 229 114 34 0 
154 326 58 0 0 
62 197 28 0 0 
108 214 46 0 0 
203 160 80 0 0 
295 170 40 1 0 
110 275 26 0 0 
153 160 16 0 0 
117 168 106 0 0 
291 186 91 1 0 
116 242 3 0 0 
128 216 77 49 0 
51 281 89 0 0 
153 261 121 0 0 
80 224 13 0 0 
273 226 6 0 0 
155 321 26 0 0 
95 334 12 0 0 
113 169 83 0 0 
320 170 16 0 0 
145 219 55 0 0 
203 193 131 0 0 
96 323 6 0 0 
133 227 48 0 0 
94 240 43 0 0 
293 217 11 1 0 
84 214 68 0 0 
106 206 59 0 0 
148 222 103 0 0 
69 173 73 0 0 
270 108 46 1 0 
85 246 67 0 0 
127 205 45 0 0 
156 85 22 0 0 
155 227 30 0 0 
75 311 143 0 0 
240 192 29 0 0 
118 211 70 0 0 
66 254 74 0 0 
106 130 163 0 0 
117 258 31 0 0 
157 283 31 0 0 
93 215 108 23 0 
41 274 30 0 0 
136 357 11 1 0 
147 154 90 1 0 
72 176 58 16 0 
26 143 77 0 0 
194 296 32 0 0 
86 139 76 0 0 
155 212 35 0 0 
210 203 26 0 0 
31 365 46 4 0 
77 352 45 0 0 
171 171 94 0 0 
82 200 67 0 0 
152 166 19 0 0 
50 262 117 0 0 
146 300 57 0 0 
64 291 66 0 0 
293 192 15 10 0 
92 160 73 0 0 
102 178 142 0 0 
168 242 17 1 0 
123 150 83 0 0 
25 197 115 0 0 
78 231 76 0 0 
82 249 5 6 0 
312 204 40 0 0 
184 182 24 0 0 
91 373 30 5 0 
169 255 12 0 0 
58 220 34 18 0 
183 156 71 3 0 
117 236 68 30 0 
86 171 78 0 0 
32 277 39 0 0 
185 284 49 0 0 
104 154 47 0 0 
100 244 28 0 0 
276 163 40 0 0 
144 135 73 15 0 
207 68 52 20 0 
220 196 26 0 0 
158 172 15 0 0 
139 222 94 9 0 
24 241 78 3 0 
127 158 93 0 0 
96 294 39 3 0 
154 207 17 0 0 
138 168 156 6 0 
110 204 70 0 0 
157 226 91 28 0 
138 179 20 0 0 
202 206 37 0 0 
213 218 16 0 0 
130 218 30 1 0 
171 119 34 0 0 
123 288 45 0 0 
80 179 23 1 0 
146 193 42 0 0 
131 218 75 3 0 
80 210 53 0 0 
199 105 114 5 0 
125 349 9 0 0 
82 195 160 1 0 
103 273 75 0 0 
103 208 47 0 0 
237 162 18 2 0 
242 198 40 0 0 
66 202 80 0 0 
162 237 70 0 0 
68 192 41 0 0 
112 248 41 4 0 
176 148 63 0 0 
45 321 75 0 0 
62 163 62 0 0 
97 195 64 0 0 
320 132 65 32 0 
106 272 58 0 0 
106 270 40 0 0 
134 190 18 0 0 
120 263 15 6 0 
64 302 64 40 0 
168 205 22 0 0 
56 164 17 2 0 
156 379 24 0 0 
