0 21 103 50 0 
0 1 315 22 0 
0 22 318 69 0 
0 26 234 75 0 
0 1 549 17 0 
0 49 245 0 0 
0 3 426 54 0 
0 83 298 53 0 
0 24 505 10 0 
0 285 396 18 0 
0 46 301 28 0 
9 3 462 10 0 
1 10 602 55 0 
0 27 395 129 0 
0 14 243 95 0 
0 0 508 21 0 
0 46 221 55 0 
0 57 329 5 0 
0 35 239 5 0 
0 12 311 67 0 
0 86 515 61 0 
0 0 332 0 0 
0 6 250 2 0 
0 0 352 58 0 
0 32 408 9 0 
0 45 280 0 0 
0 11 396 2 0 
0 17 234 47 0 
0 5 348 44 0 
11 47 215 16 0 
0 32 447 18 0 
0 45 295 60 0 
0 9 230 28 0 
0 60 284 29 0 
0 13 222 26 0 
3 62 331 0 0 
0 1 428 12 0 
0 505 63 181 0 
8 9 454 2 0 
0 245 338 13 0 
0 195 370 11 0 
0 11 458 35 0 
0 0 350 1 0 
0 44 315 5 0 
1 105 256 27 0 
0 9 340 29 0 
5 139 250 0 0 
0 19 331 9 0 
0 33 320 1 0 
1 22 340 16 0 
0 4 425 28 0 
0 7 329 47 0 
0 134 473 80 0 
1 113 321 43 0 
0 23 311 1 0 
0 9 382 1 0 
0 1 509 2 0 
0 18 298 70 0 
0 20 287 17 0 
0 57 194 19 0 
0 0 649 0 0 
0 45 202 0 0 
0 46 469 0 0 
0 18 432 0 0 
2 61 289 1 0 
0 209 232 56 0 
0 12 353 15 0 
0 173 332 14 0 
0 11 207 14 0 
0 1 387 31 0 
0 15 435 16 0 
0 21 299 26 0 
0 55 229 16 0 
0 4 303 0 0 
0 31 333 172 0 
0 28 306 50 0 
0 3 366 85 0 
0 27 269 10 0 
0 6 295 22 0 
0 0 440 3 0 
0 83 304 91 0 
3 16 227 90 0 
0 17 312 83 0 
0 4 299 0 0 
0 2 270 140 0 
0 56 432 33 0 
0 13 677 115 0 
0 6 434 22 0 
0 46 408 1 0 
0 73 205 84 0 
0 36 224 18 0 
0 228 242 0 0 
0 0 529 54 0 
0 335 256 0 0 
0 25 361 28 0 
0 131 310 9 0 
0 16 283 50 0 
0 31 79 73 0 
0 25 274 39 0 
0 0 331 93 0 
0 1 583 134 0 
0 5 353 23 0 
0 20 250 15 0 
0 1 227 9 0 
3 27 496 34 0 
0 2 296 66 0 
0 19 445 10 0 
0 14 187 33 0 
0 14 180 0 0 
0 23 347 0 0 
0 228 302 0 0 
0 98 219 11 0 
9 68 292 0 0 
0 45 279 3 0 
0 0 380 29 0 
0 32 265 0 0 
0 14 394 1 0 
0 2 235 0 0 
0 50 247 13 0 
0 1 345 0 0 
0 6 284 22 0 
0 80 400 4 0 
15 16 520 11 0 
0 1 261 16 0 
0 1 407 0 0 
0 7 456 182 0 
0 0 185 25 0 
0 1 191 4 0 
0 3 214 91 0 
0 80 258 3 0 
0 1 341 56 0 
0 6 464 93 0 
0 22 312 49 0 
0 0 262 54 0 
0 13 265 47 0 
0 28 282 34 0 
0 6 411 7 0 
0 4 440 67 0 
0 6 339 16 0 
0 58 340 0 0 
0 75 364 0 0 
0 4 234 4 0 
0 19 249 15 0 
0 3 420 53 0 
0 26 201 1 0 
0 33 242 18 0 
0 12 318 21 0 
0 8 379 51 0 
0 42 302 0 0 
0 37 290 32 0 
0 111 453 75 0 
0 2 329 36 0 
0 1 411 15 0 
0 19 271 11 0 
0 40 281 12 0 
0 75 467 143 0 
0 25 286 23 0 
0 1 397 7 0 
0 19 231 0 0 
0 0 285 59 0 
0 81 426 12 0 
0 0 439 0 0 
0 43 385 55 0 
0 57 363 44 0 
0 121 422 14 0 
0 1 272 9 0 
0 12 229 31 0 
0 37 538 47 0 
0 32 352 0 0 
0 28 340 117 0 
0 0 408 10 0 
0 3 315 3 0 
1 0 485 0 0 
0 38 232 89 0 
0 140 248 20 0 
0 18 302 64 0 
0 24 416 60 0 
0 10 317 7 0 
0 173 482 1 0 
0 91 278 85 0 
0 83 254 7 0 
0 44 381 57 0 
0 7 571 37 0 
0 2 351 64 0 
0 11 84 187 0 
0 30 442 107 0 
0 13 358 13 0 
0 8 349 39 0 
0 42 334 56 0 
0 35 216 22 0 
0 60 334 110 0 
0 38 128 28 0 
0 22 240 0 0 
0 3 214 108 0 
0 27 283 6 0 
0 4 237 0 0 
0 112 196 39 0 
0 74 449 22 0 
0 1 189 61 0 
0 23 377 0 0 
0 101 249 19 0 
0 71 338 0 0 
0 0 298 85 0 
0 2 236 49 0 
6 93 383 33 0 
0 21 284 19 0 
1 30 135 38 0 
0 51 242 0 0 
0 119 148 205 0 
0 21 293 3 0 
0 1 224 17 0 
0 5 288 37 0 
0 73 307 1 0 
0 38 382 12 0 
0 0 513 36 0 
0 70 353 49 0 
0 64 212 2 0 
0 39 312 121 0 
0 6 387 0 0 
1 17 155 77 0 
0 4 400 27 0 
0 72 262 39 0 
0 0 379 0 0 
0 9 374 0 0 
0 111 361 11 0 
0 0 572 51 0 
0 15 385 62 0 
0 0 375 1 0 
0 98 551 13 0 
0 128 352 9 0 
0 75 415 7 0 
0 128 585 77 0 
0 235 241 94 0 
0 59 383 72 0 
0 58 304 30 0 
0 13 262 138 0 
0 4 378 1 0 
0 0 301 120 0 
0 1 419 1 0 
0 53 229 73 0 
0 84 457 35 0 
0 29 228 0 0 
0 25 279 9 0 
0 15 250 61 0 
0 250 148 7 0 
0 0 391 2 0 
1 30 158 24 0 
0 2 339 11 0 
0 0 482 51 0 
0 51 343 44 0 
0 1 666 9 0 
0 17 452 0 0 
0 8 445 7 0 
0 0 432 22 0 
0 193 386 0 0 
0 1 806 0 0 
0 40 254 37 0 
0 159 322 7 0 
0 30 215 0 0 
0 84 270 0 0 
0 21 323 2 0 
0 12 232 17 0 
0 56 277 54 0 
4 39 398 7 0 
4 95 354 45 1 
0 37 490 35 0 
0 90 299 140 0 
0 22 494 83 0 
0 39 204 19 0 
0 34 210 221 0 
0 10 703 18 0 
0 26 360 122 0 
0 35 435 45 0 
0 59 285 27 0 
0 1 635 2 0 
0 39 354 15 0 
0 30 232 0 0 
0 56 360 32 0 
0 62 272 1 0 
0 0 317 76 0 
0 159 293 71 0 
0 32 317 19 0 
4 69 247 89 0 
0 0 573 113 0 
0 88 273 52 0 
0 13 281 0 0 
0 4 327 11 0 
0 4 534 4 0 
3 55 248 47 0 
2 1 445 87 0 
0 108 386 4 0 
0 28 267 0 0 
0 1 179 6 0 
0 186 269 64 0 
0 7 342 32 0 
0 49 520 7 0 
0 1 256 0 0 
0 74 324 45 0 
0 4 354 88 0 
0 33 569 0 0 
0 3 455 4 0 
0 10 427 45 0 
0 16 450 0 0 
0 15 425 9 0 
0 0 437 0 0 
0 161 125 35 0 
8 7 449 24 0 
0 134 184 28 0 
0 49 340 57 0 
0 131 359 12 0 
0 9 260 189 0 
0 13 444 33 0 
0 1 277 149 0 
0 110 226 45 0 
0 87 244 9 0 
0 41 382 17 0 
4 1 260 0 0 
0 0 338 38 0 
0 77 301 6 0 
0 184 261 7 0 
0 15 243 92 0 
0 5 276 39 0 
0 9 250 63 0 
0 37 126 72 0 
0 6 590 75 0 
0 53 300 1 0 
0 64 259 11 0 
0 163 172 53 0 
0 45 267 0 0 
0 13 355 0 0 
0 50 310 0 0 
0 30 521 64 0 
0 25 421 50 0 
0 87 336 52 0 
0 1 456 21 0 
0 12 204 31 0 
0 0 321 33 0 
0 24 417 0 0 
0 42 372 12 0 
0 26 421 0 0 
0 29 445 30 0 
0 101 375 52 0 
0 165 239 9 0 
0 0 252 5 0 
0 0 362 58 0 
0 0 293 1 0 
0 7 392 54 0 
1 162 294 5 0 
0 52 484 16 0 
0 24 316 12 0 
0 0 389 3 0 
0 10 339 0 0 
0 43 408 41 0 
0 13 357 3 0 
0 33 222 22 0 
0 19 298 0 0 
0 1 467 37 0 
0 6 181 0 0 
11 30 384 1 0 
0 0 315 0 0 
0 0 729 1 0 
0 60 268 40 0 
0 65 244 11 0 
0 19 539 14 0 
0 2 227 3 0 
0 59 268 10 0 
0 29 525 3 0 
0 2 277 23 0 
0 0 382 115 0 
0 103 289 78 0 
0 7 215 11 0 
0 0 459 0 0 
0 21 204 2 0 
0 185 199 78 0 
0 27 510 4 0 
0 1 325 75 0 
0 0 209 20 0 
0 4 230 1 0 
0 0 330 10 0 
0 5 448 93 0 
0 48 264 69 0 
0 128 337 6 0 
0 66 625 37 0 
0 51 351 0 0 
0 2 422 13 0 
0 13 296 22 0 
0 68 504 4 0 
0 0 274 52 0 
0 39 578 37 0 
0 56 252 129 0 
0 11 321 78 0 
0 18 503 19 0 
0 10 237 1 0 
0 193 240 50 0 
0 0 256 12 0 
0 86 325 35 0 
0 53 397 29 0 
1 42 354 55 0 
0 11 223 85 0 
0 6 589 18 0 
0 18 365 95 0 
0 11 334 33 0 
0 0 399 45 0 
0 84 309 0 0 
0 15 258 36 0 
0 44 306 16 0 
6 1 334 24 0 
1 6 283 0 0 
0 15 325 48 0 
7 7 289 84 0 
0 79 341 88 0 
0 100 290 80 0 
18 103 177 51 0 
0 55 269 7 0 
0 7 275 174 0 
0 5 427 68 0 
0 87 421 6 0 
2 44 186 68 0 
0 10 422 121 0 
0 5 686 52 0 
0 20 277 0 0 
0 132 342 9 0 
0 2 846 1 0 
0 0 401 14 0 
0 0 457 64 0 
0 163 324 1 0 
0 207 199 13 0 
0 72 290 19 0 
0 14 195 295 0 
0 1 217 27 0 
0 106 166 12 0 
0 69 354 16 0 
0 16 209 49 0 
0 111 144 31 0 
0 2 571 9 0 
0 7 368 0 0 
0 48 85 26 0 
0 116 483 32 0 
0 86 254 4 0 
0 17 493 77 0 
0 12 398 0 0 
0 0 471 21 0 
0 15 380 0 0 
0 57 239 8 0 
0 1 371 0 0 
0 0 286 10 0 
0 14 268 1 0 
0 0 456 54 0 
4 2 720 35 0 
0 2 345 14 0 
0 42 401 0 0 
0 131 340 63 0 
0 1 457 0 0 
0 27 214 61 0 
0 43 244 38 0 
0 43 232 8 0 
0 44 199 33 0 
0 35 435 0 0 
0 37 455 71 0 
1 5 646 91 0 
0 13 460 7 0 
0 0 193 10 0 
0 34 512 16 0 
5 0 217 22 0 
0 5 286 71 0 
0 34 254 25 0 
1 5 447 11 0 
0 66 470 18 0 
0 58 320 1 0 
0 8 276 10 0 
0 59 180 10 0 
0 2 375 0 0 
0 244 150 1 0 
0 0 292 47 0 
5 25 447 33 0 
0 6 411 122 0 
0 72 290 7 0 
0 13 280 30 0 
0 1 101 80 0 
0 3 528 11 0 
0 46 271 0 0 
0 89 205 0 0 
2 62 272 8 0 
0 94 597 62 0 
12 21 374 204 0 
0 11 375 93 0 
0 17 404 30 0 
0 3 244 5 0 
0 6 209 42 0 
0 42 389 15 0 
0 74 293 42 0 
0 0 334 5 0 
0 33 450 1 0 
0 25 374 54 0 
0 2 539 124 0 
0 27 428 15 0 
0 26 487 14 0 
0 8 313 96 0 
0 16 339 143 0 
0 125 265 3 0 
0 11 336 62 0 
0 10 353 70 0 
0 7 374 20 0 
0 23 391 65 0 
0 22 215 3 0 
0 27 338 204 0 
0 442 171 2 0 
0 77 196 140 0 
0 1 270 0 0 
0 8 207 3 0 
1 8 210 3 0 
0 4 237 97 0 
0 23 451 128 0 
0 4 439 8 0 
0 0 396 5 0 
0 23 215 119 0 
7 24 264 16 0 
0 8 573 21 0 
0 0 263 165 0 
0 12 512 1 0 
0 11 317 1 0 
0 1 259 48 0 
8 20 179 24 0 
7 58 260 74 0 
0 48 213 2 0 
0 105 189 1 0 
6 33 304 22 0 
0 1 458 11 0 
0 15 238 1 0 
0 4 442 4 0 
0 8 589 92 0 
0 14 422 8 0 
0 30 237 1 0 
0 17 459 26 0 
27 71 202 1 0 
0 91 277 108 0 
13 18 249 16 0 
0 6 225 163 0 
0 0 192 269 0 
0 10 142 37 0 
0 0 361 27 0 
0 20 196 7 0 
0 2 691 3 0 
0 85 119 171 0 
15 28 330 49 0 
0 75 434 2 0 
1 3 242 13 0 
0 68 287 58 0 
1 11 467 2 0 
4 1 242 0 0 
0 0 310 38 0 
0 0 201 18 0 
0 20 397 11 0 
0 0 205 0 0 
0 34 325 18 0 
0 14 230 63 0 
0 19 286 57 0 
4 103 443 1 0 
0 49 299 38 0 
0 56 212 177 0 
0 1 164 3 0 
0 11 287 66 0 
0 27 439 51 0 
0 4 230 0 0 
0 21 306 17 0 
0 3 358 27 0 
0 14 557 0 0 
0 1 299 38 0 
0 47 589 46 0 
0 13 351 116 0 
1 31 300 0 0 
1 14 470 80 0 
0 6 227 62 0 
0 45 317 20 0 
0 182 278 2 0 
2 33 292 6 0 
0 26 419 32 0 
0 21 511 50 0 
0 114 394 81 0 
0 87 483 0 0 
0 4 152 394 0 
0 26 383 42 0 
0 1 268 58 0 
0 0 404 12 0 
0 1 306 2 0 
0 43 223 5 0 
0 1 264 13 0 
0 81 267 18 0 
0 104 543 4 0 
0 19 342 43 0 
0 21 238 124 0 
0 2 326 0 0 
0 3 351 2 0 
1 52 297 37 0 
0 0 310 6 0 
0 40 373 131 0 
0 41 443 73 0 
0 3 166 1 0 
11 29 548 0 0 
1 67 390 144 0 
0 1 419 0 0 
0 43 311 10 0 
0 15 299 17 0 
0 35 299 4 0 
0 0 256 31 0 
0 50 296 0 0 
0 13 505 1 0 
0 5 304 9 0 
5 10 252 24 0 
0 23 303 19 0 
0 18 350 10 0 
0 21 352 125 0 
0 28 219 37 0 
0 24 356 0 0 
0 8 550 74 0 
0 0 402 39 0 
0 5 224 42 0 
0 18 216 23 0 
0 17 734 39 0 
0 10 368 73 0 
0 97 231 0 0 
0 28 311 0 0 
0 15 300 78 0 
0 68 523 17 0 
0 1 197 12 0 
1 105 210 15 0 
0 46 310 11 0 
0 137 215 17 0 
0 170 285 5 0 
0 51 376 29 0 
0 32 416 44 0 
0 35 298 115 0 
0 39 287 0 0 
0 32 192 2 0 
0 181 246 119 0 
0 13 387 46 0 
0 35 260 10 0 
0 56 334 3 0 
0 9 181 2 0 
0 168 222 67 0 
0 17 435 190 0 
0 42 472 10 0 
0 87 313 27 0 
0 97 249 40 0 
2 2 315 7 0 
0 29 362 2 0 
0 14 330 0 0 
0 113 259 48 0 
0 5 197 5 0 
0 30 214 87 0 
0 18 201 76 0 
0 7 249 84 0 
15 98 190 7 0 
0 34 361 1 0 
0 0 416 42 0 
0 7 557 1 0 
0 57 367 4 0 
0 19 238 35 0 
0 27 175 2 0 
0 10 309 3 0 
0 5 262 133 0 
0 45 268 65 0 
0 33 332 0 0 
0 1 276 74 0 
0 70 321 30 0 
0 28 416 0 0 
0 4 336 10 0 
0 40 479 23 0 
0 44 325 39 0 
0 47 585 42 0 
0 16 367 1 0 
0 1 432 16 0 
0 9 361 0 0 
0 39 440 10 0 
0 45 293 45 0 
0 68 399 5 0 
0 122 351 18 0 
0 17 256 78 0 
0 7 500 29 0 
0 33 452 59 0 
0 0 499 3 0 
0 38 392 39 0 
0 34 423 4 0 
0 43 172 26 0 
0 102 306 103 0 
0 0 436 52 0 
0 22 241 58 0 
1 34 308 26 0 
0 129 448 45 0 
0 156 218 0 0 
0 28 397 26 0 
0 69 569 1 0 
0 2 230 38 0 
0 0 250 173 0 
0 73 324 4 0 
0 51 189 50 0 
0 7 274 7 0 
0 0 397 41 0 
0 0 521 16 0 
0 28 346 4 0 
0 86 630 36 0 
0 0 363 102 0 
0 4 329 107 0 
0 29 103 37 0 
0 24 426 16 0 
0 0 308 239 0 
1 21 623 15 0 
0 91 243 41 0 
0 93 336 0 0 
2 26 334 14 0 
0 117 285 38 0 
1 302 333 15 0 
0 1 338 0 0 
0 58 204 30 0 
0 33 482 0 0 
0 1 241 41 0 
0 65 196 152 0 
0 0 189 0 0 
0 1 375 19 0 
0 41 159 58 0 
0 17 310 14 0 
0 13 221 17 18 
0 22 490 2 0 
0 120 291 2 0 
0 5 435 4 0 
0 104 210 79 0 
0 107 470 4 0 
0 75 226 109 0 
0 70 337 70 0 
0 182 267 100 0 
0 69 361 16 0 
0 0 210 1 0 
0 18 430 14 0 
0 32 474 16 0 
0 0 520 14 0 
0 77 294 0 0 
0 18 387 2 0 
0 149 490 84 0 
0 44 457 34 0 
0 5 329 24 0 
0 125 255 40 0 
0 4 201 57 0 
0 54 405 26 0 
0 138 291 0 0 
0 1 401 10 0 
0 0 309 0 0 
0 7 158 3 0 
0 90 183 31 0 
0 190 296 101 0 
0 41 409 0 0 
0 0 77 1 0 
12 1 400 1 0 
0 1 183 0 0 
0 7 199 8 0 
0 75 210 18 0 
0 138 313 0 0 
0 0 310 43 0 
0 30 580 1 0 
0 0 289 0 0 
0 4 400 4 0 
0 33 252 0 0 
0 45 240 0 0 
0 30 130 7 58 
0 16 158 107 0 
0 45 241 7 0 
0 76 344 13 0 
1 34 424 13 0 
0 0 424 168 0 
0 0 208 55 0 
0 105 298 44 0 
0 0 466 45 0 
0 75 358 57 0 
0 0 418 3 0 
0 21 387 48 0 
0 3 367 0 0 
2 123 790 20 0 
0 12 339 60 0 
0 15 248 10 0 
1 103 341 28 0 
0 43 340 52 0 
0 88 295 42 0 
1 0 272 56 0 
0 27 231 73 0 
1 2 501 6 0 
0 14 180 104 0 
0 0 299 48 0 
0 80 328 0 0 
0 44 263 48 0 
0 14 362 2 0 
0 1 541 0 0 
0 0 438 56 0 
0 0 554 31 0 
0 33 167 20 0 
0 122 208 45 0 
0 4 337 1 0 
0 13 264 65 0 
1 60 274 61 0 
0 7 477 175 0 
0 85 237 48 0 
0 1 257 0 0 
5 0 229 24 0 
0 1 309 100 0 
0 0 751 124 0 
0 136 264 1 0 
0 32 414 0 0 
0 0 389 22 0 
0 48 496 18 0 
0 1 321 12 0 
0 3 323 0 0 
0 11 596 14 0 
0 11 364 7 0 
2 3 285 42 0 
0 8 230 171 0 
0 6 455 345 0 
0 85 245 38 0 
0 51 356 58 0 
0 131 331 65 0 
0 42 578 47 0 
0 15 493 0 0 
0 82 297 53 0 
0 16 247 0 0 
0 51 313 98 0 
0 27 474 23 0 
1 43 371 0 0 
0 18 238 52 0 
0 16 368 10 0 
0 24 578 29 0 
0 25 198 12 0 
0 7 480 12 0 
0 5 507 62 0 
0 122 207 7 0 
0 40 197 11 0 
0 66 321 8 0 
0 1 256 0 0 
1 7 372 47 0 
0 0 418 24 0 
0 35 296 10 0 
0 18 460 5 0 
0 342 254 55 0 
0 84 464 76 0 
0 2 398 0 0 
0 42 190 0 0 
0 75 126 84 0 
0 3 254 9 0 
0 73 116 0 0 
0 49 233 84 0 
0 5 408 14 0 
0 46 372 75 0 
0 14 252 0 0 
0 2 310 1 0 
0 59 292 13 0 
0 0 336 181 0 
0 51 357 10 0 
0 32 441 27 0 
0 79 122 8 0 
0 10 422 5 0 
0 5 316 102 0 
0 63 140 4 0 
1 11 383 100 0 
1 12 142 2 0 
0 80 301 48 0 
0 1 384 5 0 
0 1 253 7 0 
0 185 273 0 0 
0 0 565 0 0 
0 3 557 1 0 
0 1 222 14 0 
0 54 202 12 0 
0 21 388 19 0 
0 0 399 23 0 
0 95 196 39 0 
0 25 358 189 0 
0 12 398 10 0 
0 47 183 62 0 
0 21 339 2 0 
0 67 229 2 0 
0 71 221 19 0 
0 89 466 4 0 
0 5 384 27 0 
0 139 351 0 0 
0 30 401 34 0 
0 90 213 16 0 
0 32 443 19 0 
0 7 266 0 0 
0 16 341 24 0 
0 0 492 29 0 
0 35 360 71 0 
0 0 321 18 0 
0 12 432 106 0 
0 1 169 81 0 
0 214 353 132 0 
0 85 366 78 0 
0 35 357 17 0 
0 0 359 80 0 
0 11 559 18 0 
0 49 230 96 0 
0 18 336 98 0 
0 26 276 11 0 
0 28 613 21 0 
0 4 214 16 0 
0 51 228 51 0 
0 35 488 57 0 
0 70 473 161 0 
0 0 241 70 0 
0 0 299 137 0 
0 77 268 107 0 
0 35 545 0 0 
0 1 433 15 0 
1 96 322 2 0 
0 17 253 0 0 
0 37 601 60 0 
0 1 390 201 0 
1 3 296 24 0 
0 6 393 5 0 
0 11 330 16 0 
0 110 269 20 0 
0 30 386 1 0 
0 0 331 2 0 
17 13 314 33 0 
8 255 612 3 0 
0 3 292 0 0 
0 9 155 0 0 
0 61 176 73 0 
0 14 248 6 0 
0 2 249 84 0 
0 43 225 29 0 
2 1 402 131 0 
0 215 264 19 0 
0 0 631 1 0 
0 31 239 86 0 
0 15 616 33 0 
0 14 350 223 0 
0 237 353 3 0 
9 6 225 10 0 
0 24 378 74 0 
0 2 158 14 0 
0 47 245 0 0 
0 58 194 48 0 
0 16 325 0 0 
0 178 114 66 0 
0 80 394 26 0 
0 61 462 46 0 
0 5 181 26 0 
0 42 248 0 0 
0 32 342 131 0 
0 11 199 100 0 
0 258 313 42 0 
0 0 205 6 0 
0 17 396 11 0 
0 18 567 7 0 
0 42 392 1 0 
0 0 322 27 0 
0 0 522 35 0 
0 0 452 3 0 
1 79 278 19 0 
0 1 328 166 0 
2 9 321 12 0 
0 145 400 65 0 
0 9 396 3 0 
0 4 157 11 0 
0 26 128 57 0 
0 18 468 132 0 
0 20 182 2 0 
3 4 231 56 0 
0 44 475 0 0 
0 2 277 9 0 
0 0 387 72 0 
0 48 323 104 0 
0 100 374 24 0 
0 120 393 3 0 
0 69 248 15 0 
0 2 242 0 0 
0 0 299 14 0 
0 18 252 37 0 
0 0 165 17 0 
0 10 162 4 0 
0 22 297 46 0 
0 3 357 58 0 
1 60 412 1 0 
0 18 263 73 0 
0 41 356 80 2 
0 63 177 17 0 
0 10 381 7 0 
0 0 331 3 0 
0 33 369 0 0 
0 3 315 40 0 
1 11 216 123 12 
0 5 604 51 0 
0 85 150 57 0 
0 60 826 0 0 
1 20 431 31 0 
0 0 357 11 0 
0 181 379 22 0 
0 0 369 70 0 
0 17 369 105 0 
0 64 163 0 0 
0 57 442 143 0 
0 20 329 7 0 
0 184 246 14 0 
17 3 322 14 0 
