4 114 129 111 13 
3 33 168 32 0 
37 65 129 36 0 
49 63 283 111 0 
3 35 260 31 0 
24 9 133 26 1 
4 57 106 22 1 
12 24 203 97 0 
9 41 122 26 39 
1 43 272 227 0 
6 34 161 28 0 
2 19 321 32 2 
8 64 96 97 3 
10 147 284 102 0 
6 67 226 45 0 
7 103 116 101 0 
15 34 103 26 1 
18 52 111 161 23 
24 101 154 104 0 
0 102 159 140 0 
3 38 303 62 0 
5 35 207 90 0 
1 29 143 46 0 
13 85 166 39 0 
3 89 117 53 0 
1 69 146 111 45 
10 72 147 36 0 
6 65 176 28 26 
4 72 252 5 1 
6 31 268 61 0 
9 82 181 50 1 
0 79 110 101 0 
16 47 153 39 0 
13 46 155 47 11 
4 7 185 34 0 
6 50 139 44 1 
4 74 113 140 0 
3 85 103 47 0 
4 140 73 17 0 
7 40 108 56 3 
13 114 74 59 0 
2 41 83 121 46 
7 115 164 72 20 
29 40 181 89 0 
11 100 87 63 1 
7 68 186 62 0 
6 38 193 42 0 
2 30 115 88 0 
0 94 140 13 0 
3 71 167 10 0 
10 19 289 27 16 
1 61 242 84 0 
3 82 119 34 0 
5 129 169 73 0 
6 38 83 121 0 
11 33 128 232 0 
9 57 212 23 0 
2 106 102 101 0 
29 136 47 44 0 
16 35 116 73 17 
12 40 138 28 6 
4 39 140 38 0 
21 33 194 120 0 
3 46 173 85 0 
2 24 216 110 0 
17 114 151 43 0 
6 6 81 137 1 
8 53 206 144 0 
7 113 135 75 2 
27 125 198 23 0 
7 43 159 93 0 
13 31 201 84 0 
4 67 186 25 0 
15 83 83 34 19 
8 124 109 32 0 
19 48 112 96 0 
9 95 165 56 0 
14 52 239 68 0 
2 47 85 42 0 
19 56 133 230 0 
12 59 231 141 1 
10 30 203 165 0 
10 33 177 153 21 
11 28 124 66 0 
5 14 183 40 5 
1 64 118 37 0 
3 56 134 57 0 
1 50 256 97 0 
38 34 104 153 15 
2 83 133 63 0 
1 71 120 92 0 
3 91 109 44 1 
10 70 103 67 0 
0 99 180 70 0 
3 151 239 67 0 
2 48 117 133 0 
6 66 70 56 0 
2 29 194 41 0 
4 55 157 88 8 
39 113 215 6 6 
14 92 55 72 20 
10 77 136 42 0 
10 74 85 55 1 
5 21 103 41 0 
8 34 96 96 0 
5 58 134 20 0 
4 146 183 34 1 
2 119 186 96 5 
10 85 72 35 0 
8 124 147 62 0 
9 84 136 85 0 
38 49 155 107 0 
6 80 129 52 0 
6 55 222 79 1 
12 55 100 82 0 
0 177 142 39 0 
7 29 128 82 23 
4 25 216 93 1 
1 21 215 17 0 
3 90 175 69 0 
1 56 216 15 3 
7 33 259 75 0 
5 25 130 89 0 
5 51 102 73 0 
25 21 196 59 0 
1 57 191 20 0 
22 43 160 31 0 
13 36 95 98 0 
13 112 95 94 0 
7 58 149 36 0 
1 16 162 77 39 
0 61 237 62 3 
4 65 350 85 9 
2 60 190 53 1 
0 143 226 34 0 
1 111 304 10 0 
3 100 159 147 7 
11 46 223 120 0 
7 37 99 177 0 
7 50 211 158 0 
1 126 41 97 6 
3 52 209 53 0 
6 124 196 138 0 
44 103 101 99 0 
5 37 234 22 0 
5 223 145 50 0 
25 55 216 64 0 
3 43 86 107 0 
10 125 141 2 0 
6 150 167 47 2 
15 33 227 60 0 
5 86 124 68 0 
6 65 201 37 0 
24 29 180 81 0 
7 40 103 57 1 
0 82 262 167 0 
8 74 150 129 1 
8 119 209 51 9 
9 106 92 56 0 
6 36 181 87 0 
0 60 165 96 1 
21 30 190 14 0 
9 63 235 150 0 
2 84 128 103 0 
3 78 125 61 0 
8 39 230 54 6 
7 76 132 46 15 
52 48 143 54 4 
8 38 332 121 0 
5 82 204 26 0 
1 39 144 56 20 
31 22 257 65 14 
12 50 153 35 14 
5 70 194 70 3 
0 118 224 67 0 
9 43 206 32 0 
23 111 152 104 1 
10 100 189 31 6 
17 64 153 102 46 
10 73 199 15 15 
20 92 128 36 0 
6 20 248 85 0 
8 90 180 119 0 
1 47 161 28 0 
7 71 206 9 0 
9 43 133 67 9 
14 115 172 98 0 
9 25 259 65 1 
10 126 147 93 0 
3 42 105 95 0 
4 68 102 36 0 
9 72 170 121 0 
2 45 266 70 1 
37 262 176 14 15 
19 46 135 79 29 
1 68 190 40 14 
8 78 161 33 4 
5 114 191 229 0 
62 24 125 59 0 
18 73 109 46 0 
7 117 109 34 0 
3 14 161 36 0 
0 104 198 74 0 
5 41 161 76 0 
37 165 104 107 0 
1 34 412 57 0 
3 60 178 56 7 
11 65 141 97 0 
8 37 238 82 0 
5 32 403 82 1 
28 47 210 63 0 
3 45 124 55 15 
1 61 268 63 1 
8 62 377 38 6 
18 71 172 92 0 
13 83 162 66 17 
6 118 250 133 0 
3 39 138 76 0 
0 95 223 43 27 
5 54 185 58 0 
3 62 187 27 0 
18 48 87 41 29 
22 58 212 53 0 
21 25 260 103 0 
14 72 122 64 13 
1 43 263 159 0 
5 55 226 54 0 
9 103 235 58 1 
12 130 138 85 6 
31 39 151 137 24 
0 81 124 89 0 
28 99 179 71 0 
0 64 103 52 0 
1 108 207 107 3 
9 116 147 34 0 
3 142 180 78 1 
25 114 80 121 0 
14 55 119 108 0 
2 51 189 51 0 
13 96 162 21 0 
0 42 131 99 0 
7 57 126 103 0 
4 75 247 45 0 
16 76 166 6 0 
2 54 124 48 8 
20 64 82 119 0 
37 57 158 48 22 
24 81 210 44 0 
12 54 157 12 11 
2 99 194 64 35 
10 179 164 25 0 
17 70 141 40 0 
9 85 207 79 30 
15 61 148 68 0 
7 143 211 49 15 
11 113 150 104 4 
5 49 176 54 0 
3 53 324 138 2 
3 174 142 79 0 
4 79 102 93 0 
32 105 137 35 0 
0 68 173 220 1 
15 124 185 34 0 
4 70 158 207 0 
21 68 187 12 0 
1 51 118 65 1 
0 118 77 119 2 
15 12 207 117 0 
8 68 293 34 20 
5 114 174 17 0 
9 141 198 27 0 
18 63 105 88 0 
2 87 181 103 0 
1 79 128 41 4 
7 74 193 40 0 
1 69 312 25 0 
3 48 123 69 0 
13 27 214 44 0 
7 43 162 39 5 
2 55 251 40 15 
13 165 137 51 0 
7 88 188 19 0 
12 22 258 54 0 
31 24 247 87 0 
5 181 120 50 0 
1 44 105 22 1 
1 67 164 168 9 
7 62 131 35 0 
9 75 187 43 17 
8 12 83 108 0 
1 106 173 21 0 
1 38 134 153 0 
10 89 146 55 0 
12 29 168 50 0 
3 72 158 34 0 
1 37 157 209 0 
7 109 205 78 0 
17 20 166 41 0 
3 99 167 22 2 
1 88 183 26 0 
7 29 130 26 3 
0 38 245 63 0 
6 36 244 14 0 
0 32 207 51 4 
8 69 247 59 0 
3 42 204 14 0 
17 70 125 155 0 
7 86 166 81 1 
2 109 180 68 0 
17 67 253 71 1 
14 89 134 101 0 
5 60 171 85 0 
5 34 249 49 0 
8 64 83 60 3 
3 67 133 107 0 
7 44 345 91 0 
1 56 193 207 0 
3 91 183 45 0 
6 81 117 87 0 
1 30 158 124 4 
12 40 167 134 0 
10 100 198 105 4 
5 110 170 62 1 
0 38 151 42 3 
7 93 149 80 0 
3 69 230 48 1 
13 66 101 75 1 
4 87 177 143 0 
10 52 181 127 14 
0 129 194 63 0 
6 116 122 25 0 
10 59 121 70 0 
24 60 176 43 0 
5 55 190 60 0 
4 8 328 76 0 
4 61 110 140 1 
7 107 238 35 6 
14 94 175 136 0 
11 56 133 53 21 
5 102 158 80 0 
7 54 161 62 0 
10 112 199 55 0 
0 89 140 47 0 
3 62 189 63 64 
0 10 287 87 1 
11 143 115 39 0 
27 88 174 8 0 
11 58 153 114 1 
0 39 117 70 0 
4 149 113 48 2 
8 73 176 40 0 
10 102 122 69 3 
4 57 139 27 0 
0 46 171 58 0 
17 90 200 84 0 
4 189 158 18 0 
2 37 235 67 1 
10 53 90 166 0 
16 88 277 58 0 
7 32 264 168 3 
41 70 108 149 1 
1 48 168 107 0 
2 58 231 2 17 
1 64 159 57 1 
6 60 63 140 0 
5 47 229 103 0 
2 31 158 58 10 
8 27 56 60 4 
3 50 263 59 0 
1 124 93 98 2 
9 92 118 194 0 
16 108 127 42 18 
2 32 132 37 0 
6 31 195 59 0 
3 55 133 92 16 
9 85 187 47 32 
7 81 264 68 0 
2 92 95 148 0 
6 65 73 89 0 
5 26 169 38 0 
8 131 107 121 2 
4 73 141 56 0 
1 71 183 83 0 
6 48 195 102 1 
6 42 205 83 46 
4 89 160 39 1 
1 75 162 22 5 
1 83 143 101 0 
0 90 196 95 0 
2 77 143 35 0 
39 75 173 13 17 
12 175 96 98 3 
23 81 266 35 0 
5 25 210 115 0 
12 95 117 66 3 
8 13 279 63 4 
0 99 120 83 1 
43 77 241 23 0 
11 7 191 187 22 
0 34 152 89 0 
23 49 161 46 0 
7 62 132 178 8 
8 160 243 53 0 
14 58 187 76 0 
4 57 131 52 12 
1 105 237 28 0 
1 137 177 61 27 
2 79 127 73 0 
2 51 219 27 0 
10 45 167 61 0 
17 91 150 134 61 
5 39 327 77 0 
12 30 199 75 16 
4 39 134 23 0 
2 123 81 44 0 
11 136 129 130 2 
14 48 110 86 0 
10 160 140 99 0 
5 66 294 29 2 
8 49 156 73 0 
6 100 205 110 0 
7 78 77 85 0 
10 70 118 132 21 
13 90 137 64 0 
4 152 234 21 1 
3 92 128 60 0 
15 105 130 79 6 
0 31 207 32 3 
9 106 126 212 0 
6 102 289 98 1 
12 47 187 49 0 
10 115 176 62 0 
8 29 115 102 4 
6 81 199 19 28 
0 124 148 114 10 
11 158 184 42 0 
19 59 209 59 0 
4 47 178 42 0 
21 33 50 82 1 
22 35 215 85 0 
1 116 235 15 0 
7 43 121 44 12 
11 57 228 30 0 
11 132 171 64 0 
10 101 98 118 0 
5 60 171 21 5 
10 16 168 173 0 
6 126 280 129 0 
1 51 171 98 0 
14 105 209 11 0 
8 47 164 34 0 
43 60 68 58 0 
6 41 188 46 0 
19 170 82 24 0 
17 36 137 71 3 
1 47 216 40 2 
15 114 176 99 0 
32 100 285 14 0 
12 87 170 49 0 
11 108 51 90 0 
0 50 205 74 0 
12 98 174 39 0 
3 37 166 131 0 
9 46 78 110 0 
6 88 217 115 0 
0 44 129 111 2 
0 102 216 89 4 
6 50 144 43 0 
10 43 98 38 0 
4 147 128 132 12 
11 49 124 29 0 
9 123 91 59 0 
6 49 174 61 1 
10 38 159 33 3 
25 111 126 102 7 
1 41 323 43 0 
18 51 262 37 0 
4 98 234 37 4 
21 53 103 57 0 
2 48 136 98 0 
4 153 188 55 3 
19 67 157 58 0 
27 62 154 36 2 
4 87 265 34 43 
13 42 209 103 0 
2 72 152 127 0 
4 72 185 101 0 
17 27 139 59 4 
3 36 112 118 1 
3 137 127 263 0 
7 97 195 31 24 
3 54 217 174 0 
5 92 141 55 18 
7 38 185 44 0 
12 51 331 65 3 
22 97 189 65 5 
11 25 274 76 0 
0 87 152 34 0 
12 74 301 21 6 
2 98 150 17 16 
5 123 232 31 0 
6 21 136 104 0 
36 71 215 47 2 
7 47 213 74 0 
12 77 172 121 0 
2 68 141 77 5 
3 63 128 44 0 
22 65 240 66 1 
2 99 128 49 11 
2 101 181 97 0 
3 146 199 87 0 
7 23 309 40 0 
4 76 209 38 1 
2 79 141 108 0 
50 54 142 139 0 
6 42 113 66 5 
13 30 126 160 0 
3 100 156 91 0 
0 72 121 34 14 
9 40 193 25 0 
21 46 137 61 18 
11 64 211 79 0 
5 77 210 24 0 
7 84 53 69 0 
17 27 184 20 1 
16 45 184 69 12 
11 90 134 130 14 
0 60 146 33 0 
5 56 171 127 77 
5 42 223 55 1 
1 93 170 124 0 
0 50 198 41 2 
11 38 236 53 2 
5 68 102 83 0 
7 25 239 107 0 
36 28 178 74 1 
1 24 209 35 0 
4 91 183 71 0 
3 81 240 101 0 
6 54 126 147 5 
31 171 96 3 0 
12 69 126 50 0 
7 16 312 41 0 
3 146 117 78 1 
7 44 212 27 15 
2 105 87 129 31 
5 61 203 37 0 
2 231 180 17 1 
1 60 180 29 11 
21 90 196 61 0 
3 26 221 59 0 
11 18 116 55 1 
1 78 193 31 0 
12 31 172 72 0 
18 28 84 79 0 
10 36 222 72 0 
7 55 159 25 0 
0 50 234 52 0 
14 90 114 39 0 
32 87 52 165 0 
15 30 264 46 0 
7 122 125 111 0 
2 16 227 103 0 
6 45 167 24 0 
8 22 85 32 0 
6 68 284 32 5 
11 53 326 47 0 
2 38 253 71 1 
1 29 145 117 0 
44 70 102 121 0 
9 59 147 49 2 
20 25 229 68 10 
6 79 147 152 1 
3 34 160 143 0 
3 70 153 105 1 
6 26 129 32 2 
7 112 214 92 0 
20 10 131 78 2 
4 27 187 81 0 
8 37 173 10 42 
16 72 114 76 0 
5 75 313 80 0 
2 68 197 37 1 
8 21 129 101 0 
3 78 70 16 0 
8 28 185 148 0 
6 43 216 173 0 
9 50 190 151 7 
5 47 193 50 0 
0 45 56 60 0 
16 81 159 64 0 
11 78 269 28 0 
11 79 179 33 5 
15 86 86 49 27 
4 82 216 65 3 
12 44 188 113 0 
7 8 126 46 0 
1 60 180 56 0 
17 70 121 46 0 
0 40 159 115 23 
5 64 156 122 10 
11 124 204 83 14 
9 27 100 97 0 
0 97 163 117 1 
2 162 196 21 0 
1 77 162 43 0 
1 141 124 73 0 
1 65 117 75 15 
1 50 201 91 9 
14 71 149 63 0 
0 50 86 114 0 
15 29 139 51 17 
2 35 332 47 0 
11 28 130 52 10 
2 75 248 78 0 
7 108 162 156 0 
16 39 176 57 1 
9 80 138 49 3 
3 85 225 61 0 
18 98 147 21 0 
9 57 139 110 8 
13 80 158 50 5 
1 43 266 58 0 
12 138 99 76 0 
9 45 273 108 0 
12 80 106 48 12 
9 74 175 116 5 
0 92 240 100 0 
0 54 245 26 0 
11 49 125 24 0 
19 45 157 63 0 
7 174 239 9 17 
15 59 42 94 0 
8 69 108 102 0 
12 43 265 67 12 
30 34 228 18 0 
18 50 162 33 1 
15 34 186 97 0 
18 112 145 43 0 
8 23 188 4 5 
15 75 181 59 0 
4 25 127 37 9 
14 45 116 200 0 
4 87 115 55 19 
1 18 179 70 21 
39 54 99 37 0 
1 69 154 84 11 
4 60 158 80 0 
1 74 172 94 0 
8 81 224 71 0 
4 35 144 86 0 
5 26 188 110 14 
7 28 126 115 10 
0 40 319 107 0 
12 4 264 55 6 
9 81 83 110 0 
7 77 142 70 1 
0 54 152 66 0 
0 68 162 97 0 
2 37 142 45 0 
3 81 98 103 1 
0 51 171 70 4 
3 154 79 34 3 
3 45 132 29 0 
1 145 98 107 7 
25 71 227 25 0 
10 108 163 93 0 
9 47 133 59 1 
10 31 105 77 0 
0 78 121 94 2 
1 29 266 52 37 
26 32 158 54 30 
4 61 257 60 1 
4 40 227 83 11 
17 50 143 52 0 
2 63 203 65 6 
11 158 162 76 0 
17 52 183 46 0 
1 110 83 50 0 
9 66 182 98 1 
13 70 232 39 0 
0 65 204 38 0 
4 116 92 106 0 
6 54 170 71 2 
3 46 149 163 15 
1 45 56 112 6 
0 38 122 77 0 
16 73 261 85 0 
8 67 143 110 0 
5 54 151 121 0 
14 67 115 29 0 
11 105 99 163 0 
2 71 112 38 19 
0 53 278 68 0 
6 135 142 138 0 
4 103 228 26 0 
18 57 150 67 26 
2 128 262 28 29 
3 90 222 40 0 
3 67 257 50 5 
12 136 157 97 1 
9 64 128 84 1 
3 134 98 118 1 
5 107 170 93 5 
12 83 112 43 0 
17 40 184 61 2 
1 48 231 77 1 
3 120 210 49 0 
9 63 120 36 33 
5 64 169 29 0 
9 37 118 25 0 
7 56 184 50 17 
1 90 98 166 0 
12 38 217 65 0 
7 88 180 141 0 
5 36 210 49 0 
10 68 171 11 0 
14 32 174 152 0 
9 79 141 174 5 
11 67 152 51 6 
4 77 239 47 0 
2 72 199 69 0 
7 55 134 90 3 
11 23 132 31 0 
4 20 124 64 0 
14 57 121 134 0 
11 59 163 148 0 
9 44 134 78 0 
7 83 207 100 0 
3 101 74 42 0 
2 97 94 26 0 
16 47 135 22 1 
19 117 219 20 0 
0 58 81 115 32 
0 112 73 100 0 
3 72 257 83 1 
8 76 309 20 1 
5 63 255 96 3 
14 95 186 54 0 
0 59 185 144 0 
3 37 220 103 0 
6 103 117 82 0 
4 21 87 71 0 
6 140 195 57 0 
13 33 311 46 0 
6 72 196 58 0 
18 53 133 68 52 
4 136 272 11 0 
2 83 249 79 3 
5 16 86 64 12 
23 18 152 108 0 
2 60 216 16 0 
10 79 112 94 0 
14 59 70 55 0 
33 60 204 115 0 
10 50 87 77 25 
21 98 100 82 0 
8 44 161 67 0 
36 97 204 42 0 
19 124 151 96 0 
11 78 101 34 0 
31 120 172 120 0 
11 89 152 130 0 
6 108 105 226 0 
10 82 122 37 0 
9 99 93 85 0 
7 43 250 69 0 
22 68 213 115 0 
15 181 229 130 0 
6 78 153 81 23 
6 64 106 53 2 
0 33 96 38 0 
10 76 142 145 0 
19 80 109 169 11 
2 63 85 87 18 
1 38 140 71 12 
0 42 173 140 0 
8 101 183 38 11 
4 35 204 101 0 
4 101 132 120 0 
37 110 173 87 17 
10 55 237 79 0 
16 129 162 8 0 
31 156 157 21 0 
3 53 174 124 9 
29 58 120 88 10 
7 49 209 38 17 
9 41 159 62 0 
2 60 96 156 0 
17 50 231 28 10 
5 61 192 41 1 
21 28 168 52 0 
6 46 387 43 17 
36 72 126 75 31 
8 58 232 87 1 
7 119 125 72 0 
1 87 276 46 0 
1 31 174 102 0 
5 32 156 109 82 
5 137 206 36 16 
7 92 173 2 12 
1 47 236 163 0 
8 102 179 22 3 
21 73 169 52 0 
3 114 239 16 0 
3 31 242 35 0 
4 136 133 75 0 
7 89 131 56 4 
6 37 84 224 1 
2 82 194 77 0 
10 29 172 150 0 
4 41 133 143 0 
13 62 258 51 0 
0 38 191 24 0 
12 65 123 43 37 
8 32 213 16 0 
15 154 138 67 0 
20 75 166 238 0 
14 120 181 30 0 
9 26 163 94 0 
1 46 237 134 1 
12 73 153 100 0 
11 87 214 65 0 
0 144 106 119 29 
10 58 78 45 0 
12 48 141 178 1 
2 126 203 174 0 
17 35 183 74 0 
3 63 147 106 0 
22 141 160 25 0 
2 70 231 195 0 
4 29 158 73 0 
6 35 132 107 0 
2 125 168 115 27 
9 35 142 30 0 
7 57 255 25 0 
12 66 272 24 0 
12 44 206 188 0 
11 109 102 22 0 
8 55 226 26 0 
19 49 142 75 0 
0 12 148 62 1 
22 28 261 77 0 
2 35 294 38 3 
10 137 244 28 0 
6 13 110 144 1 
6 109 176 124 1 
5 111 128 16 0 
1 49 132 22 1 
9 76 174 69 0 
0 58 211 78 3 
3 46 307 64 0 
14 39 125 84 0 
12 36 150 38 0 
4 96 162 49 0 
9 68 221 110 0 
8 54 164 105 1 
7 26 142 62 0 
1 96 135 37 0 
5 67 229 68 17 
24 49 167 117 27 
1 79 141 71 0 
8 40 126 90 0 
2 112 125 57 0 
18 31 127 10 44 
4 48 109 138 22 
6 57 147 183 0 
0 65 57 79 3 
3 99 116 82 1 
13 104 145 81 3 
0 54 196 48 0 
14 39 153 87 4 
2 40 130 78 0 
67 99 106 21 2 
6 37 162 32 27 
2 122 104 14 3 
0 133 340 40 0 
0 16 113 68 24 
7 70 233 77 0 
0 53 112 72 7 
3 41 230 48 4 
6 45 137 65 0 
1 54 210 53 0 
7 87 174 38 0 
10 101 188 51 0 
3 84 173 89 0 
21 48 260 163 4 
15 144 166 32 2 
31 119 165 22 0 
6 56 188 40 0 
6 50 177 73 0 
2 40 133 114 0 
7 104 125 18 0 
13 30 220 127 0 
4 97 141 36 3 
9 112 168 71 0 
6 41 118 48 11 
4 90 184 21 0 
2 90 259 21 10 
1 73 292 44 0 
3 38 211 78 0 
5 65 185 68 0 
3 102 197 121 0 
7 85 305 12 4 
30 201 247 85 0 
23 45 93 40 0 
2 41 158 43 0 
4 60 218 85 0 
17 64 146 52 5 
12 103 228 106 0 
2 19 192 60 7 
8 27 348 51 0 
2 99 216 76 11 
1 56 133 85 1 
1 125 88 54 1 
15 50 249 50 3 
2 56 167 32 0 
11 63 161 118 0 
20 65 252 36 0 
3 102 178 90 6 
0 73 120 163 13 
2 78 179 109 61 
7 57 196 45 0 
12 94 199 59 0 
27 64 188 24 0 
10 36 170 26 6 
8 59 146 32 41 
1 82 156 83 1 
0 9 214 69 0 
9 68 103 94 0 
12 47 150 103 0 
16 57 162 6 0 
4 96 184 115 1 
3 69 230 85 0 
4 44 224 76 0 
4 115 288 3 0 
17 117 272 26 0 
19 98 134 231 0 
0 166 221 57 0 
1 121 197 86 1 
6 175 174 91 0 
16 72 158 47 3 
0 23 263 140 35 
3 115 165 105 0 
11 26 139 100 3 
6 49 198 32 0 
2 118 237 95 1 
15 27 137 108 0 
12 24 105 103 0 
26 58 124 121 21 
12 54 282 95 0 
14 195 214 72 1 
12 67 241 36 0 
2 41 129 103 0 
3 201 80 86 6 
16 21 322 15 0 
10 115 183 177 0 
4 38 195 15 0 
1 103 173 81 10 
47 44 137 224 0 
8 78 134 67 0 
7 75 275 38 0 
9 63 199 136 0 
1 53 174 47 0 
9 30 187 83 9 
18 82 96 108 8 
3 15 204 95 10 
28 54 187 115 0 
0 168 248 34 0 
13 41 165 61 0 
1 68 195 50 0 
6 128 209 23 23 
16 31 69 77 0 
1 66 156 111 1 
3 128 177 61 0 
24 62 121 25 7 
4 126 270 56 0 
8 52 132 59 1 
14 84 115 57 17 
3 153 230 67 0 
4 119 163 93 0 
5 54 334 92 0 
1 90 111 73 1 
5 42 172 140 16 
2 93 107 144 0 
13 9 236 101 0 
0 28 231 11 0 
3 71 116 14 0 
4 63 144 60 9 
11 126 205 148 0 
4 78 168 73 0 
4 169 132 110 18 
8 55 233 54 0 
0 93 146 110 0 
8 65 167 51 0 
5 39 113 108 0 
14 47 157 100 37 
3 32 189 179 0 
9 41 280 83 7 
9 44 169 90 0 
