14 63 193 64 0 
9 65 94 57 0 
0 26 159 14 0 
31 24 184 45 0 
5 63 243 93 0 
3 57 27 264 0 
45 66 117 28 0 
0 84 160 83 28 
48 74 120 88 0 
9 32 82 105 0 
5 61 87 79 0 
6 73 85 139 62 
8 159 128 85 0 
0 115 93 12 0 
0 141 181 64 0 
0 109 55 15 10 
16 150 248 25 0 
4 54 218 5 0 
27 100 122 102 0 
0 27 270 96 0 
12 154 216 95 0 
0 108 109 155 0 
7 27 144 62 20 
41 57 109 102 4 
1 45 135 162 0 
27 11 200 65 0 
21 22 121 37 0 
0 71 130 28 19 
21 47 234 10 1 
0 38 329 97 0 
8 27 265 83 2 
0 46 72 94 1 
34 39 237 64 6 
9 38 90 18 0 
7 32 199 122 0 
4 30 133 47 1 
15 97 245 2 0 
4 103 91 131 0 
11 105 76 39 0 
7 117 200 4 0 
7 30 281 52 0 
17 57 130 1 0 
11 212 137 85 0 
12 49 144 84 1 
3 51 152 59 2 
6 69 209 83 0 
0 25 209 18 0 
9 14 292 56 15 
26 129 165 83 0 
3 41 76 87 1 
0 5 289 10 3 
2 89 61 35 20 
2 20 135 90 13 
12 72 78 86 0 
10 65 247 42 4 
10 36 102 66 0 
7 2 186 135 0 
10 43 176 17 14 
3 54 30 142 0 
33 113 102 129 1 
11 62 96 86 0 
15 74 114 223 0 
33 126 170 68 0 
9 108 68 30 0 
18 58 239 57 7 
0 162 64 117 0 
7 49 251 1 0 
15 49 85 5 7 
1 68 54 69 0 
2 39 181 76 7 
5 19 226 48 0 
1 124 119 58 0 
12 49 272 202 1 
9 78 348 29 0 
4 114 272 66 0 
16 120 44 44 0 
26 192 69 117 0 
5 84 249 188 9 
0 11 195 178 8 
5 33 156 83 22 
3 115 97 76 0 
0 11 93 181 0 
0 83 205 39 0 
7 23 96 91 22 
20 30 242 27 1 
0 11 183 88 26 
5 54 176 32 0 
9 12 74 15 0 
6 121 158 2 0 
40 42 68 118 0 
14 6 95 79 0 
28 50 150 20 0 
4 46 142 86 6 
24 148 83 56 50 
2 32 297 48 10 
15 15 137 55 4 
6 144 159 23 0 
18 21 193 5 1 
14 57 163 79 1 
1 52 152 88 0 
13 71 230 125 0 
22 51 156 120 16 
2 88 76 45 0 
6 30 92 85 13 
2 4 99 58 5 
0 18 192 140 11 
3 9 337 62 0 
0 141 105 60 0 
3 127 217 131 1 
19 76 111 62 0 
2 82 110 133 0 
2 67 170 32 4 
4 17 121 277 0 
11 78 241 20 0 
4 57 211 39 0 
0 99 170 15 0 
0 62 64 100 0 
3 32 568 74 66 
25 8 147 347 0 
6 68 183 143 2 
8 80 133 105 0 
2 35 193 46 0 
0 87 133 88 0 
4 36 207 51 7 
6 124 141 6 0 
0 68 262 60 0 
22 26 50 45 0 
19 6 97 113 8 
14 70 134 71 3 
3 19 279 63 1 
27 51 138 121 17 
7 4 135 266 1 
9 82 170 151 7 
11 52 88 11 0 
7 64 70 79 0 
7 65 60 101 37 
2 33 105 54 33 
2 48 230 65 0 
0 11 201 47 23 
0 68 126 62 0 
1 36 47 80 0 
2 47 156 28 2 
9 17 196 122 0 
0 83 192 195 0 
0 93 135 44 0 
4 32 137 64 0 
0 63 109 85 0 
18 37 115 69 6 
9 1 110 116 0 
20 60 187 92 0 
4 138 126 20 0 
2 150 309 66 0 
10 101 241 81 0 
2 155 217 172 0 
0 62 107 146 0 
5 63 211 26 1 
10 56 117 33 0 
20 136 326 19 9 
18 56 68 32 0 
18 93 178 72 5 
0 55 179 89 0 
2 77 389 185 0 
26 116 134 56 0 
15 74 78 107 0 
10 13 279 68 0 
0 153 308 28 4 
18 38 241 123 0 
16 96 227 55 47 
23 142 82 84 0 
2 166 233 8 1 
18 49 32 48 0 
18 63 160 91 0 
0 40 156 74 0 
13 39 285 48 0 
15 109 89 181 0 
2 188 229 32 0 
4 84 59 61 0 
20 27 296 62 0 
0 56 148 87 0 
18 51 66 271 0 
78 90 305 123 0 
1 63 301 22 0 
5 47 66 140 20 
2 31 170 45 0 
18 148 152 270 0 
0 29 96 27 0 
5 146 74 36 0 
5 121 178 17 41 
22 60 146 62 0 
14 136 24 255 11 
1 57 293 18 0 
5 97 99 25 35 
89 124 207 84 5 
0 127 141 36 0 
22 160 152 53 0 
36 191 120 50 0 
9 11 329 180 0 
5 105 182 92 1 
17 8 219 46 14 
20 116 116 22 0 
18 133 179 23 0 
20 68 188 112 0 
5 114 184 79 0 
12 58 184 18 24 
15 14 111 124 8 
2 187 46 96 0 
13 51 340 56 0 
2 10 197 131 0 
0 18 195 236 7 
23 61 29 32 0 
16 79 81 18 31 
8 29 119 69 61 
4 65 102 17 0 
2 157 216 27 0 
0 51 77 28 0 
2 105 82 117 0 
39 111 158 37 0 
0 92 115 63 0 
10 48 205 126 1 
0 179 70 37 0 
1 86 364 9 0 
12 89 142 199 1 
20 34 124 38 3 
10 37 103 133 0 
8 28 93 55 1 
1 85 216 130 0 
28 168 81 58 33 
6 125 410 30 19 
4 121 89 92 0 
23 13 52 66 0 
4 86 123 32 0 
15 30 84 92 4 
13 21 124 32 0 
14 56 70 66 30 
0 10 177 209 0 
0 165 52 74 1 
0 40 126 110 0 
2 71 66 63 0 
15 1 133 149 3 
0 39 168 171 0 
0 61 95 215 0 
37 112 117 66 1 
13 28 149 10 0 
10 46 121 31 0 
31 70 107 169 0 
6 141 69 112 41 
1 158 223 90 0 
13 89 248 12 0 
1 104 85 160 0 
19 90 69 19 170 
4 27 180 156 0 
9 18 60 60 0 
8 97 201 9 0 
0 105 195 222 0 
7 61 108 113 7 
2 95 251 30 1 
19 48 242 120 0 
0 7 231 184 36 
0 79 97 126 3 
27 153 101 76 31 
6 89 106 77 0 
1 46 231 13 0 
7 38 157 61 0 
6 47 191 26 20 
15 92 143 110 0 
6 118 235 157 0 
10 94 342 95 0 
25 25 64 44 37 
45 66 126 86 0 
3 24 119 66 0 
2 23 162 100 0 
30 110 177 35 0 
1 222 125 136 0 
11 222 97 18 0 
25 26 210 15 0 
43 45 317 59 0 
40 237 157 6 0 
13 44 498 103 0 
3 87 98 195 1 
12 35 110 153 0 
9 12 218 64 5 
32 126 298 14 0 
34 113 235 169 0 
22 149 127 31 12 
5 17 72 69 0 
6 94 165 77 7 
1 40 86 74 0 
83 88 127 2 10 
3 125 113 46 0 
5 88 200 93 0 
1 63 58 11 42 
0 33 204 126 0 
99 67 336 11 0 
5 46 300 110 0 
2 73 316 99 0 
22 98 117 114 0 
6 85 34 37 0 
0 37 105 45 0 
58 47 223 82 0 
0 21 75 70 0 
0 18 199 90 0 
1 56 298 66 0 
45 123 173 92 3 
2 47 101 106 0 
8 171 93 34 0 
0 86 139 29 0 
4 145 225 134 1 
1 54 124 64 0 
9 73 98 27 0 
0 16 321 19 0 
34 33 131 27 0 
13 47 335 14 0 
28 126 35 151 0 
9 32 166 44 66 
30 84 102 40 0 
15 52 166 59 0 
7 2 229 218 0 
7 249 127 88 0 
11 82 175 36 11 
0 7 110 8 0 
12 42 143 132 0 
20 82 103 16 0 
2 25 231 71 45 
7 62 295 102 1 
1 171 115 59 0 
61 51 164 42 0 
8 70 81 100 0 
0 58 184 178 0 
3 32 212 167 2 
1 53 59 213 0 
2 49 301 7 0 
3 126 227 99 0 
2 48 315 103 1 
99 185 111 120 0 
5 3 107 73 65 
1 43 243 60 0 
14 151 261 113 0 
0 50 205 88 0 
0 1 121 118 0 
31 17 318 14 0 
7 62 236 37 0 
12 194 73 29 0 
32 85 255 19 0 
44 184 179 42 0 
6 113 176 70 0 
15 81 131 91 130 
5 91 169 199 66 
1 33 122 19 0 
3 42 63 85 0 
37 89 32 157 0 
25 175 98 86 0 
56 24 33 151 5 
1 15 196 60 0 
13 74 77 47 6 
37 122 121 70 0 
41 47 76 88 2 
24 248 83 29 0 
3 128 161 2 80 
8 10 138 35 47 
36 79 193 62 6 
2 23 120 155 0 
1 51 138 58 0 
20 45 421 1 0 
33 120 117 73 0 
4 65 109 158 0 
1 115 109 100 0 
0 42 132 82 0 
4 36 124 67 9 
0 61 270 117 0 
0 268 101 106 0 
9 45 271 87 1 
6 47 146 81 0 
1 16 207 181 1 
5 131 109 66 0 
18 67 208 174 0 
12 35 131 105 8 
5 52 208 102 2 
1 80 156 47 1 
10 47 81 80 0 
15 142 278 32 0 
1 119 92 122 0 
10 34 99 37 0 
22 166 154 54 31 
2 58 105 79 0 
7 137 72 44 1 
3 24 139 99 0 
13 74 22 31 0 
23 74 59 127 0 
13 172 109 90 0 
11 108 248 35 0 
0 49 384 38 0 
0 65 65 57 0 
20 53 115 176 0 
3 133 100 148 0 
19 42 141 65 0 
58 148 60 38 0 
7 109 153 28 0 
10 51 182 19 0 
2 77 143 19 0 
7 14 161 53 0 
0 84 180 46 1 
3 184 347 17 7 
6 61 214 40 0 
12 125 83 134 13 
30 141 145 48 1 
54 106 104 25 0 
38 23 137 62 10 
43 119 150 55 0 
4 105 162 42 0 
15 39 132 77 0 
5 52 85 172 4 
12 28 57 125 1 
0 72 129 1 0 
2 36 141 60 49 
0 85 224 215 0 
36 135 225 49 6 
1 67 224 43 0 
14 83 116 41 0 
6 143 122 24 6 
5 120 135 41 0 
1 108 73 49 4 
4 13 185 68 0 
24 98 239 35 0 
6 1 97 35 0 
7 104 176 178 0 
22 81 327 69 0 
5 56 60 182 0 
1 92 209 16 7 
21 92 78 35 0 
7 29 322 49 0 
1 54 100 209 0 
11 119 118 116 0 
2 101 79 25 0 
9 35 74 26 0 
6 43 147 211 0 
7 159 262 73 0 
8 35 61 82 8 
2 30 112 242 0 
23 15 121 221 0 
12 95 143 32 0 
3 62 148 141 1 
17 89 162 134 10 
8 99 280 62 0 
1 33 77 47 0 
36 12 191 95 0 
7 144 110 95 0 
6 27 193 106 0 
6 81 151 4 0 
0 62 200 40 32 
0 5 60 65 20 
2 67 87 51 1 
2 6 175 61 7 
2 18 338 103 0 
14 122 157 47 15 
16 162 19 241 13 
16 30 197 65 1 
16 24 235 71 0 
22 61 191 4 0 
0 31 205 44 0 
7 160 73 15 7 
25 8 147 123 0 
7 21 367 111 22 
67 62 87 93 11 
26 61 68 50 4 
16 2 182 58 1 
29 80 126 61 73 
2 19 129 134 0 
28 139 166 65 6 
17 14 119 67 130 
26 95 83 79 5 
75 52 153 7 0 
4 54 188 51 1 
8 121 59 13 0 
16 16 165 62 0 
8 60 305 4 0 
40 28 242 46 0 
21 12 254 9 0 
0 28 183 171 0 
1 116 121 81 0 
1 147 287 32 0 
3 94 67 53 0 
11 87 89 70 86 
0 62 184 71 0 
0 104 132 10 0 
2 44 89 60 6 
5 207 225 180 27 
2 198 103 26 0 
35 86 68 88 0 
0 103 68 81 10 
0 60 29 149 14 
1 14 318 84 0 
6 16 133 86 2 
1 67 100 122 0 
33 64 142 22 0 
18 54 213 69 0 
5 60 107 130 0 
4 38 199 110 0 
3 60 247 45 0 
1 32 102 152 0 
0 67 138 64 0 
12 177 66 20 0 
5 80 80 234 77 
14 38 103 16 1 
10 48 169 193 0 
11 161 170 111 0 
3 84 326 75 14 
13 52 252 19 15 
2 26 236 104 0 
7 36 194 36 0 
2 69 112 92 0 
21 123 257 117 0 
5 58 149 16 0 
0 76 160 59 37 
8 27 54 71 89 
48 164 143 11 0 
3 81 227 30 0 
0 41 231 23 0 
7 46 213 44 0 
1 56 51 65 6 
39 30 106 233 0 
2 71 272 13 0 
11 304 96 56 0 
8 102 100 44 0 
17 59 130 83 0 
1 100 63 116 0 
0 129 165 75 0 
4 85 204 99 0 
7 25 149 40 0 
13 33 140 18 0 
25 80 250 22 0 
18 68 59 205 0 
5 60 176 91 1 
16 131 69 76 0 
20 61 166 134 0 
0 123 332 111 10 
3 55 117 13 0 
15 112 120 41 3 
11 115 220 73 0 
0 23 92 242 0 
1 28 181 121 0 
15 19 304 126 0 
1 28 330 182 0 
6 36 239 87 0 
2 9 17 55 1 
2 35 86 48 0 
1 34 146 100 14 
12 16 121 49 0 
7 13 270 31 0 
10 30 174 37 0 
11 75 166 46 0 
7 36 101 37 54 
34 31 84 71 1 
2 155 144 18 1 
17 113 192 106 0 
29 59 88 212 0 
8 59 119 165 0 
5 46 193 35 0 
6 32 117 83 0 
1 15 102 11 44 
18 23 309 55 0 
15 51 205 58 0 
25 37 107 117 0 
18 64 133 71 0 
4 48 134 55 0 
0 57 227 151 7 
3 134 90 53 5 
5 64 69 148 9 
1 188 27 5 0 
0 17 134 113 0 
0 10 225 105 0 
14 49 83 14 0 
0 85 121 172 0 
5 102 238 33 2 
0 35 51 285 0 
1 18 127 193 68 
31 3 26 71 112 
1 11 185 19 0 
0 7 249 26 0 
4 78 107 188 0 
3 9 86 179 66 
1 136 175 27 0 
36 78 158 82 10 
58 77 73 9 0 
0 0 325 34 0 
1 22 177 167 0 
1 59 147 30 12 
2 67 118 83 1 
6 114 95 20 0 
7 68 72 77 0 
0 107 212 2 0 
1 187 171 93 0 
0 19 85 130 0 
5 29 75 111 1 
53 36 81 54 3 
8 15 131 33 0 
17 23 104 33 0 
4 72 241 55 0 
8 130 189 17 0 
1 34 219 38 0 
10 54 126 17 1 
0 79 239 62 45 
3 76 168 94 1 
3 68 191 3 0 
3 111 214 103 0 
6 17 135 159 0 
6 93 197 26 0 
54 36 125 17 0 
3 6 168 47 0 
5 80 75 132 0 
0 23 178 8 2 
1 110 232 27 0 
5 35 121 105 0 
4 59 127 154 0 
0 49 107 131 9 
4 139 294 19 11 
5 40 197 35 25 
37 103 102 14 0 
9 107 46 84 6 
13 78 32 134 0 
3 67 168 13 64 
5 57 299 1 0 
0 69 172 49 71 
45 129 51 105 0 
0 70 76 40 0 
20 73 44 88 0 
8 118 133 69 2 
0 87 188 146 0 
12 32 166 84 0 
26 16 116 183 65 
27 54 106 86 2 
31 138 88 50 0 
18 49 114 8 0 
2 15 176 70 0 
13 21 148 37 81 
15 75 70 107 16 
4 75 71 120 1 
9 62 516 38 1 
21 71 70 56 0 
13 65 85 91 17 
1 47 139 55 0 
4 5 117 42 0 
12 54 244 172 47 
1 60 203 19 0 
1 126 104 87 4 
0 97 171 68 0 
36 29 146 18 7 
27 86 126 45 0 
2 72 84 119 14 
7 33 280 127 0 
0 16 318 122 0 
62 47 79 67 15 
20 91 248 56 0 
21 114 115 3 3 
5 34 196 212 0 
1 33 232 76 33 
8 28 167 46 0 
11 90 99 26 0 
20 138 47 35 0 
5 60 91 102 0 
6 72 28 96 0 
1 14 197 32 0 
6 41 181 115 8 
0 23 138 157 0 
0 125 83 69 0 
34 53 179 41 10 
22 57 109 303 7 
15 41 92 111 0 
12 33 127 126 0 
8 99 73 68 1 
57 97 116 54 2 
23 22 49 55 0 
4 30 131 53 1 
0 209 97 13 0 
5 91 114 19 46 
4 16 247 200 0 
10 185 241 15 8 
1 116 136 20 2 
20 77 137 46 0 
57 131 102 24 0 
5 27 162 121 0 
1 10 369 142 4 
7 45 115 54 0 
38 57 66 26 0 
6 204 128 53 0 
2 69 187 49 0 
7 104 254 139 1 
25 24 164 20 0 
1 35 273 29 0 
4 23 220 44 0 
0 110 195 51 0 
34 49 236 193 0 
1 38 122 41 0 
1 42 53 72 0 
5 24 285 38 0 
6 140 88 108 4 
14 23 132 30 0 
5 73 233 300 0 
0 116 205 132 0 
27 63 56 242 0 
7 50 181 125 0 
5 90 111 61 0 
2 75 46 78 0 
2 9 113 49 0 
6 217 250 77 0 
0 66 139 61 0 
24 42 162 3 0 
3 16 150 116 0 
0 56 141 15 0 
0 45 103 87 0 
0 88 231 295 9 
20 32 141 23 0 
15 50 98 60 0 
13 34 181 43 0 
8 31 248 83 1 
30 152 169 18 0 
27 29 67 124 0 
10 51 135 135 1 
12 76 130 135 0 
15 32 96 12 0 
31 5 103 96 0 
48 24 254 20 0 
33 94 255 8 0 
11 22 318 50 0 
16 64 226 113 2 
36 530 93 29 0 
0 47 47 47 51 
7 100 70 41 0 
4 129 311 18 0 
21 74 204 29 0 
34 61 331 37 0 
0 15 115 53 0 
5 179 179 18 0 
7 39 66 86 0 
26 51 171 35 1 
2 97 150 28 1 
2 27 185 86 0 
48 78 61 68 0 
3 41 106 40 0 
7 59 292 106 0 
8 223 127 20 0 
59 107 72 6 1 
7 30 146 157 0 
6 106 128 18 2 
1 107 58 114 0 
3 74 374 59 0 
1 71 183 55 0 
27 22 165 142 0 
0 24 98 70 0 
5 13 161 58 199 
20 50 266 18 0 
15 34 92 116 1 
8 61 191 85 0 
3 15 230 53 0 
0 68 210 78 0 
1 115 134 106 1 
15 111 45 132 124 
3 46 96 179 2 
0 81 277 76 0 
7 107 57 158 17 
0 63 192 31 0 
5 64 135 202 0 
13 148 165 107 0 
1 12 118 74 7 
4 10 105 93 0 
8 103 96 91 0 
11 23 205 25 0 
29 59 107 81 0 
57 84 211 68 1 
3 35 199 89 0 
0 84 165 31 18 
0 18 254 98 0 
7 93 182 89 0 
15 124 239 14 0 
0 104 132 3 8 
17 99 32 158 0 
6 46 127 112 0 
3 79 113 24 0 
0 81 97 69 0 
11 73 102 218 16 
32 94 128 19 0 
11 88 86 23 0 
0 15 235 20 0 
1 193 230 137 0 
9 61 181 98 0 
14 57 214 63 0 
4 24 248 120 0 
0 77 209 22 0 
43 51 277 178 0 
16 18 401 21 0 
6 118 122 2 0 
21 66 67 108 0 
0 71 119 24 0 
18 52 153 34 0 
8 119 218 64 0 
2 91 92 20 5 
4 54 160 60 2 
7 31 241 103 0 
1 20 100 88 0 
1 62 86 53 0 
7 178 154 75 0 
18 36 101 199 0 
1 18 82 47 0 
16 56 50 79 44 
7 69 82 8 0 
19 20 155 7 0 
0 37 72 37 9 
14 29 149 39 0 
1 70 239 10 0 
5 134 115 36 0 
14 7 336 56 0 
3 5 135 62 0 
9 94 201 13 2 
3 96 291 42 0 
1 34 137 95 0 
2 87 119 140 0 
7 63 56 179 0 
1 98 146 176 0 
18 98 186 18 0 
3 40 109 213 0 
9 10 84 45 0 
14 18 151 86 24 
0 97 269 149 3 
2 65 101 10 0 
0 198 242 2 0 
50 220 137 84 2 
3 70 126 222 18 
6 131 37 1 0 
4 33 86 29 8 
1 196 76 15 0 
8 37 115 123 0 
11 57 162 52 0 
10 46 140 69 0 
0 171 250 51 22 
27 109 108 1 0 
1 61 144 98 0 
4 5 248 141 4 
17 20 449 27 0 
5 38 117 23 0 
21 1 78 197 7 
1 54 349 26 0 
8 50 354 4 1 
15 147 93 202 0 
0 69 184 41 0 
3 70 201 108 0 
6 10 101 155 0 
5 131 195 6 0 
0 6 285 93 0 
2 101 91 99 0 
0 59 149 49 28 
5 150 103 18 0 
0 45 91 53 7 
21 146 155 25 0 
11 76 57 25 36 
24 160 177 5 0 
0 55 99 20 0 
0 38 168 34 2 
35 37 93 184 0 
5 18 128 59 0 
1 81 334 47 0 
2 116 64 53 0 
23 23 219 9 0 
30 45 124 19 0 
33 123 285 34 0 
3 35 133 43 6 
2 31 306 36 0 
53 74 40 78 39 
15 84 24 71 1 
39 40 120 20 303 
34 88 201 147 0 
18 60 153 72 16 
18 96 55 85 0 
3 119 138 32 49 
3 52 156 86 0 
11 44 72 42 0 
1 139 63 231 0 
1 53 390 60 42 
4 70 123 189 0 
7 92 68 89 2 
29 250 189 219 0 
1 6 168 68 0 
6 20 364 213 0 
0 60 101 57 0 
13 56 91 165 0 
0 70 240 180 8 
8 33 142 67 0 
2 109 61 47 0 
0 68 159 50 0 
23 9 199 76 0 
1 67 256 24 2 
2 59 109 98 0 
27 47 65 129 0 
6 36 204 65 19 
9 13 216 154 25 
12 33 248 182 1 
9 45 313 12 0 
0 125 47 65 51 
12 33 87 50 0 
0 57 64 20 0 
0 80 342 122 0 
9 58 181 121 0 
9 30 78 64 0 
12 134 222 7 0 
23 47 131 6 0 
9 32 204 146 0 
7 104 124 51 2 
4 10 130 98 79 
0 10 127 43 16 
1 42 89 26 56 
11 41 212 53 0 
6 13 105 133 0 
1 68 243 6 1 
13 174 90 68 0 
10 126 94 24 0 
2 92 165 71 0 
24 119 165 76 0 
15 115 58 41 0 
32 114 93 78 0 
6 95 102 28 0 
49 27 91 36 0 
7 31 304 71 11 
1 13 162 54 67 
2 105 59 4 0 
3 61 47 26 0 
12 42 99 49 0 
0 93 234 30 0 
0 26 203 59 0 
6 24 170 135 0 
11 195 206 37 0 
9 29 152 248 14 
2 15 224 124 0 
8 170 181 9 10 
11 147 169 29 0 
16 81 309 59 0 
8 177 67 125 25 
5 35 314 94 44 
10 30 283 1 0 
10 23 157 79 0 
4 83 216 9 0 
4 20 372 74 1 
7 44 66 114 0 
5 96 106 123 15 
4 115 139 69 0 
61 39 189 161 0 
20 227 124 4 0 
3 82 63 57 0 
0 129 134 242 0 
9 52 102 45 35 
7 66 74 29 0 
20 29 157 18 0 
5 55 204 97 17 
1 54 171 92 0 
0 22 249 117 9 
18 148 230 29 0 
3 44 247 32 6 
5 100 141 160 0 
63 182 132 44 0 
2 71 81 329 0 
2 16 202 121 0 
8 83 120 50 0 
0 51 243 39 0 
6 44 50 4 0 
6 117 189 0 0 
10 44 189 143 0 
0 41 161 206 0 
18 138 93 65 0 
0 31 88 3 0 
0 53 111 81 0 
38 33 29 141 0 
15 49 114 283 0 
13 48 185 271 10 
2 87 288 108 0 
24 76 78 88 19 
2 125 213 36 0 
3 21 139 106 1 
22 19 278 37 1 
7 126 127 58 5 
18 130 88 13 0 
14 78 96 148 0 
1 74 157 52 0 
14 86 178 63 0 
45 34 133 89 0 
44 71 113 5 0 
2 83 344 5 6 
4 9 217 34 0 
11 29 36 94 0 
11 163 113 177 0 
0 21 296 79 0 
12 14 175 83 0 
6 97 152 125 13 
48 57 39 121 0 
7 106 183 83 5 
21 99 239 63 1 
3 70 103 94 1 
5 113 99 50 0 
8 53 106 78 46 
5 51 41 51 6 
3 31 181 164 0 
1 56 202 65 0 
1 78 151 61 6 
6 26 87 57 0 
