6 13 272 125 0 
4 61 157 74 0 
1 87 69 121 0 
0 161 131 95 0 
1 82 152 22 1 
0 103 214 145 0 
4 135 154 45 3 
7 48 183 86 52 
3 48 139 87 8 
5 23 98 79 45 
17 171 144 63 0 
9 46 128 23 1 
4 124 271 19 5 
1 11 169 149 35 
4 82 147 135 0 
4 101 213 109 18 
14 30 107 107 0 
3 26 172 51 0 
1 32 119 65 0 
0 49 146 67 0 
8 193 116 47 0 
7 92 130 24 0 
14 77 233 17 0 
18 46 94 27 16 
3 83 145 105 0 
1 75 129 65 0 
5 61 175 77 0 
0 31 337 112 0 
5 163 249 57 1 
2 126 89 25 0 
14 24 229 25 0 
8 90 280 18 0 
1 79 122 39 0 
3 63 157 34 12 
35 40 106 42 0 
1 91 131 114 1 
8 41 158 75 0 
14 110 193 98 0 
3 124 49 14 0 
13 82 128 152 0 
2 150 138 41 0 
5 75 118 20 0 
10 28 103 137 0 
7 70 74 102 12 
23 81 144 37 1 
19 77 77 100 0 
4 125 165 9 3 
2 12 183 185 0 
5 79 102 35 0 
0 76 112 15 0 
1 207 46 28 0 
9 139 178 8 2 
9 74 71 95 0 
7 109 226 9 1 
0 19 171 144 0 
9 54 155 94 9 
0 68 60 102 0 
3 41 326 60 0 
2 94 131 52 5 
0 69 105 158 2 
0 67 122 104 1 
1 87 124 26 1 
7 39 256 35 11 
10 45 144 49 0 
14 123 106 15 0 
2 109 254 43 0 
2 47 232 225 0 
14 51 59 14 0 
1 188 178 32 0 
7 44 96 92 0 
1 106 373 34 0 
9 31 149 54 3 
8 64 256 65 0 
1 84 111 31 0 
0 81 71 32 1 
10 104 184 66 0 
1 92 112 18 0 
1 49 113 52 0 
8 36 184 25 0 
17 29 211 71 2 
8 62 89 9 0 
4 84 376 53 8 
20 77 108 15 3 
19 71 150 36 16 
7 85 149 29 0 
6 45 159 12 2 
3 33 189 47 0 
11 117 52 19 10 
1 82 226 72 0 
5 102 88 42 33 
24 91 216 86 0 
10 33 72 30 0 
28 46 121 86 0 
7 23 202 83 5 
3 129 189 261 0 
6 121 92 59 0 
11 145 269 71 0 
7 56 141 71 0 
0 53 265 109 15 
3 71 180 28 0 
0 43 329 50 0 
0 52 138 100 0 
4 122 217 39 0 
0 151 116 46 0 
15 37 199 30 0 
68 34 141 1 0 
3 149 236 34 0 
34 156 109 27 0 
9 19 384 78 0 
31 94 197 17 0 
1 40 181 23 31 
14 56 122 81 0 
1 52 105 127 0 
15 36 258 17 0 
5 117 78 103 0 
3 78 219 26 1 
1 59 147 49 0 
2 35 180 238 0 
1 65 348 14 0 
31 33 146 74 0 
2 20 155 107 1 
0 66 208 33 3 
2 35 195 158 0 
2 13 118 12 0 
10 20 61 42 2 
3 13 223 21 0 
21 116 107 20 0 
4 124 212 55 0 
4 87 153 51 0 
11 38 154 80 0 
17 43 287 37 0 
12 111 122 45 0 
7 40 315 62 0 
1 39 173 127 4 
22 97 416 95 0 
1 20 48 55 0 
0 93 255 158 1 
6 66 185 61 0 
4 43 150 51 12 
32 220 120 88 31 
17 29 300 101 0 
4 86 81 94 0 
19 172 188 88 1 
0 166 267 54 0 
13 4 153 47 0 
9 3 200 62 0 
11 149 212 22 0 
10 79 110 74 0 
16 76 99 20 0 
22 53 110 123 0 
3 29 175 105 0 
8 87 261 24 0 
10 127 114 26 0 
1 36 135 8 0 
15 39 153 93 0 
3 37 132 111 0 
0 85 75 158 0 
0 28 168 36 0 
13 22 215 125 1 
8 39 89 53 0 
24 59 149 64 0 
26 86 112 55 1 
5 41 187 147 0 
9 44 306 7 0 
1 42 150 84 0 
3 174 145 56 4 
29 54 129 108 9 
9 37 133 62 2 
1 64 111 78 0 
2 57 205 5 28 
4 63 191 46 0 
15 45 220 38 75 
3 64 192 13 0 
7 63 107 88 0 
26 75 73 42 0 
19 194 138 35 0 
10 106 200 68 0 
5 76 235 21 0 
5 88 149 28 0 
17 148 150 65 19 
4 39 208 66 7 
22 110 161 143 0 
7 70 159 43 0 
9 81 227 40 0 
3 73 207 100 0 
4 112 119 70 2 
25 45 149 14 0 
13 61 117 75 80 
23 42 23 30 18 
19 132 122 15 0 
5 30 99 84 1 
23 27 203 18 0 
7 104 172 45 0 
34 180 88 50 0 
29 24 139 22 0 
3 158 121 66 0 
8 53 145 156 43 
13 38 294 147 57 
5 16 150 97 1 
13 47 131 43 0 
0 159 160 63 0 
13 77 111 168 1 
22 92 136 152 0 
0 98 78 40 0 
15 64 99 90 0 
31 100 137 3 0 
10 26 274 62 84 
4 56 55 74 0 
12 112 139 37 5 
3 72 267 141 0 
22 56 195 65 0 
6 78 120 53 11 
5 64 189 126 0 
1 33 249 38 0 
1 25 250 28 0 
31 72 116 58 1 
16 81 197 58 0 
5 131 109 33 17 
5 133 199 37 0 
8 29 80 63 0 
26 24 136 59 1 
6 39 346 28 0 
6 84 57 54 29 
1 24 213 155 0 
3 92 184 71 5 
5 17 177 47 0 
13 118 72 25 0 
24 65 127 92 0 
3 36 177 19 0 
6 51 96 81 0 
1 32 163 46 0 
22 82 96 29 0 
5 46 194 54 0 
19 33 149 62 0 
8 86 118 45 0 
30 7 322 40 0 
3 34 299 12 0 
4 60 121 130 0 
0 34 258 64 0 
20 66 470 6 0 
0 154 172 78 0 
16 68 146 141 0 
11 1 142 55 0 
0 70 171 100 52 
6 54 50 82 0 
24 38 189 40 0 
0 27 120 8 1 
34 65 82 79 0 
6 61 226 35 0 
6 104 233 18 7 
4 136 182 215 0 
2 3 261 72 27 
4 18 75 123 9 
4 133 152 128 0 
16 95 115 20 19 
1 111 233 19 6 
5 99 97 137 5 
7 39 203 9 0 
6 167 134 24 0 
5 59 111 125 0 
0 102 109 34 53 
2 70 64 102 5 
74 106 214 60 0 
23 29 154 27 1 
0 61 213 122 0 
0 152 171 57 0 
0 176 214 96 0 
4 93 156 150 0 
0 104 236 125 0 
2 30 159 59 10 
7 64 356 33 0 
3 85 167 168 0 
52 162 157 17 15 
5 23 61 148 1 
7 69 116 57 0 
9 80 300 216 0 
5 75 138 128 2 
0 122 125 108 0 
4 48 98 121 1 
4 98 108 15 0 
17 11 154 131 0 
16 51 121 47 0 
7 38 129 100 0 
9 20 209 67 0 
2 114 30 78 0 
13 22 172 122 0 
5 23 110 96 30 
21 106 100 61 0 
3 150 150 38 0 
2 27 240 65 1 
15 5 109 171 0 
8 68 246 40 0 
12 71 178 20 1 
4 40 389 129 1 
3 79 199 8 0 
7 190 119 112 0 
8 31 84 93 0 
20 123 143 71 0 
3 107 240 65 0 
6 86 210 38 0 
2 116 121 57 52 
11 63 106 54 63 
21 32 113 48 1 
3 129 82 152 0 
20 84 181 52 0 
3 131 179 39 0 
7 100 59 16 0 
4 35 141 84 4 
16 67 121 28 0 
4 182 190 11 0 
0 16 86 121 0 
5 12 184 19 0 
2 31 233 49 10 
18 63 257 24 13 
0 82 249 179 0 
18 147 206 30 0 
14 48 261 59 0 
1 21 272 37 0 
25 98 168 119 0 
20 117 199 27 8 
5 35 56 18 0 
2 55 219 20 0 
13 95 165 63 0 
4 42 151 75 0 
3 87 145 22 0 
3 72 151 114 17 
0 92 172 83 13 
16 142 131 5 8 
8 63 169 46 0 
13 145 117 77 0 
5 88 96 81 0 
6 12 343 162 0 
1 56 124 104 0 
29 68 135 84 0 
0 12 164 104 0 
19 46 73 30 0 
18 123 155 116 0 
17 218 122 39 0 
0 42 244 64 0 
0 126 316 30 0 
6 59 263 49 35 
3 182 161 17 0 
6 51 132 109 0 
3 64 171 37 0 
18 20 107 15 28 
0 57 220 68 5 
16 93 60 156 25 
18 22 298 69 0 
2 76 143 183 0 
5 197 143 41 10 
3 71 178 120 0 
39 67 217 135 1 
4 8 137 192 0 
17 114 309 18 0 
1 130 101 157 0 
5 158 233 163 0 
0 35 218 26 0 
0 42 183 70 0 
34 40 277 52 0 
11 22 70 209 0 
0 75 249 29 0 
26 75 122 2 0 
9 81 139 37 0 
7 52 137 79 0 
23 17 142 11 0 
12 14 242 128 0 
2 62 258 156 1 
23 31 153 234 6 
5 95 159 122 0 
21 47 285 103 0 
2 33 137 110 0 
1 82 97 4 0 
21 26 263 86 0 
3 106 391 132 0 
2 116 226 110 0 
7 29 261 32 0 
14 58 230 144 22 
5 146 134 59 24 
6 70 143 90 0 
9 63 186 56 0 
0 32 186 126 2 
3 26 180 89 0 
4 10 180 127 0 
7 41 100 39 6 
7 78 147 58 0 
2 118 58 35 0 
0 67 106 114 67 
0 4 281 43 0 
7 143 126 51 0 
8 76 194 87 0 
8 53 125 92 0 
8 64 233 37 28 
4 136 104 105 0 
17 69 286 90 0 
6 98 154 51 0 
8 82 171 152 0 
0 54 169 55 0 
8 28 191 27 0 
7 110 47 132 0 
5 90 142 165 0 
8 46 108 133 0 
6 46 114 50 0 
0 12 157 80 0 
26 107 66 88 0 
7 124 82 45 25 
0 181 112 85 1 
0 101 327 93 0 
29 91 48 116 0 
7 3 307 74 0 
12 81 44 37 0 
2 101 125 122 5 
1 53 223 97 0 
3 144 168 55 0 
11 121 70 53 0 
0 52 111 57 0 
1 52 90 39 0 
18 60 228 93 0 
0 72 94 77 0 
2 20 199 18 0 
5 109 143 41 0 
1 7 283 10 0 
5 71 78 51 0 
3 31 252 33 0 
7 58 278 60 0 
7 105 139 45 0 
13 106 180 67 0 
2 44 175 42 3 
3 100 125 29 0 
3 106 162 103 5 
0 126 162 27 1 
29 97 103 72 0 
8 29 102 85 0 
0 91 202 77 0 
13 52 194 94 0 
1 112 104 40 0 
0 48 185 59 0 
12 28 197 54 7 
21 37 143 89 0 
3 17 57 48 0 
8 89 196 30 0 
3 19 182 128 0 
0 77 175 67 0 
4 160 273 40 0 
12 46 99 165 0 
1 26 164 235 0 
7 120 190 184 1 
2 76 205 61 0 
4 69 247 72 0 
6 68 110 94 7 
21 77 22 90 0 
0 136 196 53 1 
0 46 163 202 7 
0 82 176 18 0 
27 7 235 1 21 
4 41 124 28 0 
8 120 144 54 0 
37 41 141 74 0 
1 55 133 121 0 
1 106 165 50 0 
36 95 79 28 66 
9 59 234 84 5 
6 75 336 82 5 
5 192 184 154 0 
1 85 154 41 0 
2 44 46 168 0 
13 49 212 86 0 
9 59 160 20 12 
2 32 209 83 0 
1 106 190 76 0 
5 18 92 12 0 
8 65 165 25 0 
2 29 232 28 0 
1 131 270 50 0 
2 74 65 10 0 
13 61 64 2 0 
9 65 239 54 0 
4 69 244 46 0 
6 46 285 105 4 
17 42 253 32 18 
1 70 156 79 0 
7 95 46 36 0 
4 93 185 123 1 
11 67 91 57 0 
15 16 132 218 0 
5 24 108 124 0 
14 23 168 71 0 
3 96 161 40 0 
8 58 144 40 0 
6 103 164 32 0 
3 74 427 91 0 
2 108 154 91 0 
14 29 166 46 0 
0 54 99 40 0 
2 86 218 148 0 
5 72 195 115 0 
1 167 145 109 0 
10 59 199 76 0 
3 70 239 133 0 
31 52 63 190 0 
8 75 102 60 66 
1 185 183 8 0 
31 19 122 22 1 
12 45 278 58 0 
4 130 131 69 0 
0 50 269 92 10 
5 53 120 24 0 
43 71 111 87 0 
0 156 79 49 0 
1 26 158 43 0 
1 19 202 18 0 
8 83 209 19 0 
2 65 185 76 0 
6 110 103 128 0 
12 68 205 63 0 
8 39 153 27 26 
0 9 65 83 0 
6 28 155 44 0 
1 30 194 167 7 
6 93 177 4 0 
12 27 171 85 0 
20 28 382 83 5 
5 78 267 41 0 
11 51 192 61 17 
0 50 209 30 0 
25 53 140 52 0 
1 18 353 93 0 
6 200 74 48 0 
16 1 138 48 0 
20 188 186 59 0 
3 139 110 2 0 
9 55 236 47 0 
18 97 188 19 33 
1 19 148 127 0 
13 95 168 18 0 
7 131 225 12 1 
1 66 133 87 0 
39 60 71 114 0 
10 30 142 59 0 
0 36 169 79 0 
6 30 115 157 0 
2 101 199 29 0 
3 74 165 62 0 
8 94 179 71 3 
11 82 151 43 0 
3 78 269 16 0 
0 104 195 167 0 
16 56 191 35 0 
2 127 290 90 0 
39 95 71 40 17 
16 95 111 13 0 
13 38 141 17 36 
36 65 131 116 0 
2 51 301 257 0 
22 87 85 91 0 
36 126 130 59 0 
1 78 110 47 0 
1 23 384 24 0 
10 163 46 90 0 
0 38 195 86 1 
69 26 191 58 0 
1 69 307 87 0 
7 120 122 40 0 
28 33 295 76 0 
5 78 203 48 8 
7 26 328 29 1 
7 115 109 71 29 
2 106 98 156 1 
2 74 115 28 0 
1 123 206 10 0 
13 134 114 47 0 
11 89 222 19 0 
1 52 170 55 16 
5 77 212 30 0 
8 48 145 51 0 
10 38 216 117 4 
1 56 269 63 0 
3 91 343 35 0 
16 56 285 35 31 
6 4 129 197 0 
4 41 307 40 0 
5 32 301 29 0 
1 47 217 72 0 
15 49 236 88 0 
0 119 107 48 0 
5 52 183 155 0 
9 81 94 140 0 
5 52 246 32 11 
0 117 102 80 0 
13 116 151 58 0 
12 81 115 85 2 
12 62 82 49 0 
9 52 261 86 1 
4 98 196 122 0 
18 49 174 35 0 
14 28 233 45 1 
0 59 329 53 0 
9 89 335 33 0 
20 30 200 76 0 
12 177 142 36 0 
20 55 185 81 3 
12 15 307 81 0 
11 85 320 53 0 
4 76 97 63 0 
5 140 142 72 0 
10 89 133 26 0 
13 46 108 25 0 
4 21 195 12 1 
2 55 199 43 0 
5 34 256 54 0 
5 59 149 56 0 
16 44 170 113 0 
14 61 154 44 0 
8 60 198 171 0 
6 62 141 79 0 
0 103 178 27 0 
2 33 170 61 2 
5 61 160 72 0 
10 66 161 59 0 
1 64 201 52 0 
8 5 259 172 5 
9 169 119 112 0 
1 163 121 58 0 
6 96 228 72 0 
3 91 198 29 23 
1 79 181 124 6 
6 28 268 54 0 
1 28 89 17 2 
10 89 139 12 18 
2 47 228 46 3 
3 118 169 102 0 
2 72 159 5 19 
0 61 92 80 0 
0 32 239 56 0 
4 157 118 26 1 
2 73 110 34 0 
1 94 109 59 0 
8 1 338 55 4 
12 98 91 35 0 
1 210 97 65 0 
25 169 144 82 0 
9 138 144 23 0 
2 100 271 32 0 
4 43 139 97 0 
2 56 344 31 0 
13 52 50 69 1 
5 32 328 53 29 
4 109 240 45 0 
1 105 35 32 0 
0 95 162 29 0 
0 65 320 71 0 
10 19 274 59 0 
16 23 98 36 0 
14 89 55 71 20 
12 102 144 49 0 
8 43 290 17 0 
0 61 353 40 0 
7 124 241 57 13 
0 88 209 20 1 
9 77 231 35 12 
13 33 77 76 1 
0 53 83 86 0 
1 88 159 52 0 
10 63 153 73 5 
8 223 153 17 2 
13 46 271 23 0 
2 90 180 108 0 
9 29 46 23 0 
10 48 132 60 1 
3 71 128 29 0 
17 122 160 118 1 
8 69 242 33 1 
0 58 216 114 0 
11 119 193 83 7 
3 36 402 63 0 
7 57 28 170 149 
4 38 157 74 0 
0 151 154 122 0 
8 22 104 24 1 
0 56 185 101 0 
23 3 202 36 5 
7 13 267 55 9 
1 87 278 23 1 
1 65 85 206 0 
0 21 122 115 0 
0 26 368 53 7 
0 101 67 19 0 
2 11 153 98 0 
0 119 258 41 3 
26 46 221 71 0 
21 48 109 91 0 
2 76 227 24 45 
53 47 195 28 0 
0 10 188 40 0 
12 82 162 49 0 
4 42 157 119 1 
11 96 156 112 0 
4 69 114 83 0 
16 76 42 86 1 
15 109 105 63 0 
2 68 113 138 16 
0 171 97 32 0 
35 75 171 40 23 
7 94 81 32 2 
7 87 137 30 0 
6 64 176 38 9 
2 60 123 197 0 
6 22 94 46 1 
1 32 317 136 1 
9 105 174 32 1 
3 16 153 69 10 
28 69 185 32 10 
83 96 263 148 1 
41 182 80 45 0 
0 77 287 28 0 
1 85 174 24 0 
0 60 216 116 0 
2 137 133 41 0 
14 83 187 72 0 
10 86 119 70 0 
11 62 199 207 0 
5 30 126 108 0 
18 40 133 83 0 
19 113 98 54 0 
37 83 43 74 1 
10 121 182 58 34 
32 89 101 19 0 
11 61 225 28 0 
34 104 150 86 0 
2 45 348 80 0 
1 111 150 34 4 
3 46 167 100 1 
28 49 141 49 1 
9 56 339 41 0 
1 29 154 52 0 
2 70 140 147 24 
3 16 107 52 0 
2 74 143 38 1 
36 31 163 230 2 
6 99 228 169 1 
1 34 256 150 0 
4 150 214 54 1 
1 36 177 121 4 
3 6 205 60 0 
21 75 140 71 85 
2 170 89 68 0 
13 19 104 18 0 
11 94 338 47 1 
5 119 179 36 0 
6 59 227 14 7 
13 69 181 18 43 
1 43 168 124 0 
10 123 172 112 2 
40 108 147 47 0 
14 30 333 98 0 
0 59 76 141 0 
24 10 195 89 1 
0 102 110 44 0 
21 54 118 58 0 
5 38 96 91 0 
14 17 327 40 0 
16 31 410 12 30 
6 174 172 59 0 
5 9 313 150 7 
9 48 124 43 13 
21 49 137 29 0 
1 77 100 60 5 
3 101 217 42 0 
1 57 78 45 0 
0 46 274 71 0 
0 72 245 33 0 
5 150 255 48 0 
44 50 120 76 0 
3 215 104 102 14 
0 9 340 74 0 
6 26 134 133 0 
2 50 157 147 5 
9 96 89 24 5 
8 83 120 10 0 
2 124 167 45 0 
2 83 244 47 18 
13 69 156 40 1 
13 103 166 49 0 
13 73 283 74 0 
25 98 219 127 0 
2 22 165 67 1 
40 81 93 80 20 
26 104 44 109 0 
11 114 139 80 1 
4 68 112 117 7 
6 76 80 21 0 
11 64 108 1 0 
14 50 189 45 0 
12 1 203 33 3 
2 50 96 64 0 
41 103 207 8 0 
21 65 92 131 3 
2 35 164 39 0 
5 53 185 54 5 
6 59 203 130 3 
16 84 144 76 0 
7 23 149 121 0 
1 69 299 92 10 
8 12 126 107 0 
4 96 143 75 0 
5 62 196 52 0 
22 67 117 31 0 
10 45 168 26 0 
24 78 107 45 0 
1 42 236 96 0 
32 83 109 70 0 
4 110 240 30 0 
1 19 213 97 24 
1 106 127 68 0 
15 55 371 96 0 
22 93 129 36 0 
4 52 113 126 20 
6 102 89 146 0 
4 35 143 118 0 
1 45 130 190 0 
2 55 296 30 4 
28 75 80 21 0 
9 179 40 40 0 
1 16 175 58 0 
3 39 251 12 0 
3 29 179 121 0 
0 13 22 54 0 
1 13 230 392 0 
3 28 173 85 3 
17 50 78 35 0 
7 132 77 130 0 
0 87 303 24 0 
1 27 131 124 0 
7 18 128 117 0 
16 13 164 32 0 
17 39 109 74 0 
7 34 163 22 0 
3 91 92 143 1 
102 27 203 107 1 
0 100 186 59 0 
1 69 138 124 0 
10 66 134 174 0 
13 43 178 95 1 
2 84 135 63 0 
7 192 165 28 4 
1 52 163 174 0 
23 76 114 233 0 
2 51 270 120 0 
7 34 124 92 0 
20 41 139 15 0 
9 140 147 102 26 
7 104 172 121 26 
0 49 217 79 8 
2 146 78 106 0 
3 16 190 44 19 
1 63 95 13 0 
12 43 87 112 1 
12 47 238 82 0 
3 41 145 102 1 
14 110 164 88 9 
7 72 154 98 15 
5 47 147 22 0 
0 48 153 96 0 
0 51 168 55 0 
0 36 61 23 0 
21 71 96 86 0 
16 132 69 174 2 
16 91 160 117 2 
1 82 220 115 0 
6 68 134 152 15 
1 92 240 104 0 
10 133 190 54 0 
7 135 151 56 5 
10 33 151 95 0 
13 32 206 48 10 
1 138 190 15 0 
51 63 172 114 1 
21 93 79 104 1 
6 68 101 91 0 
2 109 79 24 2 
2 25 281 37 15 
8 79 420 86 0 
10 65 385 79 0 
19 105 138 28 0 
1 66 203 27 8 
4 96 175 38 0 
9 154 261 14 0 
7 6 284 65 1 
1 34 212 107 11 
1 9 164 79 0 
2 29 152 119 0 
25 58 342 110 0 
0 9 190 150 10 
4 7 132 91 7 
0 59 289 42 0 
4 47 174 42 0 
2 10 119 60 0 
1 40 114 78 2 
0 83 37 75 7 
2 63 308 14 0 
2 96 159 60 0 
0 79 215 97 1 
11 85 137 47 0 
2 16 393 34 36 
2 14 178 61 1 
3 25 171 79 41 
1 56 143 3 0 
6 57 59 81 0 
21 117 118 42 0 
0 42 108 54 53 
6 224 151 27 0 
12 42 183 79 34 
5 61 164 60 59 
8 19 78 42 5 
1 52 130 130 0 
1 46 332 87 0 
3 220 125 34 8 
6 132 96 56 0 
5 38 169 91 1 
0 32 197 9 0 
0 3 91 86 1 
15 56 144 114 0 
7 88 360 124 0 
7 135 338 27 0 
1 178 162 12 0 
3 148 205 3 0 
24 69 218 33 0 
28 64 143 115 0 
7 69 101 120 2 
20 89 92 58 0 
4 25 207 100 0 
27 137 198 22 0 
8 122 244 64 0 
13 111 277 108 7 
3 34 149 77 1 
29 44 306 44 0 
21 134 173 3 0 
12 56 203 42 0 
4 55 277 18 2 
3 9 342 11 0 
7 14 311 43 0 
0 67 275 78 0 
2 50 240 58 2 
4 106 218 115 0 
14 110 154 55 0 
2 8 186 31 0 
5 32 280 33 0 
63 95 101 111 0 
12 48 342 23 0 
33 92 155 53 0 
3 131 144 95 0 
15 12 137 53 0 
11 31 261 22 0 
1 51 127 87 9 
9 113 61 22 0 
3 65 302 96 10 
12 85 375 23 0 
14 29 192 43 0 
2 33 207 90 0 
11 51 205 12 0 
8 66 136 67 0 
1 100 252 68 0 
17 32 39 128 5 
2 95 201 58 0 
12 56 113 110 1 
7 45 166 30 0 
28 69 73 141 0 
0 54 308 50 37 
17 50 79 47 63 
2 80 216 84 17 
0 45 287 121 1 
1 85 182 81 0 
1 127 236 173 0 
24 70 277 79 0 
7 79 133 101 0 
5 43 245 36 0 
16 39 78 16 0 
5 33 250 31 6 
7 126 121 72 0 
11 90 217 27 0 
2 66 147 22 0 
49 34 157 54 0 
2 23 141 146 0 
25 63 149 34 0 
24 20 247 83 0 
2 23 125 75 0 
22 29 196 19 0 
1 30 119 35 36 
1 42 183 106 0 
13 126 100 67 0 
49 67 220 118 0 
4 225 91 178 0 
3 35 165 88 0 
7 66 129 24 0 
4 111 107 60 0 
29 88 330 9 0 
40 40 224 42 0 
5 17 318 42 0 
1 28 224 64 23 
4 79 96 42 0 
5 65 177 108 0 
