0 118 33 
0 187 48 
0 93 6 
0 106 36 
0 115 28 
0 138 39 
0 137 93 
0 73 46 
0 76 25 
0 150 63 
0 146 12 
0 110 21 
0 136 58 
0 92 14 
0 80 32 
0 116 4 
0 83 30 
0 140 87 
0 54 69 
0 80 27 
0 86 10 
0 110 35 
0 101 46 
0 137 56 
0 83 12 
0 104 49 
0 116 205 
0 102 54 
0 126 51 
0 83 43 
0 82 68 
0 122 50 
0 146 11 
0 108 70 
0 67 77 
0 67 67 
0 78 19 
0 134 19 
0 116 81 
0 84 62 
0 84 19 
0 113 15 
0 68 48 
0 119 21 
0 87 21 
0 129 70 
0 85 8 
0 104 12 
0 131 36 
0 57 42 
0 117 21 
0 109 14 
0 135 23 
0 167 49 
0 123 25 
0 102 15 
0 101 45 
0 76 23 
0 156 53 
0 106 48 
0 115 16 
0 80 33 
0 109 56 
0 167 14 
0 138 34 
0 134 39 
0 97 21 
0 110 100 
0 98 36 
0 109 16 
0 97 2 
0 89 16 
0 105 45 
0 96 5 
0 104 14 
0 144 20 
0 127 28 
0 49 14 
0 110 45 
0 118 67 
0 125 60 
0 92 52 
0 109 24 
0 94 30 
0 85 25 
0 70 40 
0 74 58 
0 132 52 
0 111 80 
0 107 13 
0 123 14 
0 93 21 
0 96 68 
0 125 80 
0 149 33 
0 114 44 
0 170 50 
0 121 21 
0 152 62 
0 95 24 
0 156 24 
0 95 28 
0 156 65 
0 119 41 
0 131 18 
0 141 37 
0 156 46 
0 90 48 
0 105 19 
0 127 85 
0 119 14 
0 99 31 
0 111 33 
0 142 19 
0 181 8 
0 147 104 
0 151 13 
0 111 27 
0 150 35 
0 99 110 
0 74 47 
0 109 56 
0 82 64 
0 149 67 
0 130 31 
0 74 42 
0 159 11 
0 146 4 
0 113 34 
0 87 9 
0 184 54 
0 146 19 
0 140 49 
0 115 72 
0 97 44 
0 112 106 
0 144 52 
0 135 16 
0 84 22 
0 126 27 
0 80 22 
0 155 62 
0 121 44 
0 129 39 
0 133 65 
0 138 0 
0 136 21 
0 98 50 
0 125 27 
0 139 31 
0 100 33 
0 93 39 
0 98 32 
0 131 62 
0 123 22 
0 96 60 
0 121 52 
0 124 18 
0 145 31 
0 112 2 
0 118 16 
0 206 24 
0 89 49 
0 88 40 
0 118 59 
0 123 37 
0 108 57 
0 111 10 
0 156 19 
0 115 4 
0 115 23 
0 121 13 
0 108 42 
0 98 5 
0 95 25 
0 110 27 
0 99 59 
0 71 32 
0 149 13 
0 133 20 
0 102 34 
0 125 61 
0 91 39 
0 129 78 
0 133 26 
0 154 36 
0 61 30 
0 119 80 
0 138 19 
0 89 11 
0 74 108 
0 76 23 
0 187 39 
0 151 24 
0 68 30 
0 71 6 
0 110 22 
0 98 43 
0 102 36 
0 88 50 
0 99 6 
0 129 15 
0 164 57 
0 125 36 
0 66 17 
0 119 65 
0 141 47 
0 74 24 
0 145 6 
0 200 21 
0 143 48 
0 109 6 
0 152 37 
0 140 50 
0 178 97 
0 138 43 
0 163 26 
0 122 46 
0 118 21 
0 103 37 
0 78 51 
0 147 9 
0 135 38 
0 142 53 
0 75 29 
0 137 86 
0 109 39 
0 108 23 
0 92 21 
0 157 17 
0 83 25 
0 65 17 
0 128 65 
0 73 74 
0 104 93 
0 75 20 
0 164 93 
0 109 64 
0 115 18 
0 112 26 
0 135 10 
0 151 31 
0 177 33 
0 143 31 
0 130 67 
0 137 25 
0 90 43 
0 60 20 
0 126 55 
0 104 33 
0 100 58 
0 109 13 
0 114 32 
0 119 44 
0 106 38 
0 173 29 
0 99 34 
0 152 43 
0 72 19 
0 182 84 
0 97 33 
0 107 56 
0 125 15 
0 80 33 
0 118 79 
0 83 33 
0 93 37 
0 125 52 
0 127 42 
0 73 74 
0 72 30 
0 112 114 
0 68 24 
0 103 24 
0 74 56 
0 106 11 
0 99 62 
0 135 26 
0 99 37 
0 158 56 
0 139 58 
0 83 51 
0 159 49 
0 97 47 
0 136 37 
0 129 73 
0 111 31 
0 129 77 
0 161 37 
0 135 50 
0 88 50 
0 92 43 
0 93 10 
0 131 33 
0 131 14 
0 133 8 
0 72 52 
0 99 14 
0 155 17 
0 127 30 
0 138 32 
0 146 35 
0 48 37 
0 128 19 
0 147 87 
0 100 16 
0 126 27 
0 132 48 
0 125 41 
0 68 49 
0 98 78 
0 98 22 
0 154 42 
0 83 22 
0 122 51 
0 97 24 
0 100 34 
0 110 16 
0 133 22 
0 109 44 
0 123 67 
0 123 41 
0 120 72 
0 124 44 
0 91 46 
0 138 47 
0 132 10 
0 118 120 
0 117 87 
0 92 12 
0 72 39 
0 87 47 
0 91 29 
0 163 8 
0 121 39 
0 106 129 
0 120 45 
0 139 21 
0 117 28 
0 103 53 
0 93 25 
0 132 110 
0 113 32 
0 110 60 
0 150 50 
0 73 33 
0 98 29 
0 91 24 
0 103 46 
0 108 2 
0 70 87 
0 134 109 
0 82 31 
0 138 23 
0 59 51 
0 121 51 
0 54 23 
0 82 53 
0 138 40 
0 57 88 
0 103 28 
0 176 24 
0 76 30 
0 83 51 
0 150 12 
0 128 16 
0 122 10 
0 132 47 
0 120 86 
0 106 22 
0 126 21 
0 97 35 
0 105 74 
0 69 49 
0 159 81 
0 83 83 
0 100 1 
0 135 45 
0 79 23 
0 62 6 
0 85 9 
0 115 85 
0 189 19 
0 126 45 
0 83 29 
0 96 8 
0 145 84 
0 85 37 
0 191 56 
0 90 14 
0 155 21 
0 126 49 
0 124 112 
0 124 22 
0 88 54 
0 101 19 
0 92 66 
0 114 47 
0 87 13 
0 84 35 
0 130 42 
0 106 47 
0 108 31 
0 115 53 
0 141 55 
0 114 29 
0 113 15 
0 92 9 
0 178 4 
0 110 35 
0 107 19 
0 99 21 
0 128 13 
0 140 58 
0 154 54 
0 103 58 
0 142 18 
0 155 57 
0 113 31 
0 172 20 
0 93 25 
0 68 21 
0 112 55 
0 134 34 
0 152 12 
0 74 11 
0 125 14 
0 123 77 
0 78 58 
0 142 20 
0 69 10 
0 155 93 
0 106 24 
0 121 27 
0 121 32 
0 113 120 
0 140 27 
0 136 62 
0 106 49 
0 139 72 
0 123 18 
0 96 50 
0 100 27 
0 151 42 
0 163 23 
0 123 38 
0 145 99 
0 119 51 
0 174 20 
0 115 34 
0 138 43 
0 85 19 
0 174 27 
0 95 13 
0 95 52 
0 105 6 
0 157 57 
0 88 17 
0 91 52 
0 138 65 
0 106 26 
0 96 28 
0 138 43 
0 95 55 
0 67 30 
0 136 65 
0 92 47 
0 95 23 
0 74 40 
0 139 37 
0 76 61 
0 122 24 
0 135 18 
0 98 68 
0 129 91 
0 107 69 
0 131 21 
0 162 50 
0 139 36 
0 95 24 
0 105 38 
0 136 17 
0 130 39 
0 167 37 
0 145 47 
0 93 16 
0 135 62 
0 138 42 
0 108 67 
0 132 34 
0 91 42 
0 126 42 
0 157 21 
0 159 0 
0 112 25 
0 127 46 
0 128 21 
0 155 44 
0 66 37 
0 148 52 
0 94 20 
0 126 17 
0 71 59 
0 99 93 
0 90 28 
0 92 35 
0 86 51 
0 91 13 
0 160 22 
0 110 16 
0 157 31 
0 144 22 
0 55 24 
0 122 14 
0 101 37 
0 114 42 
0 121 51 
0 151 14 
0 108 16 
0 131 30 
0 98 75 
0 138 65 
0 109 15 
0 121 31 
0 80 50 
0 90 60 
0 66 6 
0 152 79 
0 113 33 
0 153 23 
0 86 56 
0 120 45 
0 102 31 
0 133 59 
0 96 16 
0 142 50 
0 157 30 
0 101 69 
0 112 0 
0 115 17 
0 165 36 
0 99 47 
0 77 38 
0 110 50 
0 125 14 
0 129 26 
0 158 55 
0 119 15 
0 99 43 
0 155 16 
0 145 73 
0 157 1 
0 160 95 
0 94 56 
0 107 34 
0 129 17 
0 96 39 
0 108 111 
0 102 19 
0 122 40 
0 117 31 
0 105 137 
0 99 71 
0 68 54 
0 77 40 
0 155 56 
0 108 17 
0 91 63 
0 131 35 
0 120 18 
0 119 39 
0 93 121 
0 100 57 
0 105 32 
0 145 32 
0 121 6 
0 130 47 
0 115 32 
0 116 110 
0 105 38 
0 102 41 
0 109 71 
0 74 48 
0 73 17 
0 132 27 
0 131 24 
0 87 23 
0 100 5 
0 167 15 
0 137 19 
0 160 46 
0 119 37 
0 105 20 
0 132 29 
0 112 33 
0 128 45 
0 151 31 
0 142 34 
0 126 36 
0 89 33 
0 85 54 
0 99 36 
0 156 16 
0 83 30 
0 81 40 
0 111 21 
0 67 32 
0 76 91 
0 115 22 
0 135 57 
0 146 71 
0 121 30 
0 140 37 
0 122 71 
0 104 93 
0 53 58 
0 99 12 
0 120 80 
0 96 22 
0 91 18 
0 98 51 
0 94 51 
0 116 42 
0 138 22 
0 104 27 
0 123 24 
0 163 36 
0 62 60 
0 132 35 
0 134 23 
0 86 45 
0 114 63 
0 114 30 
0 96 27 
0 95 61 
0 76 26 
0 98 16 
0 106 62 
0 149 36 
0 138 43 
0 124 94 
0 90 46 
0 121 62 
0 141 8 
0 129 10 
0 101 35 
0 78 33 
0 97 31 
0 134 82 
0 152 77 
0 114 40 
0 102 49 
0 97 46 
0 94 139 
0 86 14 
0 113 93 
0 120 1 
0 49 5 
0 130 27 
0 158 3 
0 114 10 
0 62 26 
0 53 34 
0 138 16 
0 113 35 
0 147 77 
0 122 32 
0 92 35 
0 104 46 
0 45 18 
0 98 22 
0 101 27 
0 164 48 
0 75 26 
0 123 22 
0 109 54 
0 118 8 
0 70 39 
0 103 80 
0 75 93 
0 90 80 
0 124 68 
0 78 42 
0 103 17 
0 86 69 
0 176 64 
0 84 65 
0 143 41 
0 108 47 
0 167 75 
0 115 21 
0 115 91 
0 96 8 
0 80 39 
0 100 9 
0 57 47 
0 154 35 
0 142 9 
0 91 37 
0 97 35 
0 170 39 
0 109 28 
0 98 53 
0 85 25 
0 144 76 
0 108 62 
0 126 11 
0 153 14 
0 102 6 
0 116 13 
0 105 27 
0 112 59 
0 124 84 
0 98 37 
0 84 36 
0 131 14 
0 118 30 
0 124 19 
0 123 55 
0 109 26 
0 166 7 
0 124 7 
0 94 174 
0 114 24 
0 132 23 
0 123 90 
0 92 80 
0 150 60 
0 128 80 
0 104 8 
0 78 30 
0 101 29 
0 111 10 
0 94 5 
0 100 69 
0 71 38 
0 126 33 
0 113 41 
0 146 6 
0 96 36 
0 135 27 
0 116 87 
0 124 48 
0 157 12 
0 109 17 
0 87 48 
0 115 30 
0 119 34 
0 110 67 
0 140 18 
0 81 49 
0 102 96 
0 95 32 
0 151 15 
0 89 72 
0 87 9 
0 100 9 
0 80 66 
0 124 25 
0 108 8 
0 87 11 
0 76 48 
0 125 75 
0 70 45 
0 83 37 
0 126 74 
0 126 13 
0 77 16 
0 127 47 
0 102 18 
0 70 20 
0 114 57 
0 115 36 
0 120 25 
0 121 77 
0 96 26 
0 104 19 
0 73 9 
0 96 41 
0 117 25 
0 133 43 
0 115 61 
0 77 53 
0 94 54 
0 131 71 
0 92 33 
0 121 12 
0 90 30 
0 103 49 
0 97 22 
0 178 36 
0 122 42 
0 123 38 
0 152 55 
0 112 20 
0 114 57 
0 91 23 
0 169 28 
0 65 32 
0 102 26 
0 69 93 
0 153 13 
0 168 67 
0 99 16 
0 125 47 
0 130 44 
0 88 39 
0 141 84 
0 139 21 
0 103 46 
0 93 19 
0 136 15 
0 169 41 
0 121 9 
0 137 30 
0 104 43 
0 144 65 
0 95 52 
0 90 25 
0 155 33 
0 130 15 
0 125 21 
0 137 25 
0 122 32 
0 96 39 
0 115 8 
0 56 29 
0 118 42 
0 144 40 
0 66 19 
0 118 27 
0 103 12 
0 155 92 
0 135 24 
0 104 22 
0 128 19 
0 128 41 
0 139 28 
0 166 20 
0 99 9 
0 117 38 
0 128 28 
0 114 46 
0 147 7 
0 137 43 
0 94 27 
0 77 17 
0 130 40 
0 124 10 
0 91 22 
0 148 26 
0 92 33 
0 117 32 
0 80 16 
0 163 23 
0 121 48 
0 121 50 
0 113 47 
0 95 12 
0 170 59 
0 111 27 
0 116 41 
0 118 26 
0 68 0 
0 75 33 
0 63 28 
0 75 120 
0 107 28 
0 107 76 
0 100 25 
0 70 16 
0 135 16 
0 131 31 
0 145 30 
0 91 87 
0 113 25 
0 139 65 
0 79 72 
0 111 80 
0 112 15 
0 118 72 
0 124 28 
0 114 18 
0 101 42 
0 139 21 
0 131 48 
0 120 28 
0 156 37 
0 101 43 
0 109 9 
0 76 33 
0 143 31 
0 94 25 
0 155 60 
0 90 20 
0 111 84 
0 121 43 
0 120 12 
0 113 18 
0 116 23 
0 108 52 
0 125 30 
0 96 53 
0 157 75 
0 92 44 
0 134 11 
0 103 49 
0 105 52 
0 135 22 
0 130 19 
0 79 32 
0 131 48 
0 141 40 
0 125 80 
0 120 52 
0 181 10 
0 117 37 
0 118 35 
0 94 71 
0 97 30 
0 110 46 
0 92 25 
0 85 58 
0 110 33 
0 120 47 
0 117 18 
0 113 21 
0 152 25 
0 84 32 
0 91 50 
0 110 31 
0 93 44 
0 101 86 
0 160 47 
0 90 79 
0 110 8 
0 145 36 
0 78 103 
0 125 8 
0 129 61 
0 121 50 
0 87 84 
0 83 18 
0 131 25 
0 78 43 
0 108 57 
0 62 28 
0 170 44 
0 159 47 
0 161 40 
0 96 129 
0 101 24 
0 115 12 
0 166 61 
0 105 67 
0 72 17 
0 79 30 
0 140 71 
0 135 47 
0 82 13 
0 73 35 
0 73 19 
0 100 36 
0 163 45 
0 99 42 
0 125 63 
0 144 61 
0 102 72 
0 118 21 
0 149 27 
0 129 37 
0 105 26 
0 89 49 
0 130 14 
0 101 15 
0 114 71 
0 151 11 
0 106 60 
0 120 63 
0 150 27 
0 120 38 
0 85 19 
0 126 19 
0 115 30 
0 97 48 
0 123 41 
0 74 3 
0 89 25 
0 82 66 
0 116 46 
0 82 26 
0 122 36 
0 138 27 
0 141 106 
0 115 36 
0 112 17 
0 112 39 
0 143 25 
0 111 8 
0 166 18 
