0 39 41 
0 77 27 
0 126 42 
0 145 46 
0 120 36 
0 118 40 
0 127 15 
0 63 10 
0 70 9 
0 111 51 
0 141 31 
0 77 108 
0 170 21 
0 99 136 
0 136 84 
0 155 10 
0 116 23 
0 103 46 
0 153 33 
0 88 50 
0 98 4 
0 137 77 
0 90 141 
0 97 16 
0 149 33 
0 92 56 
0 99 14 
0 99 69 
0 91 50 
0 69 106 
0 102 22 
0 143 22 
0 105 11 
0 83 37 
0 130 33 
0 93 8 
0 91 58 
0 96 13 
0 204 29 
0 181 0 
0 87 58 
0 154 15 
0 147 26 
0 132 1 
0 79 15 
0 172 32 
0 199 91 
0 163 5 
0 133 14 
0 82 8 
0 161 16 
0 94 7 
0 99 58 
0 106 36 
0 116 22 
0 109 23 
0 56 43 
0 83 3 
0 156 28 
0 118 30 
0 163 34 
0 90 82 
0 74 51 
0 86 8 
0 129 34 
0 132 17 
0 98 38 
0 69 49 
0 68 76 
0 58 29 
0 138 11 
0 99 54 
0 93 24 
0 178 105 
0 119 33 
0 114 14 
0 196 23 
0 89 21 
0 137 10 
0 103 3 
0 131 53 
0 104 18 
0 41 24 
0 151 16 
0 65 106 
0 131 37 
0 163 70 
0 62 23 
0 141 4 
0 136 15 
0 106 51 
0 160 40 
0 139 31 
0 111 29 
0 105 6 
0 134 28 
0 84 18 
0 137 16 
0 72 47 
0 128 35 
0 104 23 
0 101 48 
0 102 24 
0 99 9 
0 107 27 
0 71 80 
0 119 63 
0 110 99 
0 127 46 
0 81 36 
0 92 30 
0 106 12 
0 149 3 
0 102 6 
0 138 25 
0 125 14 
0 149 9 
0 171 35 
0 128 52 
0 177 153 
0 78 104 
0 142 29 
0 149 33 
0 107 41 
0 154 30 
0 153 58 
0 93 6 
0 152 53 
0 86 18 
0 109 21 
0 112 6 
0 125 35 
0 140 35 
0 144 23 
0 60 16 
0 80 34 
0 44 40 
0 122 57 
0 101 10 
0 95 25 
0 157 3 
0 85 16 
0 101 30 
0 111 14 
0 166 34 
0 99 34 
0 80 39 
0 106 34 
0 20 6 
0 100 26 
0 141 6 
0 96 22 
0 126 51 
0 101 45 
0 123 49 
0 110 12 
0 168 55 
0 144 5 
0 159 69 
0 145 37 
0 85 140 
0 117 5 
0 53 10 
0 146 54 
0 114 31 
0 109 22 
0 82 22 
0 89 62 
0 116 31 
0 168 33 
0 95 35 
0 79 12 
0 43 2 
0 202 6 
0 172 42 
0 90 17 
0 46 6 
0 130 18 
0 89 78 
0 136 63 
0 106 48 
0 80 67 
0 71 51 
0 113 45 
0 81 9 
0 104 51 
0 144 64 
0 170 11 
0 138 3 
0 106 67 
0 124 17 
0 151 72 
0 133 24 
0 101 18 
0 84 9 
0 171 4 
0 57 41 
0 133 107 
0 72 59 
0 86 21 
0 111 98 
0 131 49 
0 75 53 
0 80 85 
0 99 40 
0 164 75 
0 186 13 
0 173 42 
0 129 41 
0 68 29 
0 75 16 
0 107 17 
0 105 37 
0 128 50 
0 76 17 
0 102 11 
0 96 14 
0 138 18 
0 73 30 
0 94 33 
0 69 16 
0 140 38 
0 94 10 
0 137 22 
0 127 5 
0 123 30 
0 119 47 
0 109 139 
0 148 18 
0 157 26 
0 63 82 
0 144 90 
0 148 34 
0 195 74 
0 144 73 
0 125 94 
0 53 22 
0 31 19 
0 165 0 
0 91 14 
0 142 85 
0 141 35 
0 74 48 
0 115 28 
0 117 43 
0 100 42 
0 137 22 
0 92 67 
0 137 40 
0 80 63 
0 98 31 
0 101 23 
0 186 64 
0 152 12 
0 38 62 
0 149 10 
0 145 22 
0 74 18 
0 101 38 
0 185 56 
0 155 24 
0 62 4 
0 110 23 
0 171 53 
0 56 49 
0 167 41 
0 80 122 
0 138 59 
0 120 92 
0 124 4 
0 103 47 
0 124 25 
0 56 59 
0 111 30 
0 123 67 
0 110 64 
0 130 71 
0 126 54 
0 104 166 
0 132 50 
0 84 27 
0 165 43 
0 106 63 
0 86 28 
0 24 43 
0 105 4 
0 149 47 
0 181 21 
0 139 45 
0 126 85 
0 195 37 
0 77 34 
0 90 14 
0 118 47 
0 92 12 
0 136 27 
0 146 13 
0 93 51 
0 111 22 
0 157 36 
0 72 24 
0 99 41 
0 87 76 
0 137 12 
0 156 64 
0 116 38 
0 80 12 
0 87 40 
0 158 41 
0 144 1 
0 160 31 
0 71 39 
0 160 47 
0 133 36 
0 133 12 
0 88 11 
0 98 78 
0 101 52 
0 112 16 
0 85 22 
0 198 8 
0 74 71 
0 118 34 
0 67 61 
0 80 53 
0 139 65 
0 115 58 
0 140 38 
0 85 25 
0 153 8 
0 108 15 
0 121 46 
0 114 30 
0 78 53 
0 108 21 
0 114 14 
0 63 119 
0 99 21 
0 126 45 
0 105 25 
0 111 18 
0 172 6 
0 146 36 
0 114 2 
0 71 46 
0 67 0 
0 186 11 
0 84 39 
0 120 9 
0 77 31 
0 119 29 
0 115 20 
0 61 82 
0 102 32 
0 120 37 
0 153 39 
0 53 4 
0 130 1 
0 82 46 
0 96 50 
0 154 51 
0 112 4 
0 110 10 
0 69 22 
0 52 190 
0 134 46 
0 157 54 
0 104 35 
0 105 23 
0 130 38 
0 141 26 
0 74 4 
0 134 14 
0 136 31 
0 177 42 
0 108 76 
0 158 39 
0 92 40 
0 104 87 
0 180 37 
0 106 16 
0 82 28 
0 93 3 
0 133 14 
0 129 48 
0 112 49 
0 126 36 
0 112 19 
0 50 13 
0 70 74 
0 114 17 
0 162 42 
0 154 42 
0 135 34 
0 178 4 
0 168 45 
0 85 82 
0 150 28 
0 92 70 
0 179 74 
0 113 30 
0 157 11 
0 219 67 
0 123 179 
0 132 33 
0 148 18 
0 111 55 
0 88 88 
0 123 63 
0 102 7 
0 86 37 
0 57 48 
0 102 56 
0 134 102 
0 84 115 
0 55 23 
0 117 12 
0 100 48 
0 33 124 
0 101 9 
0 72 36 
0 89 82 
0 146 34 
0 160 30 
0 135 4 
0 218 91 
0 157 22 
0 70 53 
0 111 4 
0 94 127 
0 126 21 
0 122 26 
0 75 99 
0 87 33 
0 111 27 
0 143 41 
0 33 48 
0 165 28 
0 133 20 
0 114 27 
0 124 21 
0 73 37 
0 143 13 
0 85 27 
0 90 28 
0 78 8 
0 71 9 
0 73 13 
0 130 102 
0 125 80 
0 107 119 
0 67 9 
0 69 31 
0 86 33 
0 107 34 
0 154 14 
0 134 15 
0 119 59 
0 161 52 
0 116 25 
0 158 48 
0 130 28 
0 93 46 
0 88 11 
0 119 21 
0 62 17 
0 110 38 
0 78 12 
0 110 32 
0 176 24 
0 195 18 
0 95 36 
0 95 31 
0 117 78 
0 112 47 
0 92 12 
0 66 139 
0 124 21 
0 111 5 
0 123 1 
0 78 8 
0 220 50 
0 99 16 
0 171 34 
0 86 71 
0 24 16 
0 172 34 
0 135 82 
0 85 8 
0 172 37 
0 101 99 
0 101 19 
0 199 11 
0 86 29 
0 53 7 
0 103 62 
0 92 40 
0 104 27 
0 133 43 
0 43 30 
0 95 46 
0 156 45 
0 127 21 
0 155 11 
0 74 6 
0 146 45 
0 111 47 
0 63 27 
0 108 7 
0 114 4 
0 91 16 
0 125 19 
0 139 5 
0 85 14 
0 137 39 
0 138 55 
0 119 12 
0 166 43 
0 93 9 
0 143 13 
0 103 25 
0 91 25 
0 94 8 
0 169 35 
0 103 13 
0 95 85 
0 105 20 
0 107 39 
0 45 43 
0 174 37 
0 109 38 
0 121 22 
0 179 56 
0 85 13 
0 69 19 
0 101 15 
0 98 24 
0 135 41 
0 56 97 
0 141 24 
0 157 7 
0 137 28 
0 105 27 
0 152 23 
0 87 25 
0 85 26 
0 116 128 
0 97 57 
0 126 19 
0 155 37 
0 69 33 
0 88 34 
0 52 10 
0 142 42 
0 80 49 
0 142 5 
0 104 0 
0 150 7 
0 118 2 
0 95 127 
0 188 18 
0 135 7 
0 89 25 
0 98 20 
0 165 92 
0 85 22 
0 93 18 
0 159 1 
0 122 61 
0 154 83 
0 122 5 
0 123 25 
0 85 10 
0 123 22 
0 75 83 
0 90 71 
0 136 17 
0 178 35 
0 135 51 
0 99 139 
0 99 0 
0 120 54 
0 169 57 
0 165 25 
0 129 2 
0 94 0 
0 81 12 
0 98 45 
0 138 38 
0 124 55 
0 73 95 
0 117 21 
0 123 42 
0 97 25 
0 98 37 
0 160 63 
0 93 25 
0 71 21 
0 54 5 
0 92 16 
0 125 25 
0 59 21 
0 117 16 
0 94 45 
0 91 39 
0 144 40 
0 115 27 
0 97 41 
0 109 24 
0 93 60 
0 112 21 
0 103 17 
0 104 10 
0 155 77 
0 71 59 
0 53 11 
0 137 40 
0 87 17 
0 145 19 
0 86 24 
0 164 20 
0 159 47 
0 90 19 
0 92 13 
0 217 38 
0 116 26 
0 110 19 
0 104 49 
0 106 125 
0 115 24 
0 103 1 
0 94 34 
0 100 6 
0 95 78 
0 153 45 
0 146 22 
0 81 8 
0 116 101 
0 135 13 
0 144 60 
0 98 32 
0 209 68 
0 170 9 
0 90 45 
0 136 6 
0 109 2 
0 122 23 
0 121 8 
0 144 68 
0 137 53 
0 147 10 
0 93 46 
0 69 45 
0 88 42 
0 69 40 
0 135 58 
0 104 105 
0 109 40 
0 202 136 
0 105 34 
0 131 35 
0 78 66 
0 125 46 
0 121 31 
0 63 8 
0 110 33 
0 124 18 
0 185 52 
0 159 6 
0 68 40 
0 111 56 
0 89 80 
0 125 62 
0 76 35 
0 80 32 
0 173 19 
0 112 71 
0 157 36 
0 124 64 
0 111 38 
0 121 15 
0 104 14 
0 57 77 
0 116 17 
0 121 84 
0 133 40 
0 110 35 
0 140 48 
0 80 15 
0 87 74 
0 125 10 
0 63 58 
0 154 63 
0 116 57 
0 119 62 
0 144 63 
0 139 50 
0 155 30 
0 85 29 
0 134 19 
0 101 14 
0 117 24 
0 175 2 
0 94 35 
0 93 61 
0 93 52 
0 87 18 
0 83 16 
0 77 64 
0 114 19 
0 80 26 
0 142 15 
0 88 16 
0 82 31 
0 109 48 
0 150 5 
0 239 35 
0 147 24 
0 176 37 
0 99 28 
0 125 40 
0 158 28 
0 179 18 
0 182 15 
0 172 5 
0 96 27 
0 99 65 
0 102 35 
0 114 61 
0 100 9 
0 103 142 
0 112 18 
0 95 65 
0 92 29 
0 92 45 
0 93 16 
0 77 83 
0 50 37 
0 133 19 
0 105 18 
0 112 41 
0 207 28 
0 162 24 
0 109 28 
0 148 32 
0 123 32 
0 81 19 
0 88 41 
0 122 57 
0 121 26 
0 122 14 
0 89 13 
0 94 16 
0 112 28 
0 98 57 
0 61 7 
0 101 47 
0 112 28 
0 157 14 
0 139 28 
0 126 56 
0 171 52 
0 64 6 
0 152 107 
0 154 21 
0 92 90 
0 74 40 
0 90 52 
0 80 11 
0 85 34 
0 151 17 
0 128 43 
0 59 115 
0 129 6 
0 103 37 
0 78 32 
0 87 57 
0 141 22 
0 75 107 
0 64 21 
0 89 9 
0 157 47 
0 81 19 
0 146 3 
0 121 5 
0 137 25 
0 176 33 
0 95 67 
0 103 17 
0 46 39 
0 119 44 
0 168 29 
0 56 22 
0 78 9 
0 135 32 
0 165 73 
0 100 2 
0 111 31 
0 91 66 
0 95 66 
0 123 29 
0 68 5 
0 120 21 
0 91 18 
0 62 75 
0 144 96 
0 217 12 
0 148 51 
0 112 23 
0 92 12 
0 90 80 
0 91 48 
0 110 75 
0 78 0 
0 186 23 
0 52 21 
0 122 45 
0 118 61 
0 169 51 
0 110 37 
0 98 26 
0 91 24 
0 72 34 
0 155 40 
0 61 82 
0 106 26 
0 77 39 
0 60 57 
0 154 86 
0 155 13 
0 68 40 
0 81 39 
0 67 40 
0 142 12 
0 154 23 
0 156 9 
0 211 17 
0 100 53 
0 121 18 
0 186 10 
0 140 38 
0 114 8 
0 48 32 
0 100 23 
0 183 58 
0 80 5 
0 91 191 
0 94 35 
0 21 61 
0 90 4 
0 98 41 
0 80 71 
0 190 33 
0 78 46 
0 121 22 
0 113 56 
0 121 23 
0 158 102 
0 74 14 
0 131 77 
0 108 44 
0 127 20 
0 108 15 
0 79 52 
0 60 39 
0 112 46 
0 126 4 
0 65 16 
0 183 64 
0 154 6 
0 152 49 
0 87 29 
0 143 98 
0 67 9 
0 68 82 
0 138 6 
0 76 147 
0 98 6 
0 42 17 
0 79 45 
0 79 7 
0 79 134 
0 125 17 
0 103 53 
0 72 161 
0 105 54 
0 97 44 
0 118 107 
0 133 25 
0 153 95 
0 85 66 
0 146 26 
0 99 16 
0 192 35 
0 153 14 
0 125 17 
0 138 5 
0 97 57 
0 135 9 
0 96 1 
0 149 26 
0 60 21 
0 132 157 
0 155 9 
0 91 13 
0 143 61 
0 117 2 
0 91 54 
0 39 93 
0 141 2 
0 77 53 
0 85 19 
0 126 24 
0 131 41 
0 95 13 
0 196 47 
0 144 58 
0 77 24 
0 112 21 
0 155 8 
0 108 18 
0 106 74 
0 104 29 
0 68 96 
0 144 17 
0 136 67 
0 64 95 
0 107 161 
0 124 65 
0 133 27 
0 107 17 
0 107 30 
0 102 8 
0 146 40 
0 134 6 
0 41 19 
0 110 65 
0 92 50 
0 185 22 
0 82 29 
0 144 33 
0 105 24 
0 105 40 
0 125 68 
0 64 41 
0 185 11 
0 122 88 
0 71 11 
0 92 45 
0 109 27 
0 55 20 
0 130 77 
0 87 43 
0 129 50 
0 120 72 
0 106 32 
0 84 20 
0 85 40 
0 104 79 
0 134 14 
0 106 23 
0 168 35 
0 149 31 
0 129 44 
0 96 6 
0 146 30 
0 55 27 
0 109 13 
0 59 55 
0 142 83 
0 94 18 
0 63 49 
0 108 8 
0 130 42 
0 138 68 
0 54 262 
0 85 33 
0 134 8 
0 126 29 
0 153 18 
0 96 41 
0 124 20 
0 66 10 
0 148 37 
0 151 86 
0 142 48 
0 78 96 
0 135 0 
0 95 41 
0 89 28 
0 51 11 
0 121 51 
0 130 17 
0 88 73 
0 115 53 
0 87 42 
0 67 18 
0 91 27 
0 138 57 
0 152 76 
