0 7 275 
0 5 166 
0 17 163 
0 27 182 
0 25 279 
0 1 165 
0 13 194 
0 8 123 
0 28 111 
0 29 158 
0 23 176 
0 8 107 
0 17 345 
0 22 228 
0 18 213 
0 3 205 
0 6 161 
0 22 161 
0 8 140 
0 0 169 
0 4 153 
0 16 217 
0 38 208 
0 30 169 
0 10 212 
0 24 120 
0 34 169 
0 27 135 
0 13 175 
0 34 175 
0 20 135 
0 1 239 
0 5 159 
0 16 123 
0 46 132 
0 11 192 
0 30 154 
0 7 173 
0 10 145 
0 0 183 
0 5 178 
0 18 161 
0 29 172 
0 12 152 
0 2 165 
0 19 155 
0 2 208 
0 4 254 
0 12 235 
0 14 198 
0 39 229 
0 23 123 
0 9 255 
0 2 132 
0 19 122 
0 53 136 
0 1 241 
0 7 175 
0 8 163 
0 26 189 
0 9 162 
0 45 129 
0 13 109 
0 9 281 
0 15 151 
0 13 173 
0 5 158 
0 12 164 
0 42 132 
0 1 265 
0 0 169 
0 19 143 
0 7 219 
0 7 249 
0 0 328 
0 11 183 
0 14 143 
0 5 183 
0 41 138 
0 30 245 
0 18 205 
0 25 122 
0 10 140 
0 11 161 
0 12 183 
0 2 167 
0 13 166 
0 11 105 
0 18 249 
0 21 250 
0 12 214 
0 2 299 
0 14 163 
0 51 224 
0 30 168 
0 12 156 
0 5 191 
0 5 112 
0 7 134 
0 7 217 
0 19 150 
0 4 107 
0 15 171 
0 12 151 
0 5 158 
0 7 196 
0 19 183 
0 53 129 
0 3 270 
0 20 184 
0 39 295 
0 21 213 
0 34 214 
0 23 143 
0 7 137 
0 24 276 
0 5 195 
0 30 137 
0 49 139 
0 45 132 
0 0 252 
0 7 190 
0 26 132 
0 1 198 
0 13 230 
0 18 217 
0 40 160 
0 13 129 
0 0 159 
0 29 147 
0 48 168 
0 10 188 
0 21 224 
0 2 168 
0 10 262 
0 26 164 
0 5 172 
0 15 127 
0 25 184 
0 27 245 
0 9 304 
0 24 125 
0 28 248 
0 0 96 
0 10 141 
0 30 246 
0 5 214 
0 42 257 
0 17 144 
0 17 158 
0 27 100 
0 16 199 
0 19 166 
0 1 201 
0 13 200 
0 40 163 
0 10 183 
0 6 182 
0 2 166 
0 6 113 
0 45 137 
0 32 134 
0 7 115 
0 9 178 
0 3 127 
0 6 289 
0 14 148 
0 0 259 
0 12 228 
0 11 167 
0 21 126 
0 4 135 
0 11 173 
0 25 271 
0 11 144 
0 43 169 
0 1 158 
0 12 114 
0 6 142 
0 4 181 
0 2 207 
0 19 194 
0 2 163 
0 15 92 
0 10 309 
0 6 155 
0 17 146 
0 1 163 
0 15 108 
0 4 186 
0 37 167 
0 26 176 
0 6 124 
0 46 208 
0 30 200 
0 24 154 
0 3 293 
0 31 175 
0 18 154 
0 5 133 
0 7 164 
0 11 205 
0 3 205 
0 41 204 
0 1 179 
0 10 207 
0 23 127 
0 24 173 
0 32 205 
0 7 210 
0 29 202 
0 4 193 
0 14 203 
0 17 193 
0 12 195 
0 13 183 
0 29 179 
0 29 195 
0 27 97 
0 1 166 
0 14 246 
0 7 192 
0 36 191 
0 15 120 
0 6 253 
0 19 177 
0 15 160 
0 0 114 
0 16 203 
0 4 190 
0 22 191 
0 12 160 
0 22 157 
0 1 189 
0 0 231 
0 23 171 
0 22 231 
0 2 171 
0 1 125 
0 1 98 
0 0 312 
0 19 191 
0 10 243 
0 8 172 
0 54 214 
0 14 280 
0 8 169 
0 7 172 
0 11 150 
0 12 150 
0 42 124 
0 17 163 
0 22 206 
0 15 208 
0 13 211 
0 5 216 
0 32 153 
0 41 155 
0 19 110 
0 22 248 
0 34 203 
0 1 284 
0 30 98 
0 32 90 
0 5 248 
0 26 186 
0 54 180 
0 23 187 
0 2 191 
0 7 219 
0 18 167 
0 1 160 
0 32 131 
0 0 156 
0 2 179 
0 8 205 
0 12 203 
0 21 233 
0 4 265 
0 33 148 
0 19 157 
0 6 166 
0 8 156 
0 3 227 
0 18 219 
0 14 164 
0 10 198 
0 24 181 
0 15 187 
0 13 169 
0 6 188 
0 11 106 
0 58 199 
0 25 245 
0 1 143 
0 5 161 
0 29 165 
0 14 217 
0 34 173 
0 13 130 
0 26 166 
0 4 251 
0 19 232 
0 28 194 
0 29 165 
0 6 201 
0 39 202 
0 15 226 
0 37 198 
0 13 194 
0 30 150 
0 5 225 
0 28 200 
0 5 165 
0 3 136 
0 16 186 
0 2 282 
0 7 166 
0 8 214 
0 17 195 
0 13 231 
0 45 173 
0 9 185 
0 12 195 
0 5 193 
0 27 198 
0 20 221 
0 9 271 
0 7 190 
0 16 209 
0 10 207 
0 35 224 
0 39 152 
0 18 307 
0 23 188 
0 7 210 
0 7 227 
0 0 165 
0 30 207 
0 6 153 
0 7 215 
0 3 213 
0 1 224 
0 21 229 
0 26 131 
0 20 240 
0 14 126 
0 4 176 
0 14 133 
0 9 141 
0 11 181 
0 0 168 
0 10 177 
0 13 209 
0 10 278 
0 8 228 
0 7 155 
0 18 160 
0 26 327 
0 6 207 
0 3 144 
0 30 178 
0 1 183 
0 21 156 
0 37 215 
0 13 161 
0 21 200 
0 10 160 
0 1 129 
0 11 186 
0 13 171 
0 39 211 
0 8 134 
0 7 166 
0 23 179 
0 16 173 
0 6 179 
0 42 162 
0 17 227 
0 26 174 
0 9 228 
0 24 224 
0 5 152 
0 24 161 
0 22 224 
0 7 61 
0 8 179 
0 20 157 
0 5 122 
0 29 155 
0 13 135 
0 13 152 
0 9 274 
0 7 266 
0 0 178 
0 8 168 
0 6 134 
0 41 165 
0 24 141 
0 4 184 
0 33 182 
0 27 132 
0 53 205 
0 5 123 
0 1 300 
0 11 185 
0 22 234 
0 15 170 
0 28 204 
0 15 254 
0 27 264 
0 8 281 
0 27 237 
0 43 176 
0 6 183 
0 0 222 
0 9 202 
0 9 171 
0 16 175 
0 28 219 
0 11 253 
0 16 148 
0 3 161 
0 14 200 
0 6 183 
0 12 222 
0 7 248 
0 4 128 
0 10 170 
0 28 183 
0 25 140 
0 7 157 
0 18 171 
0 16 165 
0 32 218 
0 1 251 
0 13 149 
0 33 138 
0 20 173 
0 23 194 
0 32 165 
0 2 189 
0 12 225 
0 12 278 
0 16 197 
0 45 184 
0 19 198 
0 25 174 
0 20 147 
0 6 157 
0 9 128 
0 2 196 
0 7 240 
0 4 256 
0 6 277 
0 17 76 
0 28 139 
0 41 217 
0 8 122 
0 11 158 
0 40 189 
0 5 263 
0 39 152 
0 16 164 
0 29 106 
0 2 262 
0 20 170 
0 16 160 
0 5 169 
0 24 129 
0 9 238 
0 5 159 
0 16 143 
0 22 266 
0 4 162 
0 12 245 
0 21 113 
0 28 176 
0 29 176 
0 14 158 
0 0 166 
0 19 210 
0 41 164 
0 15 227 
0 18 178 
0 20 138 
0 6 251 
0 8 204 
0 5 239 
0 21 137 
0 24 120 
0 16 138 
0 19 150 
0 21 131 
0 28 147 
0 11 189 
0 4 181 
0 29 129 
0 18 144 
0 14 129 
0 15 128 
0 20 165 
0 36 201 
0 20 138 
0 4 165 
0 7 235 
0 1 214 
0 11 176 
0 2 131 
0 33 203 
0 38 93 
0 13 133 
0 28 118 
0 26 152 
0 19 185 
0 20 154 
0 1 126 
0 7 231 
0 3 167 
0 15 384 
0 18 207 
0 9 180 
0 13 175 
0 22 261 
0 19 206 
0 7 173 
0 12 208 
0 6 158 
0 11 152 
0 20 210 
0 3 186 
0 4 193 
0 1 156 
0 53 155 
0 17 195 
0 5 161 
0 14 154 
0 18 118 
0 10 181 
0 5 107 
0 4 193 
0 1 197 
0 2 191 
0 20 229 
0 21 223 
0 22 213 
0 11 194 
0 0 158 
0 14 180 
0 9 202 
0 13 276 
0 8 132 
0 24 270 
0 32 187 
0 3 181 
0 17 197 
0 1 102 
0 5 176 
0 21 118 
0 14 168 
0 23 259 
0 25 162 
0 3 87 
0 11 124 
0 0 244 
0 0 179 
0 14 166 
0 19 210 
0 10 205 
0 17 175 
0 42 186 
0 12 141 
0 20 145 
0 19 101 
0 9 287 
0 4 172 
0 10 168 
0 16 163 
0 3 217 
0 8 231 
0 10 179 
0 10 190 
0 27 145 
0 7 147 
0 21 218 
0 13 133 
0 28 115 
0 2 150 
0 20 244 
0 6 191 
0 44 188 
0 23 166 
0 6 139 
0 12 249 
0 18 184 
0 1 189 
0 15 126 
0 4 213 
0 26 99 
0 12 150 
0 4 266 
0 0 233 
0 7 264 
0 17 166 
0 18 181 
0 21 99 
0 9 221 
0 8 202 
0 21 224 
0 15 181 
0 12 207 
0 18 183 
0 14 211 
0 14 69 
0 18 140 
0 41 256 
0 5 216 
0 21 156 
0 12 171 
0 14 231 
0 20 124 
0 15 166 
0 11 179 
0 18 146 
0 16 131 
0 9 190 
0 35 184 
0 12 185 
0 25 184 
0 48 230 
0 2 137 
0 21 168 
0 39 181 
0 26 159 
0 17 177 
0 6 115 
0 10 168 
0 17 164 
0 3 290 
0 18 150 
0 39 121 
0 9 127 
0 14 163 
0 17 221 
0 13 179 
0 22 137 
0 5 139 
0 22 114 
0 15 139 
0 13 214 
0 19 188 
0 17 208 
0 3 153 
0 0 251 
0 19 298 
0 12 178 
0 3 179 
0 15 197 
0 28 164 
0 1 162 
0 6 106 
0 12 131 
0 4 203 
0 55 149 
0 11 109 
0 9 252 
0 2 99 
0 9 201 
0 5 197 
0 0 155 
0 20 318 
0 10 179 
0 16 142 
0 25 161 
0 41 178 
0 20 167 
0 9 176 
0 25 110 
0 8 182 
0 15 215 
0 4 159 
0 14 200 
0 3 200 
0 10 235 
0 14 243 
0 6 179 
0 28 144 
0 1 239 
0 5 129 
0 11 223 
0 39 170 
0 12 134 
0 16 254 
0 24 219 
0 17 173 
0 15 133 
0 13 257 
0 8 155 
0 60 149 
0 17 161 
0 31 199 
0 18 211 
0 7 174 
0 1 158 
0 11 175 
0 25 148 
0 1 199 
0 52 171 
0 0 130 
0 22 216 
0 11 279 
0 15 260 
0 20 169 
0 31 212 
0 41 213 
0 14 168 
0 20 227 
0 0 251 
0 8 149 
0 3 174 
0 34 146 
0 23 146 
0 8 155 
0 26 126 
0 3 187 
0 0 151 
0 4 255 
0 16 156 
0 9 148 
0 9 221 
0 24 157 
0 0 338 
0 3 172 
0 27 191 
0 19 225 
0 13 138 
0 17 173 
0 16 145 
0 31 175 
0 13 182 
0 10 131 
0 12 181 
0 12 223 
0 12 273 
0 0 168 
0 37 216 
0 5 181 
0 17 150 
0 46 223 
0 12 226 
0 12 169 
0 2 154 
0 32 171 
0 5 210 
0 25 188 
0 47 123 
0 14 196 
0 13 215 
0 49 106 
0 20 191 
0 8 217 
0 2 254 
0 0 149 
0 2 208 
0 17 156 
0 11 211 
0 34 183 
0 13 168 
0 7 141 
0 10 199 
0 13 216 
0 8 147 
0 15 189 
0 4 167 
0 15 151 
0 33 163 
0 10 174 
0 6 184 
0 11 236 
0 31 211 
0 39 192 
0 22 167 
0 17 313 
0 24 220 
0 27 100 
0 6 197 
0 11 217 
0 28 177 
0 19 211 
0 17 139 
0 19 223 
0 21 191 
0 16 99 
0 26 181 
0 23 134 
0 2 194 
0 10 237 
0 12 233 
0 9 148 
0 26 176 
0 10 225 
0 16 169 
0 7 214 
0 0 248 
0 2 217 
0 4 142 
0 10 159 
0 20 187 
0 8 183 
0 13 277 
0 28 112 
0 7 200 
0 8 184 
0 13 258 
0 15 193 
0 6 157 
0 4 168 
0 32 176 
0 15 163 
0 8 179 
0 1 156 
0 17 274 
0 25 231 
0 16 147 
0 11 254 
0 34 144 
0 1 115 
0 23 238 
0 10 179 
0 9 175 
0 8 206 
0 16 152 
0 20 126 
0 20 210 
0 12 167 
0 12 302 
0 32 161 
0 5 202 
0 36 134 
0 17 232 
0 7 187 
0 6 165 
0 1 194 
0 0 120 
0 10 133 
0 5 177 
0 13 189 
0 13 140 
0 13 181 
0 6 127 
0 30 265 
0 14 98 
0 45 148 
0 2 132 
0 24 130 
0 22 239 
0 19 156 
0 6 113 
0 6 121 
0 12 188 
0 2 288 
0 14 196 
0 13 159 
0 13 267 
0 3 129 
0 15 115 
0 15 175 
0 6 191 
0 19 211 
0 13 132 
0 12 202 
0 33 166 
0 12 113 
0 31 186 
0 18 228 
0 20 144 
0 10 229 
0 22 86 
0 31 126 
0 21 174 
0 48 198 
0 2 160 
0 15 202 
0 33 185 
0 7 216 
0 14 136 
0 59 164 
0 5 180 
0 15 216 
0 22 159 
0 3 121 
0 7 116 
0 5 164 
0 2 173 
0 21 186 
0 43 143 
0 1 175 
0 22 189 
0 26 166 
0 2 170 
0 13 232 
0 20 152 
0 3 286 
0 0 172 
0 2 197 
0 21 134 
0 17 146 
0 8 173 
0 1 297 
0 5 105 
0 22 184 
0 13 188 
0 28 206 
0 20 184 
0 9 152 
0 19 185 
0 11 183 
0 27 214 
0 19 98 
0 0 296 
0 4 151 
0 18 158 
0 6 163 
0 0 202 
0 12 166 
0 8 242 
0 20 116 
0 13 199 
0 29 207 
0 17 184 
0 14 261 
0 14 137 
0 6 178 
0 1 107 
0 12 262 
0 8 116 
0 15 141 
0 7 171 
0 15 209 
0 39 172 
0 23 142 
0 3 174 
0 6 164 
0 14 260 
0 12 143 
0 15 173 
0 14 219 
0 7 173 
0 15 224 
0 5 172 
0 8 222 
0 9 260 
0 3 243 
0 9 136 
0 16 180 
0 0 156 
0 0 203 
0 6 175 
0 19 128 
0 16 269 
0 18 258 
0 21 176 
0 43 145 
0 28 172 
0 16 235 
0 44 119 
0 22 193 
0 18 142 
0 32 200 
0 14 255 
0 17 208 
0 17 237 
0 21 203 
0 9 191 
0 14 122 
0 12 174 
0 18 209 
0 19 179 
0 0 237 
0 1 343 
0 5 196 
0 7 194 
0 29 130 
0 27 313 
0 14 145 
0 4 244 
0 0 168 
0 17 120 
0 30 156 
0 36 167 
0 15 242 
0 17 205 
0 35 208 
0 13 166 
0 8 198 
0 2 160 
0 19 291 
0 25 153 
0 37 163 
0 21 160 
