11 66 147 72 14 
24 26 176 100 0 
4 75 127 48 0 
3 103 166 22 0 
3 63 206 32 0 
2 12 163 54 1 
5 50 176 26 0 
2 71 182 114 0 
10 83 159 90 0 
7 109 110 72 3 
9 78 174 32 0 
15 75 136 15 0 
11 24 225 120 43 
9 55 159 58 15 
14 45 132 59 0 
2 208 270 43 0 
6 85 83 53 0 
5 223 132 64 25 
4 17 132 204 0 
1 39 241 50 0 
5 33 324 45 9 
1 48 209 11 0 
11 30 196 135 0 
6 47 167 29 0 
9 93 178 53 0 
20 45 113 24 0 
8 166 180 147 0 
4 75 82 97 0 
31 47 55 94 0 
14 60 125 134 0 
0 45 141 64 0 
12 91 154 155 0 
8 14 126 42 0 
2 6 149 152 5 
7 61 169 21 0 
5 43 203 49 0 
11 74 384 89 0 
1 127 108 115 0 
0 80 272 34 0 
19 62 273 171 0 
5 9 321 154 47 
12 123 106 184 0 
21 27 150 47 3 
1 71 92 144 0 
9 67 103 51 0 
62 18 159 114 0 
16 47 155 58 0 
4 105 145 134 0 
5 110 190 36 0 
8 50 251 13 4 
60 96 201 29 0 
19 95 111 179 11 
21 22 274 126 1 
2 86 150 120 41 
6 49 145 18 0 
7 26 168 66 0 
0 83 178 139 39 
3 56 200 59 0 
52 93 103 274 1 
2 49 106 43 0 
3 53 269 66 0 
16 118 251 25 9 
3 85 138 282 39 
3 155 162 73 0 
14 55 155 72 0 
0 129 104 178 0 
8 57 164 111 1 
24 39 106 53 0 
4 123 108 10 0 
9 110 262 96 0 
20 20 230 41 1 
6 35 365 3 0 
24 49 127 105 0 
5 9 123 21 0 
16 116 105 122 0 
1 22 212 64 0 
25 46 168 84 0 
22 19 181 85 30 
7 51 251 26 0 
0 40 308 41 0 
5 69 135 163 1 
11 39 141 14 4 
45 74 352 71 1 
7 80 232 32 0 
11 70 93 35 14 
0 56 84 60 15 
3 53 133 325 0 
1 45 221 10 7 
8 32 186 39 0 
0 165 48 35 1 
6 48 196 24 1 
1 115 91 87 0 
5 119 112 29 0 
15 39 98 56 0 
2 33 174 73 0 
11 109 147 34 0 
4 70 123 59 3 
8 62 96 2 1 
8 43 259 67 0 
1 63 148 48 0 
45 17 161 30 0 
8 56 145 63 0 
0 210 166 19 0 
3 77 188 5 25 
13 59 259 80 0 
41 61 68 10 0 
16 5 82 113 0 
24 170 196 66 0 
0 50 219 14 20 
13 94 197 58 0 
6 59 283 11 0 
10 66 228 61 0 
8 86 158 28 0 
4 93 150 28 1 
11 84 147 104 0 
7 28 234 48 0 
9 3 187 320 0 
5 13 198 83 0 
2 57 252 55 0 
0 82 133 148 0 
7 255 175 32 26 
21 145 96 51 20 
17 76 230 18 0 
12 101 117 35 0 
5 106 168 33 0 
27 98 119 56 0 
28 55 169 83 1 
0 27 180 6 0 
62 44 215 86 0 
1 123 210 89 3 
2 128 165 40 0 
21 45 382 226 0 
6 23 129 120 11 
3 59 276 167 0 
2 21 174 145 0 
1 262 112 8 3 
9 34 196 93 0 
1 227 148 54 1 
7 41 152 76 0 
19 33 134 78 16 
1 126 90 64 0 
3 79 87 72 0 
8 105 250 21 0 
12 92 169 76 0 
5 40 193 80 3 
5 51 238 38 0 
3 76 157 6 35 
6 8 106 122 44 
8 58 148 8 0 
4 76 121 200 0 
44 44 155 155 9 
8 57 134 120 1 
1 83 140 143 0 
16 101 111 34 1 
2 3 274 10 0 
18 60 306 63 0 
0 73 156 77 0 
7 79 57 73 0 
23 70 152 13 0 
3 20 183 24 5 
5 36 131 136 0 
15 53 48 234 0 
9 50 203 55 0 
10 87 164 74 0 
7 101 120 103 11 
3 68 202 122 18 
8 25 156 91 1 
17 53 162 26 0 
2 93 77 11 0 
5 84 190 43 0 
6 74 126 85 6 
1 20 65 15 1 
2 50 147 49 0 
7 40 119 123 9 
2 37 162 241 9 
37 5 175 146 0 
0 19 215 104 0 
8 13 223 17 106 
7 37 120 97 20 
1 29 129 49 0 
4 22 252 86 0 
1 94 181 22 0 
46 43 122 80 4 
1 37 119 90 1 
15 75 130 115 0 
20 34 275 69 0 
9 47 193 158 0 
3 132 107 158 1 
29 150 92 86 2 
5 49 84 42 0 
0 173 146 8 0 
5 101 193 18 0 
7 43 86 63 0 
2 85 92 69 0 
3 13 92 109 0 
3 179 78 119 0 
3 82 313 47 0 
48 55 133 30 0 
10 151 171 57 0 
18 89 436 34 0 
45 84 152 66 0 
13 180 77 76 0 
11 50 117 51 20 
9 59 157 186 0 
1 170 116 22 1 
5 40 145 128 0 
1 65 70 307 0 
19 19 129 80 17 
35 36 290 114 0 
22 163 62 138 9 
8 59 193 75 0 
1 48 95 64 0 
18 14 128 238 0 
30 157 175 36 0 
10 105 171 33 0 
2 101 145 48 0 
12 27 149 18 0 
11 100 140 118 26 
23 82 84 151 4 
0 25 61 52 0 
0 4 108 223 0 
10 118 123 63 1 
5 91 111 27 89 
3 116 154 49 0 
8 71 210 72 0 
26 155 166 86 1 
0 63 89 112 0 
72 102 145 32 0 
56 102 204 37 0 
1 110 110 8 1 
90 64 96 65 1 
15 36 62 27 1 
40 10 117 30 7 
8 80 117 98 1 
1 68 128 133 0 
3 133 205 24 6 
11 56 131 129 0 
9 26 101 24 0 
0 23 211 137 0 
18 102 214 32 8 
8 69 278 67 0 
3 59 116 85 0 
2 21 102 123 0 
6 70 111 24 4 
15 96 194 138 0 
3 83 140 136 0 
30 25 178 54 0 
32 97 57 170 3 
1 23 123 99 1 
3 142 287 61 0 
36 36 100 86 21 
14 126 185 35 0 
9 75 208 162 0 
21 19 121 147 0 
5 95 158 112 1 
1 86 101 112 4 
5 34 132 59 0 
16 51 210 40 4 
1 120 254 55 0 
33 149 147 149 22 
6 76 208 27 0 
6 100 53 48 0 
8 34 52 135 0 
6 80 119 37 0 
5 104 42 127 0 
12 21 119 71 10 
4 46 136 39 0 
19 40 47 58 10 
12 82 45 141 2 
13 47 259 61 1 
1 17 194 54 6 
12 47 174 62 0 
10 79 135 24 1 
18 99 232 31 0 
8 84 182 29 0 
7 42 127 24 1 
21 54 192 189 1 
1 11 356 22 0 
2 85 150 175 29 
18 59 114 81 8 
1 227 165 124 0 
23 36 161 54 0 
3 43 155 144 28 
12 73 172 95 14 
9 27 76 127 0 
14 61 171 80 0 
46 125 202 14 8 
22 80 114 28 0 
9 95 49 78 0 
23 9 218 18 13 
14 130 88 83 3 
2 46 168 78 1 
30 12 94 15 0 
6 35 255 31 0 
19 77 148 53 1 
8 87 324 137 19 
2 10 175 37 1 
69 56 173 48 0 
1 13 54 20 0 
3 99 150 133 0 
0 45 186 54 0 
7 34 114 123 29 
0 179 111 104 0 
0 28 78 56 59 
10 89 254 162 11 
2 279 161 48 0 
9 83 237 163 0 
3 46 89 49 5 
28 118 165 71 3 
5 99 151 79 0 
24 71 276 5 1 
10 131 161 95 1 
1 57 207 74 0 
2 48 207 52 36 
6 36 96 108 23 
1 111 95 74 1 
11 33 257 208 3 
4 67 149 223 0 
13 36 102 50 0 
18 28 206 227 3 
7 20 119 29 0 
62 304 163 7 83 
21 103 97 63 0 
39 62 120 148 0 
24 43 116 28 0 
26 31 135 75 0 
27 63 67 115 0 
14 60 153 140 0 
58 193 126 32 0 
1 56 283 22 0 
0 104 229 31 0 
3 81 116 26 0 
13 160 81 23 0 
2 98 135 191 4 
15 26 179 61 0 
1 101 100 29 1 
8 60 169 38 0 
0 81 193 79 19 
1 226 118 59 0 
5 160 137 3 0 
17 68 172 61 0 
23 19 60 126 8 
1 47 156 77 17 
12 18 305 104 0 
18 115 130 137 3 
1 36 191 71 0 
1 24 154 76 19 
1 48 106 122 0 
10 18 221 63 0 
13 7 121 38 14 
12 125 200 38 0 
15 60 108 125 0 
9 21 128 67 0 
0 108 109 96 0 
10 99 184 92 1 
8 36 122 33 0 
3 17 197 261 0 
2 21 219 56 0 
6 75 109 151 0 
7 71 180 71 0 
11 87 212 32 0 
16 103 85 70 0 
23 69 150 31 1 
0 88 302 64 5 
45 44 132 146 11 
16 34 209 64 10 
18 180 268 124 0 
16 31 94 103 0 
8 190 231 15 1 
25 48 155 79 4 
2 95 200 68 0 
2 123 104 82 0 
25 65 313 37 0 
4 61 146 44 0 
26 48 103 33 73 
0 2 183 77 0 
18 97 138 246 1 
7 157 108 174 0 
4 248 280 47 5 
2 63 168 65 22 
20 92 183 61 0 
3 80 239 42 0 
0 96 148 141 0 
1 129 262 35 0 
15 39 107 114 0 
7 48 109 176 0 
15 91 126 244 0 
5 42 116 24 0 
2 102 119 40 14 
12 63 130 76 0 
15 49 206 62 23 
4 15 48 20 25 
5 35 54 224 0 
5 52 243 48 0 
12 135 124 40 0 
2 173 174 180 0 
4 62 278 69 3 
12 33 166 125 0 
0 21 188 63 1 
2 7 88 157 0 
0 43 137 85 9 
0 118 48 115 0 
4 59 95 89 1 
4 25 187 115 1 
2 66 163 63 21 
1 33 252 62 21 
33 39 210 271 0 
0 23 125 52 0 
11 110 125 76 0 
0 79 334 33 18 
3 13 139 86 0 
14 58 143 248 0 
7 38 123 28 1 
13 35 62 63 4 
7 153 33 92 0 
9 28 180 159 50 
67 14 158 76 0 
6 101 243 48 0 
15 79 179 98 0 
0 14 194 100 12 
4 51 177 35 0 
10 22 114 79 12 
29 205 143 67 0 
5 149 165 49 5 
2 71 217 23 0 
8 25 200 45 3 
1 65 209 48 0 
26 63 183 66 0 
1 41 145 56 0 
7 57 100 83 41 
6 81 153 57 22 
13 29 84 47 0 
10 116 81 96 0 
0 25 75 150 1 
11 122 93 207 0 
9 129 109 42 0 
1 17 63 18 0 
16 19 222 44 0 
2 57 219 112 0 
30 98 228 54 0 
25 74 112 104 0 
5 96 139 70 0 
11 42 117 168 31 
3 31 130 15 0 
23 62 134 119 0 
3 60 147 13 0 
5 126 292 5 6 
35 113 52 18 0 
3 69 123 57 0 
0 43 183 48 0 
9 146 199 55 0 
13 31 152 40 0 
9 64 112 55 0 
11 76 120 7 0 
9 4 194 77 0 
1 102 341 100 0 
6 77 277 134 0 
12 40 137 77 0 
62 52 192 86 0 
1 30 162 76 0 
5 56 207 82 3 
10 76 66 21 0 
10 55 218 10 124 
20 96 86 17 0 
17 140 150 274 1 
14 85 119 32 0 
0 47 217 32 0 
12 82 130 174 0 
4 28 136 185 0 
33 9 185 51 0 
1 87 54 61 0 
8 66 183 79 0 
9 20 146 46 0 
15 62 134 94 0 
19 25 256 195 0 
3 209 157 70 0 
8 73 131 28 0 
0 0 245 222 0 
30 174 185 1 0 
0 67 158 180 0 
1 49 260 124 0 
29 9 142 31 6 
41 36 124 28 0 
4 86 246 24 29 
30 39 144 36 0 
18 54 139 122 0 
1 44 209 30 0 
8 96 27 81 0 
5 189 236 64 0 
59 126 107 87 0 
10 10 85 214 78 
14 130 178 10 0 
9 36 173 63 20 
3 9 152 70 0 
8 209 240 54 0 
12 123 173 81 3 
5 47 207 156 0 
21 9 133 45 0 
19 138 163 167 0 
30 80 174 40 0 
0 33 139 14 5 
18 90 130 58 0 
29 56 124 24 0 
22 99 107 66 0 
1 24 251 205 7 
15 84 94 23 0 
0 67 66 71 0 
31 79 112 60 3 
0 8 133 48 0 
23 62 105 84 3 
13 82 326 10 0 
6 69 143 44 0 
6 46 107 201 0 
12 50 448 160 0 
26 33 335 87 0 
52 30 89 134 0 
1 66 152 46 0 
0 10 417 60 0 
1 54 179 94 0 
3 87 138 23 0 
3 41 108 39 19 
4 118 73 90 7 
19 38 359 106 0 
4 21 86 22 0 
25 46 132 36 0 
13 54 159 36 0 
16 69 173 138 0 
13 97 86 81 0 
12 4 168 144 15 
7 12 110 78 0 
8 3 198 60 1 
0 91 171 47 0 
2 9 198 47 107 
2 28 114 149 0 
3 79 141 20 0 
9 101 176 86 0 
4 2 162 119 0 
2 161 166 60 15 
10 38 207 60 0 
5 64 124 38 0 
13 64 122 16 0 
0 21 355 23 0 
8 121 206 42 0 
10 40 79 75 0 
27 47 239 58 0 
13 61 61 28 10 
44 79 101 38 0 
10 95 141 98 0 
8 54 107 35 0 
8 75 300 34 0 
0 247 140 69 0 
5 34 96 103 0 
3 58 115 189 30 
7 58 59 61 0 
16 58 190 80 68 
2 68 71 33 0 
12 61 84 69 0 
1 110 278 63 0 
8 87 209 111 0 
10 80 124 49 0 
2 68 23 157 0 
8 134 89 107 0 
4 54 131 145 2 
43 77 96 22 0 
19 91 162 21 0 
10 41 104 158 7 
0 138 169 77 0 
6 36 79 54 8 
4 60 149 60 0 
13 17 303 41 6 
12 376 37 150 0 
40 83 124 78 0 
0 10 76 221 0 
3 29 173 39 16 
14 30 208 279 0 
16 37 79 48 0 
2 69 134 72 7 
16 90 147 220 0 
13 68 151 12 0 
7 94 125 59 7 
1 136 128 79 0 
17 49 108 109 17 
0 98 80 33 0 
15 91 108 195 0 
0 71 236 57 0 
4 18 279 37 5 
2 70 156 135 10 
14 39 189 113 8 
18 18 285 79 0 
22 65 150 26 1 
2 106 262 25 0 
2 110 135 123 0 
3 70 229 215 0 
21 71 253 28 0 
8 73 74 40 0 
4 6 119 50 0 
17 92 67 37 8 
33 16 117 27 0 
11 43 177 90 0 
5 113 152 112 11 
23 63 204 151 0 
1 212 192 41 1 
0 91 47 102 13 
2 91 265 24 12 
3 30 176 32 0 
7 37 114 151 0 
1 27 84 15 5 
12 54 246 2 0 
7 91 223 40 0 
2 114 231 17 1 
17 105 238 268 0 
13 57 98 79 0 
13 20 197 82 0 
15 85 138 46 9 
2 89 341 36 0 
8 47 172 41 0 
0 73 209 121 26 
21 53 89 12 14 
12 267 103 44 0 
4 69 293 30 11 
2 74 194 86 0 
6 15 101 6 0 
31 173 105 13 0 
32 46 74 13 0 
5 7 126 174 0 
23 125 148 135 0 
5 81 127 7 0 
23 143 124 12 1 
22 29 134 102 0 
1 35 126 65 0 
1 202 142 92 0 
58 92 149 23 0 
2 84 312 37 0 
12 67 195 29 0 
1 94 92 32 3 
5 32 243 74 2 
8 33 153 31 0 
20 17 149 129 0 
5 158 130 45 0 
8 122 182 66 0 
13 108 176 46 0 
28 166 98 55 53 
1 44 128 185 0 
11 146 211 41 0 
45 8 184 31 0 
17 89 198 37 0 
0 13 41 105 0 
4 102 155 41 1 
3 53 185 152 0 
18 86 106 60 0 
11 68 111 15 0 
1 50 263 162 7 
3 79 98 85 0 
25 64 164 21 0 
3 103 338 175 9 
4 109 49 110 0 
25 118 137 94 0 
18 79 134 53 1 
11 25 128 104 32 
2 56 66 196 0 
5 94 112 84 13 
9 86 110 129 0 
0 51 49 72 1 
12 50 350 57 0 
28 99 102 104 7 
0 56 165 70 69 
0 15 129 39 38 
8 112 149 114 0 
5 126 206 80 8 
21 124 346 24 9 
2 65 142 72 0 
18 118 79 23 9 
3 36 132 115 11 
14 86 151 209 1 
1 48 79 94 0 
4 63 133 60 0 
17 18 91 40 56 
19 63 198 34 21 
6 33 186 56 1 
7 48 158 103 0 
3 6 180 178 1 
38 16 221 52 0 
13 40 157 37 1 
20 44 369 65 1 
2 68 110 90 0 
8 274 138 27 0 
5 19 141 64 0 
11 48 82 19 0 
1 43 130 61 0 
0 52 108 74 48 
1 42 56 149 0 
23 174 176 47 0 
30 57 105 105 0 
2 178 132 39 0 
18 23 87 217 1 
7 17 310 60 0 
2 102 38 42 0 
0 57 184 121 0 
24 50 55 89 0 
11 92 192 97 0 
8 68 82 99 45 
7 36 67 59 0 
16 87 84 212 0 
10 55 116 24 0 
2 62 144 15 0 
0 22 235 70 0 
9 70 114 29 0 
3 94 135 118 0 
1 84 108 247 0 
13 126 199 63 1 
18 13 60 31 0 
62 84 178 126 0 
4 43 280 144 1 
51 38 119 33 0 
9 192 87 11 0 
8 98 208 92 0 
5 55 84 111 0 
2 45 146 166 0 
7 46 144 89 0 
15 127 175 65 2 
3 106 96 56 0 
1 156 98 84 0 
11 20 205 102 22 
37 64 114 22 2 
10 102 172 49 0 
16 76 136 59 0 
11 266 164 44 0 
2 106 258 82 0 
25 40 200 59 0 
48 48 112 78 0 
29 38 310 11 0 
22 118 96 146 0 
28 106 226 22 0 
2 63 201 52 0 
29 17 220 50 0 
5 38 212 32 0 
12 43 115 64 8 
47 11 78 86 0 
5 38 204 57 13 
1 147 92 20 1 
9 127 138 85 0 
14 83 142 96 22 
42 125 72 11 0 
2 64 103 111 0 
5 61 277 59 19 
25 127 76 65 10 
0 98 127 11 0 
20 44 72 44 10 
45 45 193 69 12 
19 66 96 166 0 
10 9 166 280 29 
0 55 201 188 14 
20 214 73 50 24 
5 139 193 47 0 
5 83 92 122 0 
1 53 175 101 0 
4 116 190 15 0 
80 111 202 11 0 
4 132 110 87 0 
86 146 142 36 0 
43 84 187 106 0 
13 117 73 94 0 
34 63 120 0 0 
2 75 238 14 0 
25 152 152 32 1 
16 31 26 12 1 
23 115 135 46 0 
5 92 357 116 0 
2 151 146 103 0 
3 54 83 43 0 
4 70 171 96 0 
0 73 257 31 1 
3 98 210 24 43 
5 21 145 152 0 
18 56 86 121 0 
0 131 100 74 0 
9 69 114 83 0 
10 256 153 10 0 
0 48 232 32 0 
10 32 154 96 0 
18 58 172 30 0 
28 81 203 102 0 
1 113 315 21 3 
17 64 101 117 0 
65 79 109 97 9 
6 42 228 126 0 
19 114 136 36 19 
9 62 187 82 3 
21 59 167 16 0 
7 46 196 104 0 
17 42 153 45 0 
0 37 63 164 37 
15 61 145 203 0 
8 69 92 64 0 
6 81 124 53 0 
36 75 100 195 0 
15 121 162 24 0 
4 125 133 16 1 
0 119 213 113 0 
3 21 234 97 0 
9 105 76 114 0 
57 31 152 26 0 
30 57 127 36 0 
15 82 43 87 10 
16 19 237 25 0 
8 168 221 32 0 
15 84 128 35 0 
1 129 150 72 0 
13 141 86 38 69 
51 38 170 56 4 
69 37 71 32 0 
1 144 171 78 32 
24 216 102 57 0 
4 38 194 11 0 
18 39 199 68 22 
1 165 159 13 0 
2 55 101 256 1 
14 85 127 157 0 
14 125 125 121 59 
5 60 213 17 93 
51 98 137 80 8 
7 28 137 48 4 
2 39 142 73 0 
26 25 174 40 0 
29 64 125 6 0 
19 107 105 40 0 
2 104 119 110 34 
11 16 163 112 0 
17 118 119 64 1 
13 45 79 45 0 
25 28 63 194 6 
8 89 133 208 0 
2 69 123 105 0 
1 71 178 92 0 
0 68 312 74 0 
6 78 112 30 0 
2 46 218 73 0 
1 31 134 97 1 
0 104 137 72 0 
2 132 100 91 14 
0 91 139 21 0 
15 127 88 29 8 
1 53 223 151 7 
0 67 174 21 0 
34 47 68 38 8 
2 93 140 101 14 
2 34 104 102 0 
7 58 258 38 19 
4 58 185 68 0 
8 90 268 33 0 
3 61 129 185 1 
4 77 195 72 7 
2 30 174 65 9 
1 69 115 79 0 
12 60 124 81 0 
13 87 112 84 0 
0 35 317 24 0 
5 97 266 115 0 
1 34 131 38 3 
4 44 192 29 7 
37 100 238 43 0 
0 199 150 109 46 
3 114 94 29 0 
14 72 170 56 0 
36 48 60 39 0 
7 20 258 62 0 
14 14 207 24 16 
2 18 197 14 1 
6 27 94 200 2 
8 49 240 108 0 
0 39 209 121 0 
1 83 155 155 0 
11 67 136 7 0 
30 73 111 181 0 
2 77 97 25 39 
34 37 136 113 1 
4 100 175 60 8 
50 55 44 57 1 
19 131 140 37 0 
16 112 84 102 0 
7 126 213 132 0 
50 164 107 104 11 
30 41 122 24 5 
7 60 315 82 9 
16 105 166 122 0 
4 119 100 45 0 
8 70 197 46 0 
22 83 109 64 1 
3 71 60 96 1 
2 87 155 205 0 
13 97 109 87 17 
4 134 170 43 0 
85 23 191 13 0 
29 50 100 90 0 
4 21 126 41 0 
0 61 204 105 30 
5 211 199 57 5 
15 107 148 65 34 
26 72 123 23 0 
22 77 154 35 0 
3 63 203 105 11 
1 40 87 138 0 
30 60 159 36 0 
4 45 179 116 1 
8 69 204 216 99 
21 280 76 31 1 
10 160 244 81 126 
2 29 120 44 68 
7 29 142 138 0 
2 71 177 20 139 
14 108 111 128 0 
13 84 181 40 0 
0 77 130 64 1 
9 72 205 120 4 
0 46 267 38 10 
3 37 158 16 0 
15 86 164 116 0 
2 152 96 65 0 
8 74 156 148 1 
2 39 104 31 0 
1 49 100 73 1 
26 16 429 131 1 
24 88 145 227 0 
11 83 125 78 0 
14 66 135 22 0 
2 38 157 106 0 
6 73 159 55 29 
15 50 39 48 0 
8 50 216 47 0 
17 23 228 46 1 
1 93 235 70 0 
8 57 205 114 4 
21 46 148 65 0 
12 58 99 53 17 
22 42 143 29 6 
12 47 134 59 34 
1 104 133 48 1 
9 167 266 53 0 
6 35 132 44 0 
3 72 154 71 0 
8 121 55 82 218 
15 61 125 89 0 
0 83 107 133 0 
3 36 218 105 0 
2 161 152 41 0 
10 58 389 20 11 
9 86 218 68 0 
3 69 136 77 0 
14 96 100 105 0 
33 18 298 25 0 
6 26 77 59 0 
2 59 120 48 4 
5 120 102 40 0 
5 36 195 42 3 
8 46 97 23 1 
2 26 173 86 1 
1 15 87 262 0 
3 215 102 54 0 
12 61 92 143 12 
0 225 105 45 0 
20 42 177 67 0 
0 25 96 79 0 
17 130 119 73 12 
7 39 112 54 0 
19 65 105 36 0 
7 29 188 44 28 
5 30 259 16 6 
0 44 136 39 0 
20 149 259 24 0 
8 31 128 18 0 
2 88 144 9 0 
16 79 153 17 2 
6 68 197 72 0 
5 104 113 45 152 
3 31 153 89 33 
1 41 246 90 9 
13 63 146 14 0 
10 125 102 42 0 
13 128 97 56 2 
5 53 212 158 0 
33 117 230 55 0 
1 76 148 101 0 
5 71 160 63 0 
1 34 149 53 10 
39 31 191 86 0 
3 60 174 77 15 
0 57 118 129 0 
76 51 151 114 1 
1 21 146 28 0 
17 106 124 45 0 
11 58 176 155 0 
11 71 183 27 0 
0 36 113 44 31 
1 30 226 297 0 
0 126 101 82 5 
15 84 321 217 0 
18 88 99 13 0 
28 89 207 30 0 
45 38 102 68 0 
11 51 202 80 0 
