0 48 103 
0 25 87 
0 31 151 
0 18 122 
0 16 67 
0 21 81 
0 47 80 
0 11 66 
0 28 64 
0 8 154 
0 13 98 
0 19 64 
0 45 125 
0 13 84 
0 43 117 
0 25 147 
0 25 109 
0 35 59 
0 5 90 
0 31 125 
0 36 40 
0 41 94 
0 39 51 
0 54 117 
0 38 38 
0 21 66 
0 60 124 
0 47 50 
0 52 82 
0 33 76 
0 37 47 
0 10 126 
0 34 79 
0 37 83 
0 33 143 
0 24 71 
0 26 54 
0 22 74 
0 10 137 
0 24 132 
0 37 53 
0 20 127 
0 18 57 
0 9 167 
0 29 74 
0 47 53 
0 55 53 
0 19 79 
0 40 62 
0 15 74 
0 25 87 
0 20 63 
0 47 36 
0 25 117 
0 67 82 
0 19 73 
0 33 127 
0 11 140 
0 36 65 
0 49 46 
0 30 118 
0 21 159 
0 49 117 
0 13 95 
0 32 155 
0 47 90 
0 11 56 
0 33 96 
0 19 49 
0 11 98 
0 21 199 
0 51 35 
0 62 93 
0 36 127 
0 3 77 
0 20 138 
0 20 91 
0 4 13 
0 10 160 
0 43 100 
0 17 57 
0 69 126 
0 19 147 
0 17 43 
0 11 60 
0 16 85 
0 36 65 
0 39 95 
0 8 136 
0 20 87 
0 43 52 
0 65 112 
0 41 37 
0 26 90 
0 10 28 
0 21 250 
0 30 78 
0 10 65 
0 5 100 
0 40 52 
0 47 91 
0 12 93 
0 11 78 
0 31 110 
0 14 80 
0 33 107 
0 25 57 
0 9 44 
0 36 78 
0 19 117 
0 34 94 
0 30 68 
0 37 44 
0 37 73 
0 19 86 
0 11 69 
0 15 151 
0 35 84 
0 7 76 
0 44 86 
0 39 96 
0 3 138 
0 38 73 
0 33 151 
0 46 127 
0 31 109 
0 35 62 
0 31 84 
0 20 107 
0 22 62 
0 16 86 
0 35 48 
0 31 91 
0 61 89 
0 33 112 
0 28 73 
0 9 95 
0 47 103 
0 18 94 
0 15 29 
0 21 78 
0 18 109 
0 17 79 
0 15 74 
0 24 106 
0 6 80 
0 15 226 
0 44 124 
0 18 96 
0 39 26 
0 43 49 
0 8 121 
0 30 118 
0 14 99 
0 20 153 
0 44 111 
0 30 112 
0 19 44 
0 2 107 
0 16 125 
0 18 101 
0 26 102 
0 15 136 
0 27 133 
0 41 52 
0 33 78 
0 50 84 
0 33 46 
0 23 137 
0 16 63 
0 13 89 
0 50 66 
0 20 140 
0 38 31 
0 41 94 
0 35 34 
0 13 117 
0 32 64 
0 26 61 
0 47 118 
0 13 87 
0 12 60 
0 45 85 
0 38 66 
0 21 69 
0 9 76 
0 24 155 
0 7 184 
0 35 87 
0 27 40 
0 20 54 
0 24 87 
0 6 95 
0 33 51 
0 6 103 
0 30 82 
0 34 61 
0 33 121 
0 26 124 
0 17 71 
0 51 103 
0 30 168 
0 20 33 
0 37 90 
0 21 104 
0 14 119 
0 49 91 
0 71 35 
0 14 97 
0 35 58 
0 51 121 
0 17 131 
0 16 103 
0 34 96 
0 25 81 
0 54 63 
0 37 72 
0 17 52 
0 36 99 
0 49 57 
0 2 272 
0 44 83 
0 26 79 
0 3 79 
0 25 115 
0 44 60 
0 14 75 
0 60 66 
0 24 73 
0 65 57 
0 44 168 
0 29 72 
0 28 58 
0 8 138 
0 20 95 
0 40 161 
0 60 96 
0 24 67 
0 14 80 
0 18 41 
0 25 118 
0 32 107 
0 38 130 
0 14 96 
0 26 103 
0 5 42 
0 21 24 
0 52 49 
0 5 96 
0 54 135 
0 40 59 
0 33 101 
0 22 109 
0 21 98 
0 17 103 
0 22 82 
0 40 120 
0 26 78 
0 62 68 
0 12 93 
0 24 112 
0 23 88 
0 34 87 
0 29 93 
0 77 135 
0 46 60 
0 25 177 
0 30 84 
0 11 63 
0 39 115 
0 22 69 
0 21 97 
0 39 107 
0 57 49 
0 34 97 
0 24 98 
0 29 22 
0 8 97 
0 58 82 
0 17 96 
0 18 139 
0 28 100 
0 14 86 
0 19 218 
0 31 126 
0 57 65 
0 34 80 
0 21 183 
0 34 71 
0 48 52 
0 38 58 
0 27 97 
0 37 95 
0 27 132 
0 49 57 
0 10 67 
0 24 71 
0 29 70 
0 40 74 
0 44 109 
0 14 92 
0 2 103 
0 36 44 
0 28 83 
0 9 50 
0 12 86 
0 37 90 
0 38 87 
0 30 95 
0 23 21 
0 26 74 
0 33 118 
0 37 121 
0 46 91 
0 12 67 
0 19 86 
0 21 61 
0 11 44 
0 20 83 
0 30 77 
0 27 125 
0 47 107 
0 52 134 
0 31 85 
0 32 67 
0 24 75 
0 19 131 
0 32 57 
0 24 50 
0 21 35 
0 41 118 
0 28 87 
0 28 66 
0 13 92 
0 23 60 
0 24 77 
0 11 64 
0 16 107 
0 22 206 
0 17 119 
0 26 75 
0 24 83 
0 52 84 
0 29 103 
0 32 70 
0 11 96 
0 31 64 
0 20 94 
0 43 108 
0 13 181 
0 26 164 
0 18 131 
0 20 95 
0 30 117 
0 27 83 
0 25 85 
0 33 64 
0 28 56 
0 32 78 
0 12 78 
0 24 59 
0 27 162 
0 23 95 
0 9 38 
0 39 142 
0 18 120 
0 53 100 
0 25 36 
0 50 81 
0 9 183 
0 25 96 
0 10 105 
0 42 59 
0 17 79 
0 27 91 
0 17 109 
0 23 72 
0 14 104 
0 17 92 
0 52 85 
0 9 90 
0 35 224 
0 20 43 
0 18 32 
0 68 117 
0 34 132 
0 51 100 
0 42 146 
0 59 183 
0 27 59 
0 32 82 
0 35 131 
0 18 166 
0 11 123 
0 21 99 
0 7 165 
0 32 193 
0 8 150 
0 28 144 
0 28 51 
0 16 61 
0 6 82 
0 19 112 
0 31 69 
0 67 107 
0 43 99 
0 36 100 
0 33 86 
0 10 152 
0 10 142 
0 22 101 
0 20 138 
0 49 75 
0 23 80 
0 28 100 
0 20 111 
0 42 102 
0 45 85 
0 19 89 
0 25 72 
0 25 86 
0 41 149 
0 9 92 
0 25 104 
0 9 154 
0 19 136 
0 42 30 
0 28 138 
0 20 139 
0 22 192 
0 23 59 
0 14 77 
0 8 92 
0 20 217 
0 35 63 
0 9 105 
0 7 65 
0 31 126 
0 16 83 
0 27 79 
0 44 38 
0 33 128 
0 23 62 
0 17 60 
0 2 109 
0 14 53 
0 27 59 
0 20 38 
0 31 108 
0 8 167 
0 33 81 
0 31 50 
0 25 103 
0 9 94 
0 22 126 
0 12 108 
0 18 70 
0 43 94 
0 23 31 
0 22 72 
0 5 78 
0 18 93 
0 64 64 
0 6 144 
0 60 84 
0 27 105 
0 50 29 
0 18 61 
0 16 78 
0 31 74 
0 52 120 
0 21 46 
0 61 70 
0 34 102 
0 10 91 
0 18 99 
0 34 67 
0 44 86 
0 39 161 
0 44 72 
0 25 109 
0 27 79 
0 6 109 
0 22 63 
0 15 118 
0 28 45 
0 9 127 
0 5 136 
0 24 57 
0 45 117 
0 25 133 
0 54 76 
0 24 132 
0 32 133 
0 18 98 
0 28 118 
0 28 72 
0 63 37 
0 33 160 
0 18 108 
0 10 52 
0 19 55 
0 8 105 
0 37 144 
0 26 111 
0 8 119 
0 42 50 
0 12 97 
0 30 24 
0 52 87 
0 20 116 
0 30 93 
0 32 82 
0 1 94 
0 6 76 
0 24 113 
0 11 40 
0 13 81 
0 14 140 
0 42 171 
0 20 108 
0 11 94 
0 35 78 
0 37 116 
0 21 102 
0 18 119 
0 68 75 
0 50 51 
0 41 51 
0 17 112 
0 14 80 
0 8 124 
0 35 162 
0 19 107 
0 22 109 
0 22 67 
0 22 139 
0 61 115 
0 14 84 
0 33 64 
0 35 69 
0 17 107 
0 8 67 
0 6 176 
0 17 118 
0 16 166 
0 21 164 
0 30 89 
0 29 103 
0 21 124 
0 42 114 
0 43 82 
0 24 81 
0 36 80 
0 22 77 
0 11 112 
0 16 63 
0 32 70 
0 20 86 
0 45 137 
0 56 94 
0 54 97 
0 25 122 
0 5 88 
0 46 112 
0 66 76 
0 0 128 
0 20 75 
0 20 99 
0 57 125 
0 18 70 
0 21 80 
0 44 146 
0 14 98 
0 44 79 
0 28 132 
0 47 53 
0 33 44 
0 14 102 
0 32 66 
0 27 106 
0 21 40 
0 61 107 
0 50 68 
0 9 72 
0 27 139 
0 21 65 
0 30 59 
0 44 129 
0 6 185 
0 49 96 
0 36 83 
0 22 109 
0 26 54 
0 30 56 
0 40 91 
0 1 90 
0 40 117 
0 15 48 
0 31 101 
0 51 66 
0 11 84 
0 45 154 
0 17 71 
0 10 65 
0 15 36 
0 32 232 
0 49 79 
0 15 110 
0 29 99 
0 62 108 
0 66 88 
0 29 77 
0 7 27 
0 27 59 
0 29 73 
0 23 118 
0 76 145 
0 27 67 
0 45 95 
0 38 135 
0 18 97 
0 41 62 
0 22 146 
0 24 187 
0 40 152 
0 19 100 
0 20 124 
0 27 84 
0 30 132 
0 10 77 
0 15 165 
0 42 84 
0 14 95 
0 4 36 
0 15 127 
0 15 183 
0 13 104 
0 15 69 
0 38 91 
0 37 81 
0 24 81 
0 12 99 
0 40 90 
0 17 53 
0 35 101 
0 10 147 
0 20 60 
0 28 57 
0 44 102 
0 33 93 
0 24 71 
0 8 149 
0 29 94 
0 29 67 
0 27 52 
0 34 98 
0 24 135 
0 40 63 
0 48 102 
0 15 97 
0 3 146 
0 29 93 
0 16 72 
0 24 75 
0 12 85 
0 26 98 
0 31 76 
0 21 56 
0 43 101 
0 38 103 
0 15 112 
0 23 97 
0 24 91 
0 38 73 
0 14 148 
0 32 97 
0 45 69 
0 16 102 
0 21 112 
0 50 126 
0 22 118 
0 15 176 
0 21 59 
0 18 99 
0 13 84 
0 19 113 
0 15 50 
0 32 82 
0 13 51 
0 44 60 
0 12 105 
0 16 139 
0 14 73 
0 8 78 
0 49 70 
0 17 48 
0 14 98 
0 41 111 
0 11 59 
0 42 63 
0 12 130 
0 28 184 
0 7 87 
0 11 88 
0 50 162 
0 29 20 
0 45 106 
0 47 95 
0 35 70 
0 44 67 
0 8 116 
0 0 102 
0 40 76 
0 12 112 
0 22 100 
0 12 76 
0 14 166 
0 24 58 
0 19 144 
0 30 65 
0 25 100 
0 16 83 
0 36 137 
0 8 69 
0 23 51 
0 21 80 
0 41 98 
0 25 44 
0 13 80 
0 12 92 
0 35 100 
0 30 68 
0 29 99 
0 35 117 
0 42 52 
0 25 85 
0 43 89 
0 14 85 
0 29 104 
0 21 80 
0 26 82 
0 31 111 
0 15 117 
0 19 155 
0 40 121 
0 14 106 
0 16 73 
0 9 27 
0 56 116 
0 4 24 
0 20 105 
0 30 82 
0 43 93 
0 55 98 
0 25 222 
0 35 91 
0 40 33 
0 41 55 
0 43 76 
0 27 87 
0 47 95 
0 33 58 
0 37 46 
0 21 149 
0 10 104 
0 17 121 
0 28 87 
0 40 89 
0 28 117 
0 16 138 
0 26 124 
0 12 60 
0 11 91 
0 92 78 
0 26 70 
0 17 160 
0 17 100 
0 16 63 
0 11 85 
0 26 92 
0 17 63 
0 24 74 
0 10 169 
0 40 105 
0 34 73 
0 22 84 
0 16 106 
0 10 107 
0 9 50 
0 24 106 
0 17 154 
0 27 95 
0 29 71 
0 25 41 
0 31 105 
0 59 124 
0 14 75 
0 17 91 
0 34 108 
0 38 104 
0 31 117 
0 25 63 
0 67 119 
0 30 82 
0 41 90 
0 18 61 
0 19 107 
0 10 127 
0 26 48 
0 42 58 
0 84 83 
0 50 114 
0 24 117 
0 27 138 
0 33 107 
0 24 156 
0 22 75 
0 27 116 
0 53 63 
0 26 70 
0 35 72 
0 27 192 
0 20 117 
0 54 93 
0 25 82 
0 29 72 
0 33 39 
0 22 103 
0 18 77 
0 25 99 
0 72 61 
0 18 117 
0 31 136 
0 30 68 
0 53 102 
0 21 47 
0 23 60 
0 48 56 
0 19 39 
0 41 94 
0 10 74 
0 32 104 
0 7 72 
0 16 47 
0 31 100 
0 53 65 
0 9 41 
0 60 80 
0 12 81 
0 49 120 
0 4 89 
0 20 62 
0 13 81 
0 5 69 
0 14 53 
0 9 41 
0 40 80 
0 29 90 
0 40 89 
0 45 75 
0 20 61 
0 25 69 
0 42 48 
0 24 148 
0 51 78 
0 36 42 
0 8 61 
0 13 116 
0 28 79 
0 12 84 
0 17 134 
0 15 134 
0 8 74 
0 29 52 
0 38 66 
0 47 107 
0 22 70 
0 27 156 
0 8 89 
0 12 30 
0 36 52 
0 13 61 
0 56 126 
0 17 111 
0 35 85 
0 26 85 
0 16 108 
0 24 76 
0 18 107 
0 12 60 
0 25 80 
0 50 89 
0 6 96 
0 10 107 
0 20 122 
0 32 144 
0 9 103 
0 11 143 
0 41 122 
0 2 53 
0 7 99 
0 60 123 
0 41 77 
0 26 177 
0 29 113 
0 21 149 
0 45 60 
0 55 95 
0 13 174 
0 65 75 
0 41 130 
0 61 31 
0 43 109 
0 21 54 
0 10 67 
0 17 84 
0 33 199 
0 39 66 
0 40 69 
0 12 71 
0 26 98 
0 30 116 
0 21 89 
0 27 157 
0 2 59 
0 93 137 
0 26 141 
0 37 107 
0 12 115 
0 31 102 
0 27 67 
0 21 120 
0 19 80 
0 53 71 
0 14 103 
0 35 125 
0 18 80 
0 14 154 
0 48 23 
0 23 119 
0 17 106 
0 40 121 
0 10 79 
0 29 109 
0 30 53 
0 56 174 
0 13 162 
0 18 121 
0 44 85 
0 33 91 
0 14 76 
0 42 75 
0 27 67 
0 35 65 
0 16 176 
0 10 30 
0 30 123 
0 34 93 
0 20 74 
0 33 69 
0 29 74 
0 20 116 
0 36 163 
0 17 57 
0 10 142 
0 8 93 
0 33 62 
0 9 115 
0 28 178 
0 14 115 
0 34 89 
0 42 63 
0 6 47 
0 26 42 
0 27 62 
0 15 43 
0 20 177 
0 23 107 
0 18 86 
0 44 86 
0 66 174 
0 7 124 
0 25 147 
0 38 24 
0 26 124 
0 25 106 
0 56 78 
0 15 51 
0 27 181 
0 32 135 
0 9 71 
0 41 74 
0 56 35 
0 28 134 
0 40 27 
0 20 114 
0 16 130 
0 45 111 
0 42 63 
