0 188 20 
0 252 11 
0 214 10 
0 180 15 
0 169 30 
0 219 21 
0 178 12 
0 206 16 
0 242 8 
0 163 16 
0 175 33 
0 192 17 
0 231 35 
0 202 13 
0 148 0 
0 249 5 
0 184 18 
0 194 6 
0 151 0 
0 239 67 
0 218 17 
0 199 32 
0 137 8 
0 193 34 
0 204 4 
0 221 45 
0 237 0 
0 179 26 
0 264 34 
0 197 17 
0 162 10 
0 221 24 
0 254 5 
0 194 83 
0 281 34 
0 186 18 
0 158 26 
0 202 61 
0 176 4 
0 254 43 
0 176 18 
0 177 17 
0 193 19 
0 229 27 
0 223 10 
0 165 5 
0 167 13 
0 200 23 
0 224 13 
0 210 4 
0 185 21 
0 208 6 
0 198 13 
0 218 13 
0 261 1 
0 173 12 
0 232 5 
0 198 7 
0 214 34 
0 215 19 
0 222 10 
0 225 23 
0 247 24 
0 229 1 
0 166 13 
0 148 37 
0 172 5 
0 215 8 
0 184 13 
0 248 9 
0 239 7 
0 167 7 
0 236 6 
0 192 17 
0 182 16 
0 202 7 
0 175 79 
0 196 6 
0 229 56 
0 231 18 
0 224 51 
0 186 16 
0 190 25 
0 177 20 
0 199 20 
0 215 33 
0 158 3 
0 243 25 
0 228 25 
0 170 2 
0 202 0 
0 184 7 
0 215 18 
0 182 12 
0 128 104 
0 283 18 
0 225 1 
0 179 4 
0 201 58 
0 252 1 
0 202 14 
0 191 40 
0 243 20 
0 175 18 
0 200 10 
0 198 18 
0 230 12 
0 207 17 
0 232 9 
0 220 1 
0 212 23 
0 151 12 
0 210 2 
0 139 15 
0 197 9 
0 206 15 
0 187 32 
0 214 17 
0 253 12 
0 201 0 
0 201 7 
0 223 5 
0 172 20 
0 241 55 
0 160 5 
0 214 39 
0 209 27 
0 146 8 
0 212 5 
0 197 41 
0 196 14 
0 188 1 
0 266 9 
0 176 8 
0 186 0 
0 233 8 
0 209 53 
0 266 12 
0 200 15 
0 181 29 
0 255 17 
0 200 0 
0 230 12 
0 165 67 
0 234 0 
0 179 39 
0 261 81 
0 200 15 
0 197 7 
0 173 11 
0 205 10 
0 215 50 
0 193 13 
0 160 40 
0 169 6 
0 225 9 
0 137 35 
0 295 12 
0 201 19 
0 229 25 
0 133 16 
0 221 6 
0 215 36 
0 153 5 
0 173 29 
0 255 32 
0 190 13 
0 112 11 
0 215 20 
0 155 5 
0 192 45 
0 208 38 
0 144 22 
0 200 10 
0 217 7 
0 131 15 
0 207 27 
0 179 16 
0 241 19 
0 219 2 
0 277 29 
0 261 8 
0 203 20 
0 199 5 
0 169 25 
0 160 10 
0 247 52 
0 181 13 
0 164 14 
0 217 121 
0 202 6 
0 218 8 
0 168 54 
0 248 17 
0 276 1 
0 216 38 
0 167 93 
0 168 14 
0 188 19 
0 181 36 
0 202 23 
0 226 29 
0 166 0 
0 287 13 
0 232 29 
0 189 10 
0 237 29 
0 234 6 
0 278 14 
0 214 36 
0 141 17 
0 212 54 
0 254 10 
0 223 46 
0 199 15 
0 266 18 
0 174 4 
0 221 11 
0 173 35 
0 179 16 
0 217 29 
0 192 13 
0 232 14 
0 190 50 
0 175 49 
0 205 4 
0 243 73 
0 195 33 
0 229 6 
0 139 35 
0 181 25 
0 252 32 
0 186 54 
0 192 32 
0 187 12 
0 162 4 
0 210 27 
0 261 5 
0 204 1 
0 198 12 
0 254 19 
0 217 13 
0 202 28 
0 220 8 
0 201 6 
0 190 35 
0 218 6 
0 178 34 
0 270 24 
0 242 18 
0 216 1 
0 200 14 
0 154 17 
0 217 21 
0 165 58 
0 171 18 
0 206 37 
0 200 16 
0 242 48 
0 294 22 
0 228 7 
0 176 29 
0 248 0 
0 248 14 
0 203 25 
0 236 15 
0 158 45 
0 187 43 
0 218 13 
0 134 10 
0 148 10 
0 163 36 
0 221 29 
0 163 18 
0 184 12 
0 203 46 
0 231 4 
0 91 9 
0 223 15 
0 162 11 
0 220 16 
0 232 23 
0 238 21 
0 198 19 
0 199 12 
0 196 70 
0 257 38 
0 272 6 
0 214 9 
0 232 18 
0 261 8 
0 174 16 
0 236 14 
0 156 36 
0 153 2 
0 201 2 
0 270 33 
0 208 34 
0 141 2 
0 179 36 
0 218 14 
0 197 2 
0 235 26 
0 173 12 
0 149 26 
0 162 3 
0 240 16 
0 214 24 
0 222 15 
0 222 39 
0 167 9 
0 224 30 
0 194 43 
0 206 9 
0 200 33 
0 241 26 
0 262 6 
0 227 8 
0 290 33 
0 211 46 
0 219 14 
0 116 6 
0 166 43 
0 240 27 
0 217 9 
0 166 15 
0 194 29 
0 157 18 
0 185 12 
0 203 24 
0 266 3 
0 161 16 
0 212 18 
0 196 20 
0 269 2 
0 196 42 
0 135 30 
0 274 23 
0 194 6 
0 218 20 
0 176 7 
0 162 14 
0 207 1 
0 159 21 
0 239 13 
0 235 40 
0 233 17 
0 200 12 
0 271 6 
0 231 20 
0 181 83 
0 153 47 
0 252 18 
0 193 28 
0 207 14 
0 167 1 
0 130 24 
0 256 28 
0 265 5 
0 218 3 
0 220 3 
0 196 54 
0 203 13 
0 183 11 
0 240 16 
0 231 29 
0 161 33 
0 255 15 
0 186 4 
0 137 8 
0 205 19 
0 268 0 
0 246 3 
0 219 56 
0 225 26 
0 179 11 
0 183 53 
0 245 34 
0 205 22 
0 213 27 
0 199 60 
0 197 51 
0 181 11 
0 184 9 
0 283 34 
0 243 4 
0 214 36 
0 183 6 
0 211 10 
0 164 11 
0 225 66 
0 219 21 
0 207 7 
0 193 11 
0 270 11 
0 138 102 
0 215 53 
0 194 41 
0 238 25 
0 179 25 
0 198 20 
0 177 31 
0 148 23 
0 166 102 
0 211 21 
0 194 35 
0 240 20 
0 219 44 
0 199 35 
0 198 27 
0 205 47 
0 214 19 
0 151 11 
0 156 8 
0 208 18 
0 229 45 
0 162 9 
0 185 7 
0 235 3 
0 190 17 
0 196 30 
0 205 9 
0 214 1 
0 199 4 
0 268 1 
0 270 18 
0 231 7 
0 197 40 
0 232 33 
0 220 63 
0 192 18 
0 188 55 
0 223 52 
0 189 70 
0 161 4 
0 207 30 
0 176 17 
0 213 20 
0 161 0 
0 192 22 
0 151 22 
0 128 2 
0 181 73 
0 194 2 
0 189 76 
0 250 17 
0 232 3 
0 223 4 
0 210 58 
0 230 24 
0 184 29 
0 185 12 
0 190 18 
0 181 28 
0 263 18 
0 211 7 
0 174 0 
0 220 16 
0 197 27 
0 212 7 
0 172 22 
0 268 43 
0 165 23 
0 135 8 
0 237 16 
0 186 18 
0 133 6 
0 208 0 
0 183 13 
0 187 21 
0 270 24 
0 185 7 
0 226 19 
0 207 13 
0 211 8 
0 152 54 
0 192 15 
0 206 23 
0 273 8 
0 217 0 
0 217 23 
0 179 75 
0 202 1 
0 191 21 
0 196 14 
0 202 49 
0 230 4 
0 199 35 
0 214 34 
0 217 23 
0 216 30 
0 107 7 
0 194 2 
0 245 11 
0 234 10 
0 221 16 
0 144 62 
0 212 18 
0 223 1 
0 158 38 
0 243 3 
0 211 14 
0 222 8 
0 133 42 
0 185 4 
0 206 17 
0 194 16 
0 194 14 
0 255 11 
0 255 11 
0 183 24 
0 203 6 
0 207 39 
0 205 18 
0 200 42 
0 173 11 
0 169 30 
0 187 5 
0 208 54 
0 193 6 
0 264 17 
0 220 14 
0 256 34 
0 233 31 
0 242 20 
0 213 16 
0 265 5 
0 180 2 
0 146 0 
0 148 11 
0 229 40 
0 173 2 
0 139 9 
0 199 14 
0 221 6 
0 183 0 
0 214 11 
0 154 57 
0 192 13 
0 214 8 
0 213 15 
0 157 36 
0 162 49 
0 149 5 
0 183 16 
0 208 10 
0 170 9 
0 149 48 
0 200 39 
0 218 10 
0 179 216 
0 241 15 
0 156 10 
0 251 16 
0 173 44 
0 205 11 
0 185 13 
0 193 8 
0 252 30 
0 230 0 
0 179 17 
0 217 12 
0 208 13 
0 225 0 
0 222 26 
0 153 8 
0 232 1 
0 197 41 
0 182 2 
0 277 18 
0 162 15 
0 167 14 
0 158 13 
0 249 10 
0 223 54 
0 213 18 
0 163 10 
0 265 18 
0 229 26 
0 196 1 
0 198 26 
0 243 22 
0 202 20 
0 229 10 
0 271 27 
0 223 14 
0 223 42 
0 162 9 
0 229 4 
0 234 13 
0 226 26 
0 175 27 
0 209 41 
0 214 5 
0 238 14 
0 172 13 
0 174 87 
0 221 3 
0 263 5 
0 194 15 
0 244 3 
0 172 25 
0 189 41 
0 179 39 
0 200 4 
0 198 11 
0 155 58 
0 227 14 
0 210 7 
0 197 40 
0 239 47 
0 172 25 
0 248 39 
0 176 13 
0 168 16 
0 260 68 
0 196 44 
0 200 30 
0 206 6 
0 213 8 
0 132 10 
0 193 3 
0 133 6 
0 233 92 
0 162 8 
0 161 13 
0 231 33 
0 140 19 
0 189 4 
0 179 24 
0 233 25 
0 225 11 
0 220 10 
0 249 0 
0 189 13 
0 194 63 
0 172 10 
0 203 11 
0 249 24 
0 236 18 
0 244 15 
0 162 60 
0 235 43 
0 249 29 
0 243 54 
0 291 2 
0 199 24 
0 244 9 
0 171 11 
0 235 25 
0 152 23 
0 234 41 
0 165 24 
0 222 12 
0 155 12 
0 257 46 
0 183 21 
0 198 9 
0 224 13 
0 190 65 
0 252 3 
0 245 3 
0 173 17 
0 182 36 
0 130 19 
0 221 31 
0 192 36 
0 188 5 
0 194 0 
0 259 10 
0 197 0 
0 167 34 
0 283 17 
0 214 2 
0 189 5 
0 235 4 
0 180 18 
0 238 7 
0 232 4 
0 200 3 
0 208 26 
0 176 20 
0 254 74 
0 290 6 
0 229 10 
0 224 36 
0 130 25 
0 236 108 
0 193 19 
0 171 13 
0 262 20 
0 194 34 
0 145 16 
0 218 106 
0 165 1 
0 200 80 
0 167 16 
0 218 2 
0 273 18 
0 218 10 
0 262 83 
0 211 14 
0 275 8 
0 230 36 
0 178 8 
0 266 10 
0 288 2 
0 280 28 
0 246 6 
0 180 92 
0 154 9 
0 136 24 
0 237 18 
0 209 0 
0 234 2 
0 175 5 
0 233 10 
0 158 17 
0 154 2 
0 182 12 
0 217 5 
0 258 3 
0 164 26 
0 239 1 
0 132 24 
0 226 0 
0 175 36 
0 235 29 
0 213 35 
0 164 2 
0 237 9 
0 177 3 
0 166 36 
0 220 11 
0 212 5 
0 226 18 
0 232 4 
0 236 11 
0 239 7 
0 213 6 
0 247 14 
0 226 18 
0 227 36 
0 236 11 
0 143 3 
0 141 32 
0 238 31 
0 138 3 
0 119 56 
0 173 12 
0 185 26 
0 228 2 
0 172 0 
0 233 29 
0 150 2 
0 172 14 
0 252 47 
0 178 22 
0 240 23 
0 220 44 
0 214 48 
0 210 48 
0 159 11 
0 216 25 
0 184 28 
0 212 4 
0 164 33 
0 193 3 
0 181 114 
0 192 17 
0 168 15 
0 153 16 
0 200 39 
0 213 8 
0 184 34 
0 226 61 
0 227 15 
0 156 15 
0 185 7 
0 248 19 
0 189 20 
0 238 7 
0 273 11 
0 218 22 
0 175 53 
0 182 28 
0 174 3 
0 226 67 
0 190 4 
0 169 42 
0 123 19 
0 237 0 
0 186 14 
0 222 7 
0 221 40 
0 178 3 
0 176 14 
0 230 18 
0 190 23 
0 229 17 
0 198 25 
0 164 56 
0 191 11 
0 206 18 
0 248 9 
0 204 36 
0 172 4 
0 156 62 
0 185 14 
0 225 10 
0 208 18 
0 201 21 
0 211 10 
0 202 27 
0 231 26 
0 249 27 
0 236 59 
0 204 11 
0 226 6 
0 242 6 
0 218 10 
0 190 27 
0 177 9 
0 174 24 
0 120 34 
0 200 3 
0 133 27 
0 250 22 
0 184 6 
0 212 0 
0 129 39 
0 215 52 
0 234 17 
0 203 48 
0 201 29 
0 241 2 
0 228 6 
0 167 5 
0 186 19 
0 241 13 
0 201 23 
0 172 7 
0 176 20 
0 215 2 
0 236 7 
0 205 35 
0 241 18 
0 271 7 
0 202 6 
0 138 14 
0 223 17 
0 133 13 
0 203 21 
0 213 10 
0 185 8 
0 220 22 
0 241 1 
0 181 46 
0 227 10 
0 183 7 
0 231 12 
0 164 21 
0 251 67 
0 193 6 
0 248 24 
0 197 19 
0 143 1 
0 231 24 
0 215 5 
0 179 14 
0 171 13 
0 201 26 
0 217 16 
0 273 61 
0 182 104 
0 223 68 
0 196 9 
0 240 21 
0 220 29 
0 234 15 
0 219 12 
0 218 30 
0 193 20 
0 190 49 
0 211 9 
0 176 3 
0 226 4 
0 214 23 
0 185 28 
0 219 28 
0 188 114 
0 165 25 
0 201 189 
0 219 18 
0 152 4 
0 207 13 
0 258 21 
0 161 54 
0 200 21 
0 191 0 
0 195 17 
0 234 15 
0 206 1 
0 235 10 
0 232 21 
0 221 28 
0 118 25 
0 161 23 
0 209 12 
0 166 60 
0 246 1 
0 207 6 
0 226 26 
0 195 0 
0 252 12 
0 290 15 
0 183 18 
0 192 6 
0 236 8 
0 202 88 
0 219 20 
0 190 43 
0 139 3 
0 198 102 
0 154 1 
0 231 5 
0 210 59 
0 206 23 
0 162 20 
0 198 59 
0 197 11 
0 225 8 
0 180 11 
0 263 24 
0 157 15 
0 252 59 
0 226 11 
0 248 59 
0 167 26 
0 256 20 
0 213 94 
0 179 6 
0 208 6 
0 256 23 
0 174 2 
0 225 9 
0 207 10 
0 191 16 
0 190 5 
0 231 26 
0 200 8 
0 212 20 
0 134 4 
0 268 4 
0 150 7 
0 172 16 
0 222 4 
0 164 11 
0 213 15 
0 207 16 
0 161 37 
0 260 0 
0 278 2 
0 249 6 
0 183 9 
0 204 63 
0 180 6 
0 190 14 
0 163 21 
0 194 19 
0 214 30 
0 206 32 
0 248 33 
0 217 38 
0 193 0 
0 166 20 
0 241 1 
0 217 6 
0 184 6 
0 159 45 
0 224 7 
0 258 6 
0 199 26 
0 244 4 
0 268 9 
0 241 17 
0 232 15 
0 216 19 
0 192 29 
0 177 23 
0 241 13 
0 245 4 
0 194 14 
0 231 46 
0 186 16 
0 209 15 
0 189 5 
0 226 17 
0 197 26 
0 243 17 
