0 199 14 
0 166 19 
0 176 7 
0 194 52 
0 251 24 
0 248 5 
0 207 3 
0 223 14 
0 181 4 
0 266 18 
0 236 38 
0 228 13 
0 182 25 
0 232 78 
0 237 15 
0 249 20 
0 244 5 
0 235 16 
0 222 19 
0 231 5 
0 213 11 
0 188 23 
0 174 10 
0 205 33 
0 238 20 
0 233 5 
0 268 24 
0 202 32 
0 268 25 
0 198 18 
0 245 2 
0 243 5 
0 229 40 
0 184 73 
0 168 16 
0 121 17 
0 185 17 
0 202 0 
0 215 4 
0 209 7 
0 249 19 
0 207 16 
0 174 2 
0 153 0 
0 178 0 
0 193 51 
0 211 15 
0 206 18 
0 198 10 
0 231 28 
0 189 27 
0 211 5 
0 207 45 
0 232 3 
0 155 20 
0 247 26 
0 208 24 
0 247 8 
0 223 54 
0 189 22 
0 228 32 
0 235 18 
0 175 18 
0 237 4 
0 224 5 
0 226 12 
0 250 41 
0 190 65 
0 191 30 
0 209 14 
0 175 38 
0 221 2 
0 174 21 
0 229 17 
0 187 51 
0 217 15 
0 223 5 
0 202 1 
0 160 58 
0 195 45 
0 235 14 
0 187 4 
0 206 9 
0 184 6 
0 160 22 
0 237 59 
0 229 0 
0 139 59 
0 189 12 
0 228 2 
0 221 47 
0 122 23 
0 212 18 
0 246 47 
0 248 38 
0 203 16 
0 174 27 
0 183 1 
0 203 18 
0 218 14 
0 267 16 
0 158 12 
0 187 17 
0 205 19 
0 245 14 
0 238 7 
0 277 35 
0 137 48 
0 192 10 
0 260 6 
0 222 22 
0 212 18 
0 160 66 
0 222 22 
0 227 17 
0 215 16 
0 209 34 
0 202 23 
0 243 12 
0 159 10 
0 218 66 
0 223 23 
0 175 26 
0 206 8 
0 194 42 
0 244 8 
0 179 6 
0 247 42 
0 157 16 
0 250 9 
0 212 25 
0 193 1 
0 220 8 
0 198 11 
0 193 14 
0 224 3 
0 205 17 
0 252 0 
0 227 27 
0 199 11 
0 176 25 
0 242 21 
0 214 7 
0 192 43 
0 221 26 
0 221 47 
0 223 25 
0 183 1 
0 234 11 
0 246 8 
0 198 29 
0 199 7 
0 165 18 
0 223 6 
0 230 23 
0 238 20 
0 207 3 
0 194 99 
0 185 27 
0 275 12 
0 217 15 
0 186 21 
0 206 43 
0 249 69 
0 277 13 
0 240 43 
0 187 17 
0 197 11 
0 230 48 
0 226 21 
0 253 25 
0 231 14 
0 192 41 
0 158 9 
0 269 24 
0 203 22 
0 191 41 
0 219 12 
0 219 10 
0 216 16 
0 205 17 
0 239 24 
0 254 6 
0 254 2 
0 227 62 
0 247 27 
0 209 25 
0 183 8 
0 193 12 
0 185 15 
0 288 3 
0 230 20 
0 209 12 
0 217 23 
0 239 11 
0 226 18 
0 201 38 
0 191 35 
0 179 25 
0 221 28 
0 175 19 
0 251 15 
0 189 15 
0 214 17 
0 240 40 
0 206 47 
0 150 18 
0 247 24 
0 235 28 
0 149 25 
0 190 7 
0 200 35 
0 230 4 
0 242 24 
0 217 0 
0 222 5 
0 231 8 
0 277 19 
0 170 31 
0 232 27 
0 261 1 
0 241 6 
0 258 27 
0 145 37 
0 167 23 
0 217 4 
0 179 8 
0 254 13 
0 223 7 
0 212 7 
0 213 10 
0 241 46 
0 211 40 
0 246 6 
0 202 39 
0 212 18 
0 138 5 
0 216 7 
0 183 77 
0 208 26 
0 205 22 
0 239 7 
0 262 44 
0 187 24 
0 232 3 
0 219 13 
0 238 4 
0 209 20 
0 263 19 
0 236 15 
0 217 27 
0 206 14 
0 234 13 
0 190 52 
0 207 11 
0 176 12 
0 236 6 
0 221 75 
0 207 16 
0 272 4 
0 239 0 
0 237 9 
0 228 10 
0 250 10 
0 207 4 
0 206 17 
0 278 5 
0 268 11 
0 208 51 
0 218 35 
0 251 7 
0 213 26 
0 172 6 
0 172 14 
0 224 24 
0 276 16 
0 186 12 
0 213 23 
0 249 1 
0 208 18 
0 209 41 
0 255 7 
0 203 25 
0 170 5 
0 173 51 
0 191 15 
0 230 42 
0 180 24 
0 205 27 
0 221 5 
0 212 85 
0 184 45 
0 160 31 
0 165 9 
0 171 41 
0 234 3 
0 220 4 
0 200 9 
0 202 27 
0 185 16 
0 210 17 
0 164 7 
0 264 11 
0 273 28 
0 236 39 
0 224 16 
0 172 33 
0 276 3 
0 242 24 
0 231 17 
0 248 85 
0 295 32 
0 148 86 
0 246 24 
0 107 2 
0 245 10 
0 152 23 
0 193 3 
0 197 12 
0 217 5 
0 221 48 
0 179 6 
0 252 2 
0 201 36 
0 191 20 
0 244 98 
0 217 28 
0 248 47 
0 216 13 
0 133 9 
0 228 1 
0 191 13 
0 203 35 
0 168 15 
0 224 46 
0 203 44 
0 277 14 
0 209 18 
0 228 36 
0 214 51 
0 149 33 
0 142 6 
0 202 48 
0 174 14 
0 196 79 
0 181 65 
0 240 21 
0 176 16 
0 183 25 
0 199 0 
0 188 13 
0 208 9 
0 246 3 
0 209 104 
0 195 5 
0 257 0 
0 215 21 
0 181 14 
0 246 5 
0 162 58 
0 258 3 
0 214 4 
0 220 3 
0 201 50 
0 251 17 
0 211 35 
0 184 8 
0 190 23 
0 264 7 
0 234 13 
0 162 20 
0 192 12 
0 251 12 
0 189 15 
0 234 12 
0 234 20 
0 257 22 
0 193 6 
0 198 12 
0 228 55 
0 194 5 
0 227 73 
0 246 7 
0 212 14 
0 184 46 
0 215 15 
0 144 31 
0 223 29 
0 239 5 
0 164 7 
0 186 35 
0 155 12 
0 196 24 
0 240 7 
0 167 7 
0 153 3 
0 224 14 
0 196 2 
0 289 3 
0 209 11 
0 246 2 
0 233 60 
0 221 6 
0 242 27 
0 265 6 
0 205 18 
0 249 7 
0 254 2 
0 254 9 
0 222 88 
0 190 29 
0 247 16 
0 254 12 
0 178 11 
0 184 44 
0 212 6 
0 231 24 
0 161 21 
0 235 5 
0 201 5 
0 217 11 
0 177 41 
0 187 6 
0 219 5 
0 222 4 
0 224 11 
0 186 5 
0 259 14 
0 195 6 
0 221 9 
0 256 14 
0 237 27 
0 251 2 
0 228 39 
0 242 17 
0 188 21 
0 202 17 
0 198 34 
0 209 58 
0 256 25 
0 197 19 
0 168 12 
0 219 3 
0 201 12 
0 203 17 
0 224 24 
0 165 2 
0 240 19 
0 187 59 
0 203 24 
0 173 57 
0 230 11 
0 236 8 
0 196 63 
0 239 2 
0 185 39 
0 235 15 
0 215 11 
0 232 39 
0 255 31 
0 168 0 
0 238 14 
0 233 3 
0 250 35 
0 244 27 
0 283 9 
0 238 47 
0 236 21 
0 240 10 
0 202 21 
0 199 18 
0 192 12 
0 158 23 
0 221 0 
0 200 23 
0 238 9 
0 232 5 
0 196 19 
0 231 3 
0 178 10 
0 231 3 
0 197 82 
0 219 27 
0 186 49 
0 221 18 
0 234 4 
0 128 43 
0 224 31 
0 245 21 
0 208 6 
0 233 53 
0 306 12 
0 130 48 
0 232 13 
0 173 25 
0 218 9 
0 166 35 
0 159 93 
0 251 34 
0 241 11 
0 196 8 
0 209 8 
0 220 14 
0 188 14 
0 249 16 
0 250 5 
0 199 0 
0 256 11 
0 216 3 
0 227 6 
0 149 10 
0 247 2 
0 212 15 
0 168 16 
0 181 23 
0 193 15 
0 234 69 
0 206 41 
0 248 3 
0 227 23 
0 177 12 
0 189 41 
0 212 2 
0 248 5 
0 247 13 
0 210 20 
0 262 22 
0 185 15 
0 246 1 
0 148 13 
0 223 11 
0 181 13 
0 202 21 
0 214 3 
0 270 23 
0 251 1 
0 213 43 
0 199 27 
0 237 5 
0 237 67 
0 238 17 
0 189 0 
0 174 13 
0 299 27 
0 270 42 
0 149 32 
0 218 10 
0 225 19 
0 202 7 
0 217 2 
0 229 18 
0 203 7 
0 189 10 
0 241 22 
0 225 15 
0 205 8 
0 236 39 
0 274 2 
0 230 26 
0 200 9 
0 224 46 
0 180 66 
0 204 15 
0 142 8 
0 170 19 
0 197 19 
0 188 34 
0 194 5 
0 197 26 
0 308 28 
0 157 23 
0 190 6 
0 196 62 
0 199 9 
0 207 16 
0 249 11 
0 215 21 
0 170 24 
0 237 16 
0 215 51 
0 226 67 
0 204 5 
0 254 24 
0 244 6 
0 259 30 
0 251 18 
0 236 52 
0 194 16 
0 199 9 
0 208 1 
0 220 11 
0 278 26 
0 187 26 
0 192 13 
0 203 13 
0 265 5 
0 195 9 
0 225 28 
0 232 6 
0 213 4 
0 240 28 
0 212 10 
0 250 16 
0 195 25 
0 215 19 
0 174 29 
0 258 8 
0 212 16 
0 186 13 
0 283 1 
0 197 14 
0 224 14 
0 242 6 
0 210 18 
0 238 10 
0 200 5 
0 216 7 
0 253 4 
0 199 13 
0 190 23 
0 186 15 
0 277 26 
0 216 11 
0 216 5 
0 240 22 
0 261 6 
0 218 9 
0 258 32 
0 222 41 
0 209 55 
0 242 2 
0 266 25 
0 264 9 
0 162 8 
0 217 19 
0 212 2 
0 215 46 
0 204 14 
0 239 16 
0 224 5 
0 148 4 
0 217 14 
0 175 20 
0 188 27 
0 216 22 
0 220 1 
0 231 24 
0 205 6 
0 210 36 
0 263 26 
0 233 15 
0 210 33 
0 178 30 
0 201 57 
0 191 20 
0 235 18 
0 203 15 
0 228 13 
0 177 28 
0 205 15 
0 273 57 
0 269 38 
0 240 12 
0 182 19 
0 162 13 
0 184 19 
0 235 8 
0 250 12 
0 208 7 
0 205 50 
0 253 8 
0 150 29 
0 155 16 
0 159 46 
0 191 8 
0 228 18 
0 182 32 
0 246 18 
0 250 6 
0 249 4 
0 238 8 
0 203 16 
0 152 38 
0 191 8 
0 203 27 
0 211 32 
0 179 35 
0 219 13 
0 179 15 
0 169 10 
0 284 10 
0 189 36 
0 199 22 
0 252 2 
0 177 4 
0 246 9 
0 191 25 
0 161 9 
0 208 61 
0 217 20 
0 233 5 
0 231 21 
0 187 36 
0 222 27 
0 217 13 
0 184 71 
0 263 8 
0 214 13 
0 211 16 
0 263 9 
0 259 14 
0 206 3 
0 266 11 
0 213 8 
0 163 34 
0 195 35 
0 200 13 
0 175 10 
0 174 25 
0 219 0 
0 223 56 
0 200 23 
0 179 83 
0 258 30 
0 244 18 
0 219 13 
0 244 0 
0 210 6 
0 211 19 
0 225 18 
0 184 15 
0 236 62 
0 238 55 
0 240 26 
0 201 8 
0 237 31 
0 190 26 
0 202 11 
0 165 19 
0 178 19 
0 206 6 
0 153 29 
0 225 9 
0 204 9 
0 242 10 
0 199 6 
0 196 13 
0 202 9 
0 293 0 
0 247 15 
0 227 12 
0 198 9 
0 226 16 
0 218 18 
0 189 6 
0 220 7 
0 216 14 
0 193 5 
0 285 2 
0 224 3 
0 192 41 
0 274 15 
0 233 9 
0 261 31 
0 216 14 
0 180 30 
0 240 6 
0 212 4 
0 211 24 
0 215 11 
0 193 11 
0 214 26 
0 249 6 
0 243 31 
0 185 23 
0 220 39 
0 183 17 
0 205 19 
0 184 37 
0 225 31 
0 210 14 
0 226 54 
0 222 38 
0 218 5 
0 252 25 
0 197 45 
0 212 59 
0 175 34 
0 225 17 
0 171 33 
0 131 53 
0 215 9 
0 216 0 
0 193 10 
0 183 19 
0 208 14 
0 185 15 
0 236 11 
0 221 41 
0 218 29 
0 234 4 
0 167 39 
0 246 19 
0 186 11 
0 230 14 
0 234 7 
0 131 88 
0 149 27 
0 241 3 
0 196 53 
0 160 33 
0 194 31 
0 169 17 
0 196 20 
0 196 11 
0 206 6 
0 187 31 
0 240 15 
0 265 8 
0 213 36 
0 273 4 
0 190 2 
0 201 26 
0 196 22 
0 213 3 
0 221 40 
0 187 14 
0 226 16 
0 219 8 
0 219 20 
0 224 8 
0 259 71 
0 175 1 
0 210 6 
0 273 35 
0 223 14 
0 216 8 
0 260 7 
0 179 17 
0 217 33 
0 179 3 
0 280 5 
0 214 16 
0 174 40 
0 203 10 
0 229 23 
0 176 30 
0 210 53 
0 191 46 
0 172 30 
0 240 23 
0 240 31 
0 219 8 
0 158 30 
0 257 9 
0 210 35 
0 188 19 
0 178 3 
0 151 76 
0 268 36 
0 188 13 
0 258 22 
0 229 53 
0 202 20 
0 175 17 
0 189 51 
0 227 14 
0 210 9 
0 201 16 
0 201 18 
0 264 10 
0 261 43 
0 217 8 
0 229 23 
0 222 109 
0 197 24 
0 148 21 
0 236 16 
0 228 14 
0 199 3 
0 228 27 
0 206 16 
0 232 7 
0 175 28 
0 203 3 
0 226 13 
0 231 14 
0 199 26 
0 226 7 
0 231 20 
0 283 11 
0 260 19 
0 213 19 
0 247 5 
0 208 6 
0 164 7 
0 202 15 
0 188 29 
0 252 23 
0 177 19 
0 211 22 
0 187 22 
0 223 16 
0 241 41 
0 180 6 
0 227 28 
0 217 55 
0 196 20 
0 215 51 
0 214 15 
0 201 15 
0 221 26 
0 237 38 
0 206 0 
0 206 12 
0 234 10 
0 234 4 
0 220 22 
0 197 13 
0 192 5 
0 158 22 
0 227 42 
0 237 9 
0 219 5 
0 209 27 
0 240 6 
0 303 6 
0 196 32 
0 225 18 
0 219 16 
0 212 12 
0 261 7 
0 153 25 
0 249 4 
0 176 24 
0 280 0 
0 228 15 
0 226 42 
0 159 13 
0 201 15 
0 198 31 
0 243 24 
0 164 29 
0 208 39 
0 183 37 
0 177 19 
0 218 9 
0 237 33 
0 184 11 
0 206 18 
0 222 31 
0 158 14 
0 193 20 
0 256 0 
0 239 4 
0 250 7 
0 224 5 
0 205 10 
0 230 8 
0 205 45 
0 219 3 
0 199 36 
0 259 57 
0 183 105 
0 233 20 
0 190 59 
0 180 4 
0 174 23 
0 218 23 
0 163 20 
0 168 13 
0 205 4 
0 176 9 
0 172 6 
0 194 32 
0 151 32 
0 232 2 
0 189 42 
0 188 2 
0 230 3 
0 177 16 
0 253 0 
0 241 27 
0 244 19 
0 207 9 
0 129 10 
0 266 17 
0 256 24 
0 263 1 
0 212 16 
0 212 36 
0 192 4 
0 175 90 
0 247 23 
0 223 10 
0 160 7 
0 164 10 
0 231 19 
0 234 14 
0 220 3 
