533 273 194 
479 299 222 
539 252 209 
514 305 181 
490 243 267 
554 229 217 
486 300 214 
482 272 246 
539 242 219 
474 262 264 
557 259 184 
553 233 214 
511 285 204 
579 237 184 
534 216 250 
495 283 222 
470 302 228 
510 236 254 
519 226 255 
490 214 296 
546 289 165 
530 267 203 
507 263 230 
536 257 207 
417 333 250 
538 261 201 
517 277 206 
391 272 337 
534 248 218 
484 288 228 
610 238 152 
510 256 234 
586 263 151 
476 288 236 
537 188 275 
466 244 290 
474 248 278 
521 297 182 
523 254 223 
536 257 207 
557 210 233 
504 254 242 
501 291 208 
507 271 222 
553 239 208 
528 295 177 
478 296 226 
473 297 230 
477 345 178 
535 274 191 
550 234 216 
575 277 148 
452 241 307 
553 270 177 
510 234 256 
583 218 199 
663 231 106 
540 263 197 
563 189 248 
582 243 175 
610 213 177 
479 316 205 
511 285 204 
473 231 296 
539 251 210 
524 217 259 
470 233 297 
522 262 216 
510 236 254 
535 234 231 
578 209 213 
536 259 205 
554 289 157 
530 239 231 
473 237 290 
607 245 148 
603 214 183 
506 243 251 
534 293 173 
589 211 200 
551 244 205 
674 220 106 
555 252 193 
563 241 196 
589 202 209 
531 252 217 
459 232 309 
498 250 252 
599 220 181 
550 240 210 
491 271 238 
509 249 242 
568 226 206 
537 233 230 
584 271 145 
590 209 201 
509 260 231 
538 282 180 
508 289 203 
581 247 172 
567 269 164 
423 273 304 
496 251 253 
558 257 185 
504 232 264 
497 239 264 
421 239 340 
503 292 205 
478 252 270 
521 290 189 
449 233 318 
558 245 197 
507 250 243 
587 276 137 
463 231 306 
578 288 134 
515 282 203 
558 198 244 
515 278 207 
539 212 249 
564 246 190 
516 232 252 
470 273 257 
458 233 309 
490 222 288 
533 206 261 
550 301 149 
527 262 211 
457 264 279 
515 259 226 
423 289 288 
480 214 306 
543 234 223 
559 213 228 
523 257 220 
514 253 233 
543 211 246 
559 247 194 
566 246 188 
631 221 148 
541 168 291 
529 274 197 
530 244 226 
566 279 155 
607 243 150 
443 273 284 
501 345 154 
598 270 132 
632 210 158 
481 292 227 
448 246 306 
511 263 226 
498 278 224 
463 320 217 
515 286 199 
573 258 169 
511 227 262 
501 249 250 
610 219 171 
602 222 176 
472 274 254 
439 202 359 
572 263 165 
570 224 206 
538 241 221 
467 270 263 
477 307 216 
496 234 270 
454 218 328 
546 237 217 
569 225 206 
523 294 183 
613 237 150 
438 312 250 
495 225 280 
532 189 279 
529 246 225 
587 279 134 
519 259 222 
522 280 198 
500 282 218 
426 294 280 
576 236 188 
496 266 238 
438 189 373 
460 247 293 
492 251 257 
580 238 182 
502 275 223 
544 275 181 
509 262 229 
540 220 240 
495 269 236 
484 325 191 
473 261 266 
498 265 237 
612 226 162 
500 266 234 
449 268 283 
523 260 217 
496 286 218 
526 208 266 
540 279 181 
557 269 174 
583 223 194 
568 258 174 
440 261 299 
563 266 171 
494 229 277 
601 239 160 
508 231 261 
548 244 208 
589 258 153 
496 263 241 
538 212 250 
567 213 220 
553 252 195 
496 236 268 
454 326 220 
511 239 250 
562 235 203 
479 213 308 
435 277 288 
547 232 221 
539 167 294 
516 254 230 
508 265 227 
501 234 265 
494 191 315 
611 215 174 
518 289 193 
658 202 140 
486 314 200 
493 272 235 
543 245 212 
542 221 237 
489 241 270 
532 244 224 
503 254 243 
501 258 241 
518 213 269 
493 223 284 
502 259 239 
581 231 188 
640 220 140 
555 271 174 
550 292 158 
550 238 212 
572 268 160 
501 139 360 
540 193 267 
522 207 271 
455 209 336 
541 270 189 
516 228 256 
537 272 191 
584 206 210 
572 258 170 
540 233 227 
470 294 236 
513 214 273 
533 221 246 
551 273 176 
520 219 261 
486 284 230 
609 230 161 
562 296 142 
506 279 215 
453 246 301 
579 253 168 
473 273 254 
559 268 173 
515 255 230 
526 281 193 
530 289 181 
464 289 247 
561 246 193 
569 221 210 
642 212 146 
474 327 199 
490 241 269 
494 266 240 
621 210 169 
489 286 225 
496 242 262 
550 199 251 
506 249 245 
519 284 197 
568 233 199 
488 286 226 
526 257 217 
557 279 164 
517 289 194 
522 243 235 
455 249 296 
535 222 243 
430 245 325 
499 291 210 
526 276 198 
591 263 146 
540 240 220 
586 229 185 
538 275 187 
575 258 167 
591 233 176 
588 224 188 
519 205 276 
361 256 383 
554 274 172 
501 230 269 
436 230 334 
524 281 195 
512 201 287 
521 265 214 
536 258 206 
566 203 231 
460 171 369 
538 222 240 
514 268 218 
551 245 204 
504 290 206 
514 298 188 
570 250 180 
474 253 273 
557 273 170 
558 242 200 
577 214 209 
474 293 233 
491 301 208 
555 245 200 
496 309 195 
531 191 278 
468 306 226 
535 254 211 
455 229 316 
596 233 171 
570 233 197 
546 239 215 
507 232 261 
490 236 274 
464 315 221 
581 282 137 
645 228 127 
450 211 339 
442 224 334 
575 257 168 
657 216 127 
569 254 177 
513 245 242 
564 222 214 
502 253 245 
451 268 281 
543 284 173 
425 247 328 
539 280 181 
492 301 207 
470 301 229 
576 257 167 
605 175 220 
476 252 272 
565 257 178 
456 265 279 
476 272 252 
532 256 212 
517 280 203 
505 283 212 
623 227 150 
587 252 161 
542 257 201 
537 263 200 
460 285 255 
470 314 216 
616 238 146 
461 227 312 
519 322 159 
550 249 201 
580 173 247 
601 238 161 
481 290 229 
534 268 198 
555 279 166 
602 234 164 
484 291 225 
551 229 220 
589 198 213 
478 247 275 
484 231 285 
556 182 262 
491 257 252 
520 193 287 
509 253 238 
461 295 244 
617 235 148 
537 250 213 
566 257 177 
472 197 331 
627 191 182 
475 282 243 
446 261 293 
505 237 258 
459 216 325 
605 233 162 
497 305 198 
538 249 213 
472 233 295 
487 251 262 
485 227 288 
518 190 292 
472 301 227 
558 219 223 
619 239 142 
544 290 166 
506 293 201 
494 292 214 
542 254 204 
474 289 237 
578 251 171 
493 287 220 
558 284 158 
482 248 270 
551 258 191 
399 254 347 
485 287 228 
532 232 236 
587 233 180 
537 280 183 
529 278 193 
537 220 243 
521 270 209 
478 255 267 
471 268 261 
529 253 218 
505 271 224 
521 188 291 
594 217 189 
526 267 207 
501 293 206 
559 294 147 
449 242 309 
456 224 320 
541 222 237 
582 238 180 
574 232 194 
402 225 373 
556 264 180 
505 229 266 
506 249 245 
600 246 154 
486 256 258 
552 226 222 
491 261 248 
549 224 227 
516 227 257 
523 252 225 
530 230 240 
601 232 167 
516 251 233 
509 246 245 
602 226 172 
503 229 268 
574 242 184 
556 211 233 
475 240 285 
473 252 275 
574 179 247 
489 302 209 
578 282 140 
559 262 179 
496 234 270 
512 256 232 
643 195 162 
583 261 156 
563 197 240 
528 243 229 
532 240 228 
540 247 213 
553 228 219 
407 261 332 
499 187 314 
520 276 204 
525 284 191 
554 246 200 
415 266 319 
495 264 241 
557 250 193 
494 188 318 
556 236 208 
503 207 290 
620 192 188 
536 247 217 
585 234 181 
474 271 255 
542 266 192 
542 220 238 
616 233 151 
510 305 185 
569 301 130 
517 221 262 
636 231 133 
455 253 292 
472 236 292 
550 260 190 
606 227 167 
485 317 198 
496 206 298 
468 278 254 
567 268 165 
603 222 175 
572 256 172 
590 211 199 
601 226 173 
578 228 194 
500 298 202 
563 258 179 
467 279 254 
536 236 228 
625 224 151 
538 278 184 
528 247 225 
507 264 229 
538 217 245 
519 216 265 
616 253 131 
545 237 218 
608 266 126 
553 259 188 
492 240 268 
528 236 236 
487 222 291 
521 275 204 
590 244 166 
556 234 210 
606 247 147 
533 235 232 
477 235 288 
579 207 214 
601 258 141 
506 249 245 
648 221 131 
501 295 204 
547 240 213 
592 217 191 
578 274 148 
576 264 160 
492 236 272 
564 254 182 
608 194 198 
495 219 286 
545 261 194 
508 265 227 
486 318 196 
499 245 256 
516 244 240 
485 267 248 
409 268 323 
501 304 195 
543 210 247 
474 224 302 
527 252 221 
563 198 239 
451 253 296 
575 253 172 
505 211 284 
492 210 298 
558 230 212 
578 220 202 
626 232 142 
496 278 226 
489 303 208 
590 244 166 
558 227 215 
601 199 200 
401 292 307 
513 308 179 
559 243 198 
562 216 222 
484 233 283 
530 261 209 
537 255 208 
470 309 221 
510 274 216 
446 274 280 
483 277 240 
579 245 176 
607 195 198 
504 336 160 
524 245 231 
511 285 204 
428 260 312 
487 214 299 
520 210 270 
509 268 223 
543 219 238 
398 251 351 
552 223 225 
497 275 228 
522 210 268 
551 279 170 
550 280 170 
546 247 207 
545 217 238 
503 237 260 
543 266 191 
426 246 328 
514 255 231 
593 223 184 
578 251 171 
587 199 214 
504 227 269 
503 236 261 
527 221 252 
518 268 214 
530 288 182 
533 251 216 
576 252 172 
585 229 186 
449 273 278 
581 243 176 
634 221 145 
549 268 183 
583 233 184 
585 247 168 
553 272 175 
595 273 132 
507 249 244 
569 275 156 
522 220 258 
512 254 234 
603 203 194 
438 263 299 
469 247 284 
582 254 164 
521 214 265 
537 241 222 
593 222 185 
594 261 145 
515 317 168 
542 253 205 
518 245 237 
503 312 185 
513 220 267 
487 333 180 
435 240 325 
573 238 189 
539 206 255 
447 287 266 
549 257 194 
502 275 223 
530 258 212 
476 230 294 
558 219 223 
603 215 182 
568 244 188 
511 210 279 
496 221 283 
552 230 218 
538 251 211 
572 198 230 
594 223 183 
519 188 293 
608 195 197 
617 239 144 
530 239 231 
436 215 349 
474 206 320 
471 274 255 
593 212 195 
591 292 117 
608 201 191 
600 232 168 
554 249 197 
480 239 281 
605 252 143 
517 262 221 
512 237 251 
567 252 181 
523 257 220 
607 232 161 
485 318 197 
567 261 172 
548 239 213 
554 257 189 
470 258 272 
600 272 128 
471 287 242 
550 261 189 
529 282 189 
443 268 289 
536 274 190 
557 272 171 
560 253 187 
524 221 255 
483 289 228 
580 235 185 
483 277 240 
545 280 175 
544 212 244 
559 170 271 
499 280 221 
498 256 246 
631 222 147 
384 311 305 
504 251 245 
488 213 299 
546 272 182 
573 261 166 
608 184 208 
550 261 189 
567 237 196 
584 210 206 
605 248 147 
587 228 185 
513 250 237 
555 274 171 
446 250 304 
563 238 199 
486 266 248 
476 236 288 
551 262 187 
592 225 183 
415 219 366 
537 200 263 
537 285 178 
534 266 200 
547 279 174 
509 299 192 
664 198 138 
458 227 315 
546 247 207 
599 255 146 
497 272 231 
561 228 211 
540 262 198 
509 264 227 
544 241 215 
480 299 221 
542 288 170 
587 200 213 
503 237 260 
544 253 203 
473 307 220 
619 203 178 
578 292 130 
492 261 247 
548 258 194 
541 259 200 
499 248 253 
463 275 262 
481 231 288 
480 235 285 
475 260 265 
489 276 235 
478 272 250 
656 226 118 
537 234 229 
547 223 230 
546 256 198 
482 265 253 
526 239 235 
556 244 200 
510 228 262 
575 266 159 
477 284 239 
464 306 230 
479 313 208 
518 283 199 
599 238 163 
514 263 223 
530 276 194 
494 294 212 
443 214 343 
605 246 149 
500 166 334 
532 230 238 
506 205 289 
574 217 209 
581 149 270 
486 237 277 
486 195 319 
550 268 182 
478 242 280 
624 243 133 
526 284 190 
518 281 201 
587 211 202 
518 307 175 
557 291 152 
515 216 269 
543 251 206 
552 267 181 
491 245 264 
551 200 249 
522 231 247 
533 248 219 
480 247 273 
535 232 233 
477 223 300 
552 244 204 
493 235 272 
473 259 268 
488 240 272 
518 229 253 
502 308 190 
561 264 175 
548 241 211 
504 310 186 
577 201 222 
490 244 266 
524 233 243 
475 280 245 
627 199 174 
479 261 260 
509 208 283 
464 236 300 
594 231 175 
513 268 219 
537 262 201 
472 272 256 
552 208 240 
451 232 317 
562 234 204 
456 284 260 
455 274 271 
462 252 286 
478 255 267 
446 244 310 
504 254 242 
565 256 179 
440 293 267 
536 191 273 
590 233 177 
535 248 217 
469 258 273 
541 253 206 
535 273 192 
574 282 144 
537 265 198 
513 242 245 
529 296 175 
478 238 284 
522 245 233 
590 223 187 
477 282 241 
583 194 223 
502 275 223 
525 228 247 
594 216 190 
547 184 269 
594 289 117 
639 179 182 
527 263 210 
532 187 281 
534 246 220 
582 215 203 
500 260 240 
597 203 200 
541 226 233 
546 261 193 
552 259 189 
553 223 224 
643 184 173 
462 250 288 
476 252 272 
421 279 300 
575 248 177 
635 241 124 
627 212 161 
542 208 250 
553 231 216 
480 258 262 
595 190 215 
541 274 185 
415 289 296 
555 276 169 
510 280 210 
596 214 190 
466 258 276 
557 237 206 
493 251 256 
583 217 200 
413 293 294 
526 245 229 
483 257 260 
538 273 189 
537 200 263 
557 243 200 
523 272 205 
579 248 173 
527 214 259 
562 227 211 
547 272 181 
554 233 213 
428 281 291 
592 242 166 
542 281 177 
562 215 223 
605 208 187 
506 257 237 
522 233 245 
484 278 238 
550 245 205 
463 297 240 
605 229 166 
533 269 198 
495 225 280 
536 258 206 
583 243 174 
543 241 216 
524 285 191 
572 241 187 
589 246 165 
463 216 321 
492 240 268 
585 178 237 
526 263 211 
513 271 216 
427 278 295 
513 257 230 
551 269 180 
494 275 231 
509 285 206 
609 200 191 
570 189 241 
546 230 224 
459 260 281 
570 243 187 
504 241 255 
461 269 270 
528 276 196 
535 183 282 
509 252 239 
490 273 237 
505 205 290 
562 213 225 
571 220 209 
555 221 224 
487 296 217 
498 246 256 
520 223 257 
525 235 240 
522 252 226 
517 244 239 
496 244 260 
477 213 310 
533 237 230 
539 215 246 
519 270 211 
476 269 255 
543 244 213 
444 259 297 
526 256 218 
563 241 196 
499 278 223 
481 272 247 
459 284 257 
566 240 194 
592 203 205 
625 196 179 
478 214 308 
599 221 180 
657 234 109 
497 222 281 
517 246 237 
448 257 295 
550 246 204 
484 246 270 
540 246 214 
489 242 269 
515 245 240 
567 245 188 
572 208 220 
552 291 157 
464 310 226 
512 279 209 
547 246 207 
632 220 148 
562 230 208 
462 244 294 
630 259 111 
576 262 162 
535 228 237 
534 263 203 
540 261 199 
605 252 143 
540 267 193 
489 296 215 
581 238 181 
531 293 176 
557 277 166 
598 235 167 
464 211 325 
578 212 210 
598 244 158 
515 251 234 
535 254 211 
523 226 251 
494 239 267 
535 230 235 
576 262 162 
498 300 202 
