0 0 443 0 0 
0 3 482 0 0 
0 0 522 0 0 
0 0 543 0 0 
0 0 538 0 0 
0 0 516 0 0 
0 0 550 0 0 
0 0 490 5 0 
0 0 571 0 0 
0 0 549 0 0 
0 0 509 0 0 
0 0 503 0 0 
0 1 499 1 0 
0 0 520 0 0 
0 0 582 7 0 
0 0 484 0 0 
0 0 503 1 0 
0 1 529 0 0 
0 0 492 0 0 
0 1 528 0 0 
0 0 537 6 0 
0 0 466 0 0 
0 0 602 0 0 
0 0 504 0 0 
0 3 522 1 0 
0 0 552 0 0 
0 0 518 0 0 
0 0 479 0 0 
0 0 535 0 0 
0 0 446 1 0 
0 9 503 0 0 
0 0 553 6 0 
0 0 508 0 0 
0 0 471 21 0 
0 0 501 0 0 
0 0 594 0 0 
0 0 551 0 0 
0 0 548 0 0 
0 15 539 0 0 
0 0 511 0 0 
0 0 495 0 0 
0 1 461 0 0 
0 0 522 7 0 
0 0 489 0 0 
0 0 452 0 0 
0 0 494 3 0 
0 0 533 0 0 
0 0 525 0 0 
0 4 481 0 0 
0 0 579 0 0 
0 0 511 0 0 
0 0 529 0 0 
0 0 561 0 0 
0 2 449 2 0 
0 0 511 0 0 
0 0 572 2 0 
0 0 643 0 0 
0 0 462 0 0 
0 0 532 0 0 
0 0 516 0 0 
0 2 461 0 0 
0 0 546 0 0 
0 0 484 0 0 
0 0 483 0 0 
0 20 484 0 0 
0 0 523 10 0 
0 0 539 0 0 
0 0 479 0 0 
0 0 523 0 0 
0 0 506 3 0 
0 0 595 0 0 
0 2 496 0 0 
0 16 388 0 0 
0 0 551 0 0 
0 0 543 0 0 
0 0 467 0 0 
0 0 472 8 0 
0 0 549 0 0 
0 3 490 25 0 
0 0 437 8 0 
0 0 639 0 0 
0 0 526 0 0 
0 0 510 0 0 
0 5 525 0 0 
0 5 450 3 0 
0 0 505 1 0 
0 0 581 0 0 
0 0 557 0 0 
0 0 515 7 0 
0 0 439 0 0 
0 0 479 0 0 
0 0 395 0 0 
0 0 616 1 0 
0 0 481 0 0 
0 0 482 0 0 
0 0 516 0 0 
0 0 472 0 0 
0 1 555 6 0 
0 0 588 0 0 
0 0 517 0 0 
0 0 553 0 0 
0 0 472 0 0 
0 8 588 1 0 
0 24 525 0 0 
0 0 590 0 0 
0 0 494 0 0 
0 0 564 0 0 
0 0 505 0 0 
0 0 580 0 0 
0 0 487 0 0 
0 0 521 0 0 
0 0 501 0 0 
0 0 591 0 0 
0 0 521 5 0 
0 2 521 0 0 
0 7 482 11 0 
0 11 468 0 0 
0 0 539 0 0 
0 0 569 3 0 
0 2 569 0 0 
0 0 577 1 0 
0 0 541 0 0 
0 0 549 0 0 
0 0 562 0 0 
1 1 497 13 0 
0 0 498 3 0 
0 0 524 0 0 
0 0 515 0 0 
0 0 475 0 0 
0 0 495 3 0 
0 71 479 0 0 
0 0 474 0 0 
0 0 503 0 0 
0 0 487 0 0 
0 0 573 0 0 
0 24 539 0 0 
0 7 491 0 0 
0 2 388 0 0 
0 0 478 0 0 
0 0 538 0 0 
0 0 507 0 0 
0 0 510 0 0 
0 7 571 0 0 
0 0 495 0 0 
0 0 452 0 0 
0 0 522 0 0 
0 0 510 32 0 
0 0 537 0 0 
0 3 510 0 0 
0 0 456 0 0 
0 2 597 0 0 
0 0 496 0 0 
0 0 484 0 0 
0 29 529 0 0 
0 0 536 0 0 
0 0 537 0 0 
0 0 647 0 0 
0 0 480 0 0 
0 0 524 0 0 
0 0 553 3 0 
0 0 506 10 0 
0 1 394 15 0 
0 0 532 0 0 
0 0 498 7 0 
0 2 569 0 0 
0 0 452 0 0 
0 0 584 0 0 
0 1 531 0 0 
0 0 554 0 0 
0 0 479 18 0 
0 0 599 12 0 
0 3 474 2 0 
0 17 597 1 0 
0 0 573 0 0 
0 0 466 0 0 
0 0 546 0 0 
0 11 452 0 0 
0 0 504 0 0 
0 0 550 0 0 
0 39 488 2 0 
0 0 525 0 0 
0 0 491 0 0 
0 0 531 0 0 
0 0 514 0 0 
0 4 504 0 0 
0 0 516 0 0 
0 7 544 3 0 
0 0 571 26 0 
0 0 513 0 0 
0 0 540 0 0 
0 0 568 0 0 
0 0 549 0 0 
0 0 596 0 0 
0 0 469 0 0 
0 0 560 17 0 
0 0 528 0 0 
0 0 473 6 0 
0 0 510 2 0 
0 0 507 0 0 
0 0 563 0 0 
0 0 533 0 0 
0 0 493 5 0 
0 0 471 0 0 
0 1 521 0 0 
1 0 606 0 0 
0 0 651 0 0 
0 0 637 0 0 
0 13 501 5 0 
0 0 508 0 0 
0 0 533 0 0 
0 0 559 0 0 
4 1 463 0 0 
0 0 520 0 0 
0 0 493 0 0 
0 0 522 0 0 
0 4 531 0 0 
0 59 471 0 0 
0 0 480 0 0 
0 0 547 0 0 
0 0 466 0 0 
0 0 485 0 0 
0 8 529 0 0 
0 0 551 0 0 
0 0 466 0 0 
0 0 546 0 0 
0 0 503 0 0 
0 18 488 5 0 
0 0 514 0 0 
0 10 518 5 0 
0 0 517 0 0 
0 4 570 0 0 
0 0 549 2 0 
0 0 460 0 0 
0 0 464 0 0 
0 3 526 0 0 
0 3 502 7 0 
0 0 478 0 0 
0 0 469 0 0 
0 14 533 0 0 
0 22 514 0 0 
0 0 457 0 0 
0 0 467 0 0 
0 0 506 29 0 
0 6 505 39 0 
0 0 518 0 0 
0 1 591 0 0 
0 1 422 18 0 
0 0 558 0 0 
0 0 570 0 0 
0 0 612 0 0 
0 21 466 0 0 
0 0 474 0 0 
0 0 570 0 0 
0 0 520 0 0 
0 0 636 0 0 
0 4 518 0 0 
0 0 572 0 0 
0 0 546 0 0 
0 0 519 0 0 
0 2 500 0 0 
0 0 553 0 0 
0 0 518 0 0 
0 8 617 0 0 
0 0 568 0 0 
0 0 535 0 0 
0 0 597 3 0 
0 0 525 6 0 
0 1 480 0 0 
0 0 540 0 0 
0 0 628 0 0 
0 0 568 0 0 
0 0 537 0 0 
0 3 622 0 0 
0 0 538 0 0 
0 0 508 0 0 
0 5 458 0 0 
0 0 604 0 0 
0 0 540 0 0 
0 0 580 0 0 
0 0 576 0 0 
0 0 547 0 0 
0 0 532 0 0 
0 0 509 0 0 
0 0 522 0 0 
0 0 557 10 0 
0 0 411 0 0 
0 0 546 6 0 
0 0 536 3 0 
0 0 511 14 0 
0 0 498 0 0 
0 0 458 0 0 
1 2 520 0 0 
0 0 464 0 0 
0 0 541 0 0 
0 0 518 0 0 
0 0 508 0 0 
0 0 468 0 0 
0 0 476 0 0 
0 0 602 7 0 
0 0 546 4 0 
0 0 631 2 0 
0 0 508 0 0 
0 0 466 0 0 
0 0 482 12 0 
0 0 541 0 0 
0 0 557 0 0 
0 2 542 0 0 
0 9 434 0 0 
0 0 585 2 0 
0 0 564 0 0 
0 0 604 0 0 
0 0 506 0 0 
0 4 488 0 0 
0 2 498 0 0 
0 1 481 0 0 
0 0 605 0 0 
0 0 463 0 0 
0 1 567 0 0 
0 0 540 0 0 
0 0 476 0 0 
0 0 559 0 0 
0 0 506 0 0 
0 5 562 5 0 
0 0 539 0 0 
0 0 698 0 0 
0 0 627 4 0 
0 0 626 0 0 
0 0 581 0 0 
0 0 534 0 0 
0 0 647 0 0 
0 0 498 7 0 
0 0 604 0 0 
0 0 570 12 0 
0 1 523 0 0 
0 2 513 0 0 
0 9 436 0 0 
0 0 493 0 0 
0 0 462 0 0 
0 0 583 0 0 
0 0 463 0 0 
0 0 523 0 0 
0 0 463 39 0 
0 0 513 0 0 
0 0 526 0 0 
0 0 525 0 0 
0 5 532 1 0 
0 0 529 0 0 
0 0 491 0 0 
0 0 588 0 0 
0 8 480 0 0 
0 0 473 0 0 
0 0 553 0 0 
0 5 519 0 0 
0 0 488 0 0 
0 0 562 0 0 
0 4 489 0 0 
0 0 521 5 0 
0 0 502 21 0 
0 0 554 0 0 
0 0 474 0 0 
0 4 445 0 0 
0 1 507 0 0 
0 0 562 0 0 
0 0 542 0 0 
0 1 480 0 0 
0 0 448 0 0 
0 0 450 0 0 
0 0 509 0 0 
0 7 540 0 0 
0 0 502 0 0 
0 0 553 19 0 
0 0 499 0 0 
0 0 634 0 0 
0 0 563 0 0 
0 0 441 0 0 
0 0 431 0 0 
0 0 437 0 0 
0 0 525 0 0 
0 0 528 7 0 
0 24 461 0 0 
0 0 540 0 0 
0 0 557 0 0 
0 0 606 0 0 
0 0 449 0 0 
0 0 543 4 0 
0 0 560 2 0 
0 1 489 0 0 
0 0 462 0 0 
0 0 534 0 0 
0 0 474 0 0 
0 0 543 0 0 
0 0 484 0 0 
0 2 381 0 0 
0 0 529 0 0 
0 7 460 5 0 
0 2 519 0 0 
0 0 520 6 0 
0 0 500 0 0 
0 0 575 1 0 
0 1 508 3 0 
0 0 517 0 0 
0 1 500 0 0 
0 0 617 0 0 
0 0 496 0 0 
0 1 529 0 0 
0 0 503 0 0 
0 0 565 0 0 
0 0 505 0 0 
0 0 524 0 0 
0 0 577 0 0 
0 0 518 0 0 
0 0 497 0 0 
0 0 499 3 0 
0 0 596 0 0 
0 9 507 0 0 
0 0 484 0 0 
0 0 532 0 0 
0 0 466 2 0 
0 1 469 12 0 
0 0 593 0 0 
0 0 563 0 0 
0 0 523 0 0 
0 0 477 0 0 
0 0 579 0 0 
0 0 470 0 0 
0 1 530 0 0 
0 0 487 0 0 
0 0 524 0 0 
0 0 619 0 0 
0 0 536 0 0 
0 0 507 0 0 
0 0 512 2 0 
0 0 471 0 0 
0 0 561 5 0 
0 0 512 0 0 
0 0 519 0 0 
0 0 540 0 0 
0 22 537 0 0 
0 0 537 0 0 
1 0 648 0 0 
0 0 504 0 0 
0 0 596 0 0 
0 27 459 11 0 
0 0 551 0 0 
0 0 475 11 0 
0 0 536 0 0 
0 0 479 10 0 
0 0 566 0 0 
0 0 503 0 0 
0 0 498 0 0 
0 0 496 17 0 
0 0 441 0 0 
0 0 453 0 0 
0 0 521 3 0 
0 0 428 0 0 
0 0 568 0 0 
1 0 499 0 0 
0 0 531 3 0 
0 30 545 0 0 
0 0 486 0 0 
0 8 577 0 0 
0 0 496 0 0 
0 0 508 4 0 
0 0 542 0 0 
0 0 573 0 0 
0 0 427 1 0 
0 0 515 0 0 
0 0 501 0 0 
0 0 551 0 0 
0 1 498 0 0 
0 0 532 0 0 
0 0 515 1 0 
0 0 540 0 0 
0 0 441 0 0 
0 0 488 0 0 
0 0 523 0 0 
0 0 554 8 0 
0 0 615 0 0 
0 0 551 3 0 
0 0 473 0 0 
0 0 458 0 0 
0 0 527 0 0 
0 0 486 0 0 
0 0 548 0 0 
1 0 468 0 0 
0 0 487 0 0 
0 0 568 5 0 
0 0 548 1 0 
0 0 529 0 0 
0 0 573 0 0 
0 0 525 0 0 
0 0 403 0 0 
0 9 463 0 0 
0 0 522 0 0 
0 3 438 0 0 
0 0 491 0 0 
0 0 505 0 0 
0 0 586 1 0 
0 18 505 0 0 
0 5 562 0 0 
0 0 490 0 0 
0 0 464 0 0 
0 0 450 0 0 
0 0 480 0 0 
0 0 553 0 0 
0 0 528 0 0 
0 4 495 0 0 
0 0 575 1 0 
0 20 444 0 0 
0 0 496 2 0 
0 9 468 1 0 
0 0 475 11 0 
0 0 460 0 0 
0 0 532 0 0 
0 0 494 0 0 
0 2 513 0 0 
0 0 484 3 0 
0 0 434 0 0 
0 9 526 0 0 
0 0 527 0 0 
0 0 592 5 0 
0 0 550 0 0 
0 0 652 0 0 
0 0 478 5 0 
0 0 470 0 0 
0 0 550 0 0 
0 3 476 0 0 
0 0 411 0 0 
0 0 556 0 0 
0 0 569 0 0 
0 0 653 0 0 
0 0 532 2 0 
0 0 538 0 0 
0 0 548 0 0 
0 1 470 0 0 
0 0 451 0 0 
0 0 516 0 0 
0 0 530 0 0 
0 0 522 0 0 
0 0 463 0 0 
0 0 633 1 0 
0 0 551 0 0 
0 0 508 1 0 
0 0 522 0 0 
0 0 549 0 0 
0 0 425 25 0 
0 4 557 0 0 
0 0 465 0 0 
0 5 572 0 0 
0 0 588 0 0 
0 0 482 0 0 
0 0 521 0 0 
0 0 455 1 0 
0 7 435 0 0 
0 0 539 9 0 
0 0 598 0 0 
0 0 540 0 0 
0 0 470 1 0 
0 0 542 0 0 
0 0 558 0 0 
0 0 544 0 0 
0 1 542 0 0 
0 0 552 0 0 
0 0 573 0 0 
0 11 516 0 0 
0 0 472 0 0 
0 23 503 9 0 
0 0 447 5 0 
0 0 542 0 0 
0 0 494 1 0 
0 0 516 3 0 
0 0 457 0 0 
0 0 508 0 0 
0 0 527 0 0 
0 2 587 0 0 
0 0 590 0 0 
0 0 573 0 0 
0 0 570 0 0 
0 0 546 0 0 
0 0 532 1 0 
0 0 470 0 0 
0 0 575 0 0 
0 0 513 3 0 
1 0 509 0 0 
0 9 526 0 0 
0 0 553 0 0 
0 0 545 7 0 
0 0 381 0 0 
0 4 442 0 0 
0 0 491 0 0 
0 0 482 0 0 
0 0 459 0 0 
0 0 464 0 0 
0 0 557 0 0 
0 0 544 0 0 
0 0 473 0 0 
0 3 619 0 0 
0 0 545 0 0 
0 0 509 0 0 
0 1 490 0 0 
0 0 559 0 0 
0 0 484 0 0 
0 0 516 12 0 
0 0 536 0 0 
0 0 546 0 0 
0 0 467 0 0 
0 0 509 0 0 
0 0 494 0 0 
0 3 516 0 0 
0 0 575 0 0 
0 2 539 0 0 
0 3 480 0 0 
0 0 542 0 0 
0 4 475 1 0 
0 0 573 0 0 
0 0 527 0 0 
0 0 564 0 0 
0 0 553 0 0 
0 0 533 3 0 
0 0 501 0 0 
0 2 574 0 0 
0 1 543 0 0 
0 0 521 24 0 
0 0 490 0 0 
0 0 531 0 0 
0 0 486 4 0 
0 0 471 0 0 
0 0 533 0 0 
0 0 436 8 0 
0 0 480 0 0 
0 0 520 0 0 
0 0 556 0 0 
0 0 521 3 0 
0 0 555 0 0 
0 0 505 0 0 
0 0 553 0 0 
0 0 500 1 0 
0 0 440 0 0 
0 0 542 0 0 
0 0 523 0 0 
0 0 467 0 0 
0 0 599 0 0 
0 0 471 0 0 
0 0 508 0 0 
0 0 447 0 0 
0 0 494 0 0 
0 2 522 0 0 
0 0 461 0 0 
0 0 510 0 0 
0 0 573 4 0 
0 0 695 0 0 
0 0 628 0 0 
0 7 500 0 0 
0 0 529 1 0 
0 0 495 1 0 
0 9 547 0 0 
0 0 534 0 0 
0 0 548 0 0 
0 2 536 0 0 
0 0 444 0 0 
0 1 532 0 0 
0 0 552 0 0 
0 5 433 0 0 
0 0 547 0 0 
0 0 556 0 0 
0 0 526 0 0 
0 0 524 0 0 
0 0 544 0 0 
0 0 495 0 0 
0 0 569 0 0 
0 0 516 0 0 
0 0 507 0 0 
0 0 549 0 0 
0 0 551 0 0 
0 0 562 0 0 
0 2 518 4 0 
0 0 559 0 0 
0 0 513 0 0 
0 0 515 0 0 
0 0 573 0 0 
0 0 553 0 0 
0 0 570 2 0 
0 0 600 0 0 
0 0 540 0 0 
0 12 556 0 0 
0 0 523 0 0 
0 0 469 0 0 
0 0 492 4 0 
0 0 534 0 0 
0 2 518 0 0 
0 0 503 0 0 
0 1 537 5 0 
0 0 565 0 0 
0 0 479 0 0 
0 0 549 0 0 
0 4 554 0 0 
0 0 404 0 0 
0 0 516 0 0 
0 0 616 5 0 
0 0 476 0 0 
0 12 570 0 0 
0 11 533 6 0 
0 0 448 20 0 
0 0 461 0 0 
0 0 576 0 0 
0 0 591 0 0 
0 0 497 0 0 
0 0 525 0 0 
0 0 586 0 0 
0 0 561 0 0 
0 0 535 0 0 
0 0 661 0 0 
0 0 523 0 0 
0 0 508 0 0 
0 8 510 0 0 
0 0 554 0 0 
0 0 451 1 0 
0 0 624 0 0 
0 0 499 3 0 
0 2 502 0 0 
0 13 508 1 0 
0 0 474 0 0 
0 0 544 0 0 
0 0 518 0 0 
0 0 564 0 0 
0 0 560 0 0 
0 50 497 0 0 
0 0 495 0 0 
0 2 567 0 0 
0 1 489 0 0 
0 0 480 0 0 
0 0 515 0 0 
0 7 582 0 0 
0 0 580 0 0 
0 0 454 0 0 
0 2 522 10 0 
0 10 550 1 0 
0 0 530 0 0 
0 0 416 1 0 
0 0 468 0 0 
0 1 521 0 0 
0 0 500 0 0 
0 0 522 0 0 
0 5 509 0 0 
0 0 526 0 0 
0 0 501 0 0 
0 0 400 0 0 
0 0 508 0 0 
0 0 562 0 0 
0 0 496 0 0 
0 0 537 0 0 
1 0 520 0 0 
0 0 528 0 0 
0 0 482 0 0 
0 4 555 1 0 
0 0 499 0 0 
0 0 513 0 0 
0 0 555 0 0 
0 0 468 0 0 
0 0 527 4 0 
0 9 447 12 0 
0 0 516 0 0 
0 0 554 0 0 
0 0 503 0 0 
0 14 592 0 0 
0 0 500 0 0 
0 8 430 0 0 
0 0 540 0 0 
0 0 491 0 0 
0 0 569 0 0 
0 6 481 0 0 
0 0 590 0 0 
0 0 535 0 0 
0 1 510 0 0 
0 0 504 0 0 
0 0 550 0 0 
0 0 509 0 0 
0 0 509 0 0 
0 0 581 0 0 
0 0 570 4 0 
0 2 586 0 0 
0 0 461 0 0 
0 0 531 0 0 
0 0 512 5 0 
0 0 598 0 0 
0 0 548 0 0 
0 9 559 2 0 
0 0 550 37 0 
0 0 521 0 0 
0 0 524 0 0 
0 0 496 0 0 
0 0 571 0 0 
0 0 540 0 0 
0 0 480 0 0 
0 0 566 2 0 
0 0 571 0 0 
0 0 499 0 0 
0 0 597 4 0 
0 10 558 0 0 
0 0 491 0 0 
0 0 457 20 0 
0 0 478 0 0 
0 0 453 3 0 
0 0 496 0 0 
0 0 550 0 0 
0 0 616 0 0 
0 1 533 3 0 
0 0 553 0 0 
0 0 523 0 0 
0 0 577 0 0 
0 0 532 0 0 
0 0 530 0 0 
0 0 479 0 0 
0 0 478 0 0 
0 1 586 0 0 
0 0 582 0 0 
0 0 518 0 0 
0 0 515 0 0 
0 5 574 16 0 
0 0 545 0 0 
0 0 519 0 0 
0 0 519 0 0 
0 0 588 0 0 
0 0 618 0 0 
0 0 446 0 0 
0 2 407 9 0 
0 0 454 1 0 
0 0 564 0 0 
0 0 516 0 0 
0 0 513 0 0 
0 0 566 0 0 
0 0 560 0 0 
0 0 503 0 0 
0 0 422 0 0 
0 0 656 0 0 
0 0 656 0 0 
0 0 502 0 0 
0 0 538 0 0 
0 0 488 0 0 
0 0 529 0 0 
0 0 508 0 0 
0 0 563 0 0 
0 0 593 0 0 
0 1 552 0 0 
0 0 538 1 0 
0 0 527 15 0 
0 0 674 0 0 
0 0 549 0 0 
0 0 520 0 0 
0 0 543 0 0 
0 10 509 0 0 
0 0 512 0 0 
0 4 605 0 0 
0 0 487 0 0 
0 0 567 0 0 
0 0 437 0 0 
0 0 532 0 0 
0 0 623 0 0 
0 0 535 0 0 
0 0 482 0 0 
0 9 487 0 0 
0 3 546 0 0 
0 2 520 0 0 
0 0 486 0 0 
0 0 536 1 0 
0 0 489 1 0 
0 0 595 0 0 
0 0 525 1 0 
0 0 570 0 0 
0 0 535 0 0 
0 0 509 1 0 
0 0 611 6 0 
0 0 525 0 0 
0 0 500 0 0 
0 0 533 0 0 
0 33 465 0 0 
0 0 524 0 0 
0 0 534 0 0 
0 3 512 37 0 
0 0 594 0 0 
0 27 514 0 0 
0 0 590 0 0 
0 0 548 0 0 
0 0 567 0 0 
0 0 696 0 0 
0 0 620 0 0 
0 1 499 0 0 
0 1 469 0 0 
0 0 553 2 0 
0 0 602 0 0 
0 0 498 0 0 
0 10 552 0 0 
0 0 460 0 0 
0 0 575 0 0 
0 1 490 0 0 
0 0 564 0 0 
0 0 503 0 0 
0 0 487 0 0 
0 0 558 0 0 
0 0 560 14 0 
0 0 574 0 0 
0 0 498 0 0 
0 0 551 0 0 
0 0 498 0 0 
0 0 555 0 0 
0 0 420 6 0 
0 0 640 0 0 
0 17 480 0 0 
0 0 473 0 0 
0 1 639 14 0 
0 43 529 0 0 
0 0 511 0 0 
0 0 571 0 0 
0 0 437 0 0 
0 1 439 2 0 
0 0 529 0 0 
0 0 470 1 0 
0 0 403 0 0 
0 0 484 0 0 
0 0 581 0 0 
0 4 517 0 0 
0 0 545 0 0 
0 0 629 0 0 
0 0 755 0 0 
0 0 510 0 0 
0 0 594 1 0 
0 0 456 0 0 
0 0 616 0 0 
0 0 521 0 0 
0 0 482 2 0 
0 0 488 0 0 
0 0 553 0 0 
0 5 600 0 0 
0 0 491 0 0 
0 0 414 0 0 
0 4 566 0 0 
0 0 425 0 0 
0 4 519 0 0 
0 0 541 0 0 
0 0 476 1 0 
0 0 542 0 0 
0 0 551 0 0 
0 0 523 0 0 
0 0 453 0 0 
0 0 482 0 0 
0 0 569 0 0 
0 0 593 0 0 
0 3 555 0 0 
0 0 493 30 0 
0 0 542 0 0 
0 0 561 0 0 
0 0 488 0 0 
0 0 444 0 0 
0 6 623 0 0 
0 0 610 0 0 
0 0 492 4 0 
0 0 495 1 0 
0 0 502 2 0 
0 0 536 0 0 
0 0 402 0 0 
0 1 525 9 0 
0 0 495 0 0 
0 0 480 0 0 
0 0 548 0 0 
0 0 444 0 0 
0 0 520 0 0 
0 1 473 1 0 
0 0 461 0 0 
0 0 470 3 0 
0 0 490 0 0 
0 0 523 0 0 
0 0 536 0 0 
0 0 532 0 0 
0 0 485 0 0 
0 0 491 0 0 
0 0 568 0 0 
0 5 477 0 0 
0 0 553 1 0 
0 3 538 5 0 
0 3 429 0 0 
0 0 537 0 0 
0 5 537 0 0 
0 0 575 0 0 
0 1 489 0 0 
0 0 536 3 0 
0 10 581 0 0 
0 1 526 0 0 
0 0 486 0 0 
0 0 482 0 0 
0 0 596 0 0 
0 0 558 0 0 
0 0 568 0 0 
0 0 584 0 0 
0 0 689 1 0 
0 0 507 0 0 
0 0 618 0 0 
0 0 574 0 0 
0 3 506 15 0 
0 0 575 10 0 
0 0 511 0 0 
