0 205 25 
0 267 16 
0 268 3 
0 157 13 
0 233 45 
0 257 11 
0 182 9 
0 215 37 
0 230 0 
0 191 40 
0 190 5 
0 201 6 
0 194 22 
0 279 14 
0 259 3 
0 245 1 
0 241 23 
0 227 22 
0 188 1 
0 196 17 
0 165 86 
0 232 8 
0 266 7 
0 208 64 
0 275 5 
0 227 7 
0 253 34 
0 210 24 
0 261 51 
0 264 10 
0 214 66 
0 234 37 
0 224 9 
0 239 12 
0 244 4 
0 258 13 
0 207 22 
0 178 63 
0 193 18 
0 177 18 
0 220 47 
0 189 19 
0 215 29 
0 211 1 
0 194 15 
0 209 6 
0 232 51 
0 231 11 
0 155 33 
0 237 111 
0 210 35 
0 212 9 
0 211 27 
0 211 19 
0 271 16 
0 240 3 
0 190 34 
0 265 6 
0 157 35 
0 198 33 
0 221 5 
0 175 7 
0 251 7 
0 276 11 
0 188 28 
0 183 21 
0 229 10 
0 254 16 
0 152 7 
0 231 16 
0 237 25 
0 197 23 
0 238 8 
0 218 5 
0 232 27 
0 233 13 
0 219 84 
0 235 2 
0 167 29 
0 183 9 
0 183 14 
0 246 13 
0 221 28 
0 212 4 
0 248 15 
0 206 6 
0 228 24 
0 224 11 
0 223 23 
0 167 14 
0 168 19 
0 188 10 
0 229 8 
0 200 64 
0 185 21 
0 255 45 
0 261 14 
0 195 7 
0 235 20 
0 200 5 
0 221 7 
0 176 9 
0 201 10 
0 166 45 
0 280 46 
0 208 36 
0 199 11 
0 215 31 
0 222 11 
0 232 20 
0 246 9 
0 216 24 
0 209 15 
0 197 32 
0 207 10 
0 197 136 
0 259 17 
0 158 19 
0 189 40 
0 207 10 
0 247 17 
0 165 17 
0 196 16 
0 228 4 
0 257 15 
0 212 13 
0 266 24 
0 194 13 
0 177 37 
0 207 4 
0 202 15 
0 227 8 
0 193 17 
0 257 4 
0 214 20 
0 254 0 
0 212 8 
0 322 26 
0 202 31 
0 234 27 
0 174 18 
0 261 21 
0 239 19 
0 259 34 
0 187 20 
0 257 29 
0 232 6 
0 230 31 
0 240 11 
0 267 0 
0 179 16 
0 206 47 
0 212 25 
0 195 10 
0 167 0 
0 197 3 
0 202 7 
0 204 18 
0 197 6 
0 188 9 
0 209 5 
0 257 17 
0 147 15 
0 203 35 
0 216 13 
0 195 9 
0 293 16 
0 169 97 
0 178 4 
0 265 16 
0 246 7 
0 236 12 
0 273 19 
0 188 39 
0 211 10 
0 238 14 
0 242 14 
0 252 13 
0 265 3 
0 201 18 
0 211 5 
0 181 29 
0 184 26 
0 208 4 
0 298 6 
0 227 19 
0 155 10 
0 258 2 
0 167 29 
0 196 18 
0 229 4 
0 210 38 
0 137 29 
0 211 5 
0 234 23 
0 212 9 
0 221 90 
0 192 15 
0 214 90 
0 245 19 
0 133 45 
0 181 17 
0 243 78 
0 213 9 
0 184 2 
0 180 11 
0 203 6 
0 249 18 
0 241 7 
0 208 52 
0 214 41 
0 215 30 
0 168 27 
0 246 34 
0 214 31 
0 273 7 
0 169 2 
0 239 14 
0 170 23 
0 225 13 
0 182 9 
0 204 16 
0 230 7 
0 248 21 
0 197 7 
0 157 14 
0 252 11 
0 196 6 
0 286 7 
0 200 16 
0 202 32 
0 237 8 
0 259 36 
0 190 6 
0 204 9 
0 182 13 
0 188 32 
0 232 81 
0 227 4 
0 179 24 
0 187 15 
0 206 31 
0 220 42 
0 204 37 
0 216 34 
0 237 35 
0 217 8 
0 205 68 
0 164 12 
0 275 9 
0 170 0 
0 206 17 
0 235 23 
0 202 12 
0 229 19 
0 264 7 
0 202 14 
0 186 48 
0 196 3 
0 203 41 
0 211 0 
0 165 4 
0 190 14 
0 223 6 
0 184 32 
0 225 27 
0 288 4 
0 169 58 
0 261 6 
0 254 2 
0 200 18 
0 169 22 
0 237 7 
0 216 34 
0 282 10 
0 199 5 
0 222 43 
0 267 10 
0 185 2 
0 222 12 
0 216 64 
0 171 16 
0 223 29 
0 221 0 
0 213 15 
0 191 12 
0 204 8 
0 231 20 
0 208 5 
0 179 37 
0 224 7 
0 245 63 
0 245 5 
0 266 11 
0 189 47 
0 216 6 
0 164 31 
0 185 26 
0 262 20 
0 160 16 
0 172 88 
0 157 5 
0 255 25 
0 179 13 
0 223 7 
0 235 19 
0 185 13 
0 218 21 
0 167 49 
0 216 13 
0 199 28 
0 241 13 
0 148 9 
0 182 25 
0 223 90 
0 245 34 
0 221 7 
0 176 4 
0 186 32 
0 235 39 
0 235 4 
0 205 31 
0 231 25 
0 186 29 
0 203 24 
0 200 42 
0 184 6 
0 138 19 
0 204 10 
0 240 25 
0 254 34 
0 266 13 
0 256 1 
0 244 3 
0 217 10 
0 237 9 
0 232 18 
0 252 21 
0 219 27 
0 198 10 
0 248 17 
0 281 5 
0 260 8 
0 250 51 
0 204 15 
0 245 23 
0 231 25 
0 250 6 
0 181 19 
0 271 17 
0 245 10 
0 234 35 
0 248 25 
0 206 0 
0 185 10 
0 224 13 
0 185 3 
0 268 7 
0 210 15 
0 147 12 
0 148 3 
0 222 31 
0 204 9 
0 251 48 
0 181 82 
0 249 59 
0 141 9 
0 275 29 
0 234 8 
0 213 6 
0 267 41 
0 190 35 
0 180 1 
0 223 25 
0 218 13 
0 144 36 
0 209 15 
0 201 12 
0 216 6 
0 244 3 
0 194 28 
0 204 19 
0 193 5 
0 212 2 
0 207 13 
0 177 15 
0 216 20 
0 218 26 
0 163 31 
0 236 11 
0 210 23 
0 222 5 
0 204 40 
0 215 63 
0 239 11 
0 268 23 
0 230 25 
0 233 44 
0 228 8 
0 226 22 
0 211 41 
0 195 2 
0 197 8 
0 220 18 
0 148 41 
0 189 28 
0 227 5 
0 209 9 
0 200 29 
0 185 17 
0 222 9 
0 266 35 
0 204 13 
0 174 47 
0 199 46 
0 208 22 
0 206 5 
0 265 11 
0 248 22 
0 261 10 
0 226 9 
0 229 8 
0 207 33 
0 187 1 
0 212 3 
0 262 3 
0 159 11 
0 227 2 
0 197 56 
0 242 2 
0 236 26 
0 254 28 
0 227 25 
0 164 25 
0 167 18 
0 210 12 
0 238 2 
0 159 1 
0 216 1 
0 143 11 
0 236 32 
0 230 14 
0 212 2 
0 210 23 
0 193 69 
0 230 79 
0 275 39 
0 186 9 
0 208 10 
0 203 7 
0 235 34 
0 223 112 
0 220 34 
0 260 7 
0 219 44 
0 183 44 
0 192 1 
0 239 13 
0 206 4 
0 234 17 
0 215 37 
0 243 5 
0 196 18 
0 237 6 
0 206 16 
0 217 13 
0 257 47 
0 182 32 
0 280 14 
0 205 16 
0 201 27 
0 212 6 
0 224 11 
0 221 17 
0 178 13 
0 158 13 
0 196 16 
0 289 16 
0 210 7 
0 199 5 
0 250 5 
0 267 28 
0 200 10 
0 236 23 
0 179 5 
0 239 11 
0 181 38 
0 262 5 
0 163 9 
0 207 27 
0 201 55 
0 207 5 
0 193 23 
0 148 10 
0 185 12 
0 231 11 
0 197 30 
0 237 14 
0 208 0 
0 209 36 
0 228 12 
0 236 61 
0 221 5 
0 167 5 
0 234 20 
0 237 35 
0 198 13 
0 125 2 
0 206 9 
0 229 11 
0 198 19 
0 202 26 
0 195 8 
0 204 8 
0 201 26 
0 211 11 
0 250 14 
0 270 3 
0 171 16 
0 198 28 
0 198 22 
0 193 1 
0 204 58 
0 192 32 
0 217 8 
0 274 21 
0 260 8 
0 245 0 
0 212 30 
0 180 26 
0 220 7 
0 251 23 
0 175 29 
0 202 29 
0 155 47 
0 192 16 
0 220 14 
0 162 21 
0 202 2 
0 187 30 
0 215 21 
0 202 23 
0 258 0 
0 219 5 
0 199 14 
0 247 5 
0 215 24 
0 239 28 
0 227 13 
0 202 15 
0 258 23 
0 192 24 
0 212 7 
0 205 8 
0 195 2 
0 208 6 
0 236 5 
0 258 11 
0 203 7 
0 227 12 
0 144 26 
0 146 23 
0 240 15 
0 189 13 
0 219 44 
0 246 20 
0 203 8 
0 226 20 
0 171 3 
0 239 3 
0 206 7 
0 218 19 
0 273 5 
0 167 1 
0 176 5 
0 212 18 
0 166 53 
0 237 25 
0 227 15 
0 176 2 
0 207 7 
0 192 19 
0 217 33 
0 234 3 
0 193 41 
0 212 13 
0 268 9 
0 238 10 
0 213 11 
0 173 0 
0 209 45 
0 194 24 
0 165 4 
0 236 14 
0 182 36 
0 269 15 
0 202 14 
0 198 11 
0 311 1 
0 242 35 
0 249 10 
0 207 9 
0 144 27 
0 167 13 
0 233 11 
0 232 29 
0 164 1 
0 186 12 
0 216 9 
0 243 29 
0 180 15 
0 183 9 
0 210 3 
0 204 3 
0 171 20 
0 183 17 
0 226 22 
0 165 9 
0 223 7 
0 240 49 
0 246 61 
0 289 37 
0 158 9 
0 216 4 
0 237 22 
0 252 15 
0 256 17 
0 202 0 
0 254 25 
0 231 11 
0 262 3 
0 222 33 
0 231 4 
0 238 58 
0 184 23 
0 240 22 
0 228 8 
0 275 8 
0 241 6 
0 231 3 
0 180 37 
0 204 34 
0 215 6 
0 224 8 
0 214 43 
0 200 14 
0 269 12 
0 282 11 
0 253 0 
0 174 21 
0 193 14 
0 234 21 
0 201 2 
0 155 22 
0 227 2 
0 258 9 
0 292 5 
0 154 15 
0 221 23 
0 236 45 
0 220 20 
0 204 31 
0 198 26 
0 140 11 
0 141 10 
0 231 32 
0 218 65 
0 206 30 
0 182 12 
0 263 0 
0 197 17 
0 207 2 
0 238 93 
0 200 28 
0 213 25 
0 225 0 
0 171 16 
0 179 20 
0 218 3 
0 176 23 
0 162 25 
0 155 0 
0 181 10 
0 222 41 
0 192 24 
0 183 11 
0 195 33 
0 261 8 
0 176 72 
0 204 1 
0 216 37 
0 225 15 
0 174 12 
0 176 39 
0 211 19 
0 180 19 
0 205 12 
0 270 21 
0 207 11 
0 215 5 
0 191 10 
0 223 17 
0 192 3 
0 193 31 
0 250 16 
0 208 5 
0 221 13 
0 229 8 
0 259 7 
0 257 6 
0 183 18 
0 217 28 
0 223 9 
0 261 25 
0 206 37 
0 215 48 
0 173 16 
0 225 5 
0 192 2 
0 232 9 
0 268 38 
0 279 6 
0 263 15 
0 229 2 
0 162 11 
0 211 10 
0 246 7 
0 135 32 
0 137 8 
0 189 56 
0 196 22 
0 164 29 
0 204 28 
0 234 4 
0 222 17 
0 196 23 
0 210 21 
0 231 15 
0 213 12 
0 216 22 
0 197 14 
0 250 19 
0 207 11 
0 188 37 
0 219 8 
0 193 37 
0 238 24 
0 209 6 
0 308 28 
0 200 6 
0 163 0 
0 222 48 
0 177 15 
0 229 9 
0 215 41 
0 272 40 
0 269 27 
0 196 24 
0 250 16 
0 237 1 
0 232 17 
0 197 20 
0 200 21 
0 224 7 
0 275 20 
0 171 4 
0 151 28 
0 224 56 
0 201 17 
0 224 24 
0 227 7 
0 208 34 
0 140 21 
0 155 22 
0 247 23 
0 238 10 
0 242 30 
0 234 7 
0 199 14 
0 250 17 
0 224 14 
0 245 8 
0 207 23 
0 214 14 
0 182 30 
0 287 44 
0 146 31 
0 287 27 
0 193 12 
0 237 6 
0 231 5 
0 262 19 
0 219 4 
0 177 20 
0 251 5 
0 256 30 
0 174 15 
0 183 47 
0 215 20 
0 186 49 
0 215 13 
0 175 38 
0 216 8 
0 227 11 
0 202 6 
0 246 7 
0 286 3 
0 169 18 
0 227 21 
0 273 14 
0 263 7 
0 229 14 
0 214 18 
0 202 9 
0 266 9 
0 232 19 
0 173 21 
0 206 2 
0 225 6 
0 245 6 
0 214 5 
0 201 5 
0 240 1 
0 193 3 
0 229 17 
0 229 16 
0 235 7 
0 203 20 
0 214 4 
0 188 43 
0 182 12 
0 189 46 
0 223 2 
0 247 13 
0 251 5 
0 218 13 
0 282 3 
0 218 21 
0 196 73 
0 186 14 
0 204 23 
0 242 3 
0 255 7 
0 259 46 
0 185 38 
0 156 14 
0 200 17 
0 163 35 
0 233 3 
0 218 13 
0 214 12 
0 205 9 
0 223 33 
0 223 12 
0 139 34 
0 180 7 
0 235 26 
0 273 10 
0 231 24 
0 219 12 
0 239 23 
0 191 40 
0 221 6 
0 257 7 
0 188 12 
0 203 0 
0 274 0 
0 194 2 
0 173 2 
0 164 19 
0 229 33 
0 192 0 
0 230 14 
0 221 28 
0 241 18 
0 212 15 
0 212 26 
0 201 0 
0 220 5 
0 215 10 
0 186 55 
0 262 108 
0 191 6 
0 235 30 
0 204 68 
0 219 11 
0 220 50 
0 275 7 
0 248 5 
0 245 9 
0 150 38 
0 216 57 
0 261 5 
0 280 50 
0 222 0 
0 195 7 
0 229 13 
0 217 25 
0 192 46 
0 156 23 
0 237 8 
0 158 61 
0 209 28 
0 163 10 
0 211 17 
0 206 4 
0 230 27 
0 181 9 
0 206 58 
0 166 7 
0 261 0 
0 133 22 
0 224 6 
0 208 11 
0 202 16 
0 141 10 
0 154 7 
0 204 3 
0 228 11 
0 210 37 
0 245 16 
0 208 5 
0 186 52 
0 251 13 
0 261 0 
0 180 91 
0 203 26 
0 197 44 
0 129 24 
0 211 65 
0 188 58 
0 224 17 
0 148 15 
0 228 18 
0 162 33 
0 175 26 
0 296 7 
0 169 17 
0 227 12 
0 235 38 
0 195 49 
0 215 15 
0 201 22 
0 206 39 
0 233 22 
0 206 10 
0 154 60 
0 174 35 
0 227 14 
0 223 32 
0 228 11 
0 251 11 
0 219 14 
0 230 22 
0 174 25 
0 204 15 
0 169 33 
0 200 6 
0 177 15 
0 229 11 
0 234 45 
0 200 24 
0 221 12 
0 153 30 
0 232 15 
0 157 19 
0 249 31 
0 191 3 
0 233 4 
0 217 8 
0 224 34 
0 240 18 
0 246 4 
0 219 14 
0 215 20 
0 179 5 
0 185 2 
0 187 15 
0 186 1 
0 275 7 
0 194 31 
0 162 42 
0 204 27 
0 218 3 
0 168 68 
0 185 4 
0 211 17 
0 195 19 
0 186 50 
0 222 10 
0 230 28 
0 206 26 
0 214 42 
0 196 33 
0 266 16 
0 257 0 
0 243 18 
0 242 29 
0 183 52 
0 170 6 
