0 82 72 25 0 
2 77 172 50 0 
12 42 85 11 0 
12 65 41 160 0 
5 54 107 60 0 
7 75 222 99 0 
86 62 92 85 17 
12 105 138 128 0 
7 156 70 338 0 
3 98 211 38 7 
21 4 181 135 0 
4 82 210 4 0 
0 128 89 105 2 
7 51 88 87 0 
7 85 80 36 0 
11 46 98 96 0 
10 78 103 70 0 
1 41 162 50 5 
9 38 307 68 0 
10 64 109 50 0 
3 147 173 22 1 
5 26 170 46 5 
51 16 94 2 0 
6 68 104 72 1 
8 77 138 51 0 
10 25 69 113 0 
13 67 199 93 0 
25 27 88 97 8 
0 149 221 65 0 
43 41 153 10 0 
5 78 98 43 38 
1 195 88 70 48 
27 157 119 54 0 
9 104 226 44 34 
19 209 54 37 20 
2 67 143 133 0 
4 2 262 82 2 
3 44 228 111 0 
2 12 235 112 12 
1 59 240 139 0 
48 113 160 108 0 
11 190 267 33 0 
2 40 157 54 0 
12 76 211 80 0 
8 39 148 23 0 
21 50 48 20 0 
12 109 171 15 0 
5 19 182 66 53 
4 13 119 8 3 
4 66 218 50 0 
6 13 198 11 3 
12 63 108 144 6 
25 25 163 83 0 
18 18 180 16 0 
16 4 97 78 0 
28 5 245 89 5 
3 144 115 22 0 
51 44 206 20 21 
49 47 63 5 6 
43 22 174 51 0 
50 66 199 48 0 
12 60 193 92 1 
35 49 96 81 0 
7 36 161 113 1 
10 59 93 164 1 
2 115 253 66 1 
4 171 72 40 1 
2 53 187 92 0 
17 54 168 90 23 
4 16 112 65 0 
17 54 52 148 24 
2 104 165 40 0 
14 69 185 79 2 
1 37 164 98 6 
8 48 102 100 1 
12 55 216 101 0 
2 52 63 63 0 
12 32 117 49 0 
4 86 104 30 0 
3 132 144 26 1 
5 81 218 62 0 
18 43 226 36 0 
1 32 228 63 0 
0 41 166 37 9 
6 97 89 55 0 
18 74 89 122 4 
5 35 162 37 0 
12 43 91 115 0 
5 6 135 24 5 
2 18 96 19 0 
34 80 12 176 0 
66 42 233 67 0 
4 58 167 113 27 
6 27 71 7 0 
0 22 168 156 0 
2 53 350 44 9 
2 69 138 17 1 
5 58 175 22 0 
17 59 75 9 0 
5 22 250 213 0 
2 13 132 244 12 
0 3 267 21 0 
22 16 120 23 9 
12 50 25 36 11 
2 21 146 119 0 
4 68 136 18 1 
27 138 75 39 17 
2 24 150 35 0 
4 8 207 64 0 
5 13 169 68 0 
4 39 369 147 0 
3 212 317 20 44 
1 11 221 29 2 
4 12 166 151 1 
3 42 139 168 3 
9 48 364 101 0 
62 15 247 146 0 
4 81 123 67 6 
36 27 110 120 0 
5 154 57 56 0 
8 52 236 49 0 
5 93 228 79 0 
5 62 103 13 0 
1 0 126 106 1 
1 109 93 183 0 
19 83 81 85 0 
1 82 305 44 0 
2 110 204 135 0 
10 122 115 44 1 
3 44 173 0 0 
6 96 177 67 0 
0 90 119 102 5 
13 70 159 37 0 
29 107 139 40 0 
4 102 120 46 0 
4 7 155 265 0 
6 73 272 64 19 
11 13 284 195 0 
11 74 215 184 0 
15 13 146 226 0 
9 131 287 44 0 
24 67 178 16 0 
1 131 270 93 0 
12 62 218 56 9 
6 31 286 190 0 
3 159 171 0 0 
1 101 103 130 4 
4 40 119 110 0 
0 137 188 17 0 
1 92 201 58 0 
1 133 106 13 0 
0 33 102 384 2 
4 97 150 102 0 
19 79 222 23 0 
12 53 84 52 17 
4 92 176 28 5 
6 100 84 119 0 
15 78 204 30 0 
12 89 234 42 0 
14 29 170 239 0 
0 58 105 92 0 
38 50 235 59 0 
5 82 128 73 0 
3 42 45 43 0 
0 2 168 34 0 
1 5 133 85 9 
9 101 196 1 0 
7 56 90 129 0 
2 173 198 48 6 
3 22 112 14 5 
4 102 122 64 0 
17 22 90 154 2 
6 142 147 76 0 
23 26 163 71 0 
1 73 138 137 1 
7 223 87 9 0 
8 39 413 16 0 
7 143 129 65 0 
15 262 243 46 0 
20 42 98 44 2 
9 1 132 29 6 
17 44 70 32 0 
11 45 104 78 0 
11 16 102 61 8 
0 23 99 100 13 
5 129 123 123 13 
29 133 69 242 0 
20 45 131 24 8 
6 101 156 53 0 
4 16 141 48 0 
2 102 41 121 0 
7 44 137 35 89 
12 52 196 23 0 
25 33 229 35 0 
6 23 104 99 0 
1 51 55 124 0 
0 90 140 165 0 
20 106 147 31 0 
22 15 146 79 0 
14 70 58 110 98 
4 64 154 55 0 
8 88 89 92 0 
11 22 239 89 0 
7 22 132 176 4 
16 76 227 69 0 
1 25 179 104 0 
2 35 112 52 0 
28 33 58 283 0 
2 127 112 40 0 
6 71 203 24 0 
1 34 156 152 0 
4 25 192 34 1 
11 16 227 9 29 
13 113 143 51 0 
0 11 44 43 4 
15 141 90 6 1 
7 211 142 9 0 
37 35 52 59 0 
43 21 38 179 0 
25 192 203 65 0 
1 46 118 222 1 
12 74 348 150 0 
2 103 228 61 0 
7 120 69 95 0 
10 116 114 100 0 
19 107 139 45 0 
2 65 131 61 0 
0 89 157 83 0 
31 65 149 40 0 
5 31 68 125 14 
10 76 338 33 0 
0 118 156 233 0 
0 44 499 21 2 
8 75 79 24 8 
0 31 186 165 19 
1 61 123 71 0 
19 108 94 292 0 
16 42 137 44 0 
0 94 199 54 0 
9 68 115 65 16 
3 42 65 56 60 
17 19 156 149 0 
31 25 178 124 0 
52 139 49 95 0 
15 52 226 120 111 
12 197 294 53 31 
1 59 76 179 1 
6 19 205 86 36 
2 49 103 30 0 
1 93 135 30 0 
19 213 201 8 0 
4 33 33 220 0 
1 99 134 89 0 
7 59 99 40 79 
1 90 129 29 0 
23 39 169 6 0 
6 72 81 35 0 
37 57 119 1 0 
16 50 256 94 0 
17 47 188 17 48 
24 212 266 31 0 
16 41 127 48 8 
6 84 267 25 0 
0 120 199 72 12 
1 43 321 12 0 
4 109 96 82 0 
0 31 36 343 0 
4 8 272 197 0 
5 107 184 47 0 
6 118 107 40 57 
19 21 163 67 0 
19 115 179 167 0 
7 31 292 210 0 
41 107 165 25 0 
53 36 100 128 0 
7 87 117 39 0 
0 58 174 56 0 
1 25 188 115 32 
16 120 85 104 44 
1 76 106 73 13 
5 70 157 121 0 
2 125 172 19 0 
11 98 209 41 7 
15 63 216 48 0 
9 104 90 96 2 
11 166 268 93 0 
22 79 89 79 0 
54 1 167 66 38 
1 48 163 63 0 
0 67 181 47 0 
39 72 78 11 0 
9 139 280 51 0 
4 82 198 9 0 
31 30 81 92 0 
2 80 68 89 11 
0 28 135 164 6 
10 218 156 35 0 
2 122 107 90 0 
6 115 353 86 5 
3 95 398 36 0 
1 11 209 20 1 
2 104 136 96 0 
4 195 202 60 0 
14 73 402 69 0 
0 84 109 72 1 
0 67 89 30 1 
8 48 98 4 1 
17 63 171 13 2 
0 136 205 130 2 
2 169 245 61 0 
21 43 142 55 19 
7 17 407 202 2 
2 32 122 54 0 
1 11 117 90 44 
20 17 257 60 0 
1 61 168 44 0 
17 112 95 78 0 
6 131 110 71 0 
7 104 144 23 13 
0 31 73 121 23 
0 29 94 31 9 
5 61 98 56 16 
18 43 165 1 0 
27 58 88 184 104 
7 124 130 32 0 
2 23 182 114 0 
10 28 95 43 3 
1 32 84 24 9 
1 51 86 105 0 
1 79 330 217 6 
3 41 183 122 1 
9 78 190 177 0 
6 116 83 9 0 
0 35 269 31 0 
3 31 222 90 12 
14 66 68 40 1 
14 35 126 43 87 
4 14 173 46 12 
4 57 94 5 0 
0 63 162 27 0 
60 51 49 63 0 
9 22 113 83 10 
4 30 106 20 11 
6 15 105 94 0 
0 43 122 68 0 
26 33 86 53 15 
15 154 58 8 14 
0 36 135 36 0 
30 61 176 199 0 
14 12 150 87 0 
0 88 144 54 0 
16 39 100 239 0 
13 40 194 68 0 
14 63 117 80 0 
0 5 135 15 92 
12 11 179 9 0 
9 57 325 69 31 
4 19 232 68 0 
0 87 75 71 0 
15 90 221 56 0 
0 267 88 135 0 
15 27 169 91 61 
36 42 219 90 17 
0 90 117 91 0 
10 127 323 24 0 
20 46 124 42 0 
1 30 202 103 0 
7 38 138 204 0 
0 35 250 27 7 
1 32 120 98 0 
0 44 179 112 0 
0 27 65 102 0 
30 52 29 87 5 
5 3 83 23 0 
12 152 190 14 0 
3 20 140 19 0 
29 116 106 16 0 
3 98 194 33 0 
11 75 128 93 0 
10 59 83 220 0 
5 51 20 58 0 
1 54 267 8 1 
2 108 154 30 0 
0 102 289 207 0 
48 14 176 49 0 
2 6 177 100 0 
18 127 52 37 0 
26 90 133 168 0 
25 133 52 84 0 
13 72 67 169 0 
0 89 229 68 0 
9 62 77 52 0 
2 59 162 31 0 
9 44 319 44 14 
10 55 135 134 0 
4 31 267 30 0 
41 31 133 31 37 
12 48 76 93 10 
0 164 176 90 5 
15 53 84 58 0 
3 34 183 68 0 
9 60 106 51 0 
1 125 27 36 0 
2 34 111 48 0 
10 24 300 112 0 
2 50 200 33 0 
5 66 121 55 0 
1 39 98 230 4 
6 67 103 61 0 
4 14 84 132 19 
3 35 224 105 1 
14 145 213 203 0 
11 31 279 16 0 
17 61 174 56 0 
26 194 217 60 0 
85 30 79 25 19 
0 47 93 118 0 
41 155 73 142 0 
41 91 56 39 0 
8 92 64 41 0 
7 29 173 62 3 
3 14 161 185 0 
0 36 99 74 0 
1 95 64 101 0 
72 84 128 111 1 
0 82 217 49 0 
4 107 247 34 0 
13 5 199 45 0 
14 73 34 63 1 
13 37 309 28 0 
2 56 145 49 2 
14 128 259 41 0 
18 61 67 167 27 
16 13 224 63 14 
2 145 230 11 0 
0 42 188 27 0 
10 68 163 84 24 
5 60 322 80 33 
9 38 196 101 14 
7 101 104 64 0 
131 70 169 22 0 
0 169 203 0 0 
5 131 183 84 0 
8 22 164 7 0 
9 42 179 3 62 
1 25 108 80 13 
19 33 252 24 3 
5 66 120 11 0 
19 222 232 49 0 
7 131 74 146 0 
4 132 120 69 0 
0 105 79 68 0 
2 115 96 190 1 
18 19 119 157 18 
9 83 89 126 0 
6 42 195 77 0 
5 90 108 11 0 
1 110 273 61 0 
9 16 119 171 0 
72 60 222 176 0 
7 88 113 62 0 
4 90 124 272 9 
0 44 28 96 0 
34 23 164 118 0 
8 81 211 191 0 
2 101 99 316 3 
4 24 304 8 0 
5 69 270 17 9 
26 1 74 59 4 
0 96 126 17 0 
4 54 107 35 0 
0 70 220 67 0 
0 96 72 171 0 
20 52 205 47 0 
12 41 221 114 0 
5 96 188 120 70 
30 123 220 103 0 
32 76 170 23 11 
3 22 67 188 1 
26 40 184 60 0 
0 46 122 257 0 
12 145 144 23 6 
31 134 105 22 3 
25 90 119 46 0 
4 40 172 236 0 
8 34 86 91 0 
5 60 33 65 0 
30 103 210 163 0 
6 41 153 20 39 
6 76 146 51 2 
2 64 67 82 0 
18 43 176 39 0 
16 112 112 52 0 
8 110 48 56 4 
18 21 63 102 21 
1 21 387 86 0 
5 81 116 76 65 
31 47 290 61 0 
0 20 96 49 18 
3 38 113 22 9 
9 98 172 38 0 
3 74 134 35 0 
5 43 75 168 0 
12 94 146 134 0 
0 41 428 20 5 
7 22 256 46 0 
5 92 222 24 0 
1 56 269 74 0 
11 54 277 16 0 
11 116 453 2 0 
2 77 114 21 0 
8 20 220 184 0 
16 23 184 174 0 
1 32 118 138 0 
2 70 84 121 1 
24 83 118 85 0 
56 192 223 25 0 
1 203 123 65 13 
2 211 61 131 0 
69 1 101 310 1 
23 119 303 55 7 
7 54 239 29 0 
1 40 154 80 0 
13 35 120 31 60 
4 13 130 58 0 
0 9 158 196 7 
12 112 100 128 0 
3 3 175 81 0 
4 32 268 27 0 
0 155 65 131 0 
0 34 155 160 11 
11 100 107 42 0 
2 49 124 94 0 
3 35 296 119 0 
1 45 158 22 27 
13 73 115 37 13 
15 84 141 27 8 
15 104 137 142 0 
11 94 182 53 0 
21 66 193 16 0 
36 37 150 64 0 
2 48 170 159 0 
10 32 155 47 0 
2 114 144 79 0 
4 21 106 120 0 
4 236 122 63 4 
1 15 183 134 0 
2 87 138 83 23 
0 77 104 19 0 
0 58 157 51 13 
12 76 185 144 9 
11 44 280 26 9 
14 24 229 99 0 
3 123 408 36 0 
29 47 171 35 0 
25 65 180 53 0 
21 9 57 73 23 
13 239 116 40 0 
0 36 72 113 0 
44 108 206 17 0 
7 128 73 154 25 
37 55 188 20 0 
26 93 134 21 0 
21 29 143 67 7 
44 41 198 20 0 
22 63 165 44 1 
9 149 169 193 0 
19 9 148 21 2 
1 56 298 73 2 
0 90 77 78 7 
5 40 339 7 0 
38 36 79 45 18 
3 143 193 8 0 
4 68 190 113 0 
17 147 179 61 7 
1 89 102 18 19 
4 112 245 74 0 
53 57 30 116 0 
10 121 156 201 0 
4 159 111 67 1 
14 22 175 102 1 
6 97 222 29 0 
7 90 317 98 0 
0 58 113 223 0 
2 89 69 138 0 
3 108 288 7 1 
72 74 101 34 19 
0 137 79 87 0 
3 85 63 200 0 
5 56 294 6 35 
23 76 89 10 0 
1 147 159 211 5 
47 85 160 59 0 
7 156 77 57 0 
1 67 186 23 0 
24 77 85 108 0 
0 60 209 53 0 
19 54 129 71 1 
3 109 214 150 0 
2 80 329 278 9 
8 92 196 19 0 
2 11 301 77 0 
1 23 124 166 4 
6 166 61 47 0 
3 87 210 68 0 
6 17 294 98 24 
30 32 153 23 0 
6 90 124 21 0 
0 89 114 37 25 
23 42 384 37 25 
10 10 180 53 3 
2 63 37 33 39 
6 45 202 196 0 
0 52 251 144 44 
0 52 137 42 0 
16 66 98 91 0 
2 70 103 67 0 
0 25 46 41 0 
21 54 161 61 0 
9 56 81 162 53 
8 18 109 51 0 
42 60 88 10 0 
2 23 80 42 0 
45 83 162 2 0 
0 33 365 49 0 
1 36 129 10 0 
32 43 119 16 13 
8 17 189 2 0 
2 139 89 96 18 
0 33 186 35 0 
0 55 153 77 0 
1 38 158 103 0 
2 48 184 41 0 
9 22 150 62 0 
4 37 169 28 0 
17 62 200 95 0 
14 117 105 2 0 
1 80 252 161 1 
2 100 304 77 0 
0 32 355 88 0 
0 20 116 287 0 
0 64 284 7 0 
9 53 154 158 0 
1 47 73 110 0 
8 33 90 49 0 
26 64 156 52 29 
22 60 84 32 0 
10 31 212 67 0 
9 102 101 154 1 
3 12 159 104 0 
1 64 62 235 0 
1 43 150 135 3 
15 113 85 94 15 
2 69 157 166 0 
1 23 148 120 0 
19 13 281 47 0 
10 119 161 129 0 
0 39 157 93 0 
13 60 122 35 0 
15 159 109 87 0 
2 354 118 6 0 
8 85 330 289 0 
11 64 121 67 0 
5 12 200 42 0 
24 18 281 68 0 
10 32 389 0 1 
10 38 95 80 1 
0 103 95 116 0 
7 77 143 11 0 
22 42 249 67 0 
51 71 132 34 0 
1 129 129 84 0 
0 87 70 84 19 
0 46 234 52 0 
17 63 79 127 0 
3 39 80 230 0 
2 40 156 66 0 
13 272 65 50 0 
2 64 241 13 0 
19 40 168 223 0 
19 79 60 4 9 
3 53 104 88 1 
5 56 122 137 0 
4 116 196 203 0 
2 41 225 61 0 
11 225 166 7 36 
5 54 84 36 0 
13 125 226 31 23 
6 74 169 55 0 
11 57 256 20 14 
23 173 379 89 0 
1 35 76 56 0 
2 13 168 29 0 
20 130 59 159 0 
4 73 411 39 1 
22 58 161 52 0 
12 43 112 26 3 
8 78 139 93 0 
1 62 92 163 1 
3 56 156 45 0 
7 51 213 18 1 
44 29 403 43 0 
30 95 153 47 5 
4 44 93 134 103 
5 20 297 43 16 
24 15 341 125 0 
0 129 137 51 0 
14 21 149 67 0 
0 28 84 115 5 
13 14 208 110 0 
15 49 72 58 0 
1 8 128 17 36 
2 31 197 71 0 
34 82 118 94 3 
10 42 109 132 8 
8 275 211 72 0 
1 72 184 50 0 
2 75 160 96 1 
17 36 57 78 0 
4 93 155 49 1 
2 75 296 4 18 
0 87 192 53 22 
0 46 110 67 13 
16 95 49 43 0 
9 56 229 4 12 
1 85 149 114 0 
8 100 167 24 0 
7 85 208 73 0 
7 151 153 40 0 
3 81 61 219 0 
15 29 110 87 35 
20 60 132 134 9 
55 120 114 43 0 
1 33 83 73 0 
7 59 189 53 33 
11 37 97 20 0 
0 5 111 155 0 
35 7 141 83 0 
6 51 185 120 19 
1 129 162 37 15 
4 94 150 74 0 
9 20 138 194 0 
40 66 163 31 0 
2 62 232 39 0 
21 127 311 109 0 
0 38 227 37 0 
18 22 222 18 34 
4 60 136 130 0 
32 265 28 96 0 
4 86 260 20 0 
2 78 303 11 0 
3 22 203 86 0 
24 79 187 149 0 
29 42 207 26 0 
2 54 217 13 0 
3 51 145 49 0 
2 107 74 56 0 
37 36 33 58 23 
26 37 148 70 0 
12 45 115 120 1 
1 33 147 188 1 
41 115 314 77 0 
0 32 277 120 0 
1 134 221 23 1 
14 96 159 137 0 
35 55 178 34 1 
25 55 244 110 0 
1 168 291 33 0 
144 50 91 20 0 
1 33 96 12 1 
20 159 138 67 84 
2 89 245 33 0 
4 80 64 57 0 
6 69 147 89 0 
0 114 105 96 0 
22 48 220 28 0 
7 43 200 107 0 
13 27 144 65 0 
31 32 54 25 0 
28 205 90 15 1 
1 94 199 137 0 
0 91 64 39 0 
1 12 393 126 0 
47 71 116 5 1 
8 5 134 99 0 
24 91 199 19 0 
17 31 323 58 2 
2 37 150 82 0 
30 43 87 159 4 
0 8 194 93 1 
2 60 67 104 0 
19 95 103 83 4 
2 144 69 30 0 
5 178 129 108 7 
5 88 191 58 0 
2 42 116 237 0 
50 124 138 34 7 
6 76 222 90 0 
29 183 200 70 1 
28 185 190 35 3 
6 141 232 36 0 
0 23 161 75 2 
9 240 209 55 1 
2 30 69 111 0 
11 47 203 96 1 
21 105 165 148 6 
3 23 250 101 43 
5 48 409 109 0 
0 27 189 164 0 
0 53 92 65 0 
16 42 137 49 0 
1 17 159 63 0 
0 119 231 129 0 
2 165 80 88 0 
10 23 297 37 0 
1 18 191 116 0 
83 27 188 186 0 
1 41 242 53 2 
1 27 104 164 1 
7 94 84 42 0 
0 53 173 53 57 
2 47 101 29 0 
21 97 226 34 0 
19 71 101 81 0 
8 15 116 79 11 
0 82 299 76 0 
7 50 207 88 0 
2 52 176 123 35 
1 61 200 35 0 
1 25 249 44 0 
1 40 141 142 0 
1 121 201 54 1 
6 70 205 101 9 
21 52 116 44 0 
2 23 276 62 0 
15 163 67 96 0 
88 76 130 9 0 
3 45 285 54 0 
10 114 52 5 0 
27 83 33 29 0 
19 70 200 27 0 
5 26 124 61 1 
10 135 188 14 0 
0 73 147 67 0 
3 18 223 63 0 
7 12 122 116 0 
9 91 145 85 0 
6 127 276 1 0 
3 71 120 216 0 
0 20 402 33 0 
8 85 139 208 28 
2 31 158 123 5 
0 146 84 119 0 
1 80 220 38 0 
4 154 65 29 0 
10 54 115 7 0 
2 33 178 138 28 
9 72 238 39 12 
7 65 134 21 0 
6 114 170 38 18 
3 45 58 35 0 
47 37 149 0 0 
0 112 93 107 0 
11 58 228 7 0 
12 53 183 127 0 
1 76 121 131 0 
4 38 136 40 0 
6 117 90 49 0 
43 22 165 72 0 
11 25 96 92 14 
18 23 150 13 0 
2 35 114 24 0 
0 53 101 55 0 
14 96 236 4 0 
0 185 98 76 0 
6 55 211 78 0 
0 37 294 137 0 
0 79 269 171 0 
16 291 185 46 0 
0 32 195 33 0 
43 74 210 23 76 
0 167 222 25 0 
2 56 124 5 0 
1 56 30 167 28 
18 62 223 40 0 
17 4 175 113 0 
0 67 117 61 0 
1 24 167 13 0 
16 33 214 184 0 
9 3 123 65 0 
4 71 72 50 0 
10 62 121 27 0 
0 58 157 77 0 
42 38 153 46 0 
0 99 208 37 0 
32 68 153 26 0 
7 54 64 42 0 
37 81 342 47 0 
4 112 182 112 0 
2 19 140 71 0 
4 8 241 81 0 
17 22 151 110 0 
0 45 308 182 13 
0 77 248 0 0 
3 159 167 29 0 
0 11 281 38 0 
4 52 197 37 0 
4 20 172 116 0 
10 56 200 36 0 
3 89 158 45 0 
1 3 155 103 3 
16 107 58 33 0 
17 194 21 27 0 
12 31 110 176 0 
4 64 66 23 0 
11 49 272 52 0 
3 36 125 59 8 
3 150 72 13 0 
13 52 202 38 0 
12 78 111 12 4 
7 13 191 9 0 
6 89 203 20 13 
15 51 101 9 33 
14 32 131 25 0 
10 72 118 68 6 
1 23 174 78 0 
3 75 148 148 11 
5 86 95 47 0 
16 34 160 145 1 
1 84 217 81 9 
6 39 146 64 0 
41 43 64 18 0 
17 81 79 148 12 
15 66 107 128 0 
8 17 154 45 0 
5 141 108 66 0 
10 82 104 58 0 
0 88 196 174 0 
35 48 134 40 0 
20 17 118 148 30 
40 44 226 0 1 
0 65 146 39 0 
1 27 206 105 0 
3 71 100 75 0 
51 22 55 188 1 
5 96 315 23 13 
35 88 137 78 0 
0 192 112 50 0 
7 166 126 20 3 
30 77 60 34 0 
31 145 112 113 0 
19 27 269 331 0 
1 81 179 77 0 
20 154 62 60 0 
1 124 75 46 0 
17 80 218 10 0 
19 54 102 200 0 
2 18 374 1 0 
0 84 61 53 0 
7 45 107 51 0 
11 60 193 43 19 
10 145 182 35 9 
2 133 212 185 0 
34 110 90 77 53 
10 71 183 47 0 
3 33 197 32 1 
1 53 130 53 0 
2 54 63 91 17 
1 103 316 46 0 
1 198 165 37 0 
5 14 236 82 0 
0 43 204 67 0 
0 12 154 206 3 
5 102 80 50 0 
79 71 105 31 0 
2 24 186 24 47 
0 17 107 76 0 
12 25 141 138 6 
5 79 197 125 0 
6 69 109 24 0 
14 87 90 87 0 
3 25 262 21 0 
5 73 147 50 0 
1 133 39 121 0 
0 96 147 203 2 
16 79 171 87 0 
0 94 158 63 0 
11 34 192 22 0 
1 140 187 60 0 
1 136 92 69 8 
38 149 216 8 0 
4 31 69 73 0 
4 50 219 80 5 
7 48 108 101 0 
8 108 207 65 0 
11 5 229 130 43 
16 55 115 136 2 
4 18 140 58 0 
31 42 176 329 0 
5 156 135 76 0 
