0 0 102 
0 11 157 
0 26 166 
0 10 160 
0 25 150 
0 5 216 
0 18 136 
0 3 174 
0 6 160 
0 21 164 
0 22 170 
0 6 124 
0 14 200 
0 14 190 
0 5 230 
0 31 173 
0 16 272 
0 3 154 
0 15 223 
0 10 185 
0 18 252 
0 12 158 
0 7 210 
0 21 197 
0 12 89 
0 13 263 
0 15 242 
0 17 85 
0 3 214 
0 20 183 
0 15 219 
0 11 165 
0 3 234 
0 0 193 
0 1 138 
0 31 268 
0 33 219 
0 44 164 
0 4 231 
0 5 228 
0 10 193 
0 15 151 
0 16 192 
0 10 262 
0 31 157 
0 5 171 
0 19 113 
0 5 197 
0 3 310 
0 14 244 
0 23 140 
0 23 123 
0 14 121 
0 14 218 
0 8 232 
0 21 193 
0 12 254 
0 34 239 
0 27 191 
0 20 139 
0 6 230 
0 9 227 
0 35 124 
0 17 212 
0 42 193 
0 19 154 
0 37 197 
0 8 199 
0 7 204 
0 4 166 
0 0 238 
0 8 271 
0 6 136 
0 1 205 
0 6 133 
0 33 178 
0 0 280 
0 36 140 
0 8 200 
0 16 203 
0 16 122 
0 18 134 
0 10 130 
0 12 265 
0 48 180 
0 10 114 
0 18 228 
0 8 157 
0 2 253 
0 9 268 
0 0 306 
0 12 144 
0 47 148 
0 3 277 
0 17 100 
0 0 202 
0 27 132 
0 30 281 
0 25 182 
0 16 254 
0 15 164 
0 14 256 
0 20 111 
0 6 239 
0 23 177 
0 0 86 
0 20 248 
0 5 183 
0 8 138 
0 38 141 
0 11 132 
0 1 230 
0 8 185 
0 9 166 
0 4 151 
0 24 181 
0 19 222 
0 16 185 
0 28 249 
0 22 149 
0 1 177 
0 0 238 
0 14 223 
0 25 278 
0 18 205 
0 12 164 
0 0 158 
0 22 175 
0 5 162 
0 41 297 
0 9 160 
0 20 241 
0 11 162 
0 14 250 
0 0 232 
0 6 146 
0 12 178 
0 1 215 
0 29 219 
0 13 174 
0 20 159 
0 10 141 
0 21 111 
0 6 175 
0 4 134 
0 6 110 
0 9 173 
0 6 159 
0 12 246 
0 17 277 
0 23 190 
0 6 352 
0 14 232 
0 34 250 
0 0 194 
0 14 131 
0 2 164 
0 19 181 
0 30 203 
0 23 143 
0 20 170 
0 6 248 
0 17 146 
0 12 135 
0 9 124 
0 34 141 
0 2 214 
0 8 238 
0 5 222 
0 32 159 
0 7 231 
0 27 162 
0 5 178 
0 15 146 
0 24 276 
0 2 226 
0 34 175 
0 5 267 
0 3 211 
0 16 87 
0 15 226 
0 19 317 
0 17 202 
0 45 166 
0 7 90 
0 15 214 
0 23 231 
0 4 174 
0 38 106 
0 17 229 
0 8 193 
0 0 136 
0 12 131 
0 4 174 
0 21 239 
0 1 126 
0 10 142 
0 4 152 
0 0 165 
0 40 140 
0 20 178 
0 4 176 
0 27 188 
0 8 191 
0 0 277 
0 15 152 
0 5 176 
0 44 147 
0 14 223 
0 12 192 
0 39 194 
0 5 182 
0 1 240 
0 1 300 
0 7 228 
0 81 146 
0 29 237 
0 7 159 
0 1 205 
0 36 137 
0 9 220 
0 32 215 
0 3 134 
0 7 258 
0 65 244 
0 9 216 
0 33 145 
0 2 145 
0 9 242 
0 15 234 
0 23 300 
0 5 172 
0 24 69 
0 14 111 
0 15 151 
0 2 173 
0 29 155 
0 8 236 
0 3 176 
0 21 153 
0 38 159 
0 7 171 
0 15 242 
0 6 250 
0 20 188 
0 14 319 
0 45 163 
0 19 170 
0 18 178 
0 3 191 
0 19 168 
0 40 179 
0 13 271 
0 4 215 
0 2 140 
0 16 207 
0 21 182 
0 16 195 
0 22 235 
0 12 171 
0 8 182 
0 6 193 
0 19 231 
0 20 122 
0 15 139 
0 48 143 
0 5 147 
0 19 305 
0 6 143 
0 14 120 
0 0 104 
0 33 122 
0 2 111 
0 2 172 
0 0 140 
0 36 197 
0 18 150 
0 6 140 
0 2 215 
0 11 199 
0 6 138 
0 14 94 
0 27 136 
0 4 213 
0 6 178 
0 6 307 
0 9 186 
0 38 239 
0 28 195 
0 13 274 
0 20 252 
0 11 196 
0 15 110 
0 21 282 
0 16 123 
0 18 112 
0 11 146 
0 5 145 
0 0 166 
0 9 216 
0 40 152 
0 11 83 
0 0 203 
0 12 135 
0 12 132 
0 40 230 
0 9 241 
0 13 135 
0 24 114 
0 19 231 
0 8 163 
0 24 179 
0 14 141 
0 28 241 
0 23 171 
0 0 184 
0 13 159 
0 4 211 
0 27 207 
0 0 228 
0 0 150 
0 12 264 
0 5 168 
0 37 162 
0 29 187 
0 26 153 
0 5 219 
0 20 139 
0 20 186 
0 44 189 
0 13 126 
0 3 267 
0 11 274 
0 2 153 
0 8 148 
0 1 221 
0 6 182 
0 7 193 
0 0 115 
0 11 212 
0 5 164 
0 0 146 
0 3 202 
0 12 197 
0 5 263 
0 6 174 
0 1 211 
0 44 249 
0 20 178 
0 21 249 
0 48 181 
0 16 169 
0 14 245 
0 31 258 
0 25 178 
0 37 135 
0 18 188 
0 16 255 
0 26 107 
0 30 223 
0 9 133 
0 27 187 
0 7 260 
0 18 231 
0 12 219 
0 18 218 
0 28 230 
0 19 249 
0 35 157 
0 19 212 
0 2 222 
0 8 221 
0 21 132 
0 16 255 
0 0 159 
0 29 216 
0 18 223 
0 34 206 
0 1 188 
0 26 157 
0 14 221 
0 0 215 
0 5 188 
0 29 154 
0 9 171 
0 14 175 
0 2 196 
0 13 224 
0 11 134 
0 53 211 
0 8 171 
0 16 252 
0 14 154 
0 0 277 
0 4 154 
0 37 183 
0 16 188 
0 26 120 
0 0 262 
0 40 177 
0 37 199 
0 4 107 
0 28 139 
0 5 246 
0 28 128 
0 0 259 
0 7 290 
0 2 204 
0 12 244 
0 8 135 
0 4 141 
0 26 150 
0 16 186 
0 40 125 
0 6 152 
0 10 215 
0 4 153 
0 4 167 
0 7 189 
0 45 117 
0 6 175 
0 7 179 
0 17 138 
0 46 186 
0 24 108 
0 9 184 
0 3 239 
0 23 237 
0 6 209 
0 10 264 
0 11 217 
0 24 183 
0 24 165 
0 15 188 
0 23 145 
0 4 282 
0 12 177 
0 4 244 
0 32 108 
0 12 252 
0 4 232 
0 26 231 
0 44 125 
0 18 154 
0 37 221 
0 11 219 
0 32 211 
0 2 181 
0 7 133 
0 22 319 
0 8 81 
0 43 153 
0 11 227 
0 8 216 
0 0 308 
0 4 217 
0 40 115 
0 23 174 
0 34 259 
0 0 324 
0 19 160 
0 15 238 
0 1 242 
0 26 141 
0 3 207 
0 1 183 
0 4 164 
0 8 144 
0 3 200 
0 17 213 
0 12 222 
0 11 181 
0 7 203 
0 17 189 
0 29 130 
0 27 206 
0 1 218 
0 18 252 
0 0 147 
0 25 221 
0 31 133 
0 24 198 
0 5 115 
0 29 186 
0 37 139 
0 10 229 
0 17 160 
0 9 230 
0 26 175 
0 47 126 
0 39 281 
0 8 244 
0 4 172 
0 7 203 
0 9 188 
0 14 252 
0 26 185 
0 12 165 
0 17 275 
0 10 214 
0 8 141 
0 34 235 
0 16 226 
0 20 180 
0 9 192 
0 23 311 
0 7 150 
0 32 180 
0 44 204 
0 17 182 
0 31 172 
0 5 187 
0 26 169 
0 19 177 
0 11 228 
0 5 119 
0 34 133 
0 15 105 
0 30 159 
0 35 266 
0 17 113 
0 6 201 
0 15 240 
0 16 316 
0 26 162 
0 16 217 
0 4 183 
0 27 193 
0 26 114 
0 30 161 
0 0 215 
0 8 196 
0 9 261 
0 9 156 
0 11 151 
0 18 259 
0 1 152 
0 3 176 
0 3 155 
0 14 338 
0 1 211 
0 0 96 
0 7 152 
0 5 249 
0 15 143 
0 31 188 
0 12 206 
0 4 157 
0 15 143 
0 9 177 
0 21 235 
0 3 275 
0 24 185 
0 1 184 
0 29 101 
0 29 205 
0 37 215 
0 15 150 
0 12 226 
0 25 131 
0 8 117 
0 28 222 
0 2 311 
0 1 151 
0 29 137 
0 48 145 
0 12 165 
0 17 114 
0 16 130 
0 16 159 
0 9 140 
0 19 167 
0 27 117 
0 3 175 
0 13 215 
0 58 186 
0 7 235 
0 9 199 
0 5 209 
0 1 210 
0 2 103 
0 3 235 
0 1 160 
0 1 165 
0 21 143 
0 11 201 
0 12 95 
0 19 166 
0 13 205 
0 14 146 
0 43 120 
0 33 207 
0 17 187 
0 36 190 
0 15 215 
0 12 146 
0 27 236 
0 22 196 
0 1 169 
0 28 253 
0 13 154 
0 26 160 
0 1 212 
0 5 391 
0 1 129 
0 12 195 
0 9 268 
0 7 136 
0 20 164 
0 9 240 
0 26 129 
0 24 179 
0 14 140 
0 48 162 
0 19 184 
0 9 354 
0 1 143 
0 0 165 
0 4 168 
0 11 209 
0 31 177 
0 24 199 
0 32 111 
0 27 100 
0 15 124 
0 0 216 
0 5 217 
0 11 117 
0 21 244 
0 56 64 
0 15 176 
0 5 149 
0 35 204 
0 16 174 
0 35 137 
0 13 253 
0 66 232 
0 3 174 
0 13 145 
0 28 151 
0 8 187 
0 9 231 
0 14 215 
0 0 206 
0 4 227 
0 18 139 
0 16 226 
0 2 140 
0 31 183 
0 26 177 
0 10 168 
0 32 83 
0 45 197 
0 57 178 
0 26 284 
0 15 85 
0 9 286 
0 9 218 
0 13 237 
0 10 146 
0 1 162 
0 31 174 
0 1 252 
0 16 189 
0 10 222 
0 24 171 
0 21 163 
0 21 168 
0 10 208 
0 19 166 
0 0 106 
0 5 156 
0 33 147 
0 3 190 
0 56 120 
0 22 156 
0 24 216 
0 43 144 
0 0 152 
0 11 177 
0 11 160 
0 18 221 
0 22 92 
0 34 184 
0 16 97 
0 8 248 
0 28 165 
0 25 164 
0 5 179 
0 1 128 
0 16 98 
0 55 130 
0 21 148 
0 16 174 
0 3 216 
0 2 178 
0 15 189 
0 4 142 
0 10 154 
0 30 214 
0 1 237 
0 15 204 
0 23 183 
0 5 143 
0 25 171 
0 9 138 
0 10 164 
0 4 171 
0 30 137 
0 2 170 
0 8 304 
0 34 244 
0 11 144 
0 11 152 
0 18 182 
0 4 190 
0 5 208 
0 2 159 
0 14 190 
0 8 196 
0 12 195 
0 17 203 
0 13 185 
0 17 248 
0 10 103 
0 19 281 
0 3 121 
0 23 174 
0 42 162 
0 23 190 
0 20 175 
0 18 185 
0 38 188 
0 46 140 
0 13 153 
0 29 202 
0 8 150 
0 35 154 
0 15 175 
0 24 234 
0 26 143 
0 8 155 
0 16 173 
0 11 191 
0 5 166 
0 9 334 
0 3 218 
0 10 138 
0 14 197 
0 11 227 
0 18 272 
0 9 187 
0 21 229 
0 19 239 
0 34 140 
0 7 189 
0 9 188 
0 11 153 
0 4 205 
0 10 261 
0 44 125 
0 28 171 
0 30 229 
0 6 202 
0 1 137 
0 13 135 
0 12 185 
0 34 187 
0 39 139 
0 17 207 
0 61 183 
0 5 192 
0 4 206 
0 28 166 
0 46 107 
0 16 185 
0 5 139 
0 4 138 
0 13 112 
0 19 248 
0 2 155 
0 11 167 
0 8 255 
0 9 222 
0 3 135 
0 4 171 
0 6 163 
0 12 134 
0 2 158 
0 11 209 
0 18 123 
0 13 203 
0 6 182 
0 10 261 
0 27 191 
0 0 157 
0 14 106 
0 7 258 
0 12 166 
0 22 121 
0 13 216 
0 18 168 
0 6 139 
0 8 187 
0 12 145 
0 14 160 
0 18 140 
0 23 227 
0 4 183 
0 42 148 
0 0 188 
0 16 236 
0 12 204 
0 12 196 
0 21 124 
0 6 172 
0 13 274 
0 14 237 
0 6 200 
0 17 198 
0 7 182 
0 7 269 
0 12 168 
0 9 228 
0 17 243 
0 13 239 
0 29 118 
0 15 205 
0 9 303 
0 9 157 
0 30 150 
0 5 319 
0 23 209 
0 29 144 
0 28 113 
0 8 171 
0 16 131 
0 4 144 
0 9 229 
0 12 186 
0 11 263 
0 27 115 
0 12 190 
0 7 122 
0 8 229 
0 19 132 
0 1 192 
0 5 301 
0 40 218 
0 8 82 
0 32 133 
0 16 201 
0 6 130 
0 15 165 
0 33 249 
0 13 172 
0 9 151 
0 41 208 
0 23 216 
0 21 141 
0 15 206 
0 17 199 
0 1 198 
0 14 206 
0 12 160 
0 31 162 
0 25 276 
0 13 337 
0 38 263 
0 10 250 
0 15 160 
0 17 203 
0 16 187 
0 31 179 
0 16 174 
0 58 154 
0 12 96 
0 38 168 
0 7 176 
0 11 87 
0 11 251 
0 24 114 
0 8 246 
0 3 150 
0 9 268 
0 16 229 
0 42 249 
0 22 179 
0 17 235 
0 0 287 
0 25 246 
0 42 89 
0 51 141 
0 7 214 
0 3 152 
0 6 158 
0 9 254 
0 26 197 
0 11 147 
0 33 229 
0 11 175 
0 21 123 
0 14 202 
0 0 147 
0 0 170 
0 24 169 
0 14 152 
0 8 242 
0 1 197 
0 24 99 
0 16 272 
0 12 236 
0 8 123 
0 11 89 
0 36 204 
0 16 228 
0 25 259 
0 2 143 
0 33 146 
0 2 129 
0 35 305 
0 16 90 
0 25 227 
0 14 138 
0 36 219 
0 18 256 
0 16 153 
0 0 166 
0 19 120 
0 9 215 
0 23 167 
0 2 159 
0 2 116 
0 18 227 
0 2 147 
0 19 129 
0 21 227 
0 1 114 
0 2 185 
0 10 118 
0 16 216 
0 7 174 
0 43 211 
0 22 229 
0 31 173 
0 14 171 
0 28 149 
0 6 163 
0 34 163 
0 13 160 
0 9 118 
0 20 195 
0 2 180 
0 1 209 
0 13 235 
0 1 167 
0 39 187 
0 24 192 
0 17 225 
0 41 152 
0 54 205 
0 1 192 
0 2 154 
0 21 137 
0 20 145 
0 5 193 
0 28 172 
0 3 235 
0 0 238 
0 13 191 
0 13 262 
0 18 241 
0 16 157 
0 8 260 
0 29 129 
0 10 178 
0 27 235 
0 15 221 
0 4 191 
0 6 225 
0 29 186 
0 23 188 
0 30 210 
0 17 251 
0 14 195 
0 15 254 
0 23 285 
0 1 190 
0 11 257 
0 47 156 
0 7 182 
0 0 231 
0 5 319 
0 22 283 
0 16 129 
0 1 177 
0 19 203 
0 7 260 
0 68 114 
0 20 245 
