0 14 128 
0 11 155 
0 3 198 
0 32 179 
0 36 80 
0 25 165 
0 4 177 
0 7 130 
0 13 144 
0 40 220 
0 12 248 
0 19 151 
0 19 159 
0 3 246 
0 1 194 
0 19 98 
0 4 159 
0 34 172 
0 1 169 
0 0 166 
0 25 175 
0 1 143 
0 0 188 
0 12 142 
0 36 123 
0 4 140 
0 11 206 
0 15 247 
0 12 149 
0 9 206 
0 4 179 
0 8 229 
0 14 174 
0 13 143 
0 20 110 
0 23 107 
0 17 124 
0 38 150 
0 28 130 
0 3 223 
0 36 193 
0 20 215 
0 35 140 
0 0 132 
0 13 145 
0 28 164 
0 11 208 
0 15 96 
0 6 221 
0 10 138 
0 21 148 
0 30 154 
0 27 198 
0 22 138 
0 18 175 
0 20 289 
0 29 186 
0 13 231 
0 25 197 
0 8 164 
0 14 139 
0 11 140 
0 15 176 
0 21 187 
0 10 168 
0 6 107 
0 34 175 
0 28 262 
0 39 111 
0 17 241 
0 25 212 
0 21 124 
0 19 147 
0 13 170 
0 7 195 
0 21 183 
0 8 177 
0 39 183 
0 6 281 
0 2 258 
0 25 220 
0 12 113 
0 32 155 
0 15 109 
0 6 143 
0 7 161 
0 5 117 
0 5 134 
0 7 188 
0 10 243 
0 21 220 
0 46 247 
0 27 114 
0 32 238 
0 9 194 
0 1 143 
0 8 195 
0 6 195 
0 15 139 
0 21 71 
0 26 159 
0 21 168 
0 24 344 
0 11 121 
0 13 197 
0 13 264 
0 55 150 
0 27 151 
0 45 184 
0 5 177 
0 7 110 
0 10 244 
0 13 197 
0 12 164 
0 24 150 
0 38 170 
0 15 215 
0 16 162 
0 21 125 
0 20 151 
0 24 165 
0 21 129 
0 22 217 
0 20 269 
0 9 212 
0 4 180 
0 27 172 
0 13 161 
0 7 212 
0 22 213 
0 10 291 
0 6 190 
0 3 161 
0 21 200 
0 7 131 
0 9 106 
0 17 214 
0 31 132 
0 10 234 
0 29 123 
0 9 171 
0 2 243 
0 25 230 
0 35 206 
0 21 182 
0 4 124 
0 40 190 
0 5 245 
0 4 100 
0 10 157 
0 22 243 
0 8 197 
0 11 301 
0 19 195 
0 23 122 
0 5 188 
0 24 232 
0 0 123 
0 28 114 
0 38 239 
0 3 173 
0 29 198 
0 16 117 
0 10 143 
0 21 162 
0 18 174 
0 9 200 
0 11 188 
0 14 157 
0 60 148 
0 2 170 
0 1 166 
0 12 246 
0 13 148 
0 12 192 
0 8 265 
0 37 148 
0 24 175 
0 32 182 
0 5 143 
0 29 145 
0 8 136 
0 9 227 
0 8 119 
0 39 149 
0 27 97 
0 17 208 
0 12 119 
0 8 115 
0 66 165 
0 16 166 
0 21 187 
0 50 102 
0 38 241 
0 68 103 
0 23 99 
0 22 186 
0 16 325 
0 7 141 
0 18 217 
0 54 147 
0 20 254 
0 7 129 
0 34 163 
0 32 163 
0 6 190 
0 9 168 
0 27 198 
0 18 144 
0 5 244 
0 18 166 
0 7 312 
0 4 207 
0 24 163 
0 7 169 
0 7 138 
0 6 223 
0 30 118 
0 27 180 
0 9 219 
0 50 177 
0 27 150 
0 8 156 
0 27 194 
0 1 151 
0 12 159 
0 45 172 
0 12 171 
0 19 210 
0 27 189 
0 14 192 
0 13 202 
0 7 259 
0 18 147 
0 4 118 
0 51 153 
0 14 121 
0 19 196 
0 14 225 
0 20 155 
0 33 166 
0 33 182 
0 13 114 
0 5 124 
0 13 180 
0 10 225 
0 27 172 
0 14 153 
0 6 201 
0 31 129 
0 5 106 
0 0 183 
0 24 162 
0 12 205 
0 25 203 
0 19 180 
0 11 110 
0 7 171 
0 0 185 
0 22 150 
0 14 145 
0 4 197 
0 15 231 
0 13 218 
0 20 267 
0 43 110 
0 4 138 
0 23 170 
0 8 235 
0 6 142 
0 0 151 
0 14 126 
0 23 180 
0 5 206 
0 0 218 
0 20 151 
0 15 233 
0 44 168 
0 3 171 
0 24 207 
0 32 152 
0 3 228 
0 49 195 
0 23 254 
0 2 193 
0 23 128 
0 23 152 
0 7 185 
0 23 218 
0 19 102 
0 7 235 
0 5 231 
0 20 213 
0 16 127 
0 10 210 
0 40 225 
0 11 196 
0 22 174 
0 21 100 
0 30 219 
0 6 134 
0 13 161 
0 31 131 
0 5 146 
0 36 115 
0 46 211 
0 22 152 
0 14 173 
0 17 148 
0 16 155 
0 12 172 
0 20 216 
0 11 182 
0 4 181 
0 15 188 
0 21 216 
0 3 187 
0 12 136 
0 5 59 
0 18 162 
0 11 236 
0 25 266 
0 18 132 
0 12 256 
0 27 178 
0 0 184 
0 1 182 
0 6 197 
0 24 125 
0 14 217 
0 6 255 
0 13 238 
0 18 139 
0 40 199 
0 8 93 
0 17 166 
0 5 183 
0 19 154 
0 51 142 
0 12 108 
0 12 166 
0 29 180 
0 4 182 
0 11 168 
0 3 155 
0 16 236 
0 9 204 
0 8 124 
0 33 108 
0 26 144 
0 24 122 
0 8 177 
0 3 168 
0 2 169 
0 44 133 
0 21 228 
0 42 217 
0 9 135 
0 3 184 
0 11 131 
0 22 165 
0 15 184 
0 8 190 
0 17 221 
0 38 188 
0 7 145 
0 32 178 
0 16 168 
0 24 203 
0 10 117 
0 19 238 
0 24 193 
0 22 266 
0 32 234 
0 5 115 
0 19 135 
0 7 176 
0 23 179 
0 0 192 
0 9 163 
0 11 211 
0 5 206 
0 20 167 
0 11 176 
0 33 208 
0 24 167 
0 7 163 
0 26 193 
0 5 243 
0 25 168 
0 52 140 
0 22 153 
0 15 164 
0 24 144 
0 14 176 
0 15 293 
0 11 129 
0 13 147 
0 19 240 
0 22 138 
0 32 229 
0 20 89 
0 8 89 
0 22 123 
0 34 140 
0 17 136 
0 15 137 
0 49 216 
0 13 247 
0 14 160 
0 38 201 
0 48 151 
0 17 176 
0 4 236 
0 16 172 
0 11 204 
0 15 182 
0 30 93 
0 20 213 
0 6 129 
0 5 116 
0 20 166 
0 15 150 
0 7 211 
0 6 280 
0 12 182 
0 4 151 
0 3 190 
0 38 98 
0 51 122 
0 22 163 
0 5 191 
0 14 132 
0 19 207 
0 0 177 
0 4 201 
0 5 255 
0 4 218 
0 2 246 
0 13 160 
0 2 84 
0 1 174 
0 14 147 
0 24 219 
0 4 141 
0 17 143 
0 32 229 
0 5 165 
0 11 262 
0 9 113 
0 22 219 
0 7 218 
0 15 193 
0 37 166 
0 41 295 
0 7 217 
0 15 169 
0 4 164 
0 43 123 
0 23 168 
0 6 199 
0 1 145 
0 7 244 
0 11 135 
0 39 110 
0 8 189 
0 24 193 
0 13 156 
0 9 158 
0 40 206 
0 15 219 
0 6 227 
0 1 155 
0 11 117 
0 13 176 
0 23 140 
0 7 115 
0 24 139 
0 0 340 
0 42 148 
0 3 197 
0 8 220 
0 20 181 
0 31 188 
0 14 133 
0 23 159 
0 9 149 
0 31 147 
0 59 101 
0 8 139 
0 25 161 
0 3 281 
0 44 140 
0 20 107 
0 11 143 
0 9 200 
0 13 176 
0 14 88 
0 12 197 
0 0 182 
0 10 174 
0 21 105 
0 19 215 
0 17 200 
0 24 160 
0 15 112 
0 6 160 
0 9 167 
0 6 168 
0 16 149 
0 10 165 
0 19 157 
0 31 202 
0 9 123 
0 31 142 
0 23 187 
0 21 195 
0 3 169 
0 38 181 
0 12 194 
0 10 166 
0 22 105 
0 15 210 
0 5 292 
0 23 206 
0 32 117 
0 4 176 
0 11 183 
0 10 108 
0 0 191 
0 4 187 
0 5 227 
0 10 158 
0 22 149 
0 24 274 
0 31 111 
0 15 175 
0 0 106 
0 7 147 
0 8 218 
0 22 209 
0 43 167 
0 4 129 
0 10 207 
0 12 126 
0 24 226 
0 30 162 
0 6 144 
0 16 270 
0 32 118 
0 13 138 
0 11 121 
0 22 245 
0 7 208 
0 32 167 
0 15 115 
0 12 153 
0 63 136 
0 2 161 
0 10 129 
0 14 196 
0 31 117 
0 19 208 
0 8 178 
0 19 237 
0 15 139 
0 5 161 
0 0 169 
0 6 171 
0 18 137 
0 13 170 
0 30 151 
0 0 132 
0 20 145 
0 28 181 
0 17 128 
0 5 237 
0 13 162 
0 7 128 
0 4 203 
0 2 137 
0 21 214 
0 6 164 
0 8 234 
0 32 176 
0 3 168 
0 31 231 
0 4 104 
0 30 140 
0 0 274 
0 10 214 
0 48 82 
0 15 191 
0 47 170 
0 66 239 
0 8 146 
0 17 159 
0 15 164 
0 16 213 
0 2 203 
0 5 176 
0 11 255 
0 10 183 
0 11 156 
0 36 111 
0 28 204 
0 12 193 
0 35 183 
0 7 155 
0 17 145 
0 9 122 
0 8 187 
0 16 142 
0 35 158 
0 50 97 
0 7 145 
0 21 163 
0 22 134 
0 13 94 
0 21 112 
0 19 163 
0 11 226 
0 16 187 
0 9 217 
0 13 133 
0 8 154 
0 5 144 
0 11 143 
0 0 194 
0 4 251 
0 35 136 
0 24 179 
0 5 162 
0 26 144 
0 17 86 
0 1 149 
0 11 161 
0 17 199 
0 5 227 
0 22 186 
0 12 195 
0 14 200 
0 33 206 
0 43 226 
0 42 126 
0 6 143 
0 35 219 
0 42 165 
0 16 197 
0 7 201 
0 30 183 
0 22 196 
0 22 113 
0 13 202 
0 0 183 
0 20 144 
0 16 226 
0 65 99 
0 20 320 
0 43 147 
0 67 217 
0 17 104 
0 23 177 
0 19 151 
0 24 147 
0 18 119 
0 17 177 
0 8 177 
0 11 155 
0 15 183 
0 20 138 
0 18 242 
0 28 124 
0 11 221 
0 20 210 
0 12 105 
0 39 212 
0 24 80 
0 30 193 
0 10 122 
0 15 239 
0 14 178 
0 15 219 
0 44 206 
0 37 158 
0 19 217 
0 10 162 
0 11 110 
0 17 208 
0 34 177 
0 7 167 
0 3 126 
0 7 140 
0 22 270 
0 6 132 
0 8 180 
0 23 152 
0 10 158 
0 53 219 
0 9 185 
0 12 188 
0 13 203 
0 2 195 
0 17 173 
0 26 143 
0 21 99 
0 37 287 
0 12 202 
0 34 103 
0 10 160 
0 14 160 
0 19 147 
0 27 208 
0 21 227 
0 17 162 
0 13 117 
0 16 170 
0 17 242 
0 9 159 
0 43 202 
0 8 288 
0 3 137 
0 6 212 
0 6 111 
0 13 204 
0 45 187 
0 11 177 
0 38 221 
0 11 158 
0 25 205 
0 30 274 
0 2 222 
0 11 112 
0 3 254 
0 3 175 
0 19 160 
0 13 105 
0 28 169 
0 13 239 
0 12 170 
0 3 157 
0 31 173 
0 35 135 
0 20 181 
0 12 150 
0 13 182 
0 33 168 
0 12 189 
0 9 231 
0 14 134 
0 13 142 
0 8 202 
0 3 183 
0 19 200 
0 11 162 
0 38 170 
0 6 124 
0 12 247 
0 2 231 
0 11 182 
0 26 147 
0 10 261 
0 4 132 
0 9 168 
0 17 281 
0 9 161 
0 8 188 
0 10 113 
0 22 99 
0 10 184 
0 37 118 
0 10 257 
0 24 129 
0 21 108 
0 60 176 
0 1 258 
0 53 120 
0 19 104 
0 16 207 
0 6 276 
0 55 165 
0 25 184 
0 29 157 
0 2 135 
0 22 136 
0 10 200 
0 22 172 
0 18 140 
0 16 152 
0 27 149 
0 22 131 
0 14 144 
0 12 180 
0 4 157 
0 2 183 
0 4 156 
0 8 148 
0 0 185 
0 37 184 
0 7 161 
0 17 180 
0 12 122 
0 20 144 
0 36 195 
0 16 176 
0 7 123 
0 46 146 
0 25 161 
0 40 213 
0 37 185 
0 13 160 
0 8 212 
0 7 175 
0 12 196 
0 13 177 
0 4 185 
0 28 118 
0 20 112 
0 21 203 
0 15 110 
0 26 123 
0 6 145 
0 2 191 
0 14 207 
0 12 284 
0 14 96 
0 5 127 
0 30 200 
0 9 178 
0 7 257 
0 28 133 
0 38 145 
0 21 211 
0 27 126 
0 17 127 
0 35 145 
0 15 220 
0 28 185 
0 40 227 
0 3 165 
0 3 185 
0 12 135 
0 13 195 
0 27 120 
0 61 99 
0 32 155 
0 8 184 
0 34 165 
0 31 174 
0 42 221 
0 12 181 
0 13 178 
0 22 170 
0 5 213 
0 29 126 
0 22 101 
0 19 109 
0 16 262 
0 17 135 
0 8 140 
0 52 130 
0 16 250 
0 29 132 
0 5 248 
0 3 91 
0 12 175 
0 6 138 
0 42 82 
0 11 160 
0 6 141 
0 5 188 
0 10 200 
0 5 127 
0 59 139 
0 13 199 
0 2 188 
0 22 154 
0 28 199 
0 11 227 
0 20 185 
0 14 184 
0 5 155 
0 15 180 
0 13 178 
0 35 163 
0 29 126 
0 24 185 
0 13 171 
0 14 100 
0 11 157 
0 27 168 
0 29 200 
0 15 111 
0 9 133 
0 18 260 
0 12 117 
0 17 151 
0 27 125 
0 11 187 
0 29 126 
0 29 119 
0 21 240 
0 29 151 
0 8 111 
0 5 186 
0 13 251 
0 25 165 
0 24 147 
0 4 192 
0 5 203 
0 13 146 
0 27 179 
0 32 201 
0 8 150 
0 4 201 
0 15 310 
0 8 154 
0 14 228 
0 14 181 
0 10 194 
0 11 234 
0 11 202 
0 16 102 
0 30 152 
0 10 217 
0 6 152 
0 11 137 
0 15 175 
0 12 190 
0 34 175 
0 18 187 
0 3 114 
0 10 193 
0 56 148 
0 14 216 
0 9 322 
0 8 125 
0 16 141 
0 1 230 
0 5 237 
0 4 194 
0 9 227 
0 16 180 
0 32 128 
0 47 183 
0 28 144 
0 21 167 
0 12 295 
0 14 231 
0 18 140 
0 24 116 
0 9 202 
0 13 117 
0 17 203 
0 12 210 
0 18 194 
0 0 155 
0 29 133 
0 22 203 
0 14 187 
0 4 208 
0 16 172 
0 8 294 
0 20 108 
0 8 151 
0 2 184 
0 28 213 
0 25 114 
0 7 171 
0 18 145 
0 23 103 
0 11 174 
0 39 133 
0 26 226 
0 18 205 
0 25 76 
0 5 177 
0 5 204 
0 10 150 
0 18 150 
0 19 147 
0 16 97 
0 2 174 
0 24 171 
0 3 186 
0 28 221 
0 20 184 
0 11 200 
0 12 134 
0 4 199 
0 22 166 
0 11 159 
0 26 138 
0 11 176 
0 8 154 
0 22 161 
0 33 170 
0 17 126 
0 5 214 
0 18 164 
