0 124 6 
0 174 45 
0 89 22 
0 49 43 
0 102 99 
0 82 28 
0 86 103 
0 138 22 
0 115 87 
0 146 47 
0 165 67 
0 60 34 
0 93 62 
0 173 15 
0 75 25 
0 147 27 
0 54 44 
0 205 29 
0 111 27 
0 126 65 
0 104 53 
0 163 35 
0 140 76 
0 113 2 
0 143 31 
0 111 103 
0 85 47 
0 147 56 
0 139 49 
0 130 34 
0 150 48 
0 125 23 
0 80 55 
0 103 32 
0 125 28 
0 144 52 
0 168 65 
0 77 13 
0 77 101 
0 190 41 
0 138 21 
0 116 5 
0 136 49 
0 98 66 
0 146 40 
0 121 42 
0 104 32 
0 153 84 
0 135 36 
0 115 50 
0 142 35 
0 140 79 
0 118 20 
0 135 47 
0 190 40 
0 95 39 
0 110 80 
0 86 27 
0 143 51 
0 77 24 
0 143 133 
0 97 55 
0 137 33 
0 113 29 
0 128 27 
0 105 28 
0 118 34 
0 146 55 
0 85 24 
0 96 50 
0 99 44 
0 100 53 
0 131 18 
0 134 41 
0 89 42 
0 186 18 
0 89 25 
0 127 21 
0 84 84 
0 159 12 
0 157 6 
0 163 21 
0 146 43 
0 120 16 
0 90 30 
0 104 25 
0 167 63 
0 119 40 
0 127 54 
0 100 9 
0 105 33 
0 92 12 
0 111 14 
0 121 14 
0 157 25 
0 151 59 
0 112 14 
0 107 48 
0 113 11 
0 110 23 
0 83 95 
0 97 45 
0 168 34 
0 114 17 
0 136 31 
0 94 88 
0 131 23 
0 102 105 
0 155 21 
0 135 36 
0 139 19 
0 96 30 
0 129 48 
0 122 19 
0 131 62 
0 133 17 
0 116 8 
0 92 22 
0 119 18 
0 110 38 
0 63 60 
0 156 7 
0 94 25 
0 122 23 
0 143 20 
0 111 92 
0 121 41 
0 74 58 
0 166 18 
0 122 23 
0 105 19 
0 78 28 
0 73 87 
0 117 43 
0 109 39 
0 78 13 
0 111 20 
0 94 20 
0 112 20 
0 157 35 
0 107 28 
0 65 15 
0 74 23 
0 125 28 
0 123 47 
0 74 36 
0 118 27 
0 152 16 
0 119 35 
0 115 71 
0 116 88 
0 147 37 
0 52 68 
0 147 28 
0 150 15 
0 122 43 
0 169 8 
0 75 10 
0 123 43 
0 140 4 
0 153 8 
0 69 60 
0 124 30 
0 119 34 
0 63 19 
0 144 31 
0 127 13 
0 117 24 
0 65 72 
0 180 31 
0 136 115 
0 102 49 
0 68 64 
0 98 11 
0 117 36 
0 142 42 
0 134 24 
0 82 89 
0 146 81 
0 82 76 
0 59 11 
0 69 78 
0 126 59 
0 121 28 
0 167 100 
0 112 112 
0 80 76 
0 96 36 
0 101 90 
0 123 104 
0 87 32 
0 126 10 
0 112 22 
0 70 27 
0 122 20 
0 86 30 
0 152 32 
0 116 22 
0 72 37 
0 70 36 
0 81 26 
0 103 33 
0 103 44 
0 122 52 
0 65 43 
0 107 20 
0 143 19 
0 147 55 
0 135 59 
0 104 29 
0 88 28 
0 160 15 
0 143 81 
0 103 51 
0 125 19 
0 132 70 
0 135 11 
0 153 22 
0 132 59 
0 123 32 
0 125 30 
0 175 39 
0 116 55 
0 71 40 
0 148 29 
0 106 33 
0 187 22 
0 114 16 
0 133 86 
0 126 21 
0 126 8 
0 99 20 
0 148 30 
0 88 78 
0 95 39 
0 49 59 
0 143 61 
0 119 25 
0 135 23 
0 106 37 
0 117 68 
0 122 37 
0 78 30 
0 120 41 
0 117 1 
0 95 14 
0 83 24 
0 80 57 
0 122 42 
0 108 8 
0 138 34 
0 94 59 
0 79 51 
0 124 30 
0 109 49 
0 72 61 
0 66 24 
0 103 36 
0 143 34 
0 112 45 
0 93 2 
0 113 77 
0 160 92 
0 103 25 
0 105 31 
0 193 48 
0 95 62 
0 82 32 
0 142 33 
0 97 45 
0 176 29 
0 79 17 
0 124 18 
0 126 28 
0 113 28 
0 94 17 
0 147 33 
0 148 20 
0 133 2 
0 93 47 
0 90 10 
0 137 65 
0 144 31 
0 142 96 
0 116 14 
0 112 23 
0 184 5 
0 99 38 
0 119 38 
0 107 26 
0 143 52 
0 110 52 
0 149 77 
0 139 24 
0 83 71 
0 106 22 
0 139 29 
0 128 30 
0 124 30 
0 128 30 
0 143 98 
0 174 57 
0 114 37 
0 119 38 
0 117 14 
0 137 13 
0 71 42 
0 136 53 
0 96 27 
0 105 21 
0 125 24 
0 114 38 
0 117 23 
0 141 56 
0 123 69 
0 129 12 
0 83 9 
0 112 12 
0 69 25 
0 61 83 
0 128 27 
0 169 52 
0 60 84 
0 62 7 
0 143 8 
0 148 36 
0 92 56 
0 117 32 
0 74 22 
0 92 99 
0 123 59 
0 84 109 
0 147 47 
0 103 33 
0 88 44 
0 94 30 
0 126 32 
0 99 23 
0 118 103 
0 110 10 
0 117 38 
0 86 30 
0 117 29 
0 169 2 
0 164 41 
0 145 39 
0 175 27 
0 123 16 
0 100 137 
0 155 87 
0 217 11 
0 86 39 
0 108 32 
0 84 79 
0 106 7 
0 74 60 
0 147 54 
0 116 3 
0 162 15 
0 142 4 
0 141 37 
0 138 30 
0 130 17 
0 153 64 
0 74 23 
0 138 21 
0 105 54 
0 180 97 
0 121 3 
0 124 27 
0 123 58 
0 108 15 
0 117 111 
0 123 10 
0 170 65 
0 104 54 
0 113 21 
0 90 60 
0 101 8 
0 136 18 
0 96 39 
0 92 71 
0 111 29 
0 149 34 
0 105 42 
0 149 9 
0 81 47 
0 106 4 
0 132 42 
0 82 13 
0 107 77 
0 117 32 
0 77 5 
0 51 17 
0 163 136 
0 113 52 
0 120 60 
0 91 55 
0 57 22 
0 75 23 
0 101 49 
0 192 15 
0 101 41 
0 165 28 
0 98 45 
0 169 38 
0 103 17 
0 130 3 
0 110 18 
0 159 12 
0 81 59 
0 127 29 
0 113 19 
0 95 21 
0 154 33 
0 114 48 
0 82 18 
0 95 30 
0 151 14 
0 138 21 
0 98 54 
0 117 14 
0 132 27 
0 89 92 
0 123 15 
0 121 52 
0 113 31 
0 94 53 
0 139 50 
0 133 33 
0 98 65 
0 94 86 
0 176 29 
0 64 65 
0 153 24 
0 93 35 
0 90 58 
0 81 76 
0 91 15 
0 111 59 
0 114 14 
0 140 52 
0 144 70 
0 108 153 
0 118 49 
0 168 48 
0 141 13 
0 99 60 
0 124 9 
0 92 30 
0 102 51 
0 146 23 
0 103 25 
0 89 53 
0 125 19 
0 112 21 
0 89 37 
0 88 8 
0 143 14 
0 122 28 
0 121 24 
0 73 30 
0 105 50 
0 87 6 
0 111 45 
0 89 41 
0 64 38 
0 114 51 
0 93 80 
0 91 49 
0 124 20 
0 77 31 
0 106 9 
0 151 26 
0 94 17 
0 104 12 
0 127 21 
0 64 22 
0 103 59 
0 146 13 
0 107 18 
0 58 27 
0 128 17 
0 171 31 
0 119 62 
0 59 26 
0 89 20 
0 93 78 
0 98 18 
0 108 12 
0 91 34 
0 123 13 
0 64 29 
0 116 59 
0 152 37 
0 148 15 
0 95 84 
0 116 1 
0 149 13 
0 89 97 
0 136 12 
0 113 54 
0 110 39 
0 97 72 
0 68 17 
0 134 14 
0 106 31 
0 96 29 
0 71 43 
0 141 51 
0 140 57 
0 131 22 
0 95 37 
0 112 45 
0 109 38 
0 169 10 
0 91 18 
0 175 14 
0 81 63 
0 120 19 
0 118 36 
0 137 22 
0 98 54 
0 74 14 
0 81 58 
0 94 32 
0 89 66 
0 97 20 
0 65 19 
0 55 21 
0 123 15 
0 147 45 
0 69 107 
0 106 13 
0 86 64 
0 148 60 
0 112 43 
0 90 46 
0 101 113 
0 87 40 
0 133 51 
0 118 93 
0 120 28 
0 112 77 
0 188 36 
0 134 32 
0 89 12 
0 77 14 
0 91 73 
0 133 20 
0 98 60 
0 90 37 
0 164 40 
0 79 39 
0 89 14 
0 125 24 
0 139 25 
0 98 57 
0 96 56 
0 157 40 
0 129 42 
0 87 13 
0 87 32 
0 113 37 
0 127 37 
0 130 40 
0 114 16 
0 127 16 
0 93 53 
0 104 39 
0 102 10 
0 116 6 
0 122 20 
0 147 38 
0 103 1 
0 104 43 
0 127 48 
0 134 38 
0 126 47 
0 123 50 
0 101 7 
0 162 69 
0 106 57 
0 56 20 
0 148 28 
0 127 54 
0 76 62 
0 144 18 
0 110 40 
0 122 72 
0 120 42 
0 91 81 
0 123 18 
0 120 35 
0 133 16 
0 96 26 
0 113 118 
0 68 166 
0 134 28 
0 130 49 
0 142 57 
0 107 58 
0 134 23 
0 133 31 
0 124 149 
0 105 42 
0 91 52 
0 152 28 
0 87 73 
0 106 86 
0 144 82 
0 92 31 
0 58 15 
0 117 5 
0 122 61 
0 132 25 
0 161 56 
0 134 7 
0 90 43 
0 98 60 
0 95 6 
0 88 27 
0 86 37 
0 49 22 
0 128 21 
0 146 66 
0 122 8 
0 67 21 
0 119 35 
0 94 70 
0 101 40 
0 162 42 
0 133 13 
0 134 19 
0 110 40 
0 93 42 
0 97 63 
0 153 21 
0 129 44 
0 105 65 
0 135 28 
0 101 8 
0 153 93 
0 92 24 
0 110 22 
0 89 72 
0 64 30 
0 157 45 
0 121 20 
0 91 66 
0 118 23 
0 128 29 
0 112 37 
0 117 16 
0 124 39 
0 124 25 
0 90 5 
0 145 0 
0 82 27 
0 78 68 
0 109 56 
0 102 40 
0 160 35 
0 98 39 
0 129 32 
0 81 51 
0 135 22 
0 132 53 
0 85 6 
0 113 50 
0 102 8 
0 120 42 
0 134 45 
0 109 54 
0 108 43 
0 150 36 
0 96 30 
0 95 35 
0 75 73 
0 54 22 
0 162 70 
0 96 21 
0 142 44 
0 116 45 
0 118 52 
0 135 40 
0 73 36 
0 109 53 
0 87 9 
0 91 38 
0 102 70 
0 118 64 
0 109 16 
0 110 52 
0 43 16 
0 153 41 
0 100 68 
0 83 53 
0 95 45 
0 179 27 
0 92 88 
0 125 80 
0 129 33 
0 78 56 
0 132 33 
0 96 25 
0 143 78 
0 127 22 
0 85 59 
0 117 24 
0 161 45 
0 88 14 
0 185 9 
0 94 82 
0 134 39 
0 151 56 
0 133 78 
0 179 97 
0 101 73 
0 131 44 
0 96 26 
0 132 13 
0 120 33 
0 124 6 
0 94 68 
0 99 3 
0 76 86 
0 141 15 
0 162 34 
0 129 65 
0 119 36 
0 82 56 
0 146 43 
0 117 84 
0 153 0 
0 184 16 
0 119 21 
0 83 38 
0 136 22 
0 94 87 
0 92 12 
0 78 66 
0 138 17 
0 43 17 
0 96 41 
0 151 17 
0 109 21 
0 116 51 
0 101 78 
0 72 32 
0 127 22 
0 118 28 
0 139 59 
0 55 37 
0 124 92 
0 119 87 
0 81 38 
0 67 66 
0 86 48 
0 118 12 
0 120 25 
0 155 69 
0 103 82 
0 139 28 
0 111 93 
0 107 5 
0 99 110 
0 118 11 
0 190 35 
0 147 3 
0 136 52 
0 81 38 
0 88 27 
0 119 55 
0 117 53 
0 131 73 
0 96 30 
0 124 17 
0 103 59 
0 101 29 
0 101 75 
0 132 26 
0 154 49 
0 89 24 
0 130 87 
0 53 42 
0 151 61 
0 121 71 
0 127 27 
0 76 11 
0 109 87 
0 79 24 
0 106 47 
0 64 11 
0 147 29 
0 98 26 
0 199 52 
0 131 28 
0 121 60 
0 88 7 
0 108 60 
0 109 44 
0 148 26 
0 150 25 
0 72 17 
0 116 12 
0 102 34 
0 81 27 
0 65 38 
0 114 19 
0 103 23 
0 107 6 
0 135 45 
0 175 17 
0 93 67 
0 160 21 
0 163 29 
0 139 39 
0 94 22 
0 146 50 
0 160 73 
0 142 33 
0 122 54 
0 114 21 
0 157 91 
0 88 33 
0 127 35 
0 70 18 
0 143 44 
0 158 52 
0 104 57 
0 105 21 
0 128 12 
0 128 85 
0 130 45 
0 117 84 
0 134 1 
0 98 27 
0 129 29 
0 88 29 
0 108 49 
0 132 65 
0 140 52 
0 105 30 
0 89 18 
0 112 61 
0 69 22 
0 67 20 
0 110 141 
0 74 18 
0 97 12 
0 42 2 
0 129 48 
0 115 38 
0 152 50 
0 133 32 
0 132 9 
0 105 10 
0 104 56 
0 118 45 
0 172 39 
0 104 39 
0 100 46 
0 81 85 
0 72 33 
0 100 17 
0 101 54 
0 75 9 
0 128 42 
0 70 37 
0 141 17 
0 98 21 
0 85 18 
0 102 6 
0 176 45 
0 157 44 
0 142 34 
0 62 27 
0 74 54 
0 102 13 
0 122 49 
0 90 51 
0 107 36 
0 92 29 
0 131 29 
0 114 15 
0 132 32 
0 128 41 
0 130 77 
0 115 20 
0 88 51 
0 118 75 
0 104 38 
0 67 17 
0 139 31 
0 61 38 
0 126 68 
0 64 60 
0 129 55 
0 114 83 
0 136 21 
0 152 53 
0 138 42 
0 101 52 
0 102 44 
0 107 22 
0 96 60 
0 103 23 
0 78 37 
0 75 63 
0 109 76 
0 90 16 
0 106 28 
0 153 30 
0 112 14 
0 121 25 
0 112 58 
0 96 52 
0 83 27 
0 156 38 
0 120 21 
0 67 21 
0 123 23 
0 158 30 
0 168 25 
0 108 80 
0 90 62 
0 138 63 
0 130 30 
0 108 41 
0 72 73 
0 101 84 
0 95 40 
0 127 22 
0 106 51 
0 105 48 
0 102 12 
0 123 43 
0 144 10 
0 135 25 
0 73 13 
0 122 40 
0 133 52 
0 117 54 
0 103 10 
0 87 16 
0 130 56 
0 130 17 
0 68 19 
0 139 27 
0 95 39 
0 162 30 
0 141 15 
0 172 83 
0 101 44 
0 127 95 
0 145 22 
0 168 46 
0 133 24 
0 71 131 
0 121 5 
0 112 72 
0 107 56 
0 134 62 
0 124 36 
0 115 2 
0 125 31 
0 65 56 
0 93 61 
0 125 37 
0 148 54 
0 83 13 
0 81 13 
0 114 20 
0 97 16 
0 104 13 
0 114 30 
0 176 29 
0 117 18 
0 136 57 
0 47 75 
0 118 43 
0 114 12 
0 153 68 
0 81 56 
0 91 37 
0 154 42 
0 120 21 
0 73 38 
0 122 11 
0 123 65 
0 109 20 
0 79 67 
0 104 12 
0 141 51 
0 56 73 
0 75 11 
0 67 56 
0 109 19 
0 80 40 
