0 39 5 
0 85 2 
0 57 0 
0 105 0 
0 30 0 
0 62 0 
0 19 0 
0 108 11 
0 107 8 
0 91 0 
0 90 0 
0 46 14 
0 43 0 
0 19 0 
0 41 0 
0 52 3 
0 112 13 
0 83 1 
0 20 0 
0 53 0 
0 64 1 
0 27 0 
0 64 11 
0 60 0 
0 46 5 
0 68 0 
0 36 0 
0 50 4 
0 41 0 
0 80 0 
0 73 0 
0 39 0 
0 25 0 
0 105 1 
0 32 3 
0 60 0 
0 47 0 
0 84 3 
0 71 0 
0 11 0 
0 72 0 
0 89 1 
0 110 0 
0 52 0 
0 20 0 
0 68 0 
0 73 0 
0 37 0 
0 63 0 
0 77 8 
0 38 0 
0 35 0 
0 99 0 
0 17 0 
0 23 0 
0 69 0 
0 39 0 
0 99 1 
0 80 12 
0 101 26 
0 60 8 
0 47 2 
0 18 0 
0 73 0 
0 133 19 
0 132 0 
0 17 0 
0 26 0 
0 71 0 
0 25 0 
0 28 0 
0 54 0 
0 147 0 
0 111 7 
0 59 0 
0 45 0 
0 68 10 
0 59 2 
0 19 0 
0 52 0 
0 68 0 
0 26 0 
0 62 8 
0 158 0 
0 53 5 
0 63 0 
0 11 2 
0 91 0 
0 51 0 
0 55 0 
0 24 0 
0 88 23 
0 77 5 
0 45 0 
0 46 0 
0 56 0 
0 40 0 
0 96 0 
0 46 0 
0 90 0 
0 48 0 
0 112 0 
0 43 0 
0 67 0 
0 50 0 
0 129 23 
0 32 0 
0 69 0 
0 35 3 
0 72 1 
0 68 0 
0 70 0 
0 26 0 
0 46 8 
0 94 0 
0 81 0 
0 17 0 
0 102 29 
0 66 0 
0 67 2 
0 78 3 
0 62 0 
0 133 0 
0 79 0 
0 62 3 
0 122 10 
0 89 0 
0 76 2 
0 50 4 
0 34 12 
0 33 4 
0 69 0 
0 78 9 
0 51 0 
0 44 0 
0 63 0 
0 25 0 
0 90 0 
0 62 0 
0 23 0 
0 47 2 
0 67 0 
0 91 0 
0 35 0 
0 129 0 
0 47 7 
0 20 0 
0 84 8 
0 80 1 
0 92 21 
0 29 0 
0 120 17 
0 70 6 
0 78 8 
0 112 8 
0 13 0 
0 26 0 
0 72 0 
0 69 0 
0 38 0 
0 40 0 
0 66 0 
0 67 0 
0 83 2 
0 62 40 
0 70 0 
0 43 0 
0 83 0 
0 61 7 
0 85 0 
0 75 0 
0 47 0 
0 19 0 
0 52 0 
0 34 0 
0 35 0 
0 57 0 
0 55 0 
0 92 0 
0 62 2 
0 38 9 
0 125 0 
0 38 0 
0 61 10 
0 16 1 
0 81 10 
0 55 0 
0 47 0 
0 62 29 
0 44 0 
0 161 15 
0 95 3 
0 33 0 
0 45 0 
0 112 0 
0 74 0 
0 61 0 
0 29 0 
0 56 0 
0 123 11 
0 52 21 
0 55 0 
0 93 0 
0 32 0 
0 35 10 
0 40 0 
0 52 0 
0 58 0 
0 70 0 
0 71 4 
0 47 0 
0 14 4 
0 63 0 
0 76 0 
0 141 0 
0 41 0 
0 46 0 
0 89 0 
0 16 0 
0 39 0 
0 19 0 
0 22 0 
0 65 0 
0 75 5 
0 78 0 
0 45 3 
0 92 0 
0 58 0 
0 57 0 
0 149 14 
0 127 5 
0 65 0 
0 18 8 
0 73 11 
0 90 0 
0 31 2 
0 43 0 
0 76 0 
0 51 0 
0 99 20 
0 79 6 
0 71 0 
0 58 12 
0 84 0 
0 78 0 
0 56 0 
0 63 3 
0 44 0 
0 57 1 
0 123 12 
0 48 0 
0 73 0 
0 49 3 
0 35 23 
0 72 0 
0 58 9 
0 162 0 
0 67 0 
0 13 0 
0 59 7 
0 56 0 
0 70 0 
0 63 11 
0 126 0 
0 51 6 
0 43 0 
0 34 2 
0 93 5 
0 77 0 
0 41 6 
0 41 0 
0 72 0 
0 87 1 
0 31 2 
0 51 4 
0 43 0 
0 36 0 
0 59 0 
0 170 0 
0 112 0 
0 83 0 
0 84 0 
0 72 0 
0 63 0 
0 58 0 
0 52 0 
0 26 0 
0 56 4 
0 44 0 
0 136 2 
0 79 0 
0 21 0 
0 88 4 
0 39 2 
0 140 21 
0 142 0 
0 127 2 
0 54 5 
0 35 0 
0 34 0 
0 78 0 
0 29 0 
0 52 0 
0 80 0 
0 74 0 
0 57 0 
0 53 0 
0 38 7 
0 69 8 
0 28 0 
0 116 0 
0 53 0 
0 36 0 
0 80 0 
0 68 9 
0 54 0 
0 87 0 
0 38 3 
0 68 1 
0 55 18 
0 62 0 
0 22 3 
0 67 14 
0 77 0 
0 53 0 
0 22 0 
0 56 15 
0 63 22 
0 75 0 
0 61 0 
0 52 0 
0 117 0 
0 65 3 
0 27 0 
0 67 3 
0 79 0 
0 56 1 
0 97 0 
0 94 2 
0 55 0 
0 101 0 
0 71 10 
0 52 11 
0 54 0 
0 94 6 
0 63 4 
0 43 1 
0 35 0 
0 118 0 
0 70 0 
0 45 0 
0 86 0 
0 33 0 
0 101 0 
0 94 10 
0 27 0 
0 68 0 
0 60 4 
0 51 0 
0 77 0 
0 24 0 
0 94 0 
0 54 1 
0 24 2 
0 48 0 
0 91 0 
0 9 2 
0 38 0 
0 96 0 
0 73 1 
0 111 12 
0 42 0 
0 74 5 
0 43 3 
0 45 0 
0 58 0 
0 45 0 
0 30 0 
0 70 10 
0 46 0 
0 115 10 
0 107 0 
0 24 0 
0 74 24 
0 35 10 
0 63 1 
0 38 0 
0 67 2 
0 30 0 
0 61 0 
0 28 2 
0 137 7 
0 37 3 
0 23 0 
0 39 1 
0 59 2 
0 68 2 
0 75 0 
0 70 0 
0 75 0 
0 42 0 
0 35 0 
0 26 2 
0 31 0 
0 63 0 
0 23 0 
0 100 9 
0 56 0 
0 54 6 
0 27 0 
0 21 5 
0 11 3 
0 118 3 
0 15 2 
0 47 0 
0 61 0 
0 128 0 
0 75 4 
0 71 3 
0 74 2 
0 22 0 
0 67 0 
0 125 0 
0 51 0 
0 41 0 
0 31 0 
0 63 0 
0 40 1 
0 94 0 
0 54 0 
0 73 0 
0 72 1 
0 134 2 
0 38 0 
0 57 0 
0 34 0 
0 78 0 
0 104 3 
0 35 0 
0 47 0 
0 62 5 
0 87 0 
0 43 0 
0 26 3 
0 51 0 
0 44 2 
0 58 0 
0 76 10 
0 58 0 
0 44 0 
0 108 1 
0 22 2 
0 60 3 
0 35 7 
0 55 1 
0 56 14 
0 48 0 
0 20 2 
0 18 0 
0 39 0 
0 105 0 
0 34 3 
0 89 0 
0 38 2 
0 55 0 
0 90 13 
0 86 8 
0 97 4 
0 81 16 
0 80 10 
0 58 0 
0 41 0 
0 37 8 
0 84 1 
0 82 0 
0 133 0 
0 22 0 
0 38 0 
0 98 2 
0 59 7 
0 77 0 
0 63 0 
0 52 0 
0 56 0 
0 63 4 
0 53 0 
0 40 0 
0 42 0 
0 64 0 
0 67 0 
0 51 1 
0 75 0 
0 78 0 
0 28 1 
0 84 0 
0 50 0 
0 79 0 
0 66 0 
0 61 2 
0 102 16 
0 39 0 
0 75 0 
0 39 0 
0 131 0 
0 24 8 
0 75 0 
0 46 8 
0 57 0 
0 71 0 
0 39 0 
0 57 3 
0 44 0 
0 46 0 
0 83 0 
0 70 0 
0 85 0 
0 110 7 
0 63 0 
0 67 0 
0 103 0 
0 51 0 
0 22 0 
0 52 0 
0 79 5 
0 51 2 
0 101 5 
0 63 6 
0 139 6 
0 40 0 
0 31 0 
0 46 13 
0 85 0 
0 28 0 
0 54 0 
0 90 0 
0 113 0 
0 30 2 
0 66 0 
0 62 0 
0 30 0 
0 98 0 
0 49 0 
0 120 2 
0 68 33 
0 39 0 
0 78 0 
0 142 0 
0 42 0 
0 75 0 
0 38 0 
0 110 0 
0 55 0 
0 50 0 
0 123 0 
0 53 0 
0 69 0 
0 66 1 
0 94 0 
0 82 0 
0 42 0 
0 36 0 
0 102 0 
0 107 0 
0 129 0 
0 60 15 
0 19 0 
0 91 0 
0 122 0 
0 65 0 
0 59 0 
0 31 2 
0 50 0 
0 47 11 
0 58 0 
0 59 9 
0 78 15 
0 58 0 
0 72 1 
0 101 3 
0 37 0 
0 32 0 
0 59 0 
0 108 4 
0 49 7 
0 72 0 
0 26 0 
0 37 2 
0 74 0 
0 78 0 
0 66 12 
0 69 0 
0 9 0 
0 35 0 
0 32 1 
0 53 0 
0 29 0 
0 65 0 
0 45 5 
0 76 0 
0 70 8 
0 43 0 
0 20 5 
0 22 0 
0 55 0 
0 43 0 
0 45 0 
0 131 0 
0 72 0 
0 50 1 
0 45 0 
0 78 0 
0 41 0 
0 69 0 
0 13 4 
0 60 0 
0 70 26 
0 10 1 
0 26 0 
0 34 3 
0 107 1 
0 121 0 
0 77 4 
0 23 0 
0 108 0 
0 47 0 
0 61 4 
0 93 0 
0 56 0 
0 119 0 
0 76 0 
0 71 3 
0 94 2 
0 91 2 
0 100 0 
0 45 0 
0 25 0 
0 73 7 
0 85 6 
0 36 0 
0 66 0 
0 51 0 
0 41 0 
0 40 0 
0 109 0 
0 48 0 
0 24 0 
0 33 0 
0 58 0 
0 33 0 
0 110 11 
0 78 0 
0 59 0 
0 79 7 
0 103 7 
0 118 9 
0 14 5 
0 29 0 
0 29 0 
0 57 1 
0 92 0 
0 61 0 
0 47 3 
0 75 0 
0 74 8 
0 110 11 
0 130 3 
0 38 5 
0 81 0 
0 78 0 
0 88 6 
0 49 0 
0 70 25 
0 110 0 
0 57 7 
0 72 0 
0 62 1 
0 67 0 
0 53 2 
0 38 0 
0 65 0 
0 75 1 
0 44 0 
0 20 4 
0 87 4 
0 45 0 
0 40 0 
0 65 0 
0 102 28 
0 65 1 
0 71 0 
0 48 0 
0 51 1 
0 148 17 
0 56 0 
0 10 0 
0 7 0 
0 25 3 
0 113 0 
0 43 0 
0 50 7 
0 88 0 
0 36 0 
0 55 0 
0 33 0 
0 48 6 
0 62 0 
0 49 2 
0 18 0 
0 51 3 
0 80 0 
0 108 3 
0 52 6 
0 62 1 
0 78 8 
0 80 0 
0 116 11 
0 54 0 
0 120 1 
0 50 0 
0 83 1 
0 19 0 
0 109 0 
0 108 16 
0 52 5 
0 60 0 
0 61 0 
0 20 0 
0 20 1 
0 123 0 
0 64 0 
0 53 0 
0 38 0 
0 51 2 
0 80 13 
0 32 2 
0 41 0 
0 47 0 
0 42 1 
0 22 0 
0 56 0 
0 48 0 
0 76 0 
0 92 4 
0 25 0 
0 90 0 
0 67 9 
0 41 13 
0 71 0 
0 65 12 
0 121 0 
0 94 3 
0 75 0 
0 61 0 
0 10 0 
0 47 2 
0 76 0 
0 72 8 
0 71 0 
0 24 0 
0 25 0 
0 97 6 
0 140 7 
0 61 0 
0 49 0 
0 65 0 
0 66 0 
0 57 17 
0 42 3 
0 41 0 
0 32 0 
0 62 1 
0 6 0 
0 104 0 
0 126 21 
0 53 2 
0 109 10 
0 26 7 
0 68 3 
0 62 0 
0 42 8 
0 51 4 
0 55 0 
0 99 0 
0 48 9 
0 82 0 
0 65 29 
0 61 6 
0 46 0 
0 59 0 
0 130 0 
0 62 4 
0 76 0 
0 63 4 
0 92 0 
0 91 2 
0 54 8 
0 6 0 
0 51 6 
0 21 0 
0 87 0 
0 48 0 
0 52 6 
0 50 0 
0 49 0 
0 47 0 
0 51 0 
0 92 7 
0 36 0 
0 74 0 
0 57 0 
0 80 0 
0 89 9 
0 119 9 
0 64 0 
0 73 0 
0 7 0 
0 40 0 
0 69 3 
0 104 9 
0 95 8 
0 65 0 
0 38 2 
0 45 2 
0 106 0 
0 17 8 
0 22 0 
0 73 3 
0 59 0 
0 63 0 
0 42 0 
0 54 0 
0 18 0 
0 112 0 
0 113 0 
0 37 7 
0 88 0 
0 76 5 
0 48 0 
0 38 5 
0 38 3 
0 35 0 
0 14 0 
0 74 0 
0 28 0 
0 28 0 
0 77 13 
0 72 0 
0 56 10 
0 68 0 
0 50 0 
0 56 0 
0 97 0 
0 29 0 
0 73 0 
0 32 0 
0 75 0 
0 67 3 
0 99 9 
0 27 0 
0 74 12 
0 42 0 
0 87 0 
0 63 1 
0 43 0 
0 42 0 
0 84 4 
0 38 0 
0 65 0 
0 38 0 
0 58 0 
0 64 1 
0 58 5 
0 50 19 
0 85 7 
0 132 0 
0 61 2 
0 79 5 
0 56 0 
0 63 17 
0 122 8 
0 35 5 
0 95 3 
0 14 0 
0 29 8 
0 70 0 
0 33 0 
0 77 2 
0 104 0 
0 70 2 
0 67 1 
0 57 12 
0 117 0 
0 74 2 
0 67 0 
0 46 0 
0 86 0 
0 54 0 
0 25 0 
0 62 3 
0 69 3 
0 48 0 
0 47 0 
0 60 7 
0 45 4 
0 99 0 
0 14 0 
0 69 3 
0 88 0 
0 140 0 
0 85 0 
0 65 0 
0 57 0 
0 66 0 
0 76 0 
0 108 0 
0 76 15 
0 28 0 
0 50 0 
0 50 1 
0 68 0 
0 106 21 
0 89 0 
0 83 1 
0 95 0 
0 59 0 
0 66 4 
0 142 0 
0 35 8 
0 137 5 
0 49 0 
0 50 0 
0 37 8 
0 80 3 
0 75 12 
0 47 0 
0 125 1 
0 57 7 
0 33 0 
0 31 0 
0 38 0 
0 73 0 
0 44 1 
0 166 1 
0 27 0 
0 71 30 
0 76 11 
0 55 0 
0 31 0 
0 28 0 
0 70 20 
0 54 18 
0 83 0 
0 111 0 
0 45 0 
0 67 0 
0 83 7 
0 120 9 
0 121 9 
0 28 0 
0 73 1 
0 83 0 
0 85 0 
0 60 7 
0 49 0 
0 47 3 
0 103 5 
0 123 0 
0 112 0 
0 25 0 
0 29 5 
0 80 2 
0 44 8 
0 62 0 
0 52 0 
0 149 0 
0 45 0 
0 77 7 
0 131 0 
0 98 15 
0 77 0 
0 42 14 
0 90 1 
0 66 0 
0 50 0 
0 31 0 
0 116 1 
0 79 0 
0 80 7 
0 29 0 
0 107 0 
0 40 0 
0 94 0 
0 44 0 
0 18 0 
0 53 0 
0 53 4 
0 89 0 
0 40 15 
0 103 2 
0 62 6 
