0 628 0 0 0 
0 644 0 0 0 
0 572 0 0 0 
0 646 0 0 0 
0 564 0 0 0 
0 678 0 0 0 
0 578 0 0 0 
6 613 0 0 0 
46 546 0 0 0 
5 666 3 0 0 
1 664 0 0 0 
0 613 0 0 0 
23 573 0 0 0 
0 720 0 0 0 
0 608 0 0 0 
8 660 0 0 0 
0 600 0 0 0 
0 537 0 0 0 
3 645 0 0 0 
0 634 0 0 0 
4 571 3 0 0 
0 740 0 0 0 
0 534 0 0 0 
5 609 0 0 0 
7 623 0 0 0 
0 574 60 0 0 
0 592 2 0 0 
0 600 0 0 0 
0 711 0 0 0 
0 586 0 0 0 
0 641 16 0 0 
0 615 17 0 0 
5 651 0 0 0 
1 600 0 0 0 
0 668 0 0 0 
0 672 0 0 0 
0 640 0 0 0 
0 557 0 0 0 
0 643 0 0 0 
0 583 0 0 0 
0 614 0 0 0 
12 671 0 0 0 
0 661 0 0 0 
0 552 0 0 0 
0 567 0 0 0 
0 602 0 0 0 
0 653 0 0 0 
0 694 0 0 0 
0 574 0 0 0 
0 612 0 0 0 
0 656 0 0 0 
0 677 12 0 0 
0 336 0 0 0 
0 620 0 0 0 
4 611 0 0 0 
0 630 0 0 0 
0 578 0 0 0 
0 705 0 0 0 
0 713 0 0 0 
0 616 8 0 0 
0 661 0 0 0 
0 643 0 0 0 
0 678 0 0 0 
1 580 0 0 0 
0 574 0 0 0 
0 677 0 0 0 
0 619 0 0 0 
0 614 0 0 0 
15 556 7 0 0 
0 650 0 0 0 
0 622 0 0 0 
0 595 0 0 0 
0 555 0 0 0 
0 495 0 0 0 
3 609 0 0 0 
0 643 0 0 0 
0 570 6 0 0 
0 638 0 0 0 
0 635 0 0 0 
0 605 2 0 0 
0 588 0 0 0 
0 620 2 0 0 
0 627 0 0 0 
0 631 0 0 0 
0 692 0 0 0 
0 631 0 0 0 
1 669 0 0 0 
0 683 0 0 0 
0 675 0 0 0 
0 578 0 0 0 
0 647 6 0 0 
0 608 0 0 0 
0 623 0 0 0 
20 656 0 0 0 
0 567 0 0 0 
0 585 2 0 0 
0 597 0 0 0 
0 579 0 0 0 
17 535 0 0 0 
0 676 0 0 0 
0 613 0 0 0 
20 661 0 0 0 
0 561 0 0 0 
3 557 0 0 0 
0 683 0 0 0 
0 620 0 0 0 
0 526 0 0 0 
0 545 0 0 0 
0 642 0 0 0 
0 653 0 0 0 
0 702 0 0 0 
13 618 0 0 0 
0 589 0 0 0 
0 628 0 0 0 
0 559 0 0 0 
18 617 1 0 0 
36 597 0 0 0 
0 576 0 0 0 
0 628 0 0 0 
0 705 0 0 0 
13 557 0 0 0 
18 494 0 0 0 
0 622 0 0 0 
6 661 12 0 0 
0 638 0 0 0 
0 574 3 0 0 
0 543 0 0 0 
0 593 10 0 0 
30 466 5 0 0 
0 575 8 0 0 
0 658 0 0 0 
0 521 0 0 0 
0 701 0 0 0 
0 672 1 0 0 
0 704 0 0 0 
0 598 1 0 0 
0 630 0 0 0 
4 706 0 0 0 
0 647 0 0 0 
0 545 16 0 0 
0 628 0 0 0 
3 480 0 0 0 
27 576 0 0 0 
0 573 2 0 0 
0 603 0 0 0 
0 764 0 0 0 
0 641 0 0 0 
0 635 0 0 0 
0 628 0 0 0 
0 611 3 0 0 
0 642 0 0 0 
0 609 0 0 0 
0 642 0 0 0 
0 608 0 0 0 
0 504 0 0 0 
0 685 0 0 0 
8 633 0 0 0 
4 541 0 0 0 
0 560 0 0 0 
0 570 1 0 0 
1 615 0 0 0 
0 698 0 0 0 
15 579 3 0 0 
0 515 0 0 0 
0 653 0 0 0 
0 606 0 0 0 
0 652 0 0 0 
1 637 0 0 0 
0 658 0 0 0 
2 696 0 0 0 
0 599 0 0 0 
1 544 0 0 0 
10 649 0 0 0 
0 680 0 0 0 
0 622 0 0 0 
0 723 0 0 0 
0 590 0 0 0 
0 597 0 0 0 
0 641 0 0 0 
0 647 0 0 0 
0 596 0 0 0 
0 668 0 0 0 
0 689 0 0 0 
38 578 8 0 0 
0 583 0 0 0 
0 702 0 0 0 
0 553 0 0 0 
4 543 0 0 0 
0 591 0 0 0 
0 585 0 0 0 
1 656 5 0 0 
0 601 0 0 0 
9 613 0 0 0 
0 686 0 0 0 
0 628 0 0 0 
0 662 0 0 0 
0 619 0 0 0 
6 668 15 0 0 
0 583 0 0 0 
0 628 0 0 0 
0 534 1 0 0 
0 711 1 0 0 
0 609 2 0 0 
0 608 0 0 0 
0 649 0 0 0 
4 698 0 0 0 
1 567 0 0 0 
0 621 0 0 0 
0 683 0 0 0 
0 684 0 0 0 
0 634 0 0 0 
0 654 0 0 0 
2 583 1 0 0 
0 696 0 0 0 
0 704 1 0 0 
17 635 0 0 0 
0 602 0 0 0 
0 680 0 0 0 
0 691 0 0 0 
0 683 0 0 0 
0 717 0 0 0 
5 664 0 0 0 
0 559 0 0 0 
0 556 0 0 0 
0 580 0 0 0 
0 637 3 0 0 
0 667 11 0 0 
0 575 82 0 0 
24 637 0 0 0 
0 675 0 0 0 
0 682 0 0 0 
0 602 0 0 0 
0 705 0 0 0 
11 496 0 0 0 
0 748 0 0 0 
0 638 3 0 0 
0 696 0 0 0 
32 614 0 0 0 
0 653 0 0 0 
3 684 0 0 0 
0 690 4 0 0 
0 622 0 0 0 
0 684 0 0 0 
0 556 40 0 0 
0 579 0 0 0 
40 556 0 0 0 
0 633 0 0 0 
0 654 0 0 0 
15 574 6 0 0 
13 540 0 0 0 
0 560 17 0 0 
0 616 0 0 0 
0 652 0 0 0 
0 643 0 0 0 
0 604 0 0 0 
0 629 0 0 0 
0 614 0 0 0 
0 710 0 0 0 
0 583 0 0 0 
16 615 0 0 0 
0 673 0 0 0 
0 619 0 0 0 
0 640 0 0 0 
0 584 0 0 0 
0 605 0 0 0 
0 586 0 0 0 
0 615 0 0 0 
0 642 0 0 0 
0 664 0 0 0 
0 621 0 0 0 
0 619 0 0 0 
0 678 0 0 0 
0 673 2 0 0 
0 704 0 0 0 
0 659 0 0 0 
36 496 18 0 0 
0 497 9 0 0 
0 598 0 0 0 
0 564 0 0 0 
0 683 0 0 0 
0 579 0 0 0 
3 564 0 0 0 
0 646 0 0 0 
0 685 0 0 0 
0 648 0 0 0 
0 699 0 0 0 
5 684 0 0 0 
0 638 8 0 0 
1 581 0 0 0 
0 640 0 0 0 
0 615 9 0 0 
4 563 0 0 0 
0 639 0 0 0 
0 620 0 0 0 
0 627 0 0 0 
0 679 0 0 0 
0 713 0 0 0 
0 673 0 0 0 
0 644 0 0 0 
0 648 0 0 0 
0 522 0 0 0 
0 565 0 0 0 
2 610 12 0 0 
0 664 0 0 0 
0 618 0 0 0 
0 703 0 0 0 
0 625 0 0 0 
0 695 0 0 0 
0 609 0 0 0 
0 609 0 0 0 
0 601 5 0 0 
10 673 0 0 0 
0 645 0 0 0 
10 630 0 0 0 
0 662 0 0 0 
0 627 0 0 0 
0 588 0 0 0 
0 554 0 0 0 
0 635 0 0 0 
0 675 0 0 0 
0 704 0 0 0 
6 571 0 0 0 
0 674 0 0 0 
0 519 10 0 0 
0 611 0 0 0 
0 540 0 0 0 
0 618 4 0 0 
3 543 0 0 0 
0 664 0 0 0 
0 603 0 0 0 
0 573 0 0 0 
0 627 0 0 0 
0 606 0 0 0 
0 630 0 0 0 
0 670 0 0 0 
0 726 0 0 0 
0 651 0 0 0 
0 604 0 0 0 
0 697 0 0 0 
2 613 0 0 0 
0 581 0 0 0 
0 666 5 0 0 
0 626 0 0 0 
0 621 0 0 0 
0 622 0 0 0 
0 519 0 0 0 
0 576 0 0 0 
0 662 0 0 0 
0 706 0 0 0 
0 620 6 0 0 
0 651 0 0 0 
0 706 0 0 0 
0 611 0 0 0 
0 581 0 0 0 
0 687 0 0 0 
0 679 0 0 0 
0 714 0 0 0 
0 683 0 0 0 
0 585 0 0 0 
0 650 0 0 0 
0 645 0 0 0 
0 646 1 0 0 
0 573 0 0 0 
0 637 0 0 0 
0 690 0 0 0 
0 494 0 0 0 
0 669 0 0 0 
50 567 2 0 0 
0 656 0 0 0 
0 590 10 0 0 
0 630 0 0 0 
0 645 0 0 0 
0 588 1 0 0 
0 649 0 0 0 
0 681 0 0 0 
16 544 0 0 0 
0 723 3 0 0 
0 716 0 0 0 
2 687 0 0 0 
0 626 0 0 0 
0 602 0 0 0 
0 680 0 0 0 
0 660 0 0 0 
30 479 0 0 0 
0 635 0 0 0 
0 628 0 0 0 
0 584 2 0 0 
0 602 29 0 0 
0 650 0 0 0 
0 595 8 0 0 
0 580 0 0 0 
0 648 1 0 0 
0 644 0 0 0 
0 661 0 0 0 
0 568 16 0 0 
0 559 0 0 0 
0 639 0 0 0 
0 662 0 0 0 
0 678 0 0 0 
0 679 0 0 0 
0 564 1 0 0 
1 584 0 0 0 
0 692 5 0 0 
0 671 0 0 0 
0 465 6 0 0 
0 656 0 0 0 
4 640 0 0 0 
0 599 0 0 0 
0 683 0 0 0 
0 629 6 0 0 
0 609 0 0 0 
0 619 0 0 0 
0 701 0 0 0 
0 650 0 0 0 
0 646 0 0 0 
0 642 6 0 0 
0 710 0 0 0 
0 634 8 0 0 
9 689 3 0 0 
0 586 7 0 0 
0 666 0 0 0 
0 702 0 0 0 
27 664 0 0 0 
0 643 0 0 0 
0 594 0 0 0 
0 598 0 0 0 
0 585 2 0 0 
0 609 0 0 0 
0 643 0 0 0 
1 636 0 0 0 
0 605 0 0 0 
0 623 0 0 0 
0 593 0 0 0 
0 667 0 0 0 
0 605 0 0 0 
38 576 0 0 0 
0 681 0 0 0 
0 562 0 0 0 
0 652 0 0 0 
0 742 0 0 0 
0 672 0 0 0 
0 631 0 0 0 
1 647 0 0 0 
0 655 0 0 0 
2 628 0 0 0 
8 601 0 0 0 
0 586 0 0 0 
0 578 0 0 0 
0 579 12 0 0 
0 650 0 0 0 
0 634 1 0 0 
0 681 0 0 0 
0 660 0 0 0 
0 616 0 0 0 
0 656 0 0 0 
0 633 0 0 0 
0 639 12 0 0 
0 629 0 0 0 
0 668 0 0 0 
0 706 0 0 0 
0 671 0 0 0 
0 670 0 0 0 
0 596 0 0 0 
0 671 0 0 0 
0 683 0 0 0 
0 556 1 0 0 
0 534 18 0 0 
0 526 0 0 0 
0 642 0 0 0 
0 575 0 0 0 
0 592 0 0 0 
0 653 0 0 0 
2 641 0 0 0 
0 593 0 0 0 
0 489 2 0 0 
22 627 0 0 0 
0 649 0 0 0 
0 682 0 0 0 
0 539 0 0 0 
0 625 0 0 0 
0 677 0 0 0 
6 642 0 0 0 
0 632 0 0 0 
0 612 0 0 0 
0 745 0 0 0 
0 724 0 0 0 
0 595 0 0 0 
0 512 0 0 0 
0 682 0 0 0 
0 641 0 0 0 
16 601 20 0 0 
0 631 0 0 0 
0 664 0 0 0 
0 600 0 0 0 
0 689 0 0 0 
24 634 0 0 0 
0 654 0 0 0 
14 527 0 0 0 
0 660 0 0 0 
0 665 0 0 0 
0 665 0 0 0 
0 695 0 0 0 
10 559 0 0 0 
0 672 0 0 0 
0 634 0 0 0 
0 615 0 0 0 
0 711 0 0 0 
2 628 0 0 0 
0 654 0 0 0 
0 628 0 0 0 
0 714 0 0 0 
0 610 1 0 0 
0 635 16 0 0 
0 674 0 0 0 
9 698 0 0 0 
6 502 0 0 0 
0 596 0 0 0 
20 472 0 0 0 
0 584 0 0 0 
0 680 0 0 0 
4 671 0 0 0 
0 590 0 0 0 
0 574 0 0 0 
7 642 0 0 0 
0 609 16 0 0 
1 508 0 0 0 
0 637 0 0 0 
0 614 7 0 0 
0 499 18 0 0 
0 613 0 0 0 
0 608 0 0 0 
0 599 0 0 0 
0 662 0 0 0 
7 631 0 0 0 
0 569 0 0 0 
0 498 0 0 0 
0 599 0 0 0 
0 635 0 0 0 
0 573 0 0 0 
0 598 10 0 0 
0 661 0 0 0 
0 691 0 0 0 
44 552 31 0 0 
0 687 0 0 0 
13 664 0 0 0 
0 624 0 0 0 
0 660 0 0 0 
0 658 0 0 0 
0 538 17 0 0 
0 708 0 0 0 
0 667 0 0 0 
1 701 0 0 0 
0 656 0 0 0 
0 605 0 0 0 
0 692 0 0 0 
3 727 0 0 0 
0 628 0 0 0 
0 622 2 0 0 
0 618 0 0 0 
0 600 0 0 0 
0 711 0 0 0 
0 678 0 0 0 
0 660 0 0 0 
0 670 0 0 0 
0 617 1 0 0 
0 663 4 0 0 
0 626 0 0 0 
0 691 0 0 0 
0 570 0 0 0 
0 668 11 0 0 
0 555 0 0 0 
19 544 0 0 0 
0 629 0 0 0 
0 664 0 0 0 
0 584 0 0 0 
0 615 0 0 0 
0 585 4 0 0 
0 656 0 0 0 
2 636 0 0 0 
0 672 0 0 0 
1 656 0 0 0 
0 562 0 0 0 
0 641 0 0 0 
0 628 0 0 0 
0 561 0 0 0 
0 629 0 0 0 
10 682 0 0 0 
0 674 0 0 0 
0 657 0 0 0 
0 612 0 0 0 
0 593 12 0 0 
0 645 0 0 0 
52 554 0 0 0 
0 608 0 0 0 
0 660 0 0 0 
0 661 0 0 0 
0 661 0 0 0 
5 603 0 0 0 
0 584 0 0 0 
0 601 0 0 0 
0 502 0 0 0 
0 634 0 0 0 
0 604 0 0 0 
0 652 0 0 0 
0 690 0 0 0 
0 584 0 0 0 
0 611 0 0 0 
0 579 9 0 0 
0 583 0 0 0 
0 644 0 0 0 
0 576 0 0 0 
11 609 0 0 0 
0 544 0 0 0 
0 604 0 0 0 
0 633 12 0 0 
0 617 0 0 0 
0 569 2 0 0 
0 689 0 0 0 
0 599 18 0 0 
0 728 0 0 0 
0 694 1 0 0 
0 653 0 0 0 
0 660 0 0 0 
8 539 2 0 0 
0 679 0 0 0 
0 526 0 0 0 
26 608 0 0 0 
0 618 12 0 0 
0 662 0 0 0 
25 573 0 0 0 
0 571 0 0 0 
0 602 0 0 0 
0 638 8 0 0 
0 666 0 0 0 
13 636 10 0 0 
0 548 1 0 0 
0 657 0 0 0 
1 624 4 0 0 
17 625 0 0 0 
0 571 0 0 0 
0 657 0 0 0 
0 611 0 0 0 
0 642 0 0 0 
0 690 0 0 0 
0 540 0 0 0 
0 585 6 0 0 
0 608 0 0 0 
0 568 0 0 0 
0 519 0 0 0 
0 582 0 0 0 
0 660 0 0 0 
0 622 0 0 0 
0 620 0 0 0 
0 507 0 0 0 
27 635 0 0 0 
3 661 0 0 0 
0 615 0 0 0 
100 561 2 0 0 
0 620 0 0 0 
0 607 3 0 0 
0 655 0 0 0 
0 674 0 0 0 
0 662 0 0 0 
0 592 0 0 0 
0 643 0 0 0 
0 569 0 0 0 
0 620 0 0 0 
0 688 0 0 0 
0 513 46 0 0 
2 502 49 0 0 
0 572 0 0 0 
0 683 0 0 0 
31 544 0 0 0 
0 677 0 0 0 
0 562 0 0 0 
0 685 0 0 0 
0 680 0 0 0 
0 528 0 0 0 
0 619 0 0 0 
0 585 0 0 0 
0 601 0 0 0 
0 759 0 0 0 
0 574 0 0 0 
0 645 0 0 0 
0 505 0 0 0 
16 671 0 0 0 
0 593 1 0 0 
0 590 0 0 0 
18 640 10 0 0 
0 700 0 0 0 
0 592 0 0 0 
0 474 0 0 0 
73 419 0 0 0 
0 580 0 0 0 
0 670 0 0 0 
0 616 0 0 0 
0 619 50 0 0 
0 590 0 0 0 
0 644 0 0 0 
0 689 0 0 0 
0 643 0 0 0 
4 662 0 0 0 
6 588 0 0 0 
0 695 0 0 0 
0 680 0 0 0 
0 667 0 0 0 
0 672 0 0 0 
0 675 0 0 0 
0 577 0 0 0 
15 661 0 0 0 
0 659 10 0 0 
0 567 19 0 0 
0 704 0 0 0 
0 610 0 0 0 
0 650 0 0 0 
0 494 1 0 0 
0 634 0 0 0 
0 565 0 0 0 
1 620 0 0 0 
0 614 0 0 0 
0 649 0 0 0 
0 652 0 0 0 
0 713 0 0 0 
8 582 0 0 0 
8 564 0 0 0 
0 668 0 0 0 
0 712 0 0 0 
0 673 0 0 0 
0 552 10 0 0 
0 533 0 0 0 
2 675 0 0 0 
0 688 0 0 0 
0 567 0 0 0 
0 649 0 0 0 
0 694 0 0 0 
0 633 0 0 0 
0 650 0 0 0 
0 716 0 0 0 
0 613 0 0 0 
0 616 0 0 0 
0 688 0 0 0 
0 649 0 0 0 
0 581 17 0 0 
0 699 0 0 0 
0 695 0 0 0 
0 608 0 0 0 
0 682 0 0 0 
0 564 0 0 0 
0 605 0 0 0 
0 680 0 0 0 
0 652 0 0 0 
0 591 0 0 0 
0 704 0 0 0 
11 459 1 0 0 
6 550 0 0 0 
0 563 0 0 0 
0 662 0 0 0 
0 636 0 0 0 
2 642 0 0 0 
2 530 21 0 0 
0 613 0 0 0 
0 670 0 0 0 
1 639 1 0 0 
4 538 2 0 0 
0 667 11 0 0 
0 706 0 0 0 
0 686 8 0 0 
0 667 4 0 0 
0 559 0 0 0 
0 673 0 0 0 
0 660 0 0 0 
5 594 0 0 0 
0 635 0 0 0 
0 575 0 0 0 
0 659 0 0 0 
0 669 0 0 0 
0 505 24 0 0 
0 612 8 0 0 
0 572 0 0 0 
0 654 0 0 0 
0 564 7 0 0 
0 624 0 0 0 
0 654 0 0 0 
0 695 0 0 0 
0 646 4 0 0 
0 629 0 0 0 
0 633 0 0 0 
0 665 0 0 0 
0 697 0 0 0 
0 676 1 0 0 
0 694 0 0 0 
0 604 0 0 0 
31 514 0 0 0 
0 684 0 0 0 
1 608 0 0 0 
0 559 0 0 0 
2 565 47 0 0 
0 665 0 0 0 
0 621 0 0 0 
0 617 0 0 0 
0 475 0 0 0 
2 637 0 0 0 
0 591 1 0 0 
0 663 6 0 0 
0 581 0 0 0 
0 568 0 0 0 
0 579 0 0 0 
6 565 0 0 0 
2 684 0 0 0 
0 696 0 0 0 
0 551 8 0 0 
0 666 0 0 0 
0 572 0 0 0 
0 696 6 0 0 
0 561 0 0 0 
1 609 0 0 0 
12 465 16 0 0 
2 628 3 0 0 
0 657 17 0 0 
5 663 0 0 0 
0 567 0 0 0 
0 633 0 0 0 
0 621 0 0 0 
1 765 0 0 0 
0 632 0 0 0 
0 527 4 0 0 
0 573 0 0 0 
0 628 0 0 0 
0 612 0 0 0 
0 550 0 0 0 
0 664 0 0 0 
23 521 28 0 0 
60 611 0 0 0 
0 601 0 0 0 
0 620 29 0 0 
0 680 0 0 0 
0 617 0 0 0 
0 614 20 0 0 
2 609 0 0 0 
0 664 1 0 0 
0 652 0 0 0 
0 543 0 0 0 
0 715 0 0 0 
0 723 0 0 0 
0 666 15 0 0 
3 591 16 0 0 
0 639 0 0 0 
0 621 0 0 0 
0 673 0 0 0 
0 714 0 0 0 
0 598 0 0 0 
0 603 1 0 0 
0 473 0 0 0 
0 678 0 0 0 
1 579 0 0 0 
0 539 0 0 0 
0 460 0 0 0 
0 583 0 0 0 
0 688 0 0 0 
0 660 0 0 0 
7 648 0 0 0 
0 622 0 0 0 
0 654 0 0 0 
0 686 0 0 0 
0 658 0 0 0 
0 578 0 0 0 
1 681 0 0 0 
0 650 0 0 0 
0 690 0 0 0 
0 625 0 0 0 
0 613 0 0 0 
0 710 0 0 0 
0 545 0 0 0 
0 555 0 0 0 
0 665 1 0 0 
0 564 0 0 0 
0 665 0 0 0 
0 650 0 0 0 
0 698 0 0 0 
0 610 0 0 0 
0 565 24 0 0 
0 706 0 0 0 
2 625 0 0 0 
2 581 0 0 0 
0 580 0 0 0 
0 445 1 0 0 
0 588 0 0 0 
0 619 0 0 0 
0 614 0 0 0 
0 610 0 0 0 
0 623 0 0 0 
0 569 2 0 0 
0 678 2 0 0 
0 600 0 0 0 
0 654 0 0 0 
0 592 0 0 0 
0 710 0 0 0 
8 641 0 0 0 
0 631 0 0 0 
0 555 0 0 0 
0 602 0 0 0 
0 662 3 0 0 
0 604 22 0 0 
0 629 3 0 0 
3 624 0 0 0 
0 609 0 0 0 
0 606 0 0 0 
0 652 0 0 0 
0 626 0 0 0 
0 654 0 0 0 
0 639 0 0 0 
0 584 15 0 0 
2 663 0 0 0 
0 702 2 0 0 
7 597 12 0 0 
0 523 8 0 0 
0 568 0 0 0 
0 610 0 0 0 
0 539 0 0 0 
0 686 0 0 0 
0 597 0 0 0 
0 642 0 0 0 
0 603 0 0 0 
0 618 0 0 0 
0 644 0 0 0 
0 707 0 0 0 
0 566 1 0 0 
0 547 0 0 0 
0 686 0 0 0 
1 729 0 0 0 
0 581 0 0 0 
0 749 0 0 0 
0 688 0 0 0 
0 632 1 0 0 
0 552 0 0 0 
0 622 0 0 0 
0 506 49 0 0 
0 656 0 0 0 
0 718 0 0 0 
0 653 20 0 0 
0 616 0 0 0 
0 675 0 0 0 
0 688 0 0 0 
0 652 0 0 0 
0 589 0 0 0 
0 601 0 0 0 
0 579 0 0 0 
46 510 0 0 0 
0 646 0 0 0 
0 632 0 0 0 
0 594 0 0 0 
2 637 0 0 0 
0 684 0 0 0 
0 640 0 0 0 
0 613 0 0 0 
0 656 0 0 0 
0 670 0 0 0 
0 622 0 0 0 
1 699 0 0 0 
0 712 0 0 0 
0 701 0 0 0 
4 615 0 0 0 
0 726 0 0 0 
0 573 3 0 0 
0 673 0 0 0 
0 582 10 0 0 
0 659 0 0 0 
0 651 0 0 0 
0 601 0 0 0 
0 611 0 0 0 
0 637 0 0 0 
0 637 11 0 0 
0 630 0 0 0 
0 588 0 0 0 
0 685 0 0 0 
0 654 0 0 0 
0 616 0 0 0 
4 607 0 0 0 
0 693 0 0 0 
0 614 0 0 0 
0 721 0 0 0 
0 695 0 0 0 
0 587 0 0 0 
8 644 0 0 0 
0 618 0 0 0 
0 652 0 0 0 
0 650 0 0 0 
0 684 0 0 0 
0 590 0 0 0 
0 577 0 0 0 
10 626 0 0 0 
0 610 0 0 0 
0 689 1 0 0 
17 636 0 0 0 
0 649 0 0 0 
0 730 0 0 0 
0 581 0 0 0 
10 601 0 0 0 
0 566 0 0 0 
0 660 2 0 0 
