0 194 19 
0 176 0 
0 219 4 
0 183 26 
0 228 32 
0 217 4 
0 220 15 
0 245 27 
0 229 18 
0 220 14 
0 236 20 
0 147 43 
0 232 14 
0 211 17 
0 222 40 
0 222 15 
0 266 6 
0 205 11 
0 184 9 
0 214 4 
0 248 9 
0 219 37 
0 182 29 
0 205 7 
0 217 35 
0 253 9 
0 181 20 
0 231 41 
0 195 21 
0 200 15 
0 155 32 
0 245 18 
0 157 61 
0 204 18 
0 207 15 
0 198 18 
0 239 36 
0 218 20 
0 217 11 
0 209 32 
0 260 19 
0 261 19 
0 231 12 
0 159 22 
0 206 12 
0 227 38 
0 227 20 
0 197 13 
0 174 11 
0 211 5 
0 225 30 
0 204 12 
0 180 6 
0 207 52 
0 182 19 
0 183 22 
0 221 4 
0 154 34 
0 222 59 
0 222 7 
0 209 22 
0 217 37 
0 211 50 
0 215 13 
0 205 41 
0 225 15 
0 260 21 
0 213 6 
0 202 36 
0 247 9 
0 211 21 
0 245 60 
0 221 22 
0 257 15 
0 235 2 
0 235 10 
0 229 12 
0 227 2 
0 205 29 
0 177 27 
0 196 11 
0 224 66 
0 230 20 
0 202 28 
0 176 10 
0 224 28 
0 225 22 
0 218 14 
0 208 24 
0 259 28 
0 201 30 
0 228 3 
0 177 26 
0 227 23 
0 228 38 
0 175 13 
0 219 16 
0 242 23 
0 212 10 
0 227 27 
0 191 13 
0 179 10 
0 191 12 
0 213 8 
0 239 24 
0 244 18 
0 152 24 
0 217 22 
0 232 28 
0 218 9 
0 215 40 
0 261 17 
0 201 16 
0 239 16 
0 234 10 
0 228 14 
0 218 4 
0 227 26 
0 172 3 
0 166 58 
0 227 31 
0 142 26 
0 227 12 
0 223 17 
0 249 21 
0 237 13 
0 209 30 
0 202 12 
0 228 23 
0 221 41 
0 206 6 
0 231 16 
0 248 32 
0 216 25 
0 215 42 
0 216 21 
0 158 31 
0 223 15 
0 259 42 
0 223 28 
0 239 11 
0 210 17 
0 213 26 
0 236 7 
0 225 34 
0 191 14 
0 191 30 
0 170 11 
0 211 55 
0 192 45 
0 212 30 
0 225 10 
0 190 10 
0 180 3 
0 201 4 
0 155 33 
0 204 7 
0 218 18 
0 198 3 
0 180 11 
0 201 18 
0 221 13 
0 186 23 
0 167 22 
0 243 8 
0 201 5 
0 170 37 
0 216 16 
0 234 12 
0 212 23 
0 198 5 
0 224 30 
0 250 10 
0 226 23 
0 235 23 
0 253 9 
0 238 9 
0 193 39 
0 228 11 
0 207 15 
0 261 36 
0 196 12 
0 191 40 
0 176 7 
0 244 19 
0 206 22 
0 244 12 
0 202 14 
0 231 19 
0 209 13 
0 216 11 
0 198 32 
0 195 29 
0 217 25 
0 202 5 
0 218 3 
0 227 9 
0 222 34 
0 259 10 
0 187 24 
0 233 16 
0 253 15 
0 197 22 
0 256 20 
0 251 4 
0 230 15 
0 227 16 
0 220 11 
0 230 6 
0 230 21 
0 239 23 
0 209 9 
0 212 27 
0 228 50 
0 205 43 
0 218 32 
0 211 20 
0 206 18 
0 245 44 
0 234 18 
0 201 33 
0 226 56 
0 228 30 
0 202 15 
0 215 17 
0 209 10 
0 224 26 
0 214 16 
0 203 30 
0 214 28 
0 197 33 
0 238 20 
0 234 16 
0 183 23 
0 232 7 
0 221 15 
0 247 14 
0 246 23 
0 257 10 
0 190 8 
0 179 38 
0 278 14 
0 226 10 
0 202 5 
0 238 12 
0 204 21 
0 193 0 
0 204 41 
0 231 8 
0 232 11 
0 229 3 
0 209 9 
0 203 21 
0 222 8 
0 193 9 
0 203 4 
0 149 35 
0 180 45 
0 211 31 
0 248 11 
0 181 45 
0 241 5 
0 212 33 
0 229 48 
0 233 32 
0 203 8 
0 204 14 
0 251 33 
0 216 5 
0 182 24 
0 250 57 
0 229 12 
0 194 71 
0 227 9 
0 202 20 
0 235 28 
0 240 12 
0 221 15 
0 243 27 
0 218 6 
0 214 14 
0 239 18 
0 250 11 
0 232 8 
0 181 44 
0 229 3 
0 271 8 
0 213 17 
0 187 12 
0 196 65 
0 188 7 
0 225 11 
0 190 9 
0 214 17 
0 190 35 
0 191 12 
0 230 5 
0 245 12 
0 211 10 
0 190 8 
0 217 0 
0 208 11 
0 195 0 
0 202 12 
0 222 1 
0 206 41 
0 263 19 
0 208 12 
0 183 30 
0 202 48 
0 222 27 
0 209 16 
0 187 1 
0 194 18 
0 234 34 
0 195 4 
0 229 23 
0 215 30 
0 199 16 
0 242 2 
0 190 22 
0 208 19 
0 252 13 
0 255 19 
0 236 19 
0 202 19 
0 221 33 
0 205 11 
0 190 30 
0 228 8 
0 232 14 
0 222 17 
0 241 17 
0 201 7 
0 211 7 
0 173 24 
0 230 9 
0 237 3 
0 163 55 
0 250 5 
0 193 52 
0 230 14 
0 199 16 
0 191 21 
0 204 15 
0 223 27 
0 241 15 
0 178 29 
0 196 13 
0 208 9 
0 196 13 
0 243 9 
0 220 12 
0 235 21 
0 204 18 
0 243 7 
0 212 12 
0 197 24 
0 210 9 
0 219 71 
0 249 7 
0 236 16 
0 186 69 
0 180 16 
0 214 18 
0 229 17 
0 193 20 
0 212 17 
0 191 8 
0 197 6 
0 234 23 
0 190 16 
0 192 20 
0 199 23 
0 203 7 
0 237 19 
0 225 4 
0 270 7 
0 167 30 
0 179 20 
0 202 47 
0 220 15 
0 212 11 
0 223 28 
0 204 25 
0 234 14 
0 192 24 
0 219 11 
0 198 7 
0 175 37 
0 248 27 
0 245 17 
0 219 4 
0 241 9 
0 196 13 
0 200 10 
0 207 23 
0 202 13 
0 198 36 
0 231 4 
0 180 16 
0 197 18 
0 223 7 
0 247 4 
0 213 16 
0 204 11 
0 249 33 
0 213 24 
0 212 8 
0 179 22 
0 213 14 
0 257 4 
0 178 33 
0 186 7 
0 224 6 
0 211 22 
0 211 10 
0 274 40 
0 239 24 
0 210 6 
0 200 4 
0 217 37 
0 223 28 
0 228 7 
0 209 11 
0 211 50 
0 233 39 
0 174 39 
0 189 36 
0 200 7 
0 237 12 
0 230 21 
0 230 30 
0 212 26 
0 195 9 
0 169 52 
0 231 22 
0 250 43 
0 206 5 
0 227 1 
0 179 7 
0 228 10 
0 235 10 
0 259 6 
0 209 13 
0 196 28 
0 174 49 
0 207 21 
0 124 29 
0 208 29 
0 214 23 
0 226 12 
0 194 13 
0 228 37 
0 217 9 
0 228 20 
0 180 18 
0 226 12 
0 211 10 
0 202 2 
0 274 18 
0 198 18 
0 221 8 
0 200 20 
0 204 5 
0 196 12 
0 230 17 
0 206 25 
0 176 33 
0 248 42 
0 225 9 
0 202 40 
0 221 16 
0 194 16 
0 222 14 
0 193 25 
0 211 14 
0 195 34 
0 209 30 
0 261 2 
0 217 58 
0 258 8 
0 240 22 
0 208 12 
0 238 22 
0 237 46 
0 172 44 
0 191 52 
0 215 16 
0 225 29 
0 239 8 
0 225 23 
0 205 12 
0 210 8 
0 223 18 
0 202 5 
0 236 7 
0 210 35 
0 235 16 
0 220 41 
0 241 32 
0 210 20 
0 223 20 
0 210 39 
0 220 11 
0 226 30 
0 204 36 
0 206 17 
0 179 18 
0 204 38 
0 201 4 
0 197 9 
0 218 18 
0 242 17 
0 198 49 
0 192 32 
0 246 1 
0 195 28 
0 224 9 
0 204 32 
0 227 24 
0 204 5 
0 195 2 
0 208 19 
0 189 9 
0 266 17 
0 240 12 
0 274 7 
0 199 31 
0 192 24 
0 239 28 
0 233 29 
0 258 15 
0 233 18 
0 198 29 
0 209 10 
0 179 45 
0 194 13 
0 202 36 
0 207 42 
0 217 16 
0 228 8 
0 208 26 
0 194 20 
0 244 20 
0 174 15 
0 191 53 
0 198 23 
0 180 80 
0 174 55 
0 165 17 
0 225 17 
0 213 18 
0 235 33 
0 198 21 
0 208 27 
0 196 42 
0 190 34 
0 224 10 
0 188 24 
0 213 33 
0 159 26 
0 238 18 
0 201 3 
0 255 7 
0 233 19 
0 190 45 
0 229 19 
0 177 13 
0 184 55 
0 203 31 
0 183 12 
0 256 13 
0 233 13 
0 229 34 
0 203 35 
0 213 23 
0 264 48 
0 201 27 
0 227 18 
0 157 32 
0 241 11 
0 213 6 
0 212 22 
0 224 17 
0 197 27 
0 253 16 
0 210 39 
0 264 32 
0 213 12 
0 208 45 
0 234 21 
0 178 8 
0 235 30 
0 210 11 
0 265 5 
0 226 9 
0 231 11 
0 205 19 
0 201 37 
0 188 8 
0 215 35 
0 238 4 
0 215 4 
0 186 45 
0 181 30 
0 213 53 
0 189 32 
0 247 36 
0 226 25 
0 236 23 
0 226 16 
0 189 15 
0 214 10 
0 172 35 
0 185 14 
0 238 14 
0 213 17 
0 190 18 
0 225 9 
0 232 13 
0 273 14 
0 229 30 
0 250 25 
0 184 12 
0 199 25 
0 209 19 
0 197 15 
0 254 4 
0 191 13 
0 250 30 
0 205 3 
0 229 23 
0 217 25 
0 208 11 
0 203 24 
0 211 24 
0 237 9 
0 207 37 
0 186 17 
0 190 12 
0 252 23 
0 197 25 
0 194 14 
0 223 9 
0 219 12 
0 248 10 
0 199 29 
0 230 19 
0 258 3 
0 206 23 
0 185 15 
0 192 26 
0 250 2 
0 223 26 
0 221 3 
0 174 25 
0 204 35 
0 167 9 
0 213 5 
0 217 3 
0 219 33 
0 220 4 
0 223 4 
0 181 61 
0 219 4 
0 173 18 
0 240 18 
0 234 15 
0 211 5 
0 215 8 
0 206 13 
0 188 7 
0 219 39 
0 204 19 
0 250 11 
0 225 41 
0 188 19 
0 213 19 
0 221 7 
0 194 5 
0 210 45 
0 188 27 
0 247 27 
0 165 8 
0 214 9 
0 233 0 
0 222 25 
0 267 16 
0 201 13 
0 209 11 
0 231 5 
0 205 6 
0 199 13 
0 245 21 
0 228 19 
0 194 5 
0 216 8 
0 260 21 
0 197 13 
0 227 3 
0 270 13 
0 213 6 
0 197 7 
0 207 12 
0 217 14 
0 228 31 
0 197 16 
0 227 32 
0 227 46 
0 196 7 
0 230 16 
0 227 21 
0 224 9 
0 239 10 
0 158 33 
0 251 3 
0 178 15 
0 221 6 
0 179 39 
0 247 27 
0 200 13 
0 207 27 
0 222 3 
0 197 10 
0 213 1 
0 235 13 
0 208 6 
0 219 23 
0 260 8 
0 158 33 
0 201 10 
0 194 29 
0 195 93 
0 242 23 
0 194 6 
0 228 17 
0 240 10 
0 185 32 
0 216 16 
0 193 24 
0 179 36 
0 233 60 
0 222 36 
0 219 34 
0 189 15 
0 244 17 
0 243 23 
0 235 20 
0 225 17 
0 208 6 
0 195 13 
0 226 19 
0 244 12 
0 237 11 
0 193 13 
0 218 8 
0 214 35 
0 200 23 
0 200 9 
0 172 8 
0 243 28 
0 229 13 
0 206 10 
0 200 0 
0 170 27 
0 154 14 
0 171 35 
0 251 9 
0 219 37 
0 199 14 
0 211 24 
0 256 18 
0 193 16 
0 209 24 
0 250 19 
0 203 29 
0 180 1 
0 240 18 
0 197 11 
0 261 1 
0 198 9 
0 240 9 
0 196 25 
0 225 33 
0 231 18 
0 179 31 
0 229 3 
0 297 8 
0 232 21 
0 247 3 
0 199 21 
0 200 38 
0 210 13 
0 266 28 
0 166 34 
0 191 16 
0 249 18 
0 249 17 
0 194 27 
0 243 17 
0 242 27 
0 214 44 
0 241 54 
0 222 7 
0 180 11 
0 215 12 
0 217 3 
0 237 5 
0 248 35 
0 199 14 
0 201 13 
0 203 76 
0 193 32 
0 188 33 
0 259 10 
0 208 29 
0 255 6 
0 227 33 
0 177 14 
0 196 20 
0 208 22 
0 206 24 
0 195 30 
0 218 5 
0 250 14 
0 180 10 
0 169 15 
0 240 18 
0 187 18 
0 174 32 
0 245 5 
0 207 18 
0 220 5 
0 252 27 
0 157 30 
0 236 12 
0 203 62 
0 170 31 
0 247 33 
0 253 16 
0 176 7 
0 237 7 
0 185 8 
0 177 7 
0 255 9 
0 225 12 
0 233 13 
0 210 5 
0 201 34 
0 195 19 
0 246 35 
0 208 23 
0 208 24 
0 235 10 
0 249 27 
0 205 58 
0 214 17 
0 240 13 
0 236 21 
0 185 10 
0 236 9 
0 225 36 
0 210 9 
0 248 33 
0 177 32 
0 171 12 
0 223 10 
0 227 25 
0 224 12 
0 177 9 
0 224 14 
0 191 17 
0 222 2 
0 176 11 
0 236 31 
0 186 11 
0 219 5 
0 185 14 
0 249 11 
0 233 4 
0 205 31 
0 159 29 
0 261 22 
0 216 32 
0 194 22 
0 261 22 
0 248 15 
0 226 12 
0 209 1 
0 253 1 
0 223 10 
0 255 34 
0 221 0 
0 208 3 
0 197 28 
0 253 21 
0 257 18 
0 233 17 
0 237 47 
0 201 5 
0 212 12 
0 217 17 
0 181 24 
0 189 18 
0 165 47 
0 190 1 
0 209 9 
0 243 24 
0 198 14 
0 203 61 
0 208 14 
0 217 5 
0 176 28 
0 250 14 
0 211 8 
0 208 11 
0 199 24 
0 193 2 
0 203 6 
0 247 15 
0 161 34 
0 198 5 
0 177 24 
0 174 7 
0 207 13 
0 188 9 
0 258 14 
0 176 18 
0 241 21 
0 190 10 
0 202 22 
0 183 65 
0 196 35 
0 237 9 
0 212 11 
0 230 18 
0 244 12 
0 230 5 
0 253 10 
0 191 18 
0 185 2 
0 179 15 
0 209 22 
0 192 32 
0 217 22 
0 214 15 
0 198 14 
0 241 17 
0 238 26 
0 187 2 
0 203 10 
0 257 11 
0 191 13 
0 196 18 
0 212 8 
0 230 23 
0 178 32 
0 206 24 
0 185 10 
0 207 42 
0 149 23 
0 233 29 
0 202 6 
0 150 16 
0 244 13 
0 275 16 
0 180 5 
0 198 4 
0 221 8 
0 247 0 
0 179 26 
0 194 18 
0 214 47 
0 227 12 
0 217 3 
0 232 29 
0 207 5 
0 174 8 
0 194 29 
0 197 31 
0 207 33 
0 202 3 
0 198 4 
0 261 14 
0 210 21 
0 201 22 
0 214 13 
0 215 15 
0 215 15 
0 266 17 
0 194 15 
0 197 9 
0 201 22 
0 217 25 
0 232 21 
0 189 22 
0 227 17 
0 199 10 
0 236 2 
