48 511 17 0 0 
11 398 67 0 0 
37 413 10 0 0 
64 361 62 0 0 
33 456 60 0 0 
86 437 24 0 0 
19 455 38 0 0 
68 483 47 0 0 
25 529 41 0 0 
64 482 22 0 0 
7 532 23 0 0 
7 476 61 0 0 
35 492 37 0 0 
69 403 30 0 0 
52 377 35 0 0 
11 467 49 0 0 
15 379 140 0 0 
7 561 58 0 0 
93 397 24 0 0 
25 451 102 0 0 
36 379 39 0 0 
38 440 6 0 0 
28 393 15 0 0 
33 427 50 0 0 
39 384 27 0 0 
31 347 28 0 0 
21 457 9 0 0 
31 387 21 0 0 
49 374 50 0 0 
72 420 14 0 0 
10 343 27 0 0 
10 374 44 0 0 
47 366 5 0 0 
64 521 48 0 0 
26 527 39 0 0 
32 459 23 0 0 
26 471 15 0 0 
38 427 31 0 0 
94 380 4 0 0 
58 406 28 0 0 
10 494 82 0 0 
14 431 17 0 0 
74 434 9 0 0 
43 436 79 0 0 
71 409 37 0 0 
69 426 3 0 0 
23 413 8 0 0 
31 511 28 0 0 
77 360 15 0 0 
14 628 9 0 0 
45 465 18 0 0 
53 258 35 0 0 
43 388 41 0 0 
29 426 66 0 0 
12 342 22 0 0 
45 403 28 0 0 
38 421 15 0 0 
45 406 29 0 0 
7 444 8 0 0 
35 377 18 0 0 
31 348 49 0 0 
33 467 16 0 0 
33 441 52 0 0 
21 446 87 0 0 
11 419 27 0 0 
40 427 70 0 0 
24 409 38 0 0 
39 427 12 0 0 
8 463 93 0 0 
33 386 21 0 0 
85 371 25 0 0 
32 505 12 0 0 
0 495 55 0 0 
44 435 48 0 0 
30 495 17 0 0 
14 435 25 0 0 
16 404 12 0 0 
20 334 28 0 0 
32 479 23 0 0 
2 429 20 0 0 
40 486 9 0 0 
18 488 22 0 0 
22 460 29 7 0 
38 402 22 0 0 
9 395 49 0 0 
1 525 9 0 0 
14 485 79 0 0 
6 456 31 0 0 
99 367 27 0 0 
42 487 59 0 0 
60 462 16 0 0 
31 393 54 0 0 
40 363 16 0 0 
34 425 21 0 0 
63 405 9 0 0 
12 336 70 0 0 
18 291 25 0 0 
40 567 8 0 0 
102 390 52 0 0 
23 440 14 0 0 
182 215 10 0 0 
5 339 92 0 0 
48 346 57 1 0 
28 412 31 0 0 
49 465 2 0 0 
2 375 58 0 0 
22 433 57 0 0 
51 421 37 0 0 
12 463 33 0 0 
12 388 12 0 0 
17 391 6 0 0 
37 372 55 0 0 
5 473 37 0 0 
44 382 3 0 0 
21 458 27 18 0 
25 463 14 0 0 
49 538 2 0 0 
18 448 10 0 0 
13 300 110 0 0 
30 341 2 0 0 
36 287 35 0 0 
12 361 21 0 0 
67 466 13 0 0 
64 509 37 0 0 
8 401 37 0 0 
82 412 29 0 0 
58 429 14 0 0 
22 497 5 0 0 
20 489 12 0 0 
38 463 19 0 0 
17 415 5 0 0 
27 355 20 0 0 
40 374 32 0 0 
19 429 16 0 0 
34 372 74 0 0 
43 479 14 0 0 
7 449 47 0 0 
82 517 58 0 0 
49 478 37 0 0 
71 468 55 0 0 
20 462 0 0 0 
46 366 23 0 0 
43 424 63 0 0 
96 332 8 0 0 
52 312 51 18 0 
19 358 71 0 0 
36 469 75 0 0 
20 340 24 0 0 
91 351 30 0 0 
57 416 30 0 0 
37 428 17 0 0 
10 405 11 0 0 
50 458 9 0 0 
40 400 15 0 0 
12 355 43 0 0 
68 433 10 0 0 
69 472 35 0 0 
18 413 44 0 0 
12 398 48 0 0 
83 475 19 0 0 
60 362 17 0 0 
13 440 31 0 0 
49 484 13 0 0 
7 419 54 0 0 
8 429 44 0 0 
12 417 47 0 0 
35 485 40 0 0 
12 389 11 0 0 
82 409 53 0 0 
16 500 20 0 0 
42 392 17 0 0 
6 490 5 0 0 
7 568 42 0 0 
40 370 14 0 0 
48 367 25 0 0 
52 334 42 0 0 
75 385 16 0 0 
36 411 10 0 0 
38 466 20 0 0 
70 315 69 0 0 
90 443 27 0 0 
12 541 11 0 0 
66 512 17 0 0 
24 468 16 0 0 
50 376 6 0 0 
22 441 11 0 0 
75 411 10 0 0 
78 469 5 0 0 
6 537 4 0 0 
4 329 35 0 0 
17 417 83 0 0 
58 331 63 0 0 
76 291 51 0 0 
33 398 47 0 0 
67 451 44 0 0 
33 475 24 0 0 
19 372 7 0 0 
56 430 8 0 0 
22 508 15 0 0 
28 494 21 0 0 
19 366 70 0 0 
22 530 6 0 0 
33 498 21 0 0 
49 365 31 0 0 
29 363 35 0 0 
45 394 52 0 0 
63 514 37 0 0 
1 528 20 0 0 
75 389 8 0 0 
76 491 13 0 0 
39 570 18 0 0 
35 395 40 0 0 
39 455 15 0 0 
7 531 11 0 0 
74 320 43 0 0 
55 372 13 0 0 
34 450 27 0 0 
19 345 10 0 0 
22 462 39 0 0 
31 387 20 0 0 
28 365 14 0 0 
38 314 53 0 0 
46 417 94 0 0 
69 420 37 0 0 
38 451 41 0 0 
15 479 10 0 0 
56 383 56 0 0 
10 530 25 0 0 
29 493 9 0 0 
81 499 30 0 0 
8 506 38 0 0 
42 494 38 0 0 
24 355 38 0 0 
6 498 26 0 0 
57 404 41 0 0 
29 405 11 6 0 
59 464 16 0 0 
34 445 17 0 0 
44 347 11 0 0 
44 332 57 0 0 
28 502 6 0 0 
41 494 18 0 0 
29 442 33 0 0 
22 398 17 0 0 
60 444 55 0 0 
25 378 11 0 0 
40 411 7 0 0 
29 405 22 0 0 
2 528 7 0 0 
36 476 22 0 0 
41 283 27 0 0 
31 438 34 0 0 
9 462 13 0 0 
17 516 3 0 0 
70 547 12 0 0 
30 319 77 0 0 
40 453 54 0 0 
18 337 27 0 0 
97 341 40 0 0 
43 457 41 0 0 
1 500 6 0 0 
25 447 26 0 0 
49 350 45 0 0 
42 357 27 0 0 
59 471 56 0 0 
5 559 14 0 0 
37 429 55 0 0 
41 511 0 0 0 
37 345 23 0 0 
0 499 8 0 0 
39 414 44 0 0 
22 467 14 0 0 
42 401 25 0 0 
12 513 36 0 0 
13 356 19 0 0 
39 378 66 0 0 
33 458 35 0 0 
37 443 6 0 0 
95 382 100 0 0 
28 444 16 0 0 
32 403 15 0 0 
26 400 37 0 0 
6 327 53 0 0 
20 453 58 0 0 
96 340 24 0 0 
21 379 12 0 0 
0 400 21 0 0 
1 497 44 0 0 
14 522 39 0 0 
48 363 18 0 0 
15 454 14 0 0 
31 377 53 0 0 
43 375 33 0 0 
27 428 2 0 0 
17 464 84 0 0 
10 530 32 0 0 
32 486 20 0 0 
39 435 36 0 0 
50 468 31 0 0 
34 418 80 0 0 
10 497 10 0 0 
21 382 27 0 0 
25 408 27 0 0 
22 532 42 0 0 
47 533 28 0 0 
71 434 15 0 0 
45 411 6 0 0 
34 401 54 0 0 
21 416 7 0 0 
7 402 12 0 0 
7 396 68 0 0 
44 377 54 0 0 
19 426 27 0 0 
36 468 17 0 0 
0 408 46 0 0 
16 467 12 0 0 
0 426 4 0 0 
6 579 32 0 0 
43 272 94 0 0 
44 547 1 0 0 
17 360 33 0 0 
55 298 49 0 0 
6 358 75 0 0 
45 452 12 0 0 
36 324 52 0 0 
57 400 27 0 0 
48 387 26 0 0 
45 436 32 0 0 
27 373 34 0 0 
23 414 57 0 0 
14 452 11 0 0 
66 414 33 0 0 
18 468 16 0 0 
39 291 6 0 0 
106 462 16 0 0 
67 350 6 0 0 
27 337 43 0 0 
23 421 42 0 0 
94 365 8 0 0 
30 463 6 0 0 
110 386 37 0 0 
44 454 24 0 0 
11 698 18 0 0 
6 473 20 0 0 
14 472 30 0 0 
84 407 52 0 0 
27 370 44 0 0 
56 344 20 0 0 
55 492 8 0 0 
4 397 4 0 0 
52 441 10 0 0 
28 383 23 0 0 
16 522 15 0 0 
6 478 34 0 0 
61 426 16 0 0 
40 528 2 0 0 
20 434 54 0 0 
123 426 38 0 0 
102 287 15 0 0 
14 551 65 0 0 
34 397 25 0 0 
26 492 21 0 0 
34 461 26 0 0 
36 550 13 0 0 
35 505 54 0 0 
25 474 30 0 0 
12 461 0 0 0 
31 540 14 0 0 
67 448 18 0 0 
25 461 13 0 0 
84 321 35 0 0 
19 457 12 0 0 
24 383 10 0 0 
12 483 20 0 0 
1 367 32 0 0 
30 546 43 0 0 
30 407 16 0 0 
18 396 30 0 0 
13 399 14 0 0 
37 371 56 0 0 
49 515 18 0 0 
19 484 36 0 0 
13 320 37 0 0 
39 443 41 0 0 
29 425 27 0 0 
47 450 33 0 0 
71 458 0 0 0 
66 468 27 0 0 
12 601 31 0 0 
15 497 19 0 0 
44 561 0 0 0 
15 411 46 0 0 
9 606 53 0 0 
58 464 9 0 0 
32 436 40 0 0 
83 470 1 0 0 
20 473 31 0 0 
40 296 49 21 0 
0 549 21 0 0 
32 570 4 0 0 
2 384 40 0 0 
5 521 42 0 0 
41 348 100 0 0 
29 458 3 0 0 
9 536 39 0 0 
38 445 21 0 0 
4 393 47 0 0 
42 462 24 0 0 
31 411 62 0 0 
33 540 11 0 0 
18 601 58 0 0 
23 452 46 0 0 
46 340 35 0 0 
41 449 0 0 0 
1 469 9 0 0 
44 368 6 0 0 
5 327 49 0 0 
12 425 41 0 0 
13 431 67 0 0 
21 442 69 0 0 
29 469 24 0 0 
17 494 20 0 0 
24 362 43 0 0 
28 509 25 0 0 
20 404 25 0 0 
5 347 35 0 0 
33 505 43 0 0 
18 471 39 0 0 
29 443 11 0 0 
43 434 38 0 0 
38 368 48 0 0 
97 324 10 0 0 
22 465 54 0 0 
21 562 7 0 0 
73 380 44 0 0 
43 521 55 0 0 
28 545 1 0 0 
83 430 40 0 0 
47 302 4 0 0 
58 354 36 0 0 
31 374 17 0 0 
95 396 51 0 0 
65 382 10 0 0 
9 401 8 0 0 
22 402 133 0 0 
62 455 34 0 0 
19 414 7 0 0 
30 400 66 0 0 
39 449 25 0 0 
26 471 29 0 0 
28 420 27 0 0 
32 440 18 0 0 
40 468 8 0 0 
1 480 23 0 0 
91 486 32 0 0 
39 443 43 0 0 
73 353 30 0 0 
20 340 25 0 0 
47 324 69 0 0 
65 447 45 0 0 
25 377 36 0 0 
25 549 30 0 0 
37 391 23 0 0 
61 421 33 0 0 
22 364 26 0 0 
32 496 13 0 0 
56 430 36 0 0 
9 488 19 0 0 
82 395 18 0 0 
22 502 34 0 0 
31 392 9 0 0 
48 426 16 0 0 
13 401 13 0 0 
40 318 61 0 0 
7 450 76 0 0 
5 471 27 0 0 
12 413 32 0 0 
55 431 37 0 0 
3 483 15 0 0 
52 425 19 0 0 
19 462 18 0 0 
59 428 31 0 0 
30 423 43 0 0 
18 461 4 0 0 
68 384 4 0 0 
44 480 12 0 0 
14 419 23 0 0 
13 421 10 0 0 
1 472 90 0 0 
52 394 14 0 0 
64 422 1 0 0 
13 446 60 0 0 
43 423 27 0 0 
105 368 18 0 0 
34 367 24 0 0 
20 407 31 0 0 
40 444 73 0 0 
26 376 16 0 0 
47 315 33 0 0 
67 359 50 0 0 
64 376 61 0 0 
29 511 11 0 0 
23 374 36 0 0 
11 563 55 0 0 
69 338 24 0 0 
3 417 25 0 0 
13 374 42 0 0 
13 564 2 0 0 
73 345 14 0 0 
19 466 67 0 0 
8 390 12 0 0 
59 358 59 0 0 
18 347 11 0 0 
37 453 13 0 0 
55 399 1 0 0 
9 395 27 0 0 
4 559 87 0 0 
127 302 55 0 0 
1 508 10 0 0 
23 416 41 0 0 
25 411 17 0 0 
33 506 11 0 0 
73 365 25 0 0 
27 357 15 0 0 
62 441 56 0 0 
49 359 55 0 0 
26 423 40 0 0 
32 496 13 0 0 
31 480 41 0 0 
20 495 17 0 0 
21 406 28 0 0 
51 435 17 0 0 
4 463 31 0 0 
16 394 15 0 0 
58 485 2 0 0 
57 417 26 0 0 
19 378 35 0 0 
5 402 7 0 0 
57 392 16 0 0 
12 395 15 0 0 
65 350 14 0 0 
20 351 26 0 0 
61 356 56 0 0 
21 499 102 0 0 
84 504 21 0 0 
21 333 117 0 0 
51 490 4 0 0 
40 446 32 0 0 
60 344 32 0 0 
24 374 10 0 0 
62 417 86 0 0 
47 348 54 0 0 
12 392 2 0 0 
17 373 62 0 0 
9 437 42 0 0 
135 371 4 0 0 
26 441 23 0 0 
39 561 32 0 0 
53 476 40 0 0 
18 405 49 0 0 
6 466 9 0 0 
15 410 23 0 0 
27 347 11 0 0 
20 415 102 0 0 
28 428 7 0 0 
21 424 23 0 0 
19 524 25 0 0 
28 457 33 0 0 
35 429 8 0 0 
21 484 39 0 0 
13 503 17 0 0 
40 398 38 0 0 
24 429 28 0 0 
24 541 19 0 0 
43 393 67 0 0 
54 450 0 0 0 
31 399 48 0 0 
20 500 14 0 0 
80 312 29 0 0 
9 457 61 0 0 
9 322 69 0 0 
69 372 26 0 0 
96 372 26 0 0 
31 356 70 0 0 
36 451 56 0 0 
4 386 46 0 0 
48 508 0 0 0 
9 488 30 0 0 
79 297 44 0 0 
13 486 25 0 0 
53 484 1 0 0 
51 373 30 0 0 
1 536 10 0 0 
22 474 76 0 0 
57 457 43 0 0 
10 466 8 0 0 
67 496 0 0 0 
74 508 13 0 0 
86 506 13 0 0 
5 449 37 0 0 
59 334 30 0 0 
26 557 21 0 0 
70 365 42 0 0 
28 413 32 0 0 
30 505 5 0 0 
6 405 27 0 0 
63 543 20 0 0 
36 366 66 0 0 
70 370 5 0 0 
22 401 22 0 0 
68 384 22 0 0 
36 456 11 0 0 
45 489 11 0 0 
59 503 6 0 0 
4 549 6 0 0 
19 514 35 0 0 
35 450 18 0 0 
51 476 5 0 0 
27 410 42 0 0 
16 586 41 0 0 
43 413 20 0 0 
64 468 29 0 0 
34 497 31 0 0 
28 458 36 0 0 
4 404 28 0 0 
54 447 46 0 0 
31 422 2 0 0 
46 469 10 0 0 
44 459 61 0 0 
13 441 38 0 0 
53 394 13 0 0 
49 466 5 0 0 
3 454 24 0 0 
86 367 20 0 0 
40 338 23 0 0 
12 521 28 0 0 
17 374 82 8 0 
34 341 43 0 0 
97 414 48 0 0 
36 417 25 0 0 
33 375 6 0 0 
98 454 1 0 0 
28 417 26 0 0 
86 364 8 0 0 
15 338 59 0 0 
18 380 80 0 0 
82 419 35 0 0 
26 509 44 0 0 
29 418 3 0 0 
59 322 113 0 0 
1 482 57 0 0 
25 517 46 0 0 
33 420 19 0 0 
47 407 53 0 0 
0 393 82 0 0 
31 440 87 0 0 
98 337 24 0 0 
23 482 36 0 0 
34 430 20 0 0 
7 441 34 0 0 
2 441 57 0 0 
45 481 26 0 0 
54 417 8 0 0 
6 537 9 0 0 
6 485 61 0 0 
3 416 60 0 0 
20 455 45 0 0 
27 401 13 0 0 
35 378 66 0 0 
26 449 23 0 0 
48 386 52 0 0 
0 459 9 0 0 
67 365 35 0 0 
42 438 14 0 0 
2 413 44 0 0 
34 386 33 0 0 
51 336 18 0 0 
27 438 40 0 0 
13 268 10 0 0 
52 503 10 0 0 
52 363 34 27 0 
29 434 11 0 0 
21 464 62 0 0 
7 427 103 0 0 
15 369 5 0 0 
22 523 29 0 0 
2 427 17 0 0 
24 492 46 0 0 
51 422 8 0 0 
32 479 22 0 0 
26 502 4 0 0 
105 440 10 0 0 
109 418 4 0 0 
8 578 17 0 0 
88 318 7 0 0 
43 440 12 0 0 
69 320 38 0 0 
24 447 93 0 0 
16 406 4 0 0 
17 378 39 0 0 
13 527 10 0 0 
28 502 16 0 0 
48 354 9 0 0 
44 417 14 0 0 
82 404 8 0 0 
40 484 23 0 0 
7 419 62 0 0 
8 504 3 0 0 
39 350 4 0 0 
16 492 6 0 0 
12 435 16 0 0 
35 337 58 0 0 
24 440 13 0 0 
27 455 44 0 0 
33 310 45 0 0 
0 409 89 0 0 
88 338 61 0 0 
33 494 12 0 0 
68 476 6 0 0 
16 448 19 0 0 
4 481 7 2 0 
13 423 24 0 0 
67 400 35 0 0 
14 423 53 0 0 
20 404 13 0 0 
45 384 40 0 0 
22 386 18 0 0 
75 369 22 0 0 
141 352 18 0 0 
112 384 7 0 0 
2 437 15 0 0 
6 478 68 0 0 
11 377 36 0 0 
29 377 26 0 0 
23 442 70 0 0 
18 414 53 0 0 
29 401 86 0 0 
31 517 34 0 0 
27 410 2 0 0 
15 400 10 0 0 
55 418 25 0 0 
5 569 20 0 0 
17 447 14 0 0 
60 309 16 1 0 
55 336 30 0 0 
7 444 4 0 0 
23 465 65 0 0 
26 413 28 0 0 
26 444 34 0 0 
24 427 6 0 0 
11 355 44 1 0 
1 348 3 0 0 
31 429 47 0 0 
28 343 8 0 0 
8 454 9 0 0 
4 471 15 0 0 
12 535 25 0 0 
20 590 25 0 0 
41 401 11 0 0 
58 469 30 0 0 
59 406 28 0 0 
7 445 38 0 0 
143 430 45 0 0 
104 376 14 0 0 
4 496 41 0 0 
10 401 16 0 0 
19 371 4 0 0 
15 473 16 0 0 
68 377 20 0 0 
9 474 21 0 0 
14 466 32 0 0 
65 411 6 0 0 
45 485 40 0 0 
21 425 60 0 0 
0 454 56 0 0 
44 418 24 0 0 
20 570 13 0 0 
7 522 7 0 0 
11 440 26 0 0 
15 337 47 0 0 
29 514 0 0 0 
30 354 7 0 0 
41 479 2 0 0 
16 532 59 0 0 
94 421 28 0 0 
28 406 4 0 0 
34 386 16 0 0 
38 440 10 0 0 
19 359 55 0 0 
47 452 60 0 0 
57 512 3 0 0 
11 381 23 0 0 
88 386 37 0 0 
15 417 28 0 0 
90 474 10 0 0 
62 277 20 0 0 
35 530 17 0 0 
10 402 26 0 0 
69 302 33 0 0 
57 375 43 0 0 
37 442 26 0 0 
35 459 8 0 0 
72 375 4 0 0 
16 411 48 0 0 
114 360 11 0 0 
44 491 29 0 0 
0 487 59 0 0 
10 361 78 0 0 
86 519 16 0 0 
54 395 16 0 0 
21 408 85 0 0 
34 449 30 0 0 
44 567 34 0 0 
37 469 10 0 0 
15 405 37 0 0 
20 416 19 0 0 
51 425 4 0 0 
65 335 21 0 0 
19 394 54 0 0 
17 291 4 0 0 
2 445 25 0 0 
34 471 3 0 0 
21 455 10 0 0 
44 384 76 0 0 
19 382 1 0 0 
123 353 40 0 0 
35 505 29 0 0 
21 422 3 0 0 
80 407 30 0 0 
4 404 17 0 0 
15 358 27 0 0 
55 368 18 0 0 
8 464 14 0 0 
23 406 25 0 0 
38 462 36 0 0 
15 449 69 0 0 
26 373 10 0 0 
12 502 19 0 0 
36 516 57 0 0 
4 536 14 0 0 
11 427 64 0 0 
20 420 2 0 0 
24 453 39 0 0 
21 549 11 0 0 
38 337 63 0 0 
101 380 23 0 0 
28 447 1 0 0 
6 515 48 0 0 
22 390 17 0 0 
42 374 15 0 0 
1 550 16 0 0 
19 467 0 0 0 
32 414 32 0 0 
14 302 83 0 0 
13 412 48 0 0 
9 419 24 0 0 
60 358 59 3 0 
69 354 22 0 0 
19 341 32 0 0 
55 430 9 0 0 
45 345 25 0 0 
70 364 57 0 0 
20 380 54 0 0 
22 396 50 0 0 
55 530 50 0 0 
80 510 20 0 0 
100 344 49 0 0 
92 419 15 0 0 
8 397 10 0 0 
37 346 31 0 0 
30 424 11 0 0 
6 476 77 0 0 
21 525 28 0 0 
5 406 45 0 0 
52 408 75 0 0 
99 418 21 0 0 
2 479 45 0 0 
38 432 11 0 0 
51 427 57 0 0 
5 424 25 0 0 
57 471 48 0 0 
8 491 21 0 0 
17 441 38 0 0 
50 392 27 0 0 
42 583 21 0 0 
22 483 1 0 0 
13 308 29 0 0 
54 412 25 0 0 
18 505 9 0 0 
38 377 31 0 0 
73 349 45 0 0 
22 420 5 0 0 
112 392 2 0 0 
26 437 26 0 0 
1 463 32 0 0 
15 390 5 0 0 
57 413 31 0 0 
55 311 80 0 0 
4 412 17 0 0 
21 560 19 0 0 
47 472 27 0 0 
17 476 29 0 0 
7 563 4 0 0 
15 460 4 0 0 
28 385 101 0 0 
13 446 10 0 0 
15 489 28 0 0 
68 365 23 0 0 
75 422 29 0 0 
19 487 72 18 0 
17 369 14 0 0 
99 424 10 0 0 
1 406 37 0 0 
19 422 38 0 0 
31 385 10 0 0 
22 446 22 0 0 
38 289 47 0 0 
58 434 33 0 0 
30 443 10 0 0 
12 433 39 0 0 
55 449 45 0 0 
11 442 69 0 0 
19 380 41 0 0 
9 514 58 0 0 
24 403 69 0 0 
64 498 45 0 0 
7 506 19 0 0 
21 356 1 0 0 
1 565 15 0 0 
31 514 26 0 0 
27 466 40 0 0 
8 427 12 0 0 
38 441 100 0 0 
42 399 9 0 0 
82 341 40 0 0 
62 341 141 0 0 
60 402 28 0 0 
86 408 43 0 0 
33 457 2 0 0 
8 488 33 0 0 
26 439 13 0 0 
74 424 10 0 0 
26 564 9 0 0 
29 354 37 0 0 
20 557 7 0 0 
71 309 37 0 0 
30 418 8 0 0 
22 434 16 0 0 
13 454 22 0 0 
60 409 23 0 0 
22 502 26 0 0 
10 425 58 0 0 
27 439 20 0 0 
29 428 97 0 0 
32 437 13 0 0 
4 440 14 0 0 
86 346 73 0 0 
26 485 4 0 0 
97 370 26 0 0 
39 445 36 0 0 
39 442 47 0 0 
47 407 20 0 0 
80 378 35 0 0 
59 534 69 0 0 
20 477 24 0 0 
50 381 4 0 0 
18 386 9 0 0 
50 431 12 0 0 
100 385 13 0 0 
17 444 40 0 0 
41 378 33 0 0 
76 532 12 0 0 
15 433 50 0 0 
16 515 16 0 0 
107 324 30 0 0 
23 493 1 0 0 
17 444 28 0 0 
45 402 51 0 0 
40 336 55 0 0 
48 474 19 0 0 
64 418 12 0 0 
91 362 6 0 0 
27 432 35 0 0 
24 448 5 0 0 
27 400 15 0 0 
21 442 4 0 0 
23 553 50 0 0 
77 361 25 0 0 
28 368 12 0 0 
3 501 9 0 0 
16 512 69 0 0 
7 430 50 0 0 
16 557 2 0 0 
43 421 10 2 0 
154 346 27 0 0 
36 375 31 0 0 
74 402 20 0 0 
8 469 64 7 0 
25 427 26 0 0 
33 490 48 0 0 
