1 26 84 95 0 
0 17 146 45 0 
1 105 141 77 1 
2 31 311 113 9 
1 122 118 99 0 
6 161 95 172 0 
1 49 206 226 0 
21 17 194 84 10 
1 6 196 12 1 
10 181 112 1 0 
1 33 72 159 0 
0 67 140 51 13 
11 57 99 88 0 
0 13 118 238 0 
10 38 135 119 6 
5 61 235 151 0 
1 2 150 267 0 
11 47 186 166 0 
18 74 120 19 0 
4 37 300 59 0 
3 45 297 9 23 
3 16 141 116 1 
2 89 164 115 0 
0 155 119 109 27 
0 70 128 101 0 
1 93 216 8 0 
5 1 138 131 0 
29 46 116 91 0 
14 136 197 115 5 
15 55 174 49 0 
2 76 116 27 0 
3 1 89 79 1 
4 58 167 119 0 
0 53 125 117 0 
22 95 121 50 0 
11 88 207 144 0 
16 77 163 74 0 
1 122 108 176 0 
22 52 225 60 0 
2 56 101 70 0 
8 20 242 20 0 
48 43 121 132 0 
2 89 131 109 0 
11 51 224 58 0 
12 47 186 30 0 
9 57 173 95 0 
3 8 283 41 0 
12 70 156 64 14 
8 77 157 71 0 
1 53 133 24 0 
2 39 144 10 30 
2 46 238 55 0 
0 25 161 40 32 
8 23 141 23 0 
1 141 181 47 1 
18 63 203 44 0 
46 16 72 87 0 
8 79 117 88 0 
8 35 283 158 0 
1 56 160 24 0 
33 42 194 61 19 
2 75 236 67 0 
3 35 146 17 14 
2 51 60 75 0 
40 10 245 67 0 
4 68 112 100 0 
2 15 145 45 0 
3 25 142 150 0 
38 39 90 113 0 
16 28 208 62 0 
2 180 207 7 12 
4 80 176 63 0 
9 98 121 37 0 
6 76 202 9 0 
0 140 129 23 1 
2 36 119 20 7 
3 36 357 18 0 
0 18 166 79 0 
0 60 166 137 1 
0 55 331 73 2 
7 131 140 35 0 
18 167 97 98 19 
8 78 65 53 0 
6 103 120 3 0 
74 83 36 117 0 
5 51 76 70 0 
6 84 184 95 0 
27 28 152 136 0 
39 84 80 93 0 
16 87 50 106 21 
26 162 71 128 0 
5 76 167 7 0 
23 105 121 11 0 
12 83 106 50 0 
4 51 135 22 0 
5 55 231 23 1 
11 23 204 27 0 
1 102 377 27 0 
0 42 113 12 32 
0 41 146 57 0 
3 116 216 3 0 
1 69 171 63 12 
10 86 244 54 0 
0 33 191 14 1 
3 35 154 29 0 
0 23 126 31 16 
1 14 313 75 0 
4 41 201 96 0 
4 118 355 23 0 
44 69 156 29 0 
5 16 174 41 0 
4 17 380 14 0 
28 16 160 88 0 
5 66 175 71 0 
0 35 235 49 21 
8 74 97 74 0 
3 40 74 15 2 
69 107 97 94 0 
21 9 66 28 0 
0 8 203 104 0 
2 86 160 40 0 
38 20 52 58 31 
15 7 223 103 0 
2 51 302 52 0 
2 74 193 82 0 
13 131 134 137 0 
35 155 135 54 0 
4 92 212 83 14 
0 56 29 33 0 
1 32 220 43 0 
4 35 222 48 2 
2 56 196 34 0 
2 22 276 13 0 
0 70 358 69 6 
25 7 143 40 5 
4 43 23 29 0 
9 84 110 75 17 
6 56 178 90 36 
1 85 315 77 0 
0 9 103 33 0 
19 53 142 36 4 
6 21 108 173 0 
14 114 184 70 0 
5 33 136 2 0 
3 104 223 115 0 
11 51 296 63 0 
49 42 23 9 1 
6 39 201 1 0 
0 103 391 20 0 
20 36 327 19 0 
2 96 123 59 0 
1 66 222 11 0 
1 71 213 226 0 
3 63 178 64 0 
7 60 81 132 0 
1 19 285 25 4 
12 96 281 27 0 
19 51 229 72 0 
4 71 143 80 0 
10 99 76 59 0 
1 18 140 57 0 
6 36 92 132 1 
1 97 71 209 19 
39 9 79 143 0 
35 46 169 81 0 
19 36 196 39 0 
0 202 72 99 0 
1 87 156 117 0 
8 22 292 51 1 
0 32 252 58 0 
7 55 257 60 0 
0 133 290 134 0 
8 74 92 114 0 
1 83 316 27 54 
45 73 110 83 0 
19 67 100 58 0 
1 54 130 93 0 
7 4 69 95 0 
17 40 64 14 0 
7 37 199 36 0 
2 31 180 46 0 
0 166 243 100 1 
10 20 118 81 0 
2 91 119 161 0 
1 77 71 121 1 
5 143 112 25 1 
3 155 179 15 0 
2 152 183 52 76 
23 73 290 6 0 
6 122 96 58 0 
13 206 84 61 2 
1 29 202 22 0 
4 50 267 76 19 
0 45 38 109 0 
8 13 177 140 0 
8 38 62 86 0 
17 141 121 43 0 
13 92 227 32 11 
0 19 201 41 0 
3 56 234 52 0 
0 100 117 94 32 
3 25 116 34 4 
6 32 367 54 3 
5 47 234 76 0 
20 29 229 60 0 
12 107 223 31 0 
13 27 222 193 0 
2 36 139 52 0 
2 98 162 205 8 
10 106 88 116 0 
0 107 231 86 0 
4 21 71 26 0 
14 10 249 71 16 
2 106 160 69 0 
6 100 110 108 0 
8 88 71 101 0 
12 159 136 112 0 
1 69 123 63 0 
21 166 134 96 0 
23 25 82 101 44 
0 140 138 11 0 
0 39 275 27 0 
2 1 437 92 8 
1 38 140 86 0 
2 33 152 51 17 
27 158 81 133 5 
1 42 197 44 8 
0 56 174 76 0 
8 94 301 75 0 
33 104 172 117 56 
1 37 165 7 73 
2 65 178 100 0 
3 99 190 35 0 
0 24 200 194 0 
0 37 81 79 0 
35 41 171 14 0 
3 76 200 22 11 
1 62 93 179 1 
13 101 87 32 0 
7 152 101 41 0 
14 127 90 68 0 
1 8 100 163 0 
1 46 179 62 0 
0 159 190 84 0 
7 125 208 101 0 
1 34 165 46 0 
4 31 104 103 0 
11 72 225 102 2 
19 29 145 132 0 
1 97 60 15 0 
13 56 272 82 0 
3 75 115 170 0 
6 19 187 63 1 
13 41 263 16 0 
22 22 278 98 0 
3 66 271 44 0 
4 65 80 49 0 
0 94 164 61 0 
7 43 203 65 0 
1 45 98 286 0 
12 100 112 78 0 
0 54 238 168 0 
1 37 102 73 0 
0 145 197 10 19 
2 16 416 57 0 
3 32 124 180 32 
10 19 295 125 0 
7 173 249 72 0 
0 65 161 36 0 
6 59 204 148 0 
14 140 147 160 0 
1 153 238 58 0 
0 0 271 92 0 
1 58 193 48 0 
19 13 184 29 0 
14 98 122 31 24 
2 110 195 17 0 
30 185 146 12 0 
4 100 77 64 0 
2 113 176 160 0 
1 40 293 97 6 
0 64 218 99 6 
0 71 139 13 0 
3 81 220 175 0 
4 66 258 29 1 
0 59 123 37 1 
0 278 149 116 0 
5 10 94 122 0 
24 43 92 144 0 
0 25 222 146 0 
9 26 35 57 0 
1 23 109 235 0 
21 54 96 108 3 
35 30 352 29 0 
4 17 208 60 25 
0 0 241 236 0 
1 72 248 17 0 
3 84 61 164 1 
2 181 80 201 17 
0 28 101 140 0 
12 72 124 115 0 
13 93 137 83 0 
11 24 104 119 4 
7 83 297 3 0 
6 21 138 27 0 
12 47 324 32 0 
53 24 182 30 0 
42 80 145 40 0 
3 77 299 41 10 
20 89 114 3 0 
2 74 137 9 0 
3 58 199 125 1 
1 105 281 103 3 
17 95 215 51 0 
1 86 245 138 0 
6 6 16 20 0 
17 75 104 61 0 
18 36 145 39 0 
9 47 137 122 0 
1 57 110 111 24 
42 25 155 152 2 
2 13 285 67 0 
10 76 67 215 0 
5 125 237 25 0 
31 123 121 32 0 
4 10 233 54 14 
1 139 96 62 0 
9 64 216 133 1 
0 97 66 93 0 
0 58 198 73 0 
4 62 88 22 0 
0 17 103 59 0 
19 94 120 30 0 
2 18 182 55 0 
4 27 256 23 27 
7 29 241 25 0 
41 59 205 79 12 
12 52 203 330 0 
24 24 89 79 0 
10 5 158 65 0 
6 1 67 111 0 
0 51 306 43 22 
8 191 301 37 0 
2 141 117 67 27 
10 26 190 1 0 
24 66 224 111 0 
1 99 244 77 0 
5 26 292 32 0 
1 75 203 14 0 
18 42 111 73 0 
27 63 180 21 0 
0 109 210 16 0 
1 78 209 101 0 
4 85 129 73 1 
6 92 171 140 0 
1 40 86 60 1 
22 42 136 93 0 
21 144 317 92 0 
0 45 111 79 0 
7 82 272 13 1 
16 35 135 1 0 
3 48 191 142 0 
63 109 147 35 0 
0 74 114 55 0 
0 69 57 46 0 
1 84 30 114 1 
1 16 85 75 0 
4 49 98 140 0 
3 56 128 65 29 
8 108 283 113 0 
4 164 104 74 0 
0 7 116 264 0 
3 58 285 159 0 
1 24 253 64 0 
34 29 205 81 0 
0 132 115 123 0 
2 157 94 33 0 
0 52 204 266 1 
5 134 148 164 0 
20 61 408 65 0 
25 79 153 127 0 
6 119 214 117 0 
0 20 152 148 0 
5 46 159 136 0 
5 119 106 89 13 
1 93 277 3 0 
2 99 199 44 0 
13 43 60 57 0 
3 102 200 31 21 
1 163 273 49 0 
5 82 306 30 0 
13 80 188 78 0 
6 27 178 122 0 
14 117 163 73 1 
12 25 308 52 0 
104 42 118 167 0 
20 76 101 0 0 
5 74 170 6 3 
10 160 108 6 0 
28 57 219 18 0 
5 28 89 163 0 
1 47 301 40 0 
1 17 83 168 0 
14 40 195 68 0 
1 24 152 82 0 
31 51 276 40 0 
21 26 211 1 0 
93 15 32 70 55 
2 17 253 24 0 
3 61 328 26 1 
0 19 237 219 1 
22 16 135 22 13 
28 84 176 207 0 
5 182 549 104 0 
16 247 302 36 0 
14 34 123 144 2 
0 128 108 56 0 
24 58 119 53 16 
0 29 162 19 0 
14 80 145 232 0 
3 150 220 73 0 
0 54 211 60 0 
5 47 253 75 0 
6 54 261 130 1 
9 67 151 129 0 
28 59 75 74 0 
1 76 158 40 0 
3 31 124 1 0 
3 95 212 99 63 
0 41 243 159 0 
0 92 134 48 0 
2 92 184 55 0 
12 67 109 31 0 
10 131 171 9 2 
8 34 77 150 0 
12 89 190 222 0 
5 64 329 32 0 
9 134 167 73 0 
2 174 121 118 0 
9 149 221 0 79 
0 11 254 52 0 
1 86 166 48 0 
0 169 185 124 22 
2 122 138 14 0 
0 160 80 152 0 
0 55 144 102 0 
1 49 254 71 1 
2 133 136 87 0 
7 43 137 269 0 
27 88 134 36 0 
2 107 151 70 0 
1 113 198 31 1 
6 64 179 168 0 
20 13 75 202 0 
33 70 191 111 0 
7 21 275 124 0 
10 103 131 36 18 
2 48 191 43 0 
5 39 65 88 0 
17 79 307 53 0 
6 61 221 7 0 
15 99 114 61 0 
1 51 76 86 0 
2 22 84 116 0 
2 113 68 60 0 
10 19 357 18 1 
33 71 90 14 8 
0 90 112 45 0 
3 51 116 39 0 
7 66 123 48 0 
0 58 335 36 0 
0 71 92 122 0 
14 16 136 81 0 
4 67 164 34 0 
0 37 153 14 0 
3 74 251 20 15 
21 82 130 153 0 
6 248 128 126 0 
5 79 43 46 25 
10 40 242 20 0 
7 138 120 21 0 
3 55 282 71 0 
0 55 390 30 9 
0 15 267 34 0 
4 8 187 62 0 
2 80 101 33 14 
14 54 64 74 44 
17 22 221 23 0 
21 7 248 29 0 
27 107 198 31 0 
6 163 214 18 0 
3 24 372 24 10 
0 13 223 97 0 
12 15 75 97 0 
2 98 185 246 0 
5 87 149 84 0 
10 139 173 2 9 
44 50 198 82 0 
0 97 203 1 0 
10 57 25 107 1 
10 47 304 5 0 
6 30 288 6 0 
2 52 211 157 0 
5 146 115 43 7 
0 71 245 205 0 
16 21 162 21 0 
9 41 94 40 6 
0 13 41 329 0 
3 91 126 99 0 
12 51 100 168 0 
1 25 290 38 0 
2 148 115 73 0 
2 107 197 90 0 
6 113 162 35 0 
10 62 288 61 0 
3 70 88 87 0 
1 55 174 39 0 
3 94 119 39 0 
1 8 170 147 7 
29 117 296 27 0 
32 195 104 19 0 
2 108 341 2 0 
0 12 314 16 0 
0 6 291 0 0 
2 52 136 21 31 
10 72 110 32 0 
3 120 149 130 0 
2 79 186 118 7 
2 60 282 30 0 
1 40 162 22 0 
0 76 194 34 0 
16 136 105 43 0 
12 23 81 51 7 
7 76 180 91 0 
4 85 130 54 0 
1 48 116 128 0 
10 103 254 7 0 
38 72 295 41 0 
41 160 183 21 0 
26 62 215 34 0 
10 18 158 62 0 
0 48 256 12 0 
5 112 161 63 0 
6 90 129 130 0 
3 62 223 103 43 
17 141 193 71 0 
16 50 176 82 0 
26 48 118 86 0 
0 80 136 28 6 
11 90 236 68 0 
9 85 271 38 0 
6 42 145 21 0 
1 191 316 41 0 
11 59 88 16 0 
0 21 87 46 0 
4 90 200 11 0 
10 31 178 32 0 
2 174 169 10 0 
10 78 181 15 0 
29 76 143 132 0 
45 77 105 118 37 
3 80 155 269 0 
6 26 237 86 2 
20 118 175 19 21 
5 126 158 73 1 
0 84 134 153 0 
2 104 120 76 3 
17 93 137 207 5 
3 131 328 41 0 
50 131 229 112 1 
5 26 126 118 35 
0 41 107 92 0 
12 45 275 84 0 
7 21 389 24 0 
0 127 292 46 0 
12 68 156 108 0 
5 144 116 183 0 
1 144 53 318 0 
4 32 396 20 0 
2 18 52 164 1 
8 48 291 152 0 
9 39 368 70 0 
1 197 206 31 81 
6 70 106 30 0 
3 11 150 68 0 
22 42 173 39 0 
2 86 155 50 23 
6 121 58 102 0 
0 61 166 24 15 
18 139 97 114 45 
20 31 243 259 0 
5 108 276 83 13 
6 19 95 140 0 
2 122 278 46 1 
12 39 306 53 3 
10 39 211 81 0 
10 157 224 160 0 
1 91 183 211 0 
2 67 188 63 1 
19 37 170 20 0 
0 89 224 206 22 
7 105 216 86 0 
3 66 153 142 0 
5 55 170 47 5 
13 10 192 1 0 
0 115 164 29 0 
18 119 81 36 0 
3 31 132 179 0 
4 38 199 34 0 
6 123 111 13 1 
0 6 261 76 0 
17 24 90 168 0 
5 61 194 47 0 
19 125 76 70 1 
15 61 294 127 0 
1 14 197 54 0 
8 59 238 82 0 
16 1 256 49 0 
0 104 126 139 0 
0 171 158 209 0 
24 80 138 127 0 
0 54 163 92 2 
22 96 139 88 3 
42 61 211 45 33 
4 27 274 63 0 
14 78 236 139 0 
3 37 129 50 0 
6 88 186 52 3 
12 9 106 19 0 
34 87 332 26 9 
5 46 221 108 0 
2 26 171 15 0 
18 75 239 38 0 
7 164 232 119 0 
37 111 330 36 0 
3 84 91 39 0 
1 24 161 10 0 
0 76 152 127 0 
3 93 257 77 0 
9 47 64 223 0 
15 113 122 78 0 
1 22 253 77 0 
2 31 97 118 0 
6 66 248 28 1 
2 61 113 60 0 
51 60 207 176 17 
2 80 194 149 18 
3 54 123 28 0 
0 6 125 38 1 
7 119 178 26 0 
9 82 144 7 0 
0 66 141 37 29 
2 91 173 65 1 
2 236 93 72 0 
5 86 57 89 0 
1 22 285 49 1 
11 32 148 18 0 
36 112 125 7 0 
6 57 440 62 0 
37 78 378 5 0 
4 184 285 124 2 
0 42 192 56 35 
21 30 170 91 0 
16 64 162 120 2 
5 78 170 120 0 
12 83 111 81 0 
13 126 172 31 0 
4 20 172 40 30 
12 82 92 34 45 
6 84 243 55 0 
0 17 167 40 0 
6 37 249 83 27 
0 29 134 34 33 
5 167 47 127 0 
48 40 130 59 0 
11 16 171 13 0 
0 71 179 60 0 
0 113 208 157 1 
2 86 326 98 0 
18 40 214 39 0 
14 11 370 23 0 
16 47 113 126 0 
31 42 134 99 1 
46 40 197 50 38 
10 187 198 18 54 
11 89 135 170 0 
2 26 226 99 0 
9 85 125 61 7 
1 110 151 77 45 
3 121 132 104 0 
15 109 128 51 0 
14 134 132 110 0 
20 32 125 67 1 
28 67 131 68 0 
5 43 105 47 0 
8 76 371 12 0 
1 78 266 101 0 
2 209 121 13 21 
8 111 177 181 1 
0 31 150 112 0 
9 19 125 157 44 
9 56 146 46 0 
13 103 163 44 0 
5 91 115 63 0 
5 52 324 15 6 
12 55 125 40 0 
1 14 254 47 0 
10 73 143 75 0 
4 172 180 23 0 
21 123 288 122 0 
6 155 108 23 0 
8 85 91 111 0 
38 81 168 68 0 
4 57 239 73 1 
4 25 225 15 1 
12 45 187 49 0 
49 151 90 16 0 
41 65 251 70 0 
5 134 270 96 0 
12 13 160 109 0 
4 135 108 137 0 
49 64 109 53 1 
0 59 111 152 0 
2 72 6 177 0 
0 68 102 108 0 
5 46 195 44 17 
0 8 281 74 0 
4 54 165 19 1 
1 71 299 72 0 
1 35 149 102 0 
9 97 153 286 0 
8 7 193 81 0 
2 63 136 33 0 
6 115 330 31 0 
29 57 265 34 0 
5 69 232 57 1 
16 17 224 56 0 
2 64 107 87 0 
1 45 76 141 0 
12 27 221 117 31 
1 126 147 52 1 
84 72 67 13 0 
14 157 159 115 0 
11 89 165 72 1 
10 132 131 40 0 
0 10 129 76 6 
1 13 86 22 0 
6 91 193 81 0 
0 22 135 74 0 
11 128 247 21 0 
4 36 116 44 0 
2 13 219 0 0 
10 23 147 6 0 
6 70 108 66 0 
1 29 192 155 3 
9 28 151 182 0 
12 53 149 34 0 
0 60 107 189 1 
2 103 208 111 7 
8 97 177 23 1 
3 110 310 53 0 
5 54 178 33 0 
1 16 193 48 0 
23 45 267 5 1 
40 72 204 108 0 
8 82 88 43 0 
6 68 296 20 0 
6 19 114 55 0 
27 45 116 54 0 
0 139 196 32 0 
0 119 270 27 0 
0 130 45 233 0 
1 99 143 38 29 
6 58 164 76 0 
4 26 103 61 0 
6 10 139 104 0 
62 112 263 15 0 
35 183 71 32 0 
0 10 211 108 0 
6 82 360 13 0 
18 88 67 31 0 
6 27 270 67 41 
6 35 183 34 0 
0 21 272 66 0 
20 3 151 86 0 
2 68 197 208 0 
1 11 263 29 0 
0 16 110 41 0 
13 230 171 32 0 
30 58 232 20 0 
15 44 141 23 0 
38 41 362 24 1 
5 36 226 62 0 
33 92 68 30 0 
1 126 102 7 1 
21 84 172 40 1 
0 93 125 95 0 
1 121 213 69 1 
1 30 233 118 20 
25 37 194 43 1 
14 60 267 39 27 
3 166 105 86 1 
5 135 120 120 0 
22 36 260 298 0 
11 37 98 62 5 
9 29 126 31 0 
0 57 102 106 0 
8 65 173 62 0 
7 122 186 35 0 
1 115 206 21 0 
1 198 62 17 0 
1 45 216 31 0 
34 106 118 23 0 
1 15 158 61 9 
1 35 166 41 0 
6 153 111 62 0 
2 89 90 44 0 
50 61 119 51 34 
10 67 173 47 2 
12 73 216 20 0 
10 22 284 61 5 
56 71 192 42 8 
1 77 118 32 0 
13 29 127 41 0 
8 52 132 195 11 
10 56 247 62 0 
1 106 209 123 0 
1 30 107 90 0 
1 122 335 90 8 
1 16 131 82 3 
6 21 136 253 0 
3 91 284 71 9 
20 78 229 125 0 
1 22 77 88 0 
1 66 130 182 3 
1 159 192 81 0 
1 30 92 106 0 
25 150 228 90 0 
14 122 314 188 0 
7 10 163 221 0 
14 37 179 23 0 
1 32 287 13 0 
21 74 54 39 0 
21 56 104 64 0 
0 209 100 98 0 
2 67 238 139 0 
19 33 183 17 0 
20 42 56 76 0 
7 164 43 109 0 
3 90 278 19 21 
2 120 265 204 0 
10 192 197 40 0 
11 32 214 37 0 
4 129 190 76 0 
9 46 300 62 0 
2 24 220 37 0 
2 93 184 0 1 
12 49 257 20 0 
15 33 237 239 7 
2 50 202 21 0 
3 26 139 103 0 
2 97 171 70 0 
2 95 171 33 1 
18 57 162 4 0 
1 6 189 130 14 
3 38 427 1 0 
0 95 86 73 0 
8 55 98 10 0 
4 44 113 6 53 
3 56 305 27 0 
2 24 195 255 0 
32 124 181 14 0 
10 33 136 40 0 
13 13 160 59 21 
3 121 250 105 0 
0 30 178 110 0 
0 25 209 71 1 
1 59 109 171 0 
18 21 333 134 2 
15 45 154 34 23 
13 78 175 70 11 
3 66 122 60 0 
12 116 239 81 5 
14 19 110 48 0 
1 39 72 153 0 
7 29 163 67 0 
20 76 144 68 0 
11 40 304 75 38 
2 17 113 44 0 
22 19 71 115 0 
35 78 126 72 0 
3 170 181 115 4 
1 88 134 6 0 
1 55 144 103 0 
8 48 250 28 0 
3 118 327 32 0 
33 20 118 192 0 
45 102 212 120 0 
5 40 180 56 0 
104 9 279 34 0 
16 3 461 85 0 
2 24 152 370 0 
7 133 347 5 0 
10 88 126 8 0 
3 177 140 96 0 
5 105 134 46 0 
0 43 181 75 0 
13 52 103 53 0 
5 95 136 80 0 
1 105 218 76 0 
2 99 254 36 1 
0 43 305 101 49 
1 41 111 50 1 
8 49 173 99 0 
11 35 35 211 0 
3 54 138 54 0 
1 70 297 116 5 
60 22 137 65 0 
20 43 219 145 9 
5 14 454 23 2 
7 20 69 93 0 
48 99 78 214 0 
30 49 58 119 0 
0 17 278 8 3 
2 65 117 51 0 
2 79 117 206 0 
8 70 290 14 1 
3 69 215 76 0 
15 38 121 118 0 
11 47 224 76 83 
12 23 254 72 0 
16 62 152 61 0 
6 70 134 62 0 
0 70 192 64 12 
1 42 299 1 0 
4 120 229 52 0 
12 71 220 58 1 
2 46 233 18 0 
41 54 233 39 0 
1 27 134 146 0 
1 46 110 204 0 
12 61 287 74 0 
45 80 127 152 0 
2 122 88 34 0 
1 78 195 18 25 
17 84 107 32 0 
13 86 134 12 0 
18 53 263 110 0 
9 34 211 22 0 
1 93 87 35 0 
16 84 250 12 0 
1 93 162 123 0 
2 67 138 81 0 
8 31 132 134 6 
30 20 142 28 0 
3 35 282 7 1 
0 43 89 24 0 
5 185 70 77 1 
0 118 131 122 0 
1 28 107 45 0 
0 173 215 95 13 
10 48 141 29 0 
5 49 162 104 7 
10 37 230 156 0 
0 51 167 59 0 
1 9 251 79 0 
0 92 171 13 0 
14 30 207 41 0 
16 50 297 62 25 
4 137 125 39 1 
7 29 94 70 70 
18 212 53 77 6 
6 10 246 105 0 
5 143 127 106 1 
13 46 173 38 1 
2 79 183 68 0 
0 85 301 23 0 
10 31 134 34 0 
19 92 249 79 0 
0 50 126 7 0 
4 55 220 135 0 
7 48 178 8 0 
9 56 195 53 0 
13 90 193 51 0 
22 24 101 224 0 
8 182 134 32 0 
10 151 84 57 0 
4 31 166 97 20 
5 19 72 31 2 
7 42 207 42 0 
0 31 187 74 53 
1 41 79 169 0 
1 203 182 121 0 
31 48 310 11 0 
0 11 26 68 2 
1 91 64 37 36 
0 18 350 55 0 
33 42 69 93 0 
1 59 163 34 0 
0 78 351 126 0 
