0 0 105 
0 0 36 
0 0 59 
0 0 27 
0 0 23 
0 0 52 
0 1 43 
0 0 29 
0 7 72 
0 0 42 
0 0 44 
0 4 44 
0 5 24 
0 3 56 
0 0 58 
0 32 43 
0 4 16 
0 3 1 
0 4 31 
0 0 52 
0 0 55 
0 0 2 
0 0 72 
0 0 24 
0 0 8 
0 0 7 
0 0 10 
0 0 3 
0 2 128 
0 0 10 
0 0 23 
0 4 7 
0 0 45 
0 0 124 
0 0 88 
0 0 16 
0 3 61 
0 0 93 
0 0 12 
0 0 120 
0 0 55 
0 0 13 
0 0 47 
0 0 4 
0 0 35 
0 0 10 
0 0 16 
0 0 72 
0 0 67 
0 0 99 
0 1 9 
0 0 53 
0 0 56 
0 2 34 
0 0 29 
0 0 44 
0 18 20 
0 0 18 
0 0 15 
0 0 48 
0 0 6 
0 0 18 
0 0 3 
0 2 15 
0 0 31 
0 0 69 
0 0 41 
0 1 12 
0 0 35 
0 2 43 
0 0 13 
0 0 149 
0 0 18 
0 0 23 
0 3 13 
0 0 23 
0 0 68 
0 0 124 
0 0 27 
0 0 57 
0 0 11 
0 0 25 
0 0 6 
0 13 91 
0 5 28 
0 0 32 
0 0 58 
0 0 12 
0 2 40 
0 0 108 
0 0 82 
0 0 103 
0 0 7 
0 0 102 
0 0 45 
0 0 6 
0 0 18 
0 4 29 
0 2 58 
0 3 84 
0 5 51 
0 3 23 
0 0 77 
0 0 29 
0 0 58 
0 0 12 
0 6 46 
0 3 11 
0 0 45 
0 13 31 
0 0 52 
0 1 44 
0 0 62 
0 0 15 
0 0 137 
0 0 63 
0 0 17 
0 0 117 
0 0 49 
0 0 31 
0 7 3 
0 0 75 
0 0 57 
0 0 43 
0 3 11 
0 0 29 
0 5 49 
0 0 42 
0 0 24 
0 0 1 
0 0 32 
0 0 20 
0 0 28 
0 0 28 
0 0 62 
0 0 5 
0 0 47 
0 0 60 
0 0 0 
0 0 30 
0 0 32 
0 0 36 
0 0 3 
0 0 33 
0 0 70 
0 0 15 
0 0 39 
0 0 32 
0 0 28 
0 0 63 
0 0 21 
0 0 26 
0 0 20 
0 0 30 
0 0 4 
0 0 51 
0 0 41 
0 0 32 
0 0 36 
0 0 12 
0 0 35 
0 0 47 
0 0 30 
0 0 84 
0 11 43 
0 0 9 
0 0 36 
0 0 36 
0 0 11 
0 0 18 
0 0 167 
0 0 0 
0 0 4 
0 0 5 
0 0 104 
0 0 21 
0 0 56 
0 0 80 
0 1 70 
0 6 17 
0 0 15 
0 0 58 
0 15 24 
0 0 94 
0 0 4 
0 4 38 
0 0 75 
0 0 42 
0 0 25 
0 2 119 
0 0 25 
0 0 53 
0 0 89 
0 0 27 
0 0 24 
0 0 83 
0 0 43 
0 5 16 
0 20 75 
0 0 21 
0 0 39 
0 0 84 
0 2 29 
0 0 34 
0 0 30 
0 0 21 
0 0 26 
0 0 3 
0 0 29 
0 2 6 
0 0 39 
0 0 26 
0 0 60 
0 0 13 
0 0 24 
0 6 66 
0 0 11 
0 0 70 
0 0 8 
0 0 33 
0 0 39 
0 0 41 
0 0 100 
0 0 21 
0 1 35 
0 0 283 
0 0 64 
0 0 69 
0 0 31 
0 0 43 
0 0 40 
0 0 15 
0 0 96 
0 0 20 
0 0 164 
0 0 33 
0 6 41 
0 0 29 
0 0 22 
0 0 145 
0 0 0 
0 0 10 
0 0 6 
0 0 40 
0 0 60 
0 0 19 
0 0 18 
0 5 44 
0 0 65 
0 5 5 
0 0 83 
0 0 4 
0 0 28 
0 0 24 
0 0 2 
0 0 11 
0 0 21 
0 0 49 
0 0 18 
0 0 54 
0 0 117 
0 0 49 
0 0 74 
0 0 64 
0 0 25 
0 0 32 
0 0 113 
0 0 162 
0 0 27 
0 2 47 
0 0 5 
0 1 41 
0 0 4 
0 0 10 
0 0 17 
0 0 28 
0 0 39 
0 3 47 
0 0 3 
0 0 59 
0 0 75 
0 0 4 
0 0 71 
0 0 36 
0 0 6 
0 0 2 
0 0 89 
0 0 24 
0 0 26 
0 6 114 
0 0 46 
0 0 39 
0 0 71 
0 8 88 
0 0 82 
0 0 36 
0 0 22 
0 0 20 
0 0 28 
0 0 123 
0 0 25 
0 0 19 
0 0 17 
0 17 8 
0 0 22 
0 0 23 
0 0 37 
0 0 79 
0 0 183 
0 0 62 
0 6 66 
0 0 20 
0 1 29 
0 0 8 
0 0 70 
0 0 135 
0 0 31 
0 0 73 
0 0 36 
0 0 30 
0 0 81 
0 0 5 
0 0 22 
0 0 23 
0 5 32 
0 0 21 
0 0 13 
0 0 47 
0 0 45 
0 11 92 
0 0 28 
0 1 15 
0 5 13 
0 0 63 
0 0 55 
0 0 13 
0 0 17 
0 0 34 
0 0 21 
0 0 15 
0 0 14 
0 0 51 
0 13 24 
0 0 71 
0 0 101 
0 0 8 
0 0 31 
0 0 38 
0 0 29 
0 0 10 
0 0 41 
0 0 132 
0 6 13 
0 0 20 
0 0 15 
0 0 11 
0 0 91 
0 0 24 
0 0 63 
0 0 20 
0 0 74 
0 1 60 
0 0 25 
0 0 47 
0 19 72 
0 0 3 
0 0 12 
0 0 0 
0 4 62 
0 12 13 
0 2 14 
0 0 34 
0 1 13 
0 0 12 
0 3 34 
0 0 86 
0 6 39 
0 0 98 
0 2 4 
0 0 96 
0 0 53 
0 0 11 
0 0 50 
0 0 25 
0 0 2 
0 0 152 
0 0 16 
0 3 64 
0 0 64 
0 0 60 
0 0 13 
0 0 6 
0 0 2 
0 0 26 
0 0 28 
0 0 19 
0 0 9 
0 0 57 
0 2 86 
0 0 37 
0 0 124 
0 0 103 
0 0 19 
0 0 102 
0 0 100 
0 0 46 
0 0 37 
0 0 98 
0 0 5 
0 0 125 
0 0 11 
0 0 76 
0 0 108 
0 0 40 
0 22 13 
0 0 5 
0 2 57 
0 8 109 
0 0 22 
0 0 26 
0 0 52 
0 0 58 
0 1 91 
0 0 8 
0 0 72 
0 12 44 
0 12 27 
0 0 13 
0 4 26 
0 0 80 
0 0 14 
0 0 6 
0 0 7 
0 0 16 
0 0 66 
0 0 89 
0 0 53 
0 0 19 
0 1 105 
0 0 74 
0 0 17 
0 0 59 
0 0 52 
0 4 92 
0 0 52 
0 0 43 
0 0 37 
0 0 25 
0 0 44 
0 0 61 
0 0 9 
0 5 8 
0 0 126 
0 0 10 
0 0 12 
0 0 17 
0 31 15 
0 0 8 
0 2 18 
0 0 61 
0 0 45 
0 0 25 
0 0 21 
0 0 15 
0 0 11 
0 1 65 
0 0 8 
0 7 33 
0 0 29 
0 0 16 
0 0 59 
0 0 54 
0 0 42 
0 0 22 
0 5 61 
0 0 59 
0 0 25 
0 0 12 
0 0 65 
0 0 64 
0 0 25 
0 0 51 
0 0 18 
0 0 15 
0 0 17 
0 0 84 
0 0 6 
0 0 8 
0 0 13 
0 25 23 
0 0 22 
0 0 96 
0 0 24 
0 0 11 
0 0 0 
0 1 7 
0 0 58 
0 1 65 
0 4 20 
0 0 45 
0 0 50 
0 0 29 
0 0 5 
0 0 37 
0 0 22 
0 0 20 
0 0 33 
0 0 22 
0 0 11 
0 0 13 
0 0 28 
0 14 14 
0 0 31 
0 0 6 
0 0 2 
0 0 14 
0 0 15 
0 0 16 
0 0 32 
0 0 18 
0 1 2 
0 0 51 
0 4 36 
0 0 25 
0 0 14 
0 3 8 
0 4 13 
0 0 59 
0 0 55 
0 0 51 
0 0 8 
0 0 59 
0 12 125 
0 0 51 
0 3 15 
0 0 41 
0 0 57 
0 0 5 
0 0 3 
0 0 41 
0 0 8 
0 0 75 
0 1 5 
0 0 1 
0 0 28 
0 0 7 
0 0 8 
0 0 1 
0 0 38 
0 0 41 
0 0 29 
0 0 40 
0 0 6 
0 0 5 
0 0 37 
0 0 107 
0 0 23 
0 0 50 
0 0 127 
0 0 58 
0 0 41 
0 0 64 
0 0 57 
0 0 34 
0 0 71 
0 3 42 
0 0 18 
0 8 70 
0 1 34 
0 0 79 
0 4 29 
0 0 6 
0 0 0 
0 0 9 
0 1 40 
0 0 90 
0 0 153 
0 0 14 
0 0 23 
0 0 28 
0 5 196 
0 0 46 
0 11 16 
0 1 152 
0 0 52 
0 0 68 
0 0 57 
0 1 75 
0 0 20 
0 0 11 
0 3 9 
0 0 45 
0 0 25 
0 0 19 
0 0 9 
0 1 61 
0 3 7 
0 0 30 
0 0 0 
0 0 8 
0 0 3 
0 0 14 
0 0 42 
0 0 215 
0 0 45 
0 0 37 
0 0 75 
0 0 22 
0 0 32 
0 9 60 
0 0 37 
0 1 34 
0 0 20 
0 0 13 
0 0 45 
0 0 75 
0 0 53 
0 0 19 
0 7 77 
0 0 131 
0 1 47 
0 1 7 
0 0 31 
0 0 12 
0 0 32 
0 0 53 
0 0 22 
0 0 26 
0 0 11 
0 0 8 
0 0 35 
0 0 34 
0 1 43 
0 0 104 
0 0 0 
0 0 37 
0 0 148 
0 0 46 
0 1 20 
0 0 11 
0 0 13 
0 0 21 
0 0 43 
0 0 39 
0 0 63 
0 0 30 
0 19 43 
0 0 39 
0 0 34 
0 2 4 
0 0 22 
0 0 66 
0 0 50 
0 0 52 
0 0 11 
0 0 3 
0 10 26 
0 0 11 
0 0 92 
0 0 16 
0 0 36 
0 1 33 
0 0 59 
0 0 43 
0 0 49 
0 0 100 
0 0 39 
0 0 45 
0 6 43 
0 0 35 
0 0 38 
0 4 15 
0 1 10 
0 3 29 
0 0 52 
0 0 70 
0 0 39 
0 0 91 
0 0 3 
0 0 108 
0 0 81 
0 0 18 
0 3 46 
0 0 7 
0 0 22 
0 5 15 
0 0 85 
0 0 15 
0 0 19 
0 0 41 
0 0 6 
0 0 13 
0 0 91 
0 0 29 
0 3 12 
0 8 76 
0 0 94 
0 1 62 
0 0 22 
0 0 27 
0 0 115 
0 0 71 
0 7 253 
0 0 113 
0 0 16 
0 0 50 
0 0 104 
0 4 13 
0 3 48 
0 0 63 
0 0 39 
0 0 58 
0 0 14 
0 0 47 
0 1 27 
0 0 14 
0 0 28 
0 1 118 
0 0 23 
0 1 57 
0 4 34 
0 0 11 
0 0 9 
0 2 0 
0 0 50 
0 0 13 
0 0 28 
0 0 60 
0 0 24 
0 0 30 
0 0 11 
0 1 7 
0 0 10 
0 2 49 
0 0 79 
0 0 52 
0 0 166 
0 1 13 
0 1 36 
0 0 1 
0 0 20 
0 0 20 
0 0 28 
0 0 11 
0 0 119 
0 0 39 
0 0 51 
0 0 16 
0 0 26 
0 0 20 
0 0 23 
0 3 27 
0 11 66 
0 0 78 
0 0 9 
0 0 19 
0 0 3 
0 0 64 
0 0 122 
0 0 3 
0 6 30 
0 11 30 
0 0 36 
0 0 21 
0 0 15 
0 2 9 
0 0 41 
0 0 1 
0 0 38 
0 0 11 
0 0 54 
0 0 51 
0 0 104 
0 0 28 
0 0 25 
0 0 31 
0 0 49 
0 0 38 
0 0 50 
0 2 88 
0 0 6 
0 1 27 
0 0 21 
0 1 127 
0 0 4 
0 0 22 
0 0 77 
0 0 27 
0 0 48 
0 0 35 
0 0 77 
0 0 18 
0 10 38 
0 0 98 
0 0 20 
0 1 61 
0 10 71 
0 0 26 
0 0 1 
0 0 13 
0 0 34 
0 0 24 
0 0 38 
0 0 23 
0 0 46 
0 2 12 
0 0 29 
0 0 16 
0 0 71 
0 9 30 
0 0 27 
0 0 6 
0 0 24 
0 0 68 
0 0 105 
0 0 17 
0 9 49 
0 0 3 
0 0 24 
0 0 24 
0 0 23 
0 0 19 
0 0 5 
0 0 23 
0 0 11 
0 0 241 
0 2 71 
0 21 29 
0 8 53 
0 0 17 
0 0 65 
0 2 18 
0 20 68 
0 0 43 
0 0 17 
0 0 137 
0 0 6 
0 0 40 
0 0 56 
0 2 43 
0 0 120 
0 0 0 
0 0 11 
0 0 12 
0 0 29 
0 0 23 
0 0 29 
0 0 6 
0 0 72 
0 0 19 
0 8 24 
0 0 11 
0 0 33 
0 0 42 
0 0 37 
0 0 39 
0 3 51 
0 0 25 
0 0 4 
0 2 13 
0 0 57 
0 0 25 
0 0 4 
0 0 60 
0 6 15 
0 10 35 
0 0 9 
0 7 42 
0 0 35 
0 0 55 
0 0 37 
0 0 46 
0 0 30 
0 0 23 
0 0 22 
0 0 85 
0 0 79 
0 0 61 
0 0 37 
0 0 38 
0 0 77 
0 0 16 
0 0 55 
0 0 31 
0 1 101 
0 0 79 
0 0 20 
0 0 115 
0 0 11 
0 0 57 
0 0 4 
0 0 7 
0 0 16 
0 0 55 
0 0 84 
0 0 22 
0 0 56 
0 0 40 
0 0 14 
0 0 68 
0 0 161 
0 0 97 
0 0 53 
0 0 13 
0 0 36 
0 0 10 
0 0 28 
0 0 20 
0 6 10 
0 0 28 
0 0 89 
0 0 62 
0 0 31 
0 0 88 
0 0 24 
0 0 6 
0 1 27 
0 0 19 
0 2 32 
0 0 9 
0 0 27 
0 0 21 
0 0 27 
0 0 55 
0 4 17 
0 0 33 
0 0 78 
0 0 33 
0 1 42 
0 0 49 
0 0 12 
0 0 40 
0 1 115 
0 0 11 
0 0 35 
0 0 28 
0 0 27 
0 0 13 
0 0 30 
0 0 66 
0 0 29 
0 0 42 
0 0 40 
0 1 9 
0 3 51 
0 2 15 
0 0 99 
0 0 28 
0 1 81 
0 0 32 
0 7 22 
0 0 19 
0 7 26 
0 0 22 
0 0 22 
0 0 7 
0 0 22 
0 0 63 
0 0 25 
0 0 17 
0 3 4 
0 0 21 
0 0 12 
0 1 4 
0 5 14 
0 0 52 
0 0 54 
0 0 111 
0 0 61 
0 0 45 
0 1 11 
0 9 54 
0 0 46 
0 0 50 
0 6 90 
0 0 11 
0 1 24 
0 5 43 
0 0 83 
0 0 52 
0 0 0 
0 0 16 
0 0 47 
0 0 58 
0 0 21 
0 0 62 
0 2 59 
0 0 49 
0 0 9 
0 0 36 
0 0 9 
0 4 41 
0 0 56 
0 3 33 
0 0 91 
0 0 11 
0 0 69 
0 0 67 
0 0 30 
0 0 23 
