104 166 43 9 0 
124 204 47 0 0 
225 268 26 0 0 
169 259 16 0 0 
211 215 73 0 0 
116 290 45 0 0 
70 161 29 13 0 
138 218 55 0 0 
106 178 117 0 0 
109 169 66 0 0 
140 180 41 0 0 
194 178 93 0 0 
73 283 47 0 0 
167 153 55 4 0 
98 278 25 0 0 
78 325 63 0 0 
196 139 44 0 0 
89 275 36 0 0 
153 174 55 3 0 
180 297 96 0 0 
122 284 62 0 0 
159 130 129 0 0 
138 284 15 0 0 
126 152 90 0 0 
219 299 20 8 0 
261 157 104 0 0 
49 171 96 0 0 
113 273 66 0 0 
37 246 134 0 0 
112 81 31 0 0 
120 237 36 0 0 
97 279 70 0 0 
78 306 28 0 0 
102 249 53 0 0 
114 350 30 0 0 
57 291 21 30 0 
89 133 36 0 0 
134 233 95 0 0 
98 231 31 4 0 
34 284 59 14 0 
121 264 27 1 0 
140 248 87 0 0 
186 168 82 0 0 
155 200 88 0 0 
35 245 20 0 0 
46 250 53 0 0 
80 251 4 0 0 
203 291 48 0 0 
170 320 24 0 0 
156 216 72 0 0 
157 180 12 1 0 
152 226 4 0 0 
58 188 40 0 0 
50 334 79 36 0 
103 211 15 0 0 
31 254 26 12 0 
82 189 10 57 0 
110 213 19 0 0 
225 232 51 0 0 
171 276 15 20 0 
127 200 37 0 0 
90 306 22 27 0 
111 170 91 20 0 
22 226 17 0 0 
187 128 67 1 0 
111 307 59 0 0 
121 232 55 0 0 
142 234 71 1 0 
154 205 29 0 0 
154 134 62 0 0 
90 270 49 0 0 
78 219 47 0 0 
76 276 59 0 0 
158 171 34 0 0 
236 125 32 0 0 
116 199 77 2 0 
164 173 42 7 0 
39 245 86 0 0 
93 177 31 0 0 
140 278 70 0 0 
161 295 26 0 0 
167 220 165 0 0 
149 286 87 0 0 
146 272 54 0 0 
117 376 1 0 0 
175 181 135 0 0 
96 348 62 8 0 
40 322 26 0 0 
137 234 24 7 0 
72 267 28 0 0 
163 193 37 0 0 
54 342 79 0 0 
86 251 63 0 0 
125 205 39 0 0 
149 252 33 0 0 
138 153 49 0 0 
190 302 27 0 0 
164 81 125 0 0 
121 216 76 0 0 
76 207 43 2 0 
103 124 65 0 0 
58 305 66 5 0 
134 168 61 3 0 
46 208 15 0 0 
57 288 44 0 0 
121 174 73 13 0 
96 352 23 8 0 
107 156 89 2 0 
83 359 56 0 0 
164 173 60 0 0 
147 279 20 0 0 
73 323 53 0 0 
215 301 17 25 0 
97 181 104 0 0 
100 369 72 0 0 
175 228 11 12 0 
245 132 77 17 0 
165 219 90 0 0 
38 154 190 0 0 
108 291 66 0 0 
124 176 48 0 0 
87 213 90 0 0 
98 266 53 7 0 
111 309 27 6 0 
119 226 59 0 0 
97 226 68 0 0 
174 272 63 0 0 
110 191 58 0 0 
135 220 137 35 0 
136 241 72 0 0 
118 220 123 0 0 
115 205 75 0 0 
184 317 25 0 0 
144 163 93 0 0 
97 274 65 0 0 
92 199 89 0 0 
113 343 21 0 0 
185 257 69 0 0 
130 266 91 0 0 
42 298 69 52 0 
128 280 60 0 0 
272 260 49 0 0 
107 259 109 0 0 
59 275 23 0 0 
162 216 35 0 0 
124 173 12 0 0 
86 214 84 0 0 
139 188 98 0 0 
86 274 33 0 0 
61 133 13 0 0 
80 133 0 0 0 
163 226 55 0 0 
155 192 12 7 0 
167 220 60 0 0 
84 223 80 0 0 
101 265 48 0 0 
61 210 52 30 3 
115 237 59 0 0 
174 208 94 0 0 
156 100 59 0 0 
141 198 20 0 0 
182 219 12 0 0 
31 278 94 0 0 
148 252 55 0 0 
110 334 42 4 0 
78 295 36 0 0 
77 259 73 6 0 
33 306 33 0 0 
117 149 101 0 0 
132 221 14 0 0 
165 250 22 0 0 
96 238 71 0 0 
105 238 97 0 0 
118 269 18 0 0 
43 330 23 0 0 
70 246 35 14 0 
50 284 28 30 0 
118 187 72 0 0 
155 253 20 0 0 
172 261 72 1 0 
72 229 7 6 0 
98 194 98 0 0 
92 237 86 0 0 
36 225 85 0 0 
77 228 39 0 0 
184 146 2 0 0 
143 223 81 0 0 
81 287 37 0 0 
102 248 55 0 0 
10 276 12 0 0 
94 256 67 0 0 
167 262 77 1 0 
32 282 62 0 0 
134 223 1 0 0 
127 115 77 0 0 
108 152 35 0 0 
113 166 24 0 0 
111 194 102 5 0 
70 238 83 0 0 
57 264 8 0 0 
92 257 24 0 0 
139 428 31 0 0 
83 186 66 0 0 
91 208 86 0 0 
163 209 106 6 0 
78 207 34 0 0 
85 265 21 0 0 
134 161 97 0 0 
171 264 42 0 0 
159 148 49 0 0 
164 264 18 25 0 
83 290 83 1 0 
152 167 15 5 0 
37 195 121 0 0 
66 152 84 0 19 
64 112 45 0 0 
159 167 74 0 0 
79 204 53 1 0 
63 233 91 0 0 
117 186 193 0 0 
106 166 88 0 0 
83 246 77 0 0 
86 264 86 0 0 
64 259 56 0 0 
176 182 56 0 0 
37 320 72 0 0 
83 251 58 0 0 
149 237 7 0 0 
60 223 73 0 0 
107 182 98 0 0 
124 237 22 0 0 
125 243 62 0 0 
39 299 64 19 0 
108 170 122 80 0 
39 267 47 0 0 
136 225 52 1 0 
148 230 75 0 0 
118 253 55 1 0 
185 193 28 0 0 
123 163 57 11 0 
92 355 14 9 0 
105 180 47 0 0 
57 371 39 0 0 
154 177 100 0 0 
185 165 14 6 0 
41 422 24 0 0 
102 228 95 0 0 
118 173 22 0 0 
105 231 76 2 0 
208 256 67 0 0 
115 217 24 0 0 
168 197 102 0 0 
115 243 19 0 0 
182 137 42 0 0 
155 152 95 0 0 
212 219 102 0 0 
167 198 26 0 0 
161 126 48 0 0 
106 283 30 0 0 
190 340 71 0 0 
65 130 10 8 0 
189 146 44 0 0 
51 255 92 4 0 
133 216 44 1 0 
170 211 63 0 0 
108 138 122 2 0 
146 173 66 0 0 
133 255 60 0 0 
123 167 13 0 0 
81 242 43 3 0 
30 378 27 18 0 
69 338 103 0 0 
95 306 83 0 0 
71 225 73 0 0 
130 253 26 0 0 
61 212 75 0 0 
42 204 56 4 0 
106 147 77 0 0 
82 218 57 0 0 
139 209 27 1 0 
82 118 58 0 0 
30 292 26 0 0 
92 252 109 0 0 
104 236 121 0 0 
56 157 51 0 0 
222 177 26 0 0 
73 240 21 0 0 
113 184 105 0 0 
155 224 46 0 0 
27 364 50 0 0 
29 212 53 0 0 
74 279 52 0 0 
214 86 21 0 0 
171 173 40 33 0 
54 171 44 0 0 
251 255 65 0 0 
105 213 41 0 0 
192 234 41 0 0 
80 327 125 0 0 
98 258 63 25 0 
61 282 30 0 0 
119 320 59 0 0 
95 251 32 0 0 
125 162 71 2 0 
129 258 76 0 0 
150 356 44 0 0 
32 216 99 0 0 
161 269 41 0 0 
137 197 106 0 0 
117 222 131 14 0 
74 168 44 4 0 
152 178 27 40 0 
85 290 50 0 0 
212 157 97 11 0 
162 260 41 0 0 
90 205 53 0 0 
115 157 95 0 0 
95 233 43 13 0 
297 283 25 33 0 
96 315 16 0 0 
134 192 14 0 0 
130 320 82 0 0 
135 341 17 8 0 
113 222 52 0 0 
118 185 34 0 0 
142 268 34 0 0 
115 216 54 0 0 
129 72 130 0 0 
162 212 98 0 0 
157 257 61 0 0 
95 220 66 0 0 
46 170 76 16 0 
209 194 73 0 0 
163 150 66 0 0 
98 318 123 11 0 
141 204 22 0 0 
94 297 29 0 0 
103 244 113 9 0 
113 170 22 0 0 
128 296 47 0 0 
84 313 119 0 0 
128 217 63 0 0 
38 317 56 0 0 
177 214 5 0 0 
96 310 64 0 0 
216 171 62 0 0 
21 148 76 0 0 
148 263 23 0 0 
176 211 52 0 0 
173 233 56 1 0 
165 255 93 0 0 
205 152 53 0 0 
178 171 42 9 0 
55 310 17 0 0 
201 173 6 16 0 
89 225 59 0 0 
82 277 136 0 0 
244 166 41 0 0 
115 237 22 14 0 
225 138 72 0 0 
66 323 50 0 0 
56 218 101 0 0 
81 210 2 0 0 
59 228 79 0 0 
87 312 42 0 0 
97 305 73 0 0 
141 199 68 7 0 
78 216 73 0 0 
126 347 46 0 0 
109 166 13 0 0 
67 329 66 4 0 
172 292 14 0 0 
148 258 69 2 0 
170 207 93 13 0 
114 233 40 2 0 
94 294 39 0 0 
167 161 68 0 0 
69 244 35 0 0 
30 396 35 0 0 
72 192 15 1 0 
166 246 50 0 0 
228 153 10 0 0 
201 181 71 0 0 
229 253 17 0 0 
154 127 87 0 0 
146 160 80 1 0 
127 234 42 0 0 
69 239 28 0 0 
92 349 21 0 0 
50 261 80 0 0 
124 275 26 0 0 
72 281 61 0 0 
65 253 116 0 0 
133 145 15 0 0 
224 179 38 0 0 
51 291 70 0 0 
85 264 38 1 0 
183 355 30 0 0 
75 186 89 0 0 
80 268 40 0 0 
57 249 118 0 0 
123 127 96 0 0 
119 263 43 12 0 
88 342 48 0 0 
73 229 22 5 0 
145 219 26 0 0 
159 195 130 0 0 
101 351 62 0 0 
76 308 86 0 0 
87 189 53 23 0 
102 226 27 0 0 
85 174 48 0 0 
211 297 15 0 0 
57 213 39 0 0 
86 219 126 0 0 
93 191 24 0 0 
94 303 49 19 0 
134 224 30 0 0 
52 253 68 0 0 
125 323 86 0 0 
192 263 48 8 0 
227 246 59 0 0 
123 262 46 0 0 
179 232 33 0 0 
98 287 4 3 0 
49 210 22 30 0 
47 387 6 0 0 
136 292 50 0 0 
193 260 48 1 0 
164 177 44 2 0 
160 278 61 0 0 
255 146 60 0 0 
138 449 50 1 0 
131 294 52 0 0 
78 185 150 2 0 
159 246 21 0 0 
122 198 84 0 0 
71 312 21 0 0 
73 205 43 0 0 
97 298 122 12 0 
156 358 89 0 0 
99 229 14 0 0 
240 285 64 0 0 
71 286 26 0 0 
74 245 126 0 0 
192 275 6 0 0 
67 323 80 0 0 
74 375 51 0 0 
201 253 29 0 0 
89 277 72 0 0 
97 129 105 1 0 
154 317 2 0 0 
200 197 34 1 0 
168 247 24 0 0 
59 200 109 0 0 
318 136 64 0 0 
134 304 56 0 0 
215 200 3 0 0 
63 133 92 12 0 
142 261 6 0 0 
117 243 34 0 0 
144 297 35 0 0 
174 229 71 4 0 
110 231 11 0 0 
112 234 75 0 0 
121 234 84 0 0 
172 154 40 0 0 
115 213 59 1 0 
133 176 62 0 0 
59 311 49 0 0 
40 275 109 0 0 
143 218 37 0 0 
140 189 48 0 0 
84 215 126 0 0 
178 128 52 0 0 
170 160 11 0 0 
166 219 30 0 0 
124 198 69 1 0 
76 199 94 0 0 
120 216 37 0 0 
152 309 68 18 0 
65 413 11 0 0 
123 207 75 1 0 
58 423 43 0 0 
143 221 65 0 0 
25 363 120 1 0 
66 313 83 1 0 
30 384 10 0 0 
109 275 132 18 0 
49 172 67 0 0 
191 275 24 0 0 
181 226 54 0 0 
111 262 77 0 0 
99 228 61 0 0 
111 307 48 0 0 
154 152 32 0 0 
146 373 25 0 0 
76 350 16 13 0 
41 187 73 75 0 
113 167 37 0 0 
126 181 98 0 0 
142 330 69 0 0 
253 186 15 0 0 
31 236 49 0 0 
84 250 27 0 0 
34 302 128 17 0 
48 281 140 0 0 
119 224 24 0 0 
122 253 84 2 0 
195 219 32 0 0 
84 227 84 0 0 
90 300 14 0 0 
164 265 11 0 0 
40 119 21 29 0 
137 192 27 0 0 
122 152 42 0 0 
87 314 42 23 0 
114 158 72 0 0 
18 232 125 0 0 
49 200 56 6 0 
121 207 79 0 0 
64 271 32 0 0 
148 238 10 0 0 
60 196 100 1 0 
131 174 82 14 0 
153 226 101 0 0 
155 281 3 12 0 
170 314 7 0 0 
160 292 26 0 0 
158 132 24 0 0 
179 226 44 0 0 
172 206 92 0 0 
130 133 21 11 0 
110 250 147 0 0 
59 431 41 2 0 
103 176 134 0 0 
65 218 12 0 0 
64 162 10 0 0 
85 229 56 0 0 
88 231 71 1 0 
70 149 87 2 0 
42 169 17 0 0 
196 128 33 0 0 
87 284 10 0 0 
235 146 13 5 0 
105 220 62 0 0 
140 195 37 0 0 
131 180 145 0 0 
35 228 104 0 0 
125 399 15 0 0 
162 244 1 0 0 
85 374 56 0 0 
177 201 18 0 0 
284 188 61 0 0 
117 291 23 0 0 
57 250 11 0 0 
177 213 35 0 0 
53 242 42 0 0 
180 111 48 18 0 
143 141 56 0 0 
69 298 32 0 0 
82 387 20 52 0 
155 265 35 0 0 
157 254 103 0 0 
188 240 46 0 0 
141 329 6 0 0 
24 214 144 5 0 
188 247 57 0 0 
93 314 45 0 0 
99 208 71 4 0 
176 168 64 0 0 
77 227 86 4 0 
119 251 109 0 0 
123 160 42 0 0 
151 183 70 0 0 
65 260 97 0 0 
98 196 51 0 0 
86 255 127 8 0 
116 206 28 0 0 
134 274 40 0 0 
156 274 19 14 0 
128 196 26 0 0 
197 221 80 32 0 
162 302 10 0 0 
235 185 51 0 0 
53 207 45 0 0 
166 180 49 0 0 
129 199 23 0 0 
92 202 129 1 0 
236 293 56 0 0 
152 253 25 0 0 
169 89 154 4 0 
157 300 21 0 0 
15 317 56 26 0 
151 255 44 0 0 
119 209 11 0 0 
160 320 5 0 0 
51 224 58 0 0 
76 197 27 9 0 
68 286 14 32 0 
199 154 13 0 0 
68 334 19 0 0 
161 273 48 0 0 
198 208 45 0 0 
27 336 96 0 0 
110 247 35 0 0 
170 273 22 0 0 
150 204 2 0 0 
200 243 129 1 0 
105 221 41 0 0 
105 204 78 0 0 
102 217 84 1 0 
104 184 39 18 0 
148 275 184 0 0 
163 349 79 0 0 
70 235 32 21 0 
123 138 54 1 0 
81 203 101 0 0 
101 353 33 0 0 
31 343 106 8 0 
79 104 96 0 0 
113 170 67 0 0 
93 246 27 0 0 
94 301 51 13 0 
75 249 69 0 0 
94 251 47 0 0 
97 215 34 11 0 
142 239 7 2 0 
94 229 32 0 0 
79 249 84 0 0 
126 177 211 5 0 
110 163 34 1 0 
80 249 17 7 0 
101 250 46 0 0 
93 259 19 0 0 
73 149 124 0 0 
178 276 27 0 0 
57 247 50 0 0 
199 160 33 22 0 
116 168 68 0 0 
156 239 97 0 0 
120 214 0 0 0 
88 150 141 0 0 
137 175 28 12 0 
112 345 76 0 0 
72 380 53 0 0 
157 235 29 0 0 
138 165 99 0 0 
117 264 84 0 0 
117 172 30 0 0 
95 90 93 0 0 
94 236 53 0 0 
109 187 76 0 0 
80 148 92 0 0 
95 221 67 0 5 
124 309 1 0 0 
154 374 62 0 0 
127 188 94 0 0 
120 126 99 0 0 
156 294 80 20 0 
126 241 23 10 0 
140 191 42 0 0 
64 280 67 0 0 
137 236 55 0 0 
92 263 5 1 0 
98 318 102 0 0 
124 278 33 0 0 
56 152 71 0 0 
81 186 42 0 0 
165 352 41 0 0 
252 165 33 0 0 
61 257 16 12 0 
116 230 31 0 0 
200 165 102 4 0 
231 193 50 0 0 
159 184 52 0 0 
129 122 58 28 0 
139 209 125 39 0 
131 190 76 0 0 
128 249 88 0 0 
111 154 63 0 0 
152 305 67 0 0 
47 282 138 0 0 
79 248 60 14 0 
168 116 125 0 0 
151 234 54 0 0 
87 141 75 21 0 
137 171 63 0 0 
51 200 84 0 0 
45 283 146 23 0 
61 276 51 0 0 
124 145 108 0 0 
138 160 45 0 0 
98 278 78 19 0 
238 187 133 0 0 
75 236 73 0 0 
235 103 129 0 0 
62 297 39 1 0 
178 250 72 0 0 
116 231 63 1 0 
154 278 72 0 0 
104 158 85 0 0 
88 175 25 0 0 
198 125 37 0 0 
169 130 120 0 0 
167 192 39 6 0 
143 319 21 0 0 
80 199 51 0 0 
230 114 23 0 0 
55 243 59 0 0 
94 282 23 1 0 
107 227 31 0 0 
169 251 27 0 0 
60 255 124 51 0 
118 199 82 0 0 
72 189 93 0 0 
60 272 53 0 0 
49 232 6 0 0 
139 173 96 0 0 
55 401 33 0 0 
167 185 80 0 0 
60 298 53 0 0 
125 146 86 0 0 
59 162 153 0 0 
142 265 6 0 0 
182 222 13 10 0 
71 213 39 0 0 
66 218 34 0 0 
68 218 35 0 0 
55 235 60 0 0 
67 249 87 10 0 
149 242 35 0 0 
80 125 52 0 0 
100 157 25 0 0 
148 153 21 0 0 
151 301 25 0 0 
18 207 37 0 0 
36 150 135 0 0 
80 162 86 0 0 
171 245 33 0 0 
78 196 72 0 0 
246 207 2 0 0 
62 317 126 0 0 
124 207 142 0 0 
27 198 67 42 0 
154 100 31 0 0 
51 297 53 0 0 
115 107 59 0 0 
179 302 80 27 0 
123 198 75 6 0 
57 275 73 1 0 
116 183 27 0 0 
65 170 49 1 0 
62 173 47 0 0 
144 183 89 0 0 
51 244 102 0 0 
98 306 14 0 0 
120 245 53 0 0 
154 160 27 0 0 
134 279 42 0 0 
129 127 20 1 0 
190 160 78 3 0 
35 273 107 5 0 
99 292 85 0 0 
142 220 24 0 0 
42 220 100 0 0 
73 210 96 0 0 
17 203 51 0 0 
152 244 22 0 0 
177 288 26 5 0 
188 203 9 0 0 
147 205 6 0 0 
179 212 70 0 0 
95 318 33 0 0 
61 230 66 0 0 
189 191 38 0 0 
126 230 40 0 0 
140 132 74 18 0 
193 189 102 0 0 
196 291 50 0 0 
94 262 79 0 0 
134 189 86 0 0 
155 205 34 18 0 
79 309 122 0 0 
53 249 30 0 0 
110 280 87 0 0 
196 179 35 17 0 
68 308 69 0 0 
27 188 46 1 0 
79 195 26 0 0 
106 277 88 3 0 
88 376 13 0 0 
49 185 34 0 0 
134 128 77 2 0 
222 150 32 0 0 
91 208 72 17 0 
191 131 30 0 0 
140 264 65 1 0 
93 260 42 0 0 
182 208 15 0 0 
12 142 2 0 0 
45 254 1 0 0 
110 223 49 0 0 
86 282 90 20 0 
127 135 86 7 0 
108 193 59 0 0 
151 194 48 0 0 
90 230 29 0 0 
43 164 60 0 0 
115 327 47 0 0 
182 178 16 0 0 
146 203 41 0 0 
100 162 170 1 0 
313 124 26 0 0 
67 240 89 0 0 
229 140 62 0 0 
32 303 158 0 0 
166 203 44 1 0 
193 196 59 0 0 
182 210 11 0 0 
163 165 20 0 0 
90 182 51 15 0 
138 283 13 8 0 
140 212 41 49 0 
227 103 53 0 0 
112 203 28 0 0 
123 233 77 0 0 
160 218 55 0 0 
90 213 62 11 0 
147 255 23 0 0 
140 211 42 0 0 
69 159 12 5 0 
79 249 16 2 0 
48 281 38 0 0 
140 270 26 0 0 
245 159 53 0 0 
114 254 20 0 0 
110 211 46 10 0 
171 259 28 0 0 
171 165 52 0 0 
42 208 76 0 0 
198 125 45 0 0 
149 156 119 0 0 
145 154 96 0 0 
103 210 129 0 0 
161 183 179 0 0 
199 140 32 0 0 
70 194 10 0 0 
78 223 27 0 0 
145 155 15 25 0 
107 224 39 9 0 
62 193 46 0 0 
111 190 135 7 0 
111 209 35 0 0 
130 219 59 0 0 
129 158 14 0 0 
134 257 67 0 0 
23 324 91 0 0 
85 76 10 0 0 
47 232 116 1 0 
142 220 25 0 0 
151 277 51 0 0 
82 232 9 0 0 
31 232 47 0 0 
105 126 96 0 0 
185 180 22 0 0 
105 181 44 0 0 
44 260 80 0 0 
291 247 0 0 0 
96 186 1 0 0 
44 213 160 0 0 
85 210 219 0 0 
290 229 2 0 0 
312 148 53 0 0 
84 92 6 0 0 
70 196 41 8 0 
104 306 51 0 0 
148 303 74 1 0 
256 261 32 0 0 
167 112 96 0 0 
98 328 60 0 0 
193 235 59 0 0 
33 429 68 0 0 
83 254 48 26 0 
37 174 36 0 0 
126 278 29 0 0 
57 206 132 2 0 
99 249 59 0 0 
130 231 15 11 0 
413 156 17 66 0 
80 324 38 0 0 
101 196 78 0 0 
90 269 17 0 0 
206 199 28 0 0 
194 159 56 0 0 
214 220 84 0 0 
153 265 45 0 0 
188 195 87 0 0 
135 260 80 0 0 
80 219 124 3 0 
102 226 24 0 0 
130 146 100 0 0 
97 276 111 0 0 
132 284 34 0 0 
142 153 63 0 0 
176 197 89 2 0 
171 196 124 6 0 
135 140 133 5 0 
147 174 36 0 0 
116 260 79 12 0 
214 198 52 0 0 
177 253 53 0 0 
119 168 50 0 0 
242 220 9 0 0 
168 154 61 0 0 
218 260 19 0 0 
89 169 15 33 0 
226 258 4 0 0 
70 170 13 0 0 
73 146 27 1 0 
108 252 62 0 0 
299 143 28 11 0 
35 409 46 0 0 
82 275 34 0 0 
77 243 67 0 0 
126 216 32 0 0 
211 144 45 0 0 
90 246 109 0 0 
53 158 59 0 0 
127 86 13 0 0 
87 207 117 0 0 
207 173 26 0 0 
104 215 87 0 0 
102 190 39 0 0 
152 179 69 0 0 
67 224 68 0 0 
164 177 47 2 0 
109 216 86 0 0 
125 365 32 0 0 
206 272 90 0 0 
142 265 35 0 0 
159 272 89 0 0 
31 306 39 0 0 
188 200 73 0 0 
103 298 46 0 0 
159 91 43 0 0 
162 250 117 0 0 
93 327 31 0 0 
40 257 12 0 0 
102 197 24 0 0 
251 91 99 0 0 
80 203 130 1 0 
306 171 57 0 0 
162 223 20 0 0 
244 242 14 0 0 
90 196 53 0 0 
90 212 26 0 0 
190 103 106 0 0 
187 195 24 0 0 
186 222 50 0 0 
212 206 13 0 0 
145 325 15 0 0 
62 265 29 0 0 
28 153 43 0 0 
172 241 90 0 0 
160 274 44 0 0 
188 151 52 8 0 
95 328 35 0 0 
168 264 70 7 0 
122 228 41 24 0 
70 328 24 0 0 
86 219 49 0 0 
254 226 28 0 0 
197 77 148 20 0 
118 271 104 0 0 
147 220 66 20 0 
144 239 15 0 0 
61 404 36 0 0 
61 301 58 0 0 
174 199 48 0 0 
206 149 44 14 0 
235 143 117 0 0 
29 299 128 0 0 
118 278 44 0 0 
152 217 101 0 0 
222 166 38 0 0 
197 120 40 0 0 
111 228 48 0 0 
40 212 79 0 0 
127 180 37 0 0 
108 275 35 0 0 
149 300 62 0 0 
140 239 69 5 0 
118 156 75 0 0 
221 187 20 0 0 
62 247 19 0 0 
121 377 52 0 0 
115 206 119 0 0 
120 252 12 0 0 
28 271 76 4 0 
