74 324 4 0 0 
0 417 95 0 0 
53 251 7 0 0 
57 379 6 0 0 
13 492 44 0 0 
7 432 16 0 0 
0 490 25 0 0 
18 478 15 0 0 
54 272 11 0 0 
2 360 56 0 0 
14 423 18 0 0 
79 341 48 0 0 
7 405 102 0 0 
23 478 0 0 0 
35 363 16 0 0 
38 488 51 0 0 
39 407 13 0 0 
28 507 14 0 0 
51 428 6 0 0 
31 484 20 0 0 
3 531 0 0 0 
20 449 23 0 0 
31 441 11 0 0 
114 469 3 0 0 
8 351 37 0 0 
48 340 45 0 0 
17 524 75 0 0 
64 334 52 0 0 
58 519 28 0 0 
27 399 10 0 0 
139 400 23 0 0 
56 357 14 0 0 
1 451 18 0 0 
1 418 47 0 0 
68 389 41 0 0 
13 517 43 0 0 
33 367 66 0 0 
29 395 19 0 0 
0 387 31 0 0 
15 512 33 0 0 
5 380 66 0 0 
28 382 14 0 0 
8 385 6 0 0 
63 398 5 0 0 
1 411 15 0 0 
24 388 4 0 0 
14 450 7 0 0 
67 488 36 0 0 
39 425 10 0 0 
0 325 110 0 0 
37 454 7 0 0 
40 384 71 0 0 
30 385 45 0 0 
84 467 41 0 0 
52 589 0 0 0 
38 515 23 0 0 
88 430 10 0 0 
5 449 39 0 0 
0 244 24 0 0 
34 394 1 0 0 
5 537 4 0 0 
3 479 0 0 0 
33 360 66 0 0 
66 314 27 0 0 
37 524 15 0 0 
25 379 40 0 0 
58 216 27 0 0 
0 373 77 0 0 
3 455 96 0 0 
67 446 7 0 0 
11 301 156 0 0 
24 466 4 0 0 
0 485 0 0 0 
1 419 5 0 0 
16 352 31 0 0 
32 415 51 0 0 
34 416 60 0 0 
48 380 66 0 0 
41 264 95 0 0 
36 444 61 0 0 
18 438 43 0 0 
7 566 18 0 0 
0 428 40 0 0 
23 432 20 0 0 
25 398 6 0 0 
75 324 51 0 0 
34 434 45 0 0 
14 401 21 0 0 
48 349 38 0 0 
22 426 36 0 0 
46 274 34 0 0 
71 488 71 0 0 
5 461 12 0 0 
7 369 15 0 0 
80 458 70 0 0 
53 418 98 0 0 
10 549 49 0 0 
37 560 0 0 0 
13 511 1 0 0 
46 409 10 0 0 
9 467 33 0 0 
4 436 111 0 0 
67 350 8 0 0 
129 417 38 0 0 
51 538 19 0 0 
42 408 0 0 0 
43 406 1 0 0 
55 573 61 0 0 
41 381 0 0 0 
103 497 14 0 0 
50 596 2 0 0 
121 460 0 0 0 
52 505 30 0 0 
34 230 73 0 0 
145 307 23 0 0 
18 441 40 0 0 
11 444 12 0 0 
49 423 0 0 0 
40 332 18 0 0 
39 391 28 0 0 
25 392 10 0 0 
79 314 32 0 0 
66 404 163 0 0 
104 186 50 0 0 
33 379 3 0 0 
12 497 118 0 0 
0 484 58 0 0 
7 390 21 0 0 
16 498 58 0 0 
100 526 4 0 0 
25 321 41 0 0 
7 348 26 0 0 
13 460 8 0 0 
63 399 24 0 0 
2 592 42 0 0 
34 503 56 0 0 
91 371 41 0 0 
95 397 31 0 0 
36 416 100 0 0 
12 554 10 0 0 
55 335 27 0 0 
56 547 5 0 0 
70 346 33 0 0 
48 567 8 0 0 
130 391 2 0 0 
42 492 31 0 0 
1 513 18 0 0 
28 475 19 0 0 
10 503 78 0 0 
19 477 131 0 0 
7 474 77 0 0 
49 358 19 0 0 
16 469 31 0 0 
8 469 25 0 0 
17 361 11 0 0 
39 433 12 0 0 
16 427 106 0 0 
76 229 38 0 0 
9 505 0 0 0 
120 328 24 0 0 
20 384 39 0 0 
73 410 17 0 0 
70 374 30 0 0 
32 459 51 0 0 
34 558 19 0 0 
52 417 15 0 0 
59 304 51 0 0 
35 370 6 0 0 
20 377 111 0 0 
8 500 15 0 0 
16 369 56 0 0 
102 408 3 0 0 
27 439 27 0 0 
2 430 21 0 0 
61 343 5 0 0 
91 264 87 0 0 
14 552 38 0 0 
15 391 60 0 0 
48 491 48 0 0 
107 430 3 0 0 
29 449 39 0 0 
45 415 16 0 0 
55 554 4 0 0 
26 417 55 0 0 
77 430 54 0 0 
30 508 54 0 0 
0 397 18 0 0 
23 457 50 0 0 
53 387 26 0 0 
45 388 51 0 0 
49 534 40 0 0 
44 435 49 0 0 
12 475 54 0 0 
6 517 4 0 0 
113 383 24 0 0 
36 474 87 0 0 
27 345 3 0 0 
58 371 16 0 0 
15 549 3 0 0 
47 559 4 0 0 
59 429 27 0 0 
54 350 3 0 0 
27 388 0 0 0 
46 507 7 0 0 
89 294 81 0 0 
58 347 24 0 0 
0 540 17 0 0 
7 351 25 0 0 
69 426 24 0 0 
30 273 67 0 0 
32 380 17 0 0 
62 382 0 0 0 
23 317 18 0 0 
39 342 65 0 0 
39 361 62 0 0 
8 391 16 0 0 
33 359 23 0 0 
60 431 69 0 0 
2 510 0 0 0 
42 525 1 0 0 
13 500 23 0 0 
16 498 13 0 0 
89 419 1 0 0 
7 457 22 0 0 
29 523 1 0 0 
8 421 144 0 0 
12 389 69 0 0 
18 396 19 0 0 
95 256 43 0 0 
31 460 15 0 0 
33 436 17 0 0 
63 491 53 0 0 
42 563 117 0 0 
35 386 110 0 0 
15 478 64 0 0 
26 460 82 0 0 
4 614 45 0 0 
8 490 140 0 0 
32 551 14 0 0 
7 530 58 0 0 
47 468 0 0 0 
11 407 24 0 0 
103 419 4 0 0 
11 348 1 0 0 
134 494 19 0 0 
28 629 11 0 0 
11 529 21 0 0 
17 432 23 0 0 
52 313 7 0 0 
124 419 32 0 0 
5 468 39 0 0 
33 368 47 0 0 
8 455 10 0 0 
19 581 14 0 0 
7 501 5 0 0 
70 385 58 0 0 
14 487 23 0 0 
63 483 15 0 0 
28 366 0 0 0 
103 348 30 0 0 
8 393 118 0 0 
73 401 5 0 0 
76 407 14 0 0 
65 406 30 0 0 
8 380 52 0 0 
60 265 3 0 0 
84 348 27 0 0 
40 378 54 0 0 
48 428 37 0 0 
34 518 4 0 0 
25 501 33 0 0 
81 274 26 0 0 
33 384 17 0 0 
55 538 0 0 0 
59 457 26 0 0 
9 353 2 0 0 
1 554 8 0 0 
80 419 0 0 0 
13 429 63 0 0 
22 511 12 0 0 
84 375 38 0 0 
12 600 9 0 0 
39 469 1 0 0 
8 487 32 0 0 
22 587 10 38 0 
1 378 9 0 0 
12 582 8 0 0 
78 449 37 0 0 
10 441 16 0 0 
42 264 47 0 0 
0 494 0 0 0 
18 486 4 0 0 
101 443 44 0 0 
9 412 0 0 0 
114 259 8 0 0 
7 541 32 0 0 
63 278 65 0 0 
10 610 0 0 0 
33 377 1 0 0 
32 546 20 0 0 
5 665 1 0 0 
43 321 15 0 0 
0 339 88 0 0 
56 453 49 0 0 
85 494 44 0 0 
1 460 0 0 0 
13 496 6 0 0 
28 306 72 0 0 
45 424 0 0 0 
3 606 12 0 0 
82 520 1 0 0 
72 382 72 0 0 
73 305 45 0 0 
29 470 4 0 0 
67 370 21 0 0 
49 499 0 0 0 
94 379 1 0 0 
131 306 0 0 0 
15 501 45 0 0 
65 477 43 0 0 
31 414 4 0 0 
42 428 74 0 0 
0 360 5 0 0 
0 378 24 0 0 
36 429 77 0 0 
94 337 94 0 0 
39 372 60 0 0 
75 267 46 0 0 
6 383 2 0 0 
39 418 15 0 0 
62 404 21 0 0 
22 459 20 0 0 
8 470 6 0 0 
85 367 34 0 0 
8 473 94 0 0 
37 570 23 0 0 
1 474 25 0 0 
0 362 28 0 0 
82 411 34 0 0 
33 377 6 0 0 
6 460 17 0 0 
23 261 29 0 0 
1 523 28 0 0 
13 491 22 0 0 
16 487 15 0 0 
1 344 21 0 0 
0 416 0 0 0 
28 494 17 0 0 
62 325 218 0 0 
65 425 2 0 0 
68 475 29 0 0 
6 435 12 0 0 
0 431 32 0 0 
102 429 16 0 0 
8 459 12 0 0 
73 415 38 0 0 
38 419 114 0 0 
43 523 21 0 0 
5 348 26 0 0 
30 425 8 0 0 
6 405 35 0 0 
46 363 87 0 0 
35 406 16 0 0 
49 353 52 0 0 
2 504 21 0 0 
50 517 53 0 0 
32 389 69 0 0 
2 513 8 0 0 
31 349 82 0 0 
48 372 86 0 0 
1 497 2 0 0 
23 577 7 0 0 
83 493 1 0 0 
44 398 35 0 0 
10 494 9 0 0 
3 463 54 0 0 
58 463 22 0 0 
27 316 36 0 0 
35 497 3 0 0 
14 375 80 0 0 
41 562 5 0 0 
3 481 48 0 0 
61 465 19 0 0 
78 317 1 0 0 
1 531 0 0 0 
69 359 16 0 0 
15 495 26 0 0 
60 436 13 0 0 
2 295 149 0 0 
4 384 25 0 0 
36 491 13 0 0 
2 479 77 0 0 
9 517 24 0 0 
0 544 25 0 0 
84 292 64 0 0 
32 499 10 0 0 
58 443 0 0 0 
9 372 15 0 0 
54 526 1 0 0 
25 439 13 0 0 
9 468 1 0 0 
37 436 77 0 0 
13 537 31 0 0 
12 374 76 0 0 
13 424 26 0 0 
102 419 1 0 0 
41 458 8 0 0 
41 343 80 0 0 
13 490 0 0 0 
42 567 20 0 0 
32 518 32 0 0 
97 466 30 0 0 
22 434 16 0 0 
38 388 89 0 0 
49 565 3 0 0 
132 340 107 0 0 
27 545 1 0 0 
80 459 33 0 0 
69 351 31 0 0 
118 375 0 0 0 
0 517 49 0 0 
16 489 20 0 0 
73 462 38 0 0 
2 594 6 0 0 
20 431 81 0 0 
88 492 51 0 0 
17 537 37 0 0 
33 397 15 0 0 
83 284 16 0 0 
42 421 30 0 0 
34 368 12 0 0 
97 406 41 0 0 
57 483 4 0 0 
24 469 13 0 0 
36 422 0 0 0 
45 386 0 0 0 
26 257 19 0 0 
32 471 49 0 0 
12 340 89 0 0 
27 332 100 0 0 
56 455 6 0 0 
37 455 0 0 0 
83 414 42 0 0 
18 425 23 0 0 
20 488 61 0 0 
76 426 32 0 0 
4 463 130 0 0 
28 521 55 0 0 
52 290 12 0 0 
105 352 2 0 0 
82 407 2 0 0 
83 278 65 0 0 
56 338 11 0 0 
19 411 43 0 0 
21 500 3 0 0 
48 441 41 0 0 
27 487 36 0 0 
58 341 56 0 0 
8 634 4 0 0 
68 419 16 0 0 
4 487 64 0 0 
38 398 18 0 0 
18 413 77 0 0 
8 416 60 0 0 
46 399 17 0 0 
55 408 5 0 0 
60 391 73 0 0 
34 488 18 0 0 
24 539 11 0 0 
24 557 8 0 0 
20 462 4 0 0 
51 503 12 0 0 
39 313 26 0 0 
115 345 17 0 0 
54 371 0 0 0 
5 367 5 0 0 
53 405 20 0 0 
45 495 19 0 0 
0 384 17 4 0 
39 434 6 0 0 
45 383 18 0 0 
29 418 4 0 0 
14 503 5 0 0 
64 334 66 0 0 
12 385 56 0 0 
14 514 13 0 0 
6 484 12 0 0 
45 270 64 0 0 
19 439 3 0 0 
82 356 46 0 0 
10 368 3 0 0 
13 457 42 0 0 
23 481 0 0 0 
64 440 49 0 0 
49 309 73 0 0 
2 450 33 0 0 
7 484 37 0 0 
128 431 1 0 0 
1 401 50 0 0 
47 559 1 0 0 
35 485 0 0 0 
40 475 33 0 0 
23 590 15 0 0 
15 447 4 1 0 
62 496 29 0 0 
10 536 6 0 0 
25 622 21 0 0 
10 467 1 0 0 
9 475 62 0 0 
32 467 15 0 0 
10 544 18 0 0 
0 562 0 0 0 
5 495 144 0 0 
56 462 0 0 0 
12 457 24 0 0 
9 533 22 0 0 
37 493 5 0 0 
9 400 3 0 0 
39 478 65 0 0 
0 356 101 0 0 
10 480 0 0 0 
13 628 7 0 0 
70 340 21 0 0 
20 456 12 0 0 
4 393 40 0 0 
32 572 0 0 0 
106 430 6 0 0 
71 419 1 0 0 
150 375 6 0 0 
54 601 28 0 0 
14 451 2 0 0 
93 514 16 0 0 
60 591 8 0 0 
35 539 16 0 0 
11 480 25 0 0 
22 330 12 0 0 
41 495 73 0 0 
27 388 64 0 0 
5 448 11 0 0 
1 546 8 0 0 
32 392 0 0 0 
61 578 13 0 0 
22 455 26 0 0 
2 427 6 0 0 
0 510 75 0 0 
36 416 61 0 0 
24 435 13 0 0 
7 489 23 0 0 
6 639 16 0 0 
41 406 19 0 0 
1 444 21 0 0 
38 295 24 0 0 
82 512 1 0 0 
1 580 8 0 0 
34 406 48 0 0 
33 272 42 0 0 
17 428 25 0 0 
34 410 51 0 0 
6 446 35 0 0 
26 470 1 0 0 
5 404 34 0 0 
38 431 12 0 0 
21 434 17 0 0 
65 388 25 0 0 
84 397 12 0 0 
32 455 22 0 0 
39 497 3 0 0 
1 381 33 0 0 
18 399 33 0 0 
22 596 31 0 0 
28 393 21 0 0 
16 341 79 0 0 
94 423 23 0 0 
5 397 8 0 0 
89 519 2 0 0 
105 390 33 0 0 
60 544 2 0 0 
55 355 42 0 0 
30 423 11 0 0 
28 481 48 0 0 
25 480 10 0 0 
21 438 2 0 0 
1 461 3 0 0 
89 550 0 0 0 
1 542 59 0 0 
4 500 12 0 0 
4 332 30 0 0 
82 535 13 0 0 
22 370 56 0 0 
28 423 54 0 0 
0 430 63 0 0 
25 427 33 0 0 
8 440 1 0 0 
24 401 85 0 0 
19 436 16 0 0 
80 444 4 0 0 
18 345 35 0 0 
5 329 16 0 0 
49 503 0 0 0 
83 358 82 0 0 
21 364 40 0 0 
49 432 63 0 0 
11 409 92 0 0 
37 360 7 0 0 
16 434 67 0 0 
16 346 18 0 0 
35 417 9 0 0 
53 329 106 0 0 
25 397 46 0 0 
60 329 0 0 0 
149 308 56 0 0 
47 470 22 0 0 
38 414 41 0 0 
50 474 8 0 0 
66 459 74 0 0 
0 419 13 0 0 
21 453 32 0 0 
27 476 6 0 0 
1 439 19 0 0 
23 297 117 0 0 
18 343 13 0 0 
60 468 18 0 0 
58 383 101 0 0 
116 422 16 0 0 
12 545 26 0 0 
42 434 6 0 0 
59 359 13 0 0 
61 455 0 0 0 
32 467 3 0 0 
5 485 27 0 0 
1 407 21 0 0 
15 375 11 0 0 
113 333 47 0 0 
2 427 16 0 0 
12 471 47 0 0 
81 451 8 0 0 
5 399 8 0 0 
16 344 30 0 0 
102 447 15 0 0 
6 493 62 0 0 
0 412 80 0 0 
1 471 31 0 0 
7 237 62 0 0 
70 254 43 0 0 
15 515 18 0 0 
9 512 54 0 0 
59 416 8 0 0 
27 434 26 0 0 
49 403 1 0 0 
35 438 23 0 0 
64 451 11 0 0 
61 588 2 0 0 
58 487 12 0 0 
40 362 19 0 0 
76 540 18 0 0 
1 345 3 0 0 
17 477 13 0 0 
5 343 70 0 0 
24 440 26 0 0 
79 446 16 0 0 
10 519 9 0 0 
28 492 11 0 0 
13 368 6 0 0 
50 458 16 0 0 
33 363 31 0 0 
21 289 31 0 0 
55 360 2 0 0 
13 339 62 0 0 
1 501 3 0 0 
0 584 45 0 0 
3 541 3 0 0 
14 526 21 0 0 
122 354 4 0 0 
76 439 0 0 0 
33 309 81 0 0 
72 451 21 0 0 
37 344 44 0 0 
8 462 13 0 0 
7 414 38 0 0 
35 295 40 0 0 
13 459 0 0 0 
22 476 11 0 0 
54 364 37 0 0 
72 494 8 0 0 
68 319 86 0 0 
44 484 62 0 0 
93 343 27 0 0 
1 398 34 0 0 
1 405 5 0 0 
54 461 27 0 0 
22 356 42 0 0 
13 443 66 0 0 
44 442 0 0 0 
32 429 39 0 0 
76 376 34 0 0 
29 533 17 0 0 
30 457 7 0 0 
35 523 4 0 0 
64 324 7 0 0 
87 410 5 0 0 
47 492 21 0 0 
22 409 37 0 0 
12 471 56 0 0 
34 449 17 0 0 
7 466 72 0 0 
64 615 8 0 0 
13 269 96 0 0 
103 466 1 0 0 
27 415 15 0 0 
42 437 43 0 0 
7 561 0 0 0 
22 459 100 0 0 
49 443 13 0 0 
18 341 5 0 0 
92 394 5 0 0 
68 434 10 0 0 
5 376 72 0 0 
23 502 42 0 0 
39 489 5 0 0 
19 446 34 0 0 
20 466 31 0 0 
0 477 0 0 0 
16 505 25 0 0 
119 379 78 0 0 
17 364 65 0 0 
61 433 31 0 0 
9 508 8 0 0 
25 455 61 0 0 
21 470 8 0 0 
33 522 1 0 0 
37 540 10 0 0 
59 513 77 0 0 
32 441 47 0 0 
60 377 95 0 0 
213 307 24 0 0 
11 392 43 0 0 
24 406 6 0 0 
46 351 35 0 0 
20 531 52 0 0 
6 549 15 0 0 
15 410 6 0 0 
9 522 1 0 0 
28 446 78 0 0 
13 659 2 0 0 
31 565 36 0 0 
8 397 25 0 0 
42 440 31 0 0 
18 390 23 0 0 
2 469 17 0 0 
39 467 4 0 0 
51 354 41 0 0 
42 492 1 0 0 
23 476 60 0 0 
52 359 21 0 0 
33 548 20 0 0 
128 361 62 0 0 
34 446 50 0 0 
49 449 34 0 0 
54 404 26 0 0 
38 491 35 0 0 
15 510 34 0 0 
12 536 62 0 0 
9 488 13 0 0 
4 465 29 0 0 
14 575 17 0 0 
9 437 19 0 0 
56 351 38 0 0 
21 360 28 0 0 
32 502 32 0 0 
28 491 4 0 0 
69 442 42 0 0 
80 570 15 0 0 
54 461 23 0 0 
21 292 1 0 0 
34 444 58 0 0 
112 359 130 0 0 
16 410 9 0 0 
39 476 24 0 0 
101 371 1 0 0 
72 495 9 0 0 
24 360 3 0 0 
62 397 133 0 0 
64 467 8 0 0 
9 464 25 0 0 
126 422 19 0 0 
17 488 102 0 0 
61 359 27 0 0 
31 411 23 0 0 
55 361 8 0 0 
1 436 23 0 0 
7 540 1 0 0 
58 441 0 0 0 
31 543 26 0 0 
73 398 33 0 0 
90 378 49 0 0 
22 522 20 0 0 
34 445 32 0 0 
34 380 57 0 0 
17 498 96 0 0 
88 316 97 0 0 
0 414 1 0 0 
46 412 20 0 0 
3 262 39 0 0 
103 360 0 0 0 
61 400 50 0 0 
67 394 0 0 0 
60 494 0 0 0 
100 481 0 0 0 
34 406 15 0 0 
75 482 43 0 0 
31 459 1 0 0 
0 504 6 0 0 
11 520 14 0 0 
25 508 16 0 0 
7 505 7 0 0 
93 308 23 0 0 
55 384 33 0 0 
48 451 24 0 0 
68 425 16 0 0 
28 468 26 0 0 
175 348 20 0 0 
25 476 50 0 0 
16 450 17 0 0 
18 479 6 0 0 
24 367 30 0 0 
148 437 15 0 0 
55 413 4 0 0 
49 365 19 0 0 
14 372 50 0 0 
74 558 26 0 0 
16 376 3 0 0 
33 493 15 0 0 
6 426 74 0 0 
115 416 10 0 0 
46 630 8 0 0 
80 309 23 0 0 
146 487 2 0 0 
62 353 30 0 0 
28 430 34 0 0 
33 373 28 0 0 
0 337 94 0 0 
8 531 12 0 0 
59 510 0 0 0 
43 331 84 0 0 
9 419 1 0 0 
47 428 0 0 0 
79 427 0 0 0 
61 422 38 0 0 
42 397 15 0 0 
25 581 10 0 0 
45 460 0 0 0 
20 450 35 0 0 
54 484 6 0 0 
61 510 48 0 0 
16 324 50 0 0 
13 532 17 0 0 
26 397 72 0 0 
27 384 67 0 0 
29 388 0 0 0 
25 365 67 0 0 
64 381 74 0 0 
42 302 31 0 0 
5 460 4 0 0 
36 386 80 0 0 
15 454 21 0 0 
85 407 6 0 0 
72 395 20 0 0 
78 311 3 0 0 
33 379 8 0 0 
113 375 29 0 0 
8 480 11 0 0 
1 569 10 0 0 
25 529 6 0 0 
42 391 22 0 0 
24 494 14 0 0 
19 439 48 0 0 
7 485 0 0 0 
29 501 57 0 0 
9 586 17 0 0 
81 357 27 0 0 
17 430 10 0 0 
5 391 71 0 0 
16 485 64 0 0 
14 403 79 0 0 
78 536 6 0 0 
80 463 28 0 0 
37 493 15 0 0 
14 502 35 0 0 
26 497 68 0 0 
22 513 14 0 0 
38 530 15 0 0 
108 454 11 0 0 
1 529 10 0 0 
9 495 20 0 0 
70 488 3 0 0 
17 419 45 0 0 
28 403 10 0 0 
10 591 15 0 0 
16 427 38 0 0 
11 430 56 0 0 
113 255 57 0 0 
15 530 32 0 0 
55 418 0 0 0 
20 355 2 0 0 
0 413 38 0 0 
0 511 33 0 0 
1 474 6 0 0 
21 275 86 0 0 
102 438 9 0 0 
111 362 28 0 0 
14 403 43 0 0 
4 434 29 0 0 
16 388 34 0 0 
36 323 43 0 0 
2 376 55 0 0 
42 375 5 0 0 
24 471 55 0 0 
75 304 82 0 0 
64 387 35 0 0 
60 251 42 0 0 
21 468 73 0 0 
37 306 2 0 0 
42 465 42 0 0 
105 237 23 0 0 
8 240 56 0 0 
28 398 8 0 0 
62 532 13 0 0 
2 373 11 0 0 
40 399 46 0 0 
22 291 57 0 0 
7 351 10 0 0 
38 447 29 0 0 
52 391 1 0 0 
14 390 58 0 0 
60 373 4 0 0 
113 387 48 0 0 
33 396 11 0 0 
48 452 23 0 0 
81 419 15 0 0 
60 521 16 0 0 
122 357 3 0 0 
35 422 11 0 0 
8 522 6 0 0 
82 444 20 0 0 
11 310 75 0 0 
100 368 40 0 0 
44 375 34 0 0 
55 486 7 0 0 
18 435 111 0 0 
17 446 36 0 0 
11 351 80 0 0 
11 416 36 0 0 
33 333 2 0 0 
3 485 50 0 0 
36 392 36 0 0 
20 318 177 0 0 
39 339 22 0 0 
8 473 13 0 0 
17 430 43 0 0 
82 359 6 0 0 
82 270 13 0 0 
0 492 73 0 0 
60 493 11 0 0 
86 360 33 0 0 
0 385 13 0 0 
42 421 29 0 0 
61 439 16 0 0 
69 434 16 0 0 
19 565 1 0 0 
6 599 27 0 0 
25 482 2 0 0 
60 542 1 0 0 
59 442 26 0 0 
43 543 33 0 0 
91 416 5 0 0 
5 583 27 0 0 
68 323 27 0 0 
67 315 51 0 0 
25 369 25 0 0 
9 562 6 0 0 
88 379 43 0 0 
0 606 10 0 0 
52 388 85 0 0 
49 377 41 0 0 
10 466 17 0 0 
40 348 51 0 0 
83 382 6 0 0 
6 512 44 0 0 
0 542 2 0 0 
6 428 16 0 0 
23 440 0 0 0 
21 457 8 0 0 
17 542 2 0 0 
22 504 48 0 0 
20 385 6 0 0 
108 243 5 0 0 
83 450 27 0 0 
46 339 120 0 0 
6 388 0 0 0 
31 514 16 0 0 
