587 239 174 
686 212 102 
594 205 201 
553 225 222 
616 196 188 
580 218 202 
717 157 126 
615 237 148 
627 180 193 
621 197 182 
507 225 268 
625 185 190 
661 215 124 
640 164 196 
604 194 202 
608 167 225 
587 143 270 
644 156 200 
586 230 184 
559 194 247 
686 148 166 
539 247 214 
632 155 213 
595 264 141 
587 239 174 
646 176 178 
616 230 154 
614 220 166 
643 209 148 
652 217 131 
566 225 209 
488 210 302 
678 185 137 
596 183 221 
608 246 146 
620 221 159 
608 149 243 
599 221 180 
677 176 147 
645 156 199 
682 215 103 
667 210 123 
610 230 160 
550 190 260 
544 194 262 
615 163 222 
661 183 156 
557 227 216 
598 222 180 
628 203 169 
623 206 171 
612 246 142 
655 166 179 
645 174 181 
625 230 145 
688 148 164 
634 227 139 
632 191 177 
516 262 222 
534 195 271 
573 208 219 
679 218 103 
543 252 205 
588 193 219 
679 186 135 
625 194 181 
608 227 165 
521 273 206 
662 224 114 
713 175 112 
507 257 236 
577 243 180 
675 197 128 
624 236 140 
668 144 188 
590 211 199 
636 260 104 
567 157 276 
592 208 200 
663 173 164 
699 179 122 
600 180 220 
678 200 122 
561 275 164 
619 232 149 
593 185 222 
513 152 335 
692 181 127 
639 206 155 
538 253 209 
628 210 162 
666 164 170 
712 184 104 
583 158 259 
646 216 138 
576 185 239 
658 191 151 
728 183 89 
625 262 113 
645 180 175 
707 196 97 
494 178 328 
624 229 147 
632 211 157 
555 259 186 
653 178 169 
661 150 189 
578 222 200 
579 214 207 
736 172 92 
657 196 147 
603 247 150 
677 170 153 
639 228 133 
607 222 171 
608 205 187 
664 224 112 
567 199 234 
605 210 185 
668 186 146 
639 174 187 
622 242 136 
582 182 236 
621 217 162 
670 191 139 
698 179 123 
499 226 275 
596 141 263 
537 275 188 
536 288 176 
688 174 138 
644 176 180 
533 179 288 
622 235 143 
669 219 112 
719 167 114 
655 240 105 
609 194 197 
672 183 145 
623 155 222 
662 168 170 
663 191 146 
621 125 254 
733 170 97 
619 239 142 
688 170 142 
541 250 209 
646 234 120 
674 198 128 
503 275 222 
697 226 77 
583 161 256 
616 223 161 
728 203 69 
612 231 157 
677 212 111 
545 214 241 
637 191 172 
523 249 228 
650 214 136 
647 233 120 
619 203 178 
702 206 92 
676 173 151 
553 240 207 
648 183 169 
525 240 235 
625 228 147 
559 223 218 
619 177 204 
732 171 97 
657 184 159 
662 134 204 
639 213 148 
627 230 143 
687 233 80 
616 195 189 
532 189 279 
685 180 135 
671 218 111 
645 215 140 
617 226 157 
567 237 196 
692 200 108 
617 146 237 
734 162 104 
548 119 333 
576 261 163 
558 184 258 
570 170 260 
599 193 208 
662 200 138 
685 219 96 
537 195 268 
617 246 137 
661 187 152 
691 167 142 
580 249 171 
616 274 110 
625 206 169 
606 210 184 
528 203 269 
608 249 143 
654 218 128 
612 200 188 
691 186 123 
587 221 192 
638 214 148 
679 133 188 
546 170 284 
621 173 206 
587 259 154 
591 187 222 
630 199 171 
556 275 169 
640 194 166 
701 169 130 
663 214 123 
563 245 192 
646 213 141 
646 225 129 
548 207 245 
526 244 230 
584 157 259 
636 260 104 
633 222 145 
631 199 170 
610 207 183 
605 151 244 
619 201 180 
692 228 80 
540 276 184 
656 203 141 
628 223 149 
525 241 234 
616 224 160 
609 225 166 
672 184 144 
626 265 109 
529 201 270 
602 250 148 
577 184 239 
659 186 155 
567 214 219 
671 163 166 
657 171 172 
706 175 119 
649 213 138 
585 236 179 
585 218 197 
615 201 184 
588 197 215 
590 204 206 
666 205 129 
694 181 125 
569 248 183 
649 230 121 
590 188 222 
643 213 144 
641 204 155 
633 189 178 
611 176 213 
657 186 157 
697 202 101 
621 211 168 
623 196 181 
667 180 153 
550 248 202 
617 241 142 
629 201 170 
560 277 163 
596 256 148 
651 210 139 
639 246 115 
673 189 138 
600 241 159 
593 228 179 
601 220 179 
651 168 181 
506 184 310 
646 178 176 
564 172 264 
605 181 214 
685 211 104 
541 237 222 
598 186 216 
528 184 288 
679 149 172 
622 164 214 
627 217 156 
656 183 161 
632 236 132 
590 201 209 
625 180 195 
717 189 94 
543 227 230 
590 201 209 
540 168 292 
631 216 153 
545 164 291 
640 186 174 
636 186 178 
638 189 173 
697 156 147 
588 237 175 
512 243 245 
567 220 213 
671 221 108 
672 199 129 
678 134 188 
658 215 127 
722 165 113 
606 211 183 
626 154 220 
575 201 224 
628 176 196 
521 148 331 
537 268 195 
688 128 184 
644 194 162 
623 200 177 
684 194 122 
689 217 94 
590 286 124 
489 232 279 
654 184 162 
592 204 204 
653 169 178 
668 183 149 
547 187 266 
607 209 184 
615 228 157 
583 233 184 
626 181 193 
604 230 166 
643 210 147 
589 271 140 
612 165 223 
553 138 309 
690 193 117 
634 188 178 
639 191 170 
669 230 101 
675 176 149 
568 237 195 
568 186 246 
688 164 148 
621 189 190 
661 199 140 
603 199 198 
628 217 155 
722 200 78 
626 173 201 
625 251 124 
655 217 128 
605 213 182 
614 215 171 
561 216 223 
671 171 158 
572 235 193 
564 249 187 
693 210 97 
635 195 170 
596 206 198 
570 236 194 
625 163 212 
578 226 196 
650 236 114 
719 172 109 
585 194 221 
647 224 129 
662 204 134 
610 245 145 
610 194 196 
661 214 125 
647 143 210 
649 206 145 
612 160 228 
636 199 165 
625 255 120 
674 210 116 
641 186 173 
620 212 168 
639 154 207 
566 203 231 
608 263 129 
576 190 234 
533 237 230 
646 133 221 
592 245 163 
585 270 145 
659 211 130 
509 229 262 
582 216 202 
544 217 239 
662 199 139 
531 242 227 
590 189 221 
648 176 176 
557 225 218 
619 204 177 
641 189 170 
617 204 179 
665 221 114 
596 208 196 
638 183 179 
607 243 150 
567 288 145 
548 262 190 
582 217 201 
496 243 261 
607 152 241 
618 166 216 
593 236 171 
563 218 219 
652 200 148 
596 129 275 
527 187 286 
630 237 133 
609 161 230 
618 222 160 
560 220 220 
630 206 164 
583 236 181 
589 202 209 
642 154 204 
686 183 131 
665 207 128 
684 146 170 
606 259 135 
583 269 148 
660 229 111 
622 177 201 
649 182 169 
591 255 154 
694 183 123 
685 180 135 
785 156 59 
677 167 156 
667 199 134 
583 218 199 
675 211 114 
568 214 218 
671 202 127 
577 227 196 
475 147 378 
629 223 148 
516 233 251 
640 213 147 
617 198 185 
609 218 173 
603 246 151 
673 207 120 
675 210 115 
512 172 316 
627 236 137 
621 245 134 
620 233 147 
629 232 139 
658 151 191 
648 201 151 
590 193 217 
553 265 182 
646 247 107 
647 162 191 
592 269 139 
665 203 132 
590 181 229 
756 148 96 
663 191 146 
707 188 105 
673 217 110 
639 250 111 
547 193 260 
669 196 135 
600 189 211 
671 221 108 
568 161 271 
670 192 138 
553 173 274 
619 214 167 
558 204 238 
630 237 133 
640 190 170 
611 209 180 
591 240 169 
627 200 173 
621 252 127 
680 170 150 
601 222 177 
600 188 212 
632 224 144 
465 206 329 
589 194 217 
636 190 174 
634 195 171 
482 215 303 
557 204 239 
681 124 195 
592 184 224 
623 242 135 
691 155 154 
598 220 182 
585 189 226 
583 175 242 
607 252 141 
667 231 102 
648 169 183 
633 246 121 
650 193 157 
632 209 159 
651 222 127 
523 215 262 
607 152 241 
656 159 185 
695 167 138 
723 160 117 
600 250 150 
646 179 175 
634 192 174 
593 221 186 
667 226 107 
543 157 300 
556 236 208 
651 196 153 
675 167 158 
529 214 257 
673 211 116 
584 222 194 
569 223 208 
677 135 188 
550 196 254 
625 210 165 
667 204 129 
636 227 137 
680 188 132 
542 237 221 
683 178 139 
661 214 125 
631 165 204 
654 127 219 
691 198 111 
617 200 183 
595 171 234 
682 193 125 
589 228 183 
558 155 287 
629 174 197 
608 247 145 
640 189 171 
576 147 277 
668 168 164 
601 292 107 
564 279 157 
609 218 173 
661 225 114 
692 176 132 
455 236 309 
748 161 91 
535 274 191 
700 176 124 
621 177 202 
544 160 296 
683 174 143 
655 177 168 
734 190 76 
567 189 244 
567 229 204 
628 183 189 
619 188 193 
641 164 195 
576 210 214 
658 223 119 
638 208 154 
626 233 141 
616 171 213 
595 213 192 
588 251 161 
649 191 160 
614 164 222 
687 167 146 
595 200 205 
541 212 247 
670 238 92 
589 209 202 
550 158 292 
547 181 272 
573 176 251 
605 209 186 
571 156 273 
640 222 138 
592 199 209 
552 194 254 
662 193 145 
526 280 194 
656 217 127 
633 219 148 
646 204 150 
631 217 152 
575 226 199 
619 198 183 
514 217 269 
623 222 155 
678 185 137 
522 185 293 
710 186 104 
614 254 132 
732 180 88 
533 240 227 
637 228 135 
618 157 225 
670 187 143 
640 255 105 
626 201 173 
633 237 130 
616 239 145 
571 221 208 
639 197 164 
586 203 211 
571 247 182 
623 216 161 
686 175 139 
679 166 155 
667 185 148 
728 159 113 
671 208 121 
639 162 199 
561 238 201 
629 215 156 
588 172 240 
666 187 147 
682 186 132 
585 190 225 
643 177 180 
624 183 193 
624 242 134 
629 246 125 
671 165 164 
587 244 169 
567 246 187 
639 173 188 
607 231 162 
627 220 153 
661 202 137 
624 212 164 
594 223 183 
648 228 124 
647 192 161 
655 214 131 
585 227 188 
556 156 288 
557 219 224 
668 192 140 
680 180 140 
579 195 226 
655 195 150 
572 188 240 
634 149 217 
606 229 165 
591 265 144 
622 233 145 
616 201 183 
607 216 177 
731 223 46 
611 201 188 
704 175 121 
655 146 199 
607 254 139 
666 213 121 
534 237 229 
667 160 173 
664 201 135 
517 256 227 
694 231 75 
569 229 202 
599 237 164 
539 250 211 
598 230 172 
585 224 191 
569 262 169 
694 191 115 
677 158 165 
646 165 189 
513 270 217 
532 247 221 
643 213 144 
542 219 239 
617 186 197 
684 184 132 
711 168 121 
614 253 133 
632 253 115 
578 207 215 
585 200 215 
641 192 167 
711 151 138 
514 246 240 
722 137 141 
586 212 202 
624 193 183 
623 194 183 
586 212 202 
546 267 187 
642 182 176 
639 183 178 
651 196 153 
590 295 115 
541 227 232 
705 163 132 
620 221 159 
648 216 136 
707 164 129 
672 197 131 
638 194 168 
668 162 170 
631 165 204 
596 195 209 
607 214 179 
655 215 130 
658 142 200 
653 214 133 
610 234 156 
592 253 155 
553 128 319 
565 215 220 
577 194 229 
674 188 138 
609 222 169 
639 233 128 
565 234 201 
598 176 226 
612 244 144 
536 267 197 
668 230 102 
625 183 192 
593 162 245 
705 166 129 
538 181 281 
655 175 170 
589 205 206 
677 177 146 
628 172 200 
683 151 166 
689 178 133 
662 179 159 
600 174 226 
498 205 297 
682 137 181 
569 202 229 
661 215 124 
666 184 150 
648 189 163 
695 188 117 
611 223 166 
599 164 237 
625 181 194 
698 200 102 
650 255 95 
534 180 286 
678 170 152 
461 191 348 
626 197 177 
591 219 190 
597 241 162 
646 154 200 
580 183 237 
554 198 248 
622 184 194 
657 179 164 
678 193 129 
690 195 115 
671 231 98 
619 237 144 
706 212 82 
539 235 226 
672 178 150 
663 187 150 
671 196 133 
571 197 232 
540 234 226 
572 214 214 
611 220 169 
590 202 208 
649 215 136 
657 203 140 
590 243 167 
555 210 235 
692 173 135 
542 215 243 
565 198 237 
573 236 191 
639 226 135 
669 243 88 
667 148 185 
603 228 169 
622 218 160 
530 194 276 
624 214 162 
568 196 236 
563 225 212 
665 190 145 
643 243 114 
676 200 124 
597 160 243 
538 192 270 
560 246 194 
562 186 252 
552 240 208 
648 216 136 
599 201 200 
650 253 97 
735 147 118 
646 140 214 
660 175 165 
619 207 174 
583 234 183 
596 239 165 
503 274 223 
622 189 189 
642 203 155 
573 230 197 
679 171 150 
596 144 260 
613 222 165 
579 214 207 
620 188 192 
546 259 195 
676 179 145 
653 250 97 
626 235 139 
599 120 281 
578 221 201 
606 256 138 
676 179 145 
599 238 163 
604 164 232 
643 178 179 
668 219 113 
633 191 176 
666 113 221 
532 287 181 
549 247 204 
633 220 147 
612 231 157 
566 228 206 
515 153 332 
601 206 193 
621 178 201 
598 174 228 
672 182 146 
672 210 118 
621 216 163 
540 229 231 
634 218 148 
663 178 159 
647 165 188 
580 150 270 
606 213 181 
593 216 191 
650 176 174 
582 250 168 
719 203 78 
531 229 240 
558 199 243 
685 204 111 
696 161 143 
648 210 142 
638 256 106 
544 185 271 
611 193 196 
602 176 222 
642 261 97 
630 207 163 
642 198 160 
652 200 148 
531 228 241 
623 226 151 
656 225 119 
683 208 109 
591 260 149 
693 161 146 
670 217 113 
691 220 89 
681 134 185 
572 224 204 
587 229 184 
592 188 220 
666 172 162 
552 196 252 
677 106 217 
526 196 278 
629 225 146 
653 195 152 
674 227 99 
638 234 128 
665 186 149 
669 175 156 
689 185 126 
600 226 174 
552 235 213 
671 175 154 
584 187 229 
671 134 195 
714 192 94 
669 182 149 
648 209 143 
616 231 153 
602 197 201 
712 156 132 
641 200 159 
623 183 194 
602 221 177 
602 179 219 
604 223 173 
672 224 104 
552 290 158 
636 190 174 
532 176 292 
612 230 158 
571 204 225 
600 267 133 
593 193 214 
685 169 146 
584 174 242 
615 201 184 
562 219 219 
715 183 102 
596 184 220 
642 175 183 
636 204 160 
617 277 106 
688 221 91 
696 170 134 
608 249 143 
658 187 155 
525 276 199 
569 274 157 
672 191 137 
585 246 169 
615 220 165 
673 207 120 
610 148 242 
583 185 232 
721 126 153 
708 136 156 
637 212 151 
563 268 169 
641 170 189 
582 215 203 
623 221 156 
625 169 206 
584 222 194 
627 248 125 
615 234 151 
599 200 201 
574 199 227 
626 231 143 
578 198 224 
627 208 165 
560 248 192 
617 164 219 
632 198 170 
634 193 173 
670 184 146 
591 246 163 
660 201 139 
697 179 124 
599 191 210 
531 241 228 
633 169 198 
713 193 94 
645 196 159 
615 185 200 
615 170 215 
590 246 164 
614 198 188 
742 169 89 
606 183 211 
660 179 161 
666 209 125 
675 165 160 
642 188 170 
664 192 144 
629 251 120 
633 158 209 
651 177 172 
657 166 177 
611 220 169 
630 183 187 
676 168 156 
604 202 194 
608 206 186 
692 155 153 
557 143 300 
668 201 131 
600 240 160 
549 226 225 
652 214 134 
655 215 130 
541 276 183 
