88 384 2 0 0 
81 334 110 0 0 
1 440 38 0 0 
61 509 26 2 0 
34 488 27 0 0 
8 459 16 0 0 
5 554 31 0 0 
25 425 2 0 0 
60 425 5 0 0 
47 425 24 0 0 
111 298 28 0 0 
99 380 26 0 0 
40 371 4 0 0 
50 374 48 0 0 
156 428 3 0 0 
70 306 3 0 0 
54 392 25 0 0 
41 435 27 0 0 
82 358 17 0 0 
39 364 29 0 0 
28 443 16 0 0 
14 442 64 0 0 
26 348 92 0 0 
15 336 53 0 0 
33 456 21 0 0 
27 461 83 0 0 
21 515 2 0 0 
50 391 31 0 0 
4 464 34 0 0 
35 340 80 0 0 
8 433 80 0 0 
31 340 20 0 0 
14 415 72 0 0 
19 384 19 0 0 
67 365 35 0 0 
8 377 70 0 0 
50 432 69 0 0 
52 434 15 0 0 
53 401 5 0 0 
76 348 21 0 0 
13 467 15 0 0 
3 392 109 0 0 
0 359 14 0 0 
44 430 26 0 0 
62 376 1 0 0 
38 439 3 0 0 
32 462 1 0 0 
27 504 22 1 0 
103 397 30 0 0 
59 394 8 0 0 
61 479 57 0 0 
79 391 30 0 0 
12 368 80 0 0 
34 570 0 0 0 
136 236 49 0 0 
8 454 54 0 0 
37 478 58 0 0 
65 402 39 0 0 
23 377 21 0 0 
105 352 12 0 0 
48 473 22 0 0 
42 446 70 0 0 
18 464 57 0 0 
63 401 5 0 0 
2 369 46 0 0 
31 373 10 0 0 
43 356 13 0 0 
62 562 15 0 0 
17 436 34 0 0 
58 307 43 0 0 
18 453 61 0 0 
93 320 77 0 0 
17 389 22 0 0 
47 390 15 0 0 
55 318 2 0 0 
59 487 4 0 0 
78 365 55 0 0 
92 346 44 0 0 
29 313 47 0 0 
2 398 24 0 0 
105 378 6 0 0 
35 361 57 0 0 
30 433 21 0 0 
36 330 82 0 0 
7 392 31 6 0 
45 501 19 0 0 
7 244 63 34 0 
67 387 51 0 0 
11 406 12 0 0 
53 471 26 0 0 
14 385 39 0 0 
24 391 41 0 0 
46 427 7 0 0 
91 347 10 0 0 
65 454 47 0 0 
147 335 65 0 0 
44 396 81 0 0 
64 393 51 0 0 
13 414 39 0 0 
7 465 13 0 0 
13 379 30 0 0 
13 487 19 0 0 
62 410 36 0 0 
48 433 3 0 0 
145 387 7 0 0 
27 457 10 0 0 
42 533 62 0 0 
34 409 64 0 0 
39 366 31 0 0 
113 343 0 0 0 
34 472 4 0 0 
110 336 48 0 0 
41 456 41 0 0 
58 234 89 0 0 
50 395 2 0 0 
10 388 77 0 0 
11 392 41 0 0 
10 399 19 0 0 
11 418 33 0 0 
43 338 8 0 0 
18 435 35 0 0 
57 452 20 0 0 
52 388 15 0 0 
76 351 10 0 0 
52 470 19 0 0 
19 376 37 0 0 
22 423 23 0 0 
6 542 49 0 0 
50 482 41 0 0 
9 383 63 0 0 
7 455 18 0 0 
8 550 22 0 0 
8 421 1 0 0 
69 391 42 0 0 
64 504 1 0 0 
23 411 55 0 0 
149 407 62 0 0 
7 532 37 0 0 
59 332 26 0 0 
37 360 65 0 0 
37 494 35 0 0 
89 422 32 0 0 
40 363 93 0 0 
53 501 15 0 0 
44 433 20 0 0 
81 414 29 0 0 
9 494 28 0 0 
58 324 1 0 0 
54 292 54 0 0 
65 454 48 0 0 
13 496 49 0 0 
67 414 79 0 0 
10 423 5 0 0 
108 372 1 0 0 
33 227 39 0 0 
9 432 29 0 0 
35 535 12 0 0 
33 437 17 0 0 
24 424 33 0 0 
19 486 4 0 0 
36 307 137 0 0 
88 501 32 0 0 
0 452 20 0 0 
9 359 49 0 0 
46 407 50 0 0 
61 404 0 0 0 
1 355 36 0 0 
42 493 129 0 0 
52 417 52 0 0 
21 401 5 0 0 
27 307 53 0 0 
63 390 19 0 0 
37 440 19 0 0 
59 441 7 0 0 
8 401 42 0 0 
15 272 97 0 0 
13 497 8 0 0 
122 476 0 0 0 
52 491 30 0 0 
36 369 40 0 0 
44 486 46 0 0 
25 510 1 0 0 
8 603 14 0 0 
17 413 66 0 0 
75 458 12 0 0 
1 585 22 0 0 
69 375 32 0 0 
10 413 53 0 0 
49 412 77 0 0 
26 476 0 0 0 
6 489 37 0 0 
20 488 28 0 0 
47 289 36 0 0 
20 442 6 0 0 
73 395 56 0 0 
44 473 0 0 0 
64 413 67 0 0 
96 451 2 0 0 
12 441 58 0 0 
74 378 12 0 0 
11 464 38 0 0 
102 421 71 0 0 
10 345 50 0 0 
8 495 39 0 0 
70 411 28 0 0 
27 514 0 0 0 
104 359 26 0 0 
16 387 74 0 0 
78 334 35 0 0 
133 346 104 0 0 
21 436 16 0 0 
10 525 35 0 0 
65 363 16 0 0 
17 411 7 0 0 
8 353 84 0 0 
33 319 19 0 0 
128 422 34 0 0 
39 457 116 0 0 
60 378 52 0 0 
5 415 121 0 0 
96 349 14 0 0 
23 281 159 0 0 
30 343 23 0 0 
8 552 57 0 0 
78 390 50 0 0 
27 392 63 0 0 
6 554 65 0 0 
16 381 67 0 0 
116 577 1 0 0 
65 365 36 0 0 
55 310 20 0 0 
31 362 62 0 0 
31 517 18 0 0 
53 414 12 0 0 
31 461 16 0 0 
78 455 2 0 0 
13 435 36 0 0 
139 450 0 0 0 
136 345 24 0 0 
13 374 44 0 0 
10 333 146 0 0 
48 458 32 0 0 
13 511 16 0 0 
20 391 79 0 0 
31 521 14 0 0 
25 541 9 0 0 
57 328 63 0 0 
63 437 41 0 0 
153 331 25 0 0 
66 442 19 0 0 
34 519 17 0 0 
107 387 30 0 0 
118 364 39 0 0 
48 454 39 0 0 
83 285 19 0 0 
19 357 38 0 0 
42 483 13 0 0 
7 519 8 0 0 
60 416 18 0 0 
31 461 0 0 0 
2 492 10 0 0 
43 413 32 0 0 
14 356 112 0 0 
88 378 48 0 0 
93 370 42 0 0 
15 525 43 0 0 
17 432 7 0 0 
29 545 16 0 0 
4 423 4 0 0 
49 385 73 0 0 
6 419 38 0 0 
52 376 4 0 0 
17 311 56 0 0 
14 274 67 0 0 
65 334 70 0 0 
46 416 46 0 0 
47 476 6 0 0 
50 386 23 0 0 
46 404 27 0 0 
77 346 35 0 0 
83 230 18 0 0 
4 349 58 0 0 
46 328 140 0 0 
59 340 0 0 0 
24 268 50 0 0 
71 321 130 0 0 
48 355 40 0 0 
13 455 0 0 0 
36 376 50 0 0 
106 376 26 0 0 
13 387 34 0 0 
43 490 30 0 0 
80 280 19 0 0 
33 341 18 0 0 
1 477 1 0 0 
44 526 21 0 0 
84 370 48 0 0 
27 419 24 0 0 
30 359 28 0 0 
55 397 3 0 0 
25 392 28 0 0 
43 496 104 0 0 
54 325 3 0 0 
8 462 87 0 0 
50 421 36 0 0 
92 398 4 0 0 
46 349 50 0 0 
69 242 57 0 0 
37 399 29 0 0 
11 465 46 0 0 
19 443 20 0 0 
53 332 72 0 0 
32 477 49 0 0 
35 298 69 0 0 
40 318 2 0 0 
25 484 21 0 0 
80 346 34 0 0 
181 491 8 0 0 
104 386 9 0 0 
55 489 43 0 0 
26 491 8 0 0 
12 451 81 0 0 
13 405 160 0 0 
21 498 46 0 0 
17 392 66 0 0 
33 475 11 0 0 
45 344 32 0 0 
26 278 35 0 0 
92 387 92 0 0 
39 345 49 0 0 
69 539 3 0 0 
15 460 22 0 0 
3 565 34 0 0 
1 439 55 0 0 
79 356 21 0 0 
2 482 58 0 0 
104 358 16 0 0 
0 412 23 0 0 
7 342 49 0 0 
8 462 15 0 0 
71 491 1 0 0 
54 428 4 0 0 
40 275 77 0 0 
33 511 21 0 0 
42 414 3 0 0 
5 400 13 0 0 
12 452 46 0 0 
158 401 0 0 0 
60 284 44 0 0 
27 356 38 0 0 
78 287 55 0 0 
14 440 43 0 0 
13 411 92 0 0 
28 426 22 0 0 
54 340 14 0 0 
48 526 12 0 0 
78 313 28 0 0 
72 390 51 0 0 
19 493 11 0 0 
39 264 34 0 0 
13 403 5 0 0 
31 545 12 0 0 
41 378 103 0 0 
46 372 16 0 0 
100 406 31 0 0 
61 486 35 0 0 
43 324 14 0 0 
6 323 43 0 0 
121 381 38 0 0 
21 524 38 0 0 
24 278 51 0 0 
43 474 40 0 0 
51 303 36 19 0 
4 424 24 0 0 
66 434 35 0 0 
9 383 34 0 0 
23 546 9 0 0 
64 350 18 0 0 
27 479 23 0 0 
126 319 0 0 0 
49 491 9 0 0 
34 548 32 0 0 
49 420 10 0 0 
88 414 36 0 0 
118 402 47 0 0 
66 370 78 0 0 
29 451 33 0 0 
29 376 21 0 0 
17 334 1 0 0 
26 476 6 0 0 
50 381 45 0 0 
105 462 36 0 0 
9 465 46 0 0 
32 452 17 0 0 
75 317 23 0 0 
104 257 141 0 0 
32 398 21 0 0 
77 493 68 0 0 
86 495 13 0 0 
33 405 75 0 0 
18 390 1 0 0 
0 473 23 0 0 
36 206 33 0 0 
15 374 74 0 0 
41 493 13 0 0 
40 378 24 0 0 
13 489 4 0 0 
38 468 22 0 0 
88 500 10 0 0 
26 403 49 0 0 
17 382 50 0 0 
46 451 33 0 0 
65 418 17 0 0 
29 533 35 0 0 
4 573 24 0 0 
26 350 4 0 0 
52 556 30 0 0 
45 446 17 0 0 
160 303 34 0 0 
15 402 22 0 0 
13 385 34 0 0 
52 423 106 0 0 
27 493 68 0 0 
29 426 43 0 0 
24 462 12 0 0 
1 456 79 0 0 
3 542 20 0 0 
18 483 0 0 0 
0 526 6 0 0 
8 479 42 0 0 
42 274 25 1 0 
13 409 33 0 0 
5 350 18 0 0 
23 439 49 0 0 
3 353 41 0 0 
28 509 15 0 0 
36 441 53 0 0 
88 539 35 0 0 
4 467 2 0 0 
63 333 112 0 0 
60 434 62 0 0 
29 341 14 0 0 
32 455 11 0 0 
22 300 49 0 0 
59 403 12 0 0 
32 362 8 0 0 
64 407 5 0 0 
45 346 44 0 0 
30 423 69 0 0 
53 549 2 0 0 
86 432 24 0 0 
29 396 70 0 0 
63 426 24 0 0 
0 544 20 0 0 
80 454 59 0 0 
64 394 84 0 0 
52 355 63 0 0 
53 312 7 0 0 
8 280 62 0 0 
6 369 41 0 0 
11 369 38 0 0 
5 443 7 0 0 
41 318 32 0 0 
54 301 73 0 0 
28 294 33 0 0 
91 398 30 0 0 
24 444 52 0 0 
67 382 72 0 0 
8 524 36 0 0 
39 423 13 0 0 
37 428 48 0 0 
34 435 35 0 0 
10 309 35 0 0 
31 247 56 0 0 
76 414 17 0 0 
0 393 35 0 0 
38 376 39 0 0 
71 469 47 0 0 
14 450 43 0 0 
34 456 17 0 0 
6 534 30 0 0 
57 468 8 0 0 
36 444 13 0 0 
4 340 131 0 0 
42 408 31 0 0 
15 362 128 0 0 
19 384 52 0 0 
52 331 12 0 0 
13 393 38 0 0 
117 463 34 0 0 
6 434 52 0 0 
3 344 99 0 0 
7 484 5 0 0 
65 448 5 0 0 
25 417 45 0 0 
12 440 40 0 0 
48 384 13 0 0 
34 437 4 0 0 
55 446 25 0 0 
44 321 20 0 0 
20 408 44 0 0 
30 308 31 0 0 
41 353 7 0 0 
97 438 23 0 0 
148 382 66 0 0 
7 414 28 0 0 
12 325 17 0 0 
32 278 2 0 0 
5 544 19 0 0 
59 535 14 0 0 
36 486 42 0 0 
50 287 105 0 0 
16 454 30 0 0 
16 584 38 0 0 
17 329 90 0 0 
68 385 44 0 0 
41 293 40 0 0 
9 434 100 0 0 
20 453 23 0 0 
49 411 37 0 0 
52 406 20 0 0 
28 499 12 0 0 
12 367 29 0 0 
10 456 41 0 0 
75 389 49 0 0 
4 441 7 0 0 
44 514 27 0 0 
27 338 78 0 0 
13 439 56 0 0 
76 482 23 0 0 
59 331 69 0 0 
20 488 22 0 0 
35 386 2 0 0 
30 410 27 0 0 
30 461 35 0 0 
64 330 0 0 0 
31 386 91 0 0 
74 410 53 0 0 
64 398 10 0 0 
23 461 79 0 0 
11 417 16 0 0 
39 412 52 0 0 
27 288 18 0 0 
12 526 23 0 0 
82 407 20 0 0 
31 481 21 0 0 
72 378 48 0 0 
21 509 34 0 0 
16 507 7 0 0 
31 446 0 0 0 
55 407 46 0 0 
40 270 70 0 0 
108 363 10 0 0 
35 436 62 0 0 
47 236 90 0 0 
10 336 20 2 0 
14 419 21 0 0 
12 410 43 0 0 
57 316 44 0 0 
32 357 12 0 0 
18 367 41 0 0 
34 449 80 0 0 
10 442 7 0 0 
15 459 23 0 0 
50 390 53 0 0 
19 521 83 0 0 
61 392 14 0 0 
7 456 28 0 0 
3 368 0 0 0 
57 425 10 0 0 
29 379 76 0 0 
27 463 87 0 0 
96 427 37 0 0 
36 438 16 0 0 
19 356 7 0 0 
40 435 5 0 0 
17 487 29 0 0 
30 432 19 0 0 
38 473 30 0 0 
31 347 61 0 0 
2 456 19 0 0 
87 483 24 0 0 
48 305 4 0 0 
9 270 119 0 0 
31 353 62 0 0 
173 285 7 0 0 
11 473 42 0 0 
54 390 59 0 0 
113 307 31 0 0 
31 444 7 0 0 
14 338 9 0 0 
18 443 38 0 0 
66 404 58 0 0 
32 353 44 0 0 
89 371 45 0 0 
35 485 7 0 0 
49 372 34 0 0 
23 358 22 0 0 
68 393 153 0 0 
16 469 1 0 0 
54 468 9 4 0 
14 339 79 0 0 
42 476 5 0 0 
4 339 41 0 0 
1 468 26 0 0 
8 450 27 0 0 
36 375 47 0 0 
38 374 19 0 0 
7 345 49 0 0 
5 465 35 0 0 
21 465 64 0 0 
33 362 12 0 0 
272 259 0 0 0 
0 342 78 17 0 
41 277 18 0 0 
48 308 10 0 0 
56 305 25 0 0 
98 337 0 0 0 
51 437 65 0 0 
47 433 13 0 0 
17 363 13 7 0 
53 478 12 0 0 
21 349 8 0 0 
22 379 16 0 0 
82 402 10 0 0 
33 235 59 0 0 
28 386 42 0 0 
27 518 9 0 0 
62 466 12 0 0 
64 475 13 0 0 
111 350 2 0 0 
44 219 82 0 0 
27 359 19 0 0 
36 383 78 0 0 
32 458 16 0 0 
58 442 13 0 0 
32 381 83 0 0 
29 427 7 0 0 
72 260 56 0 0 
64 405 22 0 0 
26 478 0 0 0 
4 446 101 0 0 
29 403 106 0 0 
16 306 15 0 0 
141 393 55 0 0 
40 459 18 0 0 
36 452 91 0 0 
35 386 10 0 0 
9 296 65 1 0 
3 357 45 0 0 
33 480 30 0 0 
26 340 93 0 0 
25 476 29 0 0 
22 519 1 0 0 
33 554 2 0 0 
59 379 2 0 0 
44 485 13 0 0 
64 400 40 0 0 
48 412 18 0 0 
19 283 191 0 0 
34 384 28 0 0 
134 512 22 0 0 
90 333 2 0 0 
11 395 77 0 0 
28 371 27 0 0 
26 296 8 0 0 
6 386 69 0 0 
98 257 9 0 0 
15 486 38 0 0 
58 355 85 0 0 
21 562 35 0 0 
44 331 75 0 0 
115 409 12 0 0 
88 453 34 0 0 
29 450 6 0 0 
27 475 0 0 0 
2 531 24 0 0 
17 511 7 0 0 
24 515 21 0 0 
63 394 29 0 0 
54 314 1 0 0 
3 326 70 0 0 
32 322 30 0 0 
31 458 55 0 0 
71 430 35 0 0 
50 502 22 0 0 
38 408 38 0 0 
9 498 33 0 0 
78 413 57 0 0 
22 545 22 0 0 
40 361 2 0 0 
2 567 3 0 0 
80 331 13 0 0 
13 431 12 0 0 
19 346 28 0 0 
50 409 13 0 0 
37 341 21 0 0 
41 345 40 0 0 
12 524 0 0 0 
30 457 37 0 0 
40 406 49 0 0 
82 507 13 7 0 
36 344 5 0 0 
15 353 43 0 0 
45 505 1 0 0 
150 316 18 0 0 
8 405 24 0 0 
111 198 0 0 0 
50 300 34 0 0 
60 387 68 0 0 
7 423 67 0 0 
61 300 10 0 0 
17 553 3 0 0 
54 444 41 0 0 
79 341 5 0 0 
27 382 37 0 0 
43 415 7 0 0 
14 570 60 0 0 
41 426 38 0 0 
19 498 15 0 0 
63 242 78 0 0 
20 411 41 0 0 
22 440 16 0 0 
49 378 72 0 0 
96 429 69 0 0 
8 390 156 0 0 
8 494 0 0 0 
54 424 88 0 0 
24 620 4 0 0 
76 452 97 0 0 
29 325 12 37 0 
37 514 25 0 0 
18 414 25 0 0 
6 467 27 0 0 
6 419 26 0 0 
100 584 15 0 0 
17 448 40 0 0 
76 424 49 0 0 
49 502 41 0 0 
3 503 1 0 0 
54 274 37 0 0 
53 415 0 0 0 
89 426 19 0 0 
52 299 83 0 0 
20 398 51 0 0 
58 482 21 0 0 
6 460 11 0 0 
38 538 87 0 0 
31 399 22 0 0 
62 322 5 0 0 
30 542 4 0 0 
19 497 61 0 0 
67 431 23 0 0 
15 346 11 0 0 
29 463 2 0 0 
15 398 10 0 0 
49 365 60 0 0 
43 451 33 0 0 
67 273 121 0 0 
97 366 25 0 0 
48 353 21 0 0 
20 383 76 0 0 
74 349 23 0 0 
54 375 26 0 0 
31 473 16 0 0 
72 358 33 0 0 
21 443 27 0 0 
56 496 25 0 0 
17 344 34 0 0 
39 495 88 0 0 
32 459 48 0 0 
4 393 107 0 0 
23 458 32 0 0 
37 447 15 0 0 
43 533 42 0 0 
29 441 78 0 0 
58 413 28 0 0 
65 377 3 0 0 
17 506 10 0 0 
89 369 97 0 0 
13 508 30 0 0 
27 552 57 0 0 
85 406 18 0 0 
21 439 26 0 0 
11 469 15 0 0 
4 455 15 0 0 
19 464 41 0 0 
94 321 26 0 0 
35 481 0 0 0 
26 419 13 0 0 
4 434 39 0 0 
23 353 86 0 0 
0 420 13 0 0 
69 361 43 0 0 
21 370 31 0 0 
73 440 43 0 0 
55 487 7 0 0 
51 297 32 0 0 
84 465 3 0 0 
0 597 38 0 0 
36 543 10 0 0 
5 521 49 0 0 
18 493 28 0 0 
25 411 54 0 0 
38 500 32 0 0 
60 412 11 0 0 
107 309 16 0 0 
30 331 49 0 0 
8 476 50 0 0 
14 399 12 0 0 
42 383 7 0 0 
25 428 46 0 0 
30 485 37 0 0 
2 427 107 0 0 
47 507 25 0 0 
8 438 7 0 0 
51 382 55 0 0 
33 442 6 0 0 
38 482 26 0 0 
92 400 70 0 0 
50 323 63 0 0 
15 421 6 0 0 
71 409 6 0 0 
90 409 12 0 0 
19 393 110 0 0 
38 418 60 0 0 
0 507 12 0 0 
71 326 0 0 0 
35 380 56 0 0 
14 476 21 0 0 
84 288 52 0 0 
32 425 107 0 0 
52 419 29 0 0 
34 414 6 0 0 
46 446 11 0 0 
46 387 51 0 0 
68 438 80 0 0 
6 386 44 0 0 
27 511 37 0 0 
80 411 16 0 0 
0 406 7 0 0 
5 584 12 0 0 
56 493 5 0 0 
19 416 42 0 0 
36 324 46 0 0 
31 461 9 0 0 
50 334 32 0 0 
0 484 25 0 0 
4 223 9 0 0 
58 401 13 0 0 
21 311 8 0 0 
24 433 59 0 0 
21 417 32 0 0 
87 429 8 0 0 
17 541 11 0 0 
45 333 98 0 0 
26 448 13 0 0 
19 503 19 0 0 
15 441 22 0 0 
90 458 14 0 0 
33 357 6 0 0 
47 517 17 0 0 
23 428 34 0 0 
77 368 29 0 0 
41 367 1 0 0 
18 401 25 0 0 
69 402 0 0 0 
43 348 21 0 0 
49 313 114 0 0 
14 431 63 0 0 
33 360 55 0 0 
17 432 17 0 0 
20 404 9 0 0 
20 409 29 0 0 
81 351 0 0 0 
46 415 9 0 0 
36 488 2 0 0 
124 415 33 0 0 
73 301 86 0 0 
49 342 32 0 0 
79 197 5 0 0 
20 471 11 0 0 
50 357 87 0 0 
18 353 37 0 0 
33 338 69 0 0 
37 404 17 0 0 
41 430 32 0 0 
54 272 49 0 0 
11 369 12 0 0 
21 362 86 0 0 
17 527 85 0 0 
97 299 13 0 0 
116 303 92 0 0 
15 343 27 0 0 
15 328 66 0 0 
130 403 7 0 0 
18 406 24 0 0 
161 404 39 0 0 
32 451 21 0 0 
109 308 10 0 0 
50 455 46 0 0 
1 267 28 0 0 
59 507 37 0 0 
34 410 19 0 0 
24 544 15 0 0 
14 493 32 0 0 
21 474 2 0 0 
2 451 16 0 0 
25 391 12 0 0 
27 375 28 0 0 
42 471 38 0 0 
5 487 19 0 0 
26 568 1 0 0 
81 391 33 0 0 
2 560 20 0 0 
44 479 10 0 0 
89 337 93 0 0 
104 265 38 0 0 
44 362 56 0 0 
30 483 45 0 0 
109 334 44 0 0 
43 443 72 0 0 
83 198 103 0 0 
80 488 5 0 0 
76 480 29 0 0 
74 426 2 0 0 
24 416 48 0 0 
14 541 16 0 0 
62 455 3 0 0 
69 354 38 0 0 
31 471 21 0 0 
45 390 57 0 0 
37 465 37 0 0 
49 364 51 0 0 
58 506 9 0 0 
21 405 66 0 0 
30 309 1 0 0 
44 381 88 29 0 
54 469 8 0 0 
38 323 23 0 0 
64 601 17 0 0 
3 357 81 0 0 
10 373 7 0 0 
38 442 40 0 0 
21 373 9 0 0 
64 432 3 0 0 
110 385 31 0 0 
22 432 7 0 0 
18 401 26 0 0 
6 372 36 0 0 
53 459 71 0 0 
50 476 22 0 0 
14 348 31 0 0 
36 265 132 0 0 
16 499 80 0 0 
59 376 10 0 0 
8 462 59 0 0 
1 493 40 0 0 
66 409 11 0 0 
102 304 35 0 0 
38 417 4 0 0 
114 407 11 0 0 
7 505 38 0 0 
51 380 37 0 0 
23 472 23 0 0 
73 447 12 0 0 
9 500 10 0 0 
22 407 7 0 0 
1 516 4 0 0 
27 269 19 0 0 
47 414 15 0 0 
150 359 59 0 0 
2 359 57 0 0 
8 588 8 0 0 
1 486 16 0 0 
6 292 6 0 0 
7 408 88 0 0 
12 360 35 0 0 
126 314 44 0 0 
21 337 12 0 0 
45 460 0 0 0 
64 432 13 0 0 
166 369 25 0 0 
31 541 9 0 0 
26 493 43 0 0 
36 452 46 0 0 
34 313 2 0 0 
63 431 2 0 0 
21 613 0 0 0 
88 442 12 0 0 
67 419 53 0 0 
58 434 32 0 0 
11 467 17 0 0 
79 267 4 0 0 
17 359 44 0 0 
6 435 43 0 0 
41 326 28 0 0 
2 558 35 0 0 
12 438 13 0 0 
2 451 93 0 0 
