0 0 32 
0 0 9 
0 0 17 
0 0 46 
0 0 34 
0 0 6 
0 5 19 
0 1 46 
0 0 59 
0 0 20 
0 0 50 
0 3 15 
0 0 15 
0 6 9 
0 0 0 
0 0 36 
0 0 31 
0 0 43 
0 2 25 
0 6 77 
0 4 17 
0 0 30 
0 0 39 
0 2 35 
0 3 3 
0 0 98 
0 0 46 
0 0 123 
0 0 24 
0 0 57 
0 0 3 
0 1 93 
0 0 56 
0 0 40 
0 0 56 
0 0 49 
0 0 66 
0 0 15 
0 0 6 
0 0 25 
0 14 31 
0 0 19 
0 0 31 
0 0 18 
0 0 20 
0 0 24 
0 0 29 
0 0 39 
0 0 30 
0 0 54 
0 4 23 
0 0 38 
0 0 4 
0 0 24 
0 2 37 
0 0 56 
0 0 39 
0 0 11 
0 0 39 
0 0 36 
0 0 49 
0 0 27 
0 0 37 
0 3 50 
0 0 25 
0 0 50 
0 14 37 
0 0 6 
0 0 40 
0 0 2 
0 0 39 
0 0 50 
0 10 105 
0 0 15 
0 0 22 
0 0 86 
0 0 22 
0 11 39 
0 1 44 
0 0 23 
0 4 49 
0 0 36 
0 0 7 
0 3 112 
0 10 9 
0 1 25 
0 0 7 
0 0 105 
0 0 49 
0 0 108 
0 0 51 
0 1 11 
0 0 40 
0 5 2 
0 0 69 
0 0 13 
0 0 56 
0 0 21 
0 0 57 
0 2 36 
0 0 8 
0 0 9 
0 9 78 
0 0 18 
0 4 2 
0 0 6 
0 0 8 
0 12 49 
0 1 35 
0 4 25 
0 0 11 
0 0 25 
0 0 88 
0 0 45 
0 0 84 
0 0 12 
0 0 26 
0 0 65 
0 7 83 
0 0 22 
0 0 33 
0 0 41 
0 0 40 
0 0 23 
0 0 26 
0 10 2 
0 0 42 
0 0 21 
0 11 54 
0 11 28 
0 5 39 
0 0 35 
0 6 30 
0 0 27 
0 5 99 
0 0 61 
0 0 68 
0 0 72 
0 0 18 
0 0 59 
0 0 21 
0 0 63 
0 0 29 
0 0 7 
0 0 14 
0 0 23 
0 11 39 
0 0 39 
0 0 25 
0 7 77 
0 4 9 
0 0 10 
0 0 21 
0 0 9 
0 0 104 
0 0 154 
0 1 17 
0 0 25 
0 0 31 
0 0 2 
0 0 0 
0 3 24 
0 0 54 
0 0 20 
0 0 23 
0 0 13 
0 0 13 
0 0 63 
0 3 16 
0 0 89 
0 2 11 
0 0 111 
0 0 41 
0 0 49 
0 0 76 
0 0 68 
0 0 3 
0 0 26 
0 0 26 
0 0 91 
0 0 17 
0 6 29 
0 0 43 
0 4 51 
0 0 60 
0 24 41 
0 0 52 
0 0 22 
0 0 14 
0 0 9 
0 0 31 
0 1 13 
0 1 11 
0 0 10 
0 0 28 
0 0 29 
0 0 48 
0 0 42 
0 0 12 
0 7 23 
0 0 40 
0 0 37 
0 0 30 
0 0 54 
0 0 66 
0 0 95 
0 4 44 
0 0 71 
0 0 73 
0 1 21 
0 0 56 
0 0 54 
0 0 17 
0 0 27 
0 2 93 
0 0 3 
0 0 57 
0 0 18 
0 0 15 
0 12 86 
0 0 63 
0 0 29 
0 0 18 
0 0 85 
0 0 42 
0 0 69 
0 2 18 
0 0 9 
0 0 0 
0 21 5 
0 0 38 
0 0 29 
0 0 40 
0 0 51 
0 4 52 
0 0 31 
0 2 25 
0 0 20 
0 0 17 
0 3 11 
0 0 22 
0 0 52 
0 0 0 
0 0 68 
0 0 88 
0 0 64 
0 0 40 
0 0 26 
0 0 67 
0 2 66 
0 0 30 
0 0 38 
0 3 16 
0 5 140 
0 0 23 
0 0 40 
0 1 48 
0 0 31 
0 0 15 
0 0 178 
0 9 22 
0 0 49 
0 2 62 
0 0 57 
0 0 21 
0 0 41 
0 0 31 
0 0 87 
0 0 10 
0 5 38 
0 0 38 
0 0 28 
0 0 56 
0 3 186 
0 3 7 
0 0 48 
0 0 134 
0 8 11 
0 8 45 
0 0 40 
0 0 76 
0 0 20 
0 0 25 
0 0 1 
0 1 70 
0 0 22 
0 0 51 
0 0 20 
0 0 18 
0 0 34 
0 0 23 
0 0 20 
0 0 39 
0 0 40 
0 0 37 
0 0 44 
0 0 19 
0 0 16 
0 0 32 
0 4 43 
0 0 32 
0 0 61 
0 0 19 
0 0 71 
0 3 46 
0 0 99 
0 0 61 
0 1 105 
0 0 56 
0 0 32 
0 0 90 
0 0 31 
0 0 8 
0 10 27 
0 0 29 
0 0 17 
0 1 79 
0 0 27 
0 0 15 
0 0 23 
0 1 30 
0 0 30 
0 7 40 
0 0 0 
0 18 77 
0 0 19 
0 6 11 
0 0 55 
0 0 73 
0 0 79 
0 6 4 
0 0 24 
0 4 21 
0 7 43 
0 0 48 
0 0 1 
0 0 39 
0 0 64 
0 0 8 
0 0 9 
0 0 48 
0 0 30 
0 5 19 
0 0 49 
0 0 44 
0 0 32 
0 7 21 
0 0 97 
0 0 19 
0 0 58 
0 0 10 
0 0 40 
0 0 62 
0 3 29 
0 3 17 
0 7 83 
0 0 56 
0 0 41 
0 0 48 
0 1 47 
0 2 19 
0 0 12 
0 0 135 
0 0 46 
0 4 69 
0 0 22 
0 0 17 
0 0 19 
0 4 34 
0 0 43 
0 0 4 
0 0 26 
0 1 5 
0 0 3 
0 0 43 
0 0 36 
0 0 8 
0 0 67 
0 0 40 
0 0 48 
0 0 72 
0 3 21 
0 0 5 
0 0 47 
0 6 35 
0 0 10 
0 0 6 
0 0 51 
0 0 21 
0 0 103 
0 0 63 
0 1 41 
0 4 22 
0 0 30 
0 0 12 
0 1 33 
0 1 22 
0 1 29 
0 0 25 
0 14 11 
0 0 82 
0 0 32 
0 0 14 
0 0 41 
0 0 56 
0 4 25 
0 0 39 
0 0 0 
0 0 34 
0 0 38 
0 0 75 
0 0 5 
0 21 12 
0 0 15 
0 0 99 
0 0 61 
0 0 45 
0 0 35 
0 0 18 
0 0 28 
0 0 79 
0 0 3 
0 0 16 
0 0 59 
0 4 40 
0 0 73 
0 0 35 
0 1 42 
0 0 30 
0 0 29 
0 0 28 
0 0 27 
0 0 26 
0 0 6 
0 2 38 
0 0 39 
0 4 33 
0 14 20 
0 0 68 
0 0 3 
0 0 25 
0 7 6 
0 0 12 
0 0 108 
0 0 96 
0 8 81 
0 0 73 
0 0 19 
0 2 54 
0 6 66 
0 1 46 
0 4 77 
0 0 94 
0 0 7 
0 0 19 
0 0 26 
0 0 122 
0 0 6 
0 1 32 
0 0 10 
0 1 52 
0 3 25 
0 0 65 
0 0 14 
0 0 33 
0 0 47 
0 0 44 
0 0 43 
0 0 80 
0 16 62 
0 0 37 
0 0 19 
0 0 54 
0 0 14 
0 0 1 
0 5 18 
0 2 17 
0 0 33 
0 0 4 
0 0 147 
0 37 31 
0 0 97 
0 0 49 
0 0 90 
0 0 44 
0 0 26 
0 0 10 
0 0 45 
0 0 17 
0 0 23 
0 0 42 
0 9 29 
0 1 27 
0 0 26 
0 3 45 
0 0 0 
0 1 26 
0 0 31 
0 19 27 
0 0 34 
0 0 23 
0 12 16 
0 0 28 
0 1 32 
0 0 7 
0 1 4 
0 0 7 
0 0 6 
0 0 19 
0 4 91 
0 4 32 
0 0 37 
0 2 41 
0 0 114 
0 0 115 
0 4 7 
0 6 36 
0 0 37 
0 4 76 
0 0 22 
0 0 72 
0 0 39 
0 1 38 
0 0 68 
0 5 46 
0 0 46 
0 0 37 
0 16 39 
0 1 36 
0 0 63 
0 0 35 
0 0 50 
0 0 29 
0 0 13 
0 0 63 
0 0 49 
0 0 4 
0 3 18 
0 0 14 
0 0 20 
0 0 55 
0 1 48 
0 0 8 
0 0 102 
0 1 16 
0 0 54 
0 11 37 
0 3 24 
0 0 66 
0 8 36 
0 3 30 
0 0 83 
0 0 38 
0 2 35 
0 0 35 
0 0 17 
0 0 53 
0 2 26 
0 0 48 
0 0 3 
0 0 75 
0 0 79 
0 1 64 
0 0 36 
0 0 11 
0 0 94 
0 0 167 
0 0 61 
0 0 13 
0 0 42 
0 0 17 
0 0 45 
0 0 35 
0 0 89 
0 0 53 
0 0 19 
0 0 45 
0 0 58 
0 0 106 
0 0 16 
0 0 40 
0 0 87 
0 0 11 
0 0 43 
0 0 75 
0 0 103 
0 0 20 
0 0 30 
0 10 50 
0 0 40 
0 10 32 
0 0 60 
0 6 10 
0 5 47 
0 0 12 
0 0 91 
0 0 44 
0 0 18 
0 0 21 
0 0 51 
0 0 8 
0 0 42 
0 9 52 
0 0 39 
0 0 44 
0 0 84 
0 5 34 
0 0 38 
0 0 16 
0 0 48 
0 2 44 
0 0 24 
0 0 54 
0 0 42 
0 4 12 
0 0 86 
0 0 2 
0 0 43 
0 0 51 
0 0 46 
0 0 3 
0 0 30 
0 1 30 
0 0 109 
0 0 40 
0 0 29 
0 0 46 
0 0 56 
0 1 24 
0 8 22 
0 0 79 
0 0 19 
0 0 87 
0 0 57 
0 0 23 
0 1 16 
0 0 34 
0 0 8 
0 7 8 
0 3 23 
0 0 26 
0 0 16 
0 0 13 
0 0 50 
0 0 45 
0 0 20 
0 0 2 
0 0 12 
0 2 25 
0 0 35 
0 3 29 
0 0 9 
0 0 78 
0 0 70 
0 0 33 
0 3 47 
0 0 37 
0 5 18 
0 0 50 
0 0 43 
0 10 43 
0 0 60 
0 5 56 
0 13 32 
0 0 78 
0 0 34 
0 0 63 
0 0 23 
0 4 14 
0 0 14 
0 0 18 
0 0 50 
0 0 27 
0 7 18 
0 0 102 
0 0 20 
0 0 16 
0 0 31 
0 0 10 
0 0 75 
0 0 86 
0 0 10 
0 0 142 
0 0 93 
0 0 19 
0 2 36 
0 2 46 
0 0 29 
0 2 55 
0 4 36 
0 3 16 
0 0 56 
0 0 38 
0 2 30 
0 0 85 
0 0 11 
0 0 42 
0 1 75 
0 0 37 
0 0 12 
0 0 88 
0 0 11 
0 0 92 
0 0 41 
0 0 30 
0 0 3 
0 13 9 
0 0 28 
0 36 20 
0 0 10 
0 2 7 
0 0 22 
0 0 25 
0 2 26 
0 0 15 
0 0 66 
0 0 54 
0 0 35 
0 6 35 
0 0 8 
0 0 38 
0 1 75 
0 0 9 
0 0 41 
0 5 7 
0 9 30 
0 0 30 
0 0 28 
0 0 31 
0 0 26 
0 2 17 
0 0 39 
0 0 38 
0 0 11 
0 3 10 
0 0 5 
0 0 38 
0 0 70 
0 0 78 
0 0 14 
0 0 46 
0 0 19 
0 21 57 
0 20 24 
0 0 3 
0 0 30 
0 0 67 
0 0 75 
0 0 111 
0 0 11 
0 0 21 
0 1 45 
0 0 44 
0 0 67 
0 0 4 
0 5 10 
0 0 21 
0 0 5 
0 0 70 
0 8 25 
0 13 17 
0 0 74 
0 0 66 
0 0 28 
0 0 16 
0 0 57 
0 0 32 
0 0 78 
0 0 59 
0 0 14 
0 0 115 
0 0 16 
0 0 11 
0 0 29 
0 1 56 
0 0 30 
0 4 22 
0 1 62 
0 1 13 
0 0 29 
0 0 19 
0 0 52 
0 4 80 
0 0 11 
0 0 31 
0 1 28 
0 0 102 
0 2 16 
0 0 43 
0 1 24 
0 0 19 
0 11 10 
0 0 13 
0 0 0 
0 0 42 
0 0 12 
0 0 9 
0 0 6 
0 0 19 
0 1 43 
0 0 38 
0 1 51 
0 0 41 
0 4 6 
0 0 12 
0 0 32 
0 0 56 
0 0 18 
0 5 14 
0 0 16 
0 0 3 
0 0 65 
0 0 104 
0 16 20 
0 10 35 
0 3 16 
0 0 38 
0 0 14 
0 0 16 
0 8 72 
0 0 7 
0 0 36 
0 0 36 
0 9 9 
0 0 54 
0 0 46 
0 0 29 
0 0 32 
0 0 35 
0 0 85 
0 3 17 
0 3 54 
0 7 57 
0 0 51 
0 0 45 
0 0 8 
0 0 39 
0 3 31 
0 0 124 
0 1 62 
0 0 61 
0 0 14 
0 0 49 
0 14 19 
0 0 46 
0 0 32 
0 0 29 
0 18 43 
0 0 33 
0 1 112 
0 1 6 
0 0 16 
0 8 38 
0 0 25 
0 0 2 
0 0 37 
0 0 85 
0 0 29 
0 0 78 
0 0 9 
0 0 57 
0 0 31 
0 0 14 
0 0 66 
0 0 45 
0 0 14 
0 0 62 
0 0 55 
0 0 42 
0 7 40 
0 0 1 
0 0 32 
0 0 100 
0 0 39 
0 0 9 
0 0 18 
0 0 18 
0 0 0 
0 0 11 
0 0 98 
0 0 15 
0 1 8 
0 9 9 
0 7 24 
0 0 3 
0 0 30 
0 0 26 
0 0 56 
0 0 11 
0 0 64 
0 0 27 
0 0 110 
0 0 64 
0 2 62 
0 7 65 
0 0 25 
0 0 40 
0 0 17 
0 0 69 
0 0 23 
0 0 9 
0 0 82 
0 0 10 
0 1 11 
0 0 132 
0 0 68 
0 0 21 
0 0 62 
0 0 62 
0 0 35 
0 3 17 
0 0 3 
0 0 54 
0 0 76 
0 0 24 
0 4 12 
0 0 55 
0 0 22 
0 0 47 
0 0 61 
0 0 41 
0 0 4 
0 14 20 
0 0 6 
0 1 46 
0 0 27 
0 0 18 
0 1 24 
0 1 39 
0 0 1 
0 0 50 
0 1 33 
0 0 75 
0 0 99 
0 18 38 
0 1 31 
0 0 64 
0 0 2 
0 0 48 
0 0 42 
0 0 9 
0 0 20 
0 0 19 
0 0 16 
0 0 19 
0 1 37 
0 0 43 
0 0 16 
0 0 41 
0 0 40 
0 0 43 
0 0 36 
0 0 22 
0 0 46 
0 0 24 
0 0 133 
0 0 17 
0 0 8 
0 0 21 
0 5 39 
0 0 29 
0 0 61 
0 8 11 
0 0 19 
0 3 22 
0 0 53 
0 0 26 
0 0 0 
0 0 57 
0 0 55 
0 0 24 
0 0 36 
0 0 57 
0 0 23 
0 0 23 
0 2 30 
0 0 35 
0 0 47 
0 0 67 
0 0 43 
0 3 157 
0 0 120 
0 0 17 
0 12 31 
0 0 35 
0 0 19 
0 0 42 
0 0 70 
0 0 55 
0 11 28 
0 0 64 
0 0 28 
0 0 27 
0 0 11 
0 0 116 
0 0 52 
0 0 23 
0 0 35 
0 3 10 
0 0 24 
