488 244 268 
517 260 223 
510 237 253 
524 241 235 
493 257 250 
511 259 230 
521 263 216 
557 239 204 
493 235 272 
490 260 250 
550 254 196 
596 247 157 
521 282 197 
552 262 186 
500 255 245 
530 240 230 
589 246 165 
523 220 257 
478 239 283 
492 217 291 
514 247 239 
506 269 225 
577 253 170 
567 243 190 
575 244 181 
480 210 310 
498 236 266 
497 241 262 
546 258 196 
512 285 203 
531 253 216 
518 262 220 
542 234 224 
515 230 255 
497 214 289 
497 244 259 
550 245 205 
557 234 209 
570 278 152 
499 231 270 
489 258 253 
492 225 283 
525 288 187 
511 292 197 
484 305 211 
556 273 171 
439 257 304 
522 240 238 
562 253 185 
565 247 188 
552 266 182 
559 227 214 
584 224 192 
593 238 169 
535 264 201 
562 241 197 
588 214 198 
511 270 219 
541 261 198 
529 227 244 
497 268 235 
461 232 307 
514 251 235 
502 267 231 
547 261 192 
411 235 354 
550 257 193 
479 242 279 
549 234 217 
631 222 147 
558 263 179 
517 271 212 
474 287 239 
566 268 166 
547 251 202 
581 253 166 
554 205 241 
461 227 312 
630 209 161 
508 256 236 
540 262 198 
516 274 210 
499 259 242 
502 267 231 
546 216 238 
509 209 282 
556 264 180 
525 259 216 
540 255 205 
561 249 190 
485 194 321 
522 244 234 
537 244 219 
505 233 262 
531 235 234 
563 209 228 
526 238 236 
488 227 285 
545 276 179 
482 252 266 
553 234 213 
495 249 256 
529 278 193 
567 180 253 
531 240 229 
494 260 246 
591 215 194 
531 212 257 
533 242 225 
550 251 199 
506 263 231 
481 280 239 
571 246 183 
515 249 236 
585 252 163 
552 245 203 
517 224 259 
542 240 218 
455 282 263 
542 284 174 
549 218 233 
567 231 202 
485 262 253 
590 221 189 
559 226 215 
565 248 187 
531 241 228 
425 238 337 
507 249 244 
490 216 294 
610 225 165 
560 219 221 
467 289 244 
524 254 222 
529 254 217 
502 198 300 
529 245 226 
508 243 249 
487 263 250 
505 236 259 
438 248 314 
571 219 210 
527 243 230 
529 224 247 
515 216 269 
558 254 188 
561 254 185 
606 174 220 
553 236 211 
553 271 176 
507 183 310 
521 262 217 
491 261 248 
537 260 203 
594 233 173 
572 255 173 
514 232 254 
492 302 206 
579 233 188 
536 214 250 
573 228 199 
531 227 242 
539 244 217 
549 264 187 
464 290 246 
530 229 241 
548 280 172 
543 218 239 
553 256 191 
524 229 247 
455 270 275 
531 226 243 
505 271 224 
571 202 227 
552 252 196 
560 286 154 
453 262 285 
559 233 208 
533 261 206 
546 230 224 
590 237 173 
539 259 202 
540 229 231 
464 258 278 
499 272 229 
558 261 181 
531 242 227 
462 270 268 
560 241 199 
515 274 211 
493 208 299 
542 244 214 
525 253 222 
514 287 199 
525 215 260 
503 257 240 
531 259 210 
530 241 229 
539 230 231 
502 205 293 
527 279 194 
468 299 233 
608 206 186 
484 253 263 
493 255 252 
496 265 239 
524 229 247 
509 263 228 
477 259 264 
560 233 207 
527 267 206 
583 221 196 
513 288 199 
513 264 223 
557 249 194 
525 247 228 
500 246 254 
495 218 287 
517 270 213 
547 229 224 
526 252 222 
487 267 246 
628 195 177 
510 241 249 
409 242 349 
520 303 177 
527 226 247 
529 259 212 
480 233 287 
553 207 240 
481 249 270 
554 204 242 
537 222 241 
453 252 295 
562 231 207 
568 226 206 
503 264 233 
522 253 225 
595 256 149 
587 220 193 
588 194 218 
565 236 199 
541 215 244 
571 248 181 
514 270 216 
552 207 241 
503 262 235 
565 210 225 
554 251 195 
504 249 247 
491 234 275 
504 258 238 
555 237 208 
503 284 213 
543 252 205 
534 259 207 
507 212 281 
569 268 163 
590 247 163 
601 220 179 
482 273 245 
551 256 193 
548 273 179 
475 262 263 
480 282 238 
493 273 234 
543 199 258 
544 213 243 
528 265 207 
526 225 249 
504 272 224 
463 285 252 
617 242 141 
536 281 183 
467 286 247 
476 252 272 
547 261 192 
468 259 273 
531 277 192 
570 236 194 
576 240 184 
600 262 138 
476 255 269 
484 234 282 
548 234 218 
513 251 236 
399 240 361 
506 234 260 
487 238 275 
525 276 199 
557 260 183 
528 259 213 
528 295 177 
615 205 180 
588 271 141 
489 252 259 
520 256 224 
532 245 223 
492 262 246 
511 244 245 
495 231 274 
548 237 215 
589 205 206 
545 234 221 
511 300 189 
514 220 266 
508 238 254 
536 239 225 
554 222 224 
521 236 243 
506 254 240 
513 251 236 
532 228 240 
526 269 205 
509 270 221 
595 204 201 
445 238 317 
522 223 255 
562 254 184 
517 241 242 
530 287 183 
533 225 242 
486 208 306 
519 216 265 
566 218 216 
566 264 170 
568 242 190 
482 266 252 
472 236 292 
501 256 243 
499 273 228 
541 290 169 
517 280 203 
525 276 199 
509 296 195 
512 240 248 
507 244 249 
591 234 175 
492 285 223 
533 260 207 
538 256 206 
533 216 251 
579 222 199 
528 250 222 
586 218 196 
520 215 265 
551 260 189 
556 233 211 
512 238 250 
525 255 220 
566 211 223 
539 209 252 
479 264 257 
587 248 165 
589 243 168 
543 227 230 
560 237 203 
492 230 278 
548 257 195 
483 254 263 
522 268 210 
549 248 203 
516 233 251 
559 272 169 
603 262 135 
439 224 337 
479 241 280 
519 281 200 
545 267 188 
516 222 262 
550 230 220 
488 282 230 
529 241 230 
507 273 220 
502 276 222 
555 245 200 
532 270 198 
563 260 177 
552 227 221 
630 201 169 
504 253 243 
520 258 222 
465 261 274 
538 252 210 
519 186 295 
632 232 136 
506 271 223 
538 208 254 
518 256 226 
494 257 249 
556 244 200 
449 246 305 
519 258 223 
595 228 177 
541 265 194 
520 225 255 
504 252 244 
529 266 205 
566 267 167 
515 220 265 
549 225 226 
438 242 320 
533 257 210 
576 262 162 
490 289 221 
501 276 223 
540 237 223 
558 260 182 
511 244 245 
540 275 185 
557 226 217 
489 282 229 
508 235 257 
461 232 307 
532 291 177 
597 193 210 
439 228 333 
578 248 174 
465 230 305 
567 255 178 
551 283 166 
598 264 138 
599 247 154 
476 244 280 
518 209 273 
467 260 273 
543 231 226 
487 248 265 
513 273 214 
550 263 187 
480 254 266 
542 246 212 
539 245 216 
575 227 198 
518 276 206 
494 260 246 
594 232 174 
463 311 226 
620 195 185 
536 226 238 
553 213 234 
488 318 194 
546 250 204 
489 215 296 
594 213 193 
512 264 224 
503 291 206 
542 260 198 
543 268 189 
544 297 159 
488 256 256 
572 237 191 
516 247 237 
552 257 191 
525 267 208 
540 214 246 
584 204 212 
470 264 266 
493 279 228 
543 236 221 
497 218 285 
521 229 250 
600 245 155 
581 223 196 
563 255 182 
527 226 247 
509 268 223 
497 289 214 
525 255 220 
536 233 231 
587 230 183 
465 273 262 
485 273 242 
601 177 222 
600 227 173 
500 301 199 
571 252 177 
603 262 135 
548 258 194 
513 252 235 
451 243 306 
483 250 267 
515 292 193 
568 250 182 
481 239 280 
527 245 228 
587 217 196 
515 263 222 
526 257 217 
523 225 252 
542 259 199 
568 227 205 
533 198 269 
607 241 152 
509 259 232 
535 265 200 
587 203 210 
616 180 204 
533 229 238 
536 259 205 
470 270 260 
553 229 218 
543 251 206 
526 211 263 
475 304 221 
485 265 250 
529 258 213 
461 277 262 
511 251 238 
497 223 280 
622 222 156 
566 246 188 
506 266 228 
584 271 145 
508 230 262 
516 243 241 
537 269 194 
537 292 171 
479 250 271 
498 254 248 
511 273 216 
492 263 245 
541 255 204 
504 268 228 
551 260 189 
574 267 159 
525 260 215 
518 241 241 
524 276 200 
536 256 208 
504 241 255 
531 244 225 
558 242 200 
530 238 232 
565 212 223 
562 252 186 
542 235 223 
481 298 221 
504 278 218 
506 286 208 
569 256 175 
551 238 211 
518 256 226 
587 202 211 
553 192 255 
522 268 210 
510 261 229 
558 211 231 
476 261 263 
537 224 239 
504 257 239 
526 216 258 
565 236 199 
509 249 242 
546 264 190 
532 242 226 
630 222 148 
518 243 239 
534 227 239 
589 207 204 
496 231 273 
452 260 288 
527 252 221 
561 215 224 
496 274 230 
516 227 257 
532 265 203 
496 267 237 
576 247 177 
537 268 195 
550 247 203 
535 249 216 
516 225 259 
573 211 216 
566 238 196 
544 278 178 
494 269 237 
525 235 240 
526 207 267 
561 248 191 
535 230 235 
497 211 292 
513 218 269 
520 253 227 
514 278 208 
517 232 251 
589 219 192 
525 267 208 
597 215 188 
536 259 205 
486 256 258 
542 275 183 
541 228 231 
556 240 204 
542 271 187 
581 254 165 
559 254 187 
549 209 242 
509 266 225 
612 236 152 
585 228 187 
505 264 231 
515 277 208 
544 240 216 
448 277 275 
562 256 182 
494 229 277 
484 238 278 
560 240 200 
544 237 219 
494 279 227 
490 270 240 
577 187 236 
437 260 303 
532 268 200 
532 290 178 
592 221 187 
493 282 225 
511 204 285 
505 281 214 
552 236 212 
542 226 232 
565 247 188 
582 226 192 
537 269 194 
516 230 254 
509 206 285 
621 190 189 
612 214 174 
570 247 183 
544 238 218 
501 237 262 
578 268 154 
599 239 162 
539 250 211 
562 242 196 
595 225 180 
501 259 240 
555 249 196 
531 267 202 
503 201 296 
490 234 276 
485 250 265 
535 266 199 
555 219 226 
476 288 236 
531 260 209 
516 271 213 
499 234 267 
559 232 209 
520 243 237 
507 280 213 
580 257 163 
549 253 198 
506 209 285 
575 258 167 
456 280 264 
521 244 235 
509 251 240 
493 222 285 
550 222 228 
526 298 176 
517 247 236 
522 241 237 
517 253 230 
530 244 226 
510 216 274 
487 286 227 
521 257 222 
491 259 250 
561 209 230 
498 243 259 
551 220 229 
510 215 275 
588 245 167 
505 244 251 
486 255 259 
538 217 245 
569 236 195 
514 233 253 
580 252 168 
546 278 176 
531 229 240 
569 249 182 
533 282 185 
548 247 205 
532 252 216 
556 286 158 
519 265 216 
518 275 207 
506 284 210 
543 296 161 
522 244 234 
495 286 219 
540 224 236 
521 265 214 
548 256 196 
538 275 187 
588 250 162 
539 238 223 
533 250 217 
545 214 241 
576 259 165 
569 232 199 
577 253 170 
485 271 244 
527 279 194 
492 255 253 
558 260 182 
535 232 233 
524 280 196 
495 210 295 
571 235 194 
512 221 267 
582 249 169 
585 236 179 
554 273 173 
461 353 186 
570 255 175 
577 234 189 
530 244 226 
604 251 145 
518 256 226 
537 277 186 
563 220 217 
563 258 179 
497 233 270 
513 294 193 
533 240 227 
554 236 210 
499 293 208 
489 234 277 
487 265 248 
501 295 204 
548 265 187 
560 206 234 
472 264 264 
532 251 217 
476 239 285 
521 245 234 
512 323 165 
474 262 264 
506 260 234 
582 257 161 
564 244 192 
657 179 164 
557 248 195 
564 244 192 
496 222 282 
504 203 293 
514 222 264 
510 270 220 
487 264 249 
497 217 286 
456 234 310 
550 216 234 
522 253 225 
513 232 255 
505 266 229 
565 234 201 
538 214 248 
524 231 245 
522 231 247 
533 291 176 
571 212 217 
606 230 164 
488 297 215 
527 252 221 
526 282 192 
540 244 216 
494 240 266 
499 241 260 
463 221 316 
465 243 292 
514 262 224 
495 243 262 
548 259 193 
477 239 284 
581 205 214 
532 242 226 
508 224 268 
545 270 185 
595 244 161 
502 253 245 
487 252 261 
512 232 256 
559 217 224 
491 276 233 
493 262 245 
545 262 193 
525 247 228 
587 246 167 
524 266 210 
491 191 318 
468 289 243 
570 241 189 
556 235 209 
511 274 215 
489 254 257 
510 235 255 
492 252 256 
496 254 250 
552 224 224 
458 280 262 
557 242 201 
497 257 246 
452 258 290 
533 248 219 
525 263 212 
523 248 229 
484 256 260 
512 242 246 
521 243 236 
471 281 248 
577 232 191 
565 234 201 
623 222 155 
544 270 186 
561 256 183 
606 240 154 
531 238 231 
458 212 330 
522 242 236 
531 224 245 
502 291 207 
458 238 304 
521 278 201 
493 275 232 
480 267 253 
508 234 258 
522 276 202 
576 228 196 
468 252 280 
483 252 265 
489 254 257 
606 224 170 
601 245 154 
509 268 223 
498 210 292 
516 262 222 
613 220 167 
526 285 189 
497 276 227 
532 271 197 
498 285 217 
499 265 236 
572 233 195 
493 235 272 
557 244 199 
516 279 205 
465 282 253 
502 252 246 
504 291 205 
461 305 234 
502 224 274 
525 221 254 
503 246 251 
577 248 175 
506 211 283 
505 266 229 
560 184 256 
544 218 238 
528 245 227 
541 253 206 
551 258 191 
590 249 161 
537 253 210 
513 269 218 
506 268 226 
441 276 283 
543 276 181 
558 283 159 
517 241 242 
514 263 223 
558 238 204 
492 260 248 
535 243 222 
529 278 193 
522 261 217 
481 220 299 
610 234 156 
517 230 253 
514 266 220 
472 255 273 
566 225 209 
499 249 252 
550 225 225 
499 272 229 
563 213 224 
544 249 207 
505 230 265 
530 259 211 
495 272 233 
540 222 238 
523 247 230 
504 261 235 
493 267 240 
532 257 211 
590 229 181 
561 259 180 
506 224 270 
499 275 226 
573 253 174 
558 233 209 
495 235 270 
528 264 208 
544 227 229 
491 268 241 
494 276 230 
567 235 198 
511 260 229 
496 267 237 
558 274 168 
600 237 163 
526 268 206 
537 244 219 
536 279 185 
585 232 183 
510 252 238 
514 242 244 
541 268 191 
540 247 213 
559 241 200 
532 258 210 
438 263 299 
491 182 327 
500 250 250 
531 247 222 
506 273 221 
469 276 255 
497 270 233 
526 264 210 
554 294 152 
532 248 220 
531 290 179 
518 247 235 
562 283 155 
589 252 159 
513 265 222 
540 265 195 
519 261 220 
553 253 194 
494 271 235 
537 247 216 
575 266 159 
564 250 186 
522 228 250 
513 219 268 
505 239 256 
493 247 260 
463 229 308 
465 212 323 
518 254 228 
570 220 210 
559 230 211 
603 213 184 
565 250 185 
588 261 151 
494 271 235 
611 239 150 
512 224 264 
530 212 258 
586 261 153 
477 251 272 
530 292 178 
514 236 250 
520 235 245 
491 258 251 
562 216 222 
535 237 228 
497 235 268 
539 248 213 
600 241 159 
503 257 240 
480 273 247 
503 223 274 
542 266 192 
550 241 209 
564 188 248 
538 265 197 
605 231 164 
428 273 299 
584 249 167 
450 231 319 
468 244 288 
583 222 195 
559 229 212 
493 235 272 
532 252 216 
526 273 201 
558 230 212 
546 249 205 
492 255 253 
496 285 219 
533 239 228 
510 270 220 
522 260 218 
462 254 284 
566 185 249 
576 242 182 
