724 195 81 
568 248 184 
536 180 284 
601 173 226 
634 221 145 
668 207 125 
672 225 103 
561 244 195 
570 195 235 
622 200 178 
681 217 102 
628 205 167 
689 164 147 
610 153 237 
590 220 190 
626 206 168 
627 174 199 
655 227 118 
633 220 147 
586 167 247 
612 218 170 
640 222 138 
727 171 102 
553 161 286 
622 198 180 
533 253 214 
683 199 118 
646 195 159 
660 156 184 
770 155 75 
592 181 227 
658 232 110 
596 171 233 
484 205 311 
613 213 174 
628 261 111 
598 216 186 
671 240 89 
615 171 214 
675 201 124 
530 176 294 
658 156 186 
547 217 236 
560 212 228 
628 232 140 
604 253 143 
631 171 198 
641 209 150 
571 218 211 
652 226 122 
591 251 158 
580 257 163 
549 199 252 
623 159 218 
580 176 244 
587 214 199 
548 183 269 
668 153 179 
626 242 132 
618 137 245 
646 184 170 
600 253 147 
549 163 288 
643 138 219 
587 216 197 
633 213 154 
643 243 114 
561 247 192 
572 145 283 
575 201 224 
595 183 222 
461 191 348 
715 169 116 
581 272 147 
663 185 152 
680 163 157 
657 228 115 
621 240 139 
614 191 195 
566 189 245 
630 241 129 
600 239 161 
658 240 102 
694 166 140 
619 176 205 
652 123 225 
602 190 208 
609 266 125 
613 198 189 
633 212 155 
627 169 204 
550 216 234 
600 267 133 
689 204 107 
518 184 298 
648 255 97 
594 251 155 
632 192 176 
631 203 166 
733 180 87 
670 176 154 
597 198 205 
630 238 132 
664 235 101 
651 173 176 
656 222 122 
500 170 330 
609 170 221 
543 197 260 
528 245 227 
634 245 121 
568 180 252 
566 232 202 
638 243 119 
656 174 170 
594 222 184 
657 188 155 
647 209 144 
609 207 184 
654 200 146 
580 171 249 
534 225 241 
640 182 178 
646 210 144 
600 195 205 
587 198 215 
631 161 208 
549 121 330 
582 236 182 
637 210 153 
614 222 164 
520 205 275 
523 227 250 
677 190 133 
657 190 153 
532 235 233 
732 184 84 
623 247 130 
592 227 181 
579 256 165 
563 147 290 
655 206 139 
645 226 129 
581 273 146 
726 166 108 
612 208 180 
707 209 84 
650 192 158 
706 177 117 
694 171 135 
699 190 111 
652 167 181 
719 176 105 
721 176 103 
663 194 143 
632 182 186 
587 187 226 
602 219 179 
693 172 135 
629 171 200 
619 183 198 
579 241 180 
569 242 189 
638 215 147 
645 185 170 
593 212 195 
627 256 117 
690 180 130 
493 227 280 
522 213 265 
680 188 132 
628 177 195 
591 200 209 
589 230 181 
678 144 178 
610 152 238 
647 190 163 
580 178 242 
616 217 167 
639 217 144 
641 185 174 
691 179 130 
572 206 222 
591 211 198 
498 236 266 
656 175 169 
657 210 133 
545 213 242 
713 170 117 
683 166 151 
622 216 162 
572 234 194 
601 174 225 
568 218 214 
665 199 136 
648 194 158 
588 268 144 
667 179 154 
651 206 143 
641 196 163 
726 167 107 
605 214 181 
646 199 155 
600 218 182 
591 192 217 
659 185 156 
623 210 167 
703 169 128 
627 274 99 
554 170 276 
624 235 141 
635 245 120 
630 238 132 
638 222 140 
512 188 300 
631 149 220 
607 173 220 
670 144 186 
714 161 125 
653 236 111 
642 135 223 
679 179 142 
623 193 184 
641 227 132 
631 207 162 
660 141 199 
781 162 57 
557 190 253 
701 195 104 
580 233 187 
658 179 163 
603 249 148 
624 183 193 
644 212 144 
614 195 191 
642 203 155 
672 207 121 
686 191 123 
630 177 193 
674 178 148 
630 184 186 
654 228 118 
613 207 180 
664 194 142 
621 213 166 
706 178 116 
646 239 115 
573 199 228 
598 249 153 
604 228 168 
581 184 235 
659 253 88 
698 162 140 
511 160 329 
584 242 174 
593 251 156 
624 207 169 
682 184 134 
518 223 259 
571 155 274 
680 192 128 
710 172 118 
610 212 178 
595 189 216 
592 142 266 
598 197 205 
595 219 186 
563 222 215 
675 181 144 
574 207 219 
656 177 167 
712 169 119 
521 194 285 
623 237 140 
595 233 172 
694 193 113 
658 189 153 
621 217 162 
673 203 124 
596 242 162 
532 196 272 
583 234 183 
657 252 91 
612 209 179 
633 185 182 
683 224 93 
661 198 141 
565 235 200 
590 248 162 
645 262 93 
657 181 162 
509 263 228 
608 214 178 
605 174 221 
647 214 139 
667 205 128 
582 222 196 
680 163 157 
619 187 194 
638 226 136 
641 192 167 
601 143 256 
496 211 293 
594 173 233 
658 219 123 
518 213 269 
668 270 62 
467 231 302 
631 223 146 
567 152 281 
647 211 142 
636 172 192 
684 202 114 
644 192 164 
664 152 184 
569 175 256 
627 203 170 
585 221 194 
629 240 131 
589 165 246 
612 229 159 
632 196 172 
636 199 165 
677 205 118 
644 221 135 
651 199 150 
522 237 241 
608 248 144 
629 202 169 
573 276 151 
605 172 223 
588 223 189 
548 242 210 
588 269 143 
627 272 101 
570 266 164 
603 206 191 
644 199 157 
621 205 174 
608 190 202 
639 184 177 
652 201 147 
625 187 188 
527 246 227 
590 248 162 
531 182 287 
646 228 126 
598 226 176 
619 260 121 
547 274 179 
588 188 224 
645 206 149 
647 200 153 
675 186 139 
649 168 183 
645 134 221 
543 267 190 
577 242 181 
683 210 107 
606 173 221 
599 195 206 
605 255 140 
592 170 238 
624 124 252 
616 239 145 
712 191 97 
605 183 212 
667 223 110 
671 211 118 
551 196 253 
689 190 121 
623 200 177 
634 191 175 
636 199 165 
702 166 132 
682 201 117 
612 238 150 
595 232 173 
614 218 168 
620 153 227 
521 228 251 
624 228 148 
672 207 121 
612 167 221 
632 214 154 
635 173 192 
615 194 191 
716 159 125 
561 199 240 
593 221 186 
527 260 213 
692 198 110 
585 187 228 
697 179 124 
554 219 227 
671 210 119 
616 149 235 
588 198 214 
742 137 121 
655 215 130 
664 236 100 
591 251 158 
623 164 213 
547 238 215 
646 193 161 
618 257 125 
662 204 134 
706 178 116 
495 227 278 
613 189 198 
581 181 238 
632 185 183 
590 235 175 
560 244 196 
532 191 277 
620 215 165 
581 236 183 
650 212 138 
614 190 196 
633 225 142 
669 172 159 
641 177 182 
602 246 152 
608 170 222 
658 226 116 
672 224 104 
724 184 92 
618 232 150 
672 183 145 
656 174 170 
656 190 154 
557 210 233 
615 251 134 
547 188 265 
639 192 169 
545 197 258 
530 141 329 
630 222 148 
720 154 126 
576 217 207 
577 245 178 
624 242 134 
691 169 140 
668 244 88 
569 211 220 
578 179 243 
615 216 169 
579 259 162 
679 168 153 
664 214 122 
676 182 142 
650 218 132 
526 194 280 
590 169 241 
602 171 227 
712 146 142 
614 218 168 
711 202 87 
580 187 233 
550 174 276 
688 182 130 
662 257 81 
594 291 115 
620 182 198 
614 209 177 
618 293 89 
682 178 140 
650 190 160 
646 201 153 
569 274 157 
580 202 218 
607 183 210 
623 161 216 
693 188 119 
660 209 131 
697 180 123 
598 209 193 
593 261 146 
527 242 231 
627 222 151 
593 258 149 
698 186 116 
607 163 230 
601 239 160 
631 269 100 
618 186 196 
640 227 133 
710 205 85 
575 250 175 
607 195 198 
644 244 112 
575 242 183 
522 212 266 
618 226 156 
546 244 210 
584 154 262 
644 211 145 
629 222 149 
588 192 220 
647 203 150 
613 186 201 
578 189 233 
510 224 266 
603 203 194 
746 142 112 
578 211 211 
637 153 210 
584 240 176 
579 154 267 
575 229 196 
675 235 90 
625 203 172 
615 171 214 
561 240 199 
662 181 157 
644 218 138 
643 190 167 
502 233 265 
613 174 213 
517 205 278 
701 157 142 
719 160 121 
703 191 106 
602 203 195 
612 190 198 
533 237 230 
673 197 130 
724 150 126 
641 234 125 
588 186 226 
522 149 329 
687 201 112 
662 203 135 
593 220 187 
566 234 200 
679 175 146 
568 272 160 
616 253 131 
602 237 161 
600 189 211 
645 192 163 
583 208 209 
635 215 150 
645 228 127 
539 197 264 
629 243 128 
606 203 191 
531 123 346 
588 223 189 
629 233 138 
646 230 124 
673 182 145 
593 199 208 
565 214 221 
666 211 123 
627 182 191 
665 209 126 
536 256 208 
646 215 139 
721 151 128 
546 230 224 
589 260 151 
643 187 170 
627 186 187 
646 224 130 
613 242 145 
638 219 143 
618 224 158 
641 228 131 
596 223 181 
515 190 295 
588 238 174 
692 184 124 
563 185 252 
565 219 216 
505 305 190 
574 136 290 
606 189 205 
672 219 109 
552 215 233 
573 241 186 
669 219 112 
529 244 227 
575 221 204 
571 195 234 
584 210 206 
569 183 248 
536 266 198 
555 211 234 
630 246 124 
567 196 237 
588 290 122 
483 175 342 
661 149 190 
605 220 175 
679 202 119 
600 211 189 
647 197 156 
543 227 230 
598 223 179 
579 155 266 
544 197 259 
683 156 161 
653 189 158 
522 282 196 
648 167 185 
644 240 116 
623 209 168 
589 237 174 
624 177 199 
531 237 232 
647 266 87 
580 234 186 
649 227 124 
603 213 184 
571 246 183 
589 208 203 
456 219 325 
711 137 152 
591 209 200 
676 213 111 
623 176 201 
640 211 149 
626 197 177 
674 183 143 
566 247 187 
628 217 155 
700 163 137 
705 189 106 
745 178 77 
604 195 201 
591 236 173 
638 244 118 
599 220 181 
570 236 194 
741 178 81 
643 189 168 
600 255 145 
727 141 132 
620 245 135 
558 174 268 
625 211 164 
594 210 196 
764 183 53 
552 224 224 
659 216 125 
574 172 254 
614 201 185 
682 220 98 
623 253 124 
645 191 164 
669 224 107 
674 222 104 
667 221 112 
610 222 168 
576 225 199 
623 206 171 
637 240 123 
601 159 240 
633 221 146 
732 185 83 
641 259 100 
477 237 286 
545 156 299 
620 227 153 
607 227 166 
612 224 164 
640 229 131 
684 199 117 
588 280 132 
615 236 149 
642 220 138 
600 209 191 
669 201 130 
639 232 129 
630 189 181 
588 207 205 
628 225 147 
546 181 273 
553 233 214 
652 183 165 
668 221 111 
679 206 115 
517 254 229 
691 202 107 
652 184 164 
578 180 242 
646 249 105 
639 135 226 
622 217 161 
663 207 130 
668 233 99 
613 189 198 
593 207 200 
708 127 165 
601 219 180 
562 184 254 
713 167 120 
680 176 144 
647 249 104 
732 127 141 
600 285 115 
683 203 114 
610 191 199 
584 269 147 
646 187 167 
620 188 192 
651 226 123 
629 196 175 
662 207 131 
653 233 114 
587 277 136 
612 229 159 
611 201 188 
654 234 112 
533 231 236 
612 224 164 
647 200 153 
627 210 163 
575 205 220 
495 202 303 
620 155 225 
642 173 185 
561 178 261 
605 177 218 
606 259 135 
696 202 102 
614 211 175 
649 220 131 
607 194 199 
695 167 138 
685 156 159 
621 196 183 
656 223 121 
657 225 118 
616 239 145 
613 203 184 
670 191 139 
676 189 135 
553 210 237 
658 210 132 
761 127 112 
558 203 239 
738 158 104 
620 199 181 
565 231 204 
588 235 177 
582 206 212 
737 157 106 
534 206 260 
694 165 141 
593 264 143 
644 223 133 
532 205 263 
600 215 185 
579 237 184 
533 196 271 
621 137 242 
663 160 177 
569 228 203 
627 226 147 
549 266 185 
623 228 149 
682 159 159 
659 168 173 
610 230 160 
604 243 153 
588 268 144 
561 187 252 
540 175 285 
669 171 160 
568 167 265 
579 217 204 
629 270 101 
758 177 65 
636 216 148 
649 237 114 
656 251 93 
664 158 178 
619 221 160 
650 188 162 
556 191 253 
504 313 183 
630 230 140 
636 215 149 
556 187 257 
618 244 138 
565 211 224 
583 266 151 
633 161 206 
579 172 249 
641 222 137 
522 252 226 
601 205 194 
735 158 107 
739 194 67 
617 233 150 
630 214 156 
722 151 127 
653 167 180 
609 125 266 
677 213 110 
625 221 154 
692 179 129 
666 189 145 
564 165 271 
621 223 156 
723 191 86 
572 215 213 
592 253 155 
575 197 228 
576 211 213 
654 156 190 
643 210 147 
624 207 169 
550 220 230 
684 202 114 
783 142 75 
604 219 177 
640 267 93 
598 229 173 
631 249 120 
573 229 198 
613 187 200 
580 183 237 
566 249 185 
701 162 137 
620 251 129 
654 175 171 
666 177 157 
645 165 190 
652 221 127 
657 218 125 
638 234 128 
614 235 151 
603 198 199 
567 212 221 
655 168 177 
534 238 228 
696 188 116 
628 211 161 
618 191 191 
623 249 128 
631 258 111 
635 185 180 
683 210 107 
734 191 75 
671 155 174 
518 197 285 
665 202 133 
577 224 199 
623 161 216 
646 193 161 
674 169 157 
651 201 148 
710 182 108 
555 179 266 
560 206 234 
655 255 90 
614 197 189 
617 235 148 
584 231 185 
590 160 250 
649 177 174 
622 180 198 
604 177 219 
638 196 166 
565 197 238 
622 199 179 
623 218 159 
652 244 104 
664 160 176 
596 245 159 
589 216 195 
671 182 147 
523 168 309 
618 184 198 
641 207 152 
607 169 224 
626 183 191 
629 222 149 
613 221 166 
572 190 238 
646 225 129 
617 194 189 
637 233 130 
618 233 149 
571 227 202 
591 225 184 
662 152 186 
614 208 178 
683 153 164 
718 182 100 
578 194 228 
630 243 127 
615 194 191 
555 213 232 
643 203 154 
716 166 118 
585 261 154 
665 181 154 
703 223 74 
595 232 173 
605 258 137 
732 144 124 
650 119 231 
619 179 202 
531 249 220 
713 196 91 
655 178 167 
694 178 128 
664 219 117 
722 172 106 
652 229 119 
662 177 161 
612 189 199 
602 215 183 
615 203 182 
703 196 101 
537 183 280 
617 208 175 
610 225 165 
548 226 226 
682 195 123 
628 229 143 
558 145 297 
651 218 131 
673 198 129 
613 234 153 
539 251 210 
729 192 79 
592 218 190 
710 200 90 
688 181 131 
666 206 128 
544 208 248 
641 233 126 
585 239 176 
678 183 139 
634 242 124 
649 206 145 
644 162 194 
638 150 212 
698 153 149 
656 211 133 
666 208 126 
603 230 167 
633 152 215 
663 219 118 
607 198 195 
639 179 182 
615 189 196 
612 170 218 
683 166 151 
576 258 166 
698 164 138 
626 187 187 
586 215 199 
649 169 182 
654 236 110 
733 171 96 
647 204 149 
653 207 140 
609 230 161 
620 206 174 
533 282 185 
706 203 91 
705 173 122 
676 228 96 
604 176 220 
550 247 203 
584 197 219 
501 259 240 
603 196 201 
703 189 108 
662 171 167 
526 178 296 
651 156 193 
669 236 95 
595 214 191 
602 267 131 
654 170 176 
640 168 192 
533 188 279 
663 222 115 
611 203 186 
676 187 137 
656 190 154 
574 278 148 
642 213 145 
597 186 217 
610 249 141 
468 190 342 
629 175 196 
556 252 192 
574 245 181 
634 227 139 
604 191 205 
538 203 259 
592 289 119 
