0 333 0 
0 297 0 
0 299 0 
0 335 0 
0 268 0 
0 282 2 
0 342 3 
0 301 1 
0 312 0 
0 295 2 
0 310 0 
0 281 0 
0 298 0 
0 344 0 
0 312 0 
0 294 4 
0 308 0 
0 289 0 
0 295 0 
0 330 2 
0 296 5 
0 303 0 
0 333 0 
0 324 0 
0 325 0 
0 302 0 
0 331 0 
0 297 2 
0 299 0 
0 318 0 
0 274 0 
0 276 4 
0 349 0 
0 327 0 
0 314 1 
0 309 0 
0 312 0 
0 294 0 
0 296 3 
0 343 3 
0 320 0 
0 285 0 
0 305 0 
0 317 0 
0 316 0 
0 273 0 
0 317 6 
0 324 0 
0 320 5 
0 301 0 
0 315 0 
0 301 0 
0 300 0 
0 362 0 
0 332 0 
0 313 3 
0 330 0 
0 323 0 
0 324 2 
0 285 0 
0 306 0 
0 336 0 
0 316 0 
0 336 0 
0 335 0 
0 309 0 
0 357 2 
0 331 3 
0 292 0 
0 312 0 
0 288 0 
0 298 0 
0 309 11 
0 319 0 
0 316 0 
0 315 0 
0 311 0 
0 304 0 
0 308 3 
0 306 0 
0 352 0 
0 294 0 
0 324 0 
0 336 0 
0 341 0 
0 279 0 
0 317 0 
0 291 0 
0 298 0 
0 306 0 
0 339 0 
0 292 0 
0 306 9 
0 343 0 
0 342 0 
0 345 0 
0 280 7 
0 333 0 
0 296 2 
0 317 0 
0 316 0 
0 278 0 
0 297 0 
0 335 0 
0 341 0 
0 326 0 
0 296 4 
0 317 0 
0 301 0 
0 321 0 
0 317 0 
0 314 0 
0 303 0 
0 304 0 
0 311 0 
0 326 0 
0 305 0 
0 318 0 
0 319 0 
0 317 0 
0 321 0 
0 325 0 
0 291 0 
0 286 0 
0 339 0 
0 316 0 
0 327 0 
0 309 0 
0 344 0 
0 291 0 
0 320 0 
0 309 0 
0 313 0 
0 342 0 
0 307 0 
0 270 0 
0 306 0 
0 350 0 
0 317 0 
0 329 0 
0 325 0 
0 321 0 
0 335 0 
0 317 4 
0 316 0 
0 308 0 
0 326 0 
0 327 0 
0 355 0 
0 355 0 
0 310 0 
0 321 0 
0 318 0 
0 321 0 
0 296 0 
0 287 0 
0 312 0 
0 322 2 
0 324 0 
0 307 0 
0 279 4 
0 294 0 
0 311 0 
0 294 0 
0 352 0 
0 320 0 
0 290 0 
0 329 0 
0 352 0 
0 314 0 
0 308 0 
0 294 3 
0 308 0 
0 348 0 
0 321 0 
0 321 1 
0 334 0 
0 345 0 
0 304 0 
0 297 0 
0 329 0 
0 321 0 
0 325 0 
0 323 0 
0 293 1 
0 302 13 
0 298 0 
0 305 27 
0 309 0 
0 349 0 
0 306 0 
0 293 0 
0 289 0 
0 276 0 
0 333 0 
0 337 0 
0 268 0 
0 341 0 
0 306 0 
0 335 18 
0 254 0 
0 348 0 
0 308 0 
0 307 0 
0 325 0 
0 328 0 
0 289 0 
0 317 0 
0 284 1 
0 336 1 
0 302 0 
0 327 0 
0 280 0 
0 294 0 
0 304 0 
0 309 0 
0 287 0 
0 331 0 
0 335 0 
0 307 0 
0 326 0 
0 324 0 
0 311 0 
0 288 19 
0 318 8 
0 309 0 
0 317 0 
0 307 0 
0 329 0 
0 332 0 
0 304 1 
0 280 1 
0 322 0 
0 336 0 
0 341 0 
0 293 0 
0 277 0 
0 317 0 
0 299 0 
0 316 0 
0 311 0 
0 317 1 
0 303 0 
0 295 0 
0 298 2 
0 288 4 
0 319 0 
0 308 3 
0 287 0 
0 296 0 
0 291 0 
0 346 0 
0 318 0 
0 303 0 
0 317 0 
0 294 0 
0 307 0 
0 290 0 
0 280 8 
0 308 0 
0 325 0 
0 312 0 
0 352 0 
0 304 0 
0 292 0 
0 331 0 
0 296 0 
0 313 0 
0 340 0 
0 323 0 
0 333 0 
0 308 3 
0 309 0 
0 294 0 
0 358 0 
0 262 0 
0 304 0 
0 273 0 
0 336 3 
0 312 0 
0 286 0 
0 320 0 
0 275 1 
0 300 3 
0 295 0 
0 300 0 
0 328 0 
0 303 1 
0 322 0 
0 335 0 
0 307 0 
0 304 0 
0 320 0 
0 284 0 
0 329 0 
0 315 0 
0 333 0 
0 292 0 
0 301 0 
0 308 0 
0 305 0 
0 335 1 
0 326 0 
0 313 0 
0 300 0 
0 328 0 
0 322 0 
0 329 2 
0 335 0 
0 307 0 
0 303 0 
0 319 3 
0 325 0 
0 309 0 
0 287 0 
0 303 6 
0 294 0 
0 324 0 
0 307 1 
0 312 0 
0 351 0 
0 301 0 
0 310 0 
0 320 0 
0 302 0 
0 313 0 
0 307 5 
0 298 3 
0 298 0 
0 265 0 
0 346 0 
0 322 0 
0 344 6 
0 307 0 
0 326 0 
0 312 0 
0 277 0 
0 356 0 
0 301 0 
0 287 0 
0 334 0 
0 309 0 
0 314 0 
0 306 0 
0 305 0 
0 292 0 
0 344 0 
0 304 0 
0 319 0 
0 308 2 
0 288 0 
0 350 0 
0 339 0 
0 287 0 
0 271 1 
0 261 0 
0 296 0 
0 308 1 
0 304 0 
0 283 0 
0 302 0 
0 327 0 
0 309 0 
0 321 0 
0 309 0 
0 286 0 
0 302 0 
0 313 0 
0 293 0 
0 286 0 
0 295 0 
0 312 0 
0 301 0 
0 294 0 
0 322 1 
0 336 0 
0 313 0 
0 346 0 
0 305 0 
0 296 6 
0 322 0 
0 320 0 
0 304 0 
0 319 8 
0 265 0 
0 301 0 
0 335 0 
0 302 0 
0 303 2 
0 304 0 
0 308 8 
0 300 12 
0 307 0 
0 310 0 
0 307 0 
0 289 0 
0 323 0 
0 343 0 
0 344 0 
0 291 0 
0 346 0 
0 356 0 
0 348 0 
0 337 0 
0 291 0 
0 277 0 
0 291 0 
0 307 0 
0 315 1 
0 320 3 
0 289 0 
0 298 0 
0 322 0 
0 300 0 
0 332 1 
0 324 0 
0 311 0 
0 315 0 
0 254 0 
0 306 0 
0 310 0 
0 332 0 
0 287 0 
0 352 0 
0 314 0 
0 305 0 
0 313 0 
0 291 4 
0 290 0 
0 294 0 
0 319 0 
0 310 1 
0 311 0 
0 334 0 
0 305 0 
0 276 0 
0 333 0 
0 312 0 
0 335 0 
0 323 0 
0 305 0 
0 321 0 
0 306 0 
0 285 0 
0 300 6 
0 310 0 
0 301 0 
0 288 0 
0 304 0 
0 321 0 
0 307 8 
0 293 0 
0 329 0 
0 355 0 
0 319 1 
0 301 0 
0 325 0 
0 290 0 
0 344 0 
0 303 0 
0 305 0 
0 310 0 
0 319 0 
0 313 0 
0 302 0 
0 318 0 
0 288 0 
0 317 0 
0 313 0 
0 285 0 
0 306 11 
0 301 0 
0 287 0 
0 335 1 
0 316 0 
0 319 0 
0 276 2 
0 315 0 
0 260 0 
0 345 3 
0 336 0 
0 302 0 
0 305 0 
0 311 0 
0 285 0 
0 289 0 
0 300 0 
0 329 0 
0 277 2 
0 328 0 
0 284 0 
0 362 0 
0 318 0 
0 273 0 
0 247 0 
0 283 1 
0 313 0 
0 308 0 
0 311 0 
0 345 0 
0 290 0 
0 320 0 
0 320 0 
0 331 2 
0 279 0 
0 350 1 
0 324 0 
0 327 0 
0 332 0 
0 317 0 
0 333 0 
0 315 0 
0 305 0 
0 301 0 
0 316 0 
0 312 0 
0 270 0 
0 277 0 
0 314 0 
0 318 0 
0 284 0 
0 309 0 
0 304 0 
0 305 0 
0 311 0 
0 335 0 
0 315 0 
0 300 0 
0 345 0 
0 267 0 
0 303 0 
0 314 0 
0 331 0 
0 309 0 
0 325 0 
0 334 0 
0 300 0 
0 336 0 
0 333 0 
0 270 0 
0 309 0 
0 332 0 
0 313 0 
0 296 0 
0 329 0 
0 287 0 
0 329 0 
0 309 0 
0 322 0 
0 326 0 
0 323 0 
0 352 1 
0 347 0 
0 286 0 
0 323 0 
0 290 0 
0 294 0 
0 345 0 
0 334 11 
0 303 0 
0 303 0 
0 325 0 
0 347 0 
0 280 0 
0 287 0 
0 340 0 
0 297 0 
0 334 0 
0 313 0 
0 285 0 
0 324 0 
0 343 0 
0 289 3 
0 322 0 
0 313 0 
0 330 0 
0 318 0 
0 331 1 
0 278 0 
0 302 1 
0 315 4 
0 309 0 
0 319 0 
0 312 0 
0 285 0 
0 304 0 
0 310 0 
0 335 0 
0 301 0 
0 323 0 
0 321 0 
0 321 0 
0 306 0 
0 336 0 
0 324 0 
0 330 4 
0 261 0 
0 313 2 
0 303 0 
0 327 0 
0 322 0 
0 319 0 
0 342 0 
0 326 0 
0 319 0 
0 298 0 
0 307 0 
0 317 0 
0 312 0 
0 360 0 
0 293 0 
0 282 0 
0 314 0 
0 281 0 
0 313 3 
0 277 0 
0 297 0 
0 333 5 
0 325 0 
0 328 0 
0 318 0 
0 312 0 
0 341 0 
0 288 0 
0 300 0 
0 308 0 
0 336 0 
0 300 14 
0 273 0 
0 281 1 
0 338 0 
0 343 7 
0 285 0 
0 290 0 
0 338 0 
0 299 0 
0 309 0 
0 308 0 
0 302 0 
0 317 0 
0 335 0 
0 305 0 
0 303 0 
0 289 0 
0 308 0 
0 310 0 
0 345 10 
0 296 0 
0 336 1 
0 310 0 
0 271 0 
0 306 0 
0 274 0 
0 349 0 
0 276 0 
0 328 0 
0 338 0 
0 356 0 
0 333 2 
0 300 0 
0 258 0 
0 312 0 
0 284 20 
0 310 1 
0 319 4 
0 336 0 
0 293 0 
0 315 0 
0 301 0 
0 304 1 
0 305 0 
0 337 0 
0 330 3 
0 299 0 
0 296 0 
0 326 0 
0 297 0 
0 311 0 
0 283 0 
0 300 0 
0 287 0 
0 300 1 
0 333 0 
0 304 0 
0 328 1 
0 336 0 
0 278 0 
0 320 0 
0 323 4 
0 319 0 
0 324 0 
0 268 0 
0 331 0 
0 329 0 
0 317 2 
0 286 0 
0 287 0 
0 321 0 
0 305 0 
0 320 0 
0 268 5 
0 321 0 
0 297 2 
0 322 3 
0 316 0 
0 293 0 
0 350 0 
0 310 0 
0 287 0 
0 283 0 
0 271 0 
0 322 0 
0 270 0 
0 282 0 
0 264 3 
0 318 0 
0 330 0 
0 338 8 
0 329 0 
0 328 0 
0 343 0 
0 293 3 
0 261 0 
0 347 3 
0 339 0 
0 340 0 
0 292 0 
0 281 0 
0 318 0 
0 267 0 
0 320 0 
0 319 0 
0 306 0 
0 319 0 
0 330 0 
0 300 0 
0 325 3 
0 336 15 
0 319 0 
0 309 0 
0 287 0 
0 341 0 
0 279 0 
0 316 0 
0 333 0 
0 314 3 
0 310 0 
0 297 0 
0 270 0 
0 321 0 
0 318 0 
0 323 0 
0 386 0 
0 299 0 
0 317 0 
0 330 0 
0 330 0 
0 329 0 
0 324 0 
0 343 0 
0 337 2 
0 315 3 
0 276 0 
0 281 4 
0 277 0 
0 302 8 
0 296 0 
0 309 0 
0 355 0 
0 307 0 
0 333 0 
0 295 1 
0 344 0 
0 341 0 
0 338 0 
0 313 0 
0 293 0 
0 297 0 
0 327 0 
0 300 0 
0 326 0 
0 319 0 
0 293 9 
0 290 0 
0 322 0 
0 276 0 
0 352 1 
0 285 0 
0 357 0 
0 335 1 
0 304 0 
0 304 0 
0 356 0 
0 329 0 
0 328 0 
0 313 0 
0 288 0 
0 297 0 
0 295 1 
0 321 0 
0 272 0 
0 305 0 
0 325 2 
0 314 0 
0 278 0 
0 341 0 
0 280 0 
0 322 3 
0 322 4 
0 281 0 
0 320 0 
0 322 4 
0 330 0 
0 283 0 
0 316 14 
0 358 0 
0 345 0 
0 305 0 
0 314 0 
0 306 3 
0 338 0 
0 347 0 
0 352 0 
0 337 0 
0 299 0 
0 347 0 
0 299 0 
0 334 0 
0 311 0 
0 297 1 
0 326 7 
0 307 3 
0 356 1 
0 331 1 
0 328 0 
0 278 0 
0 304 0 
0 322 0 
0 331 0 
0 306 0 
0 350 2 
0 337 0 
0 316 0 
0 326 0 
0 259 6 
0 323 2 
0 333 0 
0 292 0 
0 317 1 
0 343 13 
0 296 0 
0 297 0 
0 305 2 
0 293 0 
0 289 0 
0 370 2 
0 331 1 
0 328 1 
0 308 0 
0 334 0 
0 305 0 
0 263 0 
0 289 1 
0 318 0 
0 296 0 
0 331 0 
0 328 0 
0 322 0 
0 324 0 
0 303 0 
0 308 0 
0 348 2 
0 284 0 
0 290 0 
0 328 0 
0 348 6 
0 331 0 
0 318 1 
0 319 0 
0 332 0 
0 310 0 
0 298 6 
0 313 2 
0 299 0 
0 348 1 
0 329 0 
0 347 0 
0 292 0 
0 300 0 
0 338 0 
0 318 0 
0 285 0 
0 279 0 
0 318 0 
0 322 0 
0 307 0 
0 314 0 
0 242 0 
0 318 0 
0 297 0 
0 285 0 
0 327 0 
0 289 0 
0 285 8 
0 288 0 
0 318 0 
0 323 0 
0 340 0 
0 314 0 
0 284 0 
0 289 0 
0 296 0 
0 304 0 
0 296 0 
0 275 0 
0 335 0 
0 274 0 
0 286 0 
0 326 2 
0 323 4 
0 323 1 
0 321 0 
0 293 0 
0 258 0 
0 301 0 
0 325 0 
0 321 0 
0 329 0 
0 303 4 
0 320 0 
0 323 0 
0 331 0 
0 302 2 
0 333 3 
0 312 0 
0 345 0 
0 306 0 
0 311 0 
0 313 0 
0 296 0 
0 303 0 
0 330 0 
0 317 0 
0 285 0 
0 292 0 
0 337 0 
0 310 0 
0 309 0 
0 331 0 
0 324 0 
0 313 0 
0 290 10 
0 301 3 
0 308 0 
0 352 0 
0 319 21 
0 303 3 
0 310 10 
0 345 4 
0 297 2 
0 342 0 
0 340 0 
0 297 0 
0 295 0 
0 312 0 
0 314 0 
0 330 0 
0 323 0 
0 286 0 
0 293 0 
0 293 0 
0 286 0 
0 304 0 
0 307 0 
0 324 0 
0 303 0 
0 293 0 
0 348 0 
0 334 4 
0 300 0 
0 306 0 
0 335 0 
0 319 0 
0 271 4 
0 346 0 
0 310 0 
0 357 0 
0 295 0 
0 319 0 
0 296 2 
0 325 0 
0 310 0 
0 343 0 
0 337 0 
0 328 0 
0 293 0 
0 316 8 
0 339 0 
0 336 0 
0 297 0 
