81 305 28 0 0 
116 351 28 0 0 
21 357 67 0 0 
137 348 36 0 0 
51 167 16 1 0 
86 288 108 0 0 
91 253 71 0 0 
108 214 10 0 0 
142 229 50 0 0 
34 173 18 18 0 
33 376 74 4 0 
157 183 74 0 0 
52 125 98 0 0 
168 265 35 0 0 
95 225 93 0 0 
118 233 37 0 0 
153 141 50 30 0 
184 176 18 0 0 
59 389 6 0 0 
120 224 105 0 0 
115 231 41 0 0 
98 299 17 2 0 
114 214 23 7 0 
168 237 25 0 0 
205 172 26 8 0 
182 227 45 0 0 
88 281 30 0 0 
106 274 56 0 0 
79 276 8 1 0 
67 318 66 0 0 
91 179 107 0 0 
110 228 27 0 0 
84 298 87 8 0 
84 170 45 5 0 
192 193 61 0 0 
241 215 49 0 0 
103 245 87 0 0 
54 171 29 0 0 
55 337 64 0 0 
90 191 68 0 0 
53 280 45 0 0 
73 272 118 0 0 
246 197 17 0 0 
185 192 68 0 0 
159 174 70 1 0 
100 263 66 0 0 
101 314 20 0 0 
76 225 80 21 0 
146 254 40 0 0 
53 326 60 0 0 
123 314 26 1 0 
131 264 36 0 0 
144 195 107 0 0 
64 172 85 0 0 
69 253 24 0 0 
106 150 72 0 0 
78 352 43 0 0 
68 182 63 0 0 
86 168 74 0 0 
96 220 13 0 0 
139 219 37 0 0 
114 159 33 0 0 
106 240 69 1 0 
124 203 30 0 0 
169 205 28 0 0 
57 126 137 0 0 
87 249 23 0 0 
69 208 16 4 0 
159 219 79 28 0 
59 244 56 0 0 
223 143 84 0 0 
113 222 33 0 0 
65 164 54 1 0 
187 208 39 0 0 
30 191 169 0 0 
74 286 68 0 0 
157 184 0 0 0 
154 221 15 0 0 
153 210 73 0 0 
128 270 71 0 0 
121 250 22 4 0 
192 267 42 1 0 
94 452 42 0 0 
88 211 61 10 0 
125 354 28 2 0 
217 149 47 0 0 
107 198 54 0 0 
96 263 37 0 0 
161 141 45 0 0 
152 246 40 0 0 
294 83 65 16 0 
134 243 63 0 0 
29 292 3 0 0 
190 161 113 0 0 
122 253 65 0 0 
108 304 4 0 0 
148 219 33 0 0 
129 207 57 0 0 
141 263 34 0 0 
156 283 54 0 0 
129 291 10 0 0 
132 146 54 0 0 
163 330 15 0 0 
116 182 35 0 0 
102 219 46 5 0 
140 133 81 0 0 
78 119 33 0 0 
178 136 58 4 0 
171 217 48 1 0 
110 154 145 1 0 
52 397 52 5 0 
170 266 17 0 0 
139 197 34 0 0 
123 303 83 0 0 
98 297 23 2 0 
147 214 72 3 0 
155 229 48 0 0 
87 290 72 0 0 
74 512 24 0 0 
81 253 93 0 0 
98 173 45 0 0 
138 284 40 0 0 
91 352 45 0 0 
77 282 13 0 0 
157 86 76 0 0 
111 262 72 0 0 
138 234 32 0 0 
95 221 55 1 0 
94 219 144 0 0 
128 354 28 0 0 
97 265 59 0 0 
80 173 142 0 0 
82 200 56 0 0 
95 222 51 0 1 
149 141 108 0 0 
100 159 84 0 0 
88 340 40 0 0 
214 129 48 0 0 
155 270 25 0 0 
206 220 62 0 0 
92 108 79 6 0 
204 248 14 0 0 
61 182 32 0 0 
106 186 28 0 0 
122 219 90 8 0 
84 239 60 0 0 
148 275 28 0 0 
93 326 33 36 0 
109 225 66 0 0 
70 201 45 0 0 
121 220 40 0 0 
143 188 62 1 0 
97 223 56 2 0 
178 205 68 2 0 
71 211 44 0 0 
127 193 78 0 0 
99 231 25 0 0 
150 166 71 0 0 
99 177 16 1 0 
47 304 43 7 0 
106 195 106 0 0 
63 306 74 10 0 
89 235 128 25 0 
144 381 43 6 0 
155 180 1 7 0 
135 245 75 0 0 
110 123 96 4 0 
150 163 23 0 0 
126 266 30 0 0 
179 133 32 2 0 
164 223 16 0 0 
156 294 42 0 0 
141 228 35 0 0 
73 115 113 0 0 
148 158 33 0 0 
12 298 46 0 0 
149 179 22 0 0 
60 230 47 0 0 
126 150 24 0 0 
178 191 29 0 0 
52 242 19 18 0 
148 212 25 0 0 
187 185 24 0 0 
124 282 57 0 0 
108 241 113 0 0 
161 191 115 0 0 
91 362 26 0 0 
68 290 20 0 0 
174 200 93 0 0 
127 241 45 0 0 
94 289 5 0 0 
92 166 69 11 0 
79 274 48 0 0 
133 219 38 0 0 
151 192 25 1 0 
141 301 18 0 0 
169 247 33 0 0 
211 163 27 0 0 
140 130 100 0 0 
123 176 98 0 0 
55 314 43 0 0 
72 152 15 0 0 
176 147 84 0 0 
142 205 100 0 0 
152 170 28 0 0 
79 245 56 0 0 
118 288 59 0 0 
106 170 99 0 0 
153 203 13 0 0 
114 230 44 0 0 
85 297 65 0 0 
120 272 25 0 0 
104 236 57 0 0 
75 244 37 0 0 
109 237 100 14 0 
107 212 8 0 0 
283 113 4 0 0 
203 235 35 0 0 
77 113 59 0 0 
121 160 69 0 0 
160 209 72 0 0 
76 235 6 0 0 
178 150 80 0 0 
94 186 72 0 0 
96 258 32 0 0 
90 162 71 6 0 
61 167 30 0 0 
241 249 21 0 0 
100 275 89 3 0 
130 218 74 0 0 
126 160 64 18 0 
15 274 54 0 0 
79 285 103 0 0 
99 315 17 0 0 
79 251 62 0 0 
111 212 46 0 0 
217 312 14 0 0 
59 261 83 0 0 
92 210 86 1 0 
105 197 40 0 0 
170 245 48 12 0 
59 235 50 0 0 
174 224 54 0 0 
115 209 63 0 0 
145 256 16 15 0 
44 334 24 0 0 
65 210 107 0 0 
76 268 60 0 0 
88 245 17 0 0 
238 181 32 0 0 
176 309 34 0 0 
167 198 75 0 0 
179 280 59 0 0 
291 203 28 0 0 
82 215 75 0 0 
26 222 192 8 0 
43 245 40 0 0 
100 164 33 13 0 
40 163 25 0 0 
142 99 43 0 0 
267 234 11 0 0 
122 195 27 4 0 
272 225 43 0 0 
105 185 77 0 0 
158 217 81 0 0 
169 209 50 7 0 
103 178 51 44 0 
122 251 63 0 0 
114 260 24 0 0 
60 380 46 0 0 
169 247 65 0 0 
109 235 35 0 0 
99 247 47 0 0 
73 272 13 0 0 
209 165 34 0 0 
120 218 19 0 0 
85 220 93 0 0 
90 299 29 0 0 
141 189 40 0 0 
150 327 23 0 0 
224 244 8 0 0 
105 276 23 0 0 
136 220 32 11 0 
80 202 75 0 0 
127 234 65 0 0 
72 253 63 14 0 
34 331 87 5 0 
140 242 16 0 0 
61 133 91 0 0 
83 234 61 1 0 
177 253 18 0 0 
108 208 27 0 0 
134 302 64 0 0 
157 371 64 2 0 
189 186 44 6 0 
151 177 114 0 0 
73 141 78 0 0 
99 232 23 0 0 
131 239 37 0 0 
80 250 181 0 0 
83 306 108 5 0 
65 181 60 0 0 
235 222 24 0 0 
89 220 164 0 0 
76 231 39 39 0 
74 175 54 0 0 
61 277 71 0 0 
127 264 34 2 0 
119 233 60 0 0 
142 198 49 0 0 
27 241 75 0 0 
121 214 58 0 0 
182 164 86 0 0 
46 319 18 0 0 
144 272 41 1 0 
56 178 24 0 0 
94 225 66 2 0 
103 163 61 11 0 
165 170 94 0 0 
115 184 16 0 0 
115 200 145 0 0 
82 271 63 0 0 
140 229 36 0 0 
94 159 92 0 0 
42 271 58 0 0 
68 152 19 0 0 
63 201 46 2 0 
112 292 12 34 0 
207 202 85 22 0 
53 322 15 1 0 
76 207 32 0 0 
105 190 95 0 0 
96 218 33 0 0 
78 192 137 1 0 
111 371 48 0 0 
169 298 90 0 0 
32 242 111 0 0 
60 262 84 0 0 
143 350 30 0 0 
77 200 116 9 0 
130 292 6 0 0 
60 337 31 0 0 
204 167 64 0 0 
50 247 56 0 0 
103 152 25 0 0 
150 217 29 0 0 
37 350 119 0 0 
137 107 45 5 0 
53 294 24 1 0 
216 137 45 0 0 
90 148 63 1 0 
104 164 46 0 0 
176 170 10 0 0 
75 149 74 6 0 
107 153 109 0 0 
112 404 16 0 0 
138 234 101 0 0 
234 194 88 1 0 
201 224 15 3 0 
144 207 64 0 0 
79 217 84 0 0 
54 263 24 3 0 
151 205 25 0 0 
127 186 26 0 0 
155 210 22 0 0 
133 210 74 0 0 
94 289 37 0 0 
75 209 63 0 0 
66 267 19 0 0 
68 330 74 0 0 
62 235 69 0 0 
121 209 68 0 0 
46 249 43 20 0 
74 280 41 2 0 
61 208 21 0 0 
110 229 37 0 0 
100 258 84 9 0 
215 199 83 0 0 
75 322 58 0 0 
131 257 51 0 0 
70 225 43 0 0 
43 249 72 7 0 
96 333 41 0 0 
94 243 46 0 0 
162 170 140 0 0 
116 172 13 0 0 
171 218 20 0 0 
162 224 53 0 0 
71 310 13 9 0 
83 259 48 0 0 
44 339 77 0 0 
111 211 17 0 0 
124 325 9 5 0 
176 243 23 0 0 
135 123 31 0 0 
131 297 60 1 0 
125 197 81 0 0 
214 431 20 0 0 
127 203 89 0 0 
102 247 30 0 0 
61 207 75 15 0 
59 337 50 0 0 
123 315 30 0 0 
74 251 156 0 0 
78 241 33 7 0 
99 209 44 1 0 
121 192 37 0 0 
203 204 46 0 0 
128 197 37 1 0 
85 325 48 0 0 
72 209 61 0 0 
86 166 15 1 0 
113 269 17 0 0 
97 287 36 0 0 
166 230 39 0 0 
167 175 42 0 0 
58 202 61 0 0 
146 215 12 0 0 
162 296 84 0 0 
76 248 41 2 0 
157 248 56 0 0 
136 309 59 0 0 
237 214 69 0 0 
248 241 27 0 0 
124 170 37 0 0 
47 250 75 0 0 
141 198 56 0 0 
158 257 49 25 0 
102 236 39 0 0 
102 256 69 6 0 
57 238 52 6 0 
173 175 70 26 0 
80 281 44 0 0 
135 240 58 0 0 
91 340 22 0 0 
83 309 76 0 0 
147 209 59 0 0 
112 183 67 0 0 
91 300 70 0 0 
117 268 113 0 0 
125 190 91 0 0 
208 139 78 0 0 
146 200 96 0 0 
81 143 76 0 0 
214 176 4 0 0 
92 250 70 0 0 
77 191 88 0 0 
84 219 80 25 0 
147 241 21 0 0 
51 324 20 3 0 
42 258 89 0 0 
118 164 65 4 0 
130 226 12 0 0 
74 297 26 0 0 
99 205 96 1 0 
29 246 29 0 0 
134 241 69 0 0 
172 272 17 27 0 
86 168 42 14 0 
177 196 36 2 0 
98 340 43 14 0 
135 129 29 0 0 
109 287 64 0 0 
119 336 69 0 0 
99 198 78 0 0 
53 167 46 0 0 
123 239 86 0 0 
148 102 68 0 0 
123 135 88 16 0 
88 324 37 0 0 
88 230 71 15 0 
56 291 67 0 0 
126 187 27 0 0 
158 165 49 0 0 
107 300 64 1 0 
81 289 23 0 0 
115 228 73 2 0 
91 235 51 5 0 
119 196 65 0 0 
99 199 38 0 0 
105 197 46 0 0 
162 122 12 0 0 
213 243 39 0 0 
157 279 90 0 0 
151 238 66 0 0 
61 284 21 0 0 
92 246 74 0 0 
147 84 171 0 0 
80 302 28 0 0 
79 288 65 0 0 
76 326 8 28 0 
168 135 4 0 0 
148 191 41 0 0 
107 178 66 0 0 
80 220 44 6 0 
79 316 70 0 0 
49 180 58 6 0 
129 252 38 0 0 
81 201 75 0 0 
222 185 7 0 0 
57 310 112 0 0 
79 237 46 0 0 
70 267 48 0 0 
173 259 21 0 0 
133 252 65 0 0 
180 178 14 5 0 
103 210 107 4 0 
128 174 69 0 0 
219 174 12 0 0 
126 292 17 0 0 
176 224 22 0 0 
95 235 60 0 0 
106 210 70 0 0 
140 265 83 0 0 
67 244 38 5 0 
180 220 51 0 0 
89 230 69 0 0 
139 200 51 0 0 
141 184 5 0 0 
148 242 31 0 0 
76 280 69 3 0 
69 252 67 0 0 
61 297 78 0 0 
159 327 74 0 0 
77 226 48 1 0 
204 247 72 0 0 
222 278 19 0 0 
110 246 66 0 0 
65 203 26 28 0 
89 123 94 14 0 
84 231 74 0 0 
45 300 12 0 0 
121 212 26 6 0 
135 204 64 0 0 
103 366 92 0 0 
180 250 57 12 0 
196 158 35 10 0 
104 246 39 1 0 
31 212 35 0 0 
64 233 45 0 0 
192 282 50 8 0 
82 207 36 0 0 
182 179 42 0 0 
50 303 47 0 0 
169 177 61 0 0 
183 245 9 12 0 
138 181 81 0 0 
100 248 47 0 0 
110 332 23 0 0 
144 172 112 1 0 
77 177 39 0 0 
82 174 90 0 0 
65 180 108 0 0 
98 284 24 0 0 
85 189 68 3 0 
87 250 35 0 0 
217 136 57 0 0 
76 261 97 0 0 
110 270 83 0 0 
90 322 58 9 0 
137 199 67 0 0 
123 289 48 0 0 
157 240 25 0 0 
69 252 23 0 0 
129 285 26 0 0 
186 244 62 0 0 
92 118 37 0 0 
101 259 66 0 0 
112 225 118 14 0 
64 328 66 0 0 
63 212 39 1 0 
152 190 234 0 0 
142 223 59 0 0 
170 149 28 0 0 
264 165 37 13 0 
128 217 68 2 0 
175 195 45 27 0 
117 165 39 0 0 
58 233 45 0 0 
154 319 124 0 0 
226 268 14 0 0 
93 174 80 0 0 
100 323 57 1 0 
99 252 41 0 0 
142 246 69 0 0 
137 168 83 0 0 
93 196 73 0 0 
156 168 53 14 0 
212 212 30 0 0 
72 283 62 3 0 
75 199 34 0 0 
126 264 16 0 0 
105 305 39 0 0 
63 164 109 0 0 
114 203 76 0 0 
158 190 37 15 0 
102 197 70 0 0 
84 356 48 1 0 
66 250 97 5 0 
300 226 78 0 0 
145 216 62 0 0 
142 248 53 0 0 
39 179 71 34 0 
135 211 53 0 0 
93 186 0 0 0 
151 230 68 0 0 
41 122 111 0 0 
51 272 76 0 0 
58 254 47 0 0 
159 167 122 0 0 
121 211 85 0 0 
75 398 59 1 0 
125 275 50 4 0 
47 154 80 0 0 
188 198 21 0 0 
104 292 39 13 0 
60 306 46 0 0 
78 219 12 0 0 
169 279 19 0 0 
138 154 39 0 0 
69 280 85 0 0 
100 192 83 0 0 
88 236 62 0 0 
191 190 96 0 0 
61 237 14 0 0 
147 284 67 0 0 
167 203 33 0 0 
194 212 51 5 0 
109 199 46 4 0 
130 314 42 0 0 
103 264 20 0 0 
143 215 19 8 0 
103 335 31 37 0 
45 240 101 1 0 
135 183 70 0 0 
79 233 57 0 0 
50 135 44 0 0 
119 246 113 0 0 
171 357 35 0 0 
87 269 63 0 0 
118 182 57 0 0 
123 200 128 6 0 
119 275 3 0 0 
150 273 30 4 0 
137 133 18 10 0 
160 190 100 0 0 
182 237 44 3 0 
88 321 42 0 0 
26 373 95 0 0 
70 237 19 0 0 
123 132 79 0 0 
85 261 36 1 0 
76 280 65 0 0 
77 297 73 0 0 
122 218 76 0 0 
65 178 28 0 0 
21 258 110 0 0 
38 183 69 0 0 
73 283 54 12 0 
48 340 19 0 0 
180 312 59 2 0 
74 219 44 0 0 
118 198 78 0 0 
62 229 83 0 0 
159 188 35 8 0 
118 298 70 0 0 
167 304 25 0 0 
146 278 20 0 0 
114 211 31 0 0 
92 196 78 0 0 
44 277 74 0 0 
102 299 103 0 0 
180 189 21 0 0 
195 180 82 0 0 
73 305 54 13 0 
92 200 7 9 0 
38 314 33 0 0 
132 176 89 0 0 
96 271 69 0 0 
105 242 62 0 0 
139 196 48 0 0 
85 167 96 0 0 
108 246 18 54 0 
117 228 96 0 0 
64 195 149 0 0 
172 228 22 0 0 
47 281 96 0 0 
94 181 118 6 0 
63 370 32 0 0 
95 321 18 0 0 
194 230 67 0 0 
32 309 58 1 0 
123 173 121 0 0 
40 205 87 0 0 
120 261 41 0 0 
174 271 38 0 0 
98 292 8 0 0 
127 274 50 0 0 
115 290 108 0 0 
64 262 156 13 0 
103 219 100 2 0 
34 370 74 0 0 
106 274 107 0 0 
108 304 20 2 0 
107 251 8 0 0 
90 221 47 0 0 
49 262 43 0 0 
111 303 13 0 0 
131 176 36 0 0 
164 136 34 0 0 
219 223 59 0 0 
127 152 59 0 0 
122 253 35 13 0 
75 254 133 0 0 
69 281 48 2 1 
61 184 166 0 0 
105 209 64 2 0 
107 268 59 0 0 
180 369 29 0 0 
57 203 68 0 0 
114 284 11 0 0 
74 281 54 0 0 
87 252 43 5 0 
192 133 32 6 0 
170 104 122 0 0 
121 225 42 0 0 
105 197 43 0 0 
123 188 47 0 0 
120 292 60 0 0 
119 241 52 0 0 
134 218 97 0 0 
127 271 45 0 0 
190 235 22 0 0 
102 253 87 0 0 
108 228 50 0 0 
122 334 77 7 0 
101 202 92 0 0 
20 305 53 0 0 
58 289 95 4 0 
179 326 53 0 0 
105 225 19 0 0 
89 289 65 0 0 
206 196 49 5 0 
157 236 40 0 0 
111 188 154 0 0 
135 299 52 0 0 
151 171 17 0 0 
172 155 97 3 0 
181 290 39 0 0 
94 169 54 0 0 
148 291 30 0 0 
52 274 69 1 0 
86 223 148 0 0 
86 306 6 10 0 
135 244 20 0 0 
88 334 35 12 0 
181 150 80 12 0 
211 174 41 5 0 
93 216 59 3 0 
138 161 32 8 0 
108 204 51 0 0 
127 185 93 2 0 
76 288 41 0 0 
141 238 44 12 0 
67 285 67 0 0 
90 131 34 2 0 
119 262 63 0 0 
99 276 63 0 0 
114 212 15 5 0 
118 296 61 5 0 
171 258 50 0 0 
139 179 69 9 0 
94 338 55 0 0 
177 248 34 0 0 
125 142 87 10 0 
172 190 66 0 0 
201 178 71 0 0 
115 292 32 0 0 
136 290 24 0 0 
190 189 36 0 0 
79 337 42 0 0 
75 184 170 0 0 
196 197 80 0 0 
136 257 76 0 0 
66 351 30 0 0 
164 374 31 0 0 
194 212 24 0 0 
83 223 43 0 0 
114 229 51 19 0 
137 198 56 5 0 
83 272 23 0 0 
60 310 41 0 0 
138 304 32 0 0 
106 149 70 5 0 
51 194 109 0 0 
135 221 16 0 0 
69 195 118 27 0 
136 244 40 0 0 
124 226 114 3 0 
93 124 77 0 0 
81 250 44 0 0 
101 152 58 0 0 
60 311 76 2 0 
111 205 83 0 0 
58 261 64 0 0 
146 183 85 0 0 
230 171 33 5 0 
118 295 1 4 0 
87 206 65 4 0 
88 307 49 0 0 
152 247 26 0 0 
116 234 140 0 0 
205 217 33 0 0 
66 203 57 0 0 
82 153 42 5 0 
88 310 37 14 0 
204 165 23 0 0 
118 297 46 0 0 
109 167 27 5 0 
136 256 63 0 0 
95 273 18 13 0 
61 328 67 0 0 
38 362 15 0 0 
66 272 99 0 0 
151 217 68 6 0 
79 270 50 15 0 
66 200 134 0 0 
100 241 67 7 0 
52 220 68 8 0 
70 230 150 0 0 
113 191 67 3 0 
131 269 6 2 0 
117 198 63 0 0 
90 303 38 1 0 
93 260 83 0 0 
123 273 50 0 0 
82 196 42 0 0 
151 174 49 22 0 
146 203 83 0 0 
149 200 26 0 0 
108 164 115 0 0 
108 264 9 0 0 
106 227 105 0 0 
174 257 40 0 0 
91 188 46 0 0 
114 379 16 0 0 
121 401 52 1 0 
60 254 73 0 0 
117 321 76 4 0 
175 182 47 6 0 
161 185 81 10 0 
115 225 11 0 0 
87 249 79 12 0 
107 201 77 1 0 
91 240 102 16 0 
87 314 35 0 0 
78 188 102 0 0 
113 285 85 0 0 
147 133 64 0 0 
68 222 89 0 0 
104 152 87 12 0 
130 263 58 0 0 
137 110 149 0 0 
101 215 30 0 0 
98 349 56 7 0 
129 141 54 0 0 
35 185 48 0 0 
165 260 23 0 0 
167 273 17 0 0 
82 338 35 0 0 
168 153 79 0 0 
85 186 129 0 0 
77 283 17 5 0 
115 198 139 0 0 
119 236 5 0 0 
192 211 37 2 0 
156 269 58 0 0 
37 350 43 0 0 
88 159 69 1 0 
75 303 32 0 0 
170 282 35 0 0 
165 184 34 0 0 
129 187 127 25 0 
251 161 41 2 0 
103 195 56 0 0 
116 186 43 0 0 
129 280 15 0 0 
220 159 19 2 0 
79 375 11 4 0 
238 223 18 0 0 
60 200 89 1 0 
158 156 19 0 0 
142 328 23 0 0 
101 203 17 0 0 
166 224 31 0 0 
88 255 88 0 0 
152 189 48 0 0 
118 168 27 0 0 
111 353 5 0 0 
164 196 39 0 0 
131 305 17 1 0 
108 281 8 1 0 
132 212 57 0 0 
148 249 32 0 0 
72 191 64 0 0 
217 273 45 0 0 
238 178 38 0 0 
96 229 56 0 0 
76 351 53 1 0 
99 139 57 4 0 
94 159 67 0 0 
215 285 56 0 0 
57 389 71 0 0 
117 210 35 0 0 
59 272 48 0 0 
74 243 34 15 0 
143 214 53 0 0 
74 233 42 0 0 
67 256 9 0 0 
42 106 89 0 0 
90 236 24 0 0 
63 429 37 5 0 
115 184 53 0 0 
70 248 95 0 0 
76 278 62 0 0 
173 217 58 8 0 
122 181 75 0 0 
123 169 73 1 0 
98 129 62 0 0 
116 269 82 2 0 
118 315 18 0 0 
164 237 111 6 0 
71 246 10 11 0 
82 206 82 9 0 
96 289 35 14 0 
49 318 48 0 0 
114 191 46 0 0 
91 169 107 0 0 
55 231 76 13 0 
77 201 21 7 0 
97 239 55 0 0 
152 238 58 16 0 
129 244 50 2 0 
74 228 26 20 0 
183 215 7 23 0 
104 367 66 1 0 
61 261 32 0 0 
162 260 61 10 0 
70 206 90 0 0 
217 245 42 0 0 
66 278 110 12 0 
106 168 77 0 0 
111 252 14 0 0 
101 183 38 41 0 
101 155 115 0 0 
106 216 25 0 0 
170 189 40 2 0 
106 225 38 2 0 
126 215 22 0 0 
87 249 44 0 0 
146 362 55 0 0 
115 219 51 0 0 
61 207 121 0 0 
86 327 17 0 0 
159 217 17 0 0 
78 261 17 0 0 
96 253 34 0 0 
182 220 45 0 0 
110 301 11 0 0 
109 226 81 0 0 
240 185 17 7 0 
76 356 35 0 0 
173 321 77 0 0 
129 286 26 0 0 
78 284 14 0 0 
111 161 52 2 0 
132 294 71 0 0 
159 256 25 0 0 
154 298 57 0 0 
132 202 34 0 0 
179 167 33 0 0 
157 130 84 0 0 
96 288 41 26 0 
195 204 76 0 0 
127 125 37 0 0 
72 291 131 1 0 
198 227 44 0 0 
53 304 83 0 0 
135 212 33 1 0 
81 221 29 31 0 
70 366 66 0 0 
142 190 14 0 0 
75 165 76 3 0 
192 180 78 0 0 
104 141 56 0 0 
104 286 75 0 0 
205 180 19 0 0 
219 142 91 0 0 
158 252 30 3 0 
46 251 9 16 0 
