0 156 78 
0 101 63 
0 87 29 
0 140 46 
0 118 76 
0 106 48 
0 87 17 
0 102 23 
0 179 51 
0 100 6 
0 113 54 
0 143 19 
0 118 94 
0 157 69 
0 112 49 
0 111 15 
0 101 23 
0 157 46 
0 141 37 
0 79 37 
0 197 14 
0 128 19 
0 86 41 
0 67 103 
0 77 43 
0 110 17 
0 138 29 
0 116 34 
0 102 29 
0 115 13 
0 99 47 
0 104 24 
0 91 29 
0 103 97 
0 113 15 
0 143 10 
0 142 87 
0 136 32 
0 97 37 
0 109 34 
0 51 19 
0 80 75 
0 68 47 
0 123 11 
0 78 22 
0 76 38 
0 112 13 
0 129 59 
0 148 149 
0 164 39 
0 78 36 
0 117 20 
0 116 28 
0 146 20 
0 115 34 
0 107 57 
0 128 43 
0 97 46 
0 137 38 
0 111 44 
0 75 53 
0 102 55 
0 109 49 
0 110 105 
0 187 30 
0 118 29 
0 210 44 
0 156 18 
0 157 42 
0 140 29 
0 112 39 
0 116 33 
0 130 28 
0 74 55 
0 130 47 
0 117 24 
0 124 28 
0 105 63 
0 160 14 
0 67 40 
0 102 90 
0 85 54 
0 134 26 
0 110 22 
0 113 8 
0 119 73 
0 117 53 
0 136 42 
0 185 30 
0 122 43 
0 91 24 
0 140 96 
0 68 44 
0 95 60 
0 143 52 
0 122 55 
0 117 106 
0 114 4 
0 144 47 
0 90 51 
0 101 44 
0 119 40 
0 114 23 
0 114 32 
0 96 45 
0 103 47 
0 117 15 
0 158 65 
0 89 34 
0 155 29 
0 109 11 
0 68 52 
0 139 50 
0 134 64 
0 61 68 
0 131 19 
0 66 30 
0 114 24 
0 107 46 
0 113 14 
0 99 56 
0 80 38 
0 111 63 
0 115 20 
0 131 19 
0 143 40 
0 96 27 
0 80 24 
0 91 22 
0 92 21 
0 149 34 
0 103 57 
0 134 20 
0 85 88 
0 86 16 
0 73 46 
0 141 29 
0 86 11 
0 107 33 
0 113 76 
0 186 17 
0 138 20 
0 108 27 
0 83 23 
0 116 20 
0 125 59 
0 116 42 
0 70 41 
0 101 34 
0 137 29 
0 143 138 
0 52 32 
0 110 50 
0 118 74 
0 113 78 
0 123 30 
0 104 48 
0 117 18 
0 128 4 
0 135 59 
0 81 28 
0 125 6 
0 114 6 
0 104 19 
0 153 23 
0 138 50 
0 160 41 
0 113 51 
0 125 26 
0 136 34 
0 150 38 
0 161 28 
0 112 22 
0 90 53 
0 134 56 
0 122 17 
0 92 20 
0 109 20 
0 95 35 
0 116 46 
0 111 37 
0 78 29 
0 122 26 
0 78 108 
0 85 36 
0 128 16 
0 139 8 
0 67 32 
0 70 18 
0 105 21 
0 163 50 
0 134 52 
0 193 16 
0 133 32 
0 92 8 
0 77 25 
0 147 52 
0 120 54 
0 94 58 
0 141 39 
0 168 24 
0 115 20 
0 136 51 
0 136 47 
0 72 35 
0 188 71 
0 105 53 
0 147 4 
0 144 46 
0 114 60 
0 95 29 
0 102 22 
0 133 28 
0 95 50 
0 84 69 
0 99 19 
0 86 6 
0 123 35 
0 102 11 
0 105 27 
0 127 45 
0 108 34 
0 164 39 
0 112 70 
0 128 34 
0 121 11 
0 82 30 
0 159 49 
0 110 28 
0 120 22 
0 85 16 
0 105 97 
0 130 48 
0 95 15 
0 96 36 
0 125 20 
0 164 30 
0 90 46 
0 108 20 
0 138 24 
0 134 70 
0 107 43 
0 125 42 
0 185 29 
0 114 49 
0 102 14 
0 112 81 
0 117 21 
0 98 51 
0 137 34 
0 120 8 
0 131 48 
0 109 53 
0 145 27 
0 98 17 
0 142 43 
0 71 51 
0 88 10 
0 96 67 
0 145 91 
0 100 32 
0 118 64 
0 147 50 
0 147 82 
0 98 15 
0 112 42 
0 72 27 
0 125 52 
0 112 52 
0 124 31 
0 114 55 
0 64 19 
0 114 6 
0 115 37 
0 105 22 
0 176 29 
0 103 28 
0 127 108 
0 89 41 
0 129 14 
0 93 65 
0 135 36 
0 121 0 
0 135 31 
0 112 17 
0 126 76 
0 73 62 
0 137 19 
0 88 28 
0 122 58 
0 78 22 
0 71 52 
0 135 44 
0 102 17 
0 162 61 
0 128 38 
0 108 45 
0 105 20 
0 97 29 
0 93 39 
0 68 11 
0 97 29 
0 79 32 
0 112 58 
0 149 19 
0 147 69 
0 128 1 
0 115 38 
0 114 30 
0 100 29 
0 117 105 
0 136 9 
0 95 61 
0 123 43 
0 79 21 
0 140 31 
0 86 39 
0 111 25 
0 95 45 
0 162 37 
0 99 58 
0 165 16 
0 108 85 
0 74 32 
0 99 34 
0 112 38 
0 134 56 
0 121 22 
0 100 52 
0 123 32 
0 120 9 
0 83 68 
0 133 4 
0 66 36 
0 138 24 
0 126 32 
0 130 88 
0 114 30 
0 84 26 
0 116 43 
0 85 75 
0 146 0 
0 145 44 
0 140 30 
0 114 14 
0 113 45 
0 139 63 
0 97 66 
0 121 27 
0 169 35 
0 170 8 
0 89 30 
0 154 29 
0 99 30 
0 119 57 
0 110 37 
0 66 45 
0 120 50 
0 126 65 
0 108 50 
0 57 4 
0 107 33 
0 119 56 
0 100 64 
0 144 57 
0 91 49 
0 129 38 
0 134 53 
0 116 35 
0 87 13 
0 153 68 
0 134 29 
0 127 70 
0 70 31 
0 105 26 
0 103 50 
0 121 48 
0 132 34 
0 139 26 
0 134 21 
0 76 48 
0 99 19 
0 116 151 
0 127 22 
0 133 66 
0 95 7 
0 90 24 
0 97 31 
0 107 35 
0 85 46 
0 111 33 
0 94 47 
0 111 32 
0 94 79 
0 84 16 
0 83 46 
0 104 18 
0 138 27 
0 104 47 
0 114 22 
0 87 16 
0 175 41 
0 145 92 
0 99 40 
0 131 29 
0 91 22 
0 119 58 
0 107 32 
0 120 32 
0 75 43 
0 113 12 
0 83 60 
0 117 21 
0 112 40 
0 80 44 
0 107 39 
0 120 67 
0 83 50 
0 125 42 
0 126 53 
0 115 20 
0 120 22 
0 132 24 
0 82 75 
0 62 25 
0 91 76 
0 146 49 
0 140 124 
0 136 20 
0 134 34 
0 187 36 
0 124 18 
0 98 38 
0 97 11 
0 112 35 
0 104 16 
0 123 18 
0 82 9 
0 96 6 
0 123 33 
0 91 76 
0 115 28 
0 135 35 
0 136 68 
0 126 61 
0 89 5 
0 104 59 
0 124 68 
0 141 38 
0 104 34 
0 146 23 
0 108 14 
0 173 30 
0 150 27 
0 76 41 
0 188 21 
0 69 11 
0 154 13 
0 111 86 
0 116 22 
0 124 44 
0 131 30 
0 124 40 
0 133 41 
0 107 15 
0 113 38 
0 108 16 
0 148 19 
0 111 47 
0 131 71 
0 117 50 
0 111 61 
0 135 44 
0 157 47 
0 111 34 
0 112 55 
0 160 25 
0 100 13 
0 84 34 
0 147 81 
0 124 16 
0 147 46 
0 92 20 
0 110 21 
0 108 8 
0 87 36 
0 128 35 
0 124 29 
0 151 15 
0 110 23 
0 91 73 
0 145 3 
0 111 37 
0 92 59 
0 105 58 
0 89 66 
0 82 12 
0 56 78 
0 118 18 
0 97 16 
0 145 84 
0 76 34 
0 160 22 
0 165 40 
0 112 25 
0 132 54 
0 98 34 
0 116 30 
0 156 51 
0 105 57 
0 142 37 
0 124 48 
0 105 25 
0 112 46 
0 82 100 
0 100 13 
0 96 38 
0 77 66 
0 116 24 
0 121 24 
0 75 47 
0 135 63 
0 133 33 
0 115 38 
0 125 20 
0 103 29 
0 83 35 
0 163 14 
0 94 22 
0 85 55 
0 154 24 
0 157 28 
0 157 26 
0 139 51 
0 108 21 
0 143 79 
0 90 19 
0 123 89 
0 114 20 
0 136 10 
0 106 43 
0 99 45 
0 134 29 
0 146 47 
0 94 31 
0 151 15 
0 134 36 
0 127 26 
0 109 24 
0 133 101 
0 126 22 
0 136 32 
0 93 29 
0 77 67 
0 142 48 
0 110 40 
0 93 35 
0 95 27 
0 158 23 
0 138 26 
0 88 25 
0 115 37 
0 122 6 
0 154 62 
0 90 50 
0 86 35 
0 118 16 
0 97 50 
0 91 59 
0 114 29 
0 166 38 
0 80 63 
0 148 33 
0 96 51 
0 80 42 
0 87 28 
0 106 23 
0 110 28 
0 101 32 
0 100 29 
0 101 93 
0 91 85 
0 69 45 
0 122 19 
0 148 34 
0 114 84 
0 136 23 
0 101 28 
0 72 54 
0 69 18 
0 95 31 
0 105 26 
0 117 51 
0 105 25 
0 126 19 
0 81 52 
0 72 49 
0 124 49 
0 155 46 
0 125 31 
0 105 20 
0 54 19 
0 108 50 
0 122 27 
0 99 47 
0 68 26 
0 110 53 
0 129 31 
0 114 42 
0 112 38 
0 143 40 
0 52 80 
0 101 33 
0 129 26 
0 108 12 
0 166 53 
0 113 39 
0 99 56 
0 156 35 
0 91 19 
0 88 24 
0 129 15 
0 142 41 
0 137 48 
0 65 143 
0 107 50 
0 156 30 
0 105 41 
0 87 88 
0 84 30 
0 109 13 
0 159 82 
0 118 30 
0 111 24 
0 120 39 
0 122 26 
0 157 37 
0 95 60 
0 87 21 
0 106 63 
0 184 38 
0 114 40 
0 80 15 
0 94 58 
0 112 40 
0 156 30 
0 95 15 
0 104 66 
0 125 46 
0 156 22 
0 120 51 
0 135 20 
0 153 59 
0 167 25 
0 96 103 
0 124 76 
0 115 66 
0 152 11 
0 93 29 
0 93 33 
0 105 14 
0 105 26 
0 73 65 
0 119 14 
0 139 36 
0 133 69 
0 106 55 
0 54 80 
0 109 54 
0 78 31 
0 96 61 
0 131 29 
0 87 67 
0 119 49 
0 115 53 
0 114 30 
0 74 25 
0 135 33 
0 130 60 
0 95 51 
0 96 67 
0 120 8 
0 92 12 
0 123 27 
0 122 27 
0 76 63 
0 155 36 
0 119 22 
0 142 33 
0 145 36 
0 112 19 
0 133 23 
0 117 43 
0 130 28 
0 160 55 
0 63 5 
0 116 48 
0 120 49 
0 153 12 
0 120 8 
0 109 71 
0 104 43 
0 139 50 
0 61 31 
0 79 74 
0 74 43 
0 149 39 
0 91 100 
0 114 22 
0 142 32 
0 105 83 
0 156 38 
0 134 9 
0 107 37 
0 70 47 
0 97 19 
0 106 83 
0 129 32 
0 109 63 
0 164 33 
0 144 14 
0 93 23 
0 150 36 
0 141 26 
0 63 30 
0 105 22 
0 153 34 
0 131 35 
0 83 83 
0 80 18 
0 60 38 
0 119 12 
0 97 52 
0 82 18 
0 123 40 
0 73 17 
0 94 48 
0 83 46 
0 119 38 
0 112 29 
0 113 49 
0 117 36 
0 132 51 
0 131 19 
0 157 11 
0 102 9 
0 132 27 
0 126 26 
0 124 45 
0 97 31 
0 125 73 
0 147 71 
0 150 15 
0 137 64 
0 123 56 
0 92 44 
0 179 30 
0 159 25 
0 79 29 
0 96 19 
0 155 26 
0 117 38 
0 62 57 
0 92 23 
0 143 29 
0 113 56 
0 108 22 
0 115 17 
0 120 41 
0 121 19 
0 96 55 
0 84 28 
0 170 15 
0 114 23 
0 78 70 
0 141 35 
0 148 45 
0 126 50 
0 113 34 
0 69 34 
0 111 80 
0 148 11 
0 140 31 
0 117 66 
0 113 43 
0 103 33 
0 89 47 
0 168 46 
0 92 31 
0 138 71 
0 71 62 
0 115 89 
0 116 60 
0 123 57 
0 133 49 
0 146 29 
0 87 21 
0 118 47 
0 123 44 
0 103 59 
0 109 37 
0 134 47 
0 99 64 
0 98 52 
0 101 28 
0 88 54 
0 116 68 
0 112 39 
0 112 51 
0 130 6 
0 121 54 
0 66 14 
0 137 38 
0 107 47 
0 93 37 
0 132 54 
0 90 46 
0 178 28 
0 64 30 
0 106 34 
0 118 27 
0 102 48 
0 122 15 
0 93 53 
0 136 10 
0 141 26 
0 83 26 
0 97 14 
0 96 89 
0 115 18 
0 97 12 
0 104 25 
0 164 41 
0 123 29 
0 102 56 
0 122 93 
0 147 84 
0 110 56 
0 100 78 
0 102 56 
0 161 23 
0 101 53 
0 107 44 
0 111 58 
0 115 39 
0 101 47 
0 117 53 
0 97 19 
0 111 24 
0 54 19 
0 113 25 
0 157 27 
0 72 10 
0 85 52 
0 95 7 
0 130 11 
0 100 74 
0 74 109 
0 42 12 
0 113 71 
0 95 30 
0 73 55 
0 148 68 
0 82 55 
0 178 23 
0 131 20 
0 132 24 
0 136 14 
0 130 20 
0 102 15 
0 104 22 
0 135 56 
0 76 48 
0 134 20 
0 157 29 
0 172 31 
0 108 113 
0 95 29 
0 101 21 
0 123 16 
0 114 61 
0 89 23 
0 90 20 
0 114 32 
0 125 26 
0 93 19 
0 89 31 
0 148 35 
0 104 52 
0 113 65 
0 98 30 
0 81 137 
0 116 42 
0 132 19 
0 145 26 
0 89 29 
0 97 72 
0 97 32 
0 139 49 
0 150 23 
0 142 38 
0 139 24 
0 116 50 
0 119 27 
0 93 19 
0 104 71 
0 93 15 
0 128 29 
0 139 47 
0 138 49 
0 84 38 
0 174 36 
0 137 19 
0 124 52 
0 115 19 
0 107 27 
0 119 23 
0 148 45 
0 139 26 
0 131 55 
0 88 32 
0 115 54 
0 83 51 
0 106 11 
0 86 1 
0 169 48 
0 105 71 
0 164 26 
0 165 40 
0 121 15 
0 117 26 
0 106 49 
0 87 58 
0 89 26 
0 146 35 
0 115 115 
0 100 32 
0 108 38 
0 80 27 
0 65 42 
0 157 32 
0 126 22 
0 135 51 
0 73 24 
0 136 69 
0 140 17 
0 117 47 
0 132 57 
0 100 31 
0 118 29 
0 117 8 
0 157 36 
0 137 17 
0 77 21 
0 146 21 
0 156 14 
0 86 41 
0 114 17 
0 70 28 
0 129 20 
0 121 52 
0 101 15 
0 116 56 
0 100 27 
0 124 57 
0 113 19 
0 104 23 
0 196 35 
0 92 54 
0 112 24 
0 109 40 
0 112 16 
0 127 25 
0 106 25 
0 85 43 
0 121 26 
0 107 29 
0 128 43 
0 148 30 
0 141 39 
0 68 48 
0 125 26 
0 122 47 
0 79 54 
0 107 27 
0 107 11 
0 137 39 
0 58 30 
0 158 14 
0 80 17 
0 73 44 
0 111 38 
0 105 21 
0 117 49 
0 129 43 
0 148 55 
0 50 61 
0 155 26 
0 114 71 
0 129 45 
