2 80 100 34 0 
17 87 122 30 0 
2 29 171 81 0 
0 32 231 16 2 
5 24 119 46 0 
17 73 176 74 0 
9 68 159 59 3 
3 77 202 29 0 
5 32 176 60 0 
8 40 314 101 6 
7 67 113 123 0 
0 80 87 39 6 
2 78 138 12 0 
3 89 185 171 0 
3 126 196 92 3 
4 58 194 62 0 
8 27 132 67 17 
9 55 265 17 0 
5 41 177 19 0 
8 136 141 110 0 
2 54 135 53 0 
9 77 113 73 0 
1 67 207 88 0 
0 31 172 90 43 
2 24 141 165 0 
3 124 290 29 0 
8 59 198 85 1 
6 55 86 49 4 
2 24 171 86 0 
5 33 205 38 0 
16 80 149 71 0 
1 162 78 33 8 
15 43 205 58 0 
24 74 181 108 0 
5 82 340 53 0 
7 81 92 60 0 
27 4 200 122 0 
9 58 253 85 0 
2 117 44 62 0 
2 59 95 86 0 
1 80 174 108 0 
6 61 101 155 3 
23 14 187 75 0 
13 87 167 150 0 
15 30 368 51 0 
6 83 212 108 19 
8 61 105 62 5 
6 147 163 125 0 
7 180 208 17 0 
5 96 94 66 0 
12 51 92 156 1 
5 72 51 105 55 
6 22 245 67 0 
0 77 255 132 3 
1 30 406 24 0 
8 96 210 42 0 
10 87 198 86 1 
0 67 127 93 8 
1 171 286 62 11 
43 92 161 80 8 
28 32 109 242 0 
1 96 156 17 0 
1 34 135 115 36 
8 18 253 45 0 
1 128 224 71 9 
22 13 219 49 45 
1 70 239 31 0 
19 47 238 80 0 
0 35 189 176 2 
2 103 275 53 0 
2 73 153 47 0 
6 58 247 111 5 
1 47 286 82 0 
0 17 246 133 11 
3 56 171 12 5 
8 43 154 102 11 
9 28 68 101 0 
11 3 202 67 0 
1 119 112 97 0 
10 92 190 133 1 
22 3 198 86 0 
4 40 164 132 0 
7 12 249 145 0 
22 59 106 15 0 
1 196 121 68 17 
7 137 117 87 0 
10 44 142 38 0 
2 136 76 129 0 
24 86 112 24 0 
5 83 169 84 0 
1 319 233 98 0 
5 61 112 116 1 
2 76 127 65 1 
30 23 249 27 0 
31 25 201 135 0 
0 19 243 80 0 
25 86 196 65 0 
11 121 124 28 0 
10 116 144 60 0 
6 102 142 63 0 
21 38 95 57 0 
11 82 237 74 12 
23 63 80 139 0 
15 65 210 25 17 
9 122 162 51 0 
5 50 156 65 0 
8 49 175 31 0 
11 84 235 57 0 
0 41 115 73 1 
0 46 160 109 2 
6 19 200 113 1 
8 135 151 63 0 
1 50 64 179 0 
1 40 169 62 35 
20 184 124 42 19 
3 22 177 7 4 
8 21 173 118 30 
24 43 75 74 1 
3 79 201 48 0 
12 114 77 63 0 
2 61 196 11 0 
14 87 334 79 0 
23 67 126 9 0 
20 151 114 1 0 
9 20 82 64 0 
1 83 93 22 0 
14 46 84 120 0 
17 12 108 140 10 
4 134 142 68 23 
20 35 151 118 9 
4 66 171 19 15 
2 28 154 58 2 
2 177 200 61 18 
14 79 163 49 13 
4 33 163 45 3 
21 26 141 102 2 
7 47 226 9 0 
2 46 162 95 0 
19 51 140 53 0 
1 74 206 57 6 
3 64 157 146 0 
11 190 126 132 0 
12 118 165 28 1 
1 44 177 70 0 
10 89 75 140 0 
14 24 92 78 0 
9 123 280 79 0 
2 29 174 90 0 
6 40 280 61 0 
9 61 221 30 0 
1 21 215 113 0 
13 17 155 70 0 
15 45 180 46 0 
2 30 213 86 6 
11 28 153 62 0 
0 284 178 56 0 
8 154 167 51 2 
0 119 123 38 0 
8 47 185 84 12 
17 86 224 12 3 
3 71 127 54 0 
0 39 64 92 0 
7 42 94 67 0 
0 93 167 47 0 
2 43 147 67 0 
7 84 199 61 8 
18 14 204 153 0 
27 22 145 37 0 
6 46 227 157 0 
3 32 98 85 0 
7 136 114 124 0 
12 162 109 33 0 
20 150 121 12 2 
2 67 182 55 0 
15 166 190 31 0 
0 22 61 50 16 
1 119 177 53 7 
58 76 147 74 0 
4 90 366 54 0 
19 65 200 20 0 
2 54 221 127 0 
27 90 153 54 0 
6 132 205 40 0 
3 95 212 50 14 
11 26 153 57 0 
17 44 105 64 0 
22 81 169 82 0 
2 71 212 32 0 
7 84 140 107 0 
5 87 220 36 0 
11 47 301 21 0 
2 67 153 54 0 
1 104 182 76 0 
0 112 173 80 0 
29 25 100 77 5 
1 38 165 105 0 
15 121 265 122 0 
0 76 116 114 0 
5 75 158 38 0 
40 142 178 24 24 
9 31 146 41 0 
4 90 173 69 0 
13 101 126 82 1 
4 82 271 84 0 
4 31 261 104 0 
1 102 174 142 0 
5 64 167 66 0 
12 73 203 58 15 
6 146 220 48 0 
25 107 261 31 0 
11 124 206 51 1 
0 103 70 114 0 
6 48 56 41 4 
16 61 95 45 0 
9 79 102 80 10 
24 62 172 79 0 
21 30 110 183 0 
13 37 152 26 0 
25 199 181 121 0 
19 73 180 92 0 
4 63 124 22 0 
8 70 134 74 31 
9 106 248 39 3 
2 20 126 162 0 
0 89 151 73 0 
1 52 238 48 0 
6 77 265 40 0 
1 17 124 116 1 
11 60 178 105 6 
5 38 165 92 0 
4 64 294 104 0 
0 31 167 49 0 
10 150 95 94 0 
37 58 110 30 0 
9 80 124 35 0 
1 16 132 139 1 
10 49 274 96 0 
6 133 149 32 5 
19 101 137 27 0 
2 87 71 101 0 
16 87 124 42 0 
8 36 192 34 3 
2 70 176 10 1 
16 110 76 36 0 
2 37 107 55 1 
1 60 219 80 0 
11 95 166 67 0 
1 64 50 84 5 
21 120 148 28 0 
6 110 161 76 0 
9 190 125 20 0 
1 17 128 91 0 
4 41 178 208 0 
0 148 175 51 4 
7 30 101 37 0 
7 64 166 166 0 
2 75 219 93 18 
6 43 185 68 0 
4 87 132 18 0 
9 113 197 33 0 
29 66 138 49 0 
2 103 126 160 0 
2 51 237 41 0 
1 50 190 182 2 
0 23 123 110 0 
4 101 289 49 0 
16 90 167 55 20 
11 109 126 181 0 
5 90 106 82 20 
4 66 162 47 0 
11 127 104 44 22 
13 52 306 78 1 
17 39 115 72 0 
13 56 154 119 0 
0 38 86 124 0 
4 29 74 192 47 
11 40 160 36 2 
4 92 119 19 0 
22 80 137 64 0 
4 36 176 75 4 
25 202 185 59 1 
5 39 132 78 0 
14 51 107 116 9 
4 17 266 73 19 
2 19 121 30 0 
0 71 134 53 9 
6 39 199 36 5 
38 40 147 39 13 
18 66 138 48 33 
6 50 107 45 2 
40 103 89 144 0 
5 140 169 129 3 
0 43 119 219 3 
11 49 120 75 0 
0 101 95 32 0 
20 146 184 38 6 
26 103 191 142 0 
4 93 162 60 1 
1 21 192 41 0 
10 33 83 37 0 
6 50 110 77 0 
2 52 152 112 0 
17 99 276 45 0 
19 93 136 96 5 
5 130 212 47 0 
1 156 148 13 0 
7 73 114 254 0 
4 44 226 63 0 
0 80 93 66 0 
18 86 96 61 0 
1 56 294 53 0 
1 71 134 119 0 
3 59 176 77 0 
4 53 212 115 0 
28 127 199 81 0 
9 57 181 150 0 
10 53 114 100 9 
11 50 227 46 0 
13 27 119 74 4 
1 38 171 34 0 
15 94 158 115 0 
28 113 132 87 4 
9 55 225 66 17 
30 79 72 50 0 
5 174 62 51 0 
1 113 84 106 0 
54 87 109 123 1 
17 132 172 46 17 
7 99 124 101 0 
5 66 215 16 0 
4 67 253 49 0 
10 15 196 24 0 
18 111 147 20 29 
6 142 190 47 0 
0 135 71 35 0 
11 27 276 39 21 
32 86 214 18 19 
3 91 211 92 0 
0 47 230 152 0 
10 106 129 265 9 
15 89 188 91 0 
11 48 259 237 11 
2 64 106 157 0 
4 107 182 75 0 
10 85 258 35 0 
23 93 130 54 0 
9 46 146 52 0 
0 66 191 64 5 
32 152 97 87 0 
6 74 282 58 0 
8 66 298 87 3 
14 75 223 14 0 
9 37 127 159 0 
12 13 180 67 1 
8 62 180 118 0 
31 92 82 48 0 
7 46 187 49 0 
2 49 252 42 0 
8 29 134 87 0 
0 12 196 27 0 
8 42 229 47 0 
3 48 158 113 0 
24 81 237 57 0 
6 36 103 50 0 
4 116 97 70 0 
14 14 131 60 0 
26 54 77 50 0 
0 167 109 110 0 
2 133 203 112 2 
2 75 152 41 0 
6 186 408 29 11 
1 61 181 76 10 
31 35 213 19 45 
16 72 174 59 19 
4 141 106 44 1 
0 58 138 57 0 
3 68 391 115 4 
6 44 81 134 0 
16 19 101 73 0 
0 84 134 38 0 
17 148 94 69 0 
24 57 134 35 21 
11 74 242 50 0 
1 76 186 70 0 
6 46 157 168 6 
5 95 76 90 0 
33 66 103 147 6 
5 194 145 27 53 
29 105 118 31 0 
4 42 141 69 0 
30 97 188 50 0 
1 68 228 96 1 
1 30 299 9 0 
8 90 153 88 0 
8 23 171 33 0 
5 172 223 36 0 
4 130 214 56 2 
7 76 141 44 0 
23 38 145 103 0 
14 59 93 135 0 
18 49 219 97 0 
0 105 187 13 3 
18 90 220 8 2 
22 30 323 45 0 
6 108 206 45 1 
3 79 189 73 0 
0 85 163 95 0 
11 46 165 56 0 
19 155 134 19 3 
13 40 25 70 17 
19 13 159 74 0 
2 102 244 14 0 
40 51 149 17 1 
1 68 53 48 0 
3 203 247 88 0 
11 205 203 50 0 
2 31 118 34 0 
0 66 89 138 0 
13 108 137 47 0 
2 11 322 140 1 
6 78 189 90 0 
18 57 124 40 0 
2 55 187 57 0 
14 50 87 79 0 
27 29 111 49 0 
7 87 180 130 0 
3 29 209 84 22 
2 26 149 22 2 
7 111 211 23 0 
0 23 246 92 4 
5 72 131 76 0 
3 79 182 144 0 
7 55 281 21 0 
5 66 277 7 0 
3 131 98 75 0 
27 97 255 29 0 
2 40 170 29 1 
2 46 126 50 0 
23 26 86 59 13 
7 53 127 25 0 
7 106 225 12 0 
15 185 138 65 5 
5 23 313 65 0 
36 38 136 90 0 
0 77 233 32 2 
2 178 155 71 0 
11 35 116 13 21 
11 62 160 58 0 
12 36 126 78 0 
1 51 177 84 0 
8 49 50 148 0 
9 65 226 52 0 
12 148 67 64 0 
4 107 95 98 1 
0 57 238 76 1 
12 24 154 73 0 
29 46 125 49 0 
2 69 91 39 0 
6 59 176 96 1 
9 19 201 34 12 
4 140 180 78 0 
2 105 110 18 0 
4 110 125 36 0 
0 114 143 49 0 
1 72 308 56 13 
7 84 135 143 3 
4 78 186 68 0 
7 140 110 93 0 
3 156 192 2 0 
1 23 236 66 0 
22 54 186 55 19 
18 67 137 67 13 
3 65 224 82 11 
19 104 67 11 30 
3 94 193 62 1 
10 129 106 121 0 
25 69 232 54 0 
8 126 129 16 0 
6 46 75 67 2 
10 123 339 57 0 
19 10 255 60 0 
4 76 229 135 0 
1 47 222 79 0 
4 54 262 12 0 
9 39 158 113 0 
20 184 156 25 0 
16 34 140 26 0 
3 47 155 64 0 
29 84 69 74 0 
1 62 265 44 6 
9 69 302 24 0 
19 110 107 32 0 
15 63 161 30 0 
6 63 285 51 0 
7 36 220 161 0 
8 39 239 43 0 
5 53 101 15 0 
12 48 129 30 0 
9 68 146 55 0 
2 36 217 109 0 
31 31 114 116 1 
7 65 103 26 0 
22 35 121 51 0 
19 101 101 33 0 
18 13 110 64 2 
15 92 164 79 0 
2 50 146 110 7 
13 40 94 38 0 
1 55 76 167 1 
1 54 88 142 0 
0 111 209 67 0 
15 91 107 65 0 
19 123 235 72 0 
4 102 151 41 0 
1 95 133 32 2 
1 163 153 93 0 
8 72 187 54 11 
2 20 167 35 0 
6 49 136 15 3 
8 42 52 49 0 
16 25 103 52 0 
5 55 255 75 0 
3 90 172 38 1 
11 78 111 40 0 
0 70 217 36 1 
9 90 209 8 63 
10 27 324 116 0 
3 68 131 72 0 
5 87 185 139 0 
13 41 267 67 0 
4 136 327 39 0 
4 42 206 21 0 
4 42 130 9 0 
4 55 170 134 2 
25 13 141 42 18 
22 67 190 66 0 
3 84 325 93 0 
4 100 345 26 3 
1 24 135 92 14 
6 130 106 73 1 
5 53 235 98 0 
2 228 61 41 0 
33 148 322 101 0 
39 43 178 104 0 
5 79 122 14 0 
1 114 141 87 1 
21 91 272 15 10 
0 122 126 118 1 
5 60 163 55 0 
5 96 174 168 0 
13 61 184 75 0 
37 16 133 58 8 
6 18 280 108 12 
8 47 179 63 0 
11 112 196 177 0 
6 125 178 8 0 
17 142 192 12 0 
14 28 236 122 0 
13 71 133 85 6 
13 25 102 72 0 
13 56 179 68 22 
15 61 130 104 0 
5 25 108 260 0 
5 91 218 41 0 
4 30 102 54 0 
1 18 171 124 0 
17 80 94 64 0 
1 36 174 62 0 
2 37 127 179 1 
16 91 74 93 8 
1 59 165 38 0 
2 37 248 74 17 
17 67 136 74 39 
2 20 147 10 0 
0 17 122 62 0 
1 49 166 33 3 
7 153 126 36 1 
2 83 119 70 18 
2 35 201 108 0 
4 125 238 33 0 
5 37 219 117 0 
16 44 222 108 0 
2 57 139 70 0 
5 87 135 16 0 
9 37 91 42 0 
1 82 96 95 13 
3 93 70 114 12 
6 122 191 2 0 
3 72 162 48 0 
17 136 148 72 1 
2 111 209 57 0 
8 82 198 90 9 
4 70 99 81 2 
1 25 142 188 0 
8 74 46 117 0 
12 46 283 61 3 
19 22 194 91 0 
19 78 170 138 3 
17 111 317 11 6 
0 105 352 100 0 
11 74 296 64 0 
14 148 85 15 0 
1 93 234 55 0 
8 55 176 76 0 
3 112 139 80 37 
1 106 162 72 1 
4 103 92 57 29 
0 79 166 36 0 
4 58 315 79 14 
1 93 189 106 0 
25 99 190 111 0 
11 81 291 45 1 
18 45 76 62 2 
1 105 174 80 0 
3 145 164 74 10 
0 11 134 72 0 
3 44 164 67 0 
8 71 172 114 0 
2 109 185 25 0 
8 18 84 63 0 
38 100 168 87 0 
10 47 234 100 13 
7 20 224 95 0 
5 131 158 64 0 
9 86 225 45 0 
3 66 148 54 4 
7 93 143 103 12 
1 60 199 48 1 
0 75 188 168 0 
15 41 140 37 0 
9 82 257 6 1 
31 77 141 40 0 
12 86 102 52 0 
8 59 74 96 0 
2 134 70 71 0 
1 45 198 49 9 
17 67 109 177 0 
3 108 201 115 0 
10 91 167 78 0 
3 76 151 76 0 
19 62 169 33 2 
0 41 137 117 0 
2 51 151 86 0 
44 33 223 88 0 
7 31 240 207 0 
4 116 134 88 0 
2 38 166 92 60 
3 140 239 4 0 
5 58 145 83 8 
11 102 236 63 1 
7 71 141 85 0 
17 66 129 33 3 
3 147 166 45 0 
16 51 102 46 0 
1 45 219 170 37 
5 102 123 69 0 
5 108 82 45 0 
2 161 191 70 0 
5 30 234 133 27 
18 22 194 105 0 
11 97 286 52 1 
30 73 133 69 0 
12 74 179 120 8 
2 49 131 12 0 
7 71 220 70 14 
16 53 60 32 0 
6 36 262 25 0 
1 108 143 71 0 
6 64 147 125 0 
3 100 275 44 2 
11 69 117 54 18 
1 59 174 49 0 
0 46 135 80 34 
6 69 153 46 0 
8 55 178 40 13 
1 125 244 75 3 
11 128 104 182 0 
5 45 84 35 5 
4 179 130 29 0 
9 26 216 58 5 
7 162 183 103 0 
0 74 197 104 27 
1 53 81 80 2 
12 65 182 25 0 
1 85 47 88 0 
3 112 107 80 4 
2 35 161 57 0 
15 74 145 22 15 
0 53 110 113 0 
2 57 187 58 0 
8 77 122 108 0 
23 76 77 81 1 
6 43 98 209 2 
10 83 236 85 0 
10 28 264 76 0 
8 75 156 9 0 
3 46 137 47 11 
1 29 167 53 0 
12 115 163 40 8 
7 117 63 100 0 
31 136 119 104 0 
0 89 176 71 0 
11 40 166 112 0 
9 73 219 12 23 
23 59 228 189 12 
8 177 134 65 0 
5 164 182 73 0 
4 145 174 180 0 
3 139 128 17 0 
4 44 98 26 1 
5 37 242 48 0 
3 55 97 42 0 
1 49 309 38 0 
4 30 167 13 0 
12 32 176 46 4 
12 101 125 75 0 
19 53 126 70 0 
4 104 120 66 34 
1 14 84 48 0 
2 31 191 129 0 
11 38 161 56 0 
2 87 154 108 0 
34 11 294 42 0 
2 63 272 112 0 
21 34 120 59 4 
9 42 127 123 9 
6 72 187 41 0 
9 74 121 93 0 
0 89 93 137 7 
8 46 288 29 1 
5 23 265 105 0 
5 98 218 44 0 
25 78 56 33 0 
3 115 106 120 0 
25 31 220 41 0 
2 15 211 83 1 
6 37 182 186 0 
9 172 187 33 0 
0 55 320 58 0 
4 51 120 154 0 
1 39 178 16 0 
3 51 208 97 0 
25 53 58 42 0 
1 107 122 50 39 
15 20 152 54 0 
20 95 188 111 23 
18 93 137 80 0 
6 133 189 50 0 
21 67 203 95 1 
0 93 152 49 0 
13 71 291 115 0 
1 46 144 96 0 
0 29 140 79 0 
13 184 199 86 0 
3 28 219 100 0 
0 46 140 105 1 
44 62 265 23 1 
29 13 187 108 1 
17 67 81 64 0 
12 83 100 28 0 
8 67 139 82 0 
0 29 169 87 5 
3 23 135 175 0 
10 80 187 86 25 
1 124 172 78 0 
9 38 115 13 71 
3 131 114 171 0 
1 43 263 78 0 
12 75 95 63 1 
1 44 185 45 0 
18 33 147 59 0 
2 78 151 66 0 
8 43 73 126 0 
4 17 250 38 0 
3 27 93 101 0 
8 24 166 69 0 
2 176 70 24 1 
14 77 135 49 0 
7 71 202 42 0 
15 126 135 137 0 
2 54 97 85 4 
8 38 137 89 0 
4 237 80 114 0 
2 54 168 109 0 
7 64 191 40 0 
8 102 95 27 0 
2 36 188 113 26 
19 117 127 20 0 
28 38 130 163 0 
15 96 251 50 0 
5 52 113 89 7 
13 71 231 27 0 
12 101 124 88 0 
5 20 266 75 0 
28 36 106 1 0 
16 65 144 18 0 
1 109 205 41 4 
12 75 237 12 0 
8 170 298 20 0 
4 89 155 47 31 
7 49 147 4 2 
1 64 122 27 31 
1 71 208 63 3 
0 60 250 57 0 
5 36 142 60 0 
0 94 109 1 0 
27 113 251 48 0 
25 62 122 39 1 
13 16 117 55 0 
22 61 229 77 0 
1 28 164 63 43 
9 38 204 111 12 
2 123 83 158 9 
5 95 278 116 0 
10 72 187 28 0 
3 65 212 42 1 
3 50 84 117 0 
2 3 275 39 1 
26 58 184 63 0 
9 106 93 36 0 
1 79 111 88 0 
12 76 125 61 0 
14 113 112 111 0 
7 31 91 118 0 
2 69 150 20 0 
1 38 117 37 0 
22 68 133 97 0 
2 91 150 33 0 
24 65 162 48 0 
3 114 251 32 25 
11 34 180 145 0 
5 91 114 71 0 
29 53 124 24 0 
5 8 107 45 0 
7 107 215 146 0 
2 79 119 135 85 
7 44 165 139 9 
26 42 199 86 1 
20 108 158 65 0 
2 44 114 71 13 
2 53 123 70 11 
1 58 298 79 10 
9 81 158 47 19 
13 53 177 39 0 
24 101 230 80 0 
12 59 104 68 1 
11 73 183 139 1 
6 83 134 55 0 
6 93 173 39 0 
27 29 139 43 24 
11 7 61 50 0 
15 11 295 42 0 
1 31 163 64 0 
2 39 208 40 0 
2 27 361 115 2 
0 113 170 62 0 
1 68 111 108 0 
23 162 100 4 0 
2 24 170 70 0 
14 29 140 60 0 
5 72 183 124 0 
1 100 148 91 1 
2 95 195 33 0 
5 34 151 57 0 
0 113 144 117 4 
16 70 182 43 0 
8 171 115 38 0 
3 49 158 6 0 
6 83 119 53 0 
4 51 145 133 0 
10 89 214 44 5 
5 122 273 59 0 
1 101 218 34 1 
8 9 189 31 1 
9 101 79 93 5 
5 72 146 34 0 
14 77 103 57 4 
5 32 148 59 0 
1 100 250 84 0 
6 18 145 158 9 
12 30 147 90 0 
16 28 213 57 1 
0 32 323 58 0 
1 98 109 185 2 
10 102 102 57 5 
15 59 50 90 3 
7 36 159 44 0 
11 40 181 58 0 
3 55 118 123 5 
1 107 238 14 0 
1 127 223 45 0 
11 70 217 46 0 
5 121 108 26 0 
0 57 114 135 3 
20 74 222 49 7 
17 55 184 118 0 
0 94 128 108 0 
9 42 216 40 0 
26 36 243 45 5 
6 106 96 80 0 
3 47 182 64 0 
2 68 159 126 0 
15 27 198 25 6 
7 61 294 37 0 
11 122 103 26 1 
7 124 223 68 0 
6 187 262 68 0 
2 39 150 11 19 
2 89 234 24 0 
5 105 172 35 0 
5 144 161 87 1 
5 56 194 120 0 
5 74 94 105 0 
1 30 90 40 16 
17 61 160 9 0 
7 59 187 53 0 
4 67 368 57 0 
2 64 196 6 7 
3 88 124 53 1 
0 15 146 171 4 
25 44 151 55 1 
26 41 199 60 1 
21 132 126 152 13 
7 22 234 84 0 
0 59 256 32 0 
19 104 133 32 0 
11 107 241 185 0 
13 59 116 12 9 
5 74 193 9 52 
0 73 256 99 0 
12 33 91 60 0 
0 114 134 11 0 
13 119 100 27 36 
3 79 284 66 0 
0 74 310 37 19 
2 55 269 114 0 
1 24 204 137 0 
1 32 154 272 0 
2 61 187 79 0 
8 85 115 38 0 
4 15 229 23 0 
0 25 180 54 0 
2 118 113 120 0 
1 57 121 145 0 
7 103 159 92 9 
5 88 128 34 0 
9 52 99 105 0 
13 109 171 146 1 
6 65 178 106 50 
2 21 223 61 0 
17 30 118 115 0 
10 47 97 131 0 
6 41 133 64 0 
14 136 179 63 0 
14 15 136 49 5 
5 107 104 106 0 
13 7 213 9 0 
2 120 117 73 0 
3 47 144 18 0 
4 30 100 67 0 
8 113 159 68 0 
10 71 143 95 0 
10 65 97 11 0 
24 24 137 105 0 
15 66 198 86 0 
0 24 145 29 4 
5 115 163 193 0 
3 71 162 38 17 
1 57 133 92 0 
27 25 150 167 0 
6 95 252 46 0 
6 82 303 167 0 
27 73 233 90 0 
11 140 164 69 1 
1 28 92 123 0 
5 39 184 25 0 
1 103 247 71 0 
5 37 156 7 0 
18 65 314 24 0 
9 65 201 14 0 
1 89 206 96 13 
3 83 122 97 0 
43 14 141 90 0 
19 72 77 105 0 
0 21 119 85 0 
3 155 223 10 0 
14 114 148 7 12 
8 24 173 105 1 
6 48 89 91 0 
2 60 125 30 0 
3 55 310 46 0 
6 198 122 60 0 
10 118 152 87 0 
0 41 267 61 0 
2 95 154 64 0 
11 82 148 29 1 
12 62 68 61 1 
8 64 145 168 0 
11 66 156 68 89 
5 67 180 102 0 
