1 5 146 66 0 
5 90 208 25 0 
1 56 160 93 0 
4 99 272 46 1 
20 98 188 183 0 
0 115 152 40 0 
3 90 277 43 0 
7 63 126 108 1 
1 1 144 71 0 
8 66 259 17 2 
10 126 135 119 0 
3 36 308 82 0 
2 28 129 118 0 
1 74 271 30 0 
1 70 240 41 7 
4 157 179 43 0 
31 47 130 83 5 
5 56 191 103 2 
44 48 147 65 7 
3 16 215 5 0 
20 58 220 78 0 
6 133 68 168 0 
23 95 131 31 10 
0 10 278 44 52 
10 57 104 48 0 
0 19 308 44 1 
0 37 271 27 0 
0 116 254 122 39 
0 44 165 161 0 
23 27 55 52 0 
7 190 113 4 0 
14 16 147 79 0 
20 102 146 23 0 
0 71 115 89 0 
0 67 205 77 5 
18 49 169 72 1 
6 53 181 98 0 
4 109 111 103 0 
7 84 236 15 0 
0 92 123 72 0 
0 38 154 151 0 
2 37 151 95 11 
3 133 148 64 0 
6 84 111 90 5 
0 63 195 99 0 
7 67 112 221 0 
18 70 204 42 68 
1 11 182 165 0 
0 31 183 23 0 
3 155 92 93 0 
0 25 196 127 49 
1 35 284 222 21 
2 38 246 170 0 
6 34 187 66 1 
6 162 68 158 1 
16 28 108 19 6 
4 33 286 24 0 
24 61 136 79 0 
7 25 114 60 73 
8 178 128 10 1 
2 84 137 80 0 
4 11 162 78 2 
5 110 223 71 0 
15 55 144 91 0 
6 15 250 45 1 
13 40 112 66 0 
8 67 195 78 0 
2 76 160 121 11 
4 45 132 83 0 
2 255 121 42 0 
1 48 123 129 0 
5 143 87 25 1 
3 109 104 111 3 
13 112 192 66 5 
34 109 125 33 15 
3 37 222 19 0 
10 27 294 29 0 
6 183 236 109 0 
9 138 96 95 31 
5 154 189 76 0 
2 8 190 83 0 
3 55 238 44 3 
3 24 190 47 0 
0 113 345 76 0 
0 50 262 28 0 
18 103 106 107 0 
15 140 106 118 0 
19 45 166 157 0 
1 26 165 75 0 
21 29 148 74 1 
20 87 100 89 0 
1 63 138 30 0 
5 25 368 64 0 
15 38 138 11 0 
19 105 140 37 22 
0 86 223 86 0 
7 100 134 106 0 
22 57 67 108 0 
3 34 224 92 0 
5 122 84 73 1 
0 71 79 87 2 
4 123 124 145 0 
19 56 72 103 0 
39 41 153 90 0 
16 98 131 43 0 
6 85 158 327 0 
2 132 153 107 0 
9 51 193 21 0 
6 58 320 20 0 
37 92 99 113 5 
4 166 46 54 0 
0 33 80 190 57 
2 102 161 22 0 
8 108 150 174 0 
26 69 126 100 0 
1 67 96 91 3 
11 70 198 60 0 
36 52 150 57 0 
5 154 122 88 1 
14 55 255 86 1 
9 80 158 51 0 
5 32 311 51 47 
1 119 122 10 33 
0 119 79 9 0 
3 37 104 70 1 
4 79 123 226 0 
3 68 193 61 0 
17 159 269 43 0 
5 98 86 82 0 
6 55 238 34 7 
8 27 318 94 8 
2 98 154 108 2 
1 168 123 76 0 
55 100 44 167 0 
7 94 156 32 0 
3 80 312 79 0 
3 39 235 72 0 
18 50 256 111 1 
5 90 108 142 6 
6 85 120 39 52 
2 48 160 30 0 
26 24 136 61 17 
7 279 126 21 3 
0 37 189 59 0 
9 2 312 97 0 
0 373 79 56 9 
9 101 203 191 0 
20 84 151 68 0 
3 38 298 59 10 
6 110 153 64 0 
3 103 151 49 0 
22 22 149 61 0 
3 78 99 145 0 
19 14 194 19 0 
14 68 97 27 3 
9 40 209 39 9 
12 47 153 35 60 
0 102 47 160 0 
2 82 85 252 0 
0 184 243 58 0 
19 50 87 41 0 
3 86 248 36 0 
23 48 220 38 0 
1 100 116 32 13 
5 111 179 78 9 
5 57 174 36 0 
0 32 243 119 0 
33 33 178 62 0 
2 44 255 21 4 
24 196 268 50 0 
11 77 345 68 0 
13 38 347 34 8 
29 36 180 112 0 
13 68 175 35 8 
0 39 158 115 0 
14 55 72 51 0 
11 162 124 59 19 
3 48 122 191 2 
19 85 153 26 0 
11 235 117 118 0 
8 100 111 18 0 
1 42 95 21 0 
1 129 80 46 0 
2 51 185 133 22 
2 33 139 41 0 
10 47 306 90 41 
5 38 126 69 0 
35 80 267 211 25 
2 54 209 15 0 
2 106 165 3 0 
5 131 137 16 0 
5 84 225 94 0 
14 42 135 25 0 
2 49 203 62 1 
7 125 100 33 0 
9 59 101 96 0 
24 35 107 91 0 
5 62 165 147 27 
9 57 96 129 0 
3 43 408 104 0 
33 127 141 75 0 
7 52 164 33 0 
2 57 255 134 0 
0 152 96 40 0 
15 45 214 58 1 
28 111 239 76 0 
0 27 90 58 1 
0 34 83 26 0 
12 67 63 164 0 
0 64 112 108 0 
34 90 214 23 0 
14 54 303 39 0 
25 80 228 59 0 
11 142 196 7 8 
0 32 243 41 3 
10 48 63 85 7 
9 48 110 42 10 
11 109 201 130 0 
9 70 85 55 15 
26 145 242 29 0 
10 91 218 46 1 
10 148 91 96 0 
0 101 106 70 0 
3 101 37 37 7 
1 54 125 138 1 
1 92 169 126 160 
1 33 212 47 25 
9 154 124 40 0 
3 96 162 87 23 
10 15 230 101 18 
2 18 270 55 0 
0 119 244 38 1 
2 108 202 53 0 
1 43 172 86 0 
6 105 147 7 0 
15 44 114 117 0 
3 84 331 17 17 
26 24 176 72 6 
13 75 147 94 0 
9 127 194 33 0 
15 27 196 107 0 
19 70 110 80 0 
45 43 82 109 9 
7 128 203 33 3 
7 86 162 31 0 
12 65 100 69 0 
3 33 129 107 0 
20 172 159 39 0 
21 65 215 113 9 
13 65 168 70 0 
4 154 136 70 0 
1 22 186 16 16 
60 95 76 74 0 
5 123 175 5 1 
2 49 192 23 0 
0 52 249 108 0 
5 112 187 12 1 
6 65 136 136 11 
0 29 119 48 1 
7 63 100 113 11 
20 140 131 2 5 
10 31 198 116 0 
10 113 138 35 0 
6 78 82 57 0 
20 41 155 15 0 
0 54 208 39 2 
18 62 121 52 0 
11 57 96 74 3 
54 83 231 45 0 
6 145 175 122 0 
0 56 82 31 0 
6 80 116 44 0 
2 26 146 64 8 
2 24 163 44 1 
3 33 209 70 0 
4 60 258 43 0 
13 90 94 52 0 
7 48 175 62 0 
0 50 105 117 1 
14 104 124 50 38 
15 114 153 39 56 
29 58 240 80 1 
5 24 106 27 0 
1 102 216 80 0 
9 154 239 19 0 
0 59 207 187 0 
16 50 130 56 0 
33 183 172 49 9 
5 64 86 123 33 
7 42 225 45 0 
9 109 197 5 0 
11 117 190 68 0 
0 104 217 159 0 
10 31 145 36 2 
10 40 257 34 0 
1 74 251 19 6 
14 83 150 11 0 
5 130 104 50 0 
5 73 288 35 0 
23 48 168 54 0 
19 26 206 41 0 
4 124 230 25 11 
2 232 133 18 0 
9 20 271 70 0 
2 45 84 67 25 
4 97 173 39 0 
10 53 153 153 0 
5 81 218 98 2 
31 23 225 87 0 
4 50 170 100 0 
24 89 122 107 0 
8 43 144 38 0 
10 38 159 107 1 
14 52 192 192 27 
2 71 143 89 0 
12 71 114 88 0 
12 17 51 154 12 
9 9 124 44 11 
16 44 161 27 0 
0 70 276 140 1 
6 41 99 39 0 
3 45 227 53 0 
30 35 169 65 0 
21 93 164 55 0 
11 50 196 116 0 
12 62 189 114 0 
0 53 194 136 20 
3 74 255 18 0 
6 82 28 27 43 
16 90 236 73 46 
7 91 242 66 0 
19 137 132 11 6 
13 64 194 70 0 
15 76 123 72 0 
2 85 163 111 0 
11 102 130 44 0 
2 47 198 35 0 
5 133 125 24 0 
0 62 254 132 0 
9 80 197 95 0 
13 33 128 38 0 
2 28 208 70 0 
0 45 253 55 0 
5 13 264 126 0 
40 62 108 69 2 
4 14 138 109 0 
5 53 307 133 0 
9 19 239 102 0 
3 78 212 61 0 
0 87 171 75 0 
9 108 250 50 1 
1 38 194 152 0 
7 49 198 139 0 
15 87 108 21 12 
36 48 106 38 0 
2 116 282 48 0 
6 86 163 122 0 
35 57 135 63 1 
9 69 258 33 0 
10 108 157 85 1 
1 90 163 35 0 
15 61 66 105 0 
30 67 200 48 0 
2 36 307 96 1 
1 150 163 36 1 
2 24 340 8 0 
6 52 141 11 2 
0 26 188 22 0 
21 62 106 41 0 
15 78 115 38 0 
15 61 162 7 0 
4 58 159 170 0 
10 47 102 144 0 
6 71 158 9 0 
9 45 97 107 0 
19 50 95 64 0 
38 52 145 35 11 
4 111 131 27 0 
3 51 272 51 0 
2 100 286 29 0 
3 49 71 223 1 
14 136 161 37 3 
38 109 113 111 0 
9 126 188 84 0 
4 121 81 49 13 
5 26 185 35 26 
1 31 263 66 0 
32 77 197 23 0 
31 24 124 57 4 
5 47 41 132 13 
27 59 101 18 0 
0 28 179 58 13 
6 71 97 51 0 
6 232 149 46 0 
0 109 161 123 22 
15 134 124 39 0 
34 45 221 86 50 
22 19 229 68 0 
9 94 151 269 1 
7 10 271 98 0 
5 128 108 59 1 
3 64 171 64 36 
5 42 164 73 0 
0 120 179 3 0 
7 79 246 93 0 
3 62 230 30 0 
2 59 171 66 4 
0 4 236 207 0 
0 78 202 200 0 
2 68 94 161 0 
2 46 256 6 0 
5 85 196 117 1 
37 145 106 61 0 
51 90 154 6 1 
0 34 230 54 38 
20 151 158 80 0 
22 47 211 73 0 
3 80 153 129 7 
14 5 106 60 0 
10 44 229 16 25 
0 88 91 114 0 
6 119 168 31 1 
0 33 198 46 0 
0 55 141 67 0 
10 120 188 32 11 
9 84 70 58 0 
3 41 203 50 3 
7 143 140 147 7 
0 15 253 93 0 
18 91 102 27 9 
1 36 139 40 0 
8 29 249 175 0 
20 65 196 44 22 
2 93 86 92 2 
0 50 141 21 0 
2 44 160 54 0 
1 92 110 54 0 
8 106 58 20 0 
7 59 115 54 0 
0 19 255 71 0 
12 119 161 64 0 
0 80 150 101 0 
2 157 186 93 0 
2 47 204 107 38 
7 29 143 135 0 
5 14 165 76 0 
30 34 315 44 5 
1 64 148 157 1 
5 8 176 30 1 
13 190 59 47 0 
13 35 105 228 0 
35 29 267 66 0 
23 85 115 41 0 
20 45 76 125 0 
1 41 283 131 0 
14 81 131 206 0 
20 50 163 96 17 
31 67 166 31 0 
4 48 131 86 0 
4 102 140 57 0 
1 44 69 108 0 
21 69 78 72 1 
6 141 131 97 0 
1 42 133 32 17 
4 44 158 48 4 
0 69 211 119 0 
14 84 120 48 0 
3 141 122 37 0 
12 35 252 35 9 
7 71 139 98 0 
11 132 165 25 14 
10 217 135 12 0 
11 17 171 38 0 
0 13 360 141 10 
13 81 233 102 0 
3 38 381 123 0 
5 251 201 102 5 
6 77 137 107 0 
0 66 63 90 0 
21 79 196 33 3 
17 51 96 83 13 
35 4 149 208 0 
3 78 170 129 0 
12 83 185 105 0 
17 81 159 56 0 
2 180 260 45 0 
6 154 110 54 0 
1 16 195 38 0 
15 79 95 1 0 
2 45 353 18 2 
7 42 179 46 0 
8 45 96 10 0 
5 50 104 136 1 
27 97 166 64 4 
14 36 69 162 2 
4 78 98 15 0 
2 75 275 78 0 
0 72 243 16 0 
0 20 249 110 0 
6 45 332 28 0 
12 55 141 91 1 
3 20 182 72 1 
11 138 99 101 0 
1 21 100 87 0 
1 42 207 69 0 
0 38 108 14 0 
10 74 192 77 0 
3 109 186 72 0 
25 32 54 56 5 
15 49 194 32 0 
4 137 151 49 0 
11 82 122 63 1 
8 8 210 98 0 
27 119 149 118 1 
3 17 214 63 0 
9 44 171 124 0 
37 76 133 81 9 
0 32 111 54 0 
0 45 166 104 0 
0 76 71 243 1 
7 70 202 25 20 
24 38 109 25 0 
1 6 169 78 17 
0 96 203 41 50 
5 185 82 168 0 
2 85 305 47 0 
5 61 158 41 0 
5 106 140 15 1 
0 49 68 37 1 
8 207 98 4 0 
3 167 230 49 0 
5 199 180 43 0 
14 76 131 63 0 
5 49 103 101 1 
5 30 114 50 0 
5 47 208 15 0 
1 62 193 18 0 
4 37 128 98 6 
29 76 81 54 0 
5 113 142 80 8 
17 70 80 21 1 
3 83 114 141 0 
6 87 94 42 0 
14 40 220 123 0 
7 65 227 50 0 
9 96 235 34 0 
30 115 98 148 0 
4 66 199 69 33 
27 46 175 136 0 
9 26 178 83 0 
11 196 135 137 1 
10 73 308 32 0 
3 34 159 22 0 
3 96 146 87 0 
7 40 206 30 0 
1 191 102 43 0 
2 81 99 118 0 
2 163 313 73 0 
20 94 133 70 0 
9 82 164 140 17 
4 37 84 156 8 
16 33 187 35 3 
6 58 325 59 0 
32 147 151 113 0 
2 67 185 58 0 
2 56 108 42 0 
3 110 131 166 0 
3 61 256 102 0 
6 69 163 22 20 
4 44 366 45 0 
29 26 127 51 1 
10 51 232 67 0 
5 41 194 45 96 
6 86 112 39 0 
10 56 152 114 0 
20 28 144 50 4 
14 71 141 109 12 
4 47 111 52 0 
6 121 114 27 15 
0 9 225 44 0 
15 42 49 29 0 
2 130 160 91 2 
0 31 236 96 0 
9 26 213 43 0 
2 92 206 122 49 
8 104 112 97 0 
7 107 258 41 0 
19 106 108 21 0 
4 81 184 127 0 
5 65 163 17 0 
22 45 228 107 1 
5 10 244 135 11 
0 58 103 159 2 
3 41 129 113 0 
9 58 139 73 4 
2 27 227 35 0 
7 71 112 29 0 
10 70 193 54 13 
11 29 127 75 0 
11 60 215 27 0 
8 100 268 28 0 
8 26 165 75 0 
12 122 279 72 0 
0 86 176 96 0 
12 60 102 52 0 
4 34 95 147 4 
2 74 168 115 0 
2 48 192 90 5 
19 186 112 15 0 
9 114 79 57 2 
6 95 167 85 0 
11 12 229 13 0 
4 112 308 12 0 
3 93 117 62 0 
2 28 158 118 0 
15 66 146 31 40 
2 65 117 31 0 
6 262 126 30 0 
11 102 249 40 11 
2 53 238 87 0 
8 35 289 88 17 
5 24 194 15 0 
8 56 195 58 0 
1 21 87 93 0 
5 25 149 277 0 
6 121 257 235 0 
5 48 140 124 7 
10 55 168 28 11 
28 123 137 42 0 
5 114 257 54 0 
102 38 339 1 0 
3 62 87 109 5 
14 50 194 52 0 
6 53 145 81 0 
5 122 115 29 11 
5 61 120 49 0 
1 41 166 56 0 
8 208 230 36 0 
21 71 331 31 0 
0 112 131 100 0 
11 21 226 118 0 
14 38 145 38 0 
3 66 118 111 0 
6 78 116 65 0 
2 53 240 73 0 
1 38 435 89 0 
0 28 222 18 2 
1 198 281 136 1 
2 62 218 109 0 
12 51 123 125 0 
2 105 145 232 0 
5 13 307 6 0 
20 79 188 138 0 
13 102 379 39 0 
1 150 101 97 0 
41 107 236 65 0 
15 48 263 104 0 
13 32 212 57 0 
1 36 146 147 0 
5 71 170 50 0 
22 27 107 41 0 
4 41 116 99 0 
3 77 106 27 2 
1 64 158 83 0 
5 45 203 40 0 
18 60 205 3 0 
23 39 145 165 0 
4 229 293 84 0 
2 57 160 48 0 
20 155 149 71 1 
1 51 185 132 0 
0 27 96 11 0 
2 42 220 109 2 
4 70 130 72 0 
2 56 157 118 0 
16 42 232 41 12 
3 13 234 10 0 
9 57 151 72 0 
0 67 282 58 3 
35 127 102 73 33 
5 29 257 157 0 
3 85 107 32 0 
11 92 158 26 0 
7 36 124 56 7 
1 51 40 119 0 
7 102 100 88 1 
1 40 173 8 2 
5 72 138 73 25 
2 80 183 67 0 
17 92 134 20 0 
4 105 207 119 0 
0 56 136 160 0 
0 162 203 35 4 
13 54 146 80 5 
11 88 137 64 0 
13 53 73 136 0 
19 33 83 44 9 
8 14 193 32 0 
5 14 273 92 0 
2 59 103 81 0 
3 149 150 59 0 
5 70 169 34 0 
3 68 131 168 19 
10 158 149 21 6 
2 48 185 143 0 
3 33 209 114 0 
8 47 166 51 1 
7 44 90 143 0 
29 29 184 37 0 
0 74 255 73 0 
7 58 233 57 7 
1 99 186 75 0 
0 37 286 84 0 
2 149 104 53 0 
18 95 177 34 0 
6 83 133 58 7 
2 58 141 57 9 
6 93 237 16 1 
19 34 118 121 11 
1 138 134 21 0 
0 74 90 57 0 
3 59 73 35 0 
51 7 215 112 0 
8 43 122 9 0 
14 100 84 46 0 
2 19 225 28 0 
1 64 115 23 0 
3 17 124 97 0 
8 244 208 0 0 
0 13 136 165 16 
9 25 273 109 0 
6 157 160 52 0 
26 78 218 120 0 
7 94 210 77 0 
3 45 246 96 0 
5 60 213 80 0 
7 27 252 73 4 
5 49 144 28 0 
13 69 60 43 0 
1 111 108 25 0 
1 50 205 121 0 
15 101 103 81 0 
18 72 286 45 0 
7 29 92 146 15 
3 45 123 63 0 
2 225 102 81 3 
5 87 125 28 0 
31 64 103 24 91 
8 77 98 67 1 
10 152 239 34 9 
0 37 217 59 0 
12 86 217 8 0 
2 24 126 66 0 
24 59 225 66 0 
14 81 150 63 0 
4 74 81 99 1 
14 75 186 101 0 
2 222 68 64 1 
2 121 343 15 0 
0 103 229 19 0 
8 19 302 60 0 
26 66 137 13 0 
13 61 85 189 0 
26 165 79 72 0 
39 105 179 59 0 
2 84 63 58 66 
2 70 114 104 3 
37 89 90 69 5 
33 149 128 55 0 
0 62 282 100 0 
13 116 108 175 0 
10 106 145 60 0 
0 111 91 40 0 
8 76 158 114 1 
6 61 92 92 0 
8 106 201 56 2 
2 101 135 104 4 
0 78 162 24 0 
15 107 178 50 1 
3 92 275 21 0 
4 64 82 105 0 
0 77 136 225 0 
2 52 219 49 0 
15 37 156 10 9 
0 58 206 27 0 
2 32 170 18 0 
7 55 143 21 9 
6 171 219 72 1 
21 115 109 77 13 
8 82 121 70 0 
12 86 123 126 0 
17 87 238 42 3 
29 88 184 104 0 
5 101 260 49 0 
12 88 112 115 0 
2 26 227 70 0 
0 19 237 14 0 
0 58 208 40 0 
3 85 235 11 0 
12 79 158 61 0 
2 81 105 86 3 
0 56 226 40 0 
10 46 223 190 0 
11 120 256 91 0 
13 162 198 97 0 
13 56 85 48 40 
6 14 113 46 0 
13 50 235 40 0 
11 91 252 81 0 
1 36 153 196 0 
6 102 208 22 0 
10 56 219 54 9 
30 34 125 39 0 
11 167 204 49 0 
1 162 211 41 0 
4 185 161 96 1 
6 40 141 12 19 
36 28 182 30 1 
2 54 109 71 0 
3 61 216 47 0 
8 60 93 102 0 
1 30 186 43 0 
5 44 121 34 17 
2 36 121 149 0 
0 66 278 79 11 
7 51 461 7 0 
1 35 150 88 0 
1 57 140 91 0 
5 41 118 124 15 
0 111 141 59 0 
2 96 96 2 0 
1 47 285 98 0 
6 39 101 101 15 
9 35 135 27 0 
10 57 118 64 3 
5 48 314 22 7 
10 47 81 57 130 
11 74 220 28 0 
18 39 199 45 11 
0 30 98 130 40 
6 92 73 134 0 
9 99 157 49 0 
1 26 121 114 0 
1 84 261 51 0 
7 166 359 16 1 
0 27 205 91 3 
11 46 288 19 31 
3 13 101 137 0 
9 198 264 4 0 
3 62 323 20 0 
26 89 126 57 5 
3 58 112 129 0 
1 39 248 97 1 
2 73 85 162 0 
8 169 235 4 0 
1 73 106 9 5 
23 93 117 80 0 
7 64 248 41 1 
8 68 148 137 17 
3 87 127 47 4 
2 43 207 29 0 
11 25 160 4 29 
4 55 115 82 2 
16 41 125 240 0 
7 54 113 77 0 
8 49 166 31 0 
20 98 109 85 4 
3 39 182 9 0 
3 16 98 97 0 
1 70 73 69 94 
2 57 108 114 11 
5 27 175 37 1 
3 108 142 3 3 
7 42 109 134 0 
23 5 164 49 0 
8 28 305 0 0 
18 96 206 8 0 
6 116 241 59 19 
8 193 341 93 1 
22 34 160 143 0 
4 28 92 130 0 
4 94 152 39 12 
9 50 138 88 0 
47 132 129 38 0 
2 44 171 63 30 
0 42 242 93 0 
8 71 138 73 0 
13 152 108 18 0 
8 37 175 34 0 
2 79 85 30 0 
8 93 116 79 4 
7 90 174 5 0 
5 76 489 113 0 
0 105 158 13 0 
15 75 121 43 0 
4 98 138 73 0 
1 94 114 72 0 
3 78 158 101 1 
12 39 115 49 0 
10 158 130 29 1 
3 165 296 13 1 
2 22 122 80 0 
7 84 161 83 0 
7 70 200 42 0 
6 16 99 157 3 
10 64 175 58 32 
18 29 40 57 0 
4 23 104 69 0 
3 14 107 46 4 
1 48 164 126 0 
7 33 135 14 0 
8 59 218 45 0 
27 18 150 116 19 
18 70 226 22 0 
3 10 240 12 3 
0 54 226 132 0 
6 105 170 77 1 
7 16 115 38 0 
0 42 216 49 0 
1 29 187 7 1 
14 51 96 34 0 
2 20 188 74 0 
8 145 166 78 54 
23 51 108 9 0 
0 104 128 63 4 
13 73 157 137 0 
14 43 135 19 0 
12 74 116 45 0 
2 92 135 82 0 
1 27 171 82 12 
4 148 210 8 0 
10 10 95 128 0 
5 79 84 15 0 
0 7 292 193 0 
4 27 175 4 1 
0 22 190 43 68 
6 85 157 12 1 
4 83 268 25 0 
3 74 196 36 0 
31 98 130 36 0 
6 42 163 41 0 
4 45 120 54 0 
24 58 155 92 0 
8 119 226 19 0 
14 71 157 20 0 
11 154 184 18 0 
7 152 105 25 0 
11 53 199 46 0 
10 48 122 61 1 
33 20 216 109 0 
8 56 200 56 0 
53 15 191 55 0 
15 110 200 85 0 
2 61 90 57 0 
27 35 133 64 0 
9 8 177 4 6 
30 21 133 92 30 
32 39 156 54 0 
2 13 155 86 0 
1 86 187 20 4 
1 80 112 52 0 
13 32 220 59 0 
8 32 256 45 0 
1 95 228 34 8 
10 129 229 32 0 
16 76 269 126 21 
27 46 105 10 0 
15 14 81 98 0 
13 84 94 148 0 
3 23 67 129 4 
1 75 269 88 0 
0 82 232 53 0 
1 109 336 3 0 
1 32 193 27 0 
3 30 151 62 20 
0 50 215 27 0 
2 20 283 95 1 
6 67 200 37 4 
16 182 169 180 15 
11 148 147 26 0 
1 190 304 70 0 
1 29 203 132 0 
4 111 146 23 33 
0 115 84 68 7 
27 52 268 63 0 
28 54 165 52 0 
39 124 194 87 11 
0 102 112 37 0 
6 70 216 64 5 
1 52 183 44 0 
21 49 112 26 0 
13 14 204 81 0 
7 111 217 98 0 
2 48 185 23 1 
2 39 169 89 1 
3 33 220 88 7 
30 80 104 261 0 
8 139 171 139 13 
1 81 177 106 0 
8 10 193 14 37 
