42 387 26 0 0 
93 297 33 3 0 
157 140 31 1 0 
117 90 99 0 0 
150 226 2 0 0 
197 263 58 0 0 
174 151 1 0 0 
97 214 77 0 0 
200 204 27 10 0 
77 204 42 0 0 
126 400 59 0 0 
192 193 46 0 0 
149 195 71 0 0 
158 236 6 0 0 
127 118 38 0 0 
115 217 26 0 0 
77 319 35 24 0 
141 157 127 0 0 
63 244 134 23 0 
77 154 100 0 0 
54 282 58 0 0 
100 283 39 0 0 
46 260 104 0 0 
105 219 116 0 0 
207 169 25 0 0 
68 265 3 0 0 
117 231 51 0 0 
126 235 25 0 0 
246 157 84 0 0 
117 300 82 0 0 
40 297 66 18 0 
179 242 21 4 0 
185 173 130 0 0 
140 176 24 0 0 
181 160 47 5 0 
98 160 33 2 0 
105 237 50 0 0 
63 152 9 0 0 
156 198 61 0 0 
196 206 26 36 0 
232 200 57 0 0 
191 216 45 0 0 
208 314 43 0 0 
277 140 33 0 0 
192 216 77 15 0 
199 306 30 37 0 
24 205 66 11 0 
241 287 46 0 0 
187 199 16 0 0 
72 106 135 0 0 
47 231 70 0 0 
137 237 89 9 0 
73 277 1 6 0 
132 307 48 0 0 
63 197 26 0 0 
20 217 15 0 0 
231 228 21 1 0 
38 257 55 16 0 
120 211 3 0 0 
221 278 75 0 0 
143 166 121 0 0 
110 270 119 0 0 
287 180 32 0 0 
145 298 43 0 0 
173 175 37 22 0 
198 258 58 1 0 
70 419 36 17 0 
189 263 20 0 0 
223 198 89 0 0 
59 170 154 0 0 
98 252 114 0 0 
209 179 29 0 0 
193 200 47 0 0 
32 318 127 0 0 
77 204 62 14 0 
166 238 93 0 0 
130 290 68 0 0 
120 171 149 0 0 
73 270 47 0 0 
119 119 59 0 0 
84 148 3 0 0 
144 166 39 79 0 
172 282 7 0 0 
138 129 165 0 4 
199 142 113 0 0 
111 242 51 0 0 
116 241 55 0 0 
155 226 67 0 0 
266 217 99 28 0 
100 287 4 0 0 
123 306 30 0 0 
91 337 15 10 0 
106 242 4 0 0 
141 170 28 0 0 
106 279 58 1 0 
80 174 55 1 0 
91 194 88 0 0 
145 164 42 14 0 
152 192 70 0 0 
200 243 46 0 0 
135 248 20 0 0 
127 300 111 0 0 
346 177 19 0 0 
109 229 107 0 0 
91 239 78 10 0 
206 188 16 0 0 
83 234 30 29 0 
49 232 26 0 0 
96 337 117 0 0 
75 161 79 0 0 
70 348 78 0 0 
110 215 38 0 0 
74 298 72 0 0 
100 265 17 26 0 
157 178 94 0 0 
151 196 7 0 0 
60 281 32 20 0 
83 159 39 0 0 
46 280 11 0 0 
194 330 57 0 0 
30 196 64 15 0 
73 378 42 0 0 
35 272 30 0 0 
52 232 64 0 0 
48 200 93 0 0 
177 174 60 0 0 
110 267 28 0 0 
161 325 70 0 0 
49 227 101 12 0 
209 246 47 0 0 
80 291 88 0 0 
78 334 17 0 0 
133 204 28 0 0 
61 219 74 0 0 
89 256 31 77 0 
86 205 74 27 0 
46 338 33 0 0 
29 262 27 0 0 
146 147 74 1 0 
183 276 7 0 0 
138 236 22 0 0 
78 274 13 0 0 
61 160 91 0 0 
44 170 66 7 0 
132 178 81 39 0 
113 117 103 0 0 
144 187 53 0 0 
178 150 40 1 0 
183 107 36 0 0 
174 207 0 0 0 
248 127 18 108 0 
97 264 0 1 0 
219 324 41 8 0 
121 122 93 16 0 
200 241 35 0 0 
81 212 68 0 0 
121 176 26 0 0 
105 81 98 0 0 
137 235 37 12 0 
170 259 49 0 0 
59 229 90 0 0 
83 245 91 0 0 
75 204 29 0 0 
88 200 98 11 0 
28 67 19 0 0 
126 184 14 0 0 
157 217 22 1 0 
202 229 97 8 0 
53 339 143 0 0 
129 234 148 0 0 
164 193 6 4 0 
114 199 33 0 0 
44 247 46 0 0 
111 91 107 0 0 
129 248 61 0 0 
71 148 150 10 3 
148 137 54 18 0 
106 173 52 0 0 
101 318 29 8 0 
236 182 42 0 0 
215 129 34 11 0 
102 300 106 0 0 
158 198 58 0 0 
174 161 66 0 0 
117 213 111 0 0 
148 220 62 16 0 
224 113 36 0 0 
293 209 11 2 0 
57 146 48 0 0 
71 324 38 0 0 
96 322 21 0 0 
127 157 37 0 0 
114 169 28 0 0 
115 245 44 0 0 
283 64 21 7 0 
185 135 18 0 0 
88 222 23 2 0 
180 210 22 0 0 
153 248 36 12 0 
132 150 75 3 0 
61 202 39 0 0 
341 182 15 0 0 
145 294 20 0 0 
83 192 25 0 0 
170 214 56 0 0 
60 227 33 0 0 
98 304 54 0 0 
213 169 19 0 0 
41 170 19 0 0 
296 238 8 0 0 
63 285 28 0 0 
86 137 50 0 0 
84 120 104 0 0 
85 139 57 0 0 
270 215 30 4 0 
239 128 61 0 0 
50 408 20 0 0 
110 201 52 0 0 
242 227 103 0 0 
129 339 17 0 0 
96 221 18 0 0 
77 134 73 1 0 
92 234 26 0 0 
81 213 50 0 0 
80 300 77 26 0 
40 158 121 0 0 
64 349 11 0 0 
159 201 19 1 0 
134 203 76 2 0 
38 260 77 0 0 
213 237 25 0 0 
89 188 92 0 0 
61 181 43 0 0 
152 268 8 0 0 
133 282 45 0 0 
82 214 53 0 0 
70 245 54 0 0 
60 194 56 1 0 
82 203 110 0 0 
227 192 21 0 0 
274 163 60 0 0 
39 179 25 1 0 
245 155 11 0 0 
178 182 52 0 0 
80 114 47 0 0 
155 291 19 0 0 
132 253 83 0 0 
154 195 19 24 0 
140 304 46 0 0 
184 114 6 22 0 
134 220 51 0 0 
210 283 70 5 0 
85 210 39 0 0 
208 178 11 0 0 
180 205 17 0 0 
88 219 16 0 0 
117 241 96 0 0 
123 218 21 0 0 
185 250 47 0 0 
76 202 31 0 0 
83 226 43 0 0 
139 101 85 0 0 
88 390 19 0 0 
92 188 41 0 0 
65 401 72 0 0 
125 266 42 0 0 
42 257 46 0 0 
153 148 60 0 0 
169 289 36 0 0 
24 214 19 8 0 
175 214 41 46 0 
106 170 69 0 0 
68 246 62 0 0 
240 194 24 0 0 
105 301 52 0 0 
109 201 39 0 0 
121 74 41 0 0 
55 178 2 2 0 
99 176 66 0 0 
146 240 7 0 0 
119 199 53 0 0 
148 240 35 8 0 
217 228 7 0 0 
50 318 24 0 0 
86 275 55 0 0 
77 128 74 0 0 
97 297 72 0 0 
212 291 74 6 0 
113 188 61 0 0 
161 244 83 0 0 
173 255 31 0 0 
82 332 28 6 0 
36 281 46 0 0 
126 279 42 0 0 
168 145 63 0 0 
105 264 11 0 0 
105 249 38 0 0 
83 199 160 8 0 
92 221 59 0 0 
180 188 39 0 0 
81 215 60 6 0 
76 218 33 0 0 
202 233 47 0 0 
58 299 136 0 0 
155 301 8 0 0 
102 145 69 4 0 
80 287 28 0 0 
134 111 47 0 0 
99 251 53 0 0 
96 254 18 0 0 
204 202 9 0 0 
94 164 33 0 0 
152 257 34 1 0 
112 288 58 0 0 
157 194 172 0 0 
106 176 57 0 0 
48 311 27 0 0 
195 121 150 0 0 
161 231 47 7 0 
102 151 48 0 0 
290 150 23 0 0 
117 215 82 0 0 
74 212 19 0 0 
285 164 42 0 0 
80 173 52 0 0 
179 227 45 0 0 
178 57 153 0 0 
106 312 68 0 0 
100 252 44 0 0 
169 137 35 4 0 
107 251 29 0 0 
75 95 118 7 0 
123 261 96 0 0 
34 183 33 2 0 
116 175 41 0 0 
165 276 52 0 0 
99 273 31 0 0 
151 207 60 0 0 
114 253 11 0 0 
58 256 98 0 0 
107 319 1 1 0 
92 209 10 0 0 
136 235 22 0 0 
170 106 54 0 0 
150 165 64 10 0 
118 139 44 0 0 
178 172 111 0 0 
114 289 28 0 0 
106 127 12 0 0 
128 272 25 0 0 
100 375 7 0 0 
67 227 122 47 0 
56 332 17 1 0 
129 210 13 0 0 
102 290 47 0 0 
208 218 8 0 0 
84 157 97 49 0 
87 185 37 0 0 
152 209 24 3 0 
106 186 99 1 0 
234 212 35 0 0 
66 263 75 0 0 
115 124 137 0 0 
185 113 13 0 0 
182 211 115 0 0 
204 135 31 1 0 
124 234 99 0 0 
101 165 77 8 0 
192 249 25 6 0 
53 252 35 0 0 
172 192 80 1 0 
77 205 29 0 0 
110 209 106 0 0 
280 165 68 1 0 
115 197 9 0 0 
83 302 101 0 0 
158 278 21 0 0 
160 208 66 0 0 
154 251 131 0 0 
105 146 81 15 0 
133 342 37 0 0 
128 309 18 0 0 
23 351 21 0 0 
134 219 51 2 0 
143 212 42 0 0 
82 316 22 0 0 
148 366 58 0 0 
40 282 15 0 0 
137 189 20 0 0 
115 185 114 0 0 
98 152 110 4 0 
303 209 34 0 0 
233 162 24 0 0 
168 197 48 0 0 
320 242 18 0 0 
81 348 34 0 0 
109 288 41 0 0 
117 150 0 0 0 
77 382 50 5 0 
29 265 77 0 0 
104 225 18 0 0 
217 301 6 0 0 
27 359 4 0 0 
174 224 22 0 0 
184 312 6 0 0 
260 143 60 0 0 
60 239 82 0 0 
242 223 29 0 0 
144 183 29 0 0 
258 279 59 3 0 
91 123 95 0 0 
66 169 83 0 0 
151 299 41 6 0 
61 170 45 10 0 
126 159 104 0 0 
146 155 62 0 0 
154 293 57 0 0 
120 188 105 0 0 
220 281 71 0 0 
154 245 37 0 0 
129 219 53 0 0 
166 238 41 0 0 
270 220 21 0 0 
84 295 41 12 0 
114 404 24 25 0 
202 78 51 0 0 
191 188 47 0 0 
151 207 11 0 0 
69 219 135 0 0 
92 217 73 14 0 
166 241 131 0 0 
204 214 22 0 0 
141 138 21 0 0 
79 248 21 0 0 
151 249 38 0 0 
91 168 20 24 0 
143 240 125 0 0 
161 274 47 0 0 
69 363 47 8 0 
139 354 46 10 0 
162 197 43 0 0 
63 298 76 0 0 
222 272 21 0 0 
198 172 37 0 0 
226 153 26 0 0 
124 147 56 0 0 
163 156 55 0 0 
124 221 51 0 0 
108 241 20 0 0 
67 218 82 42 0 
72 225 68 0 0 
85 138 30 0 0 
59 150 37 0 0 
155 178 29 0 0 
170 203 42 0 0 
65 185 51 0 0 
92 212 137 0 0 
218 262 25 0 0 
172 203 58 0 0 
131 234 3 14 0 
74 269 43 0 0 
92 260 21 0 0 
206 191 7 0 0 
103 243 49 14 0 
53 200 25 0 0 
154 174 36 59 0 
105 179 28 0 0 
67 196 99 0 0 
139 177 36 0 0 
67 172 93 0 0 
243 144 22 0 0 
81 84 77 0 0 
337 139 38 0 0 
114 168 151 8 0 
64 194 8 0 0 
125 195 71 0 0 
177 236 36 0 0 
92 207 130 0 0 
168 204 42 0 0 
96 126 8 0 0 
128 238 34 0 0 
126 130 95 28 0 
146 242 135 3 0 
126 245 27 0 0 
128 281 96 0 0 
153 261 30 0 0 
78 223 91 0 0 
336 178 42 0 0 
129 279 121 1 0 
196 227 35 0 0 
143 242 61 1 0 
175 210 28 0 0 
218 165 15 0 0 
91 255 175 15 0 
77 287 147 0 0 
100 190 21 3 0 
66 84 138 0 0 
83 187 47 0 0 
304 120 109 0 0 
170 257 53 0 0 
39 145 28 0 0 
191 228 33 0 0 
144 133 86 0 0 
148 174 53 0 0 
83 243 90 0 0 
133 191 28 0 0 
168 136 31 4 0 
96 187 39 0 0 
122 170 96 0 0 
70 291 47 1 0 
257 145 69 0 0 
90 254 46 0 0 
283 287 43 0 0 
122 250 56 0 0 
235 190 26 0 0 
112 328 50 3 0 
135 199 103 0 0 
130 177 37 0 0 
195 223 16 0 0 
218 151 126 1 0 
183 287 2 0 0 
50 184 52 0 0 
136 222 67 0 0 
124 235 82 0 0 
61 154 165 0 0 
207 151 61 0 0 
37 186 89 0 0 
239 224 31 0 0 
115 177 120 1 0 
136 186 110 0 0 
87 311 62 0 0 
141 225 6 1 0 
104 247 58 0 0 
73 266 86 0 0 
43 307 79 12 0 
145 189 52 0 0 
48 163 60 0 0 
89 226 48 11 0 
41 131 96 0 0 
131 205 29 0 0 
188 165 30 6 0 
89 220 86 0 0 
103 291 81 2 0 
46 174 38 3 0 
108 278 42 5 0 
70 373 33 0 0 
241 75 51 0 0 
69 316 132 0 0 
187 185 88 0 0 
156 134 73 0 0 
124 197 63 0 0 
107 187 84 10 0 
125 143 33 0 0 
146 152 16 0 0 
218 76 10 0 0 
128 231 27 0 0 
221 278 19 3 0 
103 297 70 0 0 
101 209 10 0 0 
66 199 55 15 0 
95 112 14 0 0 
126 182 67 0 0 
182 213 58 0 0 
38 252 7 0 0 
132 204 2 0 0 
79 402 127 0 0 
111 249 29 0 0 
45 199 113 13 0 
239 169 108 14 0 
79 232 72 1 0 
106 290 28 0 0 
90 182 36 0 0 
135 221 33 0 0 
81 236 14 5 0 
141 321 44 0 0 
58 330 11 0 0 
120 228 83 0 0 
72 104 117 36 0 
57 176 18 0 0 
89 271 41 4 0 
239 95 47 0 0 
532 90 8 0 0 
92 262 41 0 0 
46 362 16 0 0 
94 276 74 0 0 
201 209 38 0 0 
125 202 43 0 0 
182 139 35 22 0 
97 214 47 2 0 
134 168 10 0 0 
74 299 45 0 0 
114 171 83 0 0 
78 228 78 20 0 
56 326 62 0 0 
136 211 38 0 0 
121 154 58 0 0 
209 303 39 6 0 
116 178 19 18 0 
61 340 109 0 0 
164 227 43 8 0 
122 291 58 0 0 
77 281 83 0 0 
162 234 71 0 0 
147 256 52 30 0 
175 218 24 0 0 
104 136 145 0 0 
142 154 98 0 0 
109 222 85 0 0 
154 198 216 0 0 
112 278 85 0 0 
165 213 77 6 0 
101 211 73 0 0 
40 151 120 28 0 
159 240 52 0 0 
88 179 185 0 0 
158 264 16 0 0 
140 216 83 0 0 
224 94 92 4 0 
120 152 144 0 0 
196 219 72 0 0 
164 208 44 0 0 
135 176 45 12 0 
112 338 12 0 0 
43 246 89 0 0 
50 319 70 0 0 
127 192 39 0 0 
216 137 44 7 0 
240 224 70 0 0 
108 235 27 5 0 
38 133 42 0 0 
89 220 115 1 0 
223 125 82 0 0 
78 246 62 0 0 
125 222 32 17 0 
132 96 154 0 0 
84 218 51 0 0 
159 263 34 0 0 
100 177 66 0 0 
118 343 109 0 0 
152 235 17 0 0 
122 323 47 0 0 
104 288 13 0 0 
87 187 19 0 0 
31 165 124 0 0 
33 223 69 32 0 
105 139 44 12 0 
131 180 25 0 0 
159 285 13 0 0 
109 317 2 0 0 
136 190 188 23 0 
114 223 44 33 0 
78 147 122 0 0 
257 242 80 0 0 
108 208 48 0 0 
171 213 19 0 0 
86 277 26 0 0 
147 267 25 0 0 
34 250 66 20 0 
103 308 8 1 0 
194 121 131 0 0 
135 254 97 0 0 
74 314 120 0 0 
85 353 37 6 0 
90 242 60 0 0 
93 241 48 0 0 
159 183 32 0 0 
52 283 48 0 0 
186 146 3 0 0 
177 144 23 0 0 
169 258 33 0 0 
141 203 20 0 0 
107 111 145 0 0 
275 298 27 0 0 
246 246 9 0 0 
175 125 66 0 0 
204 128 26 0 0 
87 165 40 1 0 
113 238 117 0 0 
91 245 41 0 0 
94 246 32 4 0 
61 253 42 0 0 
115 192 20 5 0 
126 138 40 0 0 
157 111 68 0 0 
25 282 33 24 0 
127 406 51 0 0 
89 220 112 0 0 
69 235 69 0 0 
235 181 25 0 0 
22 179 146 0 0 
80 215 36 7 0 
109 281 65 5 0 
109 216 63 0 0 
67 251 78 0 0 
159 294 24 23 0 
96 293 57 0 0 
152 265 29 0 0 
159 243 39 0 0 
169 83 78 0 0 
47 297 32 0 0 
133 216 35 0 0 
86 189 180 0 0 
170 258 86 0 0 
120 243 69 0 0 
131 154 65 0 0 
202 108 11 0 0 
105 173 30 0 0 
132 304 62 0 0 
155 325 91 0 0 
284 267 6 0 0 
40 377 18 0 0 
142 282 47 0 0 
67 188 65 0 0 
224 220 1 10 0 
163 247 21 0 0 
237 159 31 0 0 
114 135 62 9 0 
114 161 19 0 0 
46 237 81 0 0 
172 275 23 0 0 
94 91 38 0 0 
229 189 47 34 0 
195 251 79 0 0 
146 253 28 0 0 
91 187 125 12 0 
148 227 9 0 0 
89 177 58 5 0 
66 167 102 16 0 
98 268 42 0 0 
218 189 103 8 0 
177 192 101 0 0 
100 230 47 0 0 
162 182 11 0 0 
110 228 193 0 0 
103 206 49 0 0 
233 126 48 0 0 
200 172 30 0 0 
35 255 117 0 0 
263 169 46 0 0 
128 176 23 0 0 
46 200 65 0 0 
34 142 34 0 0 
34 334 85 0 0 
104 239 27 0 0 
236 141 63 0 0 
156 241 77 0 0 
214 199 58 0 0 
210 227 15 0 0 
44 241 16 0 0 
235 166 68 0 0 
128 97 57 0 0 
53 250 89 0 0 
74 299 20 0 0 
335 130 73 0 0 
115 236 83 3 0 
119 107 40 51 0 
41 207 144 0 0 
90 199 36 1 0 
103 160 44 0 0 
61 315 26 0 0 
96 128 63 5 0 
105 208 10 8 0 
192 206 38 0 0 
132 166 91 0 0 
36 313 19 0 0 
132 160 87 0 0 
254 78 102 1 0 
173 161 21 1 0 
125 197 40 0 0 
34 182 26 0 0 
164 212 33 8 0 
130 266 178 4 0 
222 259 11 0 0 
116 123 11 2 0 
87 95 79 0 0 
176 185 65 0 0 
205 228 11 0 0 
114 89 82 10 0 
167 233 12 1 0 
115 167 52 0 0 
16 289 20 4 0 
158 235 40 0 0 
176 205 60 0 0 
112 164 85 0 0 
67 250 97 0 0 
130 203 37 0 0 
115 201 50 22 0 
68 140 135 0 0 
142 243 108 1 0 
32 199 36 0 0 
89 303 68 3 0 
99 270 63 0 0 
53 303 40 0 0 
80 172 21 0 0 
101 305 6 0 0 
88 323 127 0 0 
162 228 79 0 0 
68 141 39 6 0 
191 171 63 0 0 
116 183 71 18 0 
72 308 44 0 0 
110 110 112 0 0 
81 264 24 15 0 
100 181 33 0 0 
151 159 54 0 0 
154 94 68 0 0 
44 167 219 0 0 
120 226 40 1 0 
124 219 40 0 0 
32 354 86 0 0 
241 174 81 0 0 
219 110 70 22 0 
67 255 42 11 0 
109 201 66 0 0 
214 231 76 1 0 
276 67 61 2 0 
137 139 77 0 0 
119 238 56 31 0 
130 250 30 0 0 
95 217 57 64 0 
97 248 39 0 0 
132 230 50 1 0 
47 396 60 0 0 
31 186 83 0 0 
102 216 80 0 0 
19 229 79 0 0 
62 246 63 28 0 
215 278 7 0 0 
24 182 183 0 0 
166 175 5 3 0 
251 242 23 0 0 
131 283 16 1 0 
177 132 41 0 0 
36 448 33 0 0 
261 162 16 11 0 
133 279 86 4 0 
61 197 77 71 0 
44 209 61 26 0 
58 234 18 0 0 
59 331 211 0 0 
132 123 40 0 0 
137 269 16 0 0 
123 364 1 0 0 
93 198 54 0 0 
171 333 82 0 0 
70 352 79 6 0 
123 226 51 5 0 
235 139 36 0 0 
162 288 74 0 0 
178 165 87 0 0 
133 179 11 0 0 
231 205 24 0 0 
55 393 56 0 0 
159 200 197 0 0 
185 198 65 11 0 
123 134 27 0 0 
91 188 52 17 0 
109 332 78 0 0 
236 232 55 0 0 
181 207 61 0 0 
127 277 127 0 0 
38 332 9 11 0 
76 214 108 0 0 
96 118 58 0 0 
104 481 36 0 0 
175 135 61 14 0 
148 233 94 0 0 
151 138 53 0 0 
147 205 12 21 0 
77 274 24 1 0 
25 241 121 0 0 
182 118 99 10 0 
119 251 42 0 0 
118 182 48 0 0 
70 242 80 5 0 
274 173 65 0 0 
110 207 25 0 0 
170 406 54 0 0 
115 231 47 0 0 
187 169 21 0 0 
198 262 28 0 0 
185 167 28 19 0 
143 135 17 10 0 
120 237 22 0 0 
149 149 12 2 0 
288 222 14 0 0 
158 192 94 98 0 
76 154 68 0 0 
110 219 103 0 0 
64 368 66 0 0 
151 234 215 0 0 
217 221 48 0 0 
107 164 14 0 0 
83 194 13 1 0 
147 241 55 7 0 
126 158 11 0 0 
164 195 22 0 0 
177 119 21 0 0 
163 156 51 0 0 
88 174 101 0 0 
81 157 128 0 0 
106 240 25 0 0 
209 188 34 84 0 
109 266 16 0 0 
71 258 105 0 0 
158 196 44 0 0 
84 185 125 0 0 
147 152 117 0 0 
57 307 60 9 0 
122 195 92 0 0 
82 136 37 1 0 
49 320 8 0 0 
190 224 47 0 0 
67 338 60 0 0 
80 177 40 0 0 
197 168 17 1 0 
157 269 57 0 0 
131 511 28 0 0 
96 234 195 0 0 
143 200 149 0 0 
78 413 17 0 0 
79 272 60 0 0 
146 89 78 4 0 
146 215 75 2 0 
19 415 124 0 0 
68 226 39 4 0 
201 153 21 0 0 
104 259 17 22 0 
160 151 41 0 0 
287 135 14 0 0 
27 154 129 0 0 
100 152 22 8 0 
172 231 26 0 0 
106 306 79 0 0 
130 260 37 0 0 
79 160 88 1 0 
138 115 40 0 0 
111 242 113 0 0 
208 98 29 0 0 
134 224 111 0 0 
71 372 111 18 0 
151 350 12 0 0 
77 246 100 0 0 
94 105 72 2 0 
250 203 30 0 0 
96 229 117 0 0 
183 163 6 0 0 
193 276 47 7 0 
177 277 46 0 0 
294 157 18 0 0 
83 254 28 4 0 
97 197 55 0 0 
128 177 118 0 0 
151 158 59 0 0 
114 203 45 0 0 
97 177 98 0 0 
38 205 57 4 0 
24 171 136 32 0 
85 273 7 0 0 
150 208 229 21 0 
62 159 141 0 0 
56 241 81 1 0 
195 218 4 1 0 
173 181 30 0 0 
26 284 25 6 0 
81 194 19 0 0 
129 402 27 0 0 
252 133 25 0 0 
128 282 83 1 0 
142 282 2 1 0 
17 163 112 0 0 
143 282 32 0 0 
30 267 83 24 0 
157 242 69 0 0 
78 202 33 0 0 
141 206 33 0 0 
82 263 60 1 0 
64 191 49 0 0 
247 246 12 0 0 
231 205 69 7 0 
71 260 45 0 0 
75 216 138 0 0 
101 236 33 0 0 
112 203 25 0 0 
222 186 8 0 0 
100 190 29 27 0 
165 192 70 0 0 
65 209 32 0 0 
166 226 56 0 0 
81 317 72 1 0 
69 223 59 0 0 
141 217 32 0 0 
174 171 39 14 0 
133 170 37 0 0 
108 209 159 0 0 
246 212 51 0 0 
144 276 27 0 0 
64 137 139 0 0 
178 129 101 0 0 
82 332 53 0 0 
