0 12 79 
0 30 79 
0 34 69 
0 10 53 
0 17 104 
0 19 48 
0 45 101 
0 20 86 
0 9 60 
0 23 27 
0 37 87 
0 11 78 
0 10 119 
0 61 90 
0 26 158 
0 29 116 
0 47 159 
0 17 104 
0 20 131 
0 44 57 
0 8 42 
0 69 78 
0 37 172 
0 67 57 
0 33 114 
0 23 130 
0 21 80 
0 17 117 
0 15 99 
0 16 83 
0 27 159 
0 20 63 
0 22 168 
0 32 57 
0 30 67 
0 22 79 
0 26 98 
0 17 50 
0 48 49 
0 5 85 
0 9 68 
0 74 98 
0 28 90 
0 24 97 
0 25 100 
0 25 147 
0 10 62 
0 32 48 
0 16 132 
0 19 96 
0 50 59 
0 14 93 
0 26 82 
0 33 122 
0 35 35 
0 17 75 
0 38 132 
0 9 78 
0 36 100 
0 29 63 
0 28 29 
0 19 196 
0 42 99 
0 25 105 
0 32 141 
0 15 169 
0 33 146 
0 14 199 
0 32 42 
0 5 141 
0 45 99 
0 40 117 
0 11 35 
0 11 51 
0 37 60 
0 16 86 
0 16 148 
0 47 62 
0 20 61 
0 30 155 
0 25 93 
0 12 144 
0 63 90 
0 19 68 
0 47 133 
0 16 51 
0 31 81 
0 77 96 
0 8 98 
0 25 105 
0 7 42 
0 29 121 
0 21 219 
0 6 40 
0 35 116 
0 15 64 
0 28 35 
0 13 77 
0 22 81 
0 34 83 
0 31 56 
0 18 73 
0 68 92 
0 13 65 
0 6 101 
0 13 50 
0 13 115 
0 27 100 
0 36 91 
0 12 69 
0 24 75 
0 26 79 
0 48 83 
0 28 113 
0 36 122 
0 36 34 
0 64 124 
0 41 71 
0 17 64 
0 42 40 
0 65 69 
0 28 68 
0 35 72 
0 31 97 
0 26 137 
0 5 93 
0 32 137 
0 45 69 
0 42 85 
0 20 100 
0 18 45 
0 14 88 
0 16 82 
0 46 76 
0 17 71 
0 19 94 
0 15 60 
0 24 74 
0 5 68 
0 8 65 
0 22 64 
0 59 38 
0 35 164 
0 38 110 
0 69 105 
0 17 96 
0 38 132 
0 74 44 
0 28 107 
0 21 58 
0 26 66 
0 47 77 
0 19 33 
0 27 92 
0 28 62 
0 34 72 
0 14 116 
0 43 93 
0 32 94 
0 17 103 
0 21 53 
0 24 119 
0 48 188 
0 16 205 
0 29 70 
0 9 59 
0 25 94 
0 14 103 
0 38 160 
0 48 59 
0 19 75 
0 23 66 
0 45 79 
0 21 20 
0 33 134 
0 21 113 
0 33 74 
0 18 69 
0 18 70 
0 18 70 
0 32 86 
0 14 94 
0 4 112 
0 23 65 
0 12 91 
0 24 149 
0 38 50 
0 18 65 
0 38 124 
0 55 124 
0 27 113 
0 27 121 
0 21 49 
0 22 117 
0 38 110 
0 9 87 
0 25 94 
0 30 90 
0 15 113 
0 42 72 
0 33 83 
0 21 68 
0 7 86 
0 7 135 
0 4 121 
0 45 106 
0 20 139 
0 30 103 
0 19 73 
0 42 103 
0 18 85 
0 16 178 
0 12 84 
0 21 94 
0 36 71 
0 29 99 
0 30 82 
0 21 77 
0 23 74 
0 18 95 
0 27 137 
0 47 106 
0 53 95 
0 8 48 
0 32 64 
0 36 50 
0 33 111 
0 16 90 
0 3 150 
0 49 117 
0 21 108 
0 31 100 
0 34 168 
0 37 94 
0 32 111 
0 23 113 
0 41 105 
0 13 135 
0 39 117 
0 47 114 
0 20 52 
0 35 118 
0 49 66 
0 8 72 
0 21 138 
0 16 65 
0 18 258 
0 35 56 
0 4 55 
0 72 101 
0 25 81 
0 41 34 
0 50 167 
0 32 100 
0 23 68 
0 35 143 
0 8 66 
0 8 48 
0 41 117 
0 34 29 
0 41 129 
0 44 57 
0 32 83 
0 23 104 
0 8 50 
0 12 88 
0 30 112 
0 30 75 
0 20 178 
0 25 85 
0 18 129 
0 42 56 
0 8 65 
0 39 39 
0 22 96 
0 43 117 
0 11 85 
0 26 64 
0 15 54 
0 46 107 
0 28 73 
0 58 79 
0 11 126 
0 28 104 
0 52 136 
0 30 138 
0 8 97 
0 16 122 
0 25 110 
0 17 139 
0 41 73 
0 60 25 
0 32 118 
0 26 107 
0 18 73 
0 51 102 
0 34 63 
0 16 110 
0 26 156 
0 33 80 
0 9 139 
0 35 46 
0 46 172 
0 36 76 
0 22 87 
0 18 23 
0 33 179 
0 17 83 
0 6 110 
0 41 63 
0 29 60 
0 27 89 
0 52 89 
0 14 97 
0 49 61 
0 32 53 
0 30 81 
0 27 95 
0 9 200 
0 24 97 
0 41 118 
0 19 146 
0 43 84 
0 48 195 
0 5 147 
0 8 101 
0 50 96 
0 34 169 
0 10 52 
0 31 141 
0 44 50 
0 19 63 
0 21 82 
0 20 51 
0 25 152 
0 19 100 
0 21 63 
0 23 55 
0 51 66 
0 16 40 
0 19 106 
0 22 57 
0 4 67 
0 52 49 
0 22 55 
0 14 155 
0 26 113 
0 43 41 
0 43 74 
0 16 132 
0 16 125 
0 13 140 
0 49 65 
0 41 82 
0 16 71 
0 18 132 
0 15 45 
0 62 62 
0 16 76 
0 64 129 
0 35 148 
0 5 46 
0 16 115 
0 18 122 
0 18 86 
0 9 95 
0 24 78 
0 19 122 
0 17 32 
0 44 56 
0 44 105 
0 14 66 
0 24 94 
0 51 46 
0 43 124 
0 6 83 
0 39 43 
0 30 127 
0 24 209 
0 15 118 
0 21 92 
0 31 36 
0 11 87 
0 19 84 
0 37 90 
0 18 33 
0 33 46 
0 6 143 
0 43 55 
0 48 101 
0 23 80 
0 47 100 
0 55 61 
0 18 63 
0 52 108 
0 15 66 
0 57 67 
0 10 62 
0 10 52 
0 25 100 
0 36 130 
0 49 84 
0 26 100 
0 19 38 
0 5 59 
0 37 90 
0 18 84 
0 17 39 
0 16 81 
0 42 64 
0 21 101 
0 28 143 
0 45 64 
0 46 56 
0 40 74 
0 18 113 
0 16 72 
0 41 85 
0 13 81 
0 16 35 
0 13 100 
0 36 71 
0 34 72 
0 41 100 
0 20 82 
0 13 75 
0 10 158 
0 21 67 
0 30 98 
0 25 47 
0 43 91 
0 38 145 
0 42 124 
0 40 43 
0 18 74 
0 24 108 
0 30 100 
0 23 118 
0 25 109 
0 59 81 
0 15 81 
0 57 37 
0 14 138 
0 26 60 
0 32 135 
0 32 129 
0 15 67 
0 20 49 
0 33 51 
0 34 63 
0 52 74 
0 44 41 
0 38 76 
0 14 81 
0 29 68 
0 55 78 
0 21 88 
0 35 94 
0 40 93 
0 46 83 
0 36 112 
0 25 69 
0 17 55 
0 21 109 
0 51 68 
0 61 110 
0 11 73 
0 5 43 
0 35 73 
0 50 106 
0 31 103 
0 3 77 
0 23 144 
0 22 138 
0 41 69 
0 16 104 
0 17 75 
0 49 121 
0 16 89 
0 27 128 
0 60 48 
0 31 111 
0 59 90 
0 33 83 
0 17 138 
0 29 140 
0 6 87 
0 14 80 
0 9 67 
0 18 37 
0 34 79 
0 13 29 
0 32 102 
0 30 82 
0 53 103 
0 29 207 
0 19 38 
0 8 127 
0 20 83 
0 27 118 
0 12 68 
0 19 219 
0 33 133 
0 19 52 
0 31 49 
0 15 113 
0 47 75 
0 34 117 
0 17 53 
0 32 105 
0 8 44 
0 18 55 
0 20 105 
0 23 116 
0 27 85 
0 76 116 
0 45 86 
0 18 42 
0 41 155 
0 22 66 
0 41 126 
0 24 169 
0 26 68 
0 47 103 
0 20 70 
0 11 72 
0 13 94 
0 31 125 
0 21 148 
0 46 90 
0 49 24 
0 39 77 
0 4 90 
0 13 113 
0 24 66 
0 31 83 
0 13 26 
0 62 88 
0 23 63 
0 40 75 
0 31 71 
0 34 101 
0 22 165 
0 22 129 
0 36 86 
0 46 52 
0 15 84 
0 23 105 
0 25 40 
0 52 96 
0 22 99 
0 37 92 
0 13 66 
0 57 50 
0 12 63 
0 22 64 
0 65 47 
0 48 84 
0 40 79 
0 16 113 
0 26 85 
0 39 60 
0 38 108 
0 40 85 
0 27 86 
0 66 119 
0 42 75 
0 15 158 
0 31 153 
0 13 88 
0 33 101 
0 48 87 
0 22 132 
0 44 48 
0 32 111 
0 62 98 
0 5 116 
0 11 86 
0 5 79 
0 29 152 
0 39 69 
0 13 76 
0 44 60 
0 11 70 
0 46 143 
0 20 99 
0 30 100 
0 32 93 
0 25 63 
0 9 109 
0 35 45 
0 29 73 
0 28 70 
0 32 75 
0 33 89 
0 39 90 
0 49 123 
0 17 143 
0 25 78 
0 29 141 
0 37 165 
0 21 145 
0 31 121 
0 50 41 
0 35 63 
0 23 145 
0 47 73 
0 65 227 
0 45 89 
0 11 98 
0 30 86 
0 20 152 
0 43 119 
0 30 59 
0 47 66 
0 11 72 
0 39 98 
0 8 67 
0 7 98 
0 67 90 
0 15 53 
0 56 84 
0 21 42 
0 25 92 
0 32 88 
0 52 67 
0 27 79 
0 28 92 
0 41 98 
0 47 101 
0 14 119 
0 28 112 
0 10 130 
0 23 107 
0 12 178 
0 1 126 
0 45 63 
0 58 96 
0 47 115 
0 40 115 
0 31 88 
0 18 105 
0 40 86 
0 26 141 
0 60 119 
0 51 145 
0 53 58 
0 4 76 
0 2 124 
0 23 81 
0 49 54 
0 11 104 
0 17 68 
0 50 82 
0 9 26 
0 32 86 
0 27 77 
0 14 104 
0 30 116 
0 18 69 
0 40 82 
0 27 74 
0 48 152 
0 23 220 
0 10 85 
0 30 117 
0 37 62 
0 24 53 
0 30 88 
0 21 221 
0 79 61 
0 9 97 
0 59 47 
0 57 86 
0 30 110 
0 21 65 
0 24 143 
0 30 125 
0 9 101 
0 28 144 
0 19 78 
0 17 62 
0 68 86 
0 31 59 
0 10 98 
0 17 63 
0 24 48 
0 26 131 
0 16 89 
0 15 74 
0 53 90 
0 51 57 
0 16 100 
0 41 56 
0 47 64 
0 20 69 
0 45 74 
0 23 89 
0 50 145 
0 20 89 
0 15 155 
0 11 80 
0 3 76 
0 31 101 
0 49 67 
0 54 127 
0 19 146 
0 10 108 
0 19 176 
0 52 106 
0 30 75 
0 18 103 
0 17 139 
0 35 170 
0 27 210 
0 14 58 
0 19 22 
0 25 121 
0 9 171 
0 24 122 
0 38 112 
0 21 169 
0 41 104 
0 29 95 
0 14 56 
0 40 87 
0 28 61 
0 39 95 
0 21 131 
0 10 73 
0 30 83 
0 20 56 
0 29 85 
0 16 70 
0 40 117 
0 29 174 
0 24 64 
0 9 107 
0 51 159 
0 66 71 
0 26 86 
0 42 34 
0 30 61 
0 70 124 
0 25 64 
0 13 56 
0 50 72 
0 28 52 
0 31 71 
0 52 87 
0 40 67 
0 18 82 
0 36 41 
0 16 62 
0 27 140 
0 32 95 
0 17 103 
0 48 95 
0 39 131 
0 11 112 
0 38 141 
0 35 54 
0 52 74 
0 8 51 
0 26 132 
0 18 97 
0 8 108 
0 30 92 
0 10 110 
0 12 96 
0 35 65 
0 42 95 
0 13 214 
0 19 157 
0 22 77 
0 12 133 
0 31 78 
0 30 88 
0 41 121 
0 22 111 
0 24 60 
0 45 89 
0 9 166 
0 27 120 
0 37 99 
0 73 55 
0 26 62 
0 17 79 
0 13 90 
0 34 80 
0 39 46 
0 51 68 
0 5 137 
0 26 131 
0 26 186 
0 59 115 
0 32 62 
0 24 135 
0 16 85 
0 20 110 
0 21 69 
0 24 116 
0 2 112 
0 63 101 
0 30 119 
0 32 122 
0 40 82 
0 68 37 
0 17 168 
0 14 24 
0 12 113 
0 41 100 
0 15 92 
0 51 108 
0 44 81 
0 3 58 
0 26 128 
0 26 85 
0 35 71 
0 25 176 
0 3 72 
0 55 91 
0 31 107 
0 27 150 
0 44 116 
0 3 120 
0 47 97 
0 32 101 
0 9 54 
0 26 91 
0 25 87 
0 33 52 
0 42 141 
0 57 62 
0 29 75 
0 12 79 
0 25 61 
0 19 181 
0 40 149 
0 42 50 
0 45 71 
0 48 49 
0 14 99 
0 47 99 
0 39 142 
0 28 107 
0 9 72 
0 38 100 
0 21 65 
0 10 107 
0 47 154 
0 16 214 
0 52 136 
0 18 106 
0 34 110 
0 13 72 
0 7 101 
0 54 55 
0 10 131 
0 10 71 
0 30 75 
0 31 97 
0 48 68 
0 24 55 
0 18 91 
0 38 47 
0 10 82 
0 25 120 
0 27 104 
0 48 57 
0 33 93 
0 59 94 
0 32 71 
0 29 115 
0 51 180 
0 21 93 
0 18 107 
0 10 61 
0 21 93 
0 54 33 
0 31 27 
0 25 69 
0 53 53 
0 24 76 
0 34 95 
0 61 95 
0 15 119 
0 10 97 
0 21 97 
0 27 126 
0 61 93 
0 41 101 
0 38 88 
0 53 159 
0 35 62 
0 35 114 
0 41 82 
0 23 73 
0 32 102 
0 45 48 
0 17 123 
0 18 57 
0 24 144 
0 12 45 
0 16 107 
0 22 108 
0 19 48 
0 19 141 
0 30 83 
0 26 78 
0 26 52 
0 30 96 
0 17 121 
0 35 81 
0 22 58 
0 34 76 
0 31 160 
0 28 140 
0 43 69 
0 60 77 
0 24 133 
0 14 109 
0 27 55 
0 25 109 
0 17 51 
0 12 142 
0 18 162 
0 38 57 
0 71 157 
0 39 148 
0 17 72 
0 31 62 
0 47 68 
0 37 120 
0 16 99 
0 19 51 
0 13 171 
0 33 108 
0 17 96 
0 12 173 
0 104 64 
0 27 49 
0 17 98 
0 14 86 
0 36 104 
0 14 56 
0 29 86 
0 11 114 
0 8 86 
0 35 87 
0 25 87 
0 12 151 
0 33 101 
0 47 81 
0 16 51 
0 19 81 
0 10 83 
0 19 98 
0 26 113 
0 9 101 
0 32 124 
0 37 90 
0 24 89 
0 13 60 
0 25 63 
0 27 139 
0 46 59 
0 29 183 
0 12 88 
0 50 70 
0 20 64 
0 10 181 
0 35 73 
0 38 103 
0 23 63 
0 25 104 
0 29 72 
0 51 35 
0 27 105 
0 26 73 
0 14 154 
0 34 59 
0 42 74 
0 20 96 
0 8 87 
0 46 56 
0 37 59 
0 44 51 
0 66 154 
0 22 79 
0 16 74 
0 12 94 
0 21 129 
0 27 150 
0 29 150 
0 78 84 
0 39 83 
0 23 119 
0 60 54 
0 13 69 
