0 96 32 
0 139 18 
0 153 11 
0 98 14 
0 105 45 
0 106 77 
0 98 62 
0 91 35 
0 116 22 
0 109 52 
0 103 15 
0 98 17 
0 108 40 
0 102 78 
0 121 31 
0 149 16 
0 83 42 
0 143 10 
0 80 32 
0 145 18 
0 92 34 
0 148 72 
0 76 13 
0 144 21 
0 100 3 
0 105 47 
0 72 13 
0 113 68 
0 125 24 
0 130 48 
0 135 76 
0 72 8 
0 136 32 
0 73 87 
0 89 30 
0 150 70 
0 148 40 
0 94 26 
0 119 4 
0 104 24 
0 122 43 
0 135 10 
0 141 64 
0 128 5 
0 90 83 
0 117 1 
0 124 37 
0 177 61 
0 125 77 
0 118 34 
0 131 24 
0 97 21 
0 116 29 
0 185 47 
0 141 29 
0 129 21 
0 102 42 
0 141 22 
0 94 43 
0 87 81 
0 118 14 
0 113 24 
0 148 87 
0 102 62 
0 88 39 
0 109 28 
0 140 86 
0 143 21 
0 109 25 
0 112 51 
0 125 32 
0 160 28 
0 61 5 
0 122 18 
0 132 58 
0 176 27 
0 128 54 
0 122 27 
0 91 31 
0 103 18 
0 100 36 
0 116 30 
0 113 13 
0 99 14 
0 128 33 
0 103 73 
0 106 72 
0 114 39 
0 203 37 
0 105 54 
0 85 26 
0 120 7 
0 168 18 
0 87 25 
0 119 79 
0 118 104 
0 103 49 
0 117 24 
0 132 39 
0 117 43 
0 107 26 
0 87 57 
0 150 5 
0 92 46 
0 143 71 
0 100 47 
0 97 47 
0 87 49 
0 125 34 
0 111 40 
0 120 53 
0 91 15 
0 186 16 
0 120 30 
0 110 118 
0 128 34 
0 117 17 
0 109 50 
0 132 66 
0 117 40 
0 94 60 
0 110 44 
0 81 43 
0 108 49 
0 99 21 
0 124 30 
0 83 47 
0 136 20 
0 87 76 
0 108 9 
0 198 32 
0 110 36 
0 150 23 
0 87 62 
0 206 60 
0 81 38 
0 142 23 
0 77 0 
0 158 29 
0 127 15 
0 119 82 
0 119 20 
0 119 34 
0 105 79 
0 149 19 
0 117 61 
0 90 73 
0 103 26 
0 129 42 
0 122 57 
0 98 6 
0 83 30 
0 96 38 
0 149 42 
0 119 51 
0 142 65 
0 106 32 
0 75 37 
0 130 25 
0 150 20 
0 133 17 
0 168 11 
0 84 24 
0 85 26 
0 114 41 
0 92 7 
0 87 73 
0 136 23 
0 125 69 
0 116 36 
0 72 29 
0 91 18 
0 111 12 
0 89 92 
0 99 7 
0 101 33 
0 130 45 
0 109 82 
0 130 19 
0 102 47 
0 145 27 
0 113 18 
0 94 33 
0 172 56 
0 96 41 
0 138 39 
0 96 32 
0 203 62 
0 99 43 
0 87 11 
0 116 9 
0 107 67 
0 157 77 
0 146 30 
0 110 23 
0 104 41 
0 50 19 
0 96 22 
0 89 35 
0 102 59 
0 119 12 
0 117 37 
0 151 42 
0 82 12 
0 112 42 
0 124 39 
0 102 11 
0 50 27 
0 132 15 
0 113 83 
0 132 49 
0 115 51 
0 150 22 
0 107 51 
0 148 41 
0 112 28 
0 107 25 
0 89 26 
0 125 19 
0 109 22 
0 73 47 
0 72 12 
0 116 58 
0 90 25 
0 102 5 
0 106 49 
0 112 19 
0 83 30 
0 146 65 
0 109 34 
0 149 53 
0 118 6 
0 100 59 
0 95 10 
0 201 16 
0 73 42 
0 107 19 
0 128 21 
0 102 22 
0 112 25 
0 104 34 
0 76 35 
0 88 31 
0 164 23 
0 143 67 
0 94 35 
0 154 25 
0 106 31 
0 82 73 
0 122 31 
0 116 59 
0 141 36 
0 34 20 
0 69 51 
0 155 44 
0 115 32 
0 107 12 
0 86 18 
0 107 38 
0 84 4 
0 100 30 
0 163 14 
0 74 34 
0 127 23 
0 108 30 
0 113 32 
0 171 73 
0 103 10 
0 129 18 
0 87 52 
0 89 94 
0 137 18 
0 119 21 
0 118 70 
0 129 44 
0 135 55 
0 116 54 
0 108 49 
0 87 13 
0 146 90 
0 98 27 
0 112 85 
0 118 86 
0 108 62 
0 83 52 
0 105 82 
0 99 50 
0 146 47 
0 118 55 
0 145 46 
0 148 66 
0 89 27 
0 142 33 
0 106 59 
0 104 51 
0 115 55 
0 139 13 
0 105 65 
0 168 42 
0 93 49 
0 131 43 
0 79 31 
0 164 19 
0 87 53 
0 123 55 
0 137 87 
0 130 41 
0 77 35 
0 100 33 
0 152 44 
0 97 108 
0 108 19 
0 112 17 
0 138 22 
0 89 25 
0 122 20 
0 121 18 
0 123 28 
0 110 52 
0 91 44 
0 112 36 
0 62 61 
0 99 19 
0 105 47 
0 132 32 
0 156 25 
0 109 29 
0 140 23 
0 105 87 
0 106 46 
0 133 22 
0 115 14 
0 143 36 
0 57 61 
0 138 32 
0 115 40 
0 95 39 
0 137 88 
0 108 23 
0 143 94 
0 142 15 
0 129 35 
0 146 40 
0 82 119 
0 136 29 
0 180 76 
0 75 117 
0 141 20 
0 80 133 
0 104 51 
0 99 71 
0 63 42 
0 93 64 
0 146 58 
0 119 56 
0 78 119 
0 102 18 
0 155 42 
0 94 12 
0 116 35 
0 135 70 
0 88 35 
0 94 85 
0 162 35 
0 175 38 
0 127 20 
0 156 31 
0 120 35 
0 85 44 
0 112 21 
0 165 27 
0 123 14 
0 107 3 
0 92 2 
0 175 47 
0 102 41 
0 124 65 
0 99 69 
0 107 13 
0 131 12 
0 92 43 
0 68 37 
0 85 17 
0 110 36 
0 104 26 
0 120 35 
0 74 74 
0 112 51 
0 98 65 
0 66 133 
0 106 39 
0 153 106 
0 131 65 
0 55 61 
0 77 34 
0 101 24 
0 119 27 
0 83 8 
0 130 51 
0 125 90 
0 87 19 
0 111 45 
0 82 36 
0 59 48 
0 79 31 
0 116 43 
0 67 40 
0 97 29 
0 185 38 
0 122 21 
0 131 34 
0 99 26 
0 115 56 
0 76 125 
0 109 38 
0 86 57 
0 163 19 
0 77 34 
0 91 14 
0 109 73 
0 136 28 
0 130 61 
0 128 48 
0 120 21 
0 87 64 
0 105 65 
0 74 36 
0 181 23 
0 133 71 
0 141 45 
0 119 29 
0 119 35 
0 60 43 
0 118 45 
0 85 21 
0 96 21 
0 188 41 
0 135 39 
0 106 31 
0 112 49 
0 119 29 
0 141 24 
0 69 50 
0 174 27 
0 141 45 
0 74 32 
0 82 65 
0 124 32 
0 66 35 
0 110 47 
0 142 65 
0 75 113 
0 96 6 
0 107 74 
0 115 22 
0 100 27 
0 116 21 
0 106 21 
0 121 57 
0 95 97 
0 82 29 
0 96 42 
0 117 45 
0 122 42 
0 87 31 
0 107 22 
0 127 21 
0 111 58 
0 130 42 
0 94 54 
0 117 26 
0 122 38 
0 89 30 
0 189 29 
0 90 49 
0 84 0 
0 129 23 
0 141 32 
0 85 70 
0 152 35 
0 71 56 
0 104 24 
0 120 21 
0 98 24 
0 124 45 
0 127 28 
0 91 15 
0 87 42 
0 162 29 
0 61 15 
0 107 32 
0 78 15 
0 118 35 
0 131 8 
0 106 44 
0 108 44 
0 150 17 
0 148 24 
0 139 64 
0 123 37 
0 99 74 
0 101 52 
0 81 33 
0 69 13 
0 69 58 
0 129 37 
0 182 18 
0 120 60 
0 59 16 
0 104 36 
0 150 33 
0 75 35 
0 133 43 
0 153 32 
0 111 47 
0 120 32 
0 80 22 
0 154 55 
0 103 17 
0 136 30 
0 110 39 
0 152 31 
0 147 27 
0 78 37 
0 144 58 
0 103 15 
0 58 31 
0 128 10 
0 119 50 
0 155 30 
0 108 45 
0 131 38 
0 87 40 
0 139 25 
0 101 55 
0 184 6 
0 106 40 
0 107 62 
0 75 22 
0 103 28 
0 112 36 
0 135 34 
0 86 31 
0 117 39 
0 145 18 
0 138 20 
0 132 70 
0 115 6 
0 95 36 
0 87 8 
0 123 63 
0 88 105 
0 131 53 
0 120 19 
0 101 20 
0 89 52 
0 77 61 
0 108 34 
0 115 27 
0 149 35 
0 119 20 
0 106 4 
0 104 7 
0 158 24 
0 120 38 
0 106 28 
0 112 23 
0 152 85 
0 134 82 
0 108 11 
0 115 14 
0 140 35 
0 103 20 
0 94 35 
0 101 92 
0 137 11 
0 144 26 
0 100 21 
0 92 8 
0 138 39 
0 158 14 
0 172 15 
0 85 51 
0 131 32 
0 119 33 
0 77 49 
0 102 44 
0 111 26 
0 105 15 
0 131 40 
0 138 13 
0 92 11 
0 116 27 
0 142 12 
0 124 57 
0 120 43 
0 132 14 
0 94 18 
0 77 23 
0 180 46 
0 165 53 
0 127 49 
0 91 58 
0 126 56 
0 118 19 
0 134 22 
0 94 29 
0 136 16 
0 190 19 
0 119 22 
0 124 21 
0 121 36 
0 110 25 
0 159 29 
0 113 26 
0 73 71 
0 109 27 
0 99 43 
0 128 7 
0 78 18 
0 127 42 
0 113 25 
0 109 40 
0 142 29 
0 66 48 
0 96 40 
0 77 105 
0 112 83 
0 76 20 
0 149 70 
0 80 104 
0 132 44 
0 122 93 
0 166 73 
0 99 42 
0 57 28 
0 113 32 
0 176 57 
0 140 42 
0 82 26 
0 175 17 
0 126 46 
0 130 66 
0 132 55 
0 90 6 
0 90 12 
0 99 57 
0 100 18 
0 74 45 
0 112 51 
0 153 30 
0 100 51 
0 95 28 
0 73 53 
0 127 40 
0 113 37 
0 79 32 
0 101 91 
0 121 19 
0 152 145 
0 149 37 
0 126 57 
0 111 48 
0 112 28 
0 91 36 
0 97 43 
0 101 58 
0 117 77 
0 108 63 
0 119 59 
0 101 22 
0 115 42 
0 116 38 
0 89 66 
0 148 93 
0 134 14 
0 115 20 
0 96 17 
0 111 32 
0 145 52 
0 127 47 
0 88 21 
0 139 55 
0 95 80 
0 123 23 
0 96 17 
0 128 9 
0 86 12 
0 124 36 
0 99 58 
0 75 48 
0 136 22 
0 130 54 
0 87 77 
0 56 62 
0 72 46 
0 56 38 
0 125 26 
0 48 63 
0 143 18 
0 89 30 
0 96 118 
0 98 44 
0 111 50 
0 109 60 
0 115 14 
0 107 51 
0 121 47 
0 160 50 
0 115 15 
0 127 8 
0 165 16 
0 116 25 
0 101 39 
0 93 46 
0 166 51 
0 132 12 
0 87 56 
0 92 45 
0 166 55 
0 76 25 
0 132 100 
0 82 37 
0 129 19 
0 64 15 
0 123 19 
0 138 18 
0 59 40 
0 129 26 
0 107 1 
0 157 51 
0 110 54 
0 139 34 
0 127 12 
0 89 27 
0 100 29 
0 68 11 
0 105 44 
0 106 32 
0 102 39 
0 111 43 
0 112 27 
0 122 17 
0 104 47 
0 91 37 
0 140 22 
0 111 25 
0 106 29 
0 71 30 
0 61 40 
0 120 67 
0 102 20 
0 141 48 
0 117 60 
0 129 43 
0 124 44 
0 144 77 
0 89 74 
0 84 7 
0 112 14 
0 77 24 
0 137 13 
0 137 9 
0 144 28 
0 131 26 
0 113 24 
0 43 37 
0 104 1 
0 127 4 
0 154 43 
0 141 24 
0 134 38 
0 83 34 
0 100 25 
0 106 47 
0 111 25 
0 123 3 
0 99 11 
0 70 34 
0 99 47 
0 138 99 
0 90 38 
0 98 44 
0 134 42 
0 88 39 
0 74 29 
0 142 68 
0 100 61 
0 88 55 
0 92 17 
0 110 37 
0 98 12 
0 95 25 
0 130 22 
0 99 20 
0 144 78 
0 81 62 
0 109 40 
0 126 85 
0 135 21 
0 88 36 
0 66 28 
0 70 69 
0 158 56 
0 104 31 
0 116 30 
0 130 26 
0 114 58 
0 117 39 
0 134 26 
0 106 78 
0 89 64 
0 134 33 
0 102 61 
0 152 23 
0 126 37 
0 134 64 
0 146 33 
0 70 42 
0 132 23 
0 112 23 
0 115 75 
0 128 55 
0 78 18 
0 122 22 
0 120 50 
0 106 49 
0 97 24 
0 125 90 
0 92 45 
0 51 25 
0 169 32 
0 107 24 
0 148 41 
0 86 79 
0 108 19 
0 114 24 
0 131 35 
0 98 21 
0 76 21 
0 114 25 
0 106 28 
0 87 37 
0 118 58 
0 95 36 
0 106 13 
0 139 37 
0 116 39 
0 128 35 
0 91 38 
0 78 18 
0 126 33 
0 115 21 
0 150 79 
0 85 36 
0 142 27 
0 128 29 
0 106 31 
0 52 24 
0 95 40 
0 109 40 
0 84 39 
0 124 26 
0 112 13 
0 134 50 
0 134 62 
0 118 43 
0 116 33 
0 106 2 
0 91 30 
0 115 48 
0 138 20 
0 114 43 
0 147 32 
0 98 30 
0 117 24 
0 131 27 
0 94 11 
0 89 57 
0 78 33 
0 66 20 
0 111 26 
0 87 74 
0 133 43 
0 89 18 
0 133 61 
0 98 36 
0 117 30 
0 144 48 
0 96 55 
0 106 31 
0 127 79 
0 115 24 
0 178 39 
0 55 15 
0 127 51 
0 95 39 
0 138 45 
0 122 66 
0 122 47 
0 88 43 
0 133 50 
0 53 11 
0 106 39 
0 54 168 
0 183 97 
0 157 66 
0 168 20 
0 116 14 
0 168 57 
0 97 86 
0 134 52 
0 103 31 
0 117 26 
0 138 45 
0 111 22 
0 126 16 
0 145 79 
0 155 26 
0 137 31 
0 112 41 
0 47 11 
0 71 60 
0 170 28 
0 139 32 
0 95 25 
0 111 62 
0 123 12 
0 136 35 
0 84 30 
0 161 16 
0 95 126 
0 93 10 
0 94 17 
0 86 67 
0 118 23 
0 89 8 
0 120 38 
0 135 46 
0 167 48 
0 75 10 
0 132 8 
0 133 50 
0 165 13 
0 128 64 
0 63 22 
0 130 5 
0 128 0 
0 133 33 
0 94 13 
0 57 5 
0 119 83 
0 105 22 
0 106 17 
0 171 41 
0 114 13 
0 90 17 
0 100 47 
0 62 13 
0 140 65 
0 139 23 
0 140 46 
0 130 79 
0 146 19 
0 170 31 
0 68 29 
0 77 19 
0 120 26 
0 104 124 
0 205 42 
0 107 28 
0 136 42 
0 113 12 
0 155 14 
0 94 40 
0 134 23 
0 124 34 
0 92 63 
0 123 36 
0 93 27 
0 95 41 
0 121 64 
0 150 43 
0 91 25 
0 125 67 
0 74 55 
0 131 66 
0 153 34 
0 160 52 
0 91 54 
0 80 18 
0 97 10 
0 110 68 
0 125 20 
0 104 38 
0 130 25 
0 138 33 
0 122 26 
0 104 53 
0 112 44 
