123 177 25 0 0 
90 229 27 0 0 
206 259 11 0 0 
87 285 23 0 0 
109 216 26 0 0 
109 257 62 0 0 
84 300 23 1 0 
79 324 21 0 0 
112 260 53 0 0 
87 258 103 12 0 
124 263 42 0 0 
129 216 85 0 0 
159 161 66 2 0 
144 183 82 0 0 
117 296 28 1 0 
168 218 136 0 0 
49 294 103 0 0 
182 139 63 0 0 
97 174 48 0 0 
73 208 23 0 0 
202 238 32 0 0 
131 208 80 0 0 
81 205 67 2 0 
157 186 22 0 0 
51 210 17 8 0 
83 182 37 0 0 
94 277 35 0 0 
35 409 40 0 0 
79 217 52 0 0 
185 169 58 0 0 
135 257 127 0 0 
203 162 41 6 0 
188 208 16 0 0 
112 215 56 0 0 
141 233 44 20 0 
163 205 13 0 0 
119 243 69 3 0 
131 118 42 0 0 
101 196 159 6 0 
84 372 19 16 0 
217 144 30 14 0 
122 213 90 0 0 
111 244 78 0 0 
135 204 48 0 0 
125 309 78 0 0 
92 222 79 6 0 
191 130 70 0 0 
204 159 37 0 0 
100 163 70 2 0 
104 317 25 0 0 
58 240 67 0 0 
121 299 51 0 0 
50 337 56 15 0 
82 188 119 0 0 
113 292 27 0 0 
109 329 54 0 0 
75 179 52 0 0 
120 210 79 0 0 
108 205 33 7 0 
61 254 19 1 0 
216 151 49 1 0 
122 173 79 0 0 
187 118 58 0 0 
118 292 84 0 0 
40 312 36 0 0 
182 196 26 8 0 
136 260 45 0 0 
151 274 61 0 0 
141 128 98 0 0 
69 240 47 0 0 
96 182 20 1 0 
111 323 48 0 0 
151 149 34 6 0 
99 235 18 2 0 
120 245 82 6 0 
145 190 51 6 0 
122 122 111 0 0 
160 148 51 32 0 
171 213 48 0 0 
30 320 53 0 0 
116 232 104 32 0 
110 353 9 0 0 
134 179 39 0 0 
165 231 7 0 0 
140 266 43 0 0 
57 257 29 1 0 
29 352 89 0 0 
68 207 43 1 0 
164 172 105 0 0 
70 267 91 36 0 
101 159 36 2 0 
90 245 16 0 0 
103 260 99 4 0 
154 296 99 1 0 
136 206 44 0 0 
136 156 96 0 0 
176 261 58 0 0 
138 317 65 0 0 
73 303 54 0 0 
71 408 18 1 0 
24 194 109 0 0 
58 457 47 0 0 
152 217 83 0 0 
109 329 44 7 0 
68 325 45 0 0 
125 171 124 7 0 
127 196 44 0 0 
161 247 31 0 0 
26 193 54 0 0 
243 110 51 0 0 
61 150 133 0 0 
94 295 78 0 0 
94 155 86 0 0 
62 333 39 0 0 
104 205 54 0 0 
162 195 160 0 0 
111 195 38 0 0 
45 228 74 29 0 
121 312 73 0 0 
99 217 82 0 0 
58 176 90 0 0 
151 224 94 0 0 
100 136 134 0 0 
172 272 36 8 0 
92 211 69 24 0 
86 207 48 11 0 
180 272 91 7 0 
141 129 9 0 0 
143 301 64 16 0 
122 180 47 0 0 
122 207 9 2 0 
180 182 66 0 0 
175 257 60 1 0 
215 237 48 2 0 
42 236 90 0 0 
102 268 32 1 0 
72 330 141 3 0 
163 229 70 16 0 
145 302 35 17 0 
120 249 92 0 0 
149 135 99 0 0 
119 152 100 0 0 
113 210 100 0 0 
147 304 6 0 0 
115 246 60 1 0 
115 173 41 1 0 
110 288 70 0 0 
103 204 97 0 0 
100 211 32 0 0 
166 181 46 0 0 
198 279 15 0 0 
117 197 37 0 0 
215 234 49 0 0 
109 180 39 0 0 
78 288 18 0 0 
89 268 73 0 0 
171 160 66 0 0 
76 204 32 0 0 
257 213 50 0 0 
100 172 51 0 0 
86 216 68 0 0 
111 261 5 0 0 
74 363 26 0 0 
125 230 38 0 0 
92 175 114 9 0 
103 199 30 0 0 
86 201 65 48 0 
137 304 57 0 0 
61 253 22 0 0 
76 162 64 6 0 
140 111 182 0 0 
149 216 24 0 0 
101 314 39 0 0 
207 338 33 0 0 
183 251 18 0 0 
52 324 108 0 0 
144 211 38 3 0 
200 155 65 0 0 
145 224 71 0 0 
94 191 59 2 0 
157 313 37 0 0 
65 173 44 0 0 
68 289 31 0 0 
134 245 91 0 0 
79 192 76 0 0 
92 203 32 0 0 
115 261 100 0 0 
108 160 69 0 0 
121 230 61 0 0 
73 122 122 0 0 
87 205 18 0 0 
121 210 14 0 0 
118 309 37 0 0 
74 206 43 0 0 
137 168 80 0 0 
216 217 49 14 0 
101 339 17 0 0 
87 264 43 0 0 
183 235 55 0 0 
89 241 73 0 0 
103 148 76 0 0 
24 190 103 0 0 
55 211 97 0 0 
167 208 19 0 0 
114 190 80 0 0 
110 242 39 0 0 
63 189 32 0 0 
135 218 48 0 0 
92 165 65 0 0 
133 194 46 0 0 
61 148 131 0 0 
140 187 48 0 0 
133 122 15 2 0 
63 300 129 0 0 
130 210 18 0 0 
111 227 85 0 0 
111 170 95 3 0 
175 205 48 0 0 
83 294 121 0 0 
85 326 32 1 0 
65 165 60 0 0 
197 190 36 0 0 
142 220 85 12 0 
117 310 36 0 0 
162 151 45 0 0 
177 205 68 0 0 
117 337 6 0 0 
206 164 85 0 0 
111 264 65 0 0 
82 230 51 0 0 
104 186 27 0 0 
158 200 142 0 0 
280 173 38 0 0 
71 313 99 0 0 
133 266 42 0 0 
175 270 102 0 0 
48 249 14 0 0 
186 276 25 0 0 
114 238 74 0 0 
158 189 27 0 0 
131 316 75 0 0 
85 240 93 0 0 
193 157 15 1 0 
122 316 38 0 0 
103 238 6 0 0 
77 246 17 0 0 
235 220 77 0 0 
58 262 47 0 0 
84 184 63 20 0 
113 290 39 0 0 
74 237 101 1 0 
107 224 34 0 0 
148 266 101 5 0 
74 141 46 15 0 
88 242 5 0 0 
61 458 38 0 0 
60 308 86 0 0 
45 224 44 5 0 
106 309 43 0 0 
94 213 58 0 0 
99 291 53 0 0 
87 193 54 0 0 
167 225 53 0 0 
80 140 26 0 0 
95 355 25 0 0 
123 175 50 0 0 
21 144 37 0 0 
88 197 37 0 0 
46 145 68 20 0 
72 291 135 0 0 
153 148 42 0 0 
132 259 18 5 0 
177 231 44 3 0 
126 329 68 0 0 
140 200 95 0 0 
70 174 34 0 0 
7 219 60 0 0 
210 160 32 34 0 
153 223 79 0 0 
122 204 66 0 0 
69 332 89 0 0 
118 137 101 0 0 
35 260 63 8 0 
64 160 59 0 0 
103 199 111 0 0 
99 225 81 0 0 
279 205 40 0 0 
130 277 22 12 0 
191 277 10 0 0 
142 236 32 0 0 
93 233 29 0 0 
73 301 34 22 0 
48 224 86 0 0 
106 235 51 0 0 
88 177 59 0 0 
26 245 64 0 4 
165 239 79 0 0 
76 308 31 2 0 
207 194 15 0 0 
47 339 25 0 0 
229 230 79 0 0 
134 157 133 0 0 
91 346 79 0 0 
171 236 85 0 0 
108 234 96 0 0 
142 173 82 0 0 
152 250 66 0 0 
139 255 14 0 0 
136 248 102 0 0 
103 260 97 0 0 
212 238 43 16 0 
192 176 38 4 0 
129 152 90 0 0 
104 209 25 2 0 
83 141 26 0 0 
70 286 28 0 0 
112 159 113 0 0 
172 203 35 0 0 
72 275 52 0 0 
212 168 83 0 0 
126 203 20 2 0 
279 218 14 14 0 
49 261 63 0 0 
112 191 44 0 0 
77 346 63 0 0 
108 227 47 8 0 
63 386 24 0 0 
69 263 19 0 0 
115 321 37 0 0 
193 96 107 2 0 
129 258 1 0 0 
114 218 73 0 0 
102 248 96 0 0 
95 256 46 1 0 
74 280 38 5 0 
126 236 125 14 0 
128 169 33 5 0 
188 155 24 0 0 
118 182 66 0 0 
70 265 31 1 0 
169 235 32 0 0 
110 140 68 13 0 
46 144 113 0 0 
80 262 34 0 0 
127 239 82 5 0 
98 204 16 0 0 
101 124 24 0 0 
258 172 34 0 0 
47 159 90 0 0 
98 266 16 6 0 
185 251 37 7 0 
87 249 12 0 0 
141 153 47 0 0 
152 297 36 0 0 
103 323 70 0 0 
215 207 18 0 0 
152 213 34 16 0 
70 176 66 0 0 
101 294 2 0 0 
50 281 38 0 0 
128 348 43 0 0 
193 153 57 0 0 
120 247 20 0 0 
77 252 67 0 0 
133 199 80 0 0 
142 270 90 0 0 
140 183 45 0 0 
186 209 104 4 0 
75 272 28 0 0 
103 217 36 0 0 
39 220 29 0 0 
128 177 77 0 0 
150 228 20 6 0 
178 150 11 0 0 
140 180 57 4 0 
146 271 56 2 0 
115 178 49 0 0 
80 255 53 0 0 
65 346 62 10 0 
120 201 18 5 0 
81 272 10 0 0 
173 189 55 0 0 
56 253 128 0 0 
225 186 94 12 0 
219 248 75 0 0 
47 203 74 0 0 
161 210 37 0 0 
143 210 47 0 0 
124 193 46 26 0 
56 300 35 0 0 
88 206 68 0 0 
76 219 81 0 0 
82 139 71 0 0 
34 297 58 0 0 
106 232 149 0 0 
142 217 30 0 0 
211 157 76 2 0 
78 317 74 0 0 
140 333 31 7 0 
108 202 115 1 0 
70 252 7 0 0 
89 250 33 2 0 
114 224 46 1 0 
83 235 10 0 0 
116 219 19 10 0 
41 291 7 0 0 
28 328 36 5 0 
94 305 41 1 0 
138 143 1 0 0 
72 250 112 3 0 
10 360 119 0 0 
57 344 78 0 0 
140 219 34 7 0 
102 246 59 8 0 
35 285 5 0 0 
134 263 83 0 0 
114 97 50 4 0 
95 218 44 15 0 
89 331 66 0 0 
141 162 69 3 0 
83 183 61 6 0 
119 279 54 9 0 
57 201 67 18 0 
105 239 23 0 0 
83 147 96 0 0 
65 304 22 33 0 
88 239 23 0 0 
109 195 28 0 0 
36 227 63 0 0 
163 279 45 34 0 
93 327 42 40 0 
141 246 120 0 0 
147 191 61 9 0 
207 196 13 0 0 
169 264 23 0 0 
102 248 50 0 0 
156 134 119 3 0 
111 267 89 1 0 
135 237 12 0 0 
122 286 58 0 0 
148 243 17 2 0 
108 262 43 0 0 
111 326 45 0 0 
95 242 87 0 0 
25 171 76 0 0 
120 160 38 0 0 
85 201 29 0 0 
119 238 58 0 0 
175 145 177 0 0 
80 274 43 0 0 
99 220 45 1 0 
96 278 73 0 0 
237 285 27 16 0 
95 201 82 14 0 
53 228 91 0 0 
84 228 40 3 0 
136 165 81 0 0 
106 229 94 9 0 
107 230 37 0 0 
147 120 46 0 0 
28 267 90 0 0 
127 232 98 0 0 
76 309 48 0 0 
64 283 57 13 0 
96 270 95 0 0 
114 210 114 0 0 
133 228 64 0 0 
90 204 103 0 0 
105 243 25 7 0 
137 164 60 0 0 
128 319 24 1 0 
79 212 107 0 0 
109 221 127 0 0 
117 292 49 14 0 
77 180 81 0 0 
200 183 101 3 0 
65 236 28 0 0 
126 279 25 0 0 
131 225 39 0 0 
112 274 59 0 0 
96 197 11 0 0 
57 325 100 0 0 
102 240 11 17 0 
133 335 12 3 0 
143 225 54 0 0 
230 67 69 0 0 
95 165 115 0 0 
50 207 65 8 0 
271 218 51 4 0 
109 234 28 0 0 
223 184 27 0 0 
164 233 11 14 0 
73 166 28 0 0 
151 254 23 0 0 
109 218 94 0 0 
76 277 64 0 0 
125 293 36 3 0 
146 239 72 0 0 
52 324 47 0 0 
179 172 59 0 0 
75 246 50 0 0 
84 278 55 0 0 
130 189 57 9 0 
54 229 46 0 0 
166 249 17 0 0 
67 255 75 0 0 
35 261 31 0 0 
138 137 106 10 0 
159 273 13 0 0 
124 254 1 0 0 
73 189 102 0 0 
151 218 136 0 0 
150 210 102 0 0 
123 246 58 0 0 
113 216 60 0 0 
99 229 57 0 0 
171 294 41 2 0 
137 174 34 0 0 
107 248 60 0 0 
146 151 47 0 0 
104 230 56 16 0 
179 252 113 0 0 
85 158 93 0 0 
149 286 41 0 0 
30 243 12 0 0 
151 212 34 0 0 
66 287 123 0 0 
156 244 8 1 0 
56 282 86 0 0 
69 267 125 0 0 
148 290 53 0 0 
99 337 19 0 0 
92 303 46 3 0 
125 210 41 0 0 
164 258 33 12 0 
92 246 62 2 0 
83 208 143 0 0 
153 276 38 0 0 
96 220 53 0 0 
132 163 161 5 0 
140 141 20 0 0 
148 202 73 0 0 
108 271 34 0 0 
110 291 15 0 0 
77 188 80 0 0 
79 109 48 0 0 
88 149 107 8 0 
174 247 54 0 0 
120 213 54 0 0 
200 221 81 3 0 
69 248 76 0 0 
76 151 167 0 0 
43 184 153 0 0 
145 206 81 11 0 
67 197 20 0 0 
69 229 148 2 0 
130 196 88 0 0 
158 219 28 1 0 
104 217 37 2 0 
82 239 56 0 0 
123 276 28 0 0 
63 330 53 0 0 
126 227 75 0 0 
53 251 54 7 0 
66 210 140 0 0 
70 372 26 0 0 
97 159 37 4 0 
139 270 94 4 0 
62 177 46 3 0 
84 218 53 0 0 
92 183 33 0 0 
48 148 49 23 0 
92 222 64 0 0 
152 162 54 0 0 
84 216 16 0 0 
108 274 82 26 0 
49 196 59 2 0 
161 337 58 0 0 
80 224 67 0 0 
169 192 40 0 0 
152 227 49 0 0 
76 245 82 17 0 
87 261 92 2 0 
159 222 88 0 0 
105 246 58 11 0 
103 176 36 3 0 
141 243 80 0 0 
41 147 154 7 0 
90 214 60 0 0 
65 233 28 3 0 
171 220 142 0 0 
239 247 15 2 0 
148 285 42 2 0 
134 207 123 0 0 
67 266 45 0 0 
220 311 20 1 0 
63 230 21 0 0 
187 222 63 0 0 
74 236 75 5 0 
99 206 77 0 0 
92 265 95 0 0 
85 246 66 2 0 
151 246 18 0 0 
194 184 47 0 0 
65 211 59 0 0 
70 201 48 7 0 
236 155 60 15 0 
152 118 119 0 0 
171 222 97 1 0 
52 249 67 20 0 
186 153 34 0 0 
88 253 9 0 0 
138 238 51 0 0 
55 337 51 0 0 
160 172 60 0 0 
179 155 60 19 0 
158 335 41 0 0 
115 252 31 13 0 
109 119 97 0 0 
93 143 86 2 0 
140 152 57 16 0 
190 260 34 0 0 
241 187 69 0 0 
160 227 22 0 0 
65 229 56 0 0 
72 290 60 0 0 
128 243 31 1 0 
91 229 66 1 0 
128 111 46 0 0 
149 259 38 6 0 
90 259 64 1 0 
137 178 48 0 0 
124 368 42 0 0 
139 247 72 0 0 
141 173 25 0 0 
136 189 55 1 0 
160 179 76 1 0 
151 156 23 5 0 
66 200 140 1 0 
193 286 64 0 0 
116 216 39 1 0 
126 267 72 23 0 
183 255 31 8 0 
104 235 133 0 0 
130 222 43 2 0 
164 195 48 0 0 
219 197 31 0 0 
81 133 64 0 0 
53 306 26 0 0 
159 213 28 0 0 
95 190 121 29 0 
92 287 26 0 0 
139 295 29 0 0 
99 227 53 46 0 
109 234 15 1 0 
162 168 25 1 0 
183 176 16 0 0 
117 226 92 6 0 
161 193 136 0 0 
134 203 110 4 0 
98 252 56 18 0 
72 174 73 0 0 
144 176 110 0 0 
99 240 60 0 0 
240 164 68 0 0 
132 227 33 1 0 
118 202 53 6 0 
160 273 49 0 0 
172 244 60 0 0 
256 205 56 0 0 
113 182 51 0 0 
184 199 60 0 0 
50 253 79 0 0 
100 226 47 0 0 
167 219 98 0 0 
111 182 127 0 0 
175 155 63 0 0 
55 378 65 1 0 
110 156 22 13 0 
85 194 71 0 0 
120 248 68 1 0 
102 242 114 0 0 
111 245 26 3 0 
171 361 50 3 0 
89 325 20 0 0 
180 310 50 0 0 
62 107 93 0 0 
186 261 26 0 0 
73 225 103 4 0 
60 300 9 1 0 
219 230 46 14 0 
77 251 54 2 0 
46 108 114 0 0 
96 296 54 0 0 
53 195 66 34 0 
47 268 54 0 0 
161 319 30 0 0 
96 208 51 0 0 
103 218 61 0 0 
50 210 60 0 0 
135 283 29 3 0 
72 171 79 0 0 
122 163 43 22 0 
144 198 20 0 0 
132 234 98 0 0 
144 258 45 0 0 
144 282 62 0 0 
146 149 69 0 0 
123 252 22 19 0 
234 116 65 0 0 
117 253 46 0 0 
105 165 60 0 0 
150 324 35 0 0 
58 220 69 0 0 
140 212 27 0 0 
62 379 81 0 0 
205 191 53 1 0 
111 209 17 0 0 
116 298 39 1 0 
189 149 52 7 0 
150 210 3 0 0 
141 240 31 9 0 
107 179 44 5 0 
107 193 30 0 0 
47 213 41 36 0 
127 213 64 36 0 
80 278 83 0 0 
217 224 43 0 0 
62 304 52 0 0 
142 220 141 0 0 
166 180 5 0 0 
59 171 99 0 0 
117 283 93 0 0 
76 171 66 4 0 
199 138 55 0 0 
108 259 25 0 0 
182 253 21 0 0 
91 238 31 0 0 
94 221 87 14 0 
167 257 38 4 0 
60 307 51 6 0 
130 188 57 1 0 
94 120 80 0 0 
74 173 72 0 0 
78 243 42 0 0 
136 187 25 2 0 
138 287 16 0 0 
105 301 80 76 0 
134 287 19 0 0 
58 364 63 0 0 
134 289 99 9 0 
25 328 118 0 0 
108 197 73 4 0 
114 354 31 0 0 
100 259 39 15 0 
100 124 76 0 0 
112 151 26 10 0 
105 246 33 0 0 
167 237 44 0 0 
36 204 24 0 0 
156 237 39 0 0 
62 173 60 0 0 
121 166 81 0 0 
88 196 52 0 0 
100 179 96 21 0 
135 206 93 0 0 
99 214 102 11 0 
152 211 32 0 0 
169 200 32 1 0 
127 142 25 0 0 
103 147 41 0 0 
123 234 103 0 0 
124 312 48 0 0 
67 347 88 0 0 
267 120 117 0 0 
83 187 25 0 0 
161 169 91 12 0 
80 233 134 7 0 
92 262 76 0 0 
147 231 10 4 0 
183 290 62 0 0 
129 166 31 0 0 
94 270 52 4 0 
151 347 16 0 0 
88 236 78 4 0 
113 200 139 0 0 
147 201 74 0 0 
171 272 29 5 0 
69 257 76 0 0 
116 281 87 0 0 
97 242 26 0 0 
58 268 78 0 0 
93 194 44 0 0 
197 349 12 0 0 
78 235 32 12 0 
90 186 62 26 0 
100 294 34 4 0 
134 217 27 2 0 
126 275 20 0 0 
146 175 65 0 0 
80 79 19 5 0 
176 173 53 0 0 
117 222 73 4 0 
73 152 43 0 0 
93 212 74 6 0 
111 293 26 0 0 
174 254 54 0 0 
120 296 93 0 0 
96 231 44 3 0 
104 162 67 16 0 
173 318 17 0 0 
141 315 80 0 0 
58 171 135 0 0 
137 278 69 0 0 
139 207 54 4 0 
146 202 43 0 0 
140 187 40 0 0 
95 254 152 0 0 
79 268 66 0 0 
155 143 20 0 0 
115 284 78 0 0 
108 215 33 0 0 
149 219 118 0 0 
106 260 61 0 0 
140 223 32 0 0 
74 314 48 3 0 
59 269 65 1 0 
142 196 16 2 0 
160 155 29 0 0 
125 273 19 0 0 
58 170 57 2 0 
152 100 145 1 0 
125 210 12 5 0 
149 161 5 1 0 
111 174 47 0 0 
246 239 54 0 0 
40 171 108 0 0 
149 312 36 0 0 
127 143 140 0 0 
136 167 37 0 0 
157 210 33 0 0 
50 290 56 0 0 
208 195 39 2 0 
184 114 31 0 0 
93 219 85 1 0 
19 366 89 1 0 
71 224 63 12 0 
131 133 178 0 0 
128 352 52 1 0 
78 233 96 1 0 
159 212 64 15 0 
28 381 35 0 0 
91 312 38 0 0 
272 144 14 0 0 
96 284 91 0 0 
124 227 94 0 0 
140 204 42 2 0 
117 185 102 0 0 
82 397 76 1 0 
121 258 80 0 0 
122 327 29 8 0 
170 220 15 0 0 
118 260 81 0 0 
93 280 35 1 0 
167 218 38 27 0 
94 315 41 0 0 
96 232 54 0 0 
145 285 54 0 0 
184 142 60 0 0 
141 191 50 0 0 
64 244 148 0 0 
129 186 48 0 0 
89 210 29 0 0 
184 210 67 0 0 
40 180 42 0 0 
135 216 29 11 0 
136 291 62 0 0 
132 252 55 13 0 
97 236 49 0 0 
121 261 57 0 0 
83 259 35 0 0 
122 158 41 0 0 
160 172 110 0 0 
237 294 67 0 0 
125 235 39 0 0 
160 212 71 10 0 
53 301 61 0 0 
128 253 54 0 0 
156 221 25 0 0 
209 162 27 0 0 
132 252 55 0 0 
110 213 59 0 0 
129 269 73 0 0 
98 275 30 0 0 
113 154 64 1 0 
145 329 4 0 0 
157 192 57 0 0 
79 166 86 4 0 
155 195 174 0 0 
178 212 87 0 0 
154 292 8 7 0 
149 282 61 0 0 
168 256 11 0 0 
104 210 130 0 0 
155 166 78 0 0 
97 459 20 0 17 
188 235 101 0 0 
70 231 88 0 0 
186 219 20 5 0 
92 165 20 0 0 
162 282 15 1 0 
99 266 107 0 0 
94 309 35 0 0 
77 363 26 0 0 
91 282 24 0 0 
60 276 34 0 0 
144 236 92 0 0 
137 198 57 1 0 
149 234 59 0 0 
129 190 105 0 0 
152 155 42 1 0 
138 183 45 0 0 
106 281 96 5 0 
106 190 49 2 0 
125 207 70 0 0 
128 116 54 0 0 
59 229 133 3 0 
126 346 44 0 0 
94 231 71 0 0 
149 308 69 0 0 
159 237 40 0 0 
195 86 130 0 0 
116 287 64 2 0 
116 157 72 0 0 
161 211 59 25 0 
176 153 46 22 0 
109 185 100 0 0 
200 277 34 42 0 
69 230 30 31 0 
112 228 68 13 0 
104 249 1 0 0 
99 204 56 0 0 
152 250 27 0 0 
66 268 93 41 0 
133 207 67 0 0 
155 220 53 0 0 
122 243 105 0 0 
122 170 18 0 0 
98 187 41 0 0 
147 261 23 0 0 
69 204 37 0 0 
36 268 49 10 0 
98 269 49 0 0 
144 106 85 0 0 
130 176 33 0 0 
265 112 65 0 0 
146 138 85 6 0 
186 128 65 11 0 
115 222 60 0 0 
120 173 90 0 0 
142 199 88 0 0 
122 208 58 0 0 
205 196 134 0 0 
162 232 34 0 0 
89 272 51 9 0 
31 298 62 5 0 
53 352 74 0 0 
133 242 12 0 0 
133 265 25 2 0 
139 174 49 0 0 
59 258 39 9 0 
111 325 66 0 0 
99 314 62 0 0 
68 138 111 0 0 
102 182 22 0 0 
121 236 3 0 0 
42 264 56 1 0 
112 213 53 0 0 
130 227 103 0 0 
125 128 76 0 0 
52 348 38 2 0 
97 149 80 49 0 
222 177 33 4 0 
119 198 47 0 0 
56 298 14 0 0 
166 244 128 0 0 
83 263 139 0 0 
130 265 88 0 0 
70 202 68 0 0 
84 278 51 0 0 
110 296 38 2 0 
103 200 99 0 0 
108 153 54 1 0 
108 246 56 0 0 
104 263 16 0 0 
215 138 65 0 0 
108 174 95 0 0 
157 225 24 0 0 
78 154 36 0 0 
134 322 19 0 0 
