0 30 44 
0 24 83 
0 37 97 
0 24 52 
0 20 109 
0 37 83 
0 5 86 
0 23 163 
0 22 95 
0 42 106 
0 27 39 
0 30 66 
0 27 154 
0 31 113 
0 34 135 
0 39 68 
0 27 70 
0 36 80 
0 11 61 
0 10 50 
0 20 89 
0 43 60 
0 38 77 
0 16 60 
0 13 168 
0 27 65 
0 105 36 
0 17 50 
0 43 168 
0 43 72 
0 27 87 
0 67 46 
0 20 41 
0 17 127 
0 92 92 
0 16 44 
0 25 110 
0 37 108 
0 23 59 
0 30 90 
0 34 58 
0 9 45 
0 38 45 
0 59 81 
0 27 111 
0 12 44 
0 0 65 
0 22 93 
0 28 160 
0 18 71 
0 12 109 
0 24 83 
0 3 45 
0 16 36 
0 12 117 
0 5 106 
0 41 139 
0 68 67 
0 32 66 
0 58 74 
0 87 94 
0 34 53 
0 34 55 
0 33 80 
0 2 75 
0 18 61 
0 44 52 
0 10 140 
0 31 36 
0 38 131 
0 10 31 
0 34 94 
0 15 108 
0 9 136 
0 23 60 
0 55 118 
0 16 44 
0 34 97 
0 11 115 
0 35 43 
0 52 63 
0 34 66 
0 2 96 
0 35 93 
0 25 80 
0 25 45 
0 25 112 
0 66 109 
0 9 75 
0 16 123 
0 31 69 
0 22 62 
0 17 19 
0 44 94 
0 41 97 
0 71 143 
0 35 63 
0 4 119 
0 19 118 
0 4 47 
0 25 91 
0 26 66 
0 18 78 
0 22 65 
0 19 69 
0 14 44 
0 57 189 
0 45 129 
0 16 68 
0 33 130 
0 35 38 
0 12 50 
0 25 86 
0 12 90 
0 30 59 
0 18 32 
0 34 61 
0 21 146 
0 30 105 
0 28 122 
0 13 59 
0 20 134 
0 35 60 
0 21 50 
0 39 54 
0 54 82 
0 53 91 
0 56 145 
0 3 67 
0 20 83 
0 12 74 
0 58 82 
0 27 130 
0 37 44 
0 4 96 
0 9 83 
0 19 72 
0 21 81 
0 57 56 
0 15 56 
0 11 101 
0 18 135 
0 23 91 
0 72 159 
0 10 121 
0 34 86 
0 19 59 
0 20 100 
0 16 109 
0 20 78 
0 32 57 
0 91 88 
0 31 29 
0 25 101 
0 61 55 
0 27 119 
0 6 89 
0 15 80 
0 44 103 
0 27 57 
0 39 36 
0 5 78 
0 60 68 
0 57 95 
0 31 108 
0 67 78 
0 25 128 
0 67 85 
0 55 67 
0 22 185 
0 41 113 
0 13 71 
0 18 36 
0 25 21 
0 25 61 
0 32 87 
0 29 192 
0 42 78 
0 14 139 
0 18 71 
0 101 90 
0 15 70 
0 13 104 
0 88 63 
0 46 87 
0 23 105 
0 44 112 
0 24 172 
0 64 84 
0 39 69 
0 29 57 
0 29 126 
0 55 61 
0 17 146 
0 18 27 
0 27 199 
0 16 54 
0 22 60 
0 19 75 
0 19 74 
0 35 87 
0 16 87 
0 83 95 
0 55 191 
0 16 39 
0 40 78 
0 8 139 
0 14 121 
0 12 85 
0 16 205 
0 61 45 
0 24 63 
0 14 115 
0 17 54 
0 22 22 
0 35 43 
0 21 160 
0 10 101 
0 23 63 
0 47 214 
0 17 60 
0 32 165 
0 21 89 
0 13 147 
0 12 135 
0 19 102 
0 34 129 
0 19 47 
0 28 128 
0 17 86 
0 12 142 
0 27 32 
0 5 93 
0 41 130 
0 16 71 
0 34 54 
0 29 55 
0 11 37 
0 30 103 
0 23 110 
0 13 78 
0 24 40 
0 20 99 
0 17 103 
0 35 113 
0 58 44 
0 22 72 
0 41 132 
0 9 39 
0 28 14 
0 105 93 
0 34 85 
0 45 56 
0 17 28 
0 48 104 
0 11 146 
0 49 120 
0 12 58 
0 9 128 
0 9 90 
0 16 152 
0 15 242 
0 51 69 
0 16 27 
0 34 107 
0 13 65 
0 14 89 
0 21 102 
0 41 33 
0 21 130 
0 35 121 
0 14 166 
0 25 49 
0 42 129 
0 25 161 
0 42 128 
0 57 47 
0 29 53 
0 70 113 
0 5 142 
0 39 71 
0 7 149 
0 21 53 
0 60 114 
0 10 48 
0 0 107 
0 20 136 
0 26 56 
0 35 65 
0 27 46 
0 19 94 
0 43 36 
0 36 93 
0 11 112 
0 61 67 
0 14 80 
0 23 95 
0 4 34 
0 5 105 
0 18 45 
0 28 59 
0 21 44 
0 20 40 
0 27 96 
0 63 47 
0 13 132 
0 30 87 
0 29 105 
0 16 86 
0 43 74 
0 7 110 
0 16 39 
0 13 68 
0 19 142 
0 75 78 
0 20 118 
0 2 72 
0 37 79 
0 53 108 
0 12 90 
0 52 98 
0 35 135 
0 40 31 
0 8 38 
0 32 100 
0 28 111 
0 12 133 
0 29 68 
0 37 130 
0 54 40 
0 22 84 
0 6 30 
0 36 98 
0 37 31 
0 40 22 
0 20 131 
0 32 89 
0 42 37 
0 27 56 
0 25 114 
0 37 72 
0 7 109 
0 14 83 
0 6 106 
0 50 111 
0 3 90 
0 0 83 
0 26 85 
0 35 83 
0 39 132 
0 33 47 
0 36 72 
0 19 71 
0 57 108 
0 54 54 
0 7 47 
0 17 141 
0 22 128 
0 36 56 
0 26 159 
0 25 51 
0 31 48 
0 37 70 
0 53 85 
0 35 109 
0 24 68 
0 33 153 
0 35 91 
0 3 91 
0 4 96 
0 16 46 
0 38 43 
0 12 63 
0 95 118 
0 62 49 
0 23 194 
0 11 123 
0 43 80 
0 33 112 
0 38 126 
0 40 60 
0 9 63 
0 36 77 
0 39 133 
0 8 55 
0 7 39 
0 21 119 
0 15 124 
0 30 29 
0 16 79 
0 14 40 
0 32 141 
0 36 93 
0 26 120 
0 58 205 
0 16 154 
0 28 96 
0 19 137 
0 39 112 
0 15 71 
0 30 109 
0 37 119 
0 7 64 
0 39 91 
0 10 249 
0 56 43 
0 73 91 
0 66 81 
0 38 46 
0 24 81 
0 12 147 
0 18 174 
0 55 52 
0 34 34 
0 53 69 
0 62 90 
0 5 121 
0 8 220 
0 13 115 
0 29 104 
0 21 149 
0 37 103 
0 47 135 
0 34 128 
0 18 107 
0 6 116 
0 33 111 
0 35 138 
0 26 40 
0 20 37 
0 27 140 
0 11 94 
0 29 94 
0 19 141 
0 12 96 
0 33 79 
0 17 58 
0 32 109 
0 32 40 
0 21 122 
0 34 58 
0 58 87 
0 33 100 
0 10 96 
0 30 144 
0 9 93 
0 39 81 
0 31 96 
0 22 54 
0 44 101 
0 36 87 
0 17 59 
0 46 59 
0 20 127 
0 51 101 
0 24 116 
0 12 101 
0 9 110 
0 35 120 
0 19 60 
0 16 90 
0 29 58 
0 48 128 
0 6 143 
0 25 153 
0 29 57 
0 18 70 
0 21 39 
0 49 43 
0 21 45 
0 25 71 
0 37 150 
0 22 105 
0 17 80 
0 23 152 
0 14 70 
0 14 47 
0 29 68 
0 11 63 
0 7 58 
0 37 96 
0 76 119 
0 29 124 
0 31 152 
0 7 54 
0 130 42 
0 26 63 
0 19 73 
0 4 40 
0 7 141 
0 9 134 
0 7 56 
0 20 75 
0 15 49 
0 79 76 
0 10 74 
0 17 96 
0 20 61 
0 37 115 
0 41 131 
0 20 146 
0 18 213 
0 20 78 
0 35 83 
0 30 157 
0 9 80 
0 11 61 
0 40 82 
0 8 197 
0 15 94 
0 63 112 
0 49 102 
0 66 111 
0 28 43 
0 4 47 
0 60 111 
0 17 171 
0 51 122 
0 16 99 
0 68 112 
0 43 141 
0 37 70 
0 10 81 
0 25 99 
0 44 64 
0 12 56 
0 0 146 
0 34 111 
0 30 148 
0 9 54 
0 81 86 
0 55 148 
0 6 110 
0 20 122 
0 31 99 
0 37 71 
0 32 102 
0 13 46 
0 8 144 
0 6 72 
0 46 78 
0 23 121 
0 24 103 
0 8 77 
0 30 33 
0 21 81 
0 22 117 
0 39 106 
0 38 29 
0 28 40 
0 42 150 
0 31 98 
0 37 77 
0 50 85 
0 7 154 
0 55 40 
0 33 35 
0 4 59 
0 6 93 
0 24 103 
0 18 108 
0 36 85 
0 27 136 
0 28 198 
0 35 34 
0 37 46 
0 21 78 
0 47 98 
0 11 70 
0 37 116 
0 12 61 
0 59 112 
0 33 80 
0 58 55 
0 26 127 
0 5 108 
0 93 83 
0 48 62 
0 11 74 
0 39 132 
0 21 108 
0 12 55 
0 23 33 
0 49 54 
0 29 18 
0 65 143 
0 48 103 
0 14 39 
0 99 150 
0 27 115 
0 3 49 
0 34 71 
0 45 83 
0 40 62 
0 49 55 
0 34 82 
0 28 85 
0 25 77 
0 14 57 
0 9 61 
0 38 173 
0 39 139 
0 3 139 
0 18 83 
0 16 186 
0 37 58 
0 43 129 
0 31 127 
0 9 70 
0 52 84 
0 31 147 
0 34 30 
0 29 135 
0 39 114 
0 13 139 
0 10 67 
0 22 124 
0 31 155 
0 41 103 
0 29 62 
0 64 84 
0 32 31 
0 48 171 
0 25 138 
0 36 82 
0 13 113 
0 9 118 
0 21 113 
0 28 70 
0 43 73 
0 15 55 
0 21 94 
0 22 79 
0 42 183 
0 50 65 
0 18 95 
0 10 134 
0 6 101 
0 90 108 
0 69 118 
0 34 87 
0 17 149 
0 6 132 
0 25 68 
0 19 68 
0 34 56 
0 40 62 
0 33 30 
0 26 127 
0 40 183 
0 32 100 
0 21 55 
0 30 36 
0 19 93 
0 39 116 
0 21 51 
0 19 192 
0 17 119 
0 39 81 
0 23 54 
0 40 70 
0 38 224 
0 3 30 
0 22 81 
0 10 113 
0 25 28 
0 14 137 
0 4 62 
0 44 156 
0 21 117 
0 28 150 
0 31 38 
0 27 115 
0 24 69 
0 33 68 
0 5 145 
0 57 50 
0 3 49 
0 21 112 
0 7 76 
0 20 221 
0 39 162 
0 23 57 
0 7 97 
0 28 74 
0 18 75 
0 0 150 
0 26 37 
0 39 96 
0 14 79 
0 27 102 
0 37 89 
0 15 71 
0 27 192 
0 5 66 
0 33 87 
0 30 157 
0 22 161 
0 31 65 
0 7 113 
0 33 80 
0 31 28 
0 19 173 
0 10 53 
0 48 101 
0 33 157 
0 21 85 
0 27 84 
0 19 126 
0 22 54 
0 52 86 
0 28 167 
0 53 81 
0 59 56 
0 0 83 
0 15 55 
0 20 134 
0 52 79 
0 20 152 
0 14 133 
0 32 43 
0 16 87 
0 31 147 
0 19 53 
0 29 75 
0 6 119 
0 41 88 
0 2 25 
0 39 89 
0 76 125 
0 71 58 
0 33 64 
0 35 61 
0 38 138 
0 1 77 
0 11 88 
0 37 107 
0 32 75 
0 10 142 
0 29 107 
0 38 55 
0 12 236 
0 96 12 
0 79 126 
0 11 162 
0 21 75 
0 8 76 
0 32 100 
0 16 81 
0 35 84 
0 21 94 
0 5 50 
0 11 44 
0 18 93 
0 16 70 
0 37 136 
0 4 31 
0 8 161 
0 32 123 
0 36 65 
0 45 81 
0 14 172 
0 21 63 
0 8 109 
0 32 65 
0 33 36 
0 38 117 
0 16 57 
0 24 63 
0 22 82 
0 35 89 
0 40 103 
0 15 56 
0 34 63 
0 21 75 
0 11 63 
0 19 137 
0 40 121 
0 8 73 
0 15 113 
0 64 99 
0 28 85 
0 42 42 
0 38 255 
0 32 162 
0 20 52 
0 24 38 
0 35 52 
0 30 143 
0 35 131 
0 20 179 
0 34 117 
0 23 112 
0 28 47 
0 11 142 
0 23 56 
0 6 67 
0 71 177 
0 15 133 
0 17 131 
0 36 133 
0 8 88 
0 6 36 
0 84 37 
0 19 82 
0 38 107 
0 17 28 
0 57 110 
0 28 91 
0 30 126 
0 6 45 
0 28 39 
0 6 69 
0 15 131 
0 32 78 
0 37 82 
0 26 107 
0 38 93 
0 10 76 
0 6 75 
0 5 74 
0 38 45 
0 57 122 
0 22 78 
0 26 73 
0 5 83 
0 22 166 
0 10 90 
0 12 165 
0 20 77 
0 50 61 
0 7 105 
0 18 53 
0 23 39 
0 40 167 
0 19 37 
0 15 90 
0 5 76 
0 24 44 
0 10 150 
0 12 23 
0 15 161 
0 63 192 
0 31 99 
0 3 75 
0 53 98 
0 20 90 
0 61 79 
0 29 38 
0 2 71 
0 13 61 
0 45 119 
0 43 122 
0 15 94 
0 25 99 
0 53 87 
0 61 70 
0 26 140 
0 2 66 
0 32 136 
0 29 109 
0 19 53 
0 11 106 
0 13 17 
0 39 71 
0 13 57 
0 32 120 
0 28 93 
0 7 33 
0 41 10 
0 32 127 
0 40 45 
0 36 48 
0 2 147 
0 24 122 
0 29 103 
0 38 76 
0 10 24 
0 17 139 
0 7 10 
0 8 68 
0 38 55 
0 20 59 
0 7 160 
0 10 123 
0 14 117 
0 51 86 
0 29 30 
0 19 40 
0 22 70 
0 31 35 
0 6 104 
0 6 26 
0 26 176 
0 12 109 
0 29 104 
0 24 63 
0 41 99 
0 13 101 
0 14 70 
0 54 60 
0 15 67 
0 10 135 
0 46 89 
0 30 102 
0 9 123 
0 24 131 
0 33 97 
0 28 98 
0 14 35 
0 44 37 
0 12 20 
0 26 46 
0 25 64 
0 25 40 
0 17 104 
0 14 126 
0 26 74 
0 4 39 
0 62 49 
0 53 98 
0 9 56 
0 55 103 
0 31 41 
0 59 81 
0 33 28 
0 67 86 
0 45 49 
0 16 66 
0 34 56 
0 14 81 
0 44 80 
0 18 24 
0 9 76 
0 28 106 
0 21 66 
0 56 100 
0 17 100 
0 40 44 
0 22 124 
0 48 133 
0 22 89 
0 31 164 
0 39 100 
0 13 48 
0 26 57 
0 22 138 
0 4 55 
0 32 73 
0 14 104 
0 9 58 
0 32 89 
0 13 85 
0 19 71 
0 20 76 
0 28 171 
0 25 174 
0 45 94 
0 27 76 
0 16 150 
0 23 76 
0 46 67 
0 8 67 
0 46 112 
0 36 72 
0 28 170 
0 82 57 
0 44 99 
0 31 129 
0 22 33 
0 17 90 
0 19 145 
0 19 185 
0 70 70 
0 28 51 
0 43 84 
0 35 127 
0 15 255 
0 33 129 
0 26 81 
0 31 99 
0 18 136 
0 19 9 
0 60 109 
0 46 66 
0 60 93 
0 39 60 
0 42 80 
0 28 51 
0 16 35 
0 36 69 
0 33 195 
0 34 74 
0 41 85 
0 33 114 
0 13 93 
0 30 122 
0 30 71 
0 13 79 
0 9 99 
