0 158 58 
0 127 64 
0 110 25 
0 119 30 
0 70 33 
0 144 55 
0 111 86 
0 126 13 
0 94 23 
0 105 90 
0 68 18 
0 107 32 
0 219 20 
0 92 48 
0 86 96 
0 152 53 
0 128 64 
0 147 52 
0 76 20 
0 122 16 
0 134 27 
0 150 17 
0 169 30 
0 167 25 
0 125 48 
0 127 17 
0 119 32 
0 144 74 
0 75 21 
0 105 48 
0 138 19 
0 44 36 
0 165 84 
0 129 27 
0 144 72 
0 70 15 
0 130 122 
0 102 21 
0 140 33 
0 134 29 
0 83 30 
0 119 30 
0 46 47 
0 96 11 
0 143 15 
0 95 13 
0 71 53 
0 96 7 
0 92 23 
0 145 16 
0 116 13 
0 133 69 
0 125 34 
0 55 9 
0 75 29 
0 78 72 
0 106 34 
0 125 27 
0 53 119 
0 65 37 
0 114 19 
0 135 9 
0 93 48 
0 96 21 
0 138 37 
0 132 9 
0 116 56 
0 137 22 
0 95 90 
0 86 52 
0 63 3 
0 72 39 
0 129 28 
0 95 44 
0 60 20 
0 129 6 
0 152 38 
0 59 28 
0 130 15 
0 99 10 
0 112 12 
0 104 20 
0 92 29 
0 89 33 
0 47 75 
0 140 43 
0 106 15 
0 140 129 
0 68 53 
0 94 51 
0 183 60 
0 149 4 
0 128 31 
0 97 34 
0 137 39 
0 77 33 
0 101 39 
0 161 37 
0 138 7 
0 64 37 
0 77 76 
0 100 35 
0 147 39 
0 106 20 
0 132 52 
0 128 70 
0 106 4 
0 119 29 
0 98 19 
0 153 87 
0 121 16 
0 136 25 
0 89 27 
0 53 6 
0 95 16 
0 134 15 
0 137 49 
0 90 43 
0 155 26 
0 65 23 
0 138 33 
0 114 75 
0 139 6 
0 185 2 
0 100 8 
0 86 35 
0 43 10 
0 162 48 
0 103 15 
0 99 14 
0 127 71 
0 106 81 
0 165 16 
0 83 103 
0 122 87 
0 134 22 
0 127 26 
0 99 47 
0 140 8 
0 166 63 
0 113 23 
0 69 77 
0 133 23 
0 252 27 
0 83 60 
0 155 55 
0 126 30 
0 161 20 
0 90 33 
0 135 33 
0 138 63 
0 119 73 
0 114 40 
0 102 33 
0 109 12 
0 98 5 
0 94 35 
0 112 27 
0 118 38 
0 132 30 
0 182 58 
0 148 84 
0 90 3 
0 140 80 
0 156 35 
0 162 26 
0 166 51 
0 144 12 
0 97 77 
0 100 46 
0 99 102 
0 114 41 
0 89 30 
0 80 21 
0 103 33 
0 65 29 
0 127 32 
0 118 68 
0 132 5 
0 132 45 
0 180 35 
0 161 54 
0 106 13 
0 114 22 
0 109 49 
0 89 24 
0 162 45 
0 158 105 
0 201 21 
0 78 52 
0 115 20 
0 148 5 
0 78 22 
0 140 11 
0 89 8 
0 118 3 
0 110 11 
0 111 49 
0 123 5 
0 113 9 
0 75 60 
0 84 33 
0 101 28 
0 93 19 
0 117 37 
0 88 5 
0 100 56 
0 116 19 
0 71 94 
0 138 41 
0 110 31 
0 83 131 
0 83 21 
0 107 19 
0 109 62 
0 92 30 
0 95 49 
0 118 19 
0 111 35 
0 88 37 
0 97 24 
0 105 54 
0 133 26 
0 134 47 
0 83 21 
0 66 30 
0 69 33 
0 69 15 
0 115 24 
0 137 88 
0 98 11 
0 52 76 
0 69 13 
0 194 36 
0 103 63 
0 117 21 
0 117 31 
0 136 71 
0 91 50 
0 98 45 
0 142 8 
0 129 29 
0 141 19 
0 75 24 
0 127 13 
0 78 85 
0 107 26 
0 142 25 
0 131 23 
0 96 38 
0 140 13 
0 93 3 
0 158 48 
0 112 13 
0 83 11 
0 100 1 
0 111 54 
0 107 36 
0 147 32 
0 84 24 
0 95 24 
0 113 66 
0 169 54 
0 101 20 
0 130 14 
0 92 30 
0 142 40 
0 102 11 
0 78 93 
0 92 48 
0 134 25 
0 118 38 
0 106 51 
0 131 4 
0 65 18 
0 114 61 
0 113 12 
0 78 50 
0 84 16 
0 117 11 
0 152 39 
0 115 80 
0 95 45 
0 82 17 
0 97 14 
0 69 21 
0 150 22 
0 56 14 
0 82 11 
0 154 40 
0 138 64 
0 135 7 
0 146 106 
0 137 28 
0 160 70 
0 106 68 
0 164 18 
0 163 39 
0 135 22 
0 153 5 
0 106 66 
0 113 9 
0 79 51 
0 94 44 
0 123 32 
0 101 99 
0 164 13 
0 148 29 
0 60 42 
0 159 42 
0 118 58 
0 115 57 
0 71 73 
0 94 4 
0 118 19 
0 97 84 
0 134 52 
0 109 76 
0 169 14 
0 133 73 
0 203 17 
0 82 60 
0 63 74 
0 82 20 
0 117 40 
0 100 27 
0 44 34 
0 142 11 
0 103 26 
0 113 26 
0 157 4 
0 80 25 
0 124 51 
0 124 26 
0 125 44 
0 111 25 
0 192 58 
0 80 26 
0 145 58 
0 140 18 
0 101 11 
0 96 98 
0 66 30 
0 114 88 
0 123 44 
0 119 80 
0 144 46 
0 114 30 
0 121 33 
0 55 17 
0 82 41 
0 90 10 
0 153 25 
0 97 85 
0 109 24 
0 166 45 
0 78 38 
0 106 15 
0 199 15 
0 110 116 
0 140 17 
0 106 17 
0 91 44 
0 140 33 
0 156 5 
0 98 37 
0 109 34 
0 116 60 
0 162 20 
0 126 21 
0 119 15 
0 102 25 
0 62 19 
0 148 22 
0 94 55 
0 78 43 
0 99 32 
0 85 27 
0 95 3 
0 155 19 
0 62 40 
0 88 35 
0 114 52 
0 108 32 
0 99 50 
0 150 24 
0 140 19 
0 70 9 
0 106 72 
0 136 29 
0 69 15 
0 116 1 
0 126 62 
0 76 38 
0 99 17 
0 80 48 
0 80 53 
0 107 24 
0 150 57 
0 115 79 
0 111 17 
0 55 12 
0 109 5 
0 134 5 
0 58 26 
0 112 34 
0 88 28 
0 62 10 
0 96 62 
0 87 62 
0 109 8 
0 115 49 
0 182 35 
0 140 39 
0 55 77 
0 86 50 
0 73 26 
0 179 42 
0 112 27 
0 110 31 
0 86 23 
0 125 9 
0 126 37 
0 88 23 
0 67 57 
0 71 33 
0 102 39 
0 138 30 
0 126 32 
0 91 29 
0 199 44 
0 111 38 
0 123 8 
0 129 152 
0 69 32 
0 71 19 
0 127 62 
0 168 30 
0 86 114 
0 107 23 
0 147 38 
0 141 33 
0 96 69 
0 108 47 
0 90 21 
0 146 34 
0 110 40 
0 142 16 
0 129 13 
0 124 20 
0 101 54 
0 112 5 
0 128 22 
0 145 31 
0 76 29 
0 142 127 
0 97 29 
0 140 20 
0 80 72 
0 108 16 
0 108 78 
0 108 28 
0 61 13 
0 120 29 
0 133 23 
0 180 20 
0 155 56 
0 102 18 
0 145 45 
0 162 34 
0 83 10 
0 151 35 
0 82 38 
0 75 28 
0 110 45 
0 115 42 
0 80 23 
0 42 11 
0 60 5 
0 94 73 
0 164 32 
0 76 5 
0 131 23 
0 87 71 
0 148 67 
0 87 37 
0 57 102 
0 103 23 
0 89 64 
0 138 22 
0 111 38 
0 94 49 
0 130 4 
0 88 11 
0 134 63 
0 126 44 
0 103 19 
0 146 31 
0 82 105 
0 114 35 
0 123 13 
0 176 54 
0 137 24 
0 154 37 
0 83 82 
0 101 25 
0 95 40 
0 154 74 
0 114 70 
0 94 3 
0 171 10 
0 101 14 
0 89 46 
0 123 40 
0 91 1 
0 108 2 
0 100 84 
0 75 108 
0 114 26 
0 117 68 
0 104 44 
0 181 71 
0 102 24 
0 165 20 
0 97 75 
0 84 39 
0 180 32 
0 103 65 
0 98 2 
0 133 49 
0 88 33 
0 88 21 
0 78 74 
0 75 18 
0 115 10 
0 82 64 
0 114 27 
0 116 16 
0 118 40 
0 78 3 
0 66 28 
0 86 36 
0 47 92 
0 134 13 
0 97 27 
0 108 63 
0 137 24 
0 62 39 
0 138 55 
0 83 98 
0 179 10 
0 118 9 
0 135 14 
0 103 12 
0 106 84 
0 50 57 
0 93 56 
0 63 41 
0 115 64 
0 147 19 
0 88 11 
0 120 1 
0 107 56 
0 110 42 
0 109 8 
0 89 14 
0 133 40 
0 113 70 
0 87 10 
0 65 27 
0 114 100 
0 135 40 
0 178 18 
0 105 10 
0 98 17 
0 166 36 
0 113 80 
0 91 21 
0 108 34 
0 135 86 
0 142 90 
0 173 25 
0 98 46 
0 130 44 
0 83 60 
0 174 51 
0 109 84 
0 136 38 
0 115 47 
0 51 83 
0 138 40 
0 54 49 
0 92 6 
0 139 92 
0 103 17 
0 98 25 
0 108 84 
0 157 16 
0 96 73 
0 123 34 
0 140 66 
0 130 5 
0 58 39 
0 111 37 
0 155 57 
0 177 66 
0 103 27 
0 187 30 
0 121 28 
0 154 88 
0 106 27 
0 112 23 
0 119 41 
0 102 61 
0 100 17 
0 159 36 
0 195 35 
0 149 27 
0 109 29 
0 103 125 
0 96 25 
0 132 31 
0 135 37 
0 133 28 
0 173 54 
0 100 57 
0 133 38 
0 133 39 
0 69 34 
0 92 45 
0 121 96 
0 67 14 
0 95 48 
0 99 24 
0 124 53 
0 140 36 
0 128 30 
0 97 88 
0 111 39 
0 111 46 
0 64 17 
0 68 23 
0 125 43 
0 93 84 
0 140 59 
0 125 24 
0 100 39 
0 129 59 
0 102 22 
0 73 37 
0 120 126 
0 168 8 
0 85 14 
0 145 29 
0 61 24 
0 138 11 
0 120 42 
0 132 19 
0 95 13 
0 115 25 
0 113 62 
0 82 34 
0 117 50 
0 153 22 
0 141 4 
0 82 91 
0 88 44 
0 93 31 
0 140 10 
0 105 33 
0 154 36 
0 139 14 
0 89 107 
0 87 64 
0 100 37 
0 94 46 
0 148 75 
0 129 41 
0 111 64 
0 85 31 
0 97 35 
0 119 52 
0 89 16 
0 58 49 
0 71 12 
0 122 18 
0 169 118 
0 96 41 
0 129 15 
0 73 21 
0 148 66 
0 127 59 
0 112 90 
0 121 81 
0 123 39 
0 135 85 
0 88 29 
0 115 18 
0 150 22 
0 124 75 
0 151 2 
0 115 15 
0 88 31 
0 112 29 
0 101 7 
0 93 7 
0 199 14 
0 79 32 
0 87 25 
0 143 33 
0 132 18 
0 135 106 
0 102 46 
0 53 26 
0 150 43 
0 117 30 
0 149 61 
0 153 23 
0 117 20 
0 68 15 
0 112 46 
0 96 38 
0 133 65 
0 98 19 
0 68 21 
0 114 11 
0 138 47 
0 82 38 
0 60 15 
0 160 22 
0 80 61 
0 115 17 
0 130 17 
0 46 23 
0 66 29 
0 90 19 
0 97 25 
0 118 3 
0 150 23 
0 97 13 
0 96 31 
0 139 16 
0 93 38 
0 115 58 
0 118 30 
0 74 49 
0 144 20 
0 161 30 
0 114 91 
0 100 50 
0 158 48 
0 180 28 
0 124 71 
0 111 29 
0 74 72 
0 198 68 
0 77 51 
0 132 18 
0 72 24 
0 126 29 
0 88 40 
0 80 33 
0 90 53 
0 124 20 
0 111 59 
0 101 8 
0 91 71 
0 102 14 
0 155 3 
0 145 32 
0 116 26 
0 128 71 
0 117 48 
0 132 8 
0 77 30 
0 125 52 
0 115 19 
0 123 21 
0 104 39 
0 122 60 
0 141 30 
0 113 36 
0 89 6 
0 102 18 
0 114 51 
0 142 18 
0 70 8 
0 135 6 
0 120 27 
0 148 15 
0 107 30 
0 155 35 
0 115 35 
0 136 18 
0 145 25 
0 100 39 
0 82 34 
0 85 11 
0 84 22 
0 90 42 
0 130 46 
0 117 20 
0 108 27 
0 108 42 
0 138 11 
0 97 28 
0 98 10 
0 117 36 
0 136 28 
0 96 40 
0 77 31 
0 136 35 
0 167 87 
0 112 41 
0 127 26 
0 105 46 
0 99 23 
0 131 16 
0 114 9 
0 112 21 
0 110 61 
0 98 15 
0 51 35 
0 110 22 
0 136 3 
0 148 26 
0 86 34 
0 110 22 
0 121 82 
0 129 61 
0 70 58 
0 121 29 
0 101 53 
0 137 27 
0 75 10 
0 106 36 
0 77 24 
0 153 29 
0 161 29 
0 62 10 
0 87 62 
0 91 39 
0 128 29 
0 137 28 
0 147 35 
0 89 26 
0 108 16 
0 66 70 
0 134 85 
0 158 12 
0 183 62 
0 100 42 
0 136 23 
0 193 12 
0 45 30 
0 121 30 
0 101 16 
0 105 52 
0 117 77 
0 102 26 
0 125 16 
0 137 83 
0 83 81 
0 142 4 
0 119 27 
0 135 48 
0 146 44 
0 127 22 
0 190 47 
0 171 14 
0 113 64 
0 116 26 
0 150 31 
0 154 63 
0 149 48 
0 264 19 
0 71 11 
0 142 82 
0 86 19 
0 151 65 
0 119 92 
0 161 20 
0 131 91 
0 64 13 
0 121 32 
0 145 55 
0 128 91 
0 139 21 
0 160 65 
0 69 60 
0 85 35 
0 131 29 
0 104 15 
0 100 44 
0 121 14 
0 113 30 
0 113 35 
0 125 23 
0 90 28 
0 125 33 
0 63 46 
0 83 35 
0 132 45 
0 84 33 
0 72 31 
0 172 16 
0 76 77 
0 125 39 
0 79 26 
0 101 43 
0 166 41 
0 210 20 
0 133 21 
0 130 83 
0 199 42 
0 121 4 
0 128 34 
0 111 22 
0 110 33 
0 116 23 
0 98 34 
0 85 44 
0 58 24 
0 85 70 
0 82 36 
0 107 7 
0 162 85 
0 138 46 
0 126 104 
0 67 20 
0 80 29 
0 128 66 
0 98 21 
0 110 30 
0 90 52 
0 105 47 
0 110 29 
0 116 40 
0 138 4 
0 79 8 
0 98 16 
0 129 61 
0 78 42 
0 82 20 
0 118 20 
0 117 73 
0 138 60 
0 71 14 
0 114 9 
0 132 25 
0 63 108 
0 114 38 
0 135 23 
0 109 63 
0 56 18 
0 118 47 
0 105 23 
0 118 52 
0 88 68 
0 128 21 
0 104 38 
0 139 31 
0 90 20 
0 101 52 
0 94 20 
0 150 76 
0 82 136 
0 132 6 
0 92 22 
0 127 18 
0 128 7 
0 70 35 
0 147 11 
0 114 63 
0 93 58 
0 109 25 
0 123 33 
0 182 18 
0 68 32 
0 62 48 
0 154 26 
0 130 14 
0 158 21 
0 109 25 
0 120 41 
0 70 70 
0 105 53 
0 124 18 
0 150 18 
0 142 34 
0 137 45 
0 59 18 
0 156 66 
0 134 28 
0 107 6 
0 115 96 
0 66 35 
0 99 10 
0 100 36 
0 132 37 
