584 214 202 
539 127 334 
560 234 206 
599 167 234 
586 232 182 
570 158 272 
629 195 176 
624 266 110 
769 136 95 
603 175 222 
574 206 220 
637 190 173 
686 216 98 
552 217 231 
705 201 94 
557 205 238 
594 256 150 
621 224 155 
711 167 122 
597 251 152 
737 174 89 
541 182 277 
625 239 136 
666 175 159 
590 263 147 
633 232 135 
619 235 146 
588 122 290 
533 185 282 
657 243 100 
616 241 143 
679 232 89 
565 240 195 
561 232 207 
639 214 147 
622 228 150 
615 248 137 
589 171 240 
656 215 129 
646 212 142 
721 135 144 
652 250 98 
617 272 111 
836 85 79 
603 206 191 
670 234 96 
676 214 110 
667 167 166 
653 217 130 
613 260 127 
536 228 236 
575 236 189 
614 231 155 
728 180 92 
555 225 220 
651 239 110 
457 186 357 
605 204 191 
631 215 154 
595 213 192 
552 287 161 
681 227 92 
623 187 190 
618 176 206 
665 135 200 
608 209 183 
526 201 273 
640 243 117 
663 219 118 
700 248 52 
603 191 206 
725 204 71 
653 247 100 
637 193 170 
636 150 214 
744 160 96 
595 255 150 
566 220 214 
692 168 140 
534 256 210 
608 245 147 
689 195 116 
738 153 109 
646 235 119 
593 210 197 
685 161 154 
508 170 322 
690 208 102 
695 186 119 
627 283 90 
678 234 88 
549 278 173 
573 178 249 
705 213 82 
618 207 175 
600 232 168 
721 197 82 
628 214 158 
592 199 209 
437 130 433 
445 197 358 
662 235 103 
554 290 156 
739 140 121 
629 241 130 
671 149 180 
696 179 125 
630 226 144 
734 158 108 
576 256 168 
600 243 157 
692 155 153 
629 214 157 
541 141 318 
578 243 179 
546 244 210 
566 236 198 
637 184 179 
595 243 162 
603 156 241 
594 211 195 
644 203 153 
715 181 104 
661 184 155 
563 219 218 
652 189 159 
591 277 132 
699 175 126 
497 231 272 
683 175 142 
656 211 133 
558 225 217 
560 193 247 
714 161 125 
662 193 145 
609 164 227 
631 192 177 
810 149 41 
717 167 116 
656 165 179 
611 243 146 
638 227 135 
667 205 128 
618 236 146 
733 170 97 
681 144 175 
630 256 114 
603 226 171 
471 137 392 
762 137 101 
689 207 104 
563 201 236 
633 196 171 
684 175 141 
639 205 156 
522 219 259 
533 186 281 
634 253 113 
724 201 75 
579 262 159 
691 180 129 
573 250 177 
572 221 207 
614 168 218 
700 202 98 
772 184 44 
629 231 140 
714 145 141 
696 235 69 
605 247 148 
528 227 245 
591 217 192 
542 258 200 
744 153 103 
640 155 205 
526 264 210 
631 142 227 
464 194 342 
667 185 148 
646 196 158 
569 263 168 
513 167 320 
631 183 186 
696 185 119 
630 158 212 
590 269 141 
685 201 114 
535 230 235 
639 225 136 
729 192 79 
668 107 225 
683 196 121 
548 199 253 
613 147 240 
514 142 344 
621 97 282 
647 226 127 
616 160 224 
696 153 151 
735 146 119 
685 174 141 
539 265 196 
686 237 77 
558 247 195 
609 217 174 
637 155 208 
791 79 130 
593 197 210 
630 202 168 
497 271 232 
572 224 204 
649 188 163 
615 251 134 
610 272 118 
424 172 404 
623 194 183 
626 210 164 
576 223 201 
727 136 137 
626 273 101 
578 257 165 
652 221 127 
704 204 92 
575 229 196 
565 166 269 
624 232 144 
536 254 210 
705 146 149 
464 243 293 
586 202 212 
570 268 162 
606 245 149 
718 215 67 
588 185 227 
600 237 163 
641 143 216 
487 132 381 
639 250 111 
498 237 265 
594 184 222 
665 183 152 
557 214 229 
560 267 173 
533 228 239 
566 285 149 
704 185 111 
726 168 106 
587 255 158 
628 209 163 
677 187 136 
689 190 121 
626 176 198 
684 180 136 
731 191 78 
665 198 137 
608 198 194 
682 215 103 
675 197 128 
587 197 216 
677 150 173 
518 208 274 
658 213 129 
659 259 82 
696 200 104 
578 202 220 
608 182 210 
483 242 275 
648 218 134 
648 213 139 
705 177 118 
672 223 105 
656 254 90 
517 295 188 
562 233 205 
623 194 183 
698 240 62 
509 325 166 
643 242 115 
735 174 91 
645 191 164 
629 156 215 
607 234 159 
600 201 199 
584 187 229 
632 254 114 
607 205 188 
625 224 151 
596 232 172 
509 248 243 
588 267 145 
621 220 159 
559 226 215 
597 193 210 
686 177 137 
642 205 153 
652 232 116 
494 223 283 
564 205 231 
561 209 230 
575 166 259 
748 152 100 
724 139 137 
721 152 127 
681 166 153 
707 192 101 
586 174 240 
570 272 158 
688 187 125 
707 193 100 
673 239 88 
581 194 225 
594 189 217 
634 177 189 
744 166 90 
607 233 160 
631 167 202 
533 287 180 
538 272 190 
621 214 165 
681 187 132 
615 212 173 
663 142 195 
586 229 185 
708 238 54 
659 229 112 
633 218 149 
600 190 210 
654 167 179 
669 261 70 
654 189 157 
667 163 170 
501 146 353 
621 206 173 
706 133 161 
572 134 294 
585 203 212 
608 176 216 
681 229 90 
667 206 127 
451 240 309 
686 164 150 
650 223 127 
505 197 298 
460 211 329 
489 362 149 
600 176 224 
622 200 178 
653 240 107 
677 143 180 
568 126 306 
654 168 178 
491 291 218 
634 186 180 
543 204 253 
597 226 177 
679 201 120 
560 160 280 
563 236 201 
647 233 120 
483 223 294 
667 180 153 
559 199 242 
614 261 125 
662 215 123 
688 198 114 
530 152 318 
723 144 133 
645 189 166 
657 174 169 
574 199 227 
600 288 112 
679 237 84 
617 197 186 
667 197 136 
713 132 155 
697 157 146 
522 205 273 
492 214 294 
578 187 235 
588 211 201 
603 186 211 
540 144 316 
634 247 119 
683 269 48 
573 186 241 
598 293 109 
717 216 67 
619 235 146 
575 197 228 
563 220 217 
647 207 146 
778 168 54 
698 215 87 
601 268 131 
662 234 104 
630 143 227 
747 169 84 
591 163 246 
590 224 186 
560 299 141 
570 254 176 
470 193 337 
667 176 157 
650 230 120 
553 188 259 
571 219 210 
642 208 150 
736 174 90 
676 186 138 
763 51 186 
588 180 232 
721 200 79 
600 157 243 
647 187 166 
618 194 188 
590 175 235 
626 244 130 
523 273 204 
706 170 124 
603 248 149 
614 214 172 
793 138 69 
558 196 246 
756 155 89 
626 200 174 
654 214 132 
580 280 140 
612 195 193 
606 204 190 
597 261 142 
493 220 287 
635 276 89 
591 221 188 
722 168 110 
646 193 161 
611 160 229 
690 215 95 
632 213 155 
550 235 215 
719 185 96 
553 239 208 
749 151 100 
654 195 151 
613 240 147 
644 235 121 
713 241 46 
667 221 112 
618 131 251 
665 155 180 
699 126 175 
592 202 206 
658 217 125 
673 164 163 
699 178 123 
511 223 266 
555 201 244 
608 223 169 
577 225 198 
678 229 93 
563 238 199 
623 170 207 
636 251 113 
631 226 143 
664 209 127 
603 138 259 
660 142 198 
510 193 297 
613 263 124 
582 268 150 
585 274 141 
516 198 286 
610 215 175 
567 240 193 
530 355 115 
671 192 137 
640 194 166 
686 132 182 
658 240 102 
704 204 92 
625 222 153 
519 231 250 
564 257 179 
621 254 125 
701 172 127 
547 167 286 
716 153 131 
553 110 337 
503 263 234 
620 204 176 
690 151 159 
617 250 133 
561 246 193 
588 190 222 
564 224 212 
521 239 240 
660 234 106 
502 267 231 
710 99 191 
476 270 254 
554 270 176 
688 213 99 
577 240 183 
619 272 109 
670 162 168 
738 198 64 
572 187 241 
666 173 161 
592 205 203 
641 185 174 
544 310 146 
670 140 190 
529 249 222 
714 175 111 
657 265 78 
657 188 155 
664 208 128 
700 174 126 
609 236 155 
690 164 146 
512 217 271 
722 205 73 
652 216 132 
526 210 264 
639 201 160 
667 152 181 
628 244 128 
482 261 257 
647 258 95 
528 247 225 
576 297 127 
492 235 273 
605 187 208 
640 221 139 
577 239 184 
636 196 168 
593 261 146 
655 215 130 
679 203 118 
641 223 136 
638 226 136 
568 287 145 
566 281 153 
728 169 103 
689 212 99 
504 177 319 
565 222 213 
625 214 161 
617 226 157 
635 190 175 
665 200 135 
626 172 202 
668 231 101 
606 205 189 
693 169 138 
582 235 183 
677 176 147 
644 268 88 
679 194 127 
587 151 262 
497 244 259 
747 148 105 
557 248 195 
563 198 239 
652 220 128 
525 213 262 
572 236 192 
774 100 126 
648 204 148 
617 243 140 
651 128 221 
555 258 187 
561 259 180 
615 220 165 
639 198 163 
741 179 80 
686 199 115 
677 211 112 
559 231 210 
606 165 229 
685 189 126 
597 195 208 
625 142 233 
485 223 292 
690 225 85 
626 277 97 
596 187 217 
611 261 128 
608 176 216 
573 121 306 
515 192 293 
605 205 190 
621 200 179 
710 156 134 
602 182 216 
626 257 117 
685 207 108 
647 167 186 
586 201 213 
662 161 177 
593 200 207 
601 274 125 
668 241 91 
597 281 122 
563 208 229 
611 142 247 
619 192 189 
604 152 244 
616 209 175 
467 194 339 
528 227 245 
791 146 63 
596 197 207 
610 212 178 
535 347 118 
548 253 199 
493 264 243 
717 224 59 
596 252 152 
609 277 114 
587 148 265 
646 247 107 
563 258 179 
516 135 349 
585 167 248 
642 207 151 
582 270 148 
527 274 199 
569 205 226 
577 174 249 
566 254 180 
717 125 158 
556 249 195 
641 220 139 
520 133 347 
575 157 268 
524 220 256 
681 204 115 
694 164 142 
632 253 115 
653 239 108 
657 266 77 
696 218 86 
578 172 250 
685 197 118 
643 184 173 
670 220 110 
571 188 241 
747 134 119 
604 280 116 
607 232 161 
654 260 86 
532 230 238 
550 213 237 
552 242 206 
525 194 281 
589 162 249 
638 198 164 
589 331 80 
445 227 328 
703 147 150 
683 249 68 
613 243 144 
577 272 151 
633 150 217 
637 229 134 
666 219 115 
662 257 81 
664 189 147 
610 232 158 
533 196 271 
630 173 197 
706 209 85 
735 176 89 
562 178 260 
638 216 146 
578 154 268 
670 174 156 
582 226 192 
486 218 296 
564 276 160 
640 234 126 
585 249 166 
630 189 181 
604 139 257 
676 197 127 
659 222 119 
598 270 132 
630 232 138 
597 215 188 
640 191 169 
663 202 135 
573 155 272 
706 239 55 
644 257 99 
589 258 153 
592 219 189 
734 195 71 
643 151 206 
677 182 141 
589 216 195 
697 159 144 
586 223 191 
615 235 150 
610 239 151 
584 213 203 
671 174 155 
677 183 140 
571 177 252 
555 174 271 
742 190 68 
655 200 145 
647 231 122 
543 182 275 
658 206 136 
641 192 167 
748 142 110 
652 213 135 
663 177 160 
591 219 190 
653 216 131 
564 280 156 
640 189 171 
670 205 125 
649 191 160 
706 163 131 
613 246 141 
610 182 208 
691 192 117 
649 210 141 
625 289 86 
689 137 174 
562 218 220 
592 217 191 
753 156 91 
608 247 145 
687 164 149 
651 144 205 
567 245 188 
757 148 95 
635 176 189 
700 168 132 
543 174 283 
587 236 177 
554 127 319 
542 200 258 
469 209 322 
637 208 155 
493 149 358 
506 195 299 
734 167 99 
617 186 197 
587 218 195 
741 138 121 
532 212 256 
630 154 216 
621 224 155 
517 242 241 
670 157 173 
623 152 225 
701 136 163 
681 203 116 
651 128 221 
505 244 251 
663 215 122 
622 251 127 
600 188 212 
622 207 171 
626 248 126 
703 196 101 
466 176 358 
721 218 61 
533 160 307 
593 228 179 
562 184 254 
562 190 248 
651 196 153 
687 178 135 
594 205 201 
692 208 100 
551 211 238 
688 155 157 
654 160 186 
657 219 124 
533 146 321 
624 200 176 
690 154 156 
631 241 128 
564 193 243 
565 218 217 
591 322 87 
559 217 224 
558 173 269 
594 180 226 
551 138 311 
663 155 182 
503 250 247 
591 217 192 
542 232 226 
563 235 202 
682 166 152 
563 201 236 
668 214 118 
692 180 128 
606 239 155 
709 190 101 
680 193 127 
648 146 206 
501 245 254 
568 252 180 
594 223 183 
682 201 117 
631 203 166 
463 227 310 
526 201 273 
719 209 72 
596 232 172 
607 252 141 
689 193 118 
607 155 238 
712 183 105 
591 169 240 
720 199 81 
637 203 160 
743 146 111 
672 207 121 
564 219 217 
604 277 119 
660 154 186 
690 176 134 
623 168 209 
466 271 263 
632 193 175 
576 221 203 
728 169 103 
520 189 291 
582 188 230 
664 200 136 
634 162 204 
633 156 211 
523 209 268 
567 301 132 
699 164 137 
700 198 102 
601 225 174 
714 162 124 
602 224 174 
661 157 182 
733 177 90 
726 162 112 
587 182 231 
558 258 184 
520 205 275 
714 174 112 
639 208 153 
693 194 113 
604 283 113 
696 184 120 
586 309 105 
632 182 186 
720 149 131 
680 233 87 
600 241 159 
552 161 287 
737 189 74 
568 225 207 
700 195 105 
485 190 325 
719 143 138 
554 167 279 
552 224 224 
532 179 289 
633 226 141 
569 163 268 
693 187 120 
601 191 208 
564 244 192 
529 324 147 
691 236 73 
584 160 256 
657 206 137 
553 216 231 
607 257 136 
688 137 175 
570 215 215 
620 261 119 
545 125 330 
631 165 204 
656 207 137 
561 266 173 
689 142 169 
487 281 232 
708 214 78 
711 200 89 
689 225 86 
654 123 223 
657 190 153 
642 160 198 
604 142 254 
740 170 90 
515 304 181 
549 211 240 
693 175 132 
622 247 131 
669 220 111 
557 214 229 
723 183 94 
616 264 120 
642 167 191 
671 188 141 
635 229 136 
584 217 199 
562 228 210 
623 251 126 
650 267 83 
603 203 194 
628 233 139 
680 180 140 
672 200 128 
659 206 135 
606 135 259 
525 190 285 
617 210 173 
683 183 134 
589 239 172 
582 223 195 
672 222 106 
634 206 160 
625 195 180 
698 131 171 
683 158 159 
575 244 181 
620 209 171 
604 200 196 
650 217 133 
801 137 62 
657 159 184 
586 199 215 
674 208 118 
593 222 185 
711 172 117 
521 187 292 
580 206 214 
565 191 244 
732 191 77 
774 137 89 
726 142 132 
597 220 183 
593 207 200 
602 201 197 
635 215 150 
624 164 212 
766 177 57 
712 166 122 
623 241 136 
610 285 105 
655 200 145 
765 143 92 
700 183 117 
729 115 156 
544 216 240 
735 178 87 
580 225 195 
605 209 186 
531 261 208 
697 195 108 
538 172 290 
715 135 150 
596 214 190 
596 248 156 
581 185 234 
513 220 267 
682 200 118 
552 205 243 
613 233 154 
770 118 112 
658 197 145 
538 284 178 
659 253 88 
607 206 187 
615 172 213 
573 216 211 
542 245 213 
600 247 153 
566 266 168 
617 273 110 
611 271 118 
653 189 158 
588 218 194 
649 196 155 
613 182 205 
617 193 190 
641 188 171 
542 330 128 
602 251 147 
635 132 233 
597 165 238 
686 211 103 
649 267 84 
684 129 187 
681 156 163 
