0 232 29 
0 212 7 
0 147 156 
0 181 96 
0 106 23 
0 205 29 
0 231 10 
0 212 3 
0 209 28 
0 211 17 
0 238 11 
0 136 6 
0 179 4 
0 176 2 
0 255 18 
0 176 3 
0 207 10 
0 157 12 
0 221 15 
0 215 25 
0 195 16 
0 199 43 
0 167 4 
0 179 14 
0 224 3 
0 308 8 
0 167 68 
0 178 46 
0 215 154 
0 287 31 
0 240 4 
0 204 4 
0 161 41 
0 240 11 
0 215 25 
0 203 20 
0 217 38 
0 168 28 
0 219 11 
0 167 30 
0 313 8 
0 263 16 
0 219 16 
0 152 48 
0 134 17 
0 183 43 
0 225 16 
0 284 1 
0 250 14 
0 194 107 
0 226 27 
0 204 2 
0 189 26 
0 255 4 
0 230 1 
0 173 1 
0 235 0 
0 225 25 
0 278 66 
0 210 10 
0 202 9 
0 179 68 
0 171 125 
0 162 13 
0 199 33 
0 227 5 
0 200 35 
0 196 68 
0 142 60 
0 174 13 
0 253 39 
0 212 13 
0 173 3 
0 188 13 
0 244 22 
0 244 10 
0 165 6 
0 232 12 
0 194 13 
0 93 40 
0 220 39 
0 204 122 
0 245 37 
0 191 0 
0 201 65 
0 241 20 
0 198 9 
0 213 2 
0 150 33 
0 145 10 
0 250 13 
0 147 19 
0 221 32 
0 240 42 
0 133 35 
0 227 24 
0 200 24 
0 194 10 
0 182 37 
0 227 13 
0 227 0 
0 267 23 
0 173 12 
0 178 19 
0 259 0 
0 177 24 
0 235 1 
0 212 13 
0 225 7 
0 169 15 
0 228 17 
0 225 32 
0 223 35 
0 200 15 
0 152 19 
0 174 23 
0 173 16 
0 207 58 
0 231 14 
0 177 5 
0 247 9 
0 132 2 
0 245 110 
0 198 6 
0 180 11 
0 214 21 
0 245 0 
0 182 24 
0 173 12 
0 170 63 
0 161 7 
0 195 27 
0 207 20 
0 209 38 
0 237 13 
0 242 34 
0 159 26 
0 196 5 
0 165 0 
0 144 13 
0 203 63 
0 201 23 
0 177 34 
0 225 23 
0 211 12 
0 225 43 
0 179 10 
0 206 23 
0 228 4 
0 167 32 
0 265 2 
0 208 61 
0 247 11 
0 219 2 
0 233 22 
0 188 3 
0 193 18 
0 166 0 
0 213 8 
0 222 18 
0 190 9 
0 231 59 
0 242 43 
0 170 4 
0 207 25 
0 170 34 
0 200 2 
0 194 2 
0 195 3 
0 196 62 
0 256 35 
0 141 3 
0 218 37 
0 185 23 
0 212 16 
0 242 0 
0 198 52 
0 196 20 
0 196 38 
0 274 9 
0 226 14 
0 239 29 
0 211 2 
0 216 0 
0 186 87 
0 171 25 
0 173 33 
0 287 3 
0 176 39 
0 183 13 
0 101 83 
0 222 34 
0 157 33 
0 222 2 
0 195 43 
0 163 6 
0 150 6 
0 298 1 
0 203 16 
0 236 11 
0 196 45 
0 255 14 
0 169 1 
0 201 51 
0 230 14 
0 242 24 
0 204 9 
0 192 29 
0 194 4 
0 237 7 
0 197 3 
0 267 48 
0 246 0 
0 232 11 
0 218 13 
0 252 14 
0 179 39 
0 169 22 
0 227 20 
0 214 21 
0 173 9 
0 236 4 
0 275 7 
0 183 119 
0 267 9 
0 188 15 
0 192 20 
0 129 23 
0 209 9 
0 225 21 
0 217 14 
0 205 39 
0 164 48 
0 209 65 
0 228 6 
0 200 112 
0 177 16 
0 213 5 
0 149 26 
0 215 30 
0 168 4 
0 212 41 
0 150 21 
0 250 20 
0 238 2 
0 205 7 
0 194 61 
0 100 9 
0 252 9 
0 200 91 
0 240 31 
0 164 19 
0 221 3 
0 218 24 
0 190 2 
0 320 38 
0 273 29 
0 158 2 
0 250 26 
0 224 5 
0 234 6 
0 226 12 
0 118 6 
0 133 23 
0 240 21 
0 198 3 
0 267 39 
0 261 4 
0 218 13 
0 168 10 
0 210 26 
0 244 14 
0 244 22 
0 214 45 
0 171 49 
0 197 55 
0 201 17 
0 246 20 
0 246 21 
0 166 9 
0 169 44 
0 137 40 
0 170 69 
0 215 0 
0 266 9 
0 199 13 
0 298 62 
0 224 42 
0 150 54 
0 193 19 
0 190 37 
0 182 7 
0 167 20 
0 195 45 
0 213 7 
0 224 51 
0 211 2 
0 171 38 
0 109 13 
0 233 22 
0 205 33 
0 173 9 
0 180 32 
0 204 15 
0 207 17 
0 148 10 
0 269 20 
0 159 13 
0 317 73 
0 165 29 
0 181 11 
0 174 8 
0 158 11 
0 132 23 
0 140 18 
0 180 10 
0 158 74 
0 223 18 
0 206 9 
0 230 20 
0 208 4 
0 230 17 
0 209 23 
0 245 7 
0 200 29 
0 216 16 
0 172 18 
0 222 4 
0 186 20 
0 212 11 
0 154 21 
0 161 8 
0 177 15 
0 223 24 
0 148 23 
0 195 31 
0 207 5 
0 184 25 
0 191 85 
0 199 12 
0 223 23 
0 209 50 
0 218 14 
0 185 13 
0 191 18 
0 219 42 
0 218 10 
0 207 21 
0 202 40 
0 165 52 
0 208 10 
0 174 32 
0 215 28 
0 226 23 
0 134 75 
0 231 70 
0 250 49 
0 188 11 
0 240 8 
0 185 9 
0 233 27 
0 198 43 
0 202 58 
0 210 0 
0 165 20 
0 205 4 
0 197 9 
0 215 4 
0 188 17 
0 204 22 
0 190 23 
0 181 6 
0 245 1 
0 215 20 
0 163 42 
0 169 3 
0 187 31 
0 266 5 
0 194 72 
0 251 10 
0 156 24 
0 197 1 
0 172 19 
0 242 48 
0 115 41 
0 212 21 
0 220 16 
0 213 9 
0 250 32 
0 162 7 
0 171 41 
0 183 1 
0 170 22 
0 185 2 
0 228 27 
0 286 5 
0 158 8 
0 197 16 
0 240 90 
0 208 6 
0 195 17 
0 177 36 
0 186 12 
0 185 19 
0 149 145 
0 186 2 
0 205 27 
0 223 35 
0 179 2 
0 203 2 
0 236 15 
0 169 17 
0 219 10 
0 230 38 
0 191 25 
0 273 35 
0 231 4 
0 165 7 
0 246 67 
0 163 75 
0 144 32 
0 228 10 
0 176 27 
0 293 28 
0 212 62 
0 223 27 
0 266 10 
0 235 16 
0 231 1 
0 239 30 
0 196 5 
0 194 2 
0 221 8 
0 225 7 
0 198 12 
0 229 13 
0 146 43 
0 226 60 
0 197 1 
0 176 15 
0 216 4 
0 211 4 
0 208 240 
0 209 0 
0 249 6 
0 251 27 
0 171 18 
0 207 1 
0 261 42 
0 153 15 
0 208 21 
0 163 3 
0 233 12 
0 203 17 
0 186 14 
0 201 2 
0 271 5 
0 145 2 
0 187 6 
0 198 10 
0 212 20 
0 174 75 
0 176 7 
0 170 7 
0 214 14 
0 250 6 
0 172 7 
0 168 41 
0 203 9 
0 194 59 
0 195 0 
0 187 2 
0 241 27 
0 198 14 
0 155 10 
0 238 7 
0 166 14 
0 251 15 
0 141 20 
0 310 2 
0 214 19 
0 156 77 
0 216 42 
0 194 15 
0 267 24 
0 246 15 
0 183 7 
0 196 2 
0 201 9 
0 263 6 
0 211 22 
0 219 25 
0 180 24 
0 134 50 
0 169 9 
0 215 13 
0 142 42 
0 232 15 
0 181 17 
0 193 14 
0 168 85 
0 124 13 
0 250 59 
0 185 13 
0 224 36 
0 261 5 
0 159 57 
0 205 36 
0 186 35 
0 295 7 
0 180 0 
0 223 58 
0 191 18 
0 219 19 
0 129 69 
0 231 97 
0 223 19 
0 227 9 
0 206 41 
0 244 25 
0 288 12 
0 245 17 
0 196 7 
0 211 9 
0 249 23 
0 232 12 
0 152 123 
0 139 25 
0 243 17 
0 210 7 
0 144 24 
0 168 17 
0 206 140 
0 179 3 
0 248 4 
0 210 27 
0 144 0 
0 147 11 
0 221 131 
0 133 76 
0 211 40 
0 222 47 
0 182 16 
0 204 23 
0 178 91 
0 218 23 
0 202 27 
0 213 25 
0 211 24 
0 221 16 
0 269 11 
0 270 0 
0 271 0 
0 239 35 
0 228 15 
0 143 35 
0 257 7 
0 201 16 
0 229 8 
0 255 22 
0 273 5 
0 168 4 
0 169 7 
0 197 17 
0 193 8 
0 126 29 
0 227 76 
0 270 35 
0 238 30 
0 150 8 
0 160 12 
0 170 3 
0 266 44 
0 107 3 
0 186 35 
0 187 13 
0 229 15 
0 227 22 
0 135 2 
0 163 16 
0 200 18 
0 148 0 
0 258 2 
0 251 28 
0 249 8 
0 165 10 
0 128 6 
0 224 7 
0 219 37 
0 206 15 
0 176 6 
0 233 38 
0 188 140 
0 215 10 
0 161 47 
0 257 25 
0 214 0 
0 202 39 
0 221 14 
0 135 12 
0 244 30 
0 203 17 
0 221 28 
0 209 9 
0 257 7 
0 257 15 
0 193 71 
0 214 24 
0 152 5 
0 160 25 
0 195 2 
0 238 0 
0 249 5 
0 200 19 
0 270 2 
0 185 32 
0 200 0 
0 262 1 
0 232 22 
0 218 6 
0 272 26 
0 159 7 
0 220 9 
0 194 13 
0 234 48 
0 234 61 
0 186 17 
0 250 19 
0 135 24 
0 196 13 
0 190 53 
0 170 4 
0 161 16 
0 208 57 
0 199 12 
0 207 4 
0 207 29 
0 171 13 
0 262 41 
0 192 198 
0 188 15 
0 159 7 
0 201 18 
0 200 0 
0 145 0 
0 176 10 
0 227 17 
0 215 15 
0 188 2 
0 164 5 
0 223 11 
0 214 17 
0 231 10 
0 192 3 
0 191 3 
0 231 14 
0 250 1 
0 148 24 
0 208 1 
0 213 18 
0 246 6 
0 208 4 
0 149 10 
0 138 0 
0 166 11 
0 256 14 
0 207 5 
0 269 13 
0 112 65 
0 164 2 
0 246 22 
0 217 47 
0 212 7 
0 246 0 
0 196 11 
0 134 168 
0 242 21 
0 238 20 
0 119 87 
0 251 29 
0 158 6 
0 265 17 
0 187 9 
0 184 13 
0 197 2 
0 212 23 
0 195 28 
0 219 15 
0 177 9 
0 175 12 
0 231 4 
0 211 22 
0 189 0 
0 208 12 
0 191 8 
0 207 20 
0 179 34 
0 295 10 
0 179 11 
0 135 15 
0 181 27 
0 155 0 
0 249 6 
0 264 5 
0 222 1 
0 268 29 
0 204 44 
0 223 72 
0 232 0 
0 190 15 
0 270 17 
0 240 0 
0 154 0 
0 235 0 
0 205 8 
0 167 1 
0 140 10 
0 216 4 
0 252 33 
0 116 11 
0 283 19 
0 266 14 
0 194 37 
0 227 0 
0 214 23 
0 241 20 
0 111 0 
0 176 8 
0 251 8 
0 214 55 
0 136 13 
0 178 4 
0 231 14 
0 210 4 
0 164 19 
0 223 0 
0 134 41 
0 232 4 
0 240 5 
0 190 0 
0 233 28 
0 215 0 
0 204 5 
0 264 17 
0 220 7 
0 227 37 
0 239 23 
0 206 43 
0 136 37 
0 225 28 
0 181 17 
0 164 11 
0 163 22 
0 263 52 
0 237 27 
0 199 0 
0 129 11 
0 178 20 
0 257 16 
0 176 32 
0 246 0 
0 220 7 
0 205 5 
0 212 9 
0 210 6 
0 188 24 
0 227 7 
0 220 5 
0 231 9 
0 160 15 
0 259 38 
0 274 21 
0 131 11 
0 309 16 
0 156 6 
0 189 11 
0 232 2 
0 214 3 
0 194 91 
0 251 6 
0 179 25 
0 163 27 
0 222 8 
0 185 1 
0 235 15 
0 195 2 
0 187 19 
0 271 0 
0 173 42 
0 196 52 
0 149 2 
0 228 16 
0 200 48 
0 192 38 
0 228 17 
0 148 39 
0 196 15 
0 170 3 
0 194 7 
0 237 6 
0 189 23 
0 221 38 
0 239 21 
0 192 36 
0 224 32 
0 261 6 
0 207 35 
0 153 1 
0 245 5 
0 234 4 
0 210 4 
0 198 5 
0 194 62 
0 173 26 
0 182 15 
0 266 20 
0 226 7 
0 237 21 
0 226 13 
0 228 20 
0 210 14 
0 205 55 
0 168 4 
0 195 4 
0 242 2 
0 163 37 
0 196 49 
0 245 9 
0 183 40 
0 171 64 
0 223 9 
0 183 6 
0 234 8 
0 155 0 
0 204 7 
0 255 31 
0 232 37 
0 126 31 
0 159 0 
0 149 12 
0 221 62 
0 162 41 
0 235 30 
0 147 8 
0 227 14 
0 291 3 
0 242 0 
0 258 1 
0 144 0 
0 223 3 
0 229 20 
0 184 18 
0 139 155 
0 210 58 
0 158 54 
0 286 63 
0 235 57 
0 220 13 
0 170 16 
0 197 37 
0 170 6 
0 177 0 
0 190 22 
0 207 13 
0 227 12 
0 155 98 
0 186 72 
0 157 9 
0 203 11 
0 237 35 
0 221 8 
0 236 11 
0 255 12 
0 206 39 
0 186 19 
0 206 35 
0 193 4 
0 147 41 
0 212 20 
0 185 1 
0 235 25 
0 279 47 
0 171 17 
0 227 35 
0 179 4 
0 211 45 
0 192 4 
0 194 1 
0 200 31 
0 222 56 
0 168 4 
0 223 11 
0 241 20 
0 247 46 
0 194 55 
0 213 12 
0 169 35 
0 148 7 
0 167 15 
0 193 56 
0 233 10 
0 198 0 
0 198 7 
0 315 25 
0 228 31 
0 206 12 
0 224 10 
0 200 69 
0 215 22 
0 232 14 
0 236 12 
0 222 6 
0 163 30 
0 215 7 
0 225 9 
0 164 22 
0 230 32 
0 149 37 
0 213 11 
0 228 6 
0 224 9 
0 206 27 
0 244 12 
0 235 8 
0 208 38 
0 231 8 
0 255 29 
0 242 41 
0 208 94 
0 276 16 
0 193 44 
0 248 23 
0 216 14 
0 172 2 
0 259 7 
0 187 11 
0 191 11 
0 206 7 
0 247 7 
0 207 12 
0 196 0 
0 231 96 
0 185 8 
0 184 7 
0 198 19 
0 214 49 
0 233 17 
0 219 20 
0 188 1 
0 147 2 
0 178 13 
0 203 42 
0 202 78 
0 201 24 
0 224 47 
0 204 4 
0 158 15 
0 206 4 
0 217 26 
0 191 10 
0 220 27 
0 253 56 
0 188 67 
0 166 9 
0 257 15 
0 208 14 
0 230 65 
0 209 5 
0 175 19 
0 180 34 
0 277 38 
0 185 12 
0 163 12 
0 253 50 
0 181 44 
0 311 12 
0 200 53 
0 203 14 
0 174 13 
0 198 17 
0 238 2 
0 214 5 
0 221 10 
0 152 4 
0 208 10 
0 180 14 
0 222 15 
0 190 61 
0 134 1 
0 256 3 
0 217 36 
0 217 17 
0 205 16 
0 195 12 
0 207 18 
0 203 5 
0 204 44 
0 204 12 
0 168 69 
0 222 11 
