72 136 28 0 0 
156 178 81 0 0 
145 228 24 0 0 
112 244 31 0 0 
198 229 83 0 0 
64 268 49 0 0 
117 146 2 0 0 
28 184 121 0 0 
215 238 20 0 0 
56 197 64 0 0 
134 215 29 10 0 
72 358 151 0 0 
57 216 48 0 6 
148 302 145 0 0 
148 200 23 32 0 
129 209 37 0 0 
207 134 165 0 0 
126 269 66 8 0 
47 268 47 3 0 
177 171 14 0 0 
199 278 18 0 0 
150 169 34 0 0 
172 284 55 0 0 
176 196 101 0 0 
76 196 123 8 0 
173 239 84 0 0 
98 245 14 0 0 
74 179 145 0 0 
83 346 77 0 0 
82 155 114 0 0 
202 313 21 0 0 
170 287 20 0 0 
150 231 51 0 0 
250 89 52 0 0 
178 203 60 0 0 
120 364 72 0 0 
201 115 93 0 0 
16 206 51 0 0 
113 127 20 0 0 
53 235 68 0 0 
238 230 8 0 0 
118 232 36 0 0 
98 271 28 0 0 
69 136 39 0 0 
46 211 97 0 0 
141 256 31 0 0 
236 198 77 0 0 
165 182 44 0 0 
134 187 62 0 0 
183 146 62 0 0 
238 116 0 2 0 
111 196 152 0 0 
139 158 175 4 0 
100 238 86 0 0 
155 207 12 0 0 
128 214 81 0 0 
173 194 72 0 0 
241 185 109 0 0 
130 263 42 0 0 
267 204 23 0 0 
166 134 61 6 0 
63 197 116 0 0 
71 212 60 0 0 
134 319 4 0 0 
57 395 57 0 0 
112 211 120 0 0 
88 137 166 0 0 
107 306 110 0 0 
342 178 30 0 0 
73 196 93 2 0 
42 291 29 0 0 
84 181 38 0 0 
233 234 53 0 0 
131 111 43 10 0 
86 190 53 12 0 
89 167 73 0 0 
156 204 25 72 0 
154 83 120 0 0 
77 234 52 0 0 
201 107 41 0 0 
228 227 19 0 0 
124 176 78 1 0 
143 232 101 34 0 
134 257 19 0 0 
47 301 104 0 0 
76 106 56 11 0 
224 189 53 0 0 
168 107 74 0 0 
89 185 60 0 0 
66 214 55 0 0 
127 170 21 5 0 
143 225 158 0 0 
88 184 67 0 0 
124 168 22 0 0 
89 162 51 1 0 
68 276 53 0 0 
183 184 11 19 0 
360 113 18 0 0 
270 139 84 0 0 
243 260 48 15 0 
97 273 38 3 0 
118 97 7 0 0 
92 148 92 0 0 
97 347 76 0 0 
43 348 62 2 0 
105 213 37 0 0 
220 302 65 0 0 
84 298 34 0 0 
163 223 29 0 0 
121 186 45 0 0 
74 131 80 0 0 
121 108 205 0 0 
231 253 10 0 0 
165 245 52 14 0 
25 426 69 0 0 
190 241 27 0 0 
123 195 56 27 0 
194 197 69 0 0 
124 321 126 0 0 
147 176 13 2 0 
171 149 18 0 0 
179 385 40 0 0 
181 207 42 0 0 
95 181 108 0 0 
42 260 116 0 0 
165 103 27 7 0 
134 190 51 0 0 
136 266 7 0 0 
183 170 49 0 0 
98 263 35 20 0 
102 186 173 4 0 
143 159 98 0 0 
170 142 43 26 0 
87 196 40 0 0 
81 282 22 0 0 
68 145 109 0 0 
105 240 39 0 0 
25 182 5 0 0 
90 214 83 0 0 
73 270 78 0 0 
140 270 80 0 0 
113 165 184 0 0 
175 219 23 1 0 
174 113 42 32 0 
41 168 93 0 0 
92 115 104 0 0 
133 400 38 0 0 
99 280 61 116 0 
89 154 68 0 0 
100 96 24 0 0 
160 120 140 0 0 
132 151 27 0 0 
96 172 65 0 0 
93 188 54 0 0 
75 184 88 46 0 
60 229 114 1 0 
32 161 2 33 0 
165 205 29 0 0 
94 254 33 10 0 
98 420 33 0 0 
93 257 13 0 0 
148 250 46 2 0 
84 119 29 0 0 
69 269 48 9 0 
173 141 59 0 0 
196 250 1 0 0 
90 232 80 0 0 
126 213 63 0 0 
120 219 108 0 0 
63 253 45 25 0 
154 183 92 0 0 
164 238 12 0 0 
371 156 10 22 0 
235 269 23 0 0 
132 367 132 4 0 
97 232 5 0 0 
80 190 125 0 0 
100 176 152 2 0 
155 230 73 18 0 
146 253 76 0 0 
203 182 30 0 0 
206 239 51 1 0 
140 137 106 0 0 
144 165 145 0 0 
112 154 108 1 0 
154 318 24 0 0 
142 141 36 0 0 
113 405 1 0 0 
75 130 86 23 0 
36 251 39 9 0 
91 232 22 9 0 
66 222 58 0 0 
279 205 26 0 0 
80 169 130 0 0 
49 112 81 1 0 
97 212 24 0 0 
282 116 86 0 0 
210 341 34 0 0 
238 111 33 0 0 
211 98 52 0 0 
134 284 92 0 0 
140 214 48 16 0 
101 176 44 0 0 
169 269 49 4 0 
91 283 184 0 0 
153 180 36 0 0 
136 203 27 0 0 
82 227 58 79 0 
94 286 60 0 0 
60 282 45 0 0 
172 266 60 0 0 
190 182 49 0 0 
134 252 28 0 0 
28 200 145 2 0 
21 280 108 0 0 
198 207 13 0 0 
119 117 47 0 0 
110 227 4 0 0 
166 369 12 0 0 
212 355 23 0 0 
180 118 112 0 0 
30 267 70 0 0 
237 216 89 0 0 
149 258 14 0 0 
160 247 28 0 0 
174 283 27 0 0 
228 188 62 22 0 
153 209 32 0 0 
182 116 19 2 0 
126 156 67 0 0 
145 256 151 10 0 
116 134 23 0 0 
22 161 68 9 0 
38 214 31 0 0 
97 256 46 0 0 
111 131 6 0 0 
158 145 22 0 0 
79 138 47 0 0 
107 232 53 22 0 
135 151 87 0 0 
61 134 70 1 0 
298 192 95 0 0 
201 117 34 2 0 
97 188 56 1 0 
235 148 15 0 0 
84 252 35 4 0 
98 170 37 10 0 
130 212 46 0 0 
21 207 101 0 0 
94 129 82 0 0 
99 251 107 0 0 
118 222 145 0 0 
208 225 71 11 0 
84 207 40 0 0 
228 221 20 0 0 
183 150 73 0 0 
135 293 58 0 0 
91 98 74 15 0 
134 250 58 0 0 
94 234 46 0 0 
105 235 49 0 0 
54 204 47 0 0 
155 147 19 7 0 
52 293 29 0 0 
161 218 29 0 0 
81 343 52 0 0 
62 178 175 0 0 
148 118 91 6 0 
55 358 47 0 0 
179 221 85 1 0 
113 285 26 9 0 
80 149 134 0 0 
161 122 25 0 0 
44 272 43 0 0 
257 204 64 0 0 
99 184 45 6 0 
32 192 3 0 0 
216 221 10 0 0 
236 125 36 0 0 
147 253 77 0 0 
94 191 82 0 0 
85 191 5 5 0 
170 229 73 13 0 
94 215 34 0 0 
65 162 54 78 0 
76 297 54 0 0 
97 279 107 0 0 
94 336 8 0 0 
94 162 43 0 0 
168 202 4 0 0 
115 232 80 0 0 
78 226 27 0 0 
142 186 54 0 0 
193 126 83 0 0 
62 168 74 0 0 
82 185 91 0 0 
84 351 15 0 0 
148 246 87 1 0 
49 108 34 2 0 
75 325 93 0 0 
210 141 39 0 0 
169 228 44 0 0 
54 233 36 6 0 
62 435 35 14 0 
159 180 72 0 0 
89 275 110 33 0 
75 366 136 0 0 
249 184 56 0 0 
49 214 74 3 0 
177 118 91 0 0 
205 158 33 0 0 
213 276 17 0 0 
126 153 134 0 0 
231 93 39 3 0 
151 216 77 0 0 
143 110 48 21 0 
79 288 124 0 0 
77 196 25 0 0 
158 232 59 0 0 
178 375 76 0 0 
53 292 12 0 0 
114 282 64 0 0 
89 212 75 0 0 
210 259 136 0 0 
49 175 50 19 0 
112 178 48 0 0 
273 220 21 0 0 
112 297 0 0 0 
81 207 70 0 0 
231 206 10 0 0 
41 186 125 0 0 
38 101 28 0 0 
130 237 53 0 0 
228 241 41 6 0 
71 266 32 0 0 
206 225 30 0 0 
90 203 183 0 0 
168 251 61 0 0 
107 158 170 0 0 
75 114 73 0 0 
127 178 12 0 0 
190 105 8 0 0 
73 140 58 0 0 
32 344 60 0 0 
103 206 73 5 0 
206 114 30 2 0 
87 221 66 1 0 
60 283 145 0 0 
32 240 35 0 0 
46 260 54 0 0 
88 241 115 33 0 
87 249 30 17 0 
120 142 7 0 0 
81 160 60 0 0 
166 121 32 0 0 
87 190 6 18 0 
120 193 97 0 0 
121 118 90 4 0 
113 144 68 19 0 
97 199 86 0 0 
168 240 23 0 0 
242 93 72 0 0 
123 190 92 0 0 
69 332 31 0 0 
126 284 9 0 0 
121 123 33 0 0 
70 199 196 0 0 
131 166 14 3 0 
126 274 5 0 0 
98 192 92 0 0 
115 222 131 0 0 
72 277 48 0 0 
89 127 58 0 0 
55 149 186 8 0 
138 177 69 0 0 
97 173 115 0 0 
61 149 140 3 0 
259 192 35 3 0 
141 146 26 0 0 
225 253 66 0 0 
175 159 17 4 0 
195 133 62 0 0 
201 162 27 0 0 
136 177 160 0 0 
226 134 44 0 0 
180 76 72 22 0 
171 121 36 0 0 
113 307 6 0 0 
80 167 57 0 0 
99 183 160 0 0 
123 314 24 0 0 
74 139 87 0 0 
85 219 86 0 0 
145 193 45 0 0 
110 183 33 0 0 
74 282 50 0 0 
100 260 17 0 0 
104 165 39 3 0 
97 286 38 0 0 
191 221 84 0 0 
185 286 77 0 0 
76 96 167 0 0 
146 290 57 0 0 
105 296 58 0 0 
294 202 50 0 0 
181 232 39 0 0 
154 152 29 0 0 
172 268 51 0 0 
64 143 154 4 0 
57 310 40 0 0 
53 185 25 0 0 
143 152 0 0 0 
105 136 79 8 0 
116 137 75 6 0 
131 310 30 0 0 
163 85 28 0 0 
168 255 30 0 0 
261 336 31 0 0 
53 155 108 1 0 
39 404 152 0 0 
132 381 7 1 0 
151 145 81 0 0 
324 201 51 0 0 
106 268 48 6 0 
304 175 16 0 0 
43 310 90 0 0 
145 217 84 0 0 
90 231 30 0 0 
84 248 72 0 0 
162 189 23 23 0 
136 252 60 33 0 
121 248 76 0 0 
149 162 56 5 0 
143 131 58 7 0 
207 243 44 0 0 
179 316 31 0 0 
160 244 29 0 0 
77 175 34 1 0 
211 116 94 3 0 
148 151 156 4 0 
108 228 46 0 0 
144 199 51 0 0 
58 163 45 0 0 
138 224 76 0 0 
85 229 46 0 0 
127 181 65 2 0 
182 268 47 0 0 
98 121 37 0 0 
115 242 10 0 0 
232 171 80 0 0 
169 368 55 1 0 
160 257 24 1 0 
72 349 43 0 0 
58 294 87 0 0 
192 244 50 0 0 
102 233 126 10 0 
152 221 47 0 0 
196 220 56 0 0 
177 229 52 0 0 
125 175 2 0 0 
195 158 15 0 0 
57 436 47 0 0 
185 155 134 0 0 
91 309 3 0 0 
51 156 60 0 0 
136 97 179 0 0 
133 232 110 0 0 
144 160 64 5 0 
142 218 36 0 0 
117 119 90 0 0 
31 153 72 0 0 
138 295 19 0 0 
98 224 60 14 0 
188 388 32 0 0 
104 207 74 0 0 
40 287 57 0 0 
202 237 12 0 0 
113 232 64 0 0 
81 232 139 23 0 
158 103 48 0 0 
244 241 89 0 0 
138 193 86 34 0 
144 206 71 0 0 
166 196 50 0 0 
93 239 109 0 0 
88 368 10 0 0 
122 357 20 0 0 
296 279 25 0 0 
111 272 47 10 0 
239 279 38 0 0 
336 180 33 0 0 
159 172 18 0 0 
60 144 83 0 0 
63 103 80 7 0 
146 211 39 0 0 
138 256 32 0 0 
71 128 57 1 0 
100 162 89 0 0 
107 269 113 0 0 
197 246 85 0 0 
198 108 82 0 0 
112 285 48 1 0 
256 278 41 0 0 
77 198 114 7 0 
116 305 84 0 0 
182 165 64 0 0 
285 98 31 0 0 
209 110 25 33 0 
303 207 55 0 0 
76 208 141 0 0 
115 190 38 26 0 
175 342 69 1 0 
116 211 95 0 0 
32 151 201 0 0 
114 214 46 0 0 
57 243 26 0 0 
106 258 12 0 0 
178 259 28 0 0 
125 250 23 0 0 
164 229 87 0 0 
193 218 48 0 0 
189 326 30 0 0 
161 160 17 0 0 
109 293 121 0 0 
69 201 29 0 0 
83 233 22 0 0 
182 173 44 0 0 
254 280 5 0 0 
115 172 93 0 0 
112 217 32 0 0 
90 244 101 0 0 
129 220 81 2 0 
26 248 0 0 0 
289 184 17 0 0 
72 305 140 0 0 
46 335 88 0 0 
73 215 75 11 0 
64 213 63 0 0 
72 414 15 0 0 
170 167 14 30 0 
99 261 53 2 0 
115 205 36 0 0 
199 261 56 0 0 
95 239 19 0 0 
141 232 82 15 0 
59 188 37 1 0 
204 217 35 1 0 
102 255 192 0 0 
186 282 58 0 0 
175 272 36 0 0 
70 298 62 0 0 
147 130 40 0 0 
66 285 69 0 0 
50 211 48 0 0 
171 90 155 0 0 
134 138 50 19 0 
38 197 74 8 0 
107 154 76 1 0 
202 284 50 8 0 
54 243 38 8 0 
130 233 39 0 0 
60 235 48 0 0 
113 153 84 42 0 
52 207 47 0 0 
106 238 40 0 0 
47 211 64 0 0 
152 216 67 0 0 
146 199 67 21 0 
81 273 15 25 0 
143 132 50 21 0 
208 222 32 0 0 
127 269 10 0 0 
81 191 65 0 0 
143 282 48 0 0 
123 149 28 9 0 
135 151 21 0 0 
20 221 135 0 0 
21 263 33 0 0 
308 84 23 0 0 
95 216 63 0 0 
151 206 86 0 0 
119 229 95 5 0 
184 248 2 0 0 
139 221 114 0 0 
158 287 54 0 0 
82 284 157 2 0 
137 236 34 0 0 
102 194 25 0 0 
97 196 77 0 0 
187 185 13 0 0 
249 180 21 1 0 
222 282 108 0 0 
102 224 48 16 0 
70 310 28 12 0 
128 153 88 0 0 
87 209 109 0 0 
208 217 15 0 0 
103 207 106 0 0 
110 464 8 0 0 
215 233 12 1 0 
95 202 21 0 0 
85 289 114 5 0 
115 103 35 1 0 
214 98 30 0 0 
219 273 11 0 0 
170 204 71 7 0 
83 201 58 0 0 
39 312 66 2 0 
46 172 64 5 0 
59 223 76 0 0 
139 265 52 0 0 
94 227 150 0 0 
119 171 40 0 0 
174 345 47 0 0 
81 258 43 15 0 
154 244 17 0 0 
85 128 56 0 0 
113 243 70 0 0 
298 82 102 0 0 
137 247 50 0 0 
39 221 107 3 0 
148 195 63 0 0 
164 210 47 0 0 
162 180 9 0 0 
127 195 59 6 0 
72 138 50 0 0 
141 274 43 0 0 
68 177 134 0 0 
151 219 23 1 0 
107 152 120 0 0 
144 221 93 0 0 
189 185 8 10 0 
116 277 98 20 0 
85 230 7 0 0 
91 252 146 0 0 
116 220 15 18 0 
157 263 27 14 0 
68 278 46 0 0 
127 138 110 0 0 
182 270 7 37 0 
101 338 23 8 0 
160 166 31 0 0 
89 175 109 0 0 
146 108 29 0 0 
65 134 109 1 0 
148 225 45 16 0 
139 243 13 0 0 
94 220 74 11 0 
133 186 137 0 0 
50 264 45 0 0 
176 245 47 0 0 
76 219 83 0 0 
167 288 6 4 0 
248 170 48 0 0 
88 220 79 38 0 
110 247 97 0 0 
132 169 63 4 0 
148 194 33 18 0 
92 223 50 8 0 
216 173 16 0 0 
139 195 155 0 0 
4 486 81 0 0 
83 195 153 0 0 
200 172 38 7 0 
135 300 5 0 0 
268 83 28 30 0 
110 165 133 0 0 
59 99 113 0 0 
193 230 82 64 0 
120 275 48 0 0 
240 261 28 0 0 
102 221 109 0 0 
123 263 32 0 0 
168 133 55 6 0 
74 247 26 0 0 
202 261 31 0 0 
86 200 8 11 0 
161 262 7 3 0 
142 194 25 0 0 
165 222 30 0 0 
179 126 62 0 0 
48 234 120 0 0 
161 218 66 0 0 
151 245 47 12 0 
221 161 58 0 0 
113 98 15 0 0 
92 283 35 1 0 
89 265 51 0 0 
180 241 29 0 0 
123 270 54 10 0 
29 203 203 0 0 
222 262 59 0 0 
131 159 67 5 0 
145 229 18 0 0 
109 305 29 0 0 
185 209 35 0 0 
154 265 63 0 0 
60 294 28 0 0 
142 258 57 0 0 
152 151 83 0 0 
22 289 71 0 0 
223 246 8 0 0 
121 309 8 0 0 
154 143 59 16 0 
146 195 100 0 0 
101 277 46 9 0 
45 479 87 0 0 
147 141 171 0 0 
137 198 268 0 0 
130 245 99 10 0 
127 129 59 0 0 
97 349 19 0 0 
169 247 13 6 0 
20 189 80 2 0 
39 158 124 0 0 
247 104 37 0 0 
131 304 15 0 0 
144 359 15 6 0 
149 276 12 0 0 
52 324 76 13 0 
178 268 19 0 0 
50 298 61 7 0 
63 254 74 0 0 
27 170 118 0 0 
179 198 16 0 0 
193 171 14 1 0 
201 187 26 14 0 
96 160 153 0 0 
70 315 79 0 0 
112 232 132 0 0 
202 205 79 0 0 
151 210 63 0 0 
83 235 51 6 0 
118 155 141 3 0 
155 177 47 0 0 
46 245 43 0 0 
107 126 1 0 0 
179 222 51 2 0 
197 107 73 0 0 
89 248 71 0 0 
99 275 95 0 0 
187 182 78 0 0 
116 229 145 2 0 
207 177 67 0 0 
8 235 68 0 0 
141 206 87 0 0 
60 156 145 0 0 
0 321 57 0 0 
144 36 15 0 0 
65 227 105 0 0 
75 175 37 6 0 
51 299 25 0 0 
96 211 15 9 0 
175 208 14 0 0 
130 187 171 0 0 
227 156 91 0 0 
169 173 85 0 0 
73 186 39 0 0 
166 285 10 0 0 
70 296 12 0 0 
72 193 39 0 0 
84 166 102 0 0 
176 157 4 0 0 
89 346 87 0 0 
133 234 96 11 0 
224 233 67 0 0 
140 126 42 0 0 
63 149 91 0 0 
193 234 39 0 0 
97 128 39 0 0 
86 164 128 0 0 
164 234 63 0 0 
68 223 137 0 0 
288 183 0 0 0 
220 273 23 1 0 
137 137 126 0 0 
110 137 29 0 0 
101 316 81 6 0 
197 212 43 0 0 
155 141 98 0 0 
106 169 85 0 0 
233 108 4 0 0 
131 210 23 0 0 
157 177 86 0 0 
101 231 40 1 0 
133 144 90 0 0 
97 140 98 0 0 
242 277 10 1 0 
153 154 60 0 0 
175 261 61 0 0 
75 284 46 5 0 
95 254 35 0 0 
137 118 0 0 0 
116 337 19 0 0 
69 285 76 5 0 
64 319 25 0 0 
118 282 143 0 0 
66 192 165 18 0 
103 191 35 0 0 
138 157 56 2 0 
51 253 35 32 0 
157 282 14 0 0 
125 220 51 0 0 
137 228 34 0 0 
37 293 41 0 0 
100 204 38 0 0 
112 257 151 2 0 
61 182 84 3 0 
90 248 30 0 0 
120 220 59 0 0 
82 209 51 2 0 
94 177 43 0 0 
303 212 95 0 0 
158 163 53 0 0 
158 114 22 14 0 
302 223 77 0 0 
123 222 70 0 0 
165 256 40 0 0 
127 348 19 18 0 
50 208 88 2 38 
34 183 158 0 0 
127 260 8 14 0 
171 245 127 0 0 
120 116 61 5 0 
243 280 103 0 0 
172 177 14 0 0 
93 137 15 37 0 
72 219 103 0 0 
89 149 95 0 0 
96 168 27 0 0 
184 231 34 0 0 
94 186 27 3 0 
191 205 32 1 0 
256 200 33 0 0 
149 320 7 0 0 
278 262 51 0 0 
38 293 64 0 0 
118 240 17 0 0 
48 215 77 0 0 
143 118 75 0 0 
134 168 67 0 0 
33 178 14 5 0 
97 201 23 0 0 
55 322 19 0 0 
127 252 50 0 0 
88 393 58 0 0 
106 169 62 20 0 
184 204 49 25 0 
148 146 38 3 0 
168 252 21 2 0 
106 285 17 14 0 
335 100 39 3 0 
147 107 17 0 0 
142 252 12 0 0 
103 235 46 16 0 
314 118 35 15 0 
93 202 68 3 0 
82 288 47 0 0 
161 275 85 0 0 
102 276 47 0 0 
96 132 9 0 0 
49 141 47 0 0 
164 223 57 0 0 
160 223 102 0 0 
102 239 115 0 0 
107 174 101 0 0 
195 196 39 8 0 
215 170 106 0 0 
77 79 83 0 0 
172 164 70 0 0 
209 180 43 0 0 
122 218 45 0 0 
172 266 59 0 0 
8 353 76 12 0 
101 197 68 0 0 
157 239 61 0 0 
66 173 37 32 0 
80 156 7 0 0 
128 182 84 0 0 
95 205 142 0 0 
157 115 68 57 0 
63 227 30 0 0 
156 107 28 0 0 
79 215 24 0 0 
194 334 62 0 0 
114 200 75 16 0 
175 167 63 0 0 
66 228 32 0 0 
149 184 99 0 0 
245 166 24 0 0 
65 293 51 0 0 
176 206 23 0 0 
121 173 178 1 0 
126 148 77 0 0 
98 256 19 4 0 
74 168 95 0 0 
126 135 24 0 0 
80 205 57 34 0 
107 289 110 0 0 
149 199 0 3 0 
207 217 14 0 0 
123 171 50 2 0 
170 92 24 0 0 
191 184 73 2 0 
146 91 66 0 0 
249 297 55 0 0 
202 128 36 0 0 
27 143 16 0 0 
159 252 65 0 0 
159 167 170 0 0 
105 149 120 0 0 
43 225 50 0 0 
130 130 78 0 0 
151 236 67 0 0 
123 258 23 0 0 
26 156 204 0 0 
130 161 84 8 0 
117 251 45 0 0 
64 174 26 0 0 
120 158 73 50 0 
89 153 21 0 0 
177 202 12 0 0 
64 312 85 0 0 
180 300 133 0 0 
129 207 30 0 0 
106 263 165 0 0 
93 198 22 27 0 
280 223 32 0 0 
127 129 8 0 0 
99 102 61 0 0 
132 217 56 0 0 
151 163 81 1 0 
103 222 155 0 0 
85 169 16 0 0 
217 153 17 32 0 
137 246 23 11 0 
231 265 37 0 0 
185 193 75 0 0 
138 246 45 0 0 
145 164 38 0 0 
99 221 44 0 0 
183 193 8 0 0 
107 97 105 0 0 
32 144 58 0 0 
161 165 72 1 0 
126 294 112 1 0 
96 96 78 0 0 
87 134 82 0 0 
95 133 71 0 0 
125 145 157 0 0 
181 168 28 0 0 
126 116 38 0 0 
88 288 25 0 0 
101 188 89 0 0 
121 200 15 0 0 
216 296 4 0 0 
127 236 137 0 0 
78 205 31 0 0 
142 284 29 5 0 
177 203 33 0 0 
210 168 91 0 0 
127 137 41 0 0 
111 279 13 0 0 
107 225 108 0 0 
111 215 16 6 0 
75 333 46 0 0 
11 200 101 0 0 
115 290 89 0 0 
125 256 49 0 0 
140 250 29 1 0 
122 147 26 0 0 
228 163 12 0 0 
37 316 100 2 0 
252 257 73 0 0 
47 332 54 0 0 
128 237 215 0 0 
159 183 67 0 0 
158 282 2 0 0 
157 138 31 0 0 
44 182 26 1 0 
152 417 27 32 0 
223 258 7 0 0 
104 268 12 0 0 
110 156 31 0 0 
94 128 113 0 0 
127 240 33 0 0 
159 332 16 6 0 
182 233 65 30 0 
87 210 101 9 0 
85 142 10 0 0 
148 226 16 0 0 
131 204 33 0 0 
67 234 116 24 0 
273 304 22 0 0 
171 233 9 0 0 
162 292 64 0 0 
114 219 40 2 0 
81 238 63 1 0 
154 113 19 0 0 
61 306 63 0 0 
