0 75 368 57 0 
0 20 471 0 0 
1 25 263 52 0 
0 56 332 37 0 
1 19 346 16 0 
0 42 282 105 0 
0 110 303 88 0 
0 6 442 27 0 
0 37 250 222 0 
1 42 407 17 0 
1 2 340 86 0 
0 105 261 21 0 
0 29 323 42 0 
2 46 295 52 0 
1 9 375 15 0 
1 41 240 15 0 
0 81 195 50 0 
0 41 351 5 0 
0 23 467 13 0 
0 73 353 27 0 
0 11 285 93 0 
3 35 288 96 0 
0 26 305 32 0 
0 41 332 29 0 
0 20 238 12 0 
0 24 349 19 0 
0 26 344 35 0 
0 76 297 5 0 
0 51 315 54 0 
0 5 512 36 0 
1 33 392 25 0 
0 18 258 85 0 
5 124 259 28 0 
0 6 316 51 0 
0 7 228 23 0 
0 63 321 21 0 
0 8 384 44 0 
0 51 465 49 0 
0 16 271 33 0 
8 47 348 36 0 
0 81 419 24 0 
3 17 389 22 0 
1 4 301 34 0 
3 13 260 18 0 
0 64 237 63 0 
1 2 252 33 0 
1 29 326 7 0 
1 75 391 54 0 
1 0 390 56 0 
2 54 410 3 0 
0 11 424 21 0 
0 6 334 34 0 
0 39 334 20 0 
0 2 313 10 0 
2 20 292 26 0 
0 22 359 37 0 
4 25 195 25 0 
0 66 398 36 0 
1 88 437 33 0 
0 12 340 120 0 
0 10 348 14 0 
0 5 355 34 0 
1 7 398 2 0 
0 54 311 19 0 
0 32 324 73 0 
0 27 298 32 0 
0 57 335 12 0 
0 27 405 12 0 
0 4 386 25 0 
0 1 404 33 0 
0 48 323 37 0 
1 12 346 25 0 
0 42 303 0 0 
0 65 311 37 0 
0 42 358 1 0 
0 57 330 50 0 
0 16 329 47 0 
1 38 177 46 0 
0 33 243 5 0 
2 31 311 5 0 
0 4 347 3 0 
0 9 225 159 0 
0 23 287 30 0 
3 68 311 69 0 
0 13 408 64 0 
0 84 327 37 0 
0 51 346 16 0 
0 16 413 16 0 
0 38 312 40 0 
0 22 351 11 0 
0 87 358 19 0 
0 59 339 23 0 
0 10 230 16 0 
2 22 240 133 0 
0 14 279 31 0 
0 27 378 31 0 
0 45 347 43 0 
0 5 285 23 0 
0 16 232 6 0 
0 50 409 9 0 
0 71 399 7 0 
1 18 350 21 0 
0 17 319 20 0 
0 39 312 59 0 
1 79 230 62 0 
0 30 418 42 0 
0 71 411 7 0 
2 25 312 81 0 
0 62 383 5 0 
1 23 351 49 0 
0 15 350 40 0 
0 13 374 25 0 
0 1 319 51 0 
0 49 310 13 0 
0 97 159 69 0 
1 4 336 5 0 
0 26 356 7 0 
0 22 313 44 0 
0 36 350 18 0 
0 29 273 1 0 
0 17 351 50 0 
1 67 374 9 0 
0 47 389 36 0 
7 48 431 61 0 
0 30 356 17 0 
5 63 286 34 0 
0 75 383 31 0 
0 5 378 39 0 
7 10 252 44 0 
1 33 263 2 0 
1 4 249 87 0 
0 77 367 13 0 
0 22 250 83 0 
3 13 369 22 0 
3 75 299 7 4 
0 72 384 29 0 
0 9 516 39 0 
0 23 388 58 0 
1 81 344 58 0 
0 17 316 3 0 
2 22 264 43 0 
0 32 296 59 0 
5 58 288 24 0 
0 36 248 18 0 
0 40 328 5 0 
0 25 246 64 0 
0 29 381 12 0 
0 52 386 75 0 
0 42 388 70 0 
9 21 344 15 0 
1 25 393 2 0 
0 84 200 84 0 
0 15 298 47 0 
2 11 379 17 0 
0 1 441 44 0 
2 39 419 2 0 
5 105 270 34 0 
3 21 429 33 0 
3 57 321 103 0 
0 56 222 67 0 
0 4 225 64 0 
0 24 297 44 0 
14 36 268 8 0 
0 15 312 44 0 
0 35 249 3 0 
0 90 378 34 0 
0 43 553 34 0 
0 45 392 21 0 
0 34 274 17 0 
0 71 314 24 0 
0 12 317 29 0 
0 17 370 103 0 
2 18 261 39 0 
0 81 243 23 0 
0 42 304 45 0 
0 74 338 22 0 
1 32 360 3 0 
0 86 340 0 0 
0 1 401 62 0 
4 28 374 93 0 
0 118 253 16 0 
0 215 429 40 0 
0 53 381 7 0 
0 63 364 52 0 
0 22 313 62 0 
1 64 325 44 0 
0 66 209 10 0 
0 55 463 3 0 
5 88 323 11 0 
0 13 524 48 0 
0 36 406 22 0 
0 17 362 42 0 
0 50 267 4 0 
0 21 283 3 0 
0 42 264 50 0 
1 31 278 46 0 
0 13 354 3 0 
0 88 454 31 0 
0 1 378 20 0 
0 36 335 22 0 
2 36 322 19 0 
0 23 412 13 0 
0 11 320 14 0 
2 103 491 19 0 
0 76 398 61 0 
0 24 260 83 0 
0 3 437 42 0 
0 10 311 96 0 
0 18 323 30 0 
0 2 472 24 0 
1 38 430 39 0 
7 41 346 4 0 
0 25 306 37 0 
1 97 339 31 0 
1 68 321 37 0 
0 37 459 53 0 
0 16 335 71 0 
0 33 293 24 0 
1 35 349 43 0 
0 5 236 7 0 
0 45 430 9 0 
2 111 361 8 0 
0 45 245 85 0 
1 63 343 4 0 
0 11 359 69 0 
0 89 159 90 0 
0 17 326 45 0 
0 47 281 26 0 
1 47 339 27 0 
0 42 229 47 0 
0 7 322 61 0 
0 20 271 18 0 
0 32 290 18 0 
2 58 168 37 0 
0 83 404 20 0 
1 60 284 73 0 
0 44 378 30 0 
0 4 258 38 0 
0 25 281 18 0 
0 43 339 13 0 
2 36 338 54 0 
1 20 279 18 0 
8 49 290 46 0 
1 25 308 79 0 
2 11 356 62 0 
0 15 333 1 0 
0 30 383 33 0 
1 28 218 36 0 
0 71 379 32 0 
0 38 378 39 0 
1 8 385 12 0 
2 18 500 56 0 
0 91 321 18 0 
0 40 379 27 0 
0 5 246 41 0 
1 2 331 33 0 
4 66 319 29 0 
2 104 287 30 0 
0 35 249 97 0 
0 36 485 15 0 
0 30 318 95 0 
1 21 345 4 0 
0 84 210 22 0 
0 161 273 29 0 
5 45 385 77 0 
5 41 333 4 0 
0 19 364 2 0 
0 1 333 5 0 
1 9 444 29 0 
1 30 287 82 0 
1 8 310 24 0 
0 24 311 30 0 
0 35 363 49 0 
0 26 487 14 0 
5 15 327 37 0 
35 14 382 51 0 
4 106 166 2 0 
0 12 362 24 0 
0 43 358 65 0 
0 30 409 7 0 
2 2 356 28 0 
2 1 425 19 0 
0 13 327 28 0 
0 7 362 25 0 
0 20 238 26 0 
0 46 382 51 0 
1 45 345 58 0 
1 5 315 3 0 
1 94 216 37 0 
0 69 324 59 0 
0 40 319 9 0 
0 65 369 36 0 
1 11 282 62 0 
0 64 237 53 0 
0 13 396 29 0 
0 107 355 15 0 
0 38 316 35 0 
0 33 189 49 0 
0 59 309 46 0 
0 66 415 3 0 
0 71 315 35 0 
0 18 335 65 0 
1 16 283 18 0 
0 18 345 14 0 
1 30 295 3 0 
0 35 286 28 0 
0 15 321 22 0 
0 3 245 37 0 
0 88 309 23 0 
0 32 299 44 0 
0 6 437 43 0 
0 81 221 23 0 
0 31 343 35 0 
0 83 338 30 0 
0 26 364 16 0 
0 49 405 7 0 
1 14 248 60 0 
0 15 321 14 0 
0 60 320 41 0 
0 44 321 60 0 
0 15 380 25 0 
0 31 316 5 0 
0 31 301 46 0 
0 56 260 40 0 
0 45 324 3 0 
1 43 350 53 0 
0 15 381 28 0 
0 66 268 37 0 
0 61 364 21 0 
0 62 194 111 0 
1 40 308 5 0 
1 16 392 27 0 
6 59 329 26 0 
0 35 340 6 0 
0 43 308 45 0 
0 1 523 83 0 
0 40 287 39 0 
0 19 423 6 0 
0 27 373 2 0 
1 5 386 37 0 
0 25 387 55 0 
2 86 273 28 0 
0 6 331 17 0 
0 11 275 35 0 
1 29 265 96 0 
0 11 318 22 0 
0 16 339 22 0 
0 2 318 48 0 
0 42 401 53 0 
1 6 434 20 0 
0 22 268 95 0 
0 9 431 24 0 
0 13 253 54 0 
0 33 268 71 23 
1 74 446 9 0 
0 60 412 37 0 
1 44 356 33 0 
1 23 270 47 0 
0 37 321 24 0 
1 128 219 8 0 
1 31 300 12 0 
0 9 341 14 0 
0 15 359 10 0 
0 58 236 37 0 
0 21 311 25 0 
0 56 298 33 0 
4 79 353 16 0 
0 25 344 42 0 
0 32 224 22 0 
1 31 273 16 0 
0 67 289 19 0 
0 52 350 4 0 
0 34 425 2 0 
0 69 235 21 0 
0 105 270 6 0 
0 91 181 38 0 
3 103 334 4 0 
0 49 324 17 0 
1 49 432 120 9 
2 45 242 82 0 
4 10 246 97 0 
0 7 267 27 0 
0 26 327 50 0 
5 21 436 20 0 
1 7 437 43 0 
3 101 346 15 0 
0 62 350 33 0 
0 16 425 19 0 
0 72 246 4 0 
0 11 354 26 0 
0 56 347 15 5 
4 11 362 14 0 
0 7 434 0 0 
0 18 258 6 0 
0 1 356 22 0 
0 9 391 24 0 
0 16 362 84 0 
0 21 310 51 0 
0 13 258 56 0 
0 134 315 57 0 
0 88 208 59 0 
0 23 270 55 0 
2 78 228 84 0 
0 85 331 78 0 
0 84 256 5 0 
0 18 287 12 0 
0 9 294 7 0 
0 14 243 19 0 
0 45 274 28 0 
0 24 235 6 0 
3 41 388 153 0 
2 35 217 107 0 
0 34 202 22 0 
0 15 322 23 0 
0 15 369 11 0 
2 26 375 110 0 
0 29 287 20 0 
0 34 277 62 0 
0 51 481 42 0 
0 46 366 19 0 
1 78 159 45 0 
0 25 319 14 0 
12 9 394 4 0 
0 37 286 15 0 
1 5 268 23 0 
0 15 388 19 0 
0 14 242 164 0 
0 39 179 38 0 
0 30 297 19 0 
0 16 298 19 0 
0 27 275 35 0 
0 51 357 11 0 
0 19 373 3 0 
0 6 318 27 0 
0 123 311 6 0 
3 37 277 30 0 
0 17 330 18 0 
0 36 358 18 0 
0 7 387 89 0 
0 36 255 106 0 
1 142 325 56 0 
0 38 373 21 0 
0 22 314 61 0 
0 71 386 8 0 
0 6 197 104 0 
0 4 209 28 0 
0 58 349 73 0 
0 67 245 7 0 
1 59 374 23 0 
4 14 261 43 0 
0 9 246 18 0 
3 58 364 11 0 
0 37 310 17 0 
0 95 319 55 0 
0 17 230 21 0 
0 31 234 63 0 
0 114 314 20 0 
1 35 191 14 1 
0 6 446 2 0 
0 38 281 37 0 
0 29 266 3 0 
0 29 269 69 0 
0 15 300 45 0 
0 29 274 110 0 
4 31 294 14 0 
1 73 187 49 0 
0 24 451 68 0 
1 61 325 100 0 
0 10 583 33 0 
0 18 309 24 0 
0 9 368 11 0 
0 37 337 3 0 
13 65 338 50 0 
0 21 416 52 0 
0 32 353 24 0 
0 2 467 11 0 
0 15 294 13 0 
0 23 432 48 0 
0 98 225 23 0 
0 10 447 60 0 
0 45 304 24 0 
0 6 472 20 0 
0 13 412 92 0 
0 25 373 58 0 
0 31 288 75 0 
0 57 435 53 0 
0 73 336 31 0 
0 9 366 78 0 
8 43 366 19 0 
0 10 530 45 0 
5 25 525 28 0 
0 13 368 59 0 
0 14 384 55 0 
1 13 424 52 0 
0 55 262 7 0 
0 29 411 27 0 
0 50 335 58 0 
0 17 440 20 0 
0 10 370 68 0 
0 21 282 68 0 
0 21 258 27 0 
1 136 266 11 0 
0 32 275 23 0 
3 31 230 50 0 
0 22 425 154 0 
0 68 416 28 0 
0 8 338 14 0 
0 123 167 82 0 
0 13 555 66 0 
2 8 419 36 0 
0 7 243 71 0 
0 5 434 56 0 
0 17 312 10 0 
0 36 321 52 0 
0 5 317 4 0 
1 13 329 56 4 
12 46 378 5 0 
0 10 409 21 0 
0 19 370 53 0 
0 81 297 32 0 
6 70 298 40 0 
0 26 307 44 0 
0 60 294 35 0 
1 87 301 8 0 
0 23 275 15 0 
0 9 497 18 0 
4 49 188 60 0 
0 54 244 42 0 
1 28 269 35 0 
0 84 371 9 0 
0 8 473 5 0 
0 78 449 9 0 
5 14 344 25 0 
0 24 307 48 0 
0 17 314 55 0 
0 20 395 0 0 
1 66 241 9 0 
3 36 388 48 0 
0 43 331 50 0 
0 62 241 52 0 
0 53 304 24 0 
0 7 314 40 0 
0 68 333 31 0 
0 33 321 18 0 
0 69 284 18 0 
2 11 297 6 0 
0 43 332 20 0 
0 5 379 18 0 
0 46 111 19 0 
0 28 231 86 0 
0 13 330 217 0 
0 96 349 17 0 
0 33 362 35 0 
0 48 240 25 0 
0 21 373 16 0 
0 48 325 17 0 
0 162 280 30 0 
1 5 349 38 0 
6 21 282 59 0 
0 47 313 42 0 
0 27 323 21 0 
1 50 240 42 0 
1 7 314 8 0 
0 123 351 66 0 
0 0 389 32 0 
0 17 329 10 0 
0 63 335 28 0 
8 66 327 36 0 
0 0 352 51 0 
0 30 340 10 0 
4 3 358 39 0 
1 13 252 30 0 
3 96 237 44 0 
0 30 470 37 0 
0 16 364 45 0 
1 23 392 40 0 
0 36 382 75 0 
0 22 247 61 0 
7 54 278 46 0 
0 26 290 81 0 
1 14 330 61 0 
0 93 309 16 0 
0 1 315 15 0 
1 44 369 70 0 
1 15 357 39 0 
0 30 300 9 0 
1 93 220 22 0 
1 20 228 38 0 
7 57 337 11 0 
0 33 325 24 0 
0 48 292 24 0 
0 48 372 51 0 
0 12 443 6 0 
0 4 260 27 0 
1 34 324 111 0 
0 62 267 16 0 
0 45 307 6 0 
0 20 259 5 0 
1 58 341 17 0 
1 14 454 13 0 
0 39 288 14 0 
0 41 308 13 0 
0 12 389 14 0 
0 63 329 40 0 
0 64 411 41 0 
2 34 225 34 0 
0 28 263 12 0 
0 14 343 115 0 
0 32 497 56 0 
0 13 321 42 0 
0 62 498 48 0 
0 66 286 32 0 
0 61 345 34 0 
2 36 342 4 0 
1 4 387 7 0 
0 10 307 7 0 
0 5 357 11 0 
0 25 358 48 0 
0 17 354 20 0 
0 25 329 37 0 
0 52 310 49 0 
0 123 202 8 0 
0 32 296 18 0 
0 35 435 58 0 
0 15 436 19 0 
0 93 289 27 0 
1 26 335 51 0 
0 223 451 3 0 
0 52 415 25 0 
0 80 242 27 0 
1 3 354 32 0 
0 108 310 19 0 
0 31 507 31 0 
0 5 284 32 0 
1 12 402 62 0 
1 2 354 14 0 
0 71 417 43 0 
0 0 273 18 0 
0 26 368 57 0 
0 16 138 92 0 
0 31 329 17 0 
0 36 410 106 0 
0 93 340 26 0 
0 21 226 30 0 
0 27 389 7 0 
0 40 364 17 0 
0 48 361 23 0 
0 31 411 28 0 
2 1 302 49 0 
0 74 362 117 0 
0 39 284 77 0 
0 37 364 16 0 
0 22 280 64 0 
0 32 507 39 0 
0 76 359 8 0 
0 47 243 63 0 
0 49 317 8 0 
0 50 470 5 0 
0 57 380 47 0 
7 11 400 59 0 
0 45 285 5 0 
0 12 434 15 0 
8 18 309 40 0 
0 57 241 31 0 
0 58 299 2 0 
0 191 348 33 0 
2 25 342 16 0 
0 23 328 3 0 
0 52 279 12 0 
1 13 327 16 0 
0 39 494 54 0 
0 70 387 32 0 
2 26 214 34 0 
1 85 395 66 0 
0 1 344 39 0 
0 20 419 13 0 
0 26 351 62 0 
0 33 364 27 0 
0 115 395 7 0 
0 85 293 26 0 
0 42 384 25 0 
0 6 351 56 0 
0 23 195 33 0 
0 53 230 69 0 
0 71 325 15 0 
0 28 285 30 0 
0 68 302 22 0 
0 42 290 31 0 
0 9 416 5 0 
0 19 329 8 0 
0 41 310 1 0 
1 26 332 66 0 
0 22 274 33 0 
0 26 254 7 0 
0 13 354 56 0 
0 9 325 29 0 
0 43 206 30 0 
1 0 299 34 0 
0 30 240 87 0 
0 84 311 34 0 
1 135 321 106 0 
1 34 384 25 0 
1 59 354 34 0 
0 139 303 11 0 
0 63 354 8 0 
0 10 367 16 0 
1 1 395 41 0 
0 20 426 39 0 
0 35 443 20 0 
0 72 404 7 0 
1 28 268 10 0 
0 41 383 19 0 
0 2 296 51 0 
2 81 290 3 0 
0 8 296 43 0 
2 32 518 15 0 
2 14 459 22 0 
0 50 370 115 0 
2 43 366 6 0 
4 24 361 25 0 
1 32 394 13 0 
0 25 359 2 0 
0 10 491 74 0 
1 75 272 34 0 
0 17 401 31 0 
1 63 252 109 0 
0 4 280 59 0 
0 18 363 116 0 
0 40 334 10 0 
0 27 353 37 0 
0 45 322 24 0 
0 83 275 3 0 
0 113 437 6 0 
0 11 369 47 0 
0 21 274 12 0 
0 21 360 38 0 
1 4 356 12 0 
1 8 399 33 0 
0 23 326 42 0 
0 7 375 90 0 
0 15 372 10 0 
0 13 303 34 0 
0 6 554 19 0 
0 1 272 37 0 
0 37 396 15 0 
0 26 296 32 0 
0 95 383 5 0 
0 105 344 44 0 
6 17 306 40 0 
0 28 233 29 0 
4 33 423 20 0 
0 139 341 15 0 
0 12 402 23 0 
1 22 280 52 0 
0 18 378 12 0 
0 10 469 22 0 
0 50 377 28 0 
0 24 499 12 0 
0 1 410 2 0 
0 74 353 75 0 
0 1 387 7 0 
0 18 326 52 0 
0 37 226 86 0 
0 32 296 11 0 
1 96 288 46 0 
0 12 353 32 0 
1 2 563 44 0 
0 5 386 52 0 
0 139 350 12 0 
0 0 314 35 0 
0 57 367 1 0 
1 31 478 20 0 
0 67 453 80 0 
0 30 263 12 0 
0 67 299 19 0 
0 86 233 48 0 
1 42 405 43 0 
1 88 222 9 0 
0 76 242 13 0 
0 14 340 25 0 
6 36 218 49 0 
0 68 198 46 0 
0 13 247 145 0 
0 63 435 15 0 
0 16 282 29 0 
0 38 299 27 0 
1 7 276 20 0 
0 44 358 50 0 
5 39 243 23 0 
0 56 448 18 0 
0 1 422 72 0 
0 32 402 7 0 
3 45 204 58 0 
0 29 251 27 0 
1 25 313 2 0 
0 37 237 97 0 
2 16 271 54 0 
0 16 407 95 0 
0 40 327 14 0 
0 53 292 63 0 
0 21 391 17 0 
0 79 309 124 0 
20 53 293 66 0 
0 30 289 59 0 
0 7 190 80 0 
0 27 300 15 0 
0 18 359 98 0 
0 18 313 24 0 
0 48 357 56 0 
1 78 290 16 0 
0 52 311 2 0 
2 4 373 5 0 
0 32 301 7 0 
0 20 297 54 0 
0 28 305 46 0 
1 10 361 54 0 
0 38 221 46 0 
0 23 425 37 0 
0 14 546 22 0 
0 32 307 47 0 
0 33 345 24 97 
0 22 303 7 0 
0 14 237 38 0 
0 19 359 75 0 
0 125 375 5 0 
0 11 256 50 0 
0 21 351 4 0 
0 28 316 11 0 
0 18 227 23 0 
4 29 307 16 0 
0 38 339 4 0 
0 10 283 44 0 
1 83 356 27 0 
6 8 570 33 0 
0 30 381 69 0 
0 25 312 36 0 
0 34 358 3 0 
0 13 446 54 0 
0 21 347 37 0 
0 43 262 6 0 
0 9 474 31 0 
0 33 331 23 0 
0 23 274 74 0 
0 26 330 35 0 
1 54 422 25 0 
0 35 408 26 0 
0 36 344 50 0 
0 40 197 27 0 
0 3 429 44 0 
0 60 289 45 0 
0 12 331 4 0 
1 70 316 79 0 
0 18 315 12 0 
0 155 222 13 0 
0 22 443 11 0 
0 20 304 12 0 
0 147 296 116 0 
3 28 463 45 0 
4 138 206 103 0 
0 19 308 54 0 
0 41 369 34 0 
0 11 370 75 0 
0 10 305 2 0 
1 2 429 32 0 
0 63 340 27 0 
0 1 370 58 0 
0 98 330 5 0 
1 81 247 103 0 
0 55 345 68 0 
0 60 389 66 0 
0 28 252 52 0 
0 20 302 20 0 
0 15 248 12 0 
0 108 348 48 0 
0 7 410 70 0 
0 70 355 28 0 
0 16 245 26 0 
0 18 341 9 0 
0 105 417 15 0 
1 35 338 28 0 
0 49 450 0 0 
1 72 482 26 0 
0 23 309 14 0 
0 10 248 120 0 
0 33 200 54 0 
0 11 266 13 0 
0 17 474 16 0 
0 68 566 25 0 
0 5 308 74 0 
0 25 468 7 0 
6 8 238 64 0 
0 37 232 19 0 
0 94 378 33 0 
0 35 448 10 0 
1 19 268 61 0 
0 33 292 35 0 
0 84 240 17 0 
1 9 488 47 0 
0 39 314 33 0 
0 8 332 24 1 
1 137 371 17 0 
0 5 403 32 0 
0 17 429 15 0 
2 22 346 40 0 
0 1 415 35 0 
4 31 392 36 0 
1 17 348 10 0 
0 21 298 9 0 
0 2 163 44 0 
0 5 325 11 0 
0 62 309 23 0 
2 20 252 82 0 
0 31 301 4 0 
0 85 269 37 0 
0 8 358 86 0 
0 27 270 36 0 
0 29 178 118 0 
1 10 408 1 0 
0 43 349 23 0 
1 52 335 29 0 
0 135 416 47 0 
1 34 367 1 0 
0 115 339 0 0 
0 20 271 5 0 
0 16 331 63 0 
1 22 269 37 0 
0 36 359 12 0 
0 43 260 25 0 
0 33 257 53 0 
0 24 327 19 0 
2 4 301 12 0 
0 39 178 105 0 
0 40 296 23 0 
0 55 317 26 0 
1 27 331 55 4 
0 79 275 65 0 
0 53 507 49 0 
0 57 256 150 0 
0 52 286 19 0 
0 74 246 100 0 
3 40 338 44 0 
2 7 378 49 0 
20 89 216 51 0 
3 31 405 20 0 
2 63 283 71 0 
2 34 279 51 0 
0 27 340 62 0 
3 48 474 17 0 
0 69 375 28 0 
0 78 329 26 0 
2 43 295 21 0 
0 1 380 35 0 
0 18 311 58 0 
7 18 543 25 0 
0 49 320 70 0 
0 128 281 16 0 
0 11 306 41 0 
0 28 379 22 0 
0 3 389 11 0 
0 104 428 57 0 
3 32 323 33 0 
0 31 380 39 0 
0 41 348 23 0 
0 39 289 101 0 
2 24 261 47 0 
0 9 457 47 0 
0 43 427 11 0 
0 2 315 8 0 
0 25 303 17 0 
0 20 238 17 0 
0 5 179 42 0 
1 48 356 41 0 
0 38 466 27 0 
0 17 242 87 0 
7 29 301 5 0 
0 13 311 18 0 
0 19 377 63 0 
0 16 288 33 0 
0 62 449 8 0 
0 19 309 3 0 
0 68 318 42 0 
0 2 458 2 0 
13 14 243 30 0 
0 25 316 19 0 
0 21 323 25 0 
0 13 355 36 0 
0 21 429 38 0 
0 28 276 49 0 
0 81 263 6 0 
6 60 288 32 0 
0 15 292 55 0 
2 20 335 21 0 
0 15 541 11 0 
0 42 296 6 0 
0 43 459 42 0 
1 15 364 10 0 
0 62 225 79 0 
0 20 276 4 0 
0 60 201 11 0 
0 6 422 84 0 
