0 151 7 
0 81 20 
0 59 54 
0 127 8 
0 70 6 
0 116 30 
0 148 50 
0 87 14 
0 141 39 
0 115 15 
0 103 4 
0 100 12 
0 131 33 
0 108 15 
0 147 76 
0 89 15 
0 77 5 
0 42 10 
0 84 11 
0 138 18 
0 79 5 
0 53 14 
0 131 16 
0 93 74 
0 67 81 
0 138 7 
0 152 28 
0 90 43 
0 102 50 
0 139 34 
0 123 28 
0 91 23 
0 101 27 
0 86 39 
0 105 9 
0 90 50 
0 126 148 
0 75 94 
0 109 29 
0 120 64 
0 142 45 
0 96 33 
0 101 19 
0 43 42 
0 136 18 
0 97 52 
0 136 72 
0 75 3 
0 134 8 
0 137 100 
0 102 41 
0 133 36 
0 67 27 
0 153 25 
0 119 19 
0 151 62 
0 75 20 
0 123 89 
0 90 103 
0 133 50 
0 120 49 
0 151 24 
0 112 20 
0 130 17 
0 115 11 
0 76 60 
0 160 9 
0 111 27 
0 126 54 
0 139 51 
0 116 29 
0 146 19 
0 118 84 
0 99 34 
0 124 116 
0 131 56 
0 101 11 
0 114 75 
0 92 12 
0 118 12 
0 88 36 
0 102 14 
0 103 44 
0 53 0 
0 82 66 
0 93 32 
0 132 71 
0 143 77 
0 107 43 
0 104 67 
0 69 29 
0 126 43 
0 172 76 
0 134 16 
0 99 25 
0 41 66 
0 135 13 
0 127 58 
0 123 10 
0 169 18 
0 101 39 
0 103 20 
0 79 69 
0 162 100 
0 124 31 
0 100 53 
0 214 44 
0 142 3 
0 123 30 
0 120 77 
0 163 79 
0 206 18 
0 200 25 
0 110 38 
0 96 10 
0 126 23 
0 158 40 
0 82 79 
0 138 22 
0 174 8 
0 156 43 
0 157 8 
0 118 89 
0 80 17 
0 127 60 
0 95 39 
0 115 108 
0 166 15 
0 136 32 
0 62 26 
0 85 58 
0 52 103 
0 134 55 
0 149 41 
0 148 118 
0 102 34 
0 84 73 
0 150 20 
0 160 52 
0 127 102 
0 125 48 
0 129 49 
0 145 23 
0 70 4 
0 123 12 
0 144 6 
0 102 26 
0 111 14 
0 118 69 
0 150 66 
0 85 16 
0 46 108 
0 95 17 
0 85 18 
0 108 65 
0 82 27 
0 131 54 
0 70 103 
0 139 50 
0 108 9 
0 68 28 
0 119 24 
0 84 41 
0 89 53 
0 90 28 
0 121 13 
0 133 31 
0 126 13 
0 73 25 
0 105 10 
0 156 68 
0 72 38 
0 130 23 
0 62 3 
0 159 19 
0 121 70 
0 56 23 
0 122 30 
0 121 25 
0 110 18 
0 85 12 
0 115 43 
0 74 15 
0 135 9 
0 111 27 
0 44 50 
0 123 27 
0 68 55 
0 134 5 
0 140 50 
0 166 14 
0 82 13 
0 167 109 
0 128 15 
0 87 48 
0 168 33 
0 106 56 
0 104 14 
0 106 2 
0 136 21 
0 64 33 
0 184 1 
0 141 24 
0 138 37 
0 128 34 
0 72 23 
0 171 44 
0 77 24 
0 86 5 
0 96 4 
0 105 24 
0 164 53 
0 128 11 
0 44 35 
0 160 12 
0 93 65 
0 137 34 
0 81 34 
0 78 22 
0 150 16 
0 95 12 
0 52 62 
0 85 45 
0 157 25 
0 147 38 
0 108 39 
0 128 78 
0 134 132 
0 87 60 
0 133 15 
0 99 4 
0 58 20 
0 97 9 
0 103 64 
0 95 55 
0 87 29 
0 136 35 
0 69 27 
0 128 19 
0 110 34 
0 135 26 
0 134 42 
0 123 20 
0 112 11 
0 97 38 
0 113 61 
0 74 146 
0 91 99 
0 108 23 
0 155 48 
0 78 50 
0 113 48 
0 88 40 
0 125 35 
0 84 15 
0 107 75 
0 94 35 
0 130 7 
0 132 1 
0 149 94 
0 176 49 
0 138 73 
0 110 51 
0 119 33 
0 135 26 
0 99 23 
0 146 9 
0 91 6 
0 120 14 
0 48 67 
0 99 21 
0 79 61 
0 110 57 
0 131 47 
0 107 28 
0 139 52 
0 94 33 
0 57 5 
0 96 59 
0 92 34 
0 142 43 
0 100 87 
0 69 31 
0 65 16 
0 79 23 
0 130 41 
0 78 45 
0 77 41 
0 85 54 
0 135 2 
0 60 46 
0 121 46 
0 64 30 
0 140 48 
0 88 92 
0 151 15 
0 81 48 
0 101 26 
0 119 36 
0 69 54 
0 102 43 
0 77 34 
0 114 96 
0 137 31 
0 111 65 
0 74 37 
0 158 38 
0 121 73 
0 62 40 
0 88 66 
0 144 27 
0 116 73 
0 57 81 
0 180 28 
0 76 50 
0 68 50 
0 95 5 
0 58 17 
0 78 2 
0 64 14 
0 109 18 
0 131 37 
0 70 8 
0 67 79 
0 85 28 
0 90 65 
0 108 23 
0 111 45 
0 105 32 
0 91 3 
0 149 66 
0 89 33 
0 145 44 
0 116 39 
0 107 32 
0 86 76 
0 76 19 
0 101 16 
0 82 55 
0 114 35 
0 156 29 
0 103 20 
0 148 23 
0 169 28 
0 124 29 
0 75 12 
0 139 29 
0 101 8 
0 102 22 
0 131 21 
0 118 5 
0 41 36 
0 125 39 
0 150 23 
0 95 25 
0 132 20 
0 93 3 
0 105 19 
0 139 19 
0 94 17 
0 100 126 
0 87 71 
0 82 140 
0 127 38 
0 116 2 
0 95 47 
0 90 16 
0 101 64 
0 95 45 
0 113 50 
0 93 35 
0 35 6 
0 93 7 
0 77 14 
0 90 24 
0 140 23 
0 79 33 
0 151 16 
0 136 76 
0 144 19 
0 116 43 
0 153 36 
0 93 29 
0 121 40 
0 63 30 
0 95 98 
0 121 48 
0 143 14 
0 110 36 
0 137 79 
0 107 42 
0 88 26 
0 128 58 
0 74 100 
0 120 31 
0 60 15 
0 101 51 
0 125 27 
0 131 16 
0 111 52 
0 92 19 
0 129 54 
0 70 101 
0 106 12 
0 73 31 
0 115 29 
0 150 30 
0 126 56 
0 142 2 
0 112 29 
0 96 27 
0 121 34 
0 123 12 
0 59 33 
0 78 20 
0 103 14 
0 114 16 
0 139 59 
0 65 13 
0 93 61 
0 81 24 
0 105 59 
0 183 25 
0 124 35 
0 128 43 
0 99 83 
0 106 20 
0 99 38 
0 95 68 
0 153 17 
0 159 35 
0 94 20 
0 79 48 
0 98 30 
0 110 28 
0 77 32 
0 182 88 
0 117 54 
0 84 9 
0 117 31 
0 112 28 
0 153 27 
0 65 11 
0 136 21 
0 125 27 
0 69 18 
0 99 44 
0 91 9 
0 79 48 
0 97 5 
0 161 48 
0 133 45 
0 97 27 
0 99 24 
0 106 32 
0 104 64 
0 109 38 
0 133 29 
0 145 55 
0 75 58 
0 90 47 
0 142 21 
0 55 6 
0 83 34 
0 110 54 
0 119 64 
0 119 44 
0 122 42 
0 102 62 
0 145 36 
0 122 41 
0 118 41 
0 99 74 
0 81 38 
0 75 33 
0 149 14 
0 92 44 
0 51 55 
0 98 29 
0 65 61 
0 104 8 
0 70 19 
0 178 32 
0 65 35 
0 88 30 
0 102 27 
0 126 31 
0 53 34 
0 88 28 
0 100 31 
0 174 64 
0 113 17 
0 125 9 
0 143 24 
0 79 64 
0 141 28 
0 95 12 
0 132 74 
0 97 61 
0 113 39 
0 107 17 
0 95 46 
0 123 7 
0 117 47 
0 85 4 
0 61 68 
0 80 32 
0 109 12 
0 176 50 
0 111 14 
0 202 51 
0 97 30 
0 116 68 
0 53 7 
0 147 47 
0 118 9 
0 85 7 
0 128 41 
0 194 22 
0 142 13 
0 73 31 
0 131 35 
0 79 11 
0 76 115 
0 111 50 
0 146 93 
0 65 10 
0 116 110 
0 124 18 
0 85 5 
0 147 44 
0 117 83 
0 146 73 
0 159 16 
0 165 22 
0 126 46 
0 120 16 
0 99 101 
0 74 23 
0 114 21 
0 54 67 
0 58 20 
0 68 13 
0 121 19 
0 98 24 
0 132 24 
0 62 25 
0 172 19 
0 197 51 
0 79 47 
0 66 7 
0 32 46 
0 78 80 
0 58 29 
0 132 104 
0 139 54 
0 141 14 
0 83 29 
0 64 30 
0 45 19 
0 96 16 
0 53 19 
0 78 31 
0 129 33 
0 152 76 
0 89 47 
0 147 5 
0 78 51 
0 133 20 
0 122 33 
0 88 32 
0 112 42 
0 93 26 
0 59 8 
0 165 28 
0 129 15 
0 76 78 
0 100 8 
0 78 37 
0 162 36 
0 72 80 
0 108 60 
0 103 26 
0 95 24 
0 116 16 
0 84 45 
0 112 33 
0 97 19 
0 101 12 
0 126 21 
0 83 17 
0 65 46 
0 127 17 
0 123 21 
0 133 14 
0 102 34 
0 62 46 
0 91 13 
0 151 9 
0 125 6 
0 129 13 
0 108 27 
0 107 9 
0 91 68 
0 139 13 
0 102 23 
0 127 15 
0 229 44 
0 135 44 
0 110 20 
0 158 23 
0 122 54 
0 144 56 
0 146 18 
0 66 25 
0 74 22 
0 81 53 
0 144 48 
0 126 63 
0 84 32 
0 170 0 
0 118 19 
0 86 64 
0 72 102 
0 86 30 
0 119 51 
0 57 91 
0 88 20 
0 107 18 
0 106 29 
0 117 54 
0 54 18 
0 89 44 
0 119 73 
0 67 4 
0 70 86 
0 114 38 
0 144 39 
0 118 42 
0 110 44 
0 143 14 
0 110 91 
0 94 69 
0 90 20 
0 80 79 
0 177 28 
0 127 19 
0 97 27 
0 207 7 
0 137 17 
0 135 27 
0 127 40 
0 142 35 
0 67 138 
0 111 89 
0 116 48 
0 124 65 
0 119 33 
0 65 22 
0 102 12 
0 66 27 
0 137 30 
0 115 18 
0 74 60 
0 126 1 
0 129 61 
0 120 101 
0 128 29 
0 125 37 
0 102 36 
0 106 3 
0 66 28 
0 194 61 
0 143 11 
0 149 43 
0 108 80 
0 92 18 
0 130 22 
0 69 29 
0 120 71 
0 67 30 
0 100 23 
0 79 12 
0 93 56 
0 158 29 
0 86 39 
0 78 47 
0 139 70 
0 99 8 
0 203 36 
0 117 54 
0 114 44 
0 119 18 
0 130 2 
0 161 33 
0 155 41 
0 104 47 
0 127 25 
0 209 28 
0 77 23 
0 114 54 
0 115 16 
0 106 24 
0 114 9 
0 86 25 
0 130 47 
0 109 20 
0 155 9 
0 61 40 
0 112 47 
0 97 45 
0 82 56 
0 195 31 
0 113 44 
0 167 61 
0 143 59 
0 76 32 
0 76 23 
0 97 39 
0 160 25 
0 107 25 
0 91 19 
0 144 35 
0 127 48 
0 117 44 
0 165 32 
0 62 52 
0 121 48 
0 80 12 
0 113 53 
0 111 27 
0 80 48 
0 115 13 
0 56 30 
0 101 94 
0 105 97 
0 130 16 
0 112 17 
0 98 20 
0 130 29 
0 104 45 
0 123 14 
0 114 21 
0 49 61 
0 143 73 
0 96 16 
0 119 89 
0 113 53 
0 96 13 
0 104 34 
0 134 43 
0 120 8 
0 118 29 
0 87 36 
0 152 15 
0 129 25 
0 118 12 
0 103 4 
0 111 10 
0 101 57 
0 83 37 
0 136 3 
0 182 80 
0 94 22 
0 52 32 
0 53 6 
0 164 131 
0 64 55 
0 106 28 
0 193 30 
0 74 11 
0 63 105 
0 127 9 
0 109 28 
0 69 78 
0 82 16 
0 93 11 
0 117 46 
0 104 6 
0 151 46 
0 165 8 
0 88 43 
0 99 3 
0 169 42 
0 80 65 
0 86 37 
0 147 14 
0 113 12 
0 148 58 
0 109 58 
0 148 18 
0 97 11 
0 168 45 
0 88 25 
0 152 20 
0 120 17 
0 94 58 
0 93 55 
0 127 23 
0 151 74 
0 88 56 
0 130 37 
0 68 8 
0 124 82 
0 134 22 
0 112 45 
0 150 56 
0 117 186 
0 118 44 
0 92 12 
0 73 17 
0 50 51 
0 80 28 
0 83 39 
0 116 35 
0 105 35 
0 122 32 
0 112 22 
0 124 13 
0 138 31 
0 142 35 
0 61 112 
0 99 45 
0 76 25 
0 120 42 
0 123 31 
0 75 27 
0 91 68 
0 102 31 
0 131 26 
0 158 18 
0 152 20 
0 168 23 
0 146 77 
0 47 24 
0 142 15 
0 201 13 
0 74 15 
0 89 19 
0 161 71 
0 101 4 
0 94 15 
0 124 17 
0 129 12 
0 97 130 
0 95 17 
0 99 30 
0 141 19 
0 174 20 
0 102 38 
0 114 55 
0 144 85 
0 115 32 
0 140 43 
0 100 17 
0 134 147 
0 129 37 
0 84 16 
0 106 122 
0 111 19 
0 130 84 
0 144 61 
0 65 22 
0 83 45 
0 94 31 
0 62 8 
0 110 24 
0 108 26 
0 149 39 
0 43 69 
0 94 120 
0 115 63 
0 145 18 
0 87 37 
0 96 31 
0 70 79 
0 105 62 
0 140 78 
0 100 20 
0 131 140 
0 130 22 
0 97 51 
0 109 184 
0 104 83 
0 76 14 
0 184 19 
0 104 55 
0 133 16 
0 110 20 
0 74 59 
0 145 46 
0 118 84 
0 117 48 
0 120 19 
0 94 34 
0 62 51 
0 40 67 
0 106 55 
0 129 23 
0 121 16 
0 97 60 
0 119 40 
0 126 101 
0 154 65 
0 89 6 
0 122 18 
0 110 20 
0 175 36 
0 131 21 
0 106 64 
0 82 29 
0 127 34 
0 103 21 
0 95 20 
0 113 2 
0 62 33 
0 106 51 
0 104 14 
0 127 38 
0 105 30 
0 111 37 
0 97 4 
0 85 21 
0 121 59 
0 97 61 
0 228 43 
0 103 43 
0 62 32 
0 103 62 
0 116 23 
0 130 119 
0 85 61 
0 88 18 
0 97 24 
0 103 41 
0 140 20 
0 113 4 
0 59 40 
0 86 9 
0 100 27 
0 88 85 
0 100 28 
0 70 92 
0 104 45 
0 145 6 
0 103 25 
0 89 86 
0 92 25 
0 105 30 
0 91 42 
0 98 32 
0 117 30 
0 111 46 
0 138 23 
0 129 50 
0 111 30 
0 100 25 
0 132 49 
0 157 40 
0 113 37 
0 141 65 
0 99 64 
0 61 37 
0 103 26 
0 135 38 
0 97 49 
0 92 38 
0 106 46 
0 153 7 
0 134 60 
0 101 47 
0 115 58 
0 138 42 
0 111 12 
0 70 44 
0 108 29 
0 134 31 
0 60 9 
0 133 5 
0 98 20 
0 133 35 
0 114 31 
0 117 62 
0 127 79 
0 157 43 
0 99 35 
0 123 15 
0 88 62 
0 105 96 
0 105 18 
0 104 52 
0 85 25 
0 162 35 
0 79 72 
0 51 17 
0 112 27 
0 138 38 
0 98 15 
0 92 43 
0 77 26 
