167 278 23 0 0 
99 261 70 0 0 
128 248 63 0 0 
109 281 49 0 0 
142 216 20 0 0 
112 249 15 0 0 
94 175 79 0 0 
157 197 36 0 0 
108 290 63 7 0 
49 340 49 1 0 
109 292 31 0 0 
110 211 134 4 0 
110 219 44 25 0 
200 192 14 0 0 
72 242 33 0 0 
89 204 60 5 0 
133 248 51 0 0 
136 259 66 0 0 
162 200 64 0 0 
92 214 50 0 0 
119 218 54 0 0 
120 296 83 0 0 
83 211 132 0 0 
114 170 72 0 0 
177 296 22 19 0 
67 201 90 0 0 
81 230 59 0 0 
117 264 29 0 0 
64 323 28 3 0 
98 247 72 6 0 
106 187 147 10 0 
89 225 58 0 0 
190 199 88 0 0 
117 233 39 0 0 
109 162 62 0 0 
124 245 77 29 0 
121 145 12 0 0 
246 192 38 27 0 
167 245 48 0 0 
62 421 30 0 0 
111 288 12 0 0 
211 247 36 0 0 
63 274 53 0 0 
178 101 58 0 0 
58 310 26 0 0 
68 239 72 0 0 
54 286 37 0 0 
157 355 45 0 0 
95 289 64 0 0 
162 307 114 0 0 
154 239 33 5 0 
123 162 126 4 0 
58 253 63 0 0 
138 229 55 0 0 
73 266 40 1 0 
89 339 44 3 0 
143 162 65 12 0 
114 191 93 0 0 
246 135 90 0 0 
148 315 61 0 0 
106 189 91 8 0 
150 162 107 0 0 
238 286 29 0 0 
192 209 22 0 0 
87 226 87 1 0 
108 276 36 0 0 
187 192 56 2 0 
38 253 50 1 0 
111 200 61 4 0 
131 302 46 0 0 
147 195 88 12 0 
120 198 40 0 0 
101 287 42 0 0 
188 294 70 16 0 
91 240 18 0 0 
147 214 57 0 0 
115 234 144 0 0 
160 170 147 2 0 
99 263 83 7 0 
164 201 71 0 0 
146 194 71 0 0 
85 268 22 0 0 
107 199 73 0 0 
113 149 109 0 0 
47 245 28 2 0 
105 239 38 0 0 
152 228 130 0 0 
164 245 45 0 0 
122 240 54 6 14 
119 269 27 0 0 
131 260 51 2 0 
47 377 40 0 0 
107 194 42 0 0 
122 206 53 0 0 
141 189 68 0 0 
21 119 141 3 0 
98 324 5 0 0 
255 213 27 0 0 
118 289 25 0 0 
159 293 104 0 0 
105 218 15 2 0 
48 290 77 1 0 
128 327 35 0 0 
138 153 60 0 0 
102 213 26 1 0 
66 273 41 0 0 
140 236 97 0 0 
93 123 124 0 0 
132 283 70 0 0 
205 254 52 6 0 
75 299 27 0 0 
71 333 38 0 0 
138 231 48 0 0 
105 237 34 0 0 
187 316 8 31 0 
109 288 33 0 0 
181 317 39 0 0 
91 173 10 0 0 
132 214 28 0 0 
201 287 54 0 0 
60 249 68 0 0 
118 237 24 0 0 
79 223 60 1 0 
89 134 21 0 0 
187 158 68 0 0 
76 268 89 0 0 
238 220 26 0 0 
87 245 86 0 0 
107 181 92 1 0 
101 307 47 0 0 
206 243 11 0 0 
186 196 53 0 0 
80 344 53 0 0 
68 295 27 14 0 
32 351 15 0 0 
55 255 61 0 0 
135 180 33 6 0 
68 268 96 8 0 
116 200 25 0 0 
101 196 79 19 0 
220 239 19 0 0 
90 161 95 0 0 
165 242 52 1 0 
269 198 38 2 0 
110 260 79 2 0 
74 255 67 0 0 
151 247 15 0 0 
150 252 49 0 0 
122 222 27 0 0 
98 226 45 0 0 
61 269 60 2 0 
136 207 22 0 0 
162 283 52 0 0 
73 171 13 0 0 
123 299 52 0 0 
59 178 73 0 0 
283 149 5 0 0 
139 254 49 0 0 
105 219 32 0 0 
177 218 47 26 0 
57 294 120 0 0 
104 284 43 0 0 
87 231 44 0 0 
156 231 87 0 0 
183 122 37 0 0 
119 186 82 24 0 
110 215 15 0 0 
142 202 46 0 0 
102 243 65 0 0 
158 302 32 6 0 
156 345 65 0 0 
165 195 31 0 0 
60 249 115 0 0 
110 254 25 0 0 
219 252 38 0 0 
156 229 44 0 0 
90 203 110 1 0 
156 236 60 1 0 
102 229 67 0 0 
102 310 6 39 0 
138 234 46 0 0 
90 172 47 0 0 
105 314 75 0 0 
18 303 62 14 0 
59 242 139 16 0 
77 203 41 0 0 
136 273 83 2 0 
83 289 59 0 0 
133 150 24 0 0 
105 185 81 0 0 
139 239 11 0 0 
50 306 13 0 0 
140 224 62 0 0 
59 242 43 0 0 
67 184 51 0 0 
130 263 116 0 0 
115 314 26 0 0 
77 181 19 0 0 
162 235 74 0 0 
99 187 61 6 0 
75 208 107 0 0 
97 237 85 2 0 
104 222 46 3 0 
204 292 54 0 0 
58 251 14 0 0 
158 181 20 0 0 
92 243 51 4 0 
74 237 48 3 0 
146 249 17 0 0 
151 254 51 24 0 
164 165 68 16 0 
116 326 19 0 0 
182 320 55 2 0 
101 261 43 26 0 
137 404 20 0 0 
135 260 37 1 0 
181 239 67 0 0 
161 191 125 0 0 
80 210 56 0 0 
113 185 70 0 0 
113 177 55 0 0 
183 260 80 0 0 
77 200 40 5 0 
132 201 28 0 0 
160 153 61 4 0 
74 310 63 0 0 
166 146 56 0 0 
103 309 44 5 0 
114 136 95 0 0 
57 253 31 0 0 
138 227 1 0 0 
102 259 73 1 0 
115 127 105 0 0 
165 187 19 0 0 
112 178 98 0 0 
91 199 107 0 0 
66 320 37 0 0 
130 250 81 0 0 
169 285 28 0 0 
102 247 65 0 0 
220 109 56 10 0 
78 228 15 0 0 
105 293 84 0 0 
137 207 56 0 0 
79 295 52 0 0 
93 296 61 0 0 
114 239 75 0 0 
140 234 10 0 0 
162 252 33 1 0 
99 243 26 3 0 
166 259 36 0 0 
240 181 101 0 0 
127 319 36 0 0 
112 130 45 1 0 
87 152 37 0 0 
152 256 74 0 0 
136 199 25 0 0 
121 194 59 0 0 
191 154 106 0 0 
131 192 65 0 0 
183 111 87 1 0 
98 400 29 0 0 
137 204 56 0 0 
88 287 23 0 0 
71 240 74 14 0 
122 279 39 0 0 
74 343 140 18 0 
56 229 81 0 0 
125 217 64 0 0 
119 276 74 22 0 
149 208 111 6 0 
123 229 11 0 0 
170 309 66 1 0 
152 213 24 3 0 
117 192 73 0 0 
113 287 76 3 0 
152 328 95 0 0 
46 348 38 0 0 
128 184 81 0 0 
63 240 108 8 0 
97 231 22 0 0 
167 197 35 0 0 
136 241 65 0 0 
97 226 116 6 0 
75 345 74 0 0 
163 425 41 1 0 
158 307 21 0 0 
140 202 68 4 0 
126 295 97 0 0 
128 259 50 0 0 
119 194 26 0 0 
184 145 39 0 0 
93 285 66 6 0 
163 244 47 0 0 
170 177 97 0 0 
130 281 17 0 0 
177 342 22 0 0 
116 317 32 0 0 
83 232 21 4 0 
96 309 63 0 0 
110 211 93 0 0 
215 312 33 0 0 
113 262 65 0 0 
90 224 29 0 0 
147 224 16 0 0 
97 292 50 1 0 
92 174 43 0 0 
88 306 24 10 0 
125 197 38 0 0 
148 265 123 0 0 
137 253 19 0 0 
129 264 30 3 0 
75 246 35 0 0 
177 204 37 0 0 
71 196 110 19 0 
89 201 71 0 0 
146 209 12 11 3 
50 274 83 4 0 
108 296 63 0 0 
146 209 59 4 0 
110 227 38 0 0 
124 320 72 0 0 
140 366 31 0 0 
146 215 53 0 0 
64 238 94 27 0 
64 220 58 27 0 
179 174 74 2 0 
210 255 36 0 0 
108 255 80 0 0 
97 292 48 21 0 
93 239 69 0 0 
95 310 73 0 0 
51 232 52 0 0 
130 277 30 0 0 
183 274 58 2 0 
136 208 29 5 0 
129 221 65 0 0 
127 257 84 0 0 
113 304 51 0 0 
105 282 18 0 0 
36 266 39 7 0 
159 179 122 2 0 
120 319 68 0 0 
152 251 51 0 0 
83 303 89 0 0 
170 200 65 1 0 
96 280 49 1 0 
158 156 7 0 0 
123 217 76 0 0 
194 202 87 10 0 
81 213 128 0 0 
179 308 21 0 0 
95 319 22 0 0 
31 271 81 0 0 
69 257 57 0 0 
169 290 24 0 0 
57 276 43 1 0 
113 153 40 0 0 
56 283 27 0 0 
166 225 70 0 0 
106 231 71 0 0 
61 227 70 0 0 
157 168 25 1 0 
103 187 49 1 0 
128 181 134 4 0 
122 209 70 0 0 
150 300 53 1 0 
141 243 37 0 0 
149 221 57 1 0 
122 189 25 0 0 
156 287 35 0 0 
34 204 46 0 0 
211 190 30 0 0 
178 216 65 0 0 
114 200 8 10 0 
124 200 39 0 0 
142 243 22 0 0 
41 264 59 0 0 
54 131 20 4 0 
92 226 121 0 0 
77 184 161 0 0 
61 196 47 14 0 
105 309 25 0 0 
66 264 46 0 0 
197 306 13 0 0 
167 263 79 0 0 
152 258 69 0 0 
164 227 41 0 0 
74 171 46 0 0 
111 185 92 14 0 
53 270 84 0 0 
116 253 38 0 0 
134 150 43 0 0 
140 211 87 0 0 
68 290 19 1 0 
88 212 29 0 0 
153 210 41 0 0 
94 172 38 6 0 
216 297 35 0 0 
67 260 77 0 0 
116 235 56 0 0 
110 206 14 0 0 
184 192 23 0 0 
170 226 67 0 0 
167 237 26 2 0 
91 174 12 0 0 
100 155 79 10 0 
91 209 111 0 0 
113 277 20 0 0 
132 256 97 0 0 
168 238 69 8 0 
98 152 84 1 0 
59 248 103 0 0 
160 189 53 0 0 
170 216 60 14 0 
38 330 48 0 0 
104 190 16 0 0 
89 274 15 0 0 
96 290 61 0 0 
117 281 25 3 0 
57 264 52 0 0 
115 192 27 6 0 
151 158 27 0 0 
61 333 52 4 0 
126 195 42 0 0 
160 244 14 0 0 
141 258 74 3 0 
135 309 75 0 0 
214 292 49 0 0 
83 240 55 0 0 
99 229 50 3 0 
44 334 73 0 0 
144 155 35 0 0 
42 360 59 0 0 
151 199 81 0 0 
64 203 114 0 0 
48 259 110 0 0 
113 264 27 4 0 
125 270 44 0 0 
225 251 29 0 0 
160 214 49 0 0 
107 215 98 0 0 
143 274 10 0 0 
188 245 50 1 0 
153 211 50 0 0 
115 213 133 14 0 
96 229 66 0 0 
133 204 47 0 0 
137 354 66 0 0 
137 217 23 0 0 
111 224 90 0 0 
63 238 88 0 0 
100 224 38 0 0 
75 278 15 0 0 
68 353 45 0 0 
107 151 84 4 0 
104 258 75 3 0 
102 206 71 0 0 
135 242 30 0 0 
106 187 84 0 0 
106 313 33 1 0 
90 233 132 0 0 
78 269 8 0 0 
142 252 41 0 0 
180 167 101 0 0 
73 294 62 0 0 
68 227 32 0 0 
160 213 11 15 0 
163 187 35 0 0 
81 301 12 0 0 
62 223 18 0 0 
64 225 52 0 0 
159 238 42 0 0 
178 237 8 0 0 
134 185 77 0 0 
166 316 26 0 0 
81 338 28 0 0 
135 238 23 34 0 
110 139 64 10 0 
128 123 64 0 0 
191 192 17 0 0 
41 380 24 15 0 
139 210 143 0 0 
98 165 93 2 0 
97 233 9 0 0 
117 248 81 7 0 
118 188 79 30 0 
159 181 47 0 0 
143 242 57 0 0 
98 162 134 27 0 
119 254 66 6 0 
101 275 33 0 0 
164 159 44 0 0 
155 262 51 0 0 
82 166 12 0 0 
159 201 46 6 0 
167 287 37 0 0 
76 265 76 0 0 
116 303 16 0 0 
122 302 20 0 0 
67 203 55 0 0 
113 229 30 40 0 
51 276 32 0 0 
47 203 67 0 0 
159 253 86 0 0 
101 116 95 4 0 
118 295 27 3 0 
73 225 38 0 0 
120 338 90 0 0 
169 274 30 1 0 
185 289 48 0 0 
120 179 15 0 0 
168 107 19 4 0 
119 351 26 0 0 
149 136 69 0 0 
76 288 61 0 0 
91 334 34 0 0 
82 257 60 0 0 
208 186 49 0 0 
84 315 84 0 0 
193 148 83 1 0 
175 197 85 0 0 
61 258 42 0 0 
82 273 24 0 0 
172 241 62 0 0 
90 262 23 0 0 
33 245 49 0 0 
87 294 36 6 0 
135 171 161 0 0 
122 130 41 0 0 
30 353 19 0 0 
73 214 85 0 0 
140 278 10 0 0 
59 162 97 9 0 
84 322 55 0 0 
97 313 62 1 0 
190 87 24 6 0 
68 229 94 3 0 
136 274 22 0 0 
138 137 47 40 0 
67 220 28 0 0 
144 239 41 0 0 
93 245 37 0 0 
139 246 119 0 0 
120 206 98 1 0 
140 176 94 0 0 
96 200 43 0 0 
137 270 67 9 0 
46 152 74 39 0 
115 314 67 3 0 
91 172 137 0 0 
134 387 43 0 0 
86 210 54 17 0 
129 160 52 0 0 
122 205 43 0 0 
70 109 80 0 0 
83 251 37 15 0 
149 315 43 1 0 
133 178 77 0 0 
92 202 93 0 0 
74 198 105 2 0 
142 326 79 0 0 
71 223 24 43 0 
113 358 45 0 0 
156 212 21 2 0 
277 168 40 0 0 
109 289 97 0 0 
142 249 55 0 0 
105 215 47 0 0 
252 275 32 0 0 
165 218 66 0 0 
45 240 35 10 0 
123 193 69 0 0 
212 263 17 0 0 
57 243 117 0 0 
181 266 56 0 0 
101 366 33 0 0 
108 301 58 10 0 
131 392 16 0 0 
108 188 118 0 0 
144 241 25 0 0 
106 229 85 0 0 
175 205 45 0 0 
109 199 46 0 0 
109 287 45 0 0 
164 158 81 0 0 
109 183 47 0 0 
189 204 53 0 0 
104 182 29 0 0 
30 186 40 2 0 
82 271 12 2 0 
156 161 47 0 0 
111 258 60 0 0 
117 235 55 0 0 
170 156 72 0 0 
189 188 33 0 0 
101 230 62 0 0 
80 229 78 7 0 
135 182 53 0 0 
62 279 100 8 0 
236 165 72 0 0 
129 196 41 0 0 
134 185 66 0 0 
142 226 77 0 0 
115 208 21 2 0 
125 244 33 0 0 
108 253 51 0 0 
183 320 53 0 0 
109 240 56 3 0 
166 134 28 0 0 
49 374 30 0 0 
88 175 33 1 0 
49 277 125 0 0 
89 163 86 0 0 
16 245 99 0 0 
158 177 62 0 0 
67 315 25 0 0 
112 258 32 0 0 
153 241 62 1 0 
76 307 41 0 0 
115 270 63 0 0 
113 247 28 0 0 
137 286 21 2 0 
49 264 82 0 0 
101 265 34 0 0 
77 274 13 0 0 
95 144 79 0 0 
107 187 44 0 0 
152 354 19 0 0 
133 238 96 0 0 
117 245 65 20 0 
109 148 34 16 0 
168 269 15 0 0 
80 344 41 0 0 
122 155 48 0 0 
104 255 59 0 0 
57 167 93 0 0 
152 134 28 1 0 
137 281 55 0 0 
56 228 39 6 0 
113 211 61 0 0 
54 326 114 1 0 
57 286 53 0 0 
68 213 83 3 0 
204 274 46 10 0 
183 235 18 0 0 
93 287 50 2 0 
138 267 48 0 0 
98 265 88 0 0 
193 258 49 0 0 
137 246 29 1 0 
140 261 26 1 0 
116 324 54 0 0 
231 98 81 0 0 
62 322 32 5 0 
174 238 53 0 0 
166 333 54 0 0 
93 280 31 0 0 
60 294 24 0 0 
144 169 57 0 0 
88 358 67 0 0 
148 293 24 0 0 
123 199 64 15 0 
184 210 17 0 0 
105 247 23 0 0 
277 184 42 0 0 
181 235 67 0 0 
59 144 83 0 0 
137 227 27 1 0 
96 256 74 0 0 
105 243 47 0 0 
167 200 48 0 0 
95 265 57 11 0 
134 301 64 0 0 
129 273 30 0 0 
121 187 45 0 0 
58 205 64 0 0 
94 285 21 0 0 
125 312 61 0 0 
196 221 56 0 0 
165 303 68 0 0 
67 330 33 0 0 
171 257 43 0 0 
127 183 22 0 0 
239 147 61 4 0 
135 197 34 27 0 
216 263 28 0 0 
50 235 72 0 0 
77 307 51 0 0 
176 282 24 0 0 
111 193 44 0 0 
178 159 79 8 0 
62 254 95 0 0 
207 194 93 0 0 
88 321 40 0 0 
121 218 42 21 0 
108 241 49 0 0 
167 227 23 6 0 
147 229 114 0 0 
117 275 31 0 0 
174 190 37 0 0 
32 287 63 0 0 
126 225 20 0 0 
111 210 60 0 0 
111 230 71 0 0 
140 210 32 0 0 
110 163 11 0 0 
78 197 41 0 0 
121 220 64 0 0 
170 204 33 0 0 
124 364 24 0 0 
230 266 3 0 0 
196 105 87 1 0 
107 252 11 0 0 
152 178 113 0 0 
129 235 83 0 0 
160 166 58 11 0 
164 156 35 0 0 
93 219 64 0 0 
119 216 74 0 0 
138 193 53 6 0 
47 290 25 0 0 
114 191 47 0 0 
118 273 30 0 0 
44 322 72 0 0 
120 225 21 0 0 
141 306 96 0 0 
50 172 37 0 0 
136 169 30 0 0 
103 249 114 0 0 
160 253 36 1 0 
125 176 88 2 0 
99 129 60 4 0 
95 205 43 0 0 
218 200 85 0 0 
179 125 62 0 0 
101 226 106 1 0 
150 185 63 0 0 
88 202 48 0 0 
148 244 12 12 0 
85 307 56 0 0 
188 166 103 0 0 
81 343 92 1 0 
180 230 40 0 0 
158 228 54 5 0 
77 250 84 0 0 
142 180 53 0 0 
120 249 40 1 0 
123 165 45 1 0 
80 159 107 0 0 
197 226 38 0 0 
152 208 56 0 0 
73 196 66 1 0 
140 223 46 0 0 
63 198 40 0 0 
96 358 18 13 0 
157 225 58 4 0 
62 256 76 0 0 
213 265 41 0 0 
49 392 56 0 0 
131 367 3 0 0 
148 244 52 0 0 
158 233 46 13 0 
148 265 38 0 0 
88 307 46 0 0 
132 148 49 16 0 
229 164 55 0 0 
105 249 87 0 0 
130 190 40 0 0 
65 312 29 0 0 
56 196 82 0 0 
63 275 60 0 0 
97 364 19 0 0 
130 179 7 0 0 
135 243 35 0 0 
166 166 149 0 0 
146 391 36 11 0 
106 274 45 0 0 
149 136 73 0 0 
162 153 85 32 0 
176 276 26 19 0 
82 219 41 60 0 
85 265 61 0 0 
168 245 69 0 0 
103 181 102 0 0 
107 151 61 7 0 
170 215 52 0 0 
73 195 28 1 0 
150 254 79 0 0 
58 338 25 0 0 
62 202 30 3 0 
110 218 95 0 0 
147 218 69 0 0 
143 208 80 0 0 
103 242 34 2 0 
163 320 31 0 0 
93 292 34 0 0 
152 233 89 14 0 
104 248 81 0 0 
293 204 46 0 0 
111 176 73 0 0 
133 265 57 0 0 
101 303 72 3 0 
113 111 54 4 0 
52 324 37 0 0 
145 205 69 0 0 
104 209 27 0 0 
77 253 56 1 0 
88 224 83 0 0 
60 268 67 0 0 
142 205 138 1 0 
130 198 58 1 0 
95 244 69 1 0 
48 231 125 6 0 
199 259 44 0 0 
74 321 119 12 0 
156 257 58 0 0 
124 243 36 0 0 
103 312 50 1 0 
216 146 90 2 0 
89 301 45 0 0 
85 227 67 0 0 
92 162 18 3 0 
97 221 109 1 0 
153 229 95 0 0 
65 268 114 0 0 
78 237 38 0 0 
168 156 77 0 0 
122 216 83 0 0 
138 198 65 0 0 
113 271 47 0 0 
81 248 103 1 0 
151 340 57 0 0 
165 177 44 0 0 
120 279 89 3 0 
137 171 45 1 0 
93 271 25 4 0 
26 345 47 0 0 
127 236 76 1 0 
178 218 66 0 0 
81 371 147 0 0 
141 254 13 0 0 
161 349 52 0 0 
53 212 62 2 0 
64 224 71 0 0 
117 296 25 0 0 
49 227 144 1 0 
167 245 3 0 0 
169 216 21 0 0 
84 296 83 0 0 
122 237 66 0 0 
122 152 63 0 0 
61 189 67 5 0 
70 224 85 0 0 
190 346 66 0 0 
79 221 45 1 0 
78 242 74 0 0 
170 319 73 0 0 
133 220 74 1 0 
50 265 39 0 0 
127 269 46 0 0 
156 231 45 0 0 
153 326 50 0 0 
140 265 14 0 0 
86 204 64 0 0 
80 360 82 0 0 
166 228 49 0 0 
92 239 48 1 0 
172 104 51 3 0 
61 227 17 0 0 
90 147 100 0 0 
120 135 37 0 0 
175 233 41 0 0 
161 228 22 0 0 
89 266 106 0 0 
149 215 40 0 0 
133 246 23 1 0 
131 166 38 0 0 
95 154 77 0 0 
167 194 60 14 0 
83 75 58 0 12 
82 228 7 0 0 
47 288 75 0 0 
66 257 67 1 0 
90 298 60 0 0 
39 217 140 0 0 
184 225 106 0 0 
73 237 56 0 0 
140 270 50 11 0 
71 268 24 0 0 
117 178 51 0 0 
123 183 35 12 0 
164 152 32 0 0 
115 281 32 0 0 
202 196 75 0 0 
248 169 26 11 0 
123 132 75 0 0 
125 279 54 0 0 
116 192 25 1 0 
130 244 99 0 0 
116 180 36 0 0 
147 171 50 0 0 
112 173 97 0 0 
82 248 61 1 0 
106 239 53 0 0 
129 208 59 0 0 
85 127 67 15 0 
106 185 72 0 0 
62 240 100 0 0 
100 215 94 6 0 
116 261 45 0 0 
108 239 99 0 0 
142 196 75 0 0 
94 248 82 0 0 
128 261 40 0 0 
172 187 66 22 0 
132 142 40 27 0 
53 262 38 0 0 
138 177 54 0 0 
96 211 64 0 0 
180 169 87 11 0 
171 210 9 1 0 
80 216 55 0 0 
248 135 48 0 0 
240 155 21 0 0 
68 270 16 4 0 
153 230 44 1 0 
115 265 58 0 0 
89 184 42 0 0 
96 148 119 0 0 
101 201 66 0 0 
156 231 26 0 0 
173 239 29 0 0 
145 195 89 4 0 
108 293 41 0 0 
97 280 58 0 0 
111 243 90 0 0 
63 257 47 0 0 
130 261 8 0 0 
182 257 43 6 0 
93 396 26 0 0 
65 209 40 0 0 
97 265 38 0 0 
69 213 19 0 0 
74 227 49 0 0 
73 237 36 1 0 
67 189 74 0 0 
117 193 57 25 0 
89 339 49 0 0 
148 154 23 0 0 
100 230 66 0 0 
116 250 50 7 0 
97 268 62 0 0 
86 218 12 0 0 
106 236 7 1 0 
121 202 25 0 0 
92 265 58 7 0 
70 210 116 1 0 
187 200 33 0 0 
94 175 59 0 0 
85 291 58 0 0 
153 276 62 5 0 
166 275 48 0 0 
157 172 19 0 0 
96 209 55 0 0 
59 201 68 6 0 
118 153 31 0 0 
98 258 43 0 0 
161 241 65 0 0 
81 254 53 2 0 
104 238 146 10 0 
77 173 111 0 0 
166 294 27 11 0 
120 213 34 0 0 
26 266 6 0 0 
136 268 23 0 0 
94 224 164 0 0 
79 365 40 0 0 
145 338 53 0 0 
109 244 45 0 0 
99 238 85 0 0 
149 240 42 1 0 
65 287 66 0 0 
95 137 89 0 0 
99 166 73 3 0 
76 303 69 0 0 
197 169 45 0 0 
133 250 49 11 0 
235 209 50 0 0 
96 260 12 0 0 
120 285 15 0 0 
121 241 53 0 0 
148 200 59 0 0 
214 170 36 0 0 
127 287 66 1 0 
127 298 31 6 0 
96 209 29 8 0 
115 176 79 20 0 
126 176 46 1 0 
119 153 66 0 0 
