4 17 199 152 0 
8 25 235 76 0 
25 115 223 15 0 
0 2 319 76 0 
0 132 318 5 0 
4 52 312 90 0 
22 114 202 74 0 
0 138 164 34 0 
6 15 97 88 0 
10 78 161 130 0 
0 23 188 119 0 
7 1 337 82 0 
1 15 182 70 0 
2 35 180 72 1 
9 31 150 37 0 
8 34 188 30 20 
9 14 88 88 1 
24 162 172 23 0 
5 20 91 56 10 
11 195 312 53 11 
14 139 155 13 0 
2 105 235 25 1 
2 10 169 99 37 
6 101 118 51 1 
20 59 98 66 0 
2 54 105 26 0 
0 100 98 113 0 
0 168 217 43 34 
1 55 320 30 0 
9 31 311 90 0 
0 38 163 81 0 
7 113 215 103 0 
31 112 171 83 0 
14 78 52 96 0 
53 87 137 19 0 
14 6 137 30 0 
5 68 286 73 27 
3 38 337 117 21 
9 32 104 68 0 
2 63 120 155 0 
8 65 50 123 0 
15 92 153 16 0 
1 166 194 23 85 
46 71 87 18 0 
7 73 83 175 0 
3 169 123 31 0 
15 76 35 143 0 
0 53 150 70 28 
0 11 205 71 0 
3 195 187 45 0 
0 88 195 108 0 
65 154 77 19 1 
0 25 330 21 0 
21 38 167 84 0 
6 84 211 74 0 
6 299 171 24 0 
6 31 161 49 0 
1 60 209 27 0 
0 148 243 177 5 
0 37 163 119 1 
4 96 250 136 0 
5 41 168 49 27 
1 89 232 114 0 
13 78 71 52 0 
2 14 169 90 38 
13 52 150 60 0 
13 181 127 78 1 
7 95 197 12 0 
32 55 81 126 10 
1 23 246 41 0 
0 61 229 192 0 
31 41 118 15 0 
0 96 143 51 0 
7 16 306 105 0 
23 25 128 41 0 
0 37 98 124 0 
12 219 161 34 1 
12 70 39 98 0 
1 91 128 77 0 
1 68 129 13 0 
56 47 106 0 0 
0 61 166 153 0 
23 22 254 57 20 
0 102 224 40 0 
18 64 303 100 0 
23 94 94 88 0 
8 157 146 77 0 
31 46 234 63 10 
0 208 101 38 0 
8 152 250 80 0 
0 79 38 79 0 
6 78 187 33 44 
1 23 220 48 0 
10 11 244 120 0 
3 184 113 29 0 
3 39 111 140 0 
12 93 147 36 0 
1 101 148 78 0 
17 51 91 285 1 
75 171 43 29 0 
0 33 167 93 0 
10 80 113 76 0 
1 338 116 121 0 
3 40 184 1 140 
5 107 72 28 0 
8 68 78 52 0 
10 90 175 33 0 
7 251 135 99 0 
9 97 97 27 2 
2 117 93 114 0 
0 46 39 39 0 
24 25 128 28 0 
3 57 140 86 0 
8 35 126 71 1 
17 97 124 114 0 
5 139 99 73 0 
16 12 145 145 4 
17 26 204 79 0 
4 5 240 57 28 
1 34 49 12 0 
24 65 212 171 60 
21 42 124 168 5 
0 82 276 11 0 
2 170 93 31 0 
14 116 184 22 0 
0 82 204 33 33 
2 32 236 153 0 
7 40 235 68 35 
4 38 359 146 0 
2 159 118 45 0 
4 35 116 45 0 
15 56 218 36 0 
15 58 200 115 0 
15 207 152 30 0 
2 111 280 14 15 
7 53 39 164 0 
1 103 304 17 0 
1 27 143 78 0 
4 64 335 43 0 
5 79 364 104 0 
4 131 187 28 0 
22 28 120 41 43 
14 60 43 214 0 
49 25 177 184 0 
36 98 150 127 0 
4 86 187 86 0 
0 65 329 22 7 
1 19 108 33 0 
37 4 97 12 0 
2 15 114 6 19 
5 91 380 24 0 
6 22 174 137 0 
1 26 66 139 43 
3 52 113 33 12 
35 37 285 33 0 
1 91 253 171 19 
5 33 84 13 96 
6 55 132 150 2 
20 106 217 51 0 
4 37 216 125 0 
2 16 163 58 1 
3 35 49 42 0 
7 58 180 152 0 
14 18 226 84 0 
9 99 119 28 0 
6 74 102 55 0 
21 65 202 14 0 
2 63 146 2 0 
0 256 173 14 0 
13 167 201 115 0 
0 19 361 71 0 
6 70 111 2 4 
5 98 198 23 0 
15 103 120 11 0 
1 47 221 49 0 
2 79 223 62 12 
4 106 89 16 0 
13 58 118 82 7 
2 94 119 60 0 
1 21 145 106 0 
0 135 76 125 0 
5 100 165 6 0 
20 242 168 41 19 
12 100 21 178 0 
2 3 193 48 32 
6 0 139 90 31 
0 86 112 62 0 
2 19 302 113 1 
8 88 81 31 0 
0 3 211 32 1 
0 6 202 66 0 
2 26 114 64 2 
26 60 114 11 0 
20 61 238 49 0 
13 65 204 17 0 
6 186 95 62 0 
11 82 131 37 0 
6 139 121 49 8 
15 51 138 107 0 
6 154 81 185 0 
9 59 267 92 0 
11 36 96 131 0 
6 151 89 31 1 
4 91 107 78 0 
0 22 249 108 0 
3 95 85 58 0 
17 55 172 39 0 
9 107 64 135 32 
95 153 67 68 0 
0 43 96 141 17 
8 49 75 235 0 
21 126 178 41 0 
27 41 133 63 0 
4 60 113 38 0 
57 76 253 48 1 
1 46 273 32 0 
0 52 39 157 0 
10 63 209 29 115 
11 131 131 13 0 
1 140 193 188 80 
30 87 173 60 0 
1 110 149 38 7 
0 39 73 187 0 
13 89 156 69 6 
1 60 161 8 0 
0 33 139 110 0 
5 31 152 83 0 
0 57 145 86 28 
32 19 152 65 0 
14 26 192 18 1 
18 94 46 35 0 
7 62 260 36 0 
0 77 154 6 0 
5 166 183 35 93 
23 41 243 71 0 
0 50 86 60 30 
11 39 262 2 9 
0 55 87 129 0 
0 106 240 25 0 
1 25 114 154 0 
10 73 166 51 0 
13 131 188 83 0 
7 19 338 17 0 
0 37 277 250 0 
2 66 200 62 0 
2 126 84 51 0 
17 45 93 29 0 
21 187 125 82 0 
12 67 70 63 0 
12 76 125 37 0 
26 97 110 93 0 
3 39 160 61 0 
1 36 145 15 0 
6 248 18 55 0 
0 62 112 59 0 
2 53 149 105 0 
3 109 147 51 0 
45 99 116 142 0 
3 55 117 16 0 
6 54 115 106 0 
5 76 167 148 0 
23 203 108 118 0 
0 59 313 96 0 
4 179 141 174 0 
16 31 91 33 0 
2 27 83 75 0 
13 72 198 22 0 
2 159 114 80 0 
14 142 89 53 1 
9 62 219 35 0 
6 19 111 38 0 
1 103 113 115 9 
2 76 53 214 0 
1 106 207 60 0 
39 40 135 198 0 
5 37 102 26 0 
39 220 123 50 73 
7 37 114 26 0 
1 57 69 75 0 
36 69 142 47 0 
1 13 119 11 4 
1 99 265 26 1 
0 56 59 28 2 
0 83 166 16 0 
6 198 112 67 0 
0 92 247 46 0 
4 83 368 116 0 
2 38 118 28 34 
0 56 161 105 0 
0 71 230 235 0 
0 83 157 17 0 
0 95 310 41 0 
2 109 149 177 0 
24 76 85 88 0 
3 109 123 15 0 
0 98 221 90 0 
11 28 223 19 0 
8 39 329 26 0 
2 114 162 19 0 
1 116 310 43 0 
4 21 206 185 0 
23 51 173 33 0 
1 4 163 60 0 
1 124 63 60 0 
0 46 144 138 65 
3 68 114 53 145 
0 133 36 184 0 
5 21 255 71 3 
8 129 196 124 0 
2 73 165 183 0 
1 36 80 70 0 
33 21 189 54 0 
4 76 250 76 0 
0 22 251 93 0 
1 47 80 189 0 
3 86 157 151 1 
3 60 144 34 0 
13 44 292 50 0 
18 5 406 83 0 
3 149 232 13 9 
7 15 166 55 1 
1 99 139 122 0 
3 141 121 5 0 
17 78 137 30 0 
0 45 257 124 0 
12 51 80 45 3 
10 118 137 56 0 
0 63 128 152 0 
10 9 102 88 0 
35 66 182 59 0 
0 25 249 150 11 
15 82 114 36 8 
5 51 102 108 0 
18 48 154 39 0 
6 159 57 30 0 
8 74 114 49 0 
12 112 196 18 0 
33 137 150 143 5 
34 130 58 88 0 
16 136 66 125 0 
3 98 190 88 0 
25 79 120 61 0 
31 76 219 98 59 
6 108 157 58 1 
5 77 159 42 0 
1 57 276 44 0 
7 72 194 93 0 
12 75 208 99 10 
33 103 64 75 1 
2 20 42 35 0 
41 14 88 31 0 
9 109 132 134 0 
17 36 180 78 3 
2 34 145 79 0 
6 39 148 41 0 
4 42 97 37 0 
19 57 214 144 0 
29 112 183 50 0 
10 35 198 74 9 
18 50 216 59 0 
4 123 158 85 0 
5 74 188 217 0 
2 22 168 144 0 
9 62 150 74 0 
9 78 135 14 0 
6 114 171 23 28 
0 190 230 146 0 
7 50 135 8 0 
9 27 316 8 0 
0 38 271 81 0 
78 80 94 12 0 
17 25 115 91 0 
24 14 181 127 24 
1 86 137 84 0 
3 88 550 20 0 
1 46 277 40 0 
64 54 61 48 0 
19 156 45 79 0 
6 30 134 1 0 
10 98 94 26 3 
14 85 169 70 0 
7 93 128 119 0 
0 47 50 138 0 
5 25 170 47 0 
9 115 122 131 1 
6 30 176 88 0 
37 50 334 24 0 
7 17 343 163 2 
3 56 218 106 0 
0 87 161 68 0 
16 6 134 166 9 
5 53 266 25 32 
1 57 144 64 0 
7 179 57 33 0 
8 46 134 44 0 
1 21 69 238 0 
1 63 387 173 0 
21 77 167 141 0 
0 126 196 124 6 
4 50 166 79 0 
15 61 90 104 0 
24 15 163 212 0 
1 190 171 16 0 
39 143 170 42 2 
5 23 215 49 0 
11 89 177 73 1 
0 167 177 40 1 
2 34 97 33 0 
0 14 277 30 7 
7 59 156 185 0 
32 58 42 3 0 
11 52 275 27 0 
0 41 131 53 0 
0 24 136 61 0 
26 13 212 65 0 
0 135 85 15 0 
3 47 209 169 0 
6 77 80 65 0 
0 36 190 41 5 
1 8 212 3 0 
2 69 109 51 0 
19 112 222 27 0 
1 87 179 64 0 
24 20 217 74 10 
18 53 130 4 0 
5 34 185 32 0 
5 1 199 66 1 
21 29 56 42 0 
2 100 90 75 0 
0 252 138 56 0 
6 100 126 42 0 
6 133 194 58 1 
0 11 302 19 0 
4 26 145 84 6 
2 74 95 42 0 
30 43 118 72 0 
3 53 123 89 0 
3 96 200 149 1 
3 50 240 204 0 
6 28 153 136 5 
8 35 90 29 0 
1 29 150 48 0 
0 64 91 78 0 
2 30 441 99 0 
7 36 178 13 1 
19 59 51 56 0 
2 41 128 75 0 
6 75 233 11 0 
0 87 200 273 0 
2 68 489 60 0 
7 61 182 76 0 
6 135 87 99 0 
10 168 174 71 0 
1 65 80 206 0 
20 71 187 52 0 
5 48 137 48 0 
17 161 59 22 0 
5 194 297 24 9 
3 166 235 79 0 
0 22 321 80 0 
0 18 80 86 186 
24 163 60 207 16 
4 82 81 110 2 
40 110 175 47 0 
1 129 152 72 0 
16 84 199 47 3 
7 51 156 110 0 
4 65 152 70 0 
0 88 254 12 0 
26 41 207 61 0 
53 12 90 20 9 
16 10 208 198 8 
7 102 269 24 2 
0 36 226 29 0 
2 57 183 132 0 
6 66 166 53 0 
1 111 59 90 0 
19 64 153 26 0 
19 58 200 12 0 
5 70 105 68 0 
8 84 211 12 0 
9 89 63 69 0 
19 137 48 111 0 
6 116 202 159 0 
3 6 280 20 0 
24 81 253 175 12 
1 70 60 14 0 
18 44 74 43 0 
5 69 320 58 14 
6 53 118 9 0 
25 44 147 23 0 
25 42 41 0 41 
5 86 136 188 4 
14 55 60 63 0 
0 253 343 16 0 
0 78 143 104 0 
2 63 187 96 33 
1 42 103 213 0 
10 314 117 49 0 
13 6 64 62 0 
8 103 167 2 0 
1 158 122 72 0 
0 96 161 78 0 
0 48 345 72 0 
1 53 124 197 0 
0 81 151 56 0 
21 117 92 30 0 
3 34 125 131 0 
20 54 157 60 0 
13 21 167 116 0 
1 84 156 5 0 
32 60 329 87 0 
1 24 156 39 11 
4 26 199 88 1 
48 24 185 53 0 
12 13 105 18 3 
4 76 221 11 0 
1 70 221 69 0 
20 30 210 177 9 
7 69 368 105 0 
7 114 41 29 0 
35 76 103 39 0 
3 65 131 102 0 
7 21 203 84 0 
1 60 183 169 0 
19 34 356 106 3 
3 18 165 81 1 
0 29 149 49 0 
0 44 223 38 0 
10 16 150 47 0 
2 28 333 104 1 
10 37 215 78 0 
0 74 105 137 0 
10 38 163 30 5 
0 41 131 16 0 
0 50 290 87 0 
2 130 199 38 23 
16 154 137 69 25 
23 47 121 107 1 
0 17 123 33 0 
13 12 287 27 0 
12 5 229 49 0 
1 25 180 81 0 
2 46 122 218 0 
1 62 277 108 2 
1 56 221 49 0 
20 18 190 7 49 
4 17 82 39 0 
4 22 109 67 0 
17 48 185 75 0 
17 62 191 37 0 
0 19 199 134 0 
31 42 317 90 0 
2 53 251 88 0 
10 61 281 46 0 
15 48 171 80 0 
1 26 321 54 0 
2 44 86 158 0 
5 84 145 172 57 
0 73 121 219 65 
0 38 89 57 0 
10 102 264 1 1 
16 62 119 99 1 
11 78 210 19 0 
3 40 268 36 0 
18 105 104 151 0 
3 47 233 25 0 
22 95 134 73 0 
15 27 183 73 30 
15 76 62 51 0 
18 44 133 92 0 
6 31 116 23 0 
0 63 153 151 0 
14 131 87 47 2 
12 21 197 72 1 
18 80 62 25 2 
13 9 100 48 0 
6 183 151 62 0 
35 54 156 54 0 
2 27 222 86 0 
0 18 229 161 28 
19 44 204 112 0 
24 18 226 177 0 
4 111 73 83 0 
10 73 363 57 37 
10 11 108 124 0 
0 66 143 104 0 
4 100 112 21 0 
0 61 194 61 0 
0 61 104 140 1 
12 39 297 208 0 
34 75 90 31 0 
2 91 190 8 0 
3 136 278 41 0 
5 64 235 64 0 
1 27 153 30 0 
1 81 379 60 5 
2 114 154 40 2 
1 193 201 120 0 
42 6 180 208 0 
0 77 92 123 0 
2 45 93 78 0 
9 6 103 206 0 
0 41 148 89 17 
7 10 52 90 0 
17 178 60 35 0 
11 89 49 76 0 
12 21 138 98 26 
23 132 220 2 0 
7 41 225 52 0 
8 49 176 13 0 
14 41 96 140 0 
7 46 167 77 0 
2 10 73 40 41 
2 25 90 51 0 
21 70 152 145 11 
2 0 173 42 0 
1 83 227 24 23 
0 86 187 44 0 
7 48 200 56 0 
78 89 76 99 0 
6 7 191 38 0 
1 50 247 27 0 
12 178 131 7 5 
2 71 162 63 0 
4 41 87 56 0 
24 64 114 65 0 
0 51 190 51 0 
9 57 161 44 1 
3 118 131 95 0 
2 83 127 53 0 
2 23 65 60 0 
2 100 242 35 1 
1 17 251 71 0 
8 32 182 41 0 
3 58 193 90 0 
30 31 140 82 1 
11 57 115 29 0 
25 48 125 33 0 
6 98 85 235 5 
28 52 280 47 1 
15 108 100 68 0 
9 128 115 60 0 
34 35 246 21 0 
12 54 82 254 10 
48 59 196 23 0 
71 73 88 26 0 
2 53 120 64 0 
3 204 54 58 0 
2 17 172 13 10 
32 41 63 156 0 
2 62 475 25 0 
2 9 361 1 0 
2 51 74 84 0 
1 59 137 28 0 
24 87 108 71 0 
14 40 153 117 25 
1 61 196 38 2 
11 92 79 16 0 
14 7 138 64 0 
5 35 91 96 0 
11 101 150 61 0 
0 2 223 137 0 
32 110 159 46 0 
11 8 100 57 0 
1 45 447 50 0 
14 94 124 18 0 
34 55 180 211 0 
5 23 184 60 0 
11 35 167 47 0 
11 177 121 54 5 
5 29 141 98 0 
17 67 129 7 0 
0 95 196 133 0 
6 47 200 42 0 
3 66 143 48 0 
8 38 227 45 0 
48 25 156 58 5 
2 37 300 60 5 
0 23 284 59 65 
2 64 159 65 2 
0 33 119 106 0 
1 97 76 258 0 
0 33 102 49 0 
1 56 163 89 0 
0 67 170 22 0 
1 50 62 58 0 
2 74 379 26 15 
3 133 166 1 0 
6 77 112 81 0 
33 48 213 56 0 
6 23 301 22 0 
13 92 87 44 0 
9 73 96 179 0 
1 23 292 103 23 
10 17 211 99 0 
4 52 240 42 0 
1 108 81 58 17 
0 84 225 54 0 
0 70 133 65 67 
2 35 264 44 0 
0 26 135 30 1 
11 53 153 13 52 
9 35 131 83 73 
1 17 120 65 21 
10 84 153 4 4 
15 54 125 98 0 
1 24 55 115 0 
0 57 261 42 0 
10 58 207 111 0 
0 180 105 73 28 
1 188 144 38 1 
16 48 183 31 0 
1 60 430 51 0 
1 128 200 157 0 
11 39 172 13 0 
12 47 97 45 67 
0 158 162 64 0 
9 17 243 33 0 
2 79 166 86 0 
2 92 190 46 0 
0 101 140 30 0 
0 52 104 125 0 
15 86 169 56 24 
14 56 142 110 0 
36 30 79 116 0 
1 1 309 137 3 
8 159 252 54 0 
0 61 291 57 0 
16 72 295 25 0 
9 60 217 50 0 
0 51 100 89 0 
0 153 222 18 0 
62 44 188 72 0 
7 19 144 68 0 
10 46 181 34 0 
2 52 163 83 0 
7 35 219 203 0 
2 51 258 12 5 
6 83 111 15 0 
0 38 226 5 0 
2 73 201 84 0 
9 98 182 126 0 
3 118 160 83 0 
7 34 184 51 0 
4 105 143 10 0 
0 16 343 32 0 
34 70 173 14 0 
17 33 97 143 0 
10 84 128 25 0 
2 2 126 29 0 
0 87 204 26 1 
6 54 217 33 0 
2 50 74 101 0 
3 36 141 129 0 
17 56 249 57 0 
2 70 157 57 10 
2 19 169 120 17 
0 62 291 24 0 
21 20 189 65 0 
16 56 76 27 0 
0 46 200 50 0 
11 35 74 72 8 
16 82 120 95 15 
0 77 251 11 0 
2 44 46 56 8 
7 16 313 16 0 
26 166 134 93 0 
10 28 83 75 0 
22 144 115 46 0 
0 116 193 35 20 
22 78 66 39 0 
2 78 110 70 9 
2 61 74 21 1 
21 188 114 31 0 
0 122 118 101 0 
4 9 194 58 0 
8 112 30 39 0 
15 100 64 24 0 
22 12 82 49 0 
51 51 89 100 0 
2 73 195 66 0 
7 15 69 11 0 
16 84 158 113 0 
9 48 274 96 0 
3 23 94 103 0 
17 20 121 24 1 
31 55 429 66 51 
1 70 137 27 0 
17 172 138 52 1 
0 66 40 179 0 
18 68 283 163 0 
5 215 194 43 0 
14 73 122 97 0 
8 273 56 13 23 
0 111 90 52 0 
32 92 120 98 38 
0 26 141 39 0 
3 44 33 120 5 
6 37 213 69 11 
13 38 102 31 1 
17 50 158 131 0 
18 87 253 56 0 
8 6 175 144 7 
0 76 204 24 0 
0 97 279 52 0 
2 117 150 43 0 
27 185 130 65 0 
8 70 124 79 0 
18 86 153 148 0 
16 34 219 0 0 
0 68 65 19 1 
4 15 185 89 0 
7 110 271 72 0 
33 80 164 117 3 
0 100 154 21 0 
2 19 112 119 0 
3 83 202 32 0 
18 76 365 10 0 
4 24 218 63 0 
23 29 266 31 0 
1 17 289 42 0 
2 9 123 124 11 
0 131 129 114 0 
1 100 108 179 0 
10 69 80 41 85 
17 19 80 61 0 
43 38 142 50 0 
4 143 192 93 7 
32 22 165 1 0 
8 51 106 52 18 
7 67 223 78 0 
9 67 109 31 5 
0 35 145 56 0 
26 31 340 120 0 
0 168 111 93 0 
8 74 98 71 0 
55 81 219 30 0 
10 33 218 96 0 
1 68 225 36 0 
5 122 54 236 0 
1 204 83 59 12 
0 103 88 77 1 
0 119 198 96 2 
27 48 189 17 0 
6 133 31 50 0 
2 96 123 63 0 
0 51 188 22 0 
11 49 116 118 0 
1 37 272 67 0 
0 252 21 133 0 
29 8 207 79 0 
6 150 203 61 3 
24 96 177 27 0 
0 7 457 1 0 
12 88 44 91 5 
0 35 215 135 0 
3 67 234 56 0 
13 43 113 132 0 
18 76 253 71 0 
20 87 207 84 4 
5 26 217 76 0 
0 15 147 303 1 
10 74 68 2 0 
2 66 68 41 0 
0 115 325 7 0 
0 95 201 51 0 
5 49 166 120 0 
5 44 252 19 0 
4 26 150 7 0 
2 71 199 50 23 
13 75 146 17 0 
16 69 133 120 1 
1 21 373 57 3 
1 19 282 129 0 
10 62 176 167 0 
5 63 233 82 0 
2 124 316 17 0 
5 169 302 58 0 
5 44 140 8 1 
3 133 239 7 0 
0 127 219 41 1 
3 9 115 78 0 
11 34 195 155 0 
1 39 125 11 0 
0 37 143 79 0 
6 73 79 19 0 
59 11 190 152 0 
6 34 138 12 0 
0 27 177 65 1 
15 46 59 4 10 
1 83 127 148 0 
0 181 128 28 0 
4 45 284 32 0 
15 3 272 110 4 
0 56 128 43 0 
0 22 114 19 0 
3 61 152 52 0 
6 71 116 177 0 
0 123 277 90 0 
29 51 251 61 4 
5 56 166 12 0 
1 39 392 85 0 
13 5 97 46 91 
1 69 142 8 20 
6 50 105 43 0 
12 120 280 54 0 
15 19 272 59 0 
22 110 169 58 0 
9 92 91 62 0 
2 109 377 59 1 
4 91 99 55 0 
0 35 133 94 0 
17 147 79 28 1 
10 105 201 138 0 
32 69 254 171 0 
7 337 153 183 2 
4 112 248 51 0 
25 10 208 44 0 
7 38 148 48 0 
3 47 98 141 38 
1 10 257 22 0 
10 102 170 51 0 
10 18 132 29 0 
7 104 183 49 1 
7 66 111 99 0 
5 107 131 14 0 
1 37 156 176 0 
18 75 120 46 0 
19 19 91 44 0 
1 47 278 86 0 
4 5 285 228 0 
10 45 167 297 0 
0 62 78 57 0 
3 138 71 17 1 
5 49 127 1 0 
5 62 134 24 1 
4 59 137 68 23 
16 127 90 1 0 
1 104 169 272 1 
1 132 242 43 0 
11 32 107 95 0 
2 208 65 73 2 
1 81 210 3 0 
93 139 91 101 0 
23 48 158 73 0 
1 27 178 70 0 
27 43 297 177 0 
12 73 61 73 0 
3 150 86 46 0 
6 17 210 109 28 
2 3 68 40 40 
4 40 362 3 0 
7 29 235 81 0 
3 126 242 21 0 
3 113 89 66 0 
7 67 202 133 0 
3 83 153 25 0 
7 24 140 66 0 
25 212 153 15 0 
22 48 115 174 0 
0 44 178 184 4 
31 18 191 22 0 
0 35 297 23 1 
0 16 388 308 0 
14 50 271 76 0 
2 43 124 64 0 
1 133 243 123 0 
31 67 168 43 0 
14 124 108 48 0 
11 109 133 253 0 
15 110 112 125 0 
0 29 30 329 0 
9 272 197 116 0 
6 175 135 107 0 
0 195 79 148 0 
24 100 99 34 5 
12 37 266 129 0 
35 34 79 54 0 
15 146 307 32 0 
3 98 169 95 0 
26 35 158 82 0 
0 28 355 1 0 
10 261 211 87 1 
0 14 212 62 0 
12 25 189 41 0 
0 51 221 17 1 
7 60 208 5 0 
4 59 128 241 0 
1 10 300 150 0 
2 26 94 122 5 
4 105 112 75 64 
3 15 180 148 0 
19 122 188 0 0 
8 69 233 2 63 
19 63 109 202 18 
4 16 427 11 0 
0 9 144 51 0 
6 84 149 25 0 
1 100 75 28 0 
