0 59 0 
0 132 36 
0 129 0 
0 22 0 
0 63 0 
0 49 0 
0 66 0 
0 42 0 
0 70 0 
0 51 0 
0 115 0 
0 76 0 
0 89 2 
0 7 0 
0 66 0 
0 52 0 
0 24 0 
0 24 0 
0 23 0 
0 66 6 
0 99 0 
0 96 0 
0 84 0 
0 22 1 
0 63 0 
0 112 11 
0 45 0 
0 101 47 
0 46 0 
0 49 0 
0 57 0 
0 53 0 
0 70 0 
0 73 0 
0 74 8 
0 10 0 
0 62 40 
0 33 0 
0 39 0 
0 21 0 
0 108 3 
0 154 27 
0 65 0 
0 53 0 
0 72 0 
0 66 0 
0 26 0 
0 32 1 
0 54 0 
0 132 1 
0 44 0 
0 127 6 
0 116 0 
0 61 0 
0 37 3 
0 19 5 
0 115 0 
0 59 0 
0 79 1 
0 85 0 
0 66 0 
0 36 0 
0 55 0 
0 34 0 
0 110 2 
0 64 0 
0 84 0 
0 72 0 
0 57 0 
0 24 0 
0 8 0 
0 31 2 
0 12 0 
0 134 0 
0 38 0 
0 69 0 
0 46 2 
0 56 0 
0 51 0 
0 54 0 
0 31 0 
0 79 0 
0 55 0 
0 21 0 
0 41 0 
0 23 0 
0 41 1 
0 100 35 
0 21 7 
0 34 0 
0 97 0 
0 108 0 
0 54 4 
0 86 12 
0 71 8 
0 110 0 
0 83 21 
0 35 0 
0 83 0 
0 101 5 
0 109 12 
0 19 0 
0 92 0 
0 73 4 
0 136 0 
0 82 0 
0 117 0 
0 102 0 
0 32 0 
0 63 7 
0 38 0 
0 139 44 
0 44 6 
0 54 13 
0 35 0 
0 61 0 
0 49 0 
0 6 0 
0 34 0 
0 117 0 
0 41 0 
0 29 0 
0 49 1 
0 104 0 
0 60 0 
0 40 0 
0 47 0 
0 66 3 
0 33 20 
0 66 0 
0 44 0 
0 102 0 
0 109 2 
0 78 0 
0 54 1 
0 57 2 
0 74 29 
0 74 0 
0 44 6 
0 126 0 
0 39 3 
0 62 0 
0 116 17 
0 118 0 
0 94 3 
0 56 0 
0 39 4 
0 65 3 
0 39 0 
0 26 0 
0 51 0 
0 64 2 
0 64 7 
0 108 0 
0 57 0 
0 44 0 
0 144 3 
0 52 7 
0 142 12 
0 24 31 
0 78 0 
0 64 0 
0 47 10 
0 48 0 
0 84 12 
0 46 0 
0 40 0 
0 19 0 
0 99 31 
0 43 3 
0 100 4 
0 86 0 
0 96 64 
0 78 0 
0 70 19 
0 61 0 
0 106 1 
0 70 0 
0 29 0 
0 112 2 
0 57 0 
0 92 4 
0 81 1 
0 54 0 
0 40 0 
0 74 0 
0 36 4 
0 12 0 
0 42 0 
0 118 27 
0 62 5 
0 60 0 
0 47 0 
0 75 0 
0 61 0 
0 65 0 
0 121 8 
0 132 3 
0 115 0 
0 63 1 
0 67 0 
0 63 0 
0 63 13 
0 117 0 
0 75 0 
0 74 0 
0 67 0 
0 50 0 
0 82 0 
0 44 0 
0 37 0 
0 81 0 
0 55 0 
0 68 0 
0 77 0 
0 46 0 
0 32 0 
0 45 1 
0 67 0 
0 71 17 
0 34 0 
0 41 12 
0 68 6 
0 69 0 
0 41 1 
0 99 19 
0 67 0 
0 54 0 
0 59 9 
0 70 0 
0 29 0 
0 108 10 
0 44 4 
0 23 0 
0 59 4 
0 76 0 
0 37 9 
0 77 25 
0 32 1 
0 45 0 
0 48 0 
0 64 0 
0 40 9 
0 65 0 
0 84 0 
0 43 9 
0 70 0 
0 54 2 
0 73 0 
0 84 0 
0 63 0 
0 30 2 
0 72 5 
0 46 0 
0 32 0 
0 12 0 
0 32 0 
0 65 0 
0 129 3 
0 123 0 
0 90 0 
0 116 8 
0 103 0 
0 40 9 
0 69 0 
0 87 0 
0 85 0 
0 29 1 
0 86 0 
0 57 3 
0 94 0 
0 71 3 
0 90 0 
0 14 4 
0 88 0 
0 64 0 
0 38 0 
0 32 0 
0 73 0 
0 19 0 
0 79 1 
0 59 2 
0 43 3 
0 93 1 
0 37 0 
0 30 9 
0 13 4 
0 65 0 
0 49 12 
0 111 0 
0 54 0 
0 84 0 
0 92 0 
0 64 32 
0 87 10 
0 58 0 
0 143 0 
0 49 1 
0 73 0 
0 67 0 
0 66 17 
0 59 0 
0 78 0 
0 26 2 
0 71 15 
0 54 0 
0 39 0 
0 78 0 
0 51 0 
0 75 0 
0 43 1 
0 26 0 
0 57 0 
0 34 0 
0 77 0 
0 19 3 
0 58 13 
0 36 5 
0 27 0 
0 102 40 
0 73 0 
0 97 0 
0 46 0 
0 56 0 
0 97 4 
0 76 1 
0 55 0 
0 27 0 
0 5 0 
0 64 0 
0 127 3 
0 76 18 
0 47 15 
0 53 5 
0 96 16 
0 34 1 
0 35 0 
0 172 0 
0 80 12 
0 63 0 
0 35 0 
0 42 0 
0 74 0 
0 59 0 
0 53 15 
0 28 4 
0 51 8 
0 20 0 
0 61 0 
0 92 2 
0 75 6 
0 87 2 
0 20 0 
0 90 0 
0 43 0 
0 63 0 
0 69 34 
0 88 0 
0 55 0 
0 43 0 
0 58 0 
0 63 5 
0 106 5 
0 22 0 
0 38 0 
0 113 7 
0 68 0 
0 82 4 
0 69 0 
0 34 0 
0 72 1 
0 41 5 
0 55 2 
0 86 0 
0 31 0 
0 42 9 
0 56 9 
0 27 4 
0 28 7 
0 72 1 
0 49 0 
0 30 0 
0 34 0 
0 90 0 
0 82 0 
0 15 0 
0 22 0 
0 73 0 
0 72 0 
0 80 9 
0 66 2 
0 29 8 
0 173 15 
0 116 0 
0 55 0 
0 57 0 
0 68 0 
0 103 0 
0 27 0 
0 35 0 
0 98 0 
0 26 0 
0 73 3 
0 46 7 
0 59 1 
0 64 0 
0 21 0 
0 63 3 
0 66 0 
0 73 0 
0 75 0 
0 116 0 
0 112 0 
0 49 0 
0 76 0 
0 72 0 
0 85 6 
0 66 0 
0 118 35 
0 31 0 
0 76 25 
0 61 0 
0 66 0 
0 62 0 
0 101 0 
0 41 5 
0 33 13 
0 134 0 
0 104 5 
0 132 36 
0 44 0 
0 121 12 
0 38 0 
0 60 10 
0 89 0 
0 83 13 
0 48 2 
0 94 0 
0 45 0 
0 59 0 
0 108 25 
0 66 0 
0 59 0 
0 16 0 
0 87 0 
0 60 0 
0 101 0 
0 101 0 
0 59 0 
0 26 0 
0 85 0 
0 128 0 
0 67 0 
0 33 10 
0 25 0 
0 69 0 
0 41 0 
0 128 0 
0 52 0 
0 59 0 
0 45 1 
0 23 0 
0 70 11 
0 21 5 
0 117 0 
0 55 10 
0 36 0 
0 74 0 
0 49 0 
0 112 0 
0 27 0 
0 22 0 
0 49 0 
0 57 0 
0 35 1 
0 41 5 
0 71 0 
0 80 0 
0 20 0 
0 38 0 
0 27 0 
0 48 5 
0 33 0 
0 121 0 
0 69 0 
0 13 0 
0 50 0 
0 47 17 
0 155 0 
0 21 0 
0 19 0 
0 106 0 
0 28 30 
0 9 0 
0 29 0 
0 97 0 
0 46 0 
0 81 17 
0 70 2 
0 16 1 
0 33 0 
0 50 0 
0 51 1 
0 35 0 
0 20 0 
0 77 0 
0 113 41 
0 56 0 
0 45 0 
0 27 7 
0 66 22 
0 36 0 
0 52 4 
0 73 0 
0 62 24 
0 91 0 
0 95 7 
0 75 57 
0 51 0 
0 85 0 
0 117 0 
0 73 4 
0 35 2 
0 16 0 
0 24 0 
0 53 5 
0 30 0 
0 17 0 
0 91 15 
0 92 1 
0 25 0 
0 91 5 
0 73 0 
0 57 0 
0 53 0 
0 79 15 
0 102 0 
0 69 0 
0 48 0 
0 108 8 
0 23 0 
0 45 0 
0 63 5 
0 33 0 
0 74 0 
0 57 16 
0 48 0 
0 105 0 
0 72 0 
0 105 0 
0 15 0 
0 81 0 
0 28 0 
0 60 27 
0 50 0 
0 47 9 
0 34 2 
0 74 0 
0 123 1 
0 79 1 
0 46 0 
0 108 0 
0 20 0 
0 48 3 
0 43 0 
0 139 0 
0 36 0 
0 58 4 
0 101 0 
0 83 2 
0 96 3 
0 53 0 
0 2 0 
0 83 0 
0 23 0 
0 38 0 
0 96 3 
0 47 0 
0 40 0 
0 79 3 
0 54 1 
0 33 0 
0 51 1 
0 70 0 
0 18 0 
0 51 3 
0 144 22 
0 46 0 
0 44 0 
0 60 0 
0 61 0 
0 75 0 
0 70 7 
0 40 0 
0 97 0 
0 97 7 
0 59 10 
0 64 0 
0 58 2 
0 29 0 
0 90 1 
0 121 0 
0 61 3 
0 56 0 
0 44 0 
0 34 0 
0 82 0 
0 31 0 
0 62 0 
0 69 8 
0 33 0 
0 51 0 
0 83 2 
0 92 12 
0 45 0 
0 37 0 
0 44 0 
0 58 0 
0 54 5 
0 83 0 
0 46 12 
0 71 1 
0 70 0 
0 41 0 
0 60 0 
0 37 0 
0 45 0 
0 13 0 
0 31 0 
0 47 0 
0 42 0 
0 88 1 
0 46 0 
0 35 16 
0 78 0 
0 41 3 
0 150 0 
0 24 0 
0 59 0 
0 27 0 
0 106 0 
0 45 0 
0 41 1 
0 44 0 
0 25 0 
0 7 0 
0 87 13 
0 23 0 
0 40 0 
0 48 0 
0 57 4 
0 16 1 
0 47 0 
0 29 17 
0 65 0 
0 85 2 
0 68 0 
0 18 0 
0 94 0 
0 43 0 
0 44 0 
0 72 0 
0 63 0 
0 75 2 
0 86 0 
0 41 0 
0 125 13 
0 87 4 
0 99 0 
0 111 2 
0 72 1 
0 81 0 
0 50 2 
0 82 0 
0 162 0 
0 46 12 
0 60 0 
0 16 0 
0 110 9 
0 97 0 
0 108 48 
0 53 0 
0 79 0 
0 50 0 
0 26 3 
0 42 9 
0 143 0 
0 72 0 
0 39 0 
0 85 0 
0 42 0 
0 54 0 
0 22 5 
0 33 11 
0 89 0 
0 42 0 
0 111 0 
0 56 0 
0 105 0 
0 66 0 
0 62 2 
0 92 0 
0 51 0 
0 49 0 
0 111 0 
0 7 2 
0 98 0 
0 41 0 
0 64 6 
0 97 3 
0 38 0 
0 106 9 
0 65 0 
0 76 0 
0 63 2 
0 64 3 
0 36 3 
0 99 3 
0 38 2 
0 19 0 
0 50 0 
0 61 0 
0 41 7 
0 136 4 
0 38 0 
0 92 0 
0 67 0 
0 109 0 
0 64 7 
0 69 0 
0 62 8 
0 46 0 
0 54 15 
0 27 0 
0 24 0 
0 107 0 
0 22 0 
0 50 0 
0 69 0 
0 23 0 
0 67 0 
0 69 0 
0 37 0 
0 83 0 
0 25 0 
0 57 4 
0 137 1 
0 113 12 
0 72 7 
0 72 0 
0 44 0 
0 108 23 
0 118 0 
0 60 0 
0 133 0 
0 102 0 
0 58 0 
0 33 0 
0 108 12 
0 38 2 
0 71 4 
0 39 0 
0 58 0 
0 57 22 
0 20 0 
0 31 0 
0 60 0 
0 50 0 
0 16 0 
0 78 0 
0 55 0 
0 49 0 
0 49 5 
0 51 0 
0 44 0 
0 80 0 
0 86 4 
0 74 2 
0 36 0 
0 72 4 
0 65 3 
0 126 5 
0 21 0 
0 67 0 
0 42 0 
0 33 0 
0 39 0 
0 69 0 
0 89 0 
0 80 1 
0 63 0 
0 65 0 
0 44 4 
0 71 7 
0 26 0 
0 69 5 
0 85 0 
0 95 0 
0 70 0 
0 55 0 
0 62 12 
0 12 0 
0 78 0 
0 73 2 
0 108 6 
0 43 10 
0 74 0 
0 42 2 
0 85 4 
0 14 0 
0 48 0 
0 38 2 
0 82 2 
0 84 0 
0 41 0 
0 80 4 
0 67 8 
0 42 0 
0 33 0 
0 53 0 
0 81 0 
0 83 0 
0 102 0 
0 96 1 
0 80 0 
0 47 0 
0 37 0 
0 55 0 
0 52 0 
0 40 1 
0 113 0 
0 82 2 
0 10 0 
0 35 0 
0 24 7 
0 104 7 
0 29 0 
0 150 0 
0 50 2 
0 25 0 
0 26 0 
0 24 2 
0 86 0 
0 44 0 
0 54 0 
0 53 1 
0 104 0 
0 71 0 
0 103 0 
0 103 11 
0 50 0 
0 78 7 
0 90 0 
0 54 3 
0 24 0 
0 33 1 
0 14 0 
0 90 12 
0 46 2 
0 61 0 
0 88 0 
0 75 16 
0 77 5 
0 42 1 
0 99 0 
0 86 0 
0 100 1 
0 34 0 
0 102 1 
0 55 0 
0 31 0 
0 49 0 
0 45 0 
0 73 0 
0 20 0 
0 98 0 
0 54 0 
0 192 0 
0 36 7 
0 25 0 
0 42 0 
0 65 0 
0 44 0 
0 78 10 
0 86 0 
0 118 0 
0 65 2 
0 68 8 
0 28 0 
0 44 0 
0 57 5 
0 114 3 
0 53 2 
0 48 0 
0 116 0 
0 27 0 
0 95 5 
0 83 0 
0 89 2 
0 86 30 
0 50 0 
0 22 0 
0 62 1 
0 25 0 
0 52 0 
0 18 0 
0 60 0 
0 51 0 
0 56 0 
0 20 0 
0 42 0 
0 53 8 
0 48 0 
0 52 0 
0 108 0 
0 16 0 
0 98 3 
0 14 0 
0 65 0 
0 66 2 
0 37 2 
0 55 0 
0 64 24 
0 66 2 
0 68 2 
0 74 0 
0 43 29 
0 84 0 
0 111 0 
0 57 0 
0 44 0 
0 49 0 
0 74 0 
0 47 1 
0 39 12 
0 43 4 
0 81 3 
0 39 37 
0 65 0 
0 37 8 
0 76 0 
0 34 3 
0 66 7 
0 24 3 
0 63 10 
0 45 0 
0 39 0 
0 59 0 
0 83 0 
0 38 0 
0 20 0 
0 56 1 
0 33 0 
0 79 7 
0 104 4 
0 39 2 
0 133 36 
0 14 0 
0 96 22 
0 48 0 
0 93 10 
0 59 0 
0 109 0 
0 47 0 
0 22 0 
0 81 4 
0 57 2 
0 5 0 
0 136 0 
0 83 0 
0 71 0 
0 47 0 
0 66 12 
0 122 0 
0 98 2 
0 110 0 
0 88 3 
0 30 2 
0 44 0 
0 73 0 
0 54 0 
0 34 0 
0 51 0 
0 60 1 
0 60 0 
0 66 0 
0 24 2 
0 124 0 
0 44 3 
0 79 0 
0 122 8 
0 54 0 
0 113 0 
0 37 0 
0 21 0 
0 51 1 
0 51 1 
0 83 0 
0 45 0 
0 41 0 
