0 62 43 
0 85 51 
0 9 83 
0 2 61 
0 45 91 
0 17 34 
0 54 158 
0 17 66 
0 52 43 
0 3 56 
0 35 92 
0 48 31 
0 60 130 
0 22 201 
0 6 109 
0 23 33 
0 70 61 
0 20 222 
0 28 141 
0 41 89 
0 22 124 
0 21 34 
0 5 6 
0 36 32 
0 13 44 
0 57 52 
0 34 73 
0 2 64 
0 30 19 
0 21 77 
0 37 36 
0 46 39 
0 39 41 
0 27 81 
0 24 59 
0 28 112 
0 0 34 
0 9 118 
0 65 47 
0 61 73 
0 39 168 
0 16 202 
0 34 91 
0 50 166 
0 21 96 
0 20 73 
0 66 106 
0 18 85 
0 24 48 
0 22 97 
0 32 144 
0 5 109 
0 11 43 
0 46 93 
0 20 92 
0 13 77 
0 52 185 
0 7 69 
0 28 82 
0 9 98 
0 75 103 
0 37 109 
0 39 139 
0 26 32 
0 22 103 
0 53 174 
0 11 142 
0 5 72 
0 27 134 
0 30 147 
0 47 224 
0 56 66 
0 34 43 
0 64 113 
0 33 116 
0 9 72 
0 26 94 
0 26 106 
0 53 58 
0 17 41 
0 64 45 
0 31 60 
0 34 78 
0 37 71 
0 37 25 
0 58 56 
0 20 76 
0 40 100 
0 32 63 
0 17 134 
0 17 54 
0 13 78 
0 37 87 
0 4 136 
0 28 87 
0 47 38 
0 15 105 
0 33 42 
0 20 126 
0 45 39 
0 21 65 
0 3 92 
0 28 83 
0 16 114 
0 8 13 
0 13 36 
0 17 29 
0 25 63 
0 50 42 
0 61 42 
0 38 72 
0 40 108 
0 9 123 
0 0 53 
0 33 52 
0 60 57 
0 19 18 
0 21 98 
0 40 114 
0 21 67 
0 18 21 
0 39 32 
0 37 69 
0 8 63 
0 12 131 
0 15 154 
0 11 20 
0 6 96 
0 20 120 
0 32 111 
0 5 84 
0 31 46 
0 50 106 
0 21 15 
0 0 16 
0 29 63 
0 53 16 
0 45 108 
0 1 67 
0 5 117 
0 7 157 
0 21 267 
0 21 50 
0 31 97 
0 0 164 
0 19 142 
0 17 106 
0 37 47 
0 24 170 
0 70 25 
0 8 262 
0 12 105 
0 2 24 
0 59 80 
0 13 102 
0 15 49 
0 0 128 
0 62 56 
0 34 64 
0 15 49 
0 11 207 
0 19 35 
0 22 40 
0 5 128 
0 16 60 
0 86 73 
0 14 147 
0 13 62 
0 15 158 
0 21 108 
0 1 134 
0 45 90 
0 23 13 
0 15 184 
0 27 103 
0 15 81 
0 31 48 
0 32 113 
0 27 50 
0 23 104 
0 37 252 
0 48 104 
0 13 71 
0 13 54 
0 57 170 
0 44 105 
0 54 133 
0 29 143 
0 24 121 
0 26 17 
0 3 108 
0 16 13 
0 35 39 
0 41 41 
0 21 40 
0 3 57 
0 17 114 
0 47 20 
0 12 106 
0 20 112 
0 60 164 
0 21 70 
0 44 31 
0 47 22 
0 6 104 
0 45 212 
0 15 45 
0 0 48 
0 29 72 
0 33 36 
0 54 38 
0 0 161 
0 7 59 
0 50 50 
0 56 222 
0 45 139 
0 20 91 
0 43 188 
0 4 44 
0 4 98 
0 41 146 
0 9 88 
0 8 126 
0 18 106 
0 19 90 
0 19 34 
0 14 68 
0 33 92 
0 25 128 
0 27 67 
0 51 21 
0 16 45 
0 28 30 
0 28 283 
0 20 84 
0 46 31 
0 21 49 
0 17 34 
0 0 73 
0 20 63 
0 6 39 
0 44 37 
0 3 58 
0 11 123 
0 46 49 
0 28 33 
0 39 90 
0 8 160 
0 26 58 
0 16 55 
0 53 99 
0 37 53 
0 25 44 
0 14 71 
0 11 15 
0 0 161 
0 20 143 
0 12 80 
0 3 199 
0 41 91 
0 25 85 
0 0 103 
0 26 164 
0 7 129 
0 3 126 
0 17 48 
0 24 103 
0 7 137 
0 0 56 
0 19 34 
0 11 51 
0 30 115 
0 27 122 
0 50 28 
0 21 75 
0 18 189 
0 56 94 
0 41 107 
0 10 98 
0 18 74 
0 30 103 
0 12 113 
0 36 109 
0 28 62 
0 22 70 
0 13 65 
0 18 131 
0 23 8 
0 38 37 
0 28 123 
0 50 115 
0 16 68 
0 15 122 
0 14 139 
0 4 36 
0 20 54 
0 5 104 
0 35 86 
0 3 36 
0 10 142 
0 17 152 
0 24 81 
0 9 169 
0 32 181 
0 20 69 
0 55 34 
0 12 106 
0 26 69 
0 15 127 
0 39 257 
0 25 97 
0 4 61 
0 22 75 
0 21 52 
0 8 122 
0 17 106 
0 30 165 
0 1 44 
0 20 117 
0 42 58 
0 32 44 
0 6 43 
0 53 81 
0 11 39 
0 29 67 
0 8 112 
0 17 81 
0 15 89 
0 49 101 
0 28 84 
0 23 120 
0 30 78 
0 9 18 
0 46 72 
0 4 21 
0 26 88 
0 33 192 
0 47 63 
0 20 62 
0 1 215 
0 57 90 
0 1 105 
0 20 211 
0 17 89 
0 15 60 
0 14 37 
0 24 70 
0 53 84 
0 26 81 
0 8 106 
0 24 71 
0 15 143 
0 32 120 
0 13 138 
0 19 57 
0 8 85 
0 43 69 
0 19 42 
0 18 60 
0 11 109 
0 20 29 
0 99 87 
0 7 97 
0 17 159 
0 19 22 
0 16 52 
0 14 44 
0 40 90 
0 25 115 
0 36 139 
0 13 51 
0 21 19 
0 33 127 
0 10 46 
0 5 108 
0 27 35 
0 17 148 
0 15 36 
0 16 112 
0 23 37 
0 0 47 
0 12 35 
0 20 37 
0 9 71 
0 23 160 
0 19 70 
0 10 162 
0 31 50 
0 41 56 
0 11 39 
0 34 97 
0 12 140 
0 15 157 
0 30 22 
0 27 34 
0 56 81 
0 16 88 
0 36 155 
0 8 80 
0 6 33 
0 17 101 
0 15 96 
0 27 67 
0 6 71 
0 5 94 
0 49 139 
0 17 17 
0 28 83 
0 24 111 
0 17 106 
0 33 182 
0 44 101 
0 19 129 
0 63 55 
0 44 61 
0 11 76 
0 41 105 
0 23 59 
0 28 93 
0 78 95 
0 35 46 
0 27 81 
0 50 41 
0 46 128 
0 24 23 
0 27 41 
0 28 42 
0 9 101 
0 17 135 
0 30 216 
0 17 66 
0 17 50 
0 45 83 
0 8 84 
0 4 46 
0 24 61 
0 0 151 
0 14 87 
0 16 210 
0 3 195 
0 29 184 
0 40 69 
0 55 124 
0 4 47 
0 10 48 
0 31 60 
0 23 36 
0 5 129 
0 15 49 
0 3 104 
0 15 102 
0 56 43 
0 33 81 
0 14 113 
0 14 138 
0 59 119 
0 17 87 
0 33 55 
0 44 116 
0 20 69 
0 10 168 
0 7 113 
0 4 102 
0 33 69 
0 52 39 
0 37 74 
0 49 57 
0 40 75 
0 18 54 
0 36 73 
0 44 22 
0 3 2 
0 7 75 
0 38 50 
0 17 104 
0 87 95 
0 17 127 
0 28 117 
0 22 33 
0 62 102 
0 13 83 
0 14 60 
0 20 59 
0 16 54 
0 29 35 
0 9 120 
0 46 98 
0 4 42 
0 46 126 
0 34 89 
0 38 22 
0 38 46 
0 39 205 
0 64 39 
0 31 113 
0 22 60 
0 49 118 
0 37 85 
0 52 127 
0 31 40 
0 34 123 
0 23 59 
0 33 36 
0 12 36 
0 3 129 
0 16 106 
0 51 45 
0 35 106 
0 42 120 
0 26 66 
0 7 56 
0 13 81 
0 67 20 
0 45 40 
0 67 59 
0 9 126 
0 48 36 
0 70 76 
0 9 66 
0 32 57 
0 13 52 
0 37 10 
0 63 73 
0 19 77 
0 18 52 
0 42 109 
0 59 120 
0 38 21 
0 13 103 
0 16 43 
0 12 88 
0 63 15 
0 13 129 
0 20 55 
0 3 10 
0 8 162 
0 52 111 
0 8 49 
0 0 181 
0 8 185 
0 37 28 
0 2 62 
0 11 36 
0 21 130 
0 21 22 
0 15 69 
0 34 234 
0 44 211 
0 43 50 
0 2 87 
0 31 100 
0 1 9 
0 6 45 
0 1 68 
0 3 77 
0 29 78 
0 27 72 
0 23 158 
0 42 151 
0 65 14 
0 14 25 
0 45 77 
0 41 74 
0 26 223 
0 5 67 
0 32 54 
0 56 21 
0 35 49 
0 0 31 
0 19 186 
0 32 95 
0 36 48 
0 29 62 
0 20 162 
0 24 107 
0 0 77 
0 14 87 
0 25 37 
0 31 62 
0 37 112 
0 31 68 
0 57 67 
0 24 144 
0 44 197 
0 26 81 
0 33 59 
0 26 52 
0 19 56 
0 3 91 
0 34 61 
0 20 54 
0 0 95 
0 47 109 
0 29 63 
0 10 106 
0 47 31 
0 28 48 
0 41 173 
0 0 105 
0 37 56 
0 0 226 
0 13 56 
0 0 28 
0 38 63 
0 16 104 
0 5 20 
0 5 75 
0 5 55 
0 5 13 
0 42 56 
0 7 83 
0 0 136 
0 32 53 
0 103 64 
0 47 79 
0 5 91 
0 13 20 
0 13 100 
0 31 39 
0 55 126 
0 20 24 
0 12 239 
0 29 68 
0 12 100 
0 21 199 
0 22 79 
0 44 194 
0 22 132 
0 18 55 
0 22 31 
0 20 32 
0 42 126 
0 34 91 
0 50 14 
0 14 82 
0 27 111 
0 47 13 
0 38 59 
0 14 136 
0 13 89 
0 12 58 
0 25 118 
0 10 80 
0 2 171 
0 15 66 
0 43 25 
0 5 68 
0 15 140 
0 17 10 
0 69 89 
0 42 96 
0 61 85 
0 32 122 
0 19 145 
0 13 48 
0 10 197 
0 20 64 
0 25 78 
0 29 136 
0 21 102 
0 24 105 
0 19 116 
0 64 76 
0 12 109 
0 12 70 
0 22 10 
0 16 74 
0 17 110 
0 28 167 
0 15 51 
0 48 33 
0 19 44 
0 33 63 
0 46 60 
0 0 53 
0 18 68 
0 14 77 
0 23 249 
0 26 47 
0 37 197 
0 13 57 
0 78 126 
0 13 30 
0 19 137 
0 30 58 
0 7 64 
0 23 109 
0 17 24 
0 77 94 
0 52 134 
0 33 48 
0 30 103 
0 18 155 
0 11 103 
0 44 89 
0 38 98 
0 23 111 
0 35 88 
0 36 38 
0 56 31 
0 37 111 
0 24 73 
0 17 77 
0 12 130 
0 42 90 
0 55 96 
0 50 91 
0 9 126 
0 77 100 
0 29 62 
0 32 120 
0 12 48 
0 35 77 
0 41 90 
0 43 69 
0 17 62 
0 32 41 
0 20 93 
0 22 24 
0 21 70 
0 27 37 
0 16 71 
0 14 179 
0 29 11 
0 57 184 
0 73 147 
0 37 70 
0 19 69 
0 7 75 
0 3 134 
0 21 120 
0 10 157 
0 46 35 
0 29 75 
0 33 102 
0 86 141 
0 24 59 
0 14 121 
0 24 80 
0 41 94 
0 54 70 
0 10 153 
0 60 142 
0 23 132 
0 1 58 
0 32 85 
0 22 46 
0 16 62 
0 15 29 
0 27 33 
0 37 105 
0 14 176 
0 18 108 
0 19 44 
0 49 27 
0 31 120 
0 41 71 
0 19 53 
0 19 132 
0 19 98 
0 6 77 
0 35 145 
0 11 117 
0 34 127 
0 41 163 
0 3 114 
0 30 120 
0 43 53 
0 7 61 
0 11 12 
0 43 104 
0 20 103 
0 52 47 
0 31 103 
0 58 52 
0 9 45 
0 25 85 
0 21 21 
0 41 37 
0 17 42 
0 36 49 
0 136 116 
0 58 33 
0 34 89 
0 60 97 
0 31 107 
0 69 160 
0 65 119 
0 50 37 
0 19 64 
0 42 50 
0 19 120 
0 12 109 
0 19 108 
0 47 20 
0 46 105 
0 39 73 
0 9 63 
0 42 138 
0 40 54 
0 22 39 
0 39 51 
0 29 209 
0 23 71 
0 58 53 
0 30 80 
0 23 136 
0 25 85 
0 49 43 
0 16 163 
0 28 43 
0 78 131 
0 33 112 
0 16 77 
0 15 138 
0 8 85 
0 43 100 
0 3 50 
0 55 71 
0 18 137 
0 32 119 
0 21 15 
0 21 72 
0 15 62 
0 48 58 
0 66 108 
0 20 157 
0 19 79 
0 18 189 
0 60 98 
0 8 109 
0 7 43 
0 43 88 
0 18 150 
0 21 54 
0 3 57 
0 18 71 
0 37 189 
0 17 65 
0 43 93 
0 33 89 
0 28 55 
0 37 44 
0 19 96 
0 35 169 
0 15 93 
0 36 80 
0 41 58 
0 9 17 
0 68 32 
0 2 96 
0 19 93 
0 46 99 
0 27 39 
0 26 135 
0 15 47 
0 20 147 
0 51 35 
0 11 45 
0 22 112 
0 7 135 
0 46 102 
0 61 73 
0 6 113 
0 19 24 
0 19 193 
0 13 67 
0 53 108 
0 15 19 
0 12 27 
0 13 47 
0 40 38 
0 59 47 
0 20 63 
0 58 96 
0 42 79 
0 49 111 
0 58 105 
0 38 43 
0 10 43 
0 50 95 
0 1 128 
0 7 106 
0 24 43 
0 15 16 
0 64 24 
0 40 32 
0 31 14 
0 58 60 
0 13 50 
0 10 118 
0 3 32 
0 7 79 
0 34 33 
0 24 47 
0 4 119 
0 37 39 
0 11 67 
0 31 48 
0 22 36 
0 27 59 
0 16 84 
0 11 65 
0 12 134 
0 28 49 
0 26 13 
0 35 77 
0 100 19 
0 9 75 
0 21 100 
0 16 37 
0 31 57 
0 40 100 
0 16 90 
0 46 29 
0 13 2 
0 19 41 
0 22 370 
0 12 84 
0 10 101 
0 9 40 
0 44 72 
0 61 107 
0 28 46 
0 17 158 
0 19 73 
0 21 160 
0 3 50 
0 33 118 
0 1 105 
0 54 15 
0 38 78 
0 31 45 
0 0 30 
0 11 58 
0 30 48 
0 54 123 
0 68 76 
0 11 115 
0 24 172 
0 42 133 
0 38 93 
0 24 186 
0 36 17 
0 50 4 
0 50 92 
0 36 34 
0 24 97 
0 16 82 
0 24 28 
0 15 120 
0 10 160 
0 22 92 
0 37 153 
0 23 59 
0 46 35 
0 16 42 
0 39 61 
0 8 110 
0 3 57 
0 36 96 
0 10 109 
0 32 48 
0 13 136 
0 8 90 
0 39 43 
0 50 84 
0 11 76 
0 12 120 
0 34 201 
0 28 94 
0 39 161 
0 15 135 
0 35 163 
0 38 153 
0 4 16 
0 28 38 
0 23 12 
0 12 64 
0 13 87 
0 34 55 
0 32 62 
0 37 95 
0 5 136 
0 95 81 
0 33 94 
0 32 19 
0 49 58 
0 25 28 
0 4 58 
0 9 98 
0 37 51 
0 9 10 
0 33 39 
0 6 67 
0 57 55 
0 26 60 
0 12 175 
0 28 62 
0 9 43 
