0 105 23 
0 63 36 
0 168 28 
0 98 36 
0 129 46 
0 147 12 
0 141 33 
0 94 30 
0 141 54 
0 105 39 
0 118 88 
0 90 66 
0 148 33 
0 116 4 
0 158 97 
0 107 8 
0 159 30 
0 155 27 
0 119 54 
0 167 30 
0 167 46 
0 121 24 
0 94 14 
0 117 32 
0 130 56 
0 128 23 
0 77 25 
0 132 39 
0 147 77 
0 127 32 
0 108 65 
0 87 58 
0 49 23 
0 166 50 
0 84 15 
0 126 14 
0 124 51 
0 130 67 
0 109 79 
0 110 27 
0 91 31 
0 74 22 
0 89 29 
0 107 33 
0 88 70 
0 100 10 
0 113 18 
0 127 12 
0 68 48 
0 137 18 
0 127 42 
0 111 45 
0 76 40 
0 89 35 
0 121 106 
0 123 80 
0 89 30 
0 140 51 
0 125 64 
0 89 51 
0 52 26 
0 93 36 
0 137 34 
0 62 51 
0 101 25 
0 136 47 
0 144 33 
0 94 45 
0 88 11 
0 108 24 
0 101 36 
0 84 12 
0 111 39 
0 118 16 
0 123 24 
0 127 37 
0 138 18 
0 156 89 
0 77 43 
0 131 25 
0 84 20 
0 121 31 
0 142 39 
0 87 31 
0 122 50 
0 112 90 
0 149 14 
0 108 48 
0 123 40 
0 149 54 
0 121 19 
0 157 20 
0 91 54 
0 70 168 
0 107 28 
0 148 59 
0 97 25 
0 92 25 
0 117 94 
0 84 24 
0 116 31 
0 110 55 
0 125 5 
0 161 47 
0 117 55 
0 117 26 
0 84 59 
0 54 52 
0 82 8 
0 121 8 
0 159 49 
0 76 28 
0 137 22 
0 116 32 
0 85 13 
0 150 29 
0 135 18 
0 159 30 
0 137 32 
0 127 35 
0 88 34 
0 98 25 
0 82 62 
0 65 20 
0 71 15 
0 99 6 
0 135 65 
0 164 27 
0 109 13 
0 78 37 
0 105 80 
0 137 20 
0 113 94 
0 83 72 
0 73 33 
0 97 19 
0 116 60 
0 123 13 
0 177 24 
0 91 72 
0 111 45 
0 100 22 
0 112 23 
0 130 0 
0 45 50 
0 108 41 
0 110 22 
0 135 29 
0 129 43 
0 111 65 
0 146 19 
0 105 37 
0 110 73 
0 63 16 
0 120 17 
0 84 36 
0 91 37 
0 80 32 
0 132 16 
0 81 28 
0 123 23 
0 128 71 
0 114 29 
0 129 53 
0 90 1 
0 79 34 
0 149 40 
0 85 12 
0 165 58 
0 93 18 
0 112 23 
0 98 69 
0 125 37 
0 96 9 
0 96 41 
0 178 27 
0 146 43 
0 91 33 
0 134 20 
0 94 9 
0 124 61 
0 102 115 
0 49 56 
0 136 16 
0 84 13 
0 104 13 
0 138 52 
0 94 8 
0 103 23 
0 120 18 
0 118 20 
0 132 43 
0 60 22 
0 146 74 
0 111 14 
0 70 29 
0 72 22 
0 159 24 
0 129 14 
0 138 67 
0 69 32 
0 135 28 
0 129 38 
0 111 20 
0 107 35 
0 117 30 
0 87 3 
0 162 83 
0 120 26 
0 157 33 
0 96 23 
0 92 62 
0 95 42 
0 160 57 
0 56 24 
0 87 25 
0 152 6 
0 138 26 
0 86 25 
0 55 9 
0 105 45 
0 101 23 
0 120 107 
0 129 23 
0 105 56 
0 147 8 
0 114 58 
0 120 40 
0 123 60 
0 93 21 
0 152 36 
0 185 34 
0 88 24 
0 85 44 
0 145 39 
0 150 29 
0 145 64 
0 79 28 
0 65 11 
0 153 34 
0 110 53 
0 81 33 
0 112 83 
0 106 74 
0 169 18 
0 76 46 
0 101 6 
0 139 29 
0 95 54 
0 86 14 
0 127 35 
0 98 53 
0 90 8 
0 116 60 
0 99 32 
0 95 64 
0 92 16 
0 146 63 
0 104 36 
0 124 14 
0 91 11 
0 112 41 
0 82 43 
0 87 70 
0 128 33 
0 145 20 
0 75 27 
0 108 38 
0 120 18 
0 115 30 
0 144 35 
0 114 57 
0 93 32 
0 106 71 
0 73 98 
0 181 86 
0 159 57 
0 80 2 
0 108 16 
0 74 63 
0 125 16 
0 100 36 
0 131 103 
0 82 61 
0 85 4 
0 131 16 
0 113 22 
0 87 32 
0 109 58 
0 72 72 
0 96 27 
0 146 34 
0 107 36 
0 110 37 
0 182 63 
0 129 50 
0 85 39 
0 121 69 
0 85 27 
0 113 25 
0 133 83 
0 140 58 
0 182 3 
0 133 35 
0 150 26 
0 87 51 
0 87 13 
0 133 21 
0 71 10 
0 100 107 
0 98 33 
0 112 40 
0 107 31 
0 90 20 
0 85 23 
0 66 31 
0 104 13 
0 97 40 
0 102 38 
0 90 28 
0 132 33 
0 148 28 
0 139 17 
0 107 58 
0 151 54 
0 140 45 
0 77 54 
0 109 69 
0 95 9 
0 113 32 
0 139 23 
0 105 42 
0 134 43 
0 158 31 
0 107 45 
0 69 15 
0 126 107 
0 82 16 
0 101 45 
0 109 44 
0 139 13 
0 103 28 
0 106 52 
0 141 41 
0 115 52 
0 125 28 
0 114 17 
0 96 35 
0 150 20 
0 78 43 
0 129 19 
0 105 14 
0 132 24 
0 150 9 
0 112 18 
0 83 54 
0 128 96 
0 178 19 
0 108 25 
0 130 18 
0 100 52 
0 170 57 
0 70 54 
0 161 25 
0 121 55 
0 79 73 
0 111 125 
0 115 7 
0 82 16 
0 62 31 
0 129 26 
0 159 30 
0 104 42 
0 107 48 
0 97 26 
0 85 77 
0 122 26 
0 110 52 
0 61 29 
0 110 29 
0 156 32 
0 110 8 
0 88 36 
0 104 29 
0 127 94 
0 106 24 
0 93 16 
0 123 43 
0 73 21 
0 126 25 
0 91 82 
0 100 3 
0 124 41 
0 103 10 
0 109 49 
0 78 59 
0 121 15 
0 136 86 
0 108 38 
0 113 11 
0 111 8 
0 147 37 
0 91 39 
0 171 80 
0 68 28 
0 124 41 
0 86 27 
0 135 61 
0 144 39 
0 127 56 
0 191 122 
0 186 30 
0 81 6 
0 165 38 
0 167 35 
0 115 56 
0 118 34 
0 112 35 
0 94 69 
0 77 46 
0 112 7 
0 143 111 
0 108 95 
0 85 20 
0 89 53 
0 142 42 
0 101 21 
0 89 18 
0 148 20 
0 155 2 
0 81 56 
0 98 33 
0 153 30 
0 103 100 
0 114 135 
0 116 14 
0 90 74 
0 129 51 
0 101 12 
0 139 9 
0 144 35 
0 66 65 
0 73 43 
0 138 33 
0 92 43 
0 100 44 
0 105 40 
0 148 20 
0 113 32 
0 90 47 
0 175 26 
0 138 22 
0 54 43 
0 96 8 
0 101 75 
0 97 14 
0 135 12 
0 100 25 
0 143 50 
0 75 21 
0 95 22 
0 139 26 
0 98 66 
0 93 6 
0 75 7 
0 105 15 
0 146 37 
0 147 9 
0 123 25 
0 163 57 
0 106 37 
0 149 67 
0 107 51 
0 102 8 
0 71 29 
0 86 33 
0 79 65 
0 49 124 
0 156 29 
0 114 64 
0 176 61 
0 171 64 
0 102 14 
0 112 38 
0 139 38 
0 119 43 
0 89 96 
0 139 14 
0 130 4 
0 102 48 
0 77 45 
0 76 57 
0 141 36 
0 135 50 
0 151 40 
0 111 8 
0 92 24 
0 99 17 
0 194 31 
0 91 66 
0 79 8 
0 78 33 
0 187 10 
0 79 62 
0 94 89 
0 99 49 
0 112 43 
0 115 28 
0 114 11 
0 134 10 
0 145 40 
0 125 39 
0 98 48 
0 213 112 
0 138 37 
0 128 16 
0 101 26 
0 132 17 
0 151 2 
0 154 40 
0 205 9 
0 79 23 
0 126 18 
0 99 59 
0 181 16 
0 120 47 
0 88 110 
0 104 39 
0 127 8 
0 75 97 
0 63 30 
0 115 35 
0 69 46 
0 108 27 
0 122 50 
0 135 65 
0 109 28 
0 97 40 
0 108 22 
0 92 15 
0 157 15 
0 111 3 
0 86 8 
0 150 30 
0 97 6 
0 148 39 
0 87 48 
0 112 90 
0 75 23 
0 69 28 
0 157 62 
0 107 5 
0 79 33 
0 86 20 
0 128 36 
0 116 26 
0 61 77 
0 111 7 
0 105 17 
0 110 40 
0 91 27 
0 87 34 
0 132 18 
0 123 26 
0 108 14 
0 149 39 
0 112 29 
0 88 15 
0 109 44 
0 128 21 
0 96 31 
0 146 32 
0 166 21 
0 104 9 
0 111 35 
0 119 14 
0 122 12 
0 117 35 
0 125 35 
0 107 62 
0 82 20 
0 128 44 
0 138 35 
0 119 34 
0 110 71 
0 84 8 
0 102 22 
0 80 72 
0 112 9 
0 117 43 
0 86 61 
0 101 28 
0 151 74 
0 135 5 
0 97 42 
0 74 1 
0 195 9 
0 94 48 
0 99 27 
0 146 6 
0 114 52 
0 90 25 
0 133 4 
0 64 50 
0 57 27 
0 137 47 
0 102 82 
0 122 12 
0 71 73 
0 133 6 
0 127 52 
0 151 11 
0 104 14 
0 88 44 
0 148 5 
0 146 39 
0 174 35 
0 122 61 
0 146 20 
0 127 22 
0 115 36 
0 170 46 
0 127 28 
0 171 27 
0 115 8 
0 133 145 
0 91 86 
0 121 23 
0 126 12 
0 134 5 
0 116 53 
0 85 22 
0 164 21 
0 83 13 
0 67 75 
0 153 20 
0 118 21 
0 71 71 
0 108 46 
0 132 74 
0 84 32 
0 106 28 
0 149 35 
0 117 80 
0 127 23 
0 101 35 
0 59 10 
0 100 92 
0 150 44 
0 48 74 
0 118 30 
0 102 47 
0 114 15 
0 109 29 
0 81 36 
0 127 43 
0 141 80 
0 124 123 
0 102 15 
0 67 25 
0 100 65 
0 99 54 
0 136 61 
0 124 42 
0 159 96 
0 137 68 
0 160 32 
0 135 51 
0 146 79 
0 77 57 
0 155 56 
0 86 42 
0 164 3 
0 102 49 
0 118 31 
0 106 62 
0 181 48 
0 177 24 
0 99 17 
0 118 18 
0 100 43 
0 65 68 
0 111 56 
0 70 35 
0 93 25 
0 87 55 
0 97 17 
0 141 14 
0 129 18 
0 134 71 
0 105 49 
0 73 52 
0 164 52 
0 74 54 
0 59 18 
0 143 44 
0 101 129 
0 87 28 
0 161 23 
0 91 6 
0 119 69 
0 103 12 
0 110 18 
0 127 14 
0 120 19 
0 98 29 
0 147 20 
0 60 42 
0 83 15 
0 76 40 
0 103 16 
0 132 41 
0 68 25 
0 105 49 
0 87 34 
0 118 54 
0 65 46 
0 111 54 
0 107 31 
0 117 11 
0 79 30 
0 113 73 
0 115 4 
0 61 64 
0 189 24 
0 86 65 
0 86 46 
0 107 60 
0 163 30 
0 103 89 
0 133 28 
0 76 34 
0 116 75 
0 108 59 
0 111 120 
0 136 40 
0 122 26 
0 139 18 
0 126 15 
0 121 5 
0 120 45 
0 123 46 
0 82 60 
0 88 57 
0 156 25 
0 78 40 
0 194 18 
0 126 5 
0 52 46 
0 93 28 
0 120 10 
0 115 10 
0 80 29 
0 145 23 
0 159 15 
0 186 60 
0 78 18 
0 89 6 
0 102 26 
0 127 62 
0 83 45 
0 88 33 
0 93 34 
0 159 27 
0 101 41 
0 96 110 
0 112 8 
0 123 48 
0 127 44 
0 98 80 
0 84 105 
0 124 38 
0 103 94 
0 84 61 
0 136 50 
0 105 44 
0 87 49 
0 103 30 
0 136 36 
0 198 26 
0 135 5 
0 126 56 
0 140 77 
0 90 17 
0 169 2 
0 94 69 
0 115 32 
0 72 8 
0 126 44 
0 157 16 
0 152 49 
0 126 65 
0 82 20 
0 160 58 
0 118 45 
0 149 44 
0 134 35 
0 82 31 
0 131 1 
0 128 21 
0 99 39 
0 153 27 
0 121 23 
0 137 21 
0 182 21 
0 148 85 
0 135 6 
0 84 65 
0 113 80 
0 84 28 
0 101 16 
0 74 18 
0 70 49 
0 98 65 
0 152 6 
0 182 23 
0 145 3 
0 88 40 
0 107 47 
0 89 76 
0 156 22 
0 94 21 
0 156 41 
0 124 52 
0 109 42 
0 134 26 
0 116 85 
0 91 3 
0 76 23 
0 82 4 
0 155 31 
0 135 22 
0 130 63 
0 144 53 
0 101 34 
0 74 36 
0 79 76 
0 129 44 
0 101 19 
0 77 48 
0 99 62 
0 106 22 
0 110 46 
0 84 54 
0 110 12 
0 68 4 
0 139 46 
0 125 25 
0 129 45 
0 72 80 
0 146 17 
0 166 48 
0 158 29 
0 53 23 
0 84 14 
0 107 74 
0 134 35 
0 144 82 
0 91 40 
0 126 78 
0 134 20 
0 198 64 
0 134 19 
0 91 9 
0 77 19 
0 116 9 
0 135 38 
0 98 61 
0 102 20 
0 87 54 
0 139 63 
0 153 36 
0 84 39 
0 145 10 
0 141 35 
0 161 16 
0 89 68 
0 66 80 
0 101 13 
0 128 24 
0 158 26 
0 116 66 
0 118 57 
0 120 34 
0 57 23 
0 118 54 
0 149 10 
0 146 31 
0 174 21 
0 201 22 
0 112 35 
0 88 6 
0 81 70 
0 83 26 
0 98 27 
0 121 36 
0 93 8 
0 113 14 
0 110 42 
0 71 51 
0 67 65 
0 125 26 
0 112 37 
0 137 22 
0 98 71 
0 120 23 
0 128 28 
0 122 57 
0 113 10 
0 148 16 
0 114 30 
0 104 18 
0 79 66 
0 101 63 
0 130 37 
0 86 74 
0 140 23 
0 111 13 
0 153 12 
0 80 16 
0 73 9 
0 143 32 
0 120 31 
0 161 24 
0 125 24 
0 111 39 
0 129 8 
0 112 24 
0 89 3 
0 107 25 
0 105 68 
0 77 42 
0 98 52 
0 132 16 
0 85 29 
0 109 44 
0 118 84 
0 108 63 
0 103 53 
0 165 28 
0 68 13 
0 128 54 
0 92 17 
0 143 91 
0 89 38 
0 123 27 
0 132 64 
0 126 20 
0 87 32 
0 112 8 
0 60 30 
0 95 36 
0 126 23 
0 85 7 
0 107 19 
0 98 67 
0 144 11 
0 90 56 
0 120 53 
0 77 25 
0 158 13 
0 131 34 
0 83 108 
0 131 153 
0 89 42 
0 104 31 
0 143 66 
0 130 34 
0 140 22 
0 144 83 
0 134 14 
0 145 56 
0 112 54 
0 141 91 
0 138 22 
0 142 32 
0 108 9 
0 122 68 
0 106 31 
0 70 33 
0 145 30 
0 167 36 
0 121 15 
0 120 22 
0 125 29 
0 110 70 
0 55 50 
0 78 13 
0 114 28 
0 108 47 
0 100 98 
0 119 31 
0 115 64 
0 56 23 
0 147 7 
0 111 69 
0 66 35 
0 75 89 
0 94 15 
0 102 51 
