1 100 255 101 0 
6 74 59 37 0 
2 52 132 103 0 
3 67 224 19 11 
1 42 212 139 0 
1 10 191 92 14 
6 34 153 32 0 
11 100 49 113 0 
3 168 79 94 11 
16 55 113 63 0 
16 123 80 75 0 
2 90 150 87 19 
0 72 111 230 0 
12 37 170 28 0 
9 81 113 46 0 
27 20 231 103 0 
3 172 57 118 0 
20 45 105 71 0 
7 4 153 49 0 
3 132 86 157 0 
20 116 203 18 0 
5 106 111 96 0 
46 132 170 12 6 
27 121 119 69 0 
10 1 183 112 38 
13 35 207 4 8 
9 40 193 85 2 
1 7 145 103 0 
6 231 175 56 0 
2 26 201 93 0 
33 80 171 165 0 
10 15 219 20 9 
1 40 123 72 0 
4 14 172 16 0 
13 22 222 96 3 
4 54 280 15 0 
6 34 178 126 0 
7 113 180 90 0 
3 54 216 81 0 
6 78 153 48 1 
11 93 128 14 0 
2 23 156 67 0 
8 70 286 65 6 
15 71 217 59 0 
10 47 142 35 0 
14 78 201 32 0 
13 68 144 80 0 
10 91 137 64 0 
8 132 119 9 0 
13 119 110 48 3 
2 61 151 151 0 
1 56 178 24 0 
21 113 164 47 13 
2 63 120 79 0 
0 85 229 52 12 
17 41 227 129 2 
1 158 124 4 0 
3 96 154 19 8 
5 32 137 65 16 
1 100 276 62 11 
13 9 174 64 0 
6 21 179 28 36 
3 73 229 52 0 
3 66 157 78 2 
5 29 195 112 0 
22 89 113 131 31 
17 123 175 44 2 
7 40 226 117 12 
3 48 122 124 3 
11 38 262 109 9 
7 96 152 25 0 
4 103 319 30 0 
1 51 152 47 0 
2 70 76 26 1 
15 25 136 27 17 
0 147 269 89 0 
9 51 222 15 0 
3 129 196 35 37 
11 42 246 37 0 
1 41 274 67 1 
10 33 109 82 0 
6 86 251 21 15 
0 120 206 101 0 
24 32 344 143 0 
5 15 259 27 0 
2 45 124 151 0 
13 90 192 16 0 
1 15 292 42 0 
21 20 143 60 1 
2 74 178 30 0 
1 5 145 193 1 
2 56 162 135 0 
9 81 194 37 0 
17 56 147 403 9 
5 62 257 110 0 
11 102 254 32 0 
13 70 116 60 0 
4 46 226 47 0 
2 116 119 20 0 
16 87 240 34 0 
16 22 174 53 52 
14 68 88 39 0 
2 49 86 60 1 
11 33 228 112 33 
5 117 139 174 1 
9 59 196 83 0 
2 35 226 29 0 
16 178 223 24 0 
7 85 102 115 0 
14 88 172 101 0 
12 95 139 86 23 
3 54 248 82 0 
3 181 120 104 1 
8 85 143 56 1 
3 77 267 52 0 
7 64 231 62 0 
19 37 232 42 0 
0 139 91 145 0 
17 70 221 29 0 
12 32 192 65 4 
6 112 269 79 12 
5 103 180 9 0 
25 112 138 64 0 
16 38 112 104 4 
4 77 148 28 0 
2 107 137 106 0 
11 67 103 165 0 
5 107 109 33 17 
15 101 99 33 0 
4 56 131 109 0 
10 85 149 48 0 
6 84 135 209 0 
2 41 178 30 14 
8 21 190 22 0 
12 79 257 29 0 
11 129 243 38 0 
2 104 215 66 10 
12 34 138 88 0 
2 45 276 60 0 
2 93 164 107 0 
3 30 175 95 0 
13 53 111 28 6 
1 62 89 139 12 
1 66 256 82 0 
3 33 195 99 0 
21 25 95 23 2 
21 41 155 34 0 
2 27 232 68 0 
2 156 83 86 0 
36 58 294 17 0 
3 87 192 31 0 
7 22 187 22 5 
13 49 148 45 2 
2 179 135 32 5 
11 98 175 56 3 
9 20 214 25 51 
3 61 173 96 0 
0 23 198 136 0 
24 68 102 137 0 
6 54 138 20 0 
29 115 123 48 0 
0 60 105 34 0 
4 36 193 91 19 
6 23 130 23 0 
2 63 95 12 70 
8 50 153 47 0 
18 43 142 56 0 
10 18 397 17 0 
20 67 91 61 0 
0 97 231 68 0 
13 73 105 98 0 
1 34 300 128 35 
4 52 121 87 0 
0 118 156 44 39 
3 61 91 82 0 
5 97 116 131 0 
0 29 229 73 69 
3 80 257 42 8 
0 109 128 115 0 
9 83 239 30 0 
27 38 134 26 3 
6 23 205 112 0 
18 60 110 55 0 
4 76 158 40 0 
50 65 166 156 0 
52 96 207 14 0 
36 35 182 61 0 
12 41 171 29 0 
10 54 182 27 0 
3 91 261 25 0 
0 17 126 51 18 
20 55 215 33 4 
8 17 125 81 0 
10 125 72 60 0 
1 152 92 20 0 
15 33 239 31 3 
2 70 249 30 1 
3 109 86 101 0 
34 40 165 3 14 
13 102 241 54 21 
21 160 243 119 13 
5 93 287 2 0 
3 34 180 59 0 
6 133 408 55 0 
68 82 160 37 26 
29 45 165 18 0 
2 54 163 75 21 
6 27 219 71 0 
38 53 131 47 0 
11 103 250 57 0 
6 85 38 173 0 
5 27 96 29 1 
4 47 263 54 19 
1 25 94 45 0 
1 64 159 53 0 
1 34 110 80 0 
1 146 150 46 0 
14 92 160 58 0 
0 146 223 89 0 
0 141 149 50 0 
6 43 173 99 0 
3 13 89 46 0 
4 54 261 17 35 
17 74 179 18 0 
2 53 271 74 24 
17 43 149 47 0 
15 39 324 82 48 
20 56 172 38 0 
7 74 95 35 5 
0 51 255 42 1 
4 38 115 59 0 
29 117 124 56 0 
0 38 178 139 0 
17 169 95 80 1 
3 56 139 85 0 
7 39 132 39 0 
5 8 186 50 1 
15 106 141 133 0 
23 132 161 42 0 
31 71 159 84 11 
4 76 139 153 0 
9 151 85 24 0 
1 44 142 38 0 
7 60 130 69 6 
9 45 72 116 0 
29 48 343 92 0 
0 50 72 18 0 
0 96 173 12 0 
8 79 267 46 0 
3 104 83 15 0 
20 29 136 57 14 
0 68 154 168 0 
10 30 264 84 0 
3 45 259 51 1 
2 80 96 98 1 
14 138 138 81 0 
1 55 219 121 0 
0 26 171 52 2 
1 34 155 86 7 
4 57 115 20 10 
8 39 168 37 0 
3 69 131 46 1 
3 69 234 76 0 
4 88 211 92 5 
25 90 119 20 0 
3 72 143 96 0 
15 100 145 39 0 
3 28 121 46 0 
2 60 152 51 0 
17 49 192 56 0 
5 73 301 20 1 
2 32 154 112 0 
6 26 185 51 0 
7 49 167 65 0 
2 133 170 73 10 
3 69 130 72 0 
0 48 182 81 0 
2 52 175 97 0 
16 75 106 58 0 
8 52 151 23 1 
41 109 123 64 0 
6 23 45 167 0 
3 62 296 26 5 
14 84 137 34 1 
6 63 223 33 2 
16 98 178 138 0 
2 72 59 30 1 
2 135 250 31 7 
7 78 116 49 0 
2 96 275 78 0 
5 17 63 112 0 
13 110 108 47 0 
0 55 123 119 29 
1 139 127 80 0 
0 18 172 13 0 
11 72 200 117 0 
1 19 175 97 4 
10 21 137 46 0 
20 57 194 39 0 
0 76 239 125 0 
4 114 157 41 9 
4 32 157 19 5 
1 114 161 84 1 
3 61 170 161 1 
27 76 239 10 0 
7 113 154 30 4 
15 54 235 69 0 
8 106 150 51 4 
3 36 101 84 0 
5 36 213 33 0 
24 45 111 55 36 
0 48 210 22 0 
8 55 293 194 0 
11 91 172 35 0 
21 56 162 19 1 
8 163 158 116 4 
1 76 232 15 0 
8 132 117 41 0 
14 27 146 39 0 
38 36 164 68 0 
7 18 188 89 0 
4 63 253 120 3 
1 40 169 69 4 
0 101 203 64 0 
8 65 176 97 0 
5 54 327 72 0 
19 65 246 40 0 
11 107 174 93 0 
6 95 127 26 11 
11 10 83 48 17 
13 57 133 96 0 
2 64 176 54 0 
12 20 174 48 0 
6 125 72 60 15 
2 59 115 72 0 
7 49 50 72 0 
6 52 182 64 0 
6 88 255 34 0 
5 50 177 90 0 
3 50 102 91 0 
16 47 158 37 1 
5 114 97 103 0 
24 33 107 48 0 
7 43 130 30 0 
13 36 132 145 28 
8 83 147 43 12 
1 107 38 116 0 
53 87 181 127 0 
11 24 120 108 0 
6 113 286 86 2 
3 21 231 92 1 
18 49 256 7 0 
23 21 194 60 4 
4 84 177 46 11 
25 107 181 26 0 
1 95 246 86 0 
16 78 101 148 0 
0 115 107 31 0 
7 20 28 95 26 
12 70 92 36 0 
14 100 156 112 0 
7 117 220 36 0 
12 104 229 114 0 
0 13 228 23 0 
2 71 191 65 0 
0 123 155 66 0 
6 161 162 57 0 
0 54 170 79 0 
5 165 168 42 0 
3 64 231 25 16 
41 159 63 68 0 
0 78 113 11 9 
2 37 191 82 12 
20 75 315 63 0 
4 26 154 51 0 
0 14 240 59 5 
0 1 298 104 0 
2 113 193 98 0 
11 105 137 29 0 
0 108 132 128 0 
17 78 158 91 0 
1 216 301 26 35 
8 58 216 40 0 
0 34 82 133 1 
2 20 174 39 0 
20 54 137 95 35 
10 46 142 135 5 
10 132 92 117 0 
10 75 210 14 0 
5 118 134 72 0 
6 137 155 5 3 
3 34 111 203 2 
2 59 168 45 0 
4 182 157 48 0 
8 67 182 49 0 
5 38 127 117 0 
2 65 261 85 0 
15 89 71 34 0 
1 168 167 54 0 
2 55 178 271 0 
10 81 147 37 0 
1 106 128 57 0 
7 104 127 91 35 
5 104 286 25 0 
25 71 113 37 0 
4 130 150 13 0 
23 53 181 24 0 
23 38 342 21 0 
1 23 226 57 0 
0 53 91 90 0 
12 37 300 56 0 
10 109 141 44 0 
14 79 106 32 12 
2 71 167 112 0 
21 69 227 33 0 
9 88 122 148 0 
3 78 158 66 0 
0 23 99 106 0 
0 52 276 78 0 
7 80 100 58 0 
1 35 159 55 0 
4 49 139 120 0 
2 84 149 61 3 
7 29 315 43 1 
3 70 153 174 0 
40 65 170 31 0 
9 59 127 74 0 
1 102 146 17 1 
2 60 245 17 0 
22 87 252 148 0 
20 85 112 35 0 
5 178 56 97 77 
9 41 257 43 0 
9 29 171 39 0 
26 13 169 139 0 
1 38 83 79 11 
15 18 87 48 13 
0 34 107 57 0 
3 32 177 51 0 
2 155 122 100 0 
5 52 279 87 0 
1 66 177 105 0 
0 80 240 87 1 
2 37 186 42 0 
10 28 232 93 0 
8 114 168 46 8 
0 23 344 42 0 
0 51 132 62 1 
4 101 189 160 0 
2 51 164 126 0 
3 61 107 128 0 
2 59 123 101 0 
0 73 110 91 0 
2 89 255 81 23 
19 72 98 107 0 
3 16 158 34 0 
10 83 95 100 2 
29 48 195 31 9 
0 55 247 66 0 
5 123 157 63 0 
9 21 123 68 3 
1 113 184 13 24 
3 22 153 25 0 
30 295 125 41 0 
8 100 228 69 0 
7 46 160 32 0 
10 96 187 72 0 
6 34 88 133 0 
2 52 212 77 0 
3 56 146 42 14 
6 133 218 54 27 
9 35 313 71 3 
2 63 162 73 1 
2 106 109 49 0 
17 29 80 78 17 
7 25 182 45 0 
7 95 100 94 1 
4 85 87 153 0 
9 137 120 79 0 
1 28 138 100 0 
11 13 280 121 0 
19 40 124 44 0 
8 49 265 45 0 
3 18 98 120 2 
6 44 200 52 0 
11 135 170 46 0 
3 69 329 83 0 
6 51 205 30 0 
11 150 117 84 49 
10 183 208 85 0 
15 133 189 30 1 
19 60 152 61 0 
6 120 198 26 0 
1 18 324 23 0 
7 56 165 80 17 
11 133 131 61 1 
18 43 134 89 0 
3 23 86 142 0 
2 95 148 8 0 
15 50 121 29 2 
4 76 199 62 0 
1 205 143 105 16 
7 16 134 90 0 
12 89 173 71 0 
3 25 94 47 0 
12 58 258 72 0 
11 77 267 9 0 
6 42 113 43 2 
0 89 75 144 0 
3 53 228 162 0 
9 87 251 26 0 
8 121 248 127 0 
3 92 229 38 0 
5 45 277 90 0 
14 24 179 47 0 
5 81 193 59 0 
17 46 209 30 0 
28 28 161 55 0 
0 50 199 75 0 
5 63 172 81 0 
23 30 173 29 0 
4 89 154 63 0 
55 96 129 52 0 
5 122 183 75 0 
6 72 178 54 0 
0 58 159 47 0 
16 14 61 168 0 
43 59 153 78 0 
0 72 239 77 2 
3 20 49 167 11 
38 60 137 79 0 
18 22 139 87 42 
4 140 264 177 0 
0 67 173 27 0 
13 107 438 146 0 
21 75 273 60 6 
4 79 131 96 0 
10 44 313 10 0 
0 4 171 85 0 
7 111 163 57 0 
3 66 83 127 16 
21 117 150 103 6 
8 42 147 38 0 
7 65 119 227 0 
20 66 209 159 0 
4 14 137 48 0 
11 129 169 8 0 
4 76 169 19 0 
24 36 110 33 8 
4 48 108 82 0 
2 51 134 34 3 
6 6 178 159 0 
3 55 226 62 0 
8 137 108 114 4 
0 85 374 47 0 
6 94 276 72 0 
8 87 96 73 0 
4 67 125 72 0 
10 107 76 44 0 
26 41 183 72 0 
15 118 147 77 0 
5 20 140 35 0 
4 64 265 49 2 
10 48 175 112 4 
12 59 162 78 0 
10 22 208 140 1 
20 74 184 37 0 
6 92 162 109 0 
6 128 305 56 0 
17 24 134 78 19 
7 65 105 41 0 
1 51 142 42 0 
30 114 273 53 0 
19 30 187 35 4 
10 102 258 31 0 
6 40 404 57 11 
7 29 169 106 0 
4 105 183 57 0 
6 66 193 98 0 
44 67 207 72 3 
10 99 177 89 1 
20 67 78 125 5 
7 27 214 119 0 
4 15 117 99 0 
1 61 138 114 0 
0 117 240 29 0 
5 50 107 35 0 
4 96 278 51 0 
1 69 109 62 8 
0 79 186 167 0 
23 83 103 36 0 
0 36 228 93 0 
8 63 100 54 0 
1 77 120 75 0 
1 101 183 31 0 
4 120 88 95 0 
17 32 162 26 5 
2 51 186 11 18 
6 195 49 50 0 
2 71 158 66 0 
1 39 136 90 43 
1 57 307 82 0 
31 73 191 47 0 
0 23 241 82 0 
23 30 150 43 0 
3 45 190 33 1 
4 47 119 107 6 
8 72 329 3 0 
10 64 258 80 0 
2 70 148 130 0 
0 84 179 125 0 
1 61 232 22 0 
10 128 140 31 2 
32 63 355 77 0 
30 74 175 60 0 
21 93 116 29 8 
15 83 215 23 7 
33 19 78 46 0 
4 47 211 38 0 
10 61 192 101 0 
0 198 122 30 0 
0 59 121 41 27 
5 54 150 31 48 
28 39 140 109 3 
12 107 131 205 0 
1 60 143 35 0 
2 86 94 157 56 
22 56 138 32 0 
6 61 147 98 1 
1 68 149 125 0 
10 138 108 155 0 
3 119 237 19 16 
5 34 166 116 0 
3 72 191 35 1 
0 126 67 21 3 
10 69 155 38 0 
9 149 127 18 0 
4 122 145 41 0 
24 14 239 39 5 
6 73 99 111 10 
6 47 254 98 0 
1 52 140 91 0 
14 61 328 40 1 
21 216 208 39 0 
2 88 141 101 0 
25 79 102 60 0 
0 29 199 113 7 
56 51 84 86 5 
8 104 169 77 0 
12 103 278 41 1 
20 124 144 75 5 
13 119 122 15 0 
14 50 240 10 0 
9 79 257 43 6 
1 59 178 72 0 
11 44 142 75 0 
20 27 311 17 0 
1 28 198 143 0 
2 48 200 134 0 
0 45 86 45 0 
1 38 220 59 1 
11 114 235 48 0 
3 33 114 98 1 
2 71 152 156 0 
9 43 91 40 0 
10 177 116 114 0 
4 32 192 37 0 
7 27 199 29 0 
16 30 191 65 25 
3 42 230 89 0 
15 102 93 20 0 
20 39 152 85 3 
3 138 140 127 0 
15 73 202 49 2 
29 34 164 23 0 
8 114 183 62 0 
6 24 264 71 0 
7 109 150 91 0 
4 26 203 103 0 
10 118 172 36 0 
5 179 119 92 0 
14 35 90 24 0 
11 63 180 68 0 
4 70 129 123 18 
10 47 125 54 0 
1 22 130 52 0 
0 99 197 32 16 
1 95 283 181 0 
12 50 159 69 0 
5 81 243 2 0 
49 65 226 10 75 
4 71 95 82 7 
20 58 178 32 2 
3 60 109 32 0 
2 123 145 47 0 
2 44 116 69 0 
10 114 76 57 0 
4 88 251 20 0 
18 98 262 51 0 
5 80 240 129 0 
20 84 204 47 4 
5 89 174 56 0 
6 67 111 74 1 
18 75 137 43 17 
8 83 150 68 0 
14 86 232 99 0 
5 46 186 60 0 
1 82 150 89 0 
0 46 110 106 65 
5 88 165 53 0 
11 90 169 35 7 
0 115 144 60 3 
2 42 264 87 11 
16 25 257 98 0 
0 52 172 171 0 
0 128 134 26 10 
8 95 44 16 15 
4 46 111 88 0 
1 87 195 52 2 
8 74 149 37 0 
15 85 240 38 11 
6 21 75 60 0 
0 72 179 105 11 
3 49 273 73 0 
23 74 196 95 0 
9 31 121 20 9 
3 114 172 126 12 
3 62 180 74 4 
1 46 171 79 0 
19 81 234 7 0 
9 36 136 100 0 
2 86 193 92 0 
2 46 150 92 0 
0 35 157 121 0 
7 105 85 66 0 
1 70 218 145 0 
2 42 84 160 0 
1 26 129 85 0 
3 24 246 34 3 
1 91 122 47 0 
6 151 151 24 19 
2 97 66 68 1 
12 45 319 79 0 
25 64 110 163 0 
4 125 149 52 0 
3 49 157 83 0 
17 51 294 120 4 
7 32 90 91 5 
58 74 153 34 0 
9 35 177 29 0 
42 120 106 79 0 
2 19 165 47 0 
5 35 261 107 0 
18 136 250 87 0 
19 75 210 85 0 
3 69 95 37 6 
8 59 198 6 3 
6 50 183 10 0 
25 36 92 133 0 
11 131 92 44 0 
17 85 252 95 0 
8 90 295 75 1 
5 90 167 57 0 
9 63 231 90 0 
51 95 110 46 0 
34 124 124 85 0 
10 31 121 42 19 
5 22 209 60 0 
6 85 111 54 0 
3 57 172 45 0 
4 99 210 36 0 
4 37 272 83 2 
12 35 214 26 0 
12 77 145 90 1 
4 80 238 163 1 
4 27 158 4 0 
24 52 275 55 1 
7 73 262 34 1 
19 60 208 57 0 
11 22 307 52 0 
6 61 143 19 7 
13 130 62 57 0 
5 17 289 104 0 
4 127 126 16 13 
17 157 250 57 0 
7 131 188 85 1 
9 40 138 112 0 
8 59 257 54 0 
0 103 297 45 1 
3 90 266 112 0 
8 114 232 38 0 
0 47 121 31 11 
12 17 216 76 1 
2 26 277 174 0 
3 41 133 80 0 
13 97 156 68 1 
10 29 176 68 1 
4 62 96 118 0 
1 114 229 55 13 
0 15 228 27 4 
3 53 102 169 4 
6 63 146 73 0 
6 70 202 71 1 
16 26 163 48 21 
10 17 228 64 1 
6 22 376 74 11 
5 44 165 78 3 
16 134 111 65 0 
15 91 147 80 0 
7 205 167 32 0 
2 36 229 60 0 
17 134 216 26 0 
11 86 175 26 8 
2 69 207 27 1 
35 83 151 34 0 
21 119 191 41 6 
50 50 214 61 54 
2 44 135 125 1 
10 26 123 93 7 
0 259 183 68 0 
4 121 132 11 0 
13 34 176 6 0 
3 66 134 27 0 
12 100 167 67 0 
4 125 140 5 0 
47 108 87 41 0 
0 90 137 137 53 
17 58 220 85 0 
5 30 118 141 0 
6 26 201 77 2 
8 42 145 51 1 
5 57 184 93 0 
9 83 154 59 34 
2 41 222 28 0 
5 98 121 123 18 
0 38 121 195 1 
1 162 83 64 0 
3 42 302 82 0 
16 87 65 173 0 
7 38 171 97 3 
29 40 222 65 0 
2 222 212 25 0 
19 30 169 89 0 
14 80 104 28 0 
41 55 212 77 12 
6 47 95 74 0 
24 32 124 43 0 
13 21 104 137 0 
13 48 206 84 0 
13 20 154 96 0 
3 132 144 66 1 
7 137 220 110 4 
2 75 128 117 0 
3 201 258 27 0 
3 55 155 70 2 
16 58 202 68 0 
14 29 110 96 10 
4 65 121 108 0 
2 116 210 68 0 
20 11 194 124 0 
10 35 164 20 7 
0 130 123 66 0 
0 16 182 149 1 
25 36 136 6 0 
4 53 160 80 1 
11 26 160 87 0 
31 154 188 65 0 
1 85 145 64 13 
0 4 214 74 1 
5 146 130 42 0 
30 37 62 48 39 
0 65 246 31 4 
33 29 237 36 2 
1 16 172 134 58 
0 46 214 64 11 
4 36 122 139 0 
0 101 179 37 0 
8 25 222 93 3 
3 78 188 32 0 
19 45 354 24 9 
4 48 191 71 0 
1 149 205 30 0 
2 30 353 117 0 
9 113 125 7 10 
0 73 127 62 0 
7 12 137 91 0 
3 110 119 100 0 
4 27 87 195 0 
2 37 124 112 0 
4 42 43 27 0 
1 37 143 24 0 
9 42 115 175 16 
13 37 123 102 0 
1 57 189 58 5 
28 19 243 105 0 
3 38 99 47 0 
6 36 135 44 1 
23 115 236 113 0 
10 13 198 101 0 
2 26 114 36 0 
11 18 167 46 0 
11 112 133 60 0 
2 61 88 52 1 
7 110 81 178 2 
0 54 263 85 0 
29 47 190 58 19 
13 29 148 66 16 
9 37 175 119 1 
3 50 269 82 0 
1 71 255 74 27 
2 35 138 70 0 
1 95 226 56 3 
4 81 134 103 1 
6 51 214 72 0 
5 149 239 74 0 
3 67 312 86 0 
11 87 231 51 3 
6 30 173 42 1 
9 72 126 83 0 
5 41 190 79 0 
0 81 231 97 0 
4 47 217 38 0 
17 75 48 69 0 
9 117 110 44 0 
0 59 190 51 0 
5 26 256 7 17 
8 36 110 94 0 
0 48 177 11 0 
4 20 260 0 13 
15 163 97 45 1 
0 130 68 43 0 
2 175 219 25 0 
3 65 315 96 6 
2 100 196 35 30 
1 38 173 141 1 
0 143 136 79 2 
1 80 86 62 0 
12 64 122 111 11 
2 65 158 78 1 
3 46 309 92 0 
5 51 246 24 0 
1 68 132 27 10 
3 67 220 80 18 
0 87 144 25 0 
10 18 112 54 122 
3 80 246 37 0 
9 40 121 32 0 
6 44 113 239 0 
27 99 167 15 0 
8 120 183 82 1 
22 14 245 49 0 
2 71 197 90 0 
20 21 124 35 52 
27 25 169 19 13 
13 83 85 62 1 
7 20 124 137 0 
3 62 167 123 0 
4 94 113 92 0 
3 31 182 48 0 
6 120 165 74 0 
14 7 132 85 41 
8 76 291 31 0 
0 26 203 223 0 
13 38 155 100 0 
3 88 267 64 0 
2 15 414 11 0 
11 18 319 48 0 
3 11 146 26 6 
1 37 208 32 0 
11 94 41 89 5 
17 120 147 45 0 
3 46 207 109 0 
40 68 90 112 0 
0 107 107 45 1 
18 38 287 12 0 
17 102 201 40 0 
22 135 128 64 1 
10 62 66 110 0 
8 95 158 19 1 
1 96 212 22 0 
5 21 258 41 7 
10 6 141 54 0 
12 91 201 71 0 
2 46 111 46 0 
5 82 135 97 13 
2 40 174 139 0 
1 93 168 160 21 
2 41 237 29 15 
2 24 147 54 26 
28 65 205 134 0 
20 42 257 118 1 
1 65 138 30 0 
10 101 66 28 0 
5 84 71 167 29 
2 42 119 86 1 
4 14 194 61 0 
9 20 212 110 1 
6 89 320 73 1 
14 122 107 85 21 
7 13 132 70 0 
