0 13 75 
0 3 154 
0 4 148 
0 36 132 
0 8 132 
0 30 94 
0 16 105 
0 8 72 
0 22 112 
0 13 198 
0 11 108 
0 19 110 
0 9 90 
0 25 48 
0 3 117 
0 16 80 
0 28 118 
0 92 42 
0 30 92 
0 22 116 
0 5 80 
0 22 66 
0 82 79 
0 23 118 
0 34 49 
0 11 74 
0 24 93 
0 21 151 
0 20 126 
0 41 88 
0 48 82 
0 33 118 
0 9 59 
0 17 92 
0 61 165 
0 45 50 
0 20 36 
0 32 51 
0 28 89 
0 37 161 
0 39 53 
0 45 75 
0 51 52 
0 13 121 
0 27 82 
0 21 161 
0 35 97 
0 18 51 
0 29 89 
0 24 82 
0 28 74 
0 66 141 
0 31 51 
0 20 155 
0 11 198 
0 24 58 
0 30 82 
0 14 96 
0 42 66 
0 40 46 
0 0 83 
0 44 67 
0 71 81 
0 22 211 
0 25 106 
0 37 46 
0 58 75 
0 11 97 
0 13 95 
0 48 67 
0 10 164 
0 23 34 
0 37 27 
0 40 41 
0 23 108 
0 32 130 
0 24 86 
0 12 69 
0 22 23 
0 7 44 
0 19 109 
0 16 74 
0 34 241 
0 0 142 
0 49 70 
0 33 119 
0 56 55 
0 33 57 
0 30 105 
0 11 102 
0 9 79 
0 25 21 
0 32 97 
0 31 26 
0 28 96 
0 45 101 
0 31 131 
0 52 96 
0 17 129 
0 56 81 
0 10 167 
0 36 149 
0 8 93 
0 30 52 
0 9 124 
0 6 161 
0 6 74 
0 30 96 
0 51 87 
0 11 66 
0 40 109 
0 2 160 
0 15 54 
0 26 123 
0 20 72 
0 28 80 
0 32 132 
0 25 85 
0 27 253 
0 42 144 
0 24 94 
0 33 84 
0 26 156 
0 22 95 
0 35 192 
0 41 102 
0 56 37 
0 62 39 
0 30 71 
0 17 98 
0 16 107 
0 26 98 
0 44 102 
0 29 88 
0 5 56 
0 11 91 
0 43 76 
0 68 81 
0 32 36 
0 32 169 
0 37 154 
0 3 182 
0 52 142 
0 45 45 
0 38 139 
0 19 38 
0 27 69 
0 24 79 
0 45 86 
0 37 70 
0 39 40 
0 37 101 
0 36 87 
0 13 76 
0 38 91 
0 15 95 
0 6 49 
0 27 36 
0 28 71 
0 36 37 
0 18 84 
0 26 101 
0 34 99 
0 20 58 
0 7 60 
0 31 83 
0 9 105 
0 9 53 
0 23 57 
0 20 87 
0 24 56 
0 14 82 
0 25 86 
0 20 77 
0 50 53 
0 56 95 
0 11 40 
0 17 91 
0 42 77 
0 17 61 
0 17 91 
0 21 21 
0 28 41 
0 21 86 
0 35 104 
0 15 155 
0 34 50 
0 33 69 
0 26 109 
0 42 64 
0 23 71 
0 6 33 
0 59 91 
0 33 87 
0 22 107 
0 29 72 
0 26 69 
0 31 81 
0 15 131 
0 16 42 
0 3 35 
0 21 72 
0 30 145 
0 15 94 
0 6 84 
0 21 147 
0 29 77 
0 18 80 
0 25 48 
0 15 143 
0 7 74 
0 18 94 
0 35 169 
0 27 41 
0 34 48 
0 6 125 
0 18 201 
0 7 105 
0 25 58 
0 57 113 
0 29 117 
0 24 89 
0 57 136 
0 57 74 
0 22 75 
0 20 101 
0 26 54 
0 11 62 
0 21 54 
0 22 76 
0 20 164 
0 40 106 
0 19 93 
0 58 161 
0 8 87 
0 68 85 
0 18 218 
0 31 110 
0 18 60 
0 26 77 
0 1 69 
0 37 87 
0 43 148 
0 21 52 
0 51 85 
0 6 87 
0 30 61 
0 30 122 
0 33 80 
0 28 60 
0 7 145 
0 55 60 
0 14 67 
0 43 24 
0 47 104 
0 12 98 
0 16 139 
0 31 116 
0 38 99 
0 64 80 
0 9 88 
0 43 94 
0 36 118 
0 20 63 
0 10 68 
0 27 135 
0 23 81 
0 25 75 
0 29 103 
0 32 59 
0 42 89 
0 95 125 
0 28 79 
0 40 54 
0 24 36 
0 18 58 
0 54 42 
0 6 71 
0 31 84 
0 12 54 
0 27 62 
0 19 75 
0 96 67 
0 25 68 
0 39 80 
0 33 102 
0 18 88 
0 31 49 
0 34 140 
0 15 29 
0 40 103 
0 20 100 
0 7 127 
0 29 116 
0 40 35 
0 37 115 
0 65 37 
0 10 87 
0 21 68 
0 37 76 
0 10 131 
0 18 91 
0 24 47 
0 20 72 
0 27 168 
0 44 84 
0 49 69 
0 25 70 
0 38 57 
0 52 109 
0 15 109 
0 46 31 
0 39 82 
0 47 60 
0 47 52 
0 11 138 
0 30 150 
0 23 79 
0 13 73 
0 65 119 
0 25 140 
0 16 144 
0 29 75 
0 35 95 
0 35 135 
0 33 121 
0 19 43 
0 50 76 
0 34 85 
0 19 74 
0 26 75 
0 23 32 
0 32 75 
0 34 86 
0 20 92 
0 8 132 
0 16 73 
0 13 62 
0 17 55 
0 33 109 
0 7 104 
0 36 55 
0 33 175 
0 25 152 
0 38 93 
0 18 70 
0 16 70 
0 31 108 
0 6 117 
0 27 87 
0 37 56 
0 14 79 
0 33 51 
0 39 47 
0 22 74 
0 18 96 
0 11 119 
0 24 127 
0 20 126 
0 20 89 
0 17 65 
0 35 175 
0 30 49 
0 14 84 
0 30 54 
0 69 59 
0 5 54 
0 48 76 
0 42 86 
0 5 92 
0 22 92 
0 25 77 
0 23 89 
0 66 94 
0 32 103 
0 12 88 
0 34 94 
0 26 62 
0 13 90 
0 31 48 
0 7 136 
0 26 59 
0 12 62 
0 8 54 
0 31 56 
0 35 65 
0 38 95 
0 19 73 
0 9 98 
0 50 101 
0 57 53 
0 38 89 
0 19 88 
0 48 154 
0 25 154 
0 32 101 
0 10 89 
0 29 116 
0 77 46 
0 19 73 
0 50 87 
0 24 107 
0 58 64 
0 35 163 
0 19 95 
0 10 78 
0 37 73 
0 23 93 
0 34 69 
0 52 78 
0 20 131 
0 32 122 
0 75 76 
0 112 83 
0 41 80 
0 17 48 
0 49 60 
0 35 90 
0 10 145 
0 26 101 
0 17 97 
0 17 102 
0 31 75 
0 38 82 
0 15 61 
0 33 34 
0 56 117 
0 46 170 
0 23 108 
0 39 104 
0 26 83 
0 24 148 
0 16 50 
0 38 77 
0 21 119 
0 12 81 
0 48 164 
0 44 67 
0 34 105 
0 26 106 
0 23 73 
0 17 80 
0 45 68 
0 23 89 
0 20 54 
0 30 117 
0 33 91 
0 20 53 
0 48 71 
0 25 101 
0 31 96 
0 29 61 
0 33 65 
0 25 35 
0 23 120 
0 28 88 
0 33 35 
0 15 59 
0 14 64 
0 20 165 
0 23 103 
0 19 151 
0 28 66 
0 58 76 
0 36 120 
0 17 53 
0 60 68 
0 17 41 
0 45 134 
0 14 68 
0 19 139 
0 11 72 
0 17 73 
0 6 103 
0 14 127 
0 10 126 
0 8 92 
0 13 108 
0 16 80 
0 42 45 
0 18 93 
0 17 83 
0 37 47 
0 38 35 
0 32 67 
0 53 68 
0 32 148 
0 5 98 
0 42 27 
0 3 139 
0 14 102 
0 12 44 
0 29 55 
0 30 67 
0 30 73 
0 24 146 
0 19 103 
0 17 131 
0 39 72 
0 17 104 
0 24 52 
0 67 143 
0 24 116 
0 29 67 
0 36 69 
0 37 50 
0 30 91 
0 14 119 
0 7 74 
0 11 74 
0 20 147 
0 73 111 
0 20 92 
0 18 52 
0 26 75 
0 25 63 
0 22 71 
0 12 158 
0 46 52 
0 20 70 
0 7 91 
0 23 68 
0 11 60 
0 31 91 
0 28 55 
0 90 40 
0 41 65 
0 25 73 
0 8 107 
0 8 104 
0 14 63 
0 58 47 
0 40 73 
0 39 171 
0 30 137 
0 35 85 
0 24 80 
0 22 68 
0 7 92 
0 23 126 
0 29 42 
0 47 90 
0 15 82 
0 16 184 
0 13 146 
0 16 105 
0 43 62 
0 62 75 
0 32 77 
0 28 124 
0 20 92 
0 47 64 
0 50 66 
0 17 108 
0 18 162 
0 16 60 
0 22 120 
0 31 89 
0 10 71 
0 14 51 
0 29 114 
0 17 49 
0 15 137 
0 24 120 
0 24 54 
0 39 88 
0 78 48 
0 22 56 
0 57 76 
0 11 155 
0 25 46 
0 28 80 
0 18 85 
0 33 102 
0 42 127 
0 40 120 
0 31 120 
0 46 85 
0 26 104 
0 16 58 
0 42 66 
0 33 126 
0 13 152 
0 51 136 
0 6 124 
0 29 79 
0 10 79 
0 28 122 
0 13 112 
0 25 141 
0 28 84 
0 24 156 
0 6 96 
0 18 113 
0 31 75 
0 23 111 
0 40 65 
0 17 85 
0 35 62 
0 20 86 
0 19 75 
0 23 60 
0 29 48 
0 9 41 
0 26 76 
0 36 128 
0 22 97 
0 23 142 
0 53 140 
0 15 103 
0 36 139 
0 31 54 
0 30 99 
0 21 262 
0 39 63 
0 10 152 
0 29 58 
0 13 77 
0 69 74 
0 38 63 
0 16 75 
0 18 63 
0 25 37 
0 38 103 
0 36 106 
0 18 52 
0 25 51 
0 35 90 
0 63 71 
0 30 52 
0 27 152 
0 50 67 
0 11 132 
0 15 69 
0 26 53 
0 8 106 
0 26 73 
0 18 58 
0 22 51 
0 24 145 
0 35 168 
0 34 83 
0 10 46 
0 13 93 
0 37 95 
0 29 52 
0 14 109 
0 27 59 
0 8 108 
0 30 62 
0 68 42 
0 11 189 
0 40 155 
0 54 161 
0 17 71 
0 14 139 
0 9 115 
0 17 81 
0 23 24 
0 24 20 
0 25 92 
0 6 77 
0 29 93 
0 17 94 
0 8 123 
0 33 186 
0 30 101 
0 37 57 
0 55 75 
0 38 74 
0 17 104 
0 37 51 
0 12 105 
0 20 101 
0 45 97 
0 15 106 
0 30 53 
0 46 88 
0 6 75 
0 58 73 
0 23 130 
0 9 82 
0 18 141 
0 53 146 
0 9 92 
0 17 28 
0 57 107 
0 33 79 
0 28 71 
0 18 132 
0 11 125 
0 34 93 
0 62 57 
0 49 70 
0 34 115 
0 16 148 
0 19 91 
0 50 80 
0 5 107 
0 39 118 
0 44 130 
0 40 80 
0 31 124 
0 21 84 
0 16 57 
0 57 87 
0 58 61 
0 40 62 
0 32 138 
0 35 116 
0 29 65 
0 32 196 
0 19 93 
0 31 74 
0 11 89 
0 39 107 
0 7 136 
0 55 45 
0 13 135 
0 26 91 
0 14 65 
0 29 74 
0 40 36 
0 5 59 
0 17 135 
0 39 104 
0 5 45 
0 12 218 
0 26 44 
0 20 94 
0 35 113 
0 16 49 
0 17 89 
0 35 111 
0 14 29 
0 5 59 
0 8 52 
0 17 68 
0 21 54 
0 32 98 
0 50 120 
0 56 102 
0 18 69 
0 10 27 
0 53 104 
0 20 158 
0 41 84 
0 31 87 
0 13 69 
0 8 92 
0 12 45 
0 20 99 
0 37 91 
0 53 140 
0 41 57 
0 25 68 
0 50 98 
0 27 75 
0 46 103 
0 12 111 
0 54 121 
0 20 57 
0 32 75 
0 27 42 
0 26 63 
0 28 103 
0 25 37 
0 34 39 
0 31 33 
0 52 158 
0 30 143 
0 55 130 
0 22 130 
0 55 89 
0 85 73 
0 45 76 
0 28 114 
0 28 97 
0 52 123 
0 29 174 
0 29 92 
0 28 37 
0 18 111 
0 27 63 
0 10 19 
0 17 59 
0 3 73 
0 32 123 
0 14 89 
0 25 85 
0 39 105 
0 44 52 
0 64 73 
0 42 73 
0 2 59 
0 9 63 
0 76 163 
0 37 95 
0 4 122 
0 47 19 
0 48 70 
0 23 128 
0 22 156 
0 39 51 
0 40 44 
0 24 126 
0 36 161 
0 21 172 
0 20 118 
0 20 45 
0 10 145 
0 22 119 
0 3 47 
0 38 90 
0 52 98 
0 25 49 
0 15 122 
0 14 69 
0 29 84 
0 8 23 
0 13 95 
0 37 89 
0 27 161 
0 12 148 
0 35 96 
0 17 78 
0 6 68 
0 36 130 
0 34 90 
0 16 54 
0 12 169 
0 48 115 
0 47 157 
0 4 153 
0 23 92 
0 6 97 
0 40 51 
0 4 98 
0 24 56 
0 11 14 
0 15 94 
0 47 51 
0 26 146 
0 23 168 
0 15 127 
0 16 91 
0 43 195 
0 16 80 
0 63 124 
0 66 44 
0 38 59 
0 22 80 
0 38 35 
0 13 89 
0 19 105 
0 30 68 
0 36 99 
0 15 72 
0 23 87 
0 31 83 
0 38 137 
0 21 85 
0 17 88 
0 23 154 
0 10 104 
0 19 74 
0 25 66 
0 32 55 
0 19 167 
0 37 100 
0 16 101 
0 47 71 
0 39 56 
0 61 73 
0 43 76 
0 36 53 
0 31 49 
0 16 96 
0 31 97 
0 25 61 
0 35 94 
0 17 84 
0 29 48 
0 7 92 
0 18 77 
0 34 95 
0 33 74 
0 30 127 
0 17 68 
0 19 52 
0 49 75 
0 22 63 
0 24 91 
0 34 89 
0 85 50 
0 49 147 
0 19 102 
0 16 58 
0 40 146 
0 8 161 
0 20 101 
0 11 91 
0 32 70 
0 22 159 
0 18 28 
0 22 64 
0 31 62 
0 15 55 
0 18 233 
0 48 56 
0 28 190 
0 19 110 
0 15 95 
0 26 119 
0 19 90 
0 47 63 
0 15 62 
0 31 61 
0 16 108 
0 47 79 
0 38 147 
0 30 62 
0 11 90 
0 44 44 
0 37 158 
0 11 80 
0 28 178 
0 25 134 
0 43 127 
0 14 121 
0 9 36 
0 17 67 
0 17 78 
0 24 116 
0 19 103 
0 23 65 
0 17 151 
0 38 54 
0 12 57 
0 65 46 
0 17 106 
0 29 37 
0 27 66 
0 15 21 
0 26 57 
0 9 100 
0 34 69 
0 11 62 
0 37 112 
0 20 44 
0 27 139 
0 52 59 
0 25 131 
0 51 93 
0 34 118 
0 24 101 
0 60 63 
0 26 89 
0 13 25 
0 17 48 
0 18 69 
0 54 110 
0 45 81 
0 14 70 
0 32 116 
0 17 89 
0 37 35 
0 15 89 
0 25 147 
0 34 120 
0 16 105 
0 11 54 
0 12 88 
0 20 40 
0 17 116 
0 10 100 
0 36 67 
0 23 61 
0 21 115 
0 32 77 
0 5 82 
0 23 90 
0 23 38 
0 5 116 
0 35 130 
0 11 222 
0 30 85 
0 29 125 
0 39 119 
0 9 105 
0 27 66 
0 41 138 
0 10 145 
0 10 126 
0 22 174 
0 33 79 
0 30 106 
0 29 75 
0 28 136 
0 33 27 
