0 203 8 
0 210 10 
0 248 43 
0 180 39 
0 221 78 
0 200 6 
0 216 19 
0 143 40 
0 185 1 
0 180 32 
0 208 12 
0 239 20 
0 212 19 
0 230 52 
0 214 15 
0 227 9 
0 195 10 
0 216 20 
0 184 4 
0 170 2 
0 222 2 
0 187 27 
0 121 2 
0 214 2 
0 240 14 
0 169 42 
0 200 40 
0 227 17 
0 201 29 
0 278 9 
0 214 47 
0 205 23 
0 152 11 
0 210 27 
0 202 28 
0 187 6 
0 233 12 
0 186 65 
0 224 26 
0 241 80 
0 204 15 
0 197 16 
0 218 9 
0 217 13 
0 219 49 
0 185 70 
0 256 12 
0 222 39 
0 200 2 
0 176 30 
0 193 29 
0 237 1 
0 227 9 
0 190 1 
0 242 1 
0 261 1 
0 236 5 
0 233 28 
0 207 1 
0 167 10 
0 193 13 
0 216 13 
0 186 65 
0 253 37 
0 186 39 
0 213 13 
0 137 1 
0 246 3 
0 186 27 
0 280 45 
0 294 31 
0 242 6 
0 210 4 
0 228 17 
0 221 13 
0 205 25 
0 200 7 
0 239 21 
0 198 45 
0 203 6 
0 203 8 
0 226 17 
0 185 7 
0 162 2 
0 208 10 
0 228 18 
0 224 39 
0 202 4 
0 162 3 
0 211 17 
0 182 44 
0 250 11 
0 188 29 
0 155 18 
0 220 14 
0 238 9 
0 202 29 
0 209 20 
0 177 24 
0 248 13 
0 251 8 
0 191 97 
0 222 10 
0 222 26 
0 198 22 
0 214 14 
0 210 14 
0 229 1 
0 196 17 
0 227 0 
0 174 0 
0 183 15 
0 266 11 
0 216 18 
0 195 3 
0 233 21 
0 183 16 
0 251 11 
0 203 36 
0 183 11 
0 218 7 
0 267 5 
0 184 1 
0 184 5 
0 192 24 
0 234 21 
0 180 7 
0 249 3 
0 204 27 
0 221 21 
0 189 14 
0 268 18 
0 181 30 
0 210 53 
0 236 9 
0 196 2 
0 216 10 
0 228 17 
0 247 8 
0 235 17 
0 228 25 
0 208 30 
0 216 4 
0 212 30 
0 290 0 
0 235 28 
0 238 6 
0 197 21 
0 272 7 
0 209 54 
0 196 2 
0 259 14 
0 196 21 
0 259 1 
0 248 28 
0 250 0 
0 272 6 
0 174 8 
0 204 30 
0 188 9 
0 210 2 
0 240 3 
0 295 4 
0 170 62 
0 282 9 
0 233 17 
0 215 43 
0 182 2 
0 166 31 
0 191 2 
0 266 0 
0 234 58 
0 204 1 
0 221 42 
0 215 17 
0 219 36 
0 199 18 
0 213 25 
0 265 14 
0 225 15 
0 251 6 
0 197 6 
0 228 14 
0 253 12 
0 251 10 
0 234 17 
0 231 22 
0 255 28 
0 186 25 
0 177 8 
0 220 28 
0 212 14 
0 232 2 
0 239 21 
0 226 28 
0 168 43 
0 233 3 
0 159 6 
0 232 9 
0 228 6 
0 159 41 
0 196 24 
0 239 5 
0 243 34 
0 207 3 
0 234 34 
0 230 17 
0 188 10 
0 256 16 
0 234 13 
0 180 26 
0 230 8 
0 185 23 
0 177 19 
0 219 39 
0 204 0 
0 187 11 
0 209 16 
0 202 8 
0 266 32 
0 209 40 
0 231 14 
0 181 4 
0 202 12 
0 228 10 
0 183 22 
0 229 8 
0 193 30 
0 210 19 
0 186 14 
0 205 5 
0 229 19 
0 204 75 
0 194 6 
0 230 15 
0 215 5 
0 149 4 
0 161 18 
0 273 12 
0 269 39 
0 184 16 
0 168 33 
0 236 8 
0 207 12 
0 210 1 
0 241 2 
0 199 29 
0 232 17 
0 233 29 
0 205 8 
0 258 20 
0 233 15 
0 239 96 
0 177 53 
0 262 25 
0 211 54 
0 187 15 
0 227 10 
0 193 15 
0 279 21 
0 212 5 
0 226 7 
0 261 13 
0 223 9 
0 218 21 
0 211 22 
0 246 53 
0 143 83 
0 248 13 
0 222 10 
0 241 7 
0 222 7 
0 176 44 
0 203 0 
0 239 62 
0 221 5 
0 218 15 
0 188 3 
0 238 21 
0 172 26 
0 228 10 
0 222 67 
0 217 8 
0 243 24 
0 191 35 
0 213 9 
0 198 2 
0 197 17 
0 225 15 
0 160 9 
0 224 1 
0 200 7 
0 224 43 
0 211 14 
0 214 5 
0 205 97 
0 173 14 
0 255 14 
0 223 10 
0 156 43 
0 203 23 
0 225 26 
0 224 2 
0 264 12 
0 168 6 
0 192 45 
0 182 4 
0 166 55 
0 276 3 
0 216 39 
0 213 10 
0 222 26 
0 188 21 
0 150 12 
0 176 12 
0 181 14 
0 204 11 
0 172 60 
0 203 14 
0 189 6 
0 220 13 
0 217 8 
0 215 28 
0 212 17 
0 229 27 
0 98 50 
0 202 29 
0 162 22 
0 210 12 
0 250 5 
0 247 27 
0 207 12 
0 197 27 
0 189 5 
0 188 0 
0 180 24 
0 213 6 
0 285 10 
0 194 61 
0 238 22 
0 181 7 
0 194 1 
0 221 0 
0 236 34 
0 226 13 
0 189 14 
0 210 20 
0 250 27 
0 219 2 
0 269 9 
0 227 3 
0 222 8 
0 246 14 
0 249 5 
0 206 22 
0 232 29 
0 306 10 
0 233 19 
0 209 31 
0 172 17 
0 271 42 
0 185 17 
0 231 0 
0 193 9 
0 246 20 
0 234 34 
0 168 17 
0 205 5 
0 232 16 
0 239 8 
0 187 7 
0 226 12 
0 222 22 
0 255 3 
0 213 31 
0 207 21 
0 133 0 
0 246 1 
0 203 14 
0 267 8 
0 211 1 
0 146 10 
0 292 4 
0 191 31 
0 236 63 
0 243 0 
0 171 31 
0 147 6 
0 186 1 
0 282 16 
0 246 10 
0 182 37 
0 205 12 
0 207 16 
0 267 20 
0 226 31 
0 187 41 
0 251 4 
0 256 4 
0 239 10 
0 272 51 
0 215 14 
0 276 4 
0 235 2 
0 216 4 
0 182 13 
0 236 26 
0 243 30 
0 249 19 
0 195 37 
0 219 24 
0 241 81 
0 229 27 
0 206 18 
0 213 5 
0 218 13 
0 251 38 
0 241 26 
0 201 31 
0 246 10 
0 234 13 
0 254 8 
0 191 2 
0 212 92 
0 211 22 
0 183 62 
0 229 48 
0 211 13 
0 249 6 
0 200 31 
0 194 17 
0 276 22 
0 219 3 
0 258 16 
0 235 3 
0 224 4 
0 182 49 
0 195 42 
0 281 0 
0 212 27 
0 216 2 
0 159 5 
0 217 8 
0 263 5 
0 183 6 
0 181 16 
0 211 2 
0 191 31 
0 240 47 
0 262 10 
0 264 8 
0 276 17 
0 215 8 
0 222 55 
0 272 13 
0 152 0 
0 188 0 
0 190 4 
0 132 1 
0 229 15 
0 162 23 
0 150 2 
0 208 21 
0 209 11 
0 210 3 
0 174 31 
0 267 0 
0 232 3 
0 213 1 
0 235 4 
0 204 65 
0 200 2 
0 233 11 
0 125 6 
0 261 1 
0 183 19 
0 255 27 
0 270 12 
0 236 20 
0 236 23 
0 205 11 
0 235 15 
0 148 10 
0 178 17 
0 227 45 
0 278 6 
0 185 33 
0 264 8 
0 248 6 
0 180 19 
0 154 181 
0 201 12 
0 144 15 
0 198 14 
0 243 100 
0 186 32 
0 163 7 
0 204 4 
0 163 23 
0 265 5 
0 194 3 
0 169 1 
0 167 46 
0 192 13 
0 231 15 
0 176 47 
0 237 19 
0 213 12 
0 252 13 
0 199 9 
0 295 11 
0 218 15 
0 220 5 
0 230 2 
0 182 35 
0 289 0 
0 233 61 
0 258 18 
0 234 13 
0 224 25 
0 162 12 
0 223 12 
0 223 1 
0 228 7 
0 225 8 
0 200 10 
0 194 64 
0 199 32 
0 270 0 
0 172 11 
0 198 9 
0 199 10 
0 238 120 
0 187 11 
0 194 27 
0 201 9 
0 210 29 
0 221 10 
0 225 8 
0 197 9 
0 199 8 
0 238 25 
0 232 31 
0 253 13 
0 231 32 
0 207 11 
0 239 8 
0 149 35 
0 225 35 
0 260 18 
0 214 18 
0 192 35 
0 255 6 
0 209 48 
0 231 19 
0 229 10 
0 171 1 
0 204 16 
0 210 24 
0 218 46 
0 171 54 
0 155 14 
0 243 2 
0 221 15 
0 238 11 
0 185 65 
0 199 17 
0 165 8 
0 172 9 
0 309 12 
0 146 119 
0 203 12 
0 178 12 
0 289 3 
0 140 8 
0 229 1 
0 167 18 
0 229 4 
0 278 19 
0 244 22 
0 204 9 
0 191 20 
0 218 20 
0 177 7 
0 186 25 
0 188 46 
0 234 0 
0 235 15 
0 213 0 
0 275 15 
0 188 13 
0 199 22 
0 192 12 
0 256 33 
0 183 12 
0 225 2 
0 209 8 
0 189 9 
0 245 2 
0 241 9 
0 188 4 
0 205 40 
0 135 4 
0 146 2 
0 181 12 
0 233 22 
0 197 12 
0 235 22 
0 213 6 
0 232 35 
0 223 10 
0 236 21 
0 253 18 
0 240 12 
0 246 4 
0 154 8 
0 196 19 
0 209 17 
0 241 35 
0 145 65 
0 263 20 
0 193 6 
0 209 26 
0 207 0 
0 240 29 
0 205 4 
0 221 8 
0 259 19 
0 236 1 
0 237 40 
0 127 25 
0 185 0 
0 240 25 
0 207 39 
0 183 37 
0 193 0 
0 200 13 
0 242 6 
0 236 5 
0 223 28 
0 235 18 
0 204 26 
0 200 22 
0 186 17 
0 202 12 
0 217 32 
0 214 12 
0 173 43 
0 193 54 
0 222 31 
0 157 28 
0 193 18 
0 284 35 
0 196 14 
0 269 24 
0 202 34 
0 178 29 
0 196 19 
0 209 32 
0 194 40 
0 211 17 
0 214 25 
0 256 15 
0 217 44 
0 173 43 
0 199 21 
0 265 32 
0 176 24 
0 267 9 
0 230 1 
0 203 29 
0 217 52 
0 237 3 
0 207 0 
0 196 35 
0 262 17 
0 219 21 
0 167 8 
0 225 26 
0 260 26 
0 258 8 
0 223 30 
0 243 15 
0 169 7 
0 216 24 
0 229 7 
0 239 47 
0 237 14 
0 275 0 
0 197 5 
0 200 46 
0 207 39 
0 284 4 
0 231 0 
0 243 10 
0 187 54 
0 217 29 
0 246 48 
0 185 51 
0 133 43 
0 186 34 
0 191 3 
0 209 26 
0 218 45 
0 167 27 
0 179 49 
0 213 7 
0 267 1 
0 202 3 
0 222 11 
0 224 1 
0 161 0 
0 142 19 
0 205 4 
0 189 14 
0 142 21 
0 160 27 
0 267 3 
0 138 15 
0 241 17 
0 214 25 
0 171 2 
0 181 28 
0 248 30 
0 249 6 
0 234 45 
0 180 47 
0 152 14 
0 211 4 
0 231 12 
0 260 12 
0 254 25 
0 242 38 
0 170 32 
0 188 13 
0 212 26 
0 219 1 
0 238 22 
0 202 9 
0 236 67 
0 262 13 
0 184 15 
0 190 3 
0 275 5 
0 260 5 
0 266 30 
0 291 4 
0 217 5 
0 200 15 
0 255 36 
0 225 15 
0 227 22 
0 159 23 
0 123 5 
0 229 19 
0 172 28 
0 161 3 
0 225 1 
0 203 85 
0 244 9 
0 243 14 
0 146 20 
0 192 18 
0 247 34 
0 258 17 
0 248 12 
0 162 12 
0 250 22 
0 257 4 
0 258 17 
0 216 4 
0 185 25 
0 189 14 
0 175 42 
0 244 9 
0 231 17 
0 199 11 
0 197 44 
0 204 33 
0 185 11 
0 205 5 
0 213 25 
0 223 28 
0 175 20 
0 182 56 
0 265 13 
0 250 7 
0 188 7 
0 228 17 
0 253 63 
0 239 6 
0 208 27 
0 175 48 
0 176 7 
0 219 1 
0 239 17 
0 233 18 
0 258 1 
0 187 67 
0 145 52 
0 269 12 
0 255 20 
0 229 30 
0 259 22 
0 185 35 
0 198 33 
0 247 16 
0 215 32 
0 225 18 
0 219 14 
0 227 9 
0 253 34 
0 221 24 
0 178 7 
0 223 17 
0 229 22 
0 246 12 
0 212 10 
0 197 12 
0 209 3 
0 245 24 
0 265 6 
0 260 21 
0 196 27 
0 185 23 
0 163 19 
0 234 5 
0 121 57 
0 191 33 
0 193 8 
0 209 14 
0 171 7 
0 229 56 
0 198 38 
0 231 90 
0 246 23 
0 169 32 
0 229 1 
0 238 2 
0 222 15 
0 244 29 
0 236 22 
0 182 38 
0 217 9 
0 215 34 
0 199 27 
0 160 22 
0 234 33 
0 215 6 
0 142 23 
0 201 19 
0 212 12 
0 251 35 
0 210 13 
0 211 5 
0 213 37 
0 220 38 
0 228 25 
0 254 10 
0 260 14 
0 234 4 
0 197 7 
0 229 42 
0 216 17 
0 216 36 
0 169 1 
0 195 35 
0 182 4 
0 269 21 
0 157 7 
0 208 4 
0 222 11 
0 189 23 
0 186 43 
0 230 65 
0 197 17 
0 236 23 
0 182 0 
0 206 31 
0 235 4 
0 161 25 
0 228 20 
0 235 48 
0 196 4 
0 207 3 
0 250 20 
0 163 4 
0 207 53 
0 287 15 
0 210 47 
0 208 3 
0 217 45 
0 127 14 
0 308 18 
0 224 22 
0 199 15 
0 229 8 
0 167 68 
0 266 34 
0 211 44 
0 200 5 
0 200 22 
0 192 13 
0 176 5 
0 227 76 
0 249 8 
0 238 2 
0 250 24 
0 220 27 
0 243 7 
0 186 73 
0 168 58 
0 272 4 
0 137 9 
0 204 45 
0 244 49 
0 241 20 
0 202 18 
0 176 13 
0 204 4 
0 197 18 
0 252 19 
0 222 11 
0 251 1 
0 189 24 
0 269 10 
0 239 13 
0 234 10 
0 231 30 
0 238 5 
0 225 6 
0 245 21 
0 296 17 
0 199 16 
0 197 25 
0 175 16 
0 226 16 
0 212 20 
0 180 45 
0 189 16 
0 204 19 
0 152 36 
0 205 26 
0 189 3 
0 182 15 
0 213 62 
0 237 39 
0 152 50 
0 188 15 
0 228 14 
0 241 21 
0 212 9 
0 154 44 
0 193 37 
0 205 52 
0 192 14 
0 214 9 
0 268 32 
0 221 14 
0 229 2 
0 261 5 
0 192 82 
0 195 5 
0 241 15 
0 200 22 
0 188 32 
0 226 6 
0 160 29 
0 218 23 
0 191 8 
0 182 33 
0 180 24 
0 203 50 
0 226 14 
0 229 2 
0 224 29 
0 180 46 
0 229 38 
0 219 47 
0 233 5 
0 242 5 
0 152 24 
0 191 42 
0 213 17 
0 142 12 
0 208 22 
0 200 32 
0 229 7 
0 192 18 
0 260 18 
0 150 46 
0 219 7 
0 226 1 
0 194 35 
0 247 7 
0 246 92 
0 218 11 
0 229 21 
0 248 24 
0 238 16 
