0 18 158 
0 49 161 
0 15 232 
0 7 185 
0 5 242 
0 17 110 
0 10 178 
0 8 197 
0 26 233 
0 5 261 
0 5 267 
0 15 130 
0 8 210 
0 12 202 
0 30 223 
0 25 152 
0 13 215 
0 6 171 
0 5 198 
0 25 166 
0 9 132 
0 33 124 
0 32 200 
0 21 201 
0 9 191 
0 11 150 
0 8 185 
0 15 195 
0 5 214 
0 10 134 
0 29 168 
0 45 171 
0 33 188 
0 19 146 
0 5 149 
0 32 190 
0 13 254 
0 13 175 
0 27 203 
0 21 150 
0 25 276 
0 17 203 
0 18 161 
0 1 167 
0 27 177 
0 11 136 
0 7 236 
0 17 124 
0 24 224 
0 14 138 
0 10 133 
0 11 140 
0 10 179 
0 3 236 
0 14 170 
0 37 197 
0 1 154 
0 23 170 
0 23 91 
0 10 130 
0 21 142 
0 10 252 
0 5 168 
0 0 153 
0 1 224 
0 16 223 
0 15 189 
0 17 125 
0 3 130 
0 3 168 
0 41 166 
0 33 150 
0 0 213 
0 24 269 
0 7 136 
0 8 183 
0 1 240 
0 1 183 
0 7 187 
0 0 383 
0 2 152 
0 1 311 
0 10 166 
0 0 159 
0 12 155 
0 1 161 
0 13 171 
0 17 282 
0 5 147 
0 1 274 
0 16 139 
0 37 113 
0 19 184 
0 16 222 
0 48 132 
0 31 137 
0 4 177 
0 5 212 
0 18 273 
0 20 198 
0 0 177 
0 15 149 
0 36 225 
0 17 172 
0 14 179 
0 5 271 
0 39 199 
0 18 191 
0 8 266 
0 26 187 
0 25 249 
0 36 189 
0 14 183 
0 27 181 
0 0 151 
0 22 138 
0 30 140 
0 14 127 
0 15 163 
0 22 153 
0 28 162 
0 37 197 
0 8 261 
0 27 182 
0 8 157 
0 22 119 
0 20 161 
0 4 164 
0 40 189 
0 0 195 
0 27 254 
0 15 250 
0 6 226 
0 0 322 
0 21 211 
0 14 215 
0 4 192 
0 16 128 
0 18 146 
0 2 297 
0 16 218 
0 16 251 
0 16 105 
0 13 181 
0 17 207 
0 6 190 
0 7 121 
0 3 125 
0 25 347 
0 20 161 
0 13 176 
0 4 121 
0 16 214 
0 38 202 
0 0 143 
0 52 206 
0 12 123 
0 20 151 
0 11 219 
0 15 247 
0 3 136 
0 0 135 
0 35 155 
0 21 193 
0 18 137 
0 16 215 
0 5 175 
0 6 168 
0 17 259 
0 25 223 
0 21 181 
0 14 211 
0 2 318 
0 4 269 
0 48 168 
0 9 176 
0 4 124 
0 1 211 
0 7 150 
0 1 285 
0 17 180 
0 23 232 
0 9 194 
0 22 216 
0 8 231 
0 12 253 
0 8 157 
0 8 235 
0 27 214 
0 8 127 
0 5 182 
0 9 230 
0 37 128 
0 17 137 
0 20 307 
0 0 174 
0 32 142 
0 33 188 
0 30 147 
0 6 114 
0 10 201 
0 6 121 
0 4 166 
0 0 197 
0 6 206 
0 7 264 
0 17 205 
0 10 200 
0 31 170 
0 11 209 
0 12 158 
0 16 159 
0 13 193 
0 14 225 
0 13 169 
0 22 129 
0 10 144 
0 26 183 
0 6 157 
0 6 221 
0 5 195 
0 27 149 
0 16 149 
0 29 182 
0 34 191 
0 18 191 
0 1 293 
0 28 177 
0 5 97 
0 20 214 
0 17 239 
0 5 172 
0 22 296 
0 21 90 
0 41 185 
0 0 225 
0 11 156 
0 7 188 
0 37 209 
0 13 175 
0 25 229 
0 24 126 
0 15 170 
0 8 126 
0 9 164 
0 15 108 
0 11 187 
0 23 261 
0 6 285 
0 23 202 
0 17 224 
0 25 146 
0 21 156 
0 37 128 
0 7 204 
0 22 171 
0 18 171 
0 9 229 
0 32 207 
0 12 164 
0 33 165 
0 14 160 
0 7 336 
0 26 256 
0 15 210 
0 7 244 
0 6 240 
0 11 218 
0 7 133 
0 18 161 
0 8 146 
0 12 169 
0 55 218 
0 9 131 
0 29 182 
0 21 193 
0 17 188 
0 27 264 
0 17 198 
0 5 187 
0 13 244 
0 16 261 
0 18 160 
0 10 180 
0 19 260 
0 0 204 
0 66 154 
0 27 231 
0 29 278 
0 18 325 
0 1 114 
0 56 169 
0 12 132 
0 8 231 
0 3 235 
0 22 170 
0 20 139 
0 15 184 
0 19 90 
0 14 132 
0 16 88 
0 7 175 
0 6 170 
0 44 96 
0 15 144 
0 32 224 
0 48 239 
0 2 116 
0 11 242 
0 27 146 
0 16 226 
0 13 268 
0 26 153 
0 9 212 
0 26 233 
0 32 208 
0 18 224 
0 5 168 
0 8 158 
0 16 140 
0 23 253 
0 22 170 
0 7 201 
0 14 187 
0 16 200 
0 12 209 
0 3 211 
0 0 161 
0 28 147 
0 27 129 
0 6 127 
0 4 167 
0 6 144 
0 11 205 
0 38 168 
0 2 205 
0 17 197 
0 29 188 
0 12 186 
0 7 200 
0 11 201 
0 4 252 
0 15 188 
0 24 208 
0 3 225 
0 0 163 
0 15 217 
0 4 166 
0 14 170 
0 17 211 
0 47 130 
0 18 156 
0 19 252 
0 19 149 
0 13 189 
0 9 208 
0 10 138 
0 9 215 
0 28 155 
0 5 158 
0 23 172 
0 27 130 
0 12 217 
0 7 210 
0 13 243 
0 7 167 
0 33 101 
0 3 206 
0 19 251 
0 30 216 
0 17 216 
0 27 135 
0 40 193 
0 24 180 
0 9 238 
0 3 84 
0 15 242 
0 6 157 
0 19 158 
0 18 139 
0 9 204 
0 22 191 
0 2 221 
0 5 198 
0 17 161 
0 5 146 
0 2 261 
0 15 255 
0 20 232 
0 16 143 
0 1 181 
0 14 137 
0 64 146 
0 25 84 
0 4 120 
0 6 144 
0 2 173 
0 9 219 
0 45 152 
0 52 191 
0 13 165 
0 11 242 
0 6 263 
0 20 98 
0 12 193 
0 0 141 
0 1 186 
0 0 157 
0 29 183 
0 4 200 
0 6 139 
0 19 164 
0 24 199 
0 24 162 
0 34 211 
0 5 178 
0 14 176 
0 19 130 
0 20 230 
0 8 127 
0 23 155 
0 9 192 
0 29 143 
0 7 190 
0 12 176 
0 1 97 
0 5 179 
0 11 231 
0 15 139 
0 12 156 
0 33 227 
0 5 192 
0 35 178 
0 13 125 
0 8 178 
0 9 150 
0 4 135 
0 23 119 
0 36 156 
0 7 291 
0 10 181 
0 22 161 
0 11 267 
0 10 159 
0 19 168 
0 34 213 
0 7 223 
0 24 164 
0 0 234 
0 22 219 
0 31 207 
0 26 183 
0 12 231 
0 27 208 
0 17 127 
0 6 148 
0 11 210 
0 10 198 
0 22 266 
0 11 134 
0 4 206 
0 10 223 
0 27 155 
0 2 243 
0 1 251 
0 35 206 
0 34 212 
0 29 145 
0 1 277 
0 19 227 
0 5 226 
0 22 132 
0 5 194 
0 0 132 
0 2 313 
0 12 163 
0 16 153 
0 27 181 
0 14 193 
0 10 110 
0 4 128 
0 1 147 
0 4 134 
0 8 175 
0 10 103 
0 4 241 
0 16 225 
0 6 122 
0 18 156 
0 20 156 
0 2 232 
0 20 215 
0 26 215 
0 4 145 
0 17 197 
0 17 163 
0 0 148 
0 21 148 
0 29 168 
0 2 151 
0 32 168 
0 17 203 
0 24 274 
0 26 137 
0 2 275 
0 18 244 
0 21 220 
0 16 267 
0 3 166 
0 25 141 
0 13 157 
0 4 137 
0 17 264 
0 49 219 
0 11 112 
0 11 210 
0 2 198 
0 20 194 
0 2 232 
0 12 268 
0 6 239 
0 10 174 
0 7 188 
0 2 176 
0 16 187 
0 12 214 
0 8 157 
0 25 168 
0 1 101 
0 30 184 
0 4 212 
0 13 153 
0 55 188 
0 7 243 
0 28 172 
0 21 208 
0 4 206 
0 3 144 
0 5 192 
0 3 172 
0 14 196 
0 4 309 
0 19 139 
0 9 164 
0 24 125 
0 11 219 
0 13 192 
0 5 208 
0 17 209 
0 14 193 
0 0 115 
0 11 184 
0 14 191 
0 20 112 
0 16 101 
0 9 135 
0 22 168 
0 13 141 
0 11 203 
0 15 235 
0 24 118 
0 9 171 
0 12 139 
0 23 151 
0 27 213 
0 20 131 
0 19 145 
0 13 207 
0 6 158 
0 17 146 
0 3 228 
0 18 181 
0 9 158 
0 4 192 
0 16 141 
0 16 124 
0 35 116 
0 9 166 
0 16 255 
0 15 163 
0 8 277 
0 45 115 
0 7 111 
0 4 126 
0 6 256 
0 18 149 
0 2 151 
0 33 119 
0 8 153 
0 21 128 
0 27 133 
0 15 224 
0 36 137 
0 5 186 
0 24 175 
0 33 146 
0 51 159 
0 4 179 
0 6 125 
0 33 147 
0 22 172 
0 25 115 
0 12 189 
0 18 140 
0 22 170 
0 9 206 
0 2 152 
0 21 138 
0 40 126 
0 1 177 
0 57 148 
0 22 147 
0 11 138 
0 31 171 
0 8 225 
0 20 103 
0 13 130 
0 6 192 
0 6 127 
0 11 166 
0 10 195 
0 47 223 
0 2 138 
0 8 191 
0 20 161 
0 8 166 
0 14 272 
0 2 210 
0 6 100 
0 23 162 
0 10 146 
0 37 114 
0 13 130 
0 20 219 
0 12 166 
0 25 155 
0 10 300 
0 7 144 
0 16 209 
0 6 131 
0 9 280 
0 4 326 
0 14 206 
0 18 102 
0 19 176 
0 26 158 
0 14 131 
0 22 136 
0 27 173 
0 23 162 
0 41 210 
0 5 196 
0 19 132 
0 6 119 
0 20 123 
0 9 173 
0 16 149 
0 10 190 
0 15 187 
0 20 200 
0 4 186 
0 11 209 
0 16 158 
0 25 189 
0 0 275 
0 0 178 
0 1 200 
0 7 236 
0 7 190 
0 33 126 
0 7 165 
0 34 124 
0 16 108 
0 14 188 
0 2 180 
0 11 293 
0 35 247 
0 10 143 
0 13 176 
0 9 106 
0 12 129 
0 16 132 
0 48 162 
0 22 175 
0 15 138 
0 32 138 
0 14 161 
0 37 228 
0 16 127 
0 15 138 
0 9 178 
0 0 194 
0 0 223 
0 34 180 
0 21 180 
0 6 159 
0 34 224 
0 16 164 
0 30 211 
0 4 249 
0 10 253 
0 10 254 
0 8 181 
0 17 203 
0 10 170 
0 3 158 
0 18 168 
0 22 193 
0 14 232 
0 5 254 
0 3 170 
0 13 133 
0 18 196 
0 33 129 
0 31 213 
0 21 179 
0 4 203 
0 11 223 
0 8 99 
0 1 146 
0 26 199 
0 12 179 
0 30 96 
0 37 129 
0 17 287 
0 4 264 
0 5 191 
0 3 184 
0 20 212 
0 3 72 
0 46 160 
0 16 201 
0 11 143 
0 7 187 
0 48 113 
0 18 241 
0 10 150 
0 3 306 
0 4 182 
0 10 213 
0 7 193 
0 36 124 
0 23 225 
0 5 169 
0 6 170 
0 10 187 
0 8 123 
0 27 221 
0 13 232 
0 6 240 
0 18 227 
0 35 128 
0 47 106 
0 18 168 
0 3 184 
0 30 165 
0 13 242 
0 21 123 
0 1 254 
0 12 133 
0 4 289 
0 9 182 
0 4 381 
0 13 205 
0 6 206 
0 24 231 
0 9 189 
0 10 223 
0 0 185 
0 0 233 
0 17 135 
0 17 230 
0 14 186 
0 6 197 
0 1 151 
0 0 144 
0 3 175 
0 17 157 
0 20 213 
0 22 215 
0 21 169 
0 9 175 
0 18 258 
0 5 258 
0 3 170 
0 6 212 
0 0 187 
0 12 178 
0 0 124 
0 25 236 
0 18 188 
0 11 198 
0 18 141 
0 6 207 
0 3 145 
0 9 229 
0 0 173 
0 15 159 
0 29 140 
0 23 166 
0 26 159 
0 13 253 
0 9 251 
0 2 223 
0 33 199 
0 10 189 
0 8 139 
0 19 146 
0 6 182 
0 2 245 
0 9 312 
0 4 179 
0 15 125 
0 16 217 
0 9 266 
0 12 168 
0 9 209 
0 8 218 
0 11 229 
0 3 228 
0 15 266 
0 6 208 
0 7 210 
0 25 155 
0 10 216 
0 13 230 
0 23 146 
0 0 191 
0 9 142 
0 15 204 
0 31 200 
0 24 170 
0 9 155 
0 25 135 
0 9 226 
0 17 274 
0 16 141 
0 18 160 
0 10 251 
0 29 181 
0 6 279 
0 23 178 
0 23 203 
0 17 178 
0 3 192 
0 5 200 
0 13 206 
0 62 165 
0 27 253 
0 15 135 
0 25 199 
0 8 222 
0 1 165 
0 7 193 
0 44 182 
0 29 209 
0 7 256 
0 12 188 
0 6 245 
0 37 205 
0 6 163 
0 14 170 
0 2 288 
0 12 276 
0 2 174 
0 16 253 
0 16 116 
0 15 107 
0 10 249 
0 18 160 
0 7 141 
0 6 197 
0 1 113 
0 10 211 
0 12 204 
0 37 141 
0 8 175 
0 24 189 
0 17 288 
0 31 162 
0 17 222 
0 26 133 
0 16 242 
0 37 161 
0 26 135 
0 28 188 
0 1 136 
0 7 136 
0 4 201 
0 23 140 
0 26 161 
0 14 215 
0 24 154 
0 9 178 
0 22 135 
0 5 188 
0 20 113 
0 17 165 
0 12 127 
0 0 160 
0 4 138 
0 15 229 
0 5 140 
0 16 178 
0 4 161 
0 26 188 
0 13 119 
0 3 178 
0 12 192 
0 30 162 
0 14 144 
0 5 194 
0 28 148 
0 32 147 
0 21 119 
0 23 168 
0 15 239 
0 33 176 
0 37 172 
0 5 198 
0 10 237 
0 13 217 
0 2 220 
0 21 119 
0 6 88 
0 0 209 
0 38 177 
0 4 160 
0 27 159 
0 15 162 
0 6 253 
0 8 188 
0 21 191 
0 16 161 
0 53 239 
0 5 149 
0 15 213 
0 22 204 
0 20 157 
0 0 191 
0 5 276 
0 8 198 
0 8 199 
0 12 162 
0 6 195 
0 12 97 
0 27 195 
0 8 147 
0 27 199 
0 19 215 
0 21 138 
0 40 234 
0 14 167 
0 18 163 
0 25 216 
0 15 214 
0 3 171 
0 1 243 
0 16 242 
0 9 159 
0 10 189 
0 6 193 
0 1 202 
0 36 168 
0 1 110 
0 11 216 
0 5 170 
0 8 172 
0 23 151 
0 3 213 
0 1 166 
0 11 254 
0 11 250 
0 6 109 
0 7 186 
0 4 343 
0 1 250 
0 6 224 
0 4 195 
0 11 116 
0 8 178 
0 2 142 
0 12 185 
0 25 253 
0 14 231 
0 63 188 
0 8 134 
0 5 201 
0 22 178 
0 0 182 
0 20 209 
0 14 138 
0 9 194 
0 23 187 
0 31 175 
0 20 141 
0 10 130 
0 0 195 
0 15 137 
0 11 184 
