0 237 24 
0 195 57 
0 224 11 
0 198 10 
0 165 16 
0 202 25 
0 219 12 
0 203 0 
0 209 18 
0 265 7 
0 188 21 
0 225 15 
0 252 31 
0 227 34 
0 215 15 
0 223 2 
0 205 37 
0 273 80 
0 240 22 
0 214 11 
0 170 48 
0 232 22 
0 235 0 
0 210 14 
0 209 7 
0 194 27 
0 152 55 
0 259 11 
0 176 23 
0 223 15 
0 123 9 
0 247 9 
0 182 16 
0 195 21 
0 153 34 
0 260 5 
0 191 55 
0 186 45 
0 156 38 
0 181 22 
0 196 14 
0 159 40 
0 249 4 
0 202 35 
0 242 6 
0 145 6 
0 235 33 
0 225 1 
0 196 2 
0 234 56 
0 161 51 
0 189 1 
0 156 45 
0 272 10 
0 205 15 
0 166 39 
0 202 16 
0 154 4 
0 170 94 
0 156 20 
0 174 67 
0 260 16 
0 150 3 
0 199 58 
0 198 13 
0 229 17 
0 259 5 
0 165 9 
0 199 27 
0 264 26 
0 214 13 
0 205 26 
0 170 25 
0 214 21 
0 200 75 
0 271 25 
0 287 39 
0 225 54 
0 191 23 
0 276 36 
0 232 39 
0 221 23 
0 222 17 
0 156 57 
0 204 17 
0 210 8 
0 204 3 
0 169 6 
0 167 0 
0 216 15 
0 291 10 
0 127 33 
0 211 13 
0 181 7 
0 188 17 
0 205 51 
0 171 2 
0 172 9 
0 175 47 
0 179 14 
0 175 74 
0 202 47 
0 252 5 
0 167 16 
0 178 19 
0 224 5 
0 220 21 
0 182 37 
0 237 3 
0 177 20 
0 218 0 
0 288 4 
0 166 48 
0 270 15 
0 196 1 
0 198 11 
0 201 16 
0 262 5 
0 166 4 
0 240 3 
0 224 8 
0 150 9 
0 213 42 
0 126 22 
0 278 11 
0 224 35 
0 211 29 
0 182 4 
0 235 19 
0 208 27 
0 179 77 
0 197 12 
0 214 40 
0 197 27 
0 217 32 
0 231 8 
0 167 6 
0 186 1 
0 224 8 
0 215 32 
0 247 27 
0 200 43 
0 218 25 
0 165 6 
0 196 21 
0 185 27 
0 171 28 
0 214 12 
0 224 16 
0 236 33 
0 212 12 
0 169 93 
0 231 9 
0 179 9 
0 237 10 
0 287 28 
0 208 57 
0 185 31 
0 255 20 
0 238 30 
0 244 7 
0 298 10 
0 200 2 
0 200 143 
0 226 3 
0 285 11 
0 164 65 
0 192 12 
0 239 8 
0 178 49 
0 240 25 
0 219 13 
0 208 21 
0 226 38 
0 157 3 
0 152 28 
0 208 54 
0 181 14 
0 217 1 
0 270 54 
0 155 5 
0 182 79 
0 207 28 
0 269 7 
0 218 9 
0 212 42 
0 229 11 
0 234 11 
0 220 8 
0 177 83 
0 243 35 
0 129 47 
0 152 47 
0 260 7 
0 184 0 
0 175 26 
0 158 23 
0 169 15 
0 221 12 
0 223 38 
0 249 17 
0 190 25 
0 112 24 
0 190 36 
0 225 64 
0 257 26 
0 239 17 
0 223 12 
0 205 52 
0 245 6 
0 166 12 
0 304 24 
0 173 1 
0 199 4 
0 170 5 
0 205 22 
0 183 62 
0 215 12 
0 206 22 
0 163 20 
0 163 14 
0 99 33 
0 216 14 
0 229 0 
0 259 5 
0 287 7 
0 215 0 
0 185 27 
0 180 48 
0 258 5 
0 221 63 
0 227 46 
0 131 17 
0 199 19 
0 108 18 
0 199 9 
0 179 13 
0 241 31 
0 213 41 
0 260 3 
0 236 9 
0 248 41 
0 172 96 
0 150 19 
0 217 41 
0 137 33 
0 210 17 
0 161 9 
0 142 4 
0 154 19 
0 240 6 
0 217 24 
0 193 103 
0 247 6 
0 229 13 
0 236 1 
0 129 24 
0 178 19 
0 146 14 
0 159 27 
0 198 35 
0 160 61 
0 227 14 
0 241 14 
0 236 8 
0 231 31 
0 167 4 
0 199 5 
0 192 17 
0 180 16 
0 216 24 
0 206 39 
0 240 26 
0 203 18 
0 218 30 
0 236 27 
0 201 5 
0 205 3 
0 212 4 
0 199 7 
0 257 35 
0 213 44 
0 219 29 
0 216 10 
0 175 24 
0 167 56 
0 173 9 
0 182 87 
0 225 9 
0 146 22 
0 183 12 
0 182 16 
0 186 13 
0 226 2 
0 244 17 
0 218 0 
0 162 0 
0 213 28 
0 233 6 
0 196 10 
0 180 4 
0 188 0 
0 169 8 
0 237 16 
0 204 6 
0 210 39 
0 226 26 
0 200 10 
0 151 60 
0 156 29 
0 210 34 
0 184 9 
0 210 7 
0 256 10 
0 281 40 
0 198 42 
0 188 7 
0 146 29 
0 196 6 
0 260 15 
0 234 24 
0 229 3 
0 156 9 
0 190 5 
0 188 6 
0 202 39 
0 211 1 
0 256 52 
0 264 37 
0 222 20 
0 225 23 
0 149 17 
0 286 7 
0 176 11 
0 183 1 
0 151 24 
0 274 37 
0 202 37 
0 213 5 
0 181 1 
0 227 4 
0 213 17 
0 196 7 
0 232 9 
0 197 9 
0 192 26 
0 225 8 
0 209 3 
0 171 43 
0 235 5 
0 163 12 
0 225 25 
0 182 118 
0 213 1 
0 209 20 
0 238 2 
0 195 35 
0 187 9 
0 172 21 
0 265 1 
0 208 28 
0 143 18 
0 181 20 
0 271 3 
0 278 0 
0 223 21 
0 195 6 
0 224 1 
0 215 21 
0 162 55 
0 193 6 
0 160 203 
0 218 36 
0 224 2 
0 187 43 
0 178 4 
0 216 29 
0 128 39 
0 284 13 
0 194 62 
0 206 28 
0 184 15 
0 203 21 
0 218 29 
0 212 34 
0 248 8 
0 145 7 
0 238 22 
0 257 17 
0 208 4 
0 185 7 
0 218 4 
0 188 88 
0 214 34 
0 241 31 
0 221 5 
0 211 5 
0 214 3 
0 222 4 
0 268 38 
0 199 3 
0 234 36 
0 144 18 
0 228 7 
0 265 25 
0 241 37 
0 190 22 
0 193 11 
0 201 24 
0 193 25 
0 183 151 
0 135 0 
0 200 32 
0 227 64 
0 166 14 
0 200 10 
0 182 25 
0 214 11 
0 162 8 
0 246 14 
0 193 77 
0 146 29 
0 208 22 
0 230 39 
0 257 6 
0 151 45 
0 254 12 
0 214 8 
0 260 6 
0 186 18 
0 139 9 
0 252 33 
0 177 3 
0 162 33 
0 234 34 
0 196 16 
0 224 23 
0 176 38 
0 257 62 
0 231 48 
0 196 25 
0 250 10 
0 173 25 
0 200 13 
0 241 13 
0 137 5 
0 245 33 
0 174 11 
0 226 5 
0 177 36 
0 197 19 
0 165 38 
0 241 14 
0 192 54 
0 172 14 
0 169 4 
0 199 1 
0 238 12 
0 209 18 
0 211 6 
0 203 1 
0 210 18 
0 207 0 
0 236 17 
0 212 34 
0 171 1 
0 171 21 
0 252 44 
0 204 58 
0 114 42 
0 284 15 
0 203 1 
0 210 47 
0 266 18 
0 154 94 
0 202 12 
0 267 4 
0 169 43 
0 185 11 
0 265 36 
0 199 29 
0 212 2 
0 160 24 
0 164 18 
0 110 5 
0 203 46 
0 214 26 
0 178 15 
0 259 1 
0 177 45 
0 233 20 
0 215 22 
0 204 32 
0 262 4 
0 141 15 
0 248 31 
0 191 10 
0 152 29 
0 246 20 
0 199 29 
0 222 6 
0 234 27 
0 240 20 
0 248 14 
0 234 22 
0 210 2 
0 199 53 
0 172 14 
0 206 19 
0 198 36 
0 146 50 
0 195 10 
0 247 18 
0 194 1 
0 250 23 
0 186 43 
0 287 44 
0 225 6 
0 226 1 
0 224 9 
0 203 3 
0 203 42 
0 172 22 
0 209 2 
0 219 37 
0 216 24 
0 202 23 
0 250 33 
0 201 45 
0 197 19 
0 184 14 
0 115 18 
0 195 20 
0 190 9 
0 225 38 
0 191 22 
0 191 50 
0 222 23 
0 204 20 
0 173 10 
0 172 11 
0 271 22 
0 185 12 
0 244 0 
0 211 14 
0 204 6 
0 207 25 
0 195 8 
0 223 1 
0 207 18 
0 193 38 
0 241 18 
0 228 12 
0 210 39 
0 236 23 
0 198 29 
0 242 22 
0 197 22 
0 296 10 
0 147 21 
0 135 3 
0 212 2 
0 185 6 
0 242 25 
0 186 69 
0 231 27 
0 277 2 
0 190 25 
0 137 10 
0 236 8 
0 200 20 
0 227 30 
0 170 48 
0 234 54 
0 213 2 
0 236 18 
0 264 11 
0 215 6 
0 293 20 
0 278 19 
0 257 12 
0 208 13 
0 212 23 
0 173 14 
0 168 8 
0 188 14 
0 256 9 
0 258 4 
0 235 24 
0 207 7 
0 217 0 
0 266 22 
0 232 1 
0 234 4 
0 176 40 
0 253 14 
0 210 25 
0 176 7 
0 236 32 
0 135 4 
0 171 0 
0 173 14 
0 223 15 
0 238 20 
0 223 1 
0 205 0 
0 100 31 
0 197 3 
0 183 34 
0 177 16 
0 252 3 
0 186 4 
0 230 1 
0 159 10 
0 192 19 
0 186 5 
0 156 14 
0 148 31 
0 206 1 
0 251 7 
0 181 34 
0 134 12 
0 207 10 
0 181 8 
0 194 47 
0 156 40 
0 245 37 
0 204 91 
0 195 8 
0 172 23 
0 242 20 
0 214 33 
0 246 10 
0 149 17 
0 237 7 
0 213 78 
0 167 37 
0 185 7 
0 198 20 
0 201 21 
0 142 9 
0 234 27 
0 159 27 
0 242 8 
0 223 8 
0 234 8 
0 167 68 
0 229 57 
0 262 0 
0 273 32 
0 226 43 
0 207 10 
0 197 14 
0 137 4 
0 201 19 
0 167 53 
0 239 38 
0 206 2 
0 240 12 
0 142 9 
0 212 3 
0 236 9 
0 266 12 
0 175 7 
0 165 2 
0 261 9 
0 204 49 
0 189 13 
0 192 11 
0 241 5 
0 208 57 
0 212 0 
0 221 32 
0 190 38 
0 205 11 
0 275 1 
0 164 13 
0 187 38 
0 219 32 
0 252 24 
0 192 17 
0 206 2 
0 250 11 
0 203 43 
0 236 20 
0 242 14 
0 171 84 
0 198 3 
0 233 12 
0 196 3 
0 198 15 
0 187 57 
0 190 22 
0 242 5 
0 233 0 
0 273 13 
0 229 31 
0 209 23 
0 174 44 
0 233 7 
0 195 48 
0 167 10 
0 206 22 
0 196 2 
0 277 4 
0 218 22 
0 183 18 
0 240 4 
0 201 90 
0 167 17 
0 116 10 
0 260 23 
0 189 22 
0 183 51 
0 168 11 
0 131 9 
0 212 35 
0 232 20 
0 209 26 
0 194 25 
0 141 33 
0 232 18 
0 201 8 
0 268 8 
0 152 18 
0 272 13 
0 223 90 
0 240 12 
0 208 18 
0 245 22 
0 195 32 
0 212 3 
0 168 21 
0 216 11 
0 228 17 
0 222 30 
0 206 17 
0 202 7 
0 202 38 
0 224 38 
0 198 21 
0 288 12 
0 238 21 
0 165 16 
0 195 10 
0 173 89 
0 168 39 
0 230 22 
0 235 10 
0 247 41 
0 155 42 
0 240 11 
0 179 48 
0 222 7 
0 175 18 
0 178 30 
0 234 50 
0 257 7 
0 208 66 
0 182 61 
0 282 10 
0 221 6 
0 256 50 
0 188 18 
0 268 80 
0 199 11 
0 196 17 
0 188 18 
0 180 23 
0 280 34 
0 149 4 
0 205 11 
0 187 9 
0 172 109 
0 129 2 
0 179 44 
0 195 10 
0 192 12 
0 187 48 
0 194 16 
0 171 0 
0 202 9 
0 194 47 
0 126 38 
0 132 15 
0 191 25 
0 274 12 
0 198 106 
0 196 18 
0 188 14 
0 199 23 
0 261 13 
0 176 4 
0 162 8 
0 279 17 
0 213 27 
0 215 6 
0 269 26 
0 176 21 
0 228 24 
0 209 18 
0 163 33 
0 169 5 
0 190 9 
0 220 4 
0 206 28 
0 159 35 
0 191 9 
0 162 26 
0 144 17 
0 237 44 
0 190 8 
0 213 22 
0 208 1 
0 207 20 
0 143 1 
0 149 50 
0 203 81 
0 244 15 
0 192 10 
0 198 74 
0 216 15 
0 206 12 
0 178 41 
0 233 17 
0 243 23 
0 214 43 
0 202 22 
0 220 16 
0 170 8 
0 168 15 
0 226 18 
0 251 26 
0 141 29 
0 167 18 
0 248 17 
0 191 6 
0 143 68 
0 190 3 
0 199 12 
0 127 27 
0 188 39 
0 163 25 
0 171 81 
0 163 5 
0 235 12 
0 222 5 
0 164 3 
0 207 18 
0 224 7 
0 217 15 
0 210 20 
0 232 19 
0 211 26 
0 185 54 
0 252 12 
0 223 23 
0 240 57 
0 177 73 
0 206 6 
0 222 7 
0 265 3 
0 261 44 
0 244 41 
0 233 2 
0 234 39 
0 143 32 
0 189 13 
0 232 17 
0 185 68 
0 231 27 
0 231 31 
0 239 33 
0 211 27 
0 189 55 
0 179 50 
0 212 1 
0 183 24 
0 258 7 
0 148 52 
0 223 6 
0 249 72 
0 217 33 
0 148 16 
0 194 19 
0 183 17 
0 203 3 
0 207 7 
0 174 12 
0 201 23 
0 259 22 
0 223 0 
0 196 8 
0 192 28 
0 189 24 
0 248 23 
0 231 23 
0 253 6 
0 332 12 
0 170 43 
0 312 18 
0 203 5 
0 183 6 
0 258 9 
0 189 35 
0 203 3 
0 189 65 
0 125 24 
0 215 18 
0 198 11 
0 192 12 
0 222 5 
0 179 10 
0 216 33 
0 172 0 
0 150 3 
0 187 0 
0 237 4 
0 247 3 
0 155 24 
0 187 31 
0 184 0 
0 122 56 
0 238 0 
0 217 2 
0 240 12 
0 202 25 
0 171 16 
0 244 18 
0 132 26 
0 184 7 
0 217 4 
0 284 19 
0 275 20 
0 245 18 
0 241 1 
0 270 11 
0 180 9 
0 178 22 
0 225 9 
0 224 6 
0 201 19 
0 237 31 
0 126 17 
0 240 8 
0 223 16 
0 254 5 
0 187 4 
0 193 1 
0 195 49 
0 170 41 
0 194 49 
0 183 11 
0 172 24 
0 157 22 
0 229 15 
0 245 44 
0 194 19 
0 137 11 
0 243 13 
0 223 15 
0 223 6 
0 174 0 
0 173 21 
0 247 10 
0 163 8 
0 198 57 
0 241 17 
0 184 9 
0 203 32 
0 197 40 
0 229 56 
0 100 12 
0 259 10 
0 202 63 
0 212 34 
0 215 70 
0 230 20 
0 158 40 
0 168 64 
0 128 24 
0 218 13 
0 230 6 
0 277 8 
0 240 10 
0 235 21 
0 147 29 
0 197 10 
0 192 36 
0 258 53 
0 304 15 
0 231 13 
0 206 28 
0 201 19 
0 226 6 
0 240 24 
0 218 27 
0 156 50 
0 184 113 
0 232 35 
