0 0 156 
0 15 163 
0 6 190 
0 3 235 
0 7 95 
0 36 69 
0 23 135 
0 5 144 
0 12 137 
0 25 141 
0 26 230 
0 11 159 
0 6 91 
0 39 191 
0 22 161 
0 16 88 
0 7 137 
0 12 251 
0 9 188 
0 6 182 
0 6 179 
0 36 149 
0 53 146 
0 18 108 
0 1 119 
0 2 172 
0 16 173 
0 13 195 
0 20 218 
0 6 319 
0 13 164 
0 9 222 
0 5 142 
0 7 202 
0 2 217 
0 23 171 
0 26 269 
0 0 129 
0 35 103 
0 12 214 
0 4 148 
0 0 159 
0 0 209 
0 1 145 
0 14 180 
0 9 167 
0 30 197 
0 13 130 
0 19 157 
0 15 206 
0 13 149 
0 1 140 
0 34 137 
0 9 146 
0 16 108 
0 18 175 
0 19 225 
0 48 84 
0 25 143 
0 7 120 
0 19 162 
0 6 228 
0 7 236 
0 14 166 
0 28 282 
0 24 136 
0 15 251 
0 14 154 
0 15 234 
0 16 185 
0 11 170 
0 0 191 
0 14 112 
0 5 144 
0 3 162 
0 32 176 
0 7 159 
0 23 178 
0 29 113 
0 13 131 
0 38 190 
0 34 171 
0 33 86 
0 26 208 
0 16 192 
0 35 136 
0 5 188 
0 15 255 
0 26 202 
0 25 176 
0 4 233 
0 28 127 
0 8 128 
0 5 151 
0 34 118 
0 8 158 
0 9 168 
0 15 194 
0 30 160 
0 8 215 
0 11 233 
0 23 190 
0 11 192 
0 3 234 
0 17 112 
0 16 251 
0 6 152 
0 38 147 
0 9 115 
0 17 253 
0 25 168 
0 11 156 
0 60 206 
0 8 113 
0 17 160 
0 43 132 
0 8 186 
0 60 139 
0 20 175 
0 18 168 
0 32 172 
0 43 240 
0 28 124 
0 6 91 
0 15 213 
0 2 189 
0 12 74 
0 32 110 
0 25 137 
0 7 86 
0 7 190 
0 8 174 
0 1 253 
0 8 92 
0 10 94 
0 41 181 
0 12 104 
0 44 118 
0 29 198 
0 8 191 
0 27 69 
0 8 184 
0 0 207 
0 9 94 
0 27 117 
0 2 155 
0 8 230 
0 14 186 
0 7 242 
0 5 170 
0 9 234 
0 15 211 
0 4 266 
0 9 207 
0 12 192 
0 9 147 
0 13 186 
0 3 235 
0 14 111 
0 1 135 
0 14 143 
0 13 119 
0 32 133 
0 0 261 
0 4 187 
0 2 167 
0 30 150 
0 39 137 
0 10 182 
0 15 106 
0 9 216 
0 4 298 
0 12 224 
0 24 133 
0 52 162 
0 12 225 
0 6 127 
0 35 153 
0 7 180 
0 3 147 
0 25 185 
0 20 176 
0 34 194 
0 37 111 
0 12 212 
0 32 108 
0 19 129 
0 10 175 
0 8 246 
0 3 167 
0 3 162 
0 23 172 
0 5 134 
0 18 147 
0 2 226 
0 15 134 
0 41 148 
0 1 186 
0 13 123 
0 1 150 
0 4 162 
0 13 133 
0 42 183 
0 2 205 
0 16 199 
0 33 69 
0 17 151 
0 15 200 
0 18 226 
0 50 180 
0 1 157 
0 9 153 
0 15 178 
0 32 111 
0 6 119 
0 4 244 
0 25 176 
0 25 104 
0 7 178 
0 36 215 
0 23 172 
0 18 235 
0 22 100 
0 9 80 
0 22 248 
0 24 289 
0 8 179 
0 5 141 
0 1 121 
0 20 194 
0 0 238 
0 6 172 
0 6 115 
0 7 273 
0 8 240 
0 24 208 
0 23 222 
0 10 87 
0 2 270 
0 18 95 
0 9 169 
0 14 191 
0 16 159 
0 12 328 
0 28 125 
0 10 160 
0 8 236 
0 25 180 
0 11 199 
0 27 221 
0 13 201 
0 64 141 
0 20 120 
0 30 122 
0 0 167 
0 34 126 
0 14 135 
0 10 213 
0 14 128 
0 29 177 
0 28 123 
0 6 168 
0 14 243 
0 16 245 
0 30 145 
0 2 120 
0 36 184 
0 4 255 
0 19 171 
0 14 250 
0 12 229 
0 32 263 
0 2 209 
0 10 104 
0 13 148 
0 6 159 
0 27 157 
0 30 192 
0 10 246 
0 21 210 
0 3 211 
0 9 149 
0 3 307 
0 16 110 
0 16 210 
0 8 180 
0 3 159 
0 18 138 
0 79 233 
0 36 154 
0 3 125 
0 61 143 
0 36 111 
0 5 189 
0 1 154 
0 46 192 
0 29 120 
0 8 231 
0 42 243 
0 11 161 
0 14 273 
0 23 135 
0 29 163 
0 5 127 
0 13 159 
0 23 201 
0 27 195 
0 15 137 
0 28 51 
0 25 124 
0 27 113 
0 31 80 
0 22 189 
0 3 173 
0 3 180 
0 16 167 
0 4 182 
0 25 180 
0 23 147 
0 17 178 
0 0 114 
0 15 164 
0 58 134 
0 23 223 
0 11 254 
0 2 148 
0 34 131 
0 5 179 
0 35 232 
0 8 179 
0 5 110 
0 7 272 
0 17 159 
0 5 315 
0 3 85 
0 4 197 
0 0 192 
0 21 145 
0 41 107 
0 7 159 
0 31 156 
0 10 152 
0 18 371 
0 12 238 
0 27 174 
0 13 140 
0 39 138 
0 18 205 
0 7 154 
0 25 148 
0 20 161 
0 7 199 
0 62 139 
0 9 179 
0 5 235 
0 24 143 
0 3 206 
0 17 126 
0 6 251 
0 0 151 
0 18 138 
0 22 162 
0 11 196 
0 9 193 
0 7 217 
0 0 233 
0 61 181 
0 4 154 
0 8 183 
0 15 136 
0 1 100 
0 24 196 
0 10 250 
0 37 159 
0 33 99 
0 19 106 
0 9 282 
0 30 134 
0 11 214 
0 24 191 
0 17 190 
0 14 122 
0 34 289 
0 9 210 
0 14 157 
0 27 100 
0 39 183 
0 33 107 
0 8 144 
0 21 233 
0 19 96 
0 17 194 
0 9 175 
0 13 202 
0 39 97 
0 51 131 
0 6 195 
0 29 140 
0 22 127 
0 22 133 
0 29 163 
0 18 178 
0 13 156 
0 8 85 
0 0 277 
0 1 161 
0 8 223 
0 32 87 
0 23 199 
0 10 130 
0 15 205 
0 3 88 
0 8 262 
0 11 196 
0 9 175 
0 49 102 
0 12 224 
0 21 177 
0 2 148 
0 11 162 
0 12 166 
0 27 125 
0 4 166 
0 50 234 
0 11 200 
0 13 164 
0 2 182 
0 37 139 
0 19 229 
0 6 185 
0 27 105 
0 20 206 
0 0 140 
0 4 237 
0 31 179 
0 47 178 
0 6 91 
0 13 124 
0 19 263 
0 14 98 
0 22 213 
0 5 130 
0 15 143 
0 8 232 
0 18 157 
0 11 140 
0 8 258 
0 6 186 
0 3 145 
0 1 138 
0 19 156 
0 15 173 
0 7 113 
0 24 222 
0 20 98 
0 2 231 
0 23 143 
0 9 163 
0 9 219 
0 20 176 
0 28 142 
0 30 270 
0 11 112 
0 14 145 
0 9 134 
0 10 178 
0 31 123 
0 8 219 
0 7 161 
0 3 166 
0 16 154 
0 13 36 
0 37 80 
0 48 139 
0 7 246 
0 13 194 
0 0 185 
0 1 135 
0 19 311 
0 7 176 
0 8 161 
0 1 277 
0 34 184 
0 13 136 
0 37 109 
0 2 176 
0 23 190 
0 31 177 
0 38 108 
0 6 210 
0 11 222 
0 8 287 
0 43 200 
0 38 225 
0 7 222 
0 10 250 
0 27 173 
0 36 116 
0 46 141 
0 32 254 
0 23 104 
0 11 213 
0 28 228 
0 10 180 
0 29 155 
0 7 200 
0 18 109 
0 0 142 
0 1 174 
0 29 138 
0 42 171 
0 17 234 
0 12 172 
0 13 132 
0 29 120 
0 60 93 
0 7 137 
0 9 244 
0 23 180 
0 6 247 
0 17 125 
0 0 195 
0 52 124 
0 67 118 
0 9 192 
0 14 130 
0 10 220 
0 39 169 
0 10 152 
0 2 245 
0 38 111 
0 9 189 
0 23 144 
0 3 165 
0 1 211 
0 29 204 
0 16 189 
0 40 134 
0 26 204 
0 16 214 
0 6 159 
0 20 124 
0 4 197 
0 8 157 
0 12 196 
0 38 172 
0 31 170 
0 0 211 
0 13 202 
0 26 115 
0 41 127 
0 19 178 
0 6 216 
0 7 172 
0 18 148 
0 17 185 
0 13 259 
0 27 157 
0 50 121 
0 15 112 
0 8 218 
0 5 255 
0 28 148 
0 24 146 
0 20 204 
0 2 225 
0 13 311 
0 6 144 
0 0 170 
0 17 158 
0 5 220 
0 8 234 
0 22 139 
0 5 194 
0 37 159 
0 30 203 
0 5 211 
0 19 181 
0 32 198 
0 10 136 
0 11 163 
0 5 154 
0 11 121 
0 0 257 
0 1 184 
0 7 67 
0 20 200 
0 12 194 
0 19 231 
0 15 131 
0 39 145 
0 68 117 
0 20 203 
0 8 147 
0 1 125 
0 8 307 
0 33 211 
0 17 130 
0 1 115 
0 7 227 
0 4 191 
0 46 152 
0 31 138 
0 20 141 
0 24 86 
0 2 186 
0 9 226 
0 5 193 
0 4 262 
0 1 174 
0 6 123 
0 8 162 
0 26 204 
0 7 166 
0 31 187 
0 17 178 
0 8 171 
0 65 168 
0 2 161 
0 11 137 
0 4 164 
0 3 235 
0 23 178 
0 7 193 
0 11 113 
0 38 201 
0 14 188 
0 40 142 
0 0 164 
0 13 236 
0 8 187 
0 0 225 
0 17 202 
0 0 265 
0 25 122 
0 53 150 
0 7 233 
0 23 157 
0 29 197 
0 19 140 
0 6 207 
0 13 129 
0 39 120 
0 14 147 
0 0 198 
0 13 229 
0 0 178 
0 8 142 
0 2 112 
0 13 186 
0 6 155 
0 23 134 
0 44 63 
0 15 174 
0 28 237 
0 5 186 
0 11 196 
0 47 147 
0 4 136 
0 38 137 
0 25 103 
0 28 214 
0 17 212 
0 41 79 
0 25 194 
0 7 71 
0 2 159 
0 26 173 
0 22 121 
0 6 199 
0 21 124 
0 0 132 
0 14 162 
0 7 149 
0 5 100 
0 14 118 
0 4 125 
0 20 221 
0 21 93 
0 6 161 
0 18 218 
0 14 168 
0 3 154 
0 15 178 
0 37 83 
0 1 247 
0 39 214 
0 16 49 
0 10 174 
0 20 238 
0 5 160 
0 5 318 
0 18 170 
0 35 104 
0 19 133 
0 46 149 
0 55 120 
0 8 192 
0 12 142 
0 19 251 
0 17 202 
0 0 87 
0 14 121 
0 17 159 
0 25 102 
0 16 144 
0 56 172 
0 44 267 
0 33 123 
0 21 177 
0 37 172 
0 16 171 
0 26 155 
0 16 79 
0 10 150 
0 3 98 
0 19 156 
0 15 98 
0 16 161 
0 27 95 
0 1 151 
0 27 140 
0 34 172 
0 12 162 
0 23 170 
0 42 137 
0 28 151 
0 10 136 
0 10 130 
0 18 154 
0 33 150 
0 5 97 
0 33 119 
0 45 134 
0 28 143 
0 11 227 
0 4 160 
0 14 113 
0 8 110 
0 15 131 
0 17 191 
0 5 117 
0 0 176 
0 16 236 
0 56 152 
0 13 143 
0 30 141 
0 47 156 
0 5 84 
0 14 98 
0 36 175 
0 14 180 
0 6 208 
0 11 160 
0 21 212 
0 24 96 
0 15 219 
0 10 166 
0 10 183 
0 8 199 
0 21 125 
0 19 137 
0 6 142 
0 30 151 
0 0 155 
0 4 183 
0 5 134 
0 9 135 
0 0 121 
0 7 145 
0 4 154 
0 9 171 
0 28 135 
0 14 235 
0 8 237 
0 37 163 
0 3 181 
0 10 443 
0 10 120 
0 10 125 
0 37 111 
0 11 185 
0 51 194 
0 0 115 
0 21 164 
0 27 99 
0 1 224 
0 23 134 
0 1 139 
0 6 170 
0 17 53 
0 45 145 
0 6 136 
0 9 195 
0 38 118 
0 32 288 
0 13 344 
0 2 234 
0 11 104 
0 26 202 
0 14 75 
0 11 164 
0 6 141 
0 8 224 
0 14 189 
0 0 102 
0 35 164 
0 19 126 
0 20 99 
0 13 153 
0 17 176 
0 8 136 
0 35 140 
0 72 193 
0 14 179 
0 20 163 
0 11 114 
0 66 150 
0 36 132 
0 6 87 
0 12 267 
0 56 117 
0 0 125 
0 21 141 
0 13 123 
0 13 200 
0 37 109 
0 11 134 
0 8 102 
0 15 134 
0 18 203 
0 10 249 
0 8 217 
0 13 133 
0 28 196 
0 0 99 
0 11 92 
0 2 251 
0 16 112 
0 38 160 
0 17 125 
0 8 193 
0 2 106 
0 3 219 
0 25 133 
0 23 178 
0 8 175 
0 3 142 
0 2 172 
0 13 162 
0 16 134 
0 17 177 
0 5 130 
0 7 199 
0 33 109 
0 28 194 
0 33 226 
0 60 155 
0 48 112 
0 27 164 
0 12 135 
0 7 114 
0 39 147 
0 8 128 
0 0 168 
0 14 208 
0 26 371 
0 32 159 
0 15 237 
0 2 304 
0 0 168 
0 16 168 
0 2 236 
0 6 159 
0 28 131 
0 32 141 
0 14 295 
0 5 150 
0 11 124 
0 11 84 
0 6 220 
0 8 193 
0 16 122 
0 1 182 
0 4 189 
0 18 149 
0 11 206 
0 0 131 
0 17 173 
0 31 193 
0 66 111 
0 24 151 
0 25 70 
0 61 151 
0 7 162 
0 6 306 
0 20 147 
0 0 122 
0 5 287 
0 11 153 
0 6 101 
0 0 136 
0 23 137 
0 26 185 
0 17 179 
0 30 149 
0 5 147 
0 13 137 
0 35 165 
0 27 158 
0 40 149 
0 13 155 
0 12 174 
0 23 106 
0 9 222 
0 6 287 
0 29 196 
0 9 194 
0 32 111 
0 41 187 
0 28 241 
0 4 232 
0 13 208 
0 5 227 
0 16 202 
0 20 150 
0 41 124 
0 14 129 
0 23 231 
0 27 204 
0 7 194 
0 26 189 
0 11 146 
0 50 133 
0 5 345 
0 11 142 
0 5 121 
0 40 180 
0 7 168 
0 26 199 
0 23 187 
0 13 228 
0 15 205 
0 2 252 
0 12 140 
0 9 195 
0 8 187 
0 58 155 
0 4 112 
0 14 139 
0 45 168 
0 15 131 
0 40 176 
0 14 172 
0 29 135 
0 1 134 
0 0 149 
0 10 140 
0 4 226 
0 2 261 
0 55 69 
0 5 225 
0 22 95 
0 8 217 
0 29 124 
0 7 169 
0 10 157 
0 33 263 
0 11 138 
0 12 104 
0 40 220 
0 72 121 
0 20 300 
0 44 196 
0 45 167 
0 29 105 
0 30 119 
0 15 232 
0 18 83 
0 27 214 
0 26 76 
0 18 207 
0 21 164 
0 25 215 
0 46 198 
0 10 189 
0 2 220 
0 11 204 
0 19 144 
0 22 235 
0 44 159 
0 28 220 
0 34 129 
0 14 259 
0 0 202 
0 7 181 
0 20 211 
0 18 153 
0 28 196 
0 11 198 
