1 94 34 81 0 
2 118 200 170 0 
0 119 147 20 0 
33 135 108 207 0 
4 97 151 70 0 
6 9 147 49 0 
23 23 187 55 10 
0 63 165 168 0 
5 101 165 76 11 
7 126 213 52 7 
25 58 117 34 0 
0 7 112 105 0 
0 68 272 81 0 
1 23 350 28 0 
0 69 187 60 16 
6 37 186 7 130 
15 66 113 58 0 
2 143 208 19 0 
12 121 183 100 0 
1 91 127 30 0 
15 67 135 49 0 
1 53 227 16 1 
15 94 348 11 0 
9 43 197 144 0 
0 63 146 243 0 
7 184 105 45 1 
0 96 163 51 0 
3 26 145 63 0 
8 75 166 8 0 
8 64 216 38 0 
1 82 74 92 0 
17 145 147 81 0 
0 50 153 43 0 
10 79 155 134 0 
2 235 148 107 0 
0 66 213 220 0 
2 7 199 77 0 
4 22 348 29 0 
38 120 274 32 0 
0 70 196 5 1 
2 27 115 123 0 
29 41 81 45 0 
13 96 178 65 0 
6 41 120 160 1 
9 19 59 166 80 
8 27 107 144 0 
8 148 234 75 0 
4 148 123 22 0 
0 43 249 74 0 
0 81 148 26 0 
2 64 216 47 4 
15 73 186 32 17 
0 9 149 88 0 
0 49 370 56 27 
5 106 250 34 2 
2 63 95 75 0 
6 59 585 15 0 
1 22 124 85 0 
19 118 191 69 0 
1 71 108 148 0 
9 126 140 95 0 
3 22 67 142 0 
1 206 107 61 0 
9 173 83 123 0 
0 35 141 324 0 
20 50 145 81 0 
0 11 425 3 1 
4 69 217 93 2 
0 84 184 74 0 
4 161 99 82 0 
6 111 251 26 0 
5 10 243 17 0 
3 25 179 247 4 
0 130 146 166 1 
5 29 401 3 0 
17 74 154 178 4 
9 158 250 48 0 
8 80 365 10 0 
1 99 56 94 0 
4 45 127 149 24 
0 38 151 54 0 
3 79 132 48 0 
3 90 68 19 0 
0 62 30 156 0 
1 146 26 332 0 
14 153 187 12 0 
0 66 197 56 0 
0 41 229 1 0 
0 12 101 10 25 
69 90 43 53 0 
4 4 131 113 0 
20 35 105 124 0 
3 50 143 166 0 
21 59 331 7 0 
0 86 144 50 0 
17 45 63 59 3 
2 72 168 67 5 
1 81 395 31 0 
3 23 111 124 36 
3 4 212 51 1 
1 18 69 37 0 
1 157 213 43 0 
5 90 195 85 0 
3 98 201 153 0 
8 45 372 352 0 
48 65 88 103 5 
11 1 42 62 0 
4 150 93 87 0 
44 14 319 8 5 
0 29 53 385 0 
0 135 230 46 0 
26 107 57 164 31 
1 55 146 30 0 
5 89 187 0 0 
33 45 97 57 0 
26 76 94 30 5 
29 8 294 11 21 
0 33 203 75 0 
2 15 290 43 9 
11 92 111 41 0 
0 75 187 112 0 
5 100 268 19 1 
4 116 143 74 0 
0 6 64 100 0 
1 118 154 73 0 
61 106 129 31 0 
27 141 110 91 0 
1 83 178 28 0 
0 12 143 93 0 
5 33 143 160 0 
4 43 234 10 1 
6 54 221 24 0 
12 120 428 13 1 
2 135 23 160 0 
1 37 106 64 0 
1 1 81 52 23 
3 36 139 12 67 
5 32 140 132 0 
4 18 246 40 0 
3 36 131 424 0 
14 121 347 175 0 
1 50 147 64 0 
41 184 125 91 0 
2 9 320 37 0 
1 93 513 123 0 
1 43 182 126 0 
2 101 122 98 0 
28 95 140 16 0 
39 27 157 78 0 
25 156 226 20 0 
11 31 183 85 0 
12 25 91 122 0 
5 41 268 35 0 
0 117 248 68 0 
17 92 418 87 0 
4 158 216 13 13 
29 21 84 47 1 
4 183 366 40 0 
0 16 167 4 0 
0 66 132 77 0 
7 12 172 32 32 
22 84 109 91 0 
8 87 172 35 0 
4 127 170 100 0 
0 29 271 63 0 
4 36 149 16 0 
4 3 110 80 0 
21 170 112 94 3 
0 38 93 46 0 
4 56 150 46 40 
11 54 126 44 0 
0 0 36 89 24 
1 106 67 66 20 
11 29 33 75 0 
16 161 150 70 0 
1 32 133 33 0 
1 68 287 111 90 
12 49 91 52 9 
2 43 225 175 0 
0 27 205 83 0 
26 64 101 22 0 
5 135 248 154 0 
32 10 98 147 0 
38 80 191 80 0 
3 58 147 96 6 
64 2 240 35 0 
3 72 233 16 0 
2 30 64 158 0 
1 60 246 40 0 
5 66 141 193 0 
6 50 114 129 0 
1 99 191 53 31 
0 22 278 18 0 
21 103 184 49 0 
3 65 231 50 0 
2 75 229 27 0 
35 13 86 95 0 
16 85 95 76 0 
17 130 279 8 0 
5 45 105 66 0 
0 288 491 60 0 
9 93 134 39 1 
0 114 159 6 0 
4 61 316 51 0 
47 14 157 46 0 
0 72 109 195 0 
8 101 145 152 0 
6 93 167 162 0 
1 21 334 0 0 
0 54 180 59 1 
11 98 109 52 0 
32 66 253 12 8 
9 47 266 30 0 
2 17 177 54 0 
4 74 174 53 1 
2 57 81 91 0 
2 60 179 66 0 
0 113 97 268 0 
0 140 177 30 0 
6 73 199 118 0 
10 37 206 209 0 
0 52 273 60 0 
4 125 44 26 0 
1 50 41 42 0 
11 78 88 42 0 
2 81 149 93 0 
3 116 172 11 0 
18 31 39 86 0 
0 12 193 47 0 
2 100 45 56 59 
1 22 89 87 2 
1 61 290 20 0 
8 109 29 17 0 
17 48 334 26 0 
18 15 102 199 0 
0 55 128 12 0 
0 22 318 15 0 
5 39 61 50 0 
36 133 44 41 0 
8 5 147 163 0 
17 84 138 136 0 
6 41 255 27 21 
0 99 123 43 2 
0 46 183 90 0 
2 60 242 129 0 
1 51 168 105 0 
2 33 129 85 16 
2 16 290 19 1 
2 47 94 74 0 
26 11 137 51 6 
45 156 180 17 0 
33 119 103 52 0 
4 73 196 41 0 
28 102 115 187 0 
2 89 113 8 8 
0 135 204 76 0 
1 149 189 63 1 
1 121 64 16 0 
1 99 69 148 0 
0 62 66 86 0 
6 36 178 94 35 
1 17 199 103 0 
1 41 217 44 0 
0 122 85 38 27 
21 60 10 69 13 
0 60 119 105 0 
0 26 183 3 0 
9 83 105 115 0 
10 109 235 17 0 
4 18 166 19 4 
0 77 244 118 0 
0 160 63 134 0 
3 86 98 1 0 
0 124 99 21 0 
2 198 167 53 0 
10 134 88 183 0 
54 96 94 14 0 
24 35 77 29 0 
6 153 180 77 0 
30 101 196 55 0 
7 114 121 97 1 
12 11 177 49 0 
3 29 130 120 0 
10 96 200 80 0 
0 351 99 19 0 
42 70 86 68 0 
17 81 129 51 7 
1 55 133 57 0 
11 100 210 82 14 
6 48 170 194 0 
6 27 251 135 0 
0 95 150 12 11 
7 74 216 87 0 
0 95 113 124 8 
5 86 201 99 1 
22 25 194 146 0 
15 29 68 94 0 
2 30 232 134 11 
0 59 258 54 0 
4 25 122 142 9 
16 50 177 136 3 
3 216 208 129 0 
0 20 166 155 0 
25 9 84 12 0 
1 53 132 119 0 
11 65 244 93 0 
6 28 99 36 3 
20 218 209 46 0 
4 155 261 3 6 
0 147 103 100 21 
1 152 258 20 12 
7 20 300 96 19 
3 74 191 57 0 
0 63 179 99 0 
18 28 147 176 0 
7 20 298 89 0 
1 94 201 76 0 
9 50 178 27 0 
5 156 364 19 0 
0 19 280 7 0 
2 71 75 87 0 
2 107 312 55 0 
1 77 63 33 0 
5 55 109 9 0 
70 66 87 24 16 
19 44 248 44 0 
0 11 174 53 0 
1 99 171 116 0 
1 63 112 18 0 
21 36 101 32 0 
5 28 92 16 13 
10 74 283 61 0 
2 22 186 115 1 
5 41 85 135 0 
3 28 99 80 1 
0 139 239 59 1 
4 104 84 43 0 
3 49 242 60 0 
0 87 329 67 0 
34 7 238 101 0 
78 6 238 204 146 
27 55 173 32 0 
7 37 143 49 1 
0 2 150 24 0 
10 20 145 92 0 
32 35 95 40 0 
3 170 180 17 0 
1 71 269 149 0 
0 61 155 21 17 
4 118 70 79 0 
24 116 97 79 11 
46 9 133 21 0 
1 170 233 11 0 
6 99 209 17 0 
38 42 200 64 0 
1 139 74 78 0 
4 28 262 41 8 
0 49 256 49 0 
1 64 234 17 0 
0 7 407 67 1 
14 114 139 50 0 
0 21 274 101 0 
2 122 184 116 0 
0 56 168 142 1 
6 27 164 61 0 
4 126 167 64 0 
22 26 176 46 0 
2 49 398 22 0 
18 58 131 3 0 
0 78 296 33 0 
9 147 71 49 0 
0 84 126 57 0 
1 103 198 0 0 
0 40 73 25 0 
5 20 220 137 19 
20 59 99 91 0 
28 106 155 88 0 
6 90 300 110 0 
8 68 203 133 0 
11 70 156 70 0 
28 24 244 45 0 
5 50 475 4 0 
3 142 307 68 0 
0 43 115 8 0 
8 60 225 77 5 
19 71 78 109 0 
10 25 301 77 0 
22 52 159 67 0 
15 53 235 76 10 
4 41 218 11 0 
7 153 142 52 0 
0 48 159 63 5 
1 80 127 29 18 
6 145 192 19 2 
0 15 132 34 0 
16 2 139 24 10 
10 20 150 31 0 
0 125 54 1 3 
0 63 147 102 0 
0 131 108 47 1 
13 14 101 35 8 
0 23 269 82 0 
5 91 145 26 0 
0 93 126 26 0 
0 0 199 2 0 
11 80 186 131 0 
1 133 77 96 0 
9 153 229 43 0 
17 31 216 183 0 
35 4 132 199 0 
4 37 87 65 0 
33 30 120 46 1 
8 106 141 1 0 
0 139 73 80 0 
8 121 242 57 0 
3 170 103 228 0 
68 43 104 38 0 
3 85 93 22 8 
2 19 79 99 0 
3 104 107 48 0 
1 74 98 165 12 
3 155 158 81 0 
5 165 305 16 0 
21 19 185 123 100 
0 126 212 3 0 
2 18 107 114 0 
1 73 154 71 20 
15 66 250 32 0 
0 56 93 89 0 
24 91 194 119 0 
1 44 105 224 0 
12 110 117 71 0 
0 55 142 84 0 
6 48 161 13 0 
6 79 200 4 0 
0 177 177 47 0 
13 111 142 12 0 
101 312 38 27 0 
4 148 104 66 0 
60 49 200 36 0 
10 121 172 8 0 
22 46 239 13 0 
0 14 189 25 0 
2 120 68 50 0 
5 32 109 78 14 
37 6 147 114 0 
2 101 202 94 9 
0 103 308 183 8 
12 35 160 20 0 
2 26 284 4 0 
5 53 131 70 0 
25 1 269 81 22 
11 52 164 47 0 
6 37 124 36 0 
7 36 244 5 0 
21 117 146 49 0 
1 55 132 28 1 
9 51 169 132 0 
3 45 114 163 0 
22 10 167 91 24 
38 54 150 19 1 
7 195 39 65 0 
6 117 202 27 0 
37 88 74 13 11 
3 8 328 49 0 
16 74 140 70 0 
3 98 151 13 8 
60 47 122 39 0 
34 75 40 65 1 
9 91 256 58 0 
18 169 229 68 0 
19 89 141 15 3 
1 32 249 13 0 
3 13 331 66 1 
17 89 294 122 0 
2 153 131 58 0 
0 143 115 46 0 
8 19 411 68 1 
0 180 129 171 2 
12 40 34 38 2 
11 52 167 87 0 
13 96 61 6 0 
11 185 168 122 0 
9 30 148 286 0 
4 77 290 114 0 
2 56 80 39 0 
28 148 79 22 0 
20 5 97 44 0 
26 47 135 194 0 
12 0 67 212 0 
14 80 121 113 0 
0 120 57 121 0 
33 15 137 92 0 
0 13 224 109 0 
7 55 170 28 0 
5 107 319 24 0 
15 112 108 24 1 
1 62 119 198 0 
7 142 134 55 0 
9 11 63 60 1 
21 43 156 120 0 
0 27 291 32 0 
69 34 267 22 0 
1 152 217 62 0 
7 91 202 0 0 
0 62 140 115 0 
15 76 209 288 0 
8 46 174 91 0 
0 64 187 76 43 
1 45 308 206 17 
1 60 190 99 0 
28 27 203 88 0 
25 124 229 157 32 
30 50 159 23 0 
7 30 460 25 0 
4 92 194 132 0 
6 271 118 109 0 
12 43 539 87 0 
26 42 154 80 0 
20 33 119 100 0 
4 161 32 61 0 
2 33 231 144 1 
16 142 188 7 0 
6 27 317 8 0 
17 71 132 64 0 
0 59 72 161 0 
8 92 184 88 12 
10 19 271 53 0 
18 3 110 33 0 
10 35 179 97 0 
14 147 347 50 0 
4 33 39 18 1 
0 82 120 152 0 
1 95 217 22 0 
7 70 49 72 0 
10 32 118 10 35 
1 39 166 33 0 
37 80 215 119 0 
0 17 151 153 60 
15 130 93 53 0 
2 69 191 127 0 
33 41 41 183 0 
2 105 115 1 0 
7 57 121 104 0 
4 85 87 41 0 
0 38 248 22 28 
32 93 257 118 0 
39 36 129 44 0 
0 75 141 115 34 
3 156 234 55 0 
2 10 142 51 0 
38 14 268 22 0 
30 91 190 18 3 
2 87 189 113 23 
1 134 140 104 0 
0 47 124 90 0 
5 83 206 30 0 
1 66 138 155 1 
9 41 178 16 0 
1 73 119 123 0 
0 36 270 69 0 
24 27 169 24 0 
6 170 52 47 0 
0 45 195 94 0 
3 48 103 29 0 
0 61 125 114 8 
18 39 101 11 0 
7 69 169 94 3 
21 125 188 86 0 
7 33 53 119 0 
0 123 82 24 0 
10 52 105 92 4 
25 140 99 33 0 
5 25 173 101 0 
2 40 70 12 0 
3 140 145 91 0 
2 33 185 167 0 
0 44 288 23 0 
0 65 191 7 0 
4 63 157 132 0 
46 18 108 185 50 
3 89 120 120 0 
15 16 12 31 0 
14 174 219 25 0 
21 10 178 158 0 
15 32 55 63 0 
9 88 254 19 13 
0 16 262 55 0 
0 146 94 111 7 
12 106 149 37 0 
4 49 80 74 0 
21 74 108 202 0 
1 94 158 184 0 
0 10 163 114 0 
0 78 67 54 0 
1 194 89 153 0 
2 76 207 56 0 
10 11 158 66 0 
7 21 5 23 0 
2 103 147 24 0 
0 158 218 109 0 
11 29 105 150 1 
23 54 114 50 4 
3 65 187 19 0 
18 183 132 33 0 
10 99 55 62 0 
5 65 197 75 0 
1 82 147 46 0 
48 40 216 16 0 
12 49 163 247 0 
2 23 161 53 0 
7 59 170 69 0 
20 38 291 121 0 
14 33 127 131 0 
26 128 85 137 0 
23 120 315 91 42 
8 56 102 25 45 
0 67 86 74 0 
1 63 219 34 0 
7 76 130 83 0 
2 63 169 77 0 
3 33 227 55 0 
22 36 74 200 0 
1 76 138 220 0 
5 17 189 94 0 
1 104 138 120 0 
2 126 168 31 0 
0 108 318 111 14 
18 83 202 15 0 
1 113 203 69 0 
18 22 149 124 0 
17 74 211 73 0 
10 62 131 13 2 
28 111 56 185 0 
2 24 274 74 23 
6 70 197 88 0 
11 56 119 24 49 
24 42 141 58 1 
11 170 230 87 0 
7 24 171 27 0 
8 41 282 125 0 
8 102 345 9 0 
3 85 162 61 0 
8 69 61 122 1 
2 105 143 156 0 
6 21 131 24 0 
14 71 186 86 0 
8 121 132 254 0 
1 35 62 41 38 
0 70 199 84 0 
9 96 175 117 0 
1 83 172 39 0 
22 144 240 189 0 
3 58 290 28 0 
37 57 170 53 0 
15 69 319 59 61 
2 28 90 87 0 
4 38 171 60 0 
2 82 207 2 0 
2 26 351 31 0 
17 170 218 48 0 
1 14 165 206 0 
0 56 236 106 0 
6 40 67 92 0 
13 21 215 33 0 
27 27 272 59 0 
1 55 412 175 0 
53 37 118 27 0 
1 47 194 61 0 
0 120 49 24 0 
14 7 242 30 6 
19 62 225 143 0 
3 67 172 3 0 
5 56 136 206 4 
46 69 141 9 1 
15 71 76 20 0 
5 50 247 56 0 
2 97 274 93 0 
5 249 70 1 0 
16 11 119 203 0 
23 62 144 47 0 
11 94 330 42 0 
16 10 56 120 24 
7 28 149 46 14 
2 57 189 22 77 
0 187 200 69 0 
1 83 126 16 45 
0 6 135 91 0 
0 76 149 106 0 
29 5 151 42 0 
24 151 87 32 6 
18 0 300 59 1 
8 69 166 47 0 
16 87 91 19 0 
16 0 111 29 0 
6 154 43 65 0 
0 35 169 16 0 
13 70 230 14 0 
28 52 115 24 0 
17 23 122 116 0 
12 158 115 34 0 
1 118 415 54 1 
0 188 93 146 3 
25 93 112 23 0 
10 49 219 5 0 
8 53 79 167 0 
11 68 139 3 0 
28 127 76 47 0 
0 26 292 85 0 
31 127 41 64 0 
0 57 253 36 7 
10 69 218 6 1 
8 29 295 0 0 
61 34 317 70 0 
3 204 55 63 0 
14 53 136 101 0 
16 136 66 98 0 
1 65 84 169 14 
0 134 309 55 0 
2 130 175 61 0 
0 44 157 154 24 
25 58 159 54 5 
10 167 169 33 0 
0 30 162 89 0 
0 1 415 50 0 
5 19 80 121 0 
1 50 113 41 0 
40 51 127 1 0 
16 103 55 270 0 
26 105 124 43 0 
2 104 65 7 0 
5 26 143 83 0 
1 46 57 99 0 
2 10 162 11 0 
4 103 201 16 0 
14 31 142 101 0 
1 174 224 57 0 
2 15 152 5 0 
24 40 183 188 56 
31 38 123 41 0 
14 21 188 8 0 
0 11 198 139 0 
12 59 169 39 11 
7 7 233 121 0 
3 291 83 14 0 
0 66 248 92 0 
12 47 151 99 0 
1 130 112 3 0 
0 49 155 145 0 
0 106 126 148 0 
0 75 66 25 0 
32 140 147 30 0 
23 44 226 121 1 
42 45 107 58 18 
25 138 107 151 0 
9 145 134 27 0 
0 138 226 17 0 
1 125 157 24 0 
7 64 125 44 64 
0 100 173 8 0 
19 234 83 17 0 
17 56 246 49 2 
1 77 144 9 0 
8 146 67 59 0 
0 10 205 59 0 
0 86 161 13 0 
5 6 153 159 0 
0 9 254 31 0 
1 30 315 7 0 
46 56 146 12 0 
1 44 210 61 0 
0 49 172 44 0 
23 113 138 71 1 
0 28 143 5 21 
1 0 326 338 19 
74 60 49 4 0 
5 183 60 74 15 
0 60 160 1 0 
2 24 225 19 0 
5 22 97 164 0 
1 31 425 103 0 
20 41 118 41 0 
0 60 123 104 0 
5 6 367 126 0 
15 126 291 69 0 
32 94 200 105 0 
7 309 257 41 0 
0 78 57 101 0 
17 56 297 79 18 
9 76 69 46 1 
6 177 167 94 0 
13 119 210 3 0 
38 52 126 124 0 
0 70 193 92 0 
8 68 194 39 0 
8 51 95 148 2 
0 46 346 1 0 
25 62 185 63 0 
2 37 212 155 0 
0 106 100 33 0 
3 174 161 44 0 
13 62 186 95 0 
19 33 248 17 0 
9 6 339 8 0 
1 213 194 43 0 
1 48 40 103 0 
11 72 167 13 3 
1 88 156 28 0 
0 26 153 115 1 
12 47 210 49 0 
7 146 38 2 0 
18 50 61 59 0 
4 107 58 29 0 
0 6 285 71 0 
0 14 96 94 0 
5 76 172 101 0 
0 86 364 26 0 
0 75 310 39 0 
8 26 142 114 0 
12 85 190 62 0 
4 42 279 191 0 
5 102 138 53 0 
3 74 344 52 0 
4 162 135 49 0 
2 135 128 87 1 
2 29 162 28 0 
0 94 98 30 0 
2 37 253 49 0 
1 39 57 69 0 
0 69 90 27 0 
18 133 104 25 0 
39 214 47 40 4 
1 22 147 60 0 
1 30 201 53 0 
2 140 320 2 0 
7 80 123 215 0 
27 12 83 36 0 
23 25 169 195 45 
3 42 159 45 0 
17 66 95 49 19 
6 14 133 79 11 
1 205 205 6 0 
6 124 254 1 0 
16 51 71 57 0 
8 116 171 29 0 
13 28 278 17 2 
0 82 92 31 1 
12 71 100 84 0 
2 58 115 41 0 
26 75 143 50 0 
15 54 100 106 0 
0 87 268 79 0 
46 90 250 56 0 
0 15 260 67 0 
0 102 120 55 0 
19 65 153 133 0 
7 31 188 35 0 
0 165 224 67 0 
1 89 272 131 0 
4 106 135 38 0 
26 144 107 84 0 
3 139 110 74 0 
18 33 177 363 0 
5 34 147 81 0 
34 27 393 9 0 
9 76 104 54 16 
6 30 297 27 0 
9 75 124 127 0 
1 91 337 175 0 
0 74 325 68 0 
7 74 199 59 0 
5 25 264 33 0 
6 152 150 85 0 
12 124 497 23 0 
10 97 172 49 0 
7 111 56 39 2 
4 57 224 41 0 
36 82 90 218 0 
10 33 243 38 0 
1 15 183 156 0 
1 9 262 94 0 
1 118 144 75 0 
6 73 149 55 0 
5 6 278 36 0 
1 10 277 107 0 
31 66 122 48 0 
13 16 215 108 0 
2 113 195 15 0 
4 55 102 101 0 
0 61 181 60 0 
0 90 97 38 0 
16 17 170 53 26 
86 24 60 34 0 
0 61 248 115 0 
15 62 217 8 0 
6 62 203 98 0 
1 9 228 36 6 
0 39 131 10 0 
4 19 63 202 0 
0 103 113 42 0 
4 152 140 48 15 
10 126 69 26 0 
5 72 57 91 0 
7 24 128 44 0 
1 81 175 178 0 
0 27 71 95 140 
13 4 152 50 0 
10 78 102 138 0 
12 157 137 60 1 
0 54 262 91 0 
0 26 123 116 0 
2 113 67 100 51 
1 200 85 64 0 
13 28 81 64 58 
6 111 335 21 5 
1 120 155 7 0 
0 57 232 68 0 
5 147 180 51 0 
1 126 297 42 0 
3 183 145 16 0 
35 49 137 93 0 
2 43 62 170 0 
3 2 202 91 62 
1 61 238 87 0 
38 156 160 55 23 
23 64 141 113 0 
5 105 111 149 0 
0 283 107 79 0 
37 158 111 161 0 
14 25 234 46 0 
10 19 248 55 2 
0 48 167 74 22 
0 69 105 35 63 
14 67 83 26 0 
1 86 108 26 1 
8 30 85 119 35 
0 60 119 13 0 
1 40 35 34 0 
1 21 131 97 4 
5 101 129 187 0 
0 3 320 29 0 
7 52 251 10 9 
1 68 198 27 1 
10 95 202 34 0 
5 62 113 37 0 
0 139 247 27 0 
1 21 138 69 4 
10 81 140 104 0 
0 105 117 226 0 
0 70 278 52 0 
1 146 202 127 0 
12 109 163 49 0 
0 32 174 81 1 
1 19 56 231 0 
11 45 65 44 0 
5 31 209 62 2 
26 42 227 172 0 
0 52 146 53 19 
13 58 371 135 0 
6 19 115 1 21 
8 35 331 73 0 
0 53 146 35 0 
6 66 172 66 1 
1 59 139 27 0 
0 255 145 203 4 
0 113 148 76 0 
8 40 155 216 0 
0 107 89 15 0 
24 125 106 122 0 
0 51 197 103 0 
0 56 309 14 0 
62 89 109 33 0 
17 53 136 5 0 
16 171 153 65 24 
12 89 80 88 0 
7 107 196 0 0 
12 44 33 53 0 
46 78 136 47 0 
3 39 202 105 0 
28 36 172 91 0 
5 14 108 61 0 
0 40 174 118 0 
0 81 161 2 22 
6 70 66 18 0 
3 111 160 138 0 
16 70 73 75 0 
9 36 170 129 0 
2 113 108 38 0 
1 230 171 105 0 
1 0 157 18 18 
3 205 159 54 0 
24 110 233 11 0 
0 10 394 51 0 
3 42 168 60 0 
1 89 60 74 0 
21 22 144 130 0 
5 141 193 42 0 
8 6 208 46 0 
0 32 170 137 0 
3 158 301 25 0 
