0 33 60 
0 25 50 
0 20 148 
0 28 85 
0 9 168 
0 45 190 
0 20 64 
0 24 51 
0 32 127 
0 58 40 
0 32 25 
0 14 173 
0 27 196 
0 57 98 
0 38 78 
0 8 72 
0 49 69 
0 26 94 
0 20 129 
0 48 82 
0 24 59 
0 5 99 
0 25 64 
0 32 127 
0 35 147 
0 13 52 
0 42 74 
0 21 93 
0 20 115 
0 35 137 
0 18 120 
0 18 103 
0 45 118 
0 36 118 
0 23 50 
0 2 80 
0 33 65 
0 3 41 
0 32 45 
0 34 84 
0 58 127 
0 18 146 
0 16 107 
0 88 108 
0 22 140 
0 9 78 
0 46 76 
0 14 47 
0 58 63 
0 66 73 
0 61 43 
0 20 94 
0 76 124 
0 46 83 
0 23 44 
0 34 81 
0 16 104 
0 28 117 
0 22 137 
0 28 160 
0 22 55 
0 19 119 
0 62 173 
0 26 131 
0 29 34 
0 37 63 
0 10 105 
0 28 95 
0 36 143 
0 22 110 
0 21 43 
0 33 73 
0 56 35 
0 24 54 
0 28 77 
0 6 12 
0 34 122 
0 21 82 
0 17 73 
0 30 99 
0 43 49 
0 37 76 
0 20 21 
0 25 101 
0 25 115 
0 41 129 
0 20 59 
0 20 71 
0 31 19 
0 15 162 
0 21 128 
0 29 18 
0 26 33 
0 34 83 
0 37 52 
0 34 31 
0 21 105 
0 30 113 
0 16 80 
0 15 122 
0 24 136 
0 9 75 
0 39 50 
0 30 60 
0 60 67 
0 20 89 
0 21 53 
0 27 114 
0 28 133 
0 16 114 
0 35 65 
0 20 76 
0 31 127 
0 24 106 
0 29 110 
0 8 72 
0 6 114 
0 15 113 
0 32 52 
0 28 70 
0 25 84 
0 31 87 
0 47 87 
0 24 120 
0 27 125 
0 12 118 
0 26 104 
0 52 71 
0 26 130 
0 18 106 
0 30 150 
0 19 109 
0 36 104 
0 11 76 
0 24 157 
0 30 186 
0 33 109 
0 44 102 
0 47 177 
0 21 142 
0 19 76 
0 48 38 
0 39 92 
0 18 138 
0 22 125 
0 26 76 
0 3 68 
0 45 93 
0 32 94 
0 22 121 
0 9 78 
0 13 169 
0 38 233 
0 14 69 
0 42 135 
0 27 113 
0 28 44 
0 10 54 
0 11 87 
0 36 158 
0 48 88 
0 49 61 
0 9 75 
0 25 92 
0 41 43 
0 54 74 
0 8 85 
0 27 33 
0 43 134 
0 25 120 
0 64 96 
0 18 157 
0 21 89 
0 39 42 
0 47 125 
0 14 103 
0 29 84 
0 32 65 
0 48 119 
0 20 115 
0 10 34 
0 21 61 
0 47 53 
0 44 49 
0 44 64 
0 41 117 
0 17 75 
0 24 58 
0 25 43 
0 34 103 
0 19 59 
0 68 80 
0 16 161 
0 36 21 
0 22 62 
0 24 53 
0 30 85 
0 42 68 
0 15 75 
0 22 289 
0 32 98 
0 53 85 
0 11 104 
0 23 44 
0 27 94 
0 21 176 
0 33 106 
0 63 63 
0 39 85 
0 10 145 
0 9 96 
0 10 68 
0 30 91 
0 28 174 
0 22 110 
0 24 28 
0 48 58 
0 37 117 
0 11 68 
0 11 53 
0 42 98 
0 30 127 
0 29 110 
0 40 85 
0 20 144 
0 16 82 
0 13 129 
0 17 91 
0 47 105 
0 26 37 
0 41 53 
0 13 89 
0 14 51 
0 34 71 
0 54 51 
0 40 81 
0 4 15 
0 19 152 
0 30 33 
0 28 58 
0 7 97 
0 49 58 
0 55 53 
0 28 137 
0 5 50 
0 35 86 
0 26 102 
0 52 71 
0 18 133 
0 41 74 
0 26 88 
0 22 121 
0 28 120 
0 15 76 
0 30 60 
0 30 60 
0 27 54 
0 17 57 
0 12 47 
0 17 81 
0 30 100 
0 22 76 
0 23 61 
0 8 44 
0 31 55 
0 36 93 
0 33 77 
0 19 96 
0 37 73 
0 27 59 
0 15 162 
0 53 55 
0 33 82 
0 53 130 
0 32 33 
0 21 53 
0 24 93 
0 62 89 
0 29 121 
0 34 56 
0 17 48 
0 43 83 
0 45 154 
0 30 84 
0 27 25 
0 36 93 
0 7 53 
0 5 52 
0 35 99 
0 84 28 
0 36 51 
0 32 100 
0 28 79 
0 37 132 
0 54 40 
0 26 68 
0 28 50 
0 14 72 
0 18 84 
0 61 54 
0 8 107 
0 15 74 
0 14 40 
0 27 83 
0 6 48 
0 32 70 
0 63 114 
0 12 106 
0 17 85 
0 49 67 
0 24 93 
0 29 123 
0 18 89 
0 23 34 
0 41 72 
0 13 84 
0 19 70 
0 4 119 
0 30 156 
0 41 22 
0 13 126 
0 16 108 
0 47 54 
0 27 125 
0 13 63 
0 19 126 
0 30 54 
0 29 115 
0 89 101 
0 39 34 
0 20 143 
0 50 52 
0 28 115 
0 22 94 
0 19 95 
0 18 78 
0 28 144 
0 37 148 
0 35 24 
0 31 61 
0 18 121 
0 13 90 
0 20 87 
0 11 47 
0 39 21 
0 12 99 
0 30 111 
0 27 94 
0 63 76 
0 37 159 
0 51 90 
0 37 78 
0 57 102 
0 29 144 
0 31 63 
0 41 69 
0 22 111 
0 31 144 
0 42 68 
0 18 54 
0 20 117 
0 42 185 
0 31 145 
0 23 102 
0 26 89 
0 59 74 
0 12 106 
0 50 64 
0 34 67 
0 16 93 
0 21 49 
0 9 33 
0 25 30 
0 4 145 
0 33 135 
0 15 142 
0 1 92 
0 27 72 
0 39 90 
0 39 59 
0 31 117 
0 20 48 
0 23 112 
0 23 114 
0 27 166 
0 19 63 
0 37 53 
0 14 66 
0 36 77 
0 22 81 
0 22 118 
0 17 105 
0 40 85 
0 47 94 
0 31 80 
0 35 147 
0 60 100 
0 24 110 
0 0 129 
0 29 99 
0 47 54 
0 33 135 
0 21 65 
0 11 82 
0 43 98 
0 47 94 
0 41 108 
0 35 146 
0 33 26 
0 16 123 
0 15 31 
0 14 167 
0 15 71 
0 14 130 
0 42 66 
0 8 66 
0 58 78 
0 36 108 
0 32 71 
0 16 84 
0 12 86 
0 33 76 
0 53 93 
0 41 101 
0 13 95 
0 28 74 
0 16 138 
0 27 66 
0 11 48 
0 11 96 
0 11 75 
0 30 49 
0 41 174 
0 51 58 
0 38 103 
0 27 95 
0 32 81 
0 73 109 
0 27 60 
0 49 74 
0 14 81 
0 15 137 
0 19 71 
0 45 84 
0 31 84 
0 8 51 
0 66 87 
0 3 82 
0 2 41 
0 32 82 
0 32 92 
0 21 55 
0 18 113 
0 78 75 
0 13 173 
0 22 49 
0 8 91 
0 16 94 
0 32 90 
0 34 107 
0 25 40 
0 21 125 
0 13 90 
0 63 133 
0 40 38 
0 37 62 
0 20 68 
0 13 76 
0 34 59 
0 75 121 
0 21 145 
0 14 191 
0 36 108 
0 48 47 
0 34 83 
0 25 134 
0 11 91 
0 28 171 
0 46 116 
0 19 83 
0 24 124 
0 10 152 
0 11 55 
0 36 104 
0 48 61 
0 41 56 
0 19 38 
0 51 39 
0 28 70 
0 30 21 
0 16 69 
0 37 79 
0 28 80 
0 22 75 
0 24 49 
0 5 120 
0 11 112 
0 22 62 
0 14 58 
0 12 132 
0 24 66 
0 18 107 
0 28 71 
0 32 169 
0 30 62 
0 36 113 
0 12 158 
0 11 80 
0 31 97 
0 9 50 
0 19 91 
0 20 108 
0 44 129 
0 33 140 
0 15 57 
0 26 86 
0 20 42 
0 65 147 
0 17 82 
0 23 119 
0 3 162 
0 23 57 
0 47 63 
0 23 161 
0 8 72 
0 56 186 
0 21 55 
0 37 98 
0 25 154 
0 12 69 
0 59 104 
0 24 158 
0 38 133 
0 5 125 
0 32 74 
0 48 83 
0 23 136 
0 21 96 
0 23 48 
0 65 101 
0 32 83 
0 21 79 
0 24 153 
0 47 111 
0 17 107 
0 7 99 
0 12 143 
0 33 68 
0 20 85 
0 39 37 
0 12 97 
0 17 91 
0 13 57 
0 13 89 
0 12 106 
0 23 26 
0 33 91 
0 13 70 
0 36 149 
0 36 54 
0 5 82 
0 51 56 
0 25 42 
0 36 122 
0 27 105 
0 67 46 
0 10 70 
0 21 71 
0 38 61 
0 1 101 
0 32 128 
0 15 140 
0 10 62 
0 54 65 
0 48 62 
0 8 64 
0 31 80 
0 29 118 
0 37 133 
0 35 73 
0 13 123 
0 40 90 
0 11 162 
0 21 134 
0 7 89 
0 47 80 
0 21 52 
0 35 113 
0 56 110 
0 18 132 
0 23 119 
0 26 62 
0 11 44 
0 5 59 
0 31 122 
0 11 89 
0 3 88 
0 47 92 
0 33 114 
0 38 33 
0 47 37 
0 6 96 
0 22 91 
0 17 96 
0 47 49 
0 36 48 
0 22 133 
0 36 140 
0 3 144 
0 16 96 
0 16 47 
0 25 29 
0 23 113 
0 12 135 
0 26 71 
0 35 54 
0 29 145 
0 38 102 
0 28 144 
0 44 77 
0 43 89 
0 43 91 
0 42 124 
0 31 20 
0 49 119 
0 4 115 
0 17 40 
0 23 85 
0 41 109 
0 25 125 
0 36 91 
0 28 122 
0 14 98 
0 45 127 
0 11 143 
0 27 64 
0 21 66 
0 32 120 
0 36 76 
0 16 152 
0 86 85 
0 32 213 
0 27 78 
0 12 102 
0 49 105 
0 58 39 
0 8 46 
0 48 82 
0 27 57 
0 29 89 
0 30 75 
0 27 54 
0 42 122 
0 42 57 
0 6 163 
0 18 50 
0 35 39 
0 15 131 
0 41 92 
0 40 108 
0 22 126 
0 23 53 
0 69 52 
0 15 71 
0 33 95 
0 20 92 
0 35 67 
0 26 103 
0 52 123 
0 18 130 
0 30 57 
0 20 132 
0 52 78 
0 20 112 
0 28 74 
0 28 164 
0 14 100 
0 4 12 
0 33 149 
0 3 84 
0 21 131 
0 57 134 
0 15 116 
0 45 96 
0 42 71 
0 25 111 
0 16 56 
0 46 124 
0 40 67 
0 27 77 
0 31 107 
0 25 133 
0 27 130 
0 35 137 
0 22 85 
0 32 74 
0 35 138 
0 10 161 
0 22 61 
0 36 80 
0 18 98 
0 13 47 
0 52 122 
0 31 112 
0 39 114 
0 6 77 
0 21 123 
0 78 121 
0 61 112 
0 27 175 
0 34 79 
0 25 46 
0 19 111 
0 16 49 
0 30 83 
0 21 46 
0 18 64 
0 41 48 
0 28 101 
0 26 107 
0 7 105 
0 40 93 
0 30 106 
0 45 36 
0 24 88 
0 14 115 
0 34 72 
0 24 56 
0 11 51 
0 32 94 
0 24 36 
0 25 72 
0 15 78 
0 37 164 
0 56 64 
0 34 51 
0 24 112 
0 11 51 
0 43 120 
0 9 119 
0 22 143 
0 48 82 
0 11 140 
0 19 77 
0 44 167 
0 56 43 
0 25 87 
0 19 115 
0 18 92 
0 25 89 
0 19 61 
0 34 137 
0 43 47 
0 22 128 
0 46 88 
0 24 36 
0 22 125 
0 15 108 
0 42 75 
0 14 123 
0 38 84 
0 36 114 
0 46 65 
0 21 162 
0 56 148 
0 32 69 
0 14 119 
0 40 96 
0 40 122 
0 54 105 
0 3 80 
0 33 59 
0 52 123 
0 43 55 
0 13 43 
0 21 77 
0 32 108 
0 44 72 
0 21 67 
0 23 46 
0 17 83 
0 31 74 
0 39 37 
0 39 67 
0 19 152 
0 6 65 
0 56 71 
0 15 89 
0 55 68 
0 40 89 
0 38 119 
0 29 40 
0 14 140 
0 19 96 
0 9 44 
0 37 63 
0 71 204 
0 6 104 
0 19 101 
0 16 154 
0 20 120 
0 30 77 
0 15 103 
0 3 92 
0 33 118 
0 10 59 
0 30 103 
0 41 103 
0 29 102 
0 12 110 
0 28 110 
0 27 89 
0 16 81 
0 25 66 
0 8 37 
0 26 99 
0 28 159 
0 40 123 
0 46 92 
0 26 107 
0 43 83 
0 23 57 
0 42 70 
0 14 81 
0 19 114 
0 20 78 
0 47 72 
0 41 68 
0 17 75 
0 24 116 
0 9 57 
0 28 68 
0 17 137 
0 20 38 
0 22 98 
0 34 96 
0 15 76 
0 46 79 
0 48 93 
0 33 99 
0 24 110 
0 29 97 
0 25 107 
0 7 146 
0 16 73 
0 25 48 
0 25 60 
0 9 131 
0 18 43 
0 21 129 
0 26 117 
0 71 99 
0 11 219 
0 42 121 
0 44 68 
0 65 106 
0 37 97 
0 20 33 
0 15 82 
0 20 124 
0 24 65 
0 25 55 
0 18 96 
0 38 71 
0 29 147 
0 14 151 
0 4 140 
0 4 113 
0 28 137 
0 30 129 
0 16 53 
0 24 78 
0 37 99 
0 17 47 
0 17 118 
0 38 163 
0 32 109 
0 37 79 
0 5 90 
0 61 54 
0 22 36 
0 29 87 
0 19 73 
0 62 76 
0 21 101 
0 27 111 
0 45 88 
0 27 111 
0 11 143 
0 23 114 
0 27 49 
0 14 103 
0 25 62 
0 29 68 
0 7 71 
0 42 92 
0 30 69 
0 47 159 
0 11 67 
0 28 27 
0 49 53 
0 6 69 
0 28 68 
0 39 78 
0 17 80 
0 16 146 
0 29 35 
0 51 59 
0 25 81 
0 43 41 
0 24 120 
0 3 211 
0 33 78 
0 38 75 
0 21 180 
0 8 55 
0 30 54 
0 17 69 
0 35 46 
0 18 77 
0 20 93 
0 41 101 
0 30 115 
0 10 101 
0 21 75 
0 1 81 
0 18 80 
0 29 103 
0 6 64 
0 49 27 
0 46 99 
0 6 75 
0 34 43 
0 33 72 
0 66 149 
0 23 60 
0 28 51 
0 47 98 
0 37 72 
0 44 130 
0 41 74 
0 43 65 
0 29 66 
0 8 100 
0 17 122 
0 38 59 
0 28 67 
0 27 139 
0 6 130 
0 20 115 
0 39 64 
0 11 70 
0 6 128 
0 20 147 
0 39 110 
0 44 62 
0 27 113 
0 5 63 
0 31 43 
0 32 60 
0 14 146 
0 42 166 
0 26 52 
0 15 125 
0 25 89 
0 16 77 
0 27 63 
0 29 120 
0 12 100 
0 20 58 
0 38 72 
0 25 108 
0 26 79 
0 21 96 
0 29 47 
0 44 87 
0 39 59 
0 13 73 
0 23 117 
0 21 150 
0 25 150 
0 19 121 
0 19 92 
0 47 161 
0 52 35 
0 35 62 
0 26 82 
0 40 60 
0 14 63 
0 1 17 
0 51 57 
0 46 59 
0 24 93 
0 9 29 
0 60 45 
0 17 65 
0 9 120 
0 21 114 
0 8 103 
0 23 103 
