0 11 24 
0 12 73 
0 14 66 
0 37 25 
0 20 68 
0 20 29 
0 18 60 
0 24 161 
0 18 154 
0 11 92 
0 24 97 
0 24 114 
0 8 84 
0 29 135 
0 14 40 
0 28 147 
0 50 29 
0 68 133 
0 21 211 
0 37 161 
0 11 81 
0 27 143 
0 26 82 
0 16 113 
0 43 76 
0 12 95 
0 21 93 
0 21 80 
0 18 41 
0 16 86 
0 29 76 
0 54 149 
0 34 102 
0 28 101 
0 18 58 
0 30 96 
0 12 68 
0 1 65 
0 51 15 
0 8 87 
0 20 118 
0 16 44 
0 18 131 
0 18 36 
0 2 102 
0 22 58 
0 24 59 
0 25 68 
0 6 61 
0 8 73 
0 29 76 
0 10 15 
0 14 173 
0 16 265 
0 20 69 
0 22 69 
0 1 32 
0 19 205 
0 13 95 
0 28 47 
0 10 74 
0 24 70 
0 7 58 
0 24 59 
0 1 99 
0 23 31 
0 26 62 
0 13 111 
0 15 35 
0 0 52 
0 0 159 
0 68 21 
0 84 52 
0 17 72 
0 11 91 
0 67 69 
0 1 53 
0 38 108 
0 33 109 
0 36 95 
0 49 37 
0 12 104 
0 3 25 
0 22 86 
0 73 72 
0 26 89 
0 22 17 
0 24 64 
0 3 63 
0 23 39 
0 38 98 
0 56 143 
0 15 84 
0 18 17 
0 54 101 
0 38 41 
0 53 48 
0 19 133 
0 12 109 
0 38 85 
0 15 98 
0 46 80 
0 26 134 
0 19 131 
0 31 63 
0 3 128 
0 13 63 
0 23 35 
0 18 11 
0 35 122 
0 32 154 
0 28 125 
0 5 93 
0 15 55 
0 20 19 
0 19 29 
0 15 78 
0 47 92 
0 16 9 
0 6 73 
0 9 55 
0 36 68 
0 19 56 
0 9 96 
0 58 97 
0 61 56 
0 16 30 
0 52 82 
0 27 52 
0 16 47 
0 29 21 
0 27 44 
0 16 61 
0 31 119 
0 25 103 
0 44 91 
0 42 71 
0 20 111 
0 36 89 
0 11 55 
0 11 47 
0 10 66 
0 26 12 
0 9 95 
0 55 99 
0 19 53 
0 58 109 
0 16 115 
0 13 95 
0 18 104 
0 5 53 
0 4 81 
0 17 62 
0 27 26 
0 27 5 
0 45 34 
0 62 56 
0 20 161 
0 64 105 
0 33 64 
0 12 85 
0 4 39 
0 37 48 
0 24 153 
0 42 82 
0 40 103 
0 51 15 
0 34 17 
0 33 92 
0 84 90 
0 28 62 
0 5 36 
0 48 86 
0 29 187 
0 26 38 
0 59 193 
0 50 77 
0 36 45 
0 46 102 
0 7 44 
0 2 104 
0 34 31 
0 14 50 
0 5 42 
0 25 18 
0 13 69 
0 9 60 
0 23 180 
0 4 108 
0 16 50 
0 23 86 
0 7 159 
0 4 29 
0 40 118 
0 53 48 
0 17 60 
0 58 57 
0 4 46 
0 53 115 
0 6 48 
0 41 84 
0 62 40 
0 2 87 
0 1 71 
0 27 91 
0 7 104 
0 7 113 
0 45 27 
0 4 85 
0 10 135 
0 10 141 
0 23 180 
0 35 32 
0 53 65 
0 36 69 
0 28 102 
0 23 65 
0 5 150 
0 39 77 
0 45 90 
0 38 178 
0 7 77 
0 39 44 
0 18 193 
0 6 61 
0 5 59 
0 61 53 
0 29 102 
0 38 50 
0 33 75 
0 47 77 
0 61 64 
0 26 78 
0 37 53 
0 10 27 
0 28 31 
0 34 53 
0 75 131 
0 43 25 
0 25 53 
0 42 28 
0 44 100 
0 27 49 
0 60 75 
0 9 82 
0 8 30 
0 46 47 
0 41 156 
0 31 27 
0 15 57 
0 29 81 
0 25 136 
0 30 28 
0 13 170 
0 58 43 
0 4 149 
0 15 103 
0 24 140 
0 14 104 
0 4 51 
0 14 58 
0 8 43 
0 6 185 
0 72 44 
0 114 84 
0 66 73 
0 24 51 
0 20 28 
0 42 125 
0 35 55 
0 24 75 
0 1 113 
0 54 101 
0 24 90 
0 21 55 
0 15 59 
0 83 115 
0 20 72 
0 26 148 
0 23 30 
0 39 61 
0 26 144 
0 5 131 
0 24 107 
0 26 56 
0 22 48 
0 8 44 
0 15 115 
0 15 71 
0 8 65 
0 24 36 
0 94 49 
0 51 94 
0 29 173 
0 10 61 
0 30 126 
0 7 182 
0 32 135 
0 3 138 
0 26 51 
0 10 187 
0 17 80 
0 42 82 
0 93 79 
0 67 159 
0 18 87 
0 6 181 
0 28 32 
0 2 82 
0 35 72 
0 27 216 
0 14 38 
0 18 82 
0 40 136 
0 18 133 
0 41 63 
0 63 66 
0 23 47 
0 27 151 
0 31 19 
0 26 53 
0 0 203 
0 42 58 
0 35 75 
0 44 72 
0 10 70 
0 16 31 
0 12 139 
0 7 122 
0 7 86 
0 13 41 
0 3 48 
0 40 73 
0 4 31 
0 27 65 
0 19 122 
0 6 118 
0 24 205 
0 12 82 
0 57 113 
0 26 83 
0 24 30 
0 15 131 
0 61 42 
0 28 37 
0 32 133 
0 13 81 
0 22 46 
0 26 142 
0 1 132 
0 11 36 
0 35 33 
0 37 297 
0 39 24 
0 22 29 
0 11 125 
0 7 174 
0 14 45 
0 6 44 
0 49 74 
0 53 113 
0 56 43 
0 12 52 
0 45 72 
0 36 92 
0 50 76 
0 29 148 
0 52 52 
0 9 55 
0 45 169 
0 19 26 
0 19 108 
0 63 125 
0 52 138 
0 25 19 
0 43 114 
0 28 46 
0 27 54 
0 12 97 
0 37 34 
0 31 107 
0 0 57 
0 38 73 
0 12 45 
0 35 56 
0 10 49 
0 17 51 
0 17 44 
0 21 165 
0 44 63 
0 75 100 
0 8 77 
0 29 209 
0 26 105 
0 9 96 
0 14 155 
0 15 170 
0 9 106 
0 61 49 
0 28 212 
0 52 44 
0 27 48 
0 8 98 
0 35 81 
0 17 69 
0 12 167 
0 17 63 
0 47 114 
0 32 117 
0 25 59 
0 10 95 
0 54 31 
0 15 30 
0 18 43 
0 33 131 
0 17 104 
0 34 39 
0 22 45 
0 20 70 
0 4 82 
0 1 131 
0 37 91 
0 40 99 
0 1 228 
0 17 156 
0 47 147 
0 42 26 
0 29 52 
0 14 97 
0 15 77 
0 30 32 
0 6 173 
0 39 42 
0 27 138 
0 48 55 
0 39 48 
0 2 67 
0 31 84 
0 29 50 
0 24 92 
0 46 81 
0 55 98 
0 20 38 
0 32 60 
0 57 111 
0 37 72 
0 11 102 
0 19 81 
0 0 29 
0 5 78 
0 13 163 
0 2 86 
0 6 87 
0 76 25 
0 4 108 
0 11 50 
0 2 95 
0 10 80 
0 12 118 
0 60 69 
0 6 111 
0 45 77 
0 14 20 
0 18 48 
0 65 32 
0 31 57 
0 9 53 
0 79 53 
0 45 28 
0 12 178 
0 28 42 
0 51 56 
0 21 15 
0 9 51 
0 60 39 
0 26 175 
0 41 117 
0 29 59 
0 47 139 
0 9 51 
0 11 105 
0 25 98 
0 21 127 
0 95 72 
0 14 128 
0 7 45 
0 13 116 
0 22 37 
0 23 61 
0 53 95 
0 44 65 
0 14 112 
0 17 139 
0 44 94 
0 18 89 
0 10 44 
0 36 88 
0 25 152 
0 3 70 
0 44 125 
0 22 153 
0 37 60 
0 52 165 
0 5 161 
0 91 48 
0 8 76 
0 29 87 
0 1 87 
0 11 138 
0 12 28 
0 21 90 
0 27 78 
0 79 110 
0 15 21 
0 15 69 
0 6 33 
0 19 84 
0 57 50 
0 57 76 
0 43 44 
0 35 63 
0 15 67 
0 68 100 
0 70 47 
0 34 44 
0 38 44 
0 18 122 
0 14 82 
0 31 92 
0 11 28 
0 33 64 
0 45 48 
0 9 36 
0 17 104 
0 14 86 
0 40 134 
0 25 60 
0 16 71 
0 23 54 
0 34 68 
0 55 42 
0 18 85 
0 71 106 
0 10 140 
0 47 47 
0 30 49 
0 23 48 
0 38 90 
0 27 69 
0 43 83 
0 37 97 
0 39 93 
0 12 63 
0 62 170 
0 51 50 
0 27 173 
0 65 125 
0 51 91 
0 17 30 
0 5 69 
0 2 143 
0 22 26 
0 3 25 
0 23 60 
0 21 33 
0 32 72 
0 22 58 
0 62 17 
0 65 73 
0 25 68 
0 33 45 
0 1 86 
0 37 42 
0 19 69 
0 29 177 
0 16 79 
0 29 36 
0 27 60 
0 25 81 
0 25 53 
0 3 53 
0 6 109 
0 55 57 
0 39 127 
0 49 20 
0 6 13 
0 25 61 
0 25 75 
0 46 28 
0 53 41 
0 46 25 
0 42 93 
0 5 141 
0 42 168 
0 4 81 
0 4 155 
0 70 30 
0 40 33 
0 93 59 
0 9 224 
0 11 86 
0 96 177 
0 72 97 
0 7 121 
0 32 31 
0 28 54 
0 43 51 
0 44 36 
0 23 54 
0 2 126 
0 29 33 
0 34 64 
0 56 139 
0 14 59 
0 45 14 
0 15 72 
0 35 162 
0 19 140 
0 17 68 
0 3 134 
0 10 91 
0 15 51 
0 20 33 
0 11 110 
0 55 125 
0 25 110 
0 8 85 
0 23 71 
0 35 5 
0 36 44 
0 43 121 
0 30 133 
0 12 112 
0 4 120 
0 43 116 
0 2 64 
0 35 73 
0 49 38 
0 43 127 
0 40 110 
0 22 63 
0 31 135 
0 15 46 
0 27 126 
0 13 138 
0 0 68 
0 23 134 
0 7 134 
0 21 82 
0 5 45 
0 77 107 
0 21 59 
0 22 58 
0 9 103 
0 83 85 
0 20 70 
0 2 154 
0 43 117 
0 11 106 
0 73 76 
0 35 60 
0 36 101 
0 52 77 
0 4 14 
0 29 77 
0 26 166 
0 20 45 
0 8 71 
0 30 82 
0 10 65 
0 26 54 
0 71 77 
0 29 60 
0 31 44 
0 32 117 
0 55 47 
0 45 25 
0 59 18 
0 8 99 
0 0 25 
0 31 139 
0 53 92 
0 1 80 
0 9 156 
0 18 83 
0 77 87 
0 49 24 
0 23 78 
0 41 94 
0 13 40 
0 16 35 
0 18 27 
0 26 24 
0 33 66 
0 24 55 
0 28 25 
0 4 54 
0 17 40 
0 24 76 
0 14 52 
0 15 98 
0 23 130 
0 16 26 
0 19 37 
0 31 61 
0 39 62 
0 19 192 
0 36 73 
0 27 77 
0 0 38 
0 6 88 
0 23 98 
0 32 49 
0 15 28 
0 12 61 
0 25 30 
0 14 103 
0 67 68 
0 45 189 
0 23 185 
0 19 74 
0 29 84 
0 31 41 
0 37 110 
0 8 160 
0 9 208 
0 18 119 
0 25 127 
0 54 43 
0 15 118 
0 38 54 
0 21 70 
0 19 84 
0 19 78 
0 9 85 
0 30 154 
0 70 134 
0 9 93 
0 24 52 
0 65 87 
0 19 46 
0 1 67 
0 30 24 
0 57 99 
0 36 97 
0 14 60 
0 27 160 
0 30 100 
0 30 88 
0 10 70 
0 36 94 
0 7 163 
0 8 96 
0 64 89 
0 8 21 
0 10 96 
0 8 2 
0 33 97 
0 27 58 
0 18 82 
0 33 92 
0 9 55 
0 29 45 
0 20 68 
0 7 135 
0 22 96 
0 32 201 
0 12 131 
0 29 128 
0 20 196 
0 7 12 
0 25 24 
0 43 145 
0 47 81 
0 21 94 
0 8 150 
0 45 68 
0 13 88 
0 24 72 
0 18 73 
0 6 238 
0 66 160 
0 33 66 
0 25 129 
0 4 116 
0 14 101 
0 33 253 
0 49 86 
0 46 68 
0 17 96 
0 13 158 
0 39 22 
0 54 55 
0 45 100 
0 17 33 
0 17 88 
0 27 76 
0 33 153 
0 46 103 
0 9 90 
0 43 118 
0 56 165 
0 10 64 
0 29 47 
0 19 131 
0 6 81 
0 27 38 
0 17 68 
0 19 99 
0 56 54 
0 14 34 
0 26 72 
0 42 92 
0 14 132 
0 24 123 
0 32 110 
0 40 77 
0 5 51 
0 18 99 
0 11 50 
0 7 15 
0 12 50 
0 11 82 
0 10 35 
0 36 197 
0 12 121 
0 18 89 
0 12 130 
0 23 75 
0 29 96 
0 28 55 
0 5 215 
0 28 50 
0 21 123 
0 38 37 
0 11 80 
0 16 231 
0 28 72 
0 23 72 
0 10 43 
0 11 177 
0 30 41 
0 54 108 
0 33 31 
0 24 35 
0 5 14 
0 8 110 
0 8 102 
0 22 62 
0 15 85 
0 69 39 
0 26 87 
0 37 168 
0 50 118 
0 59 37 
0 24 85 
0 36 44 
0 52 35 
0 50 59 
0 23 167 
0 7 95 
0 17 111 
0 20 19 
0 17 36 
0 32 102 
0 12 30 
0 17 166 
0 36 42 
0 15 134 
0 28 63 
0 40 66 
0 17 56 
0 50 80 
0 69 107 
0 11 157 
0 28 77 
0 26 156 
0 20 47 
0 15 24 
0 37 70 
0 44 84 
0 26 174 
0 8 60 
0 20 109 
0 42 119 
0 12 50 
0 60 19 
0 31 91 
0 21 89 
0 81 69 
0 27 38 
0 31 125 
0 31 241 
0 7 96 
0 23 214 
0 33 38 
0 20 168 
0 27 95 
0 3 109 
0 7 36 
0 9 149 
0 26 100 
0 29 71 
0 50 47 
0 30 68 
0 44 58 
0 45 38 
0 31 146 
0 20 185 
0 45 49 
0 64 114 
0 65 100 
0 32 189 
0 7 357 
0 11 18 
0 4 44 
0 55 63 
0 43 100 
0 16 50 
0 38 63 
0 83 40 
0 6 28 
0 26 121 
0 12 39 
0 35 59 
0 19 100 
0 5 191 
0 16 31 
0 34 34 
0 59 47 
0 33 169 
0 64 57 
0 13 86 
0 33 30 
0 34 10 
0 58 17 
0 24 217 
0 45 58 
0 19 139 
0 46 59 
0 7 111 
0 15 99 
0 78 86 
0 40 82 
0 94 72 
0 10 123 
0 5 123 
0 22 71 
0 8 38 
0 8 45 
0 33 27 
0 23 57 
0 6 181 
0 17 43 
0 65 152 
0 20 50 
0 20 74 
0 14 118 
0 4 99 
0 7 101 
0 24 60 
0 32 43 
0 2 189 
0 7 78 
0 56 102 
0 6 72 
0 21 48 
0 13 249 
0 4 35 
0 37 182 
0 42 24 
0 67 157 
0 24 71 
0 27 35 
0 21 21 
0 5 80 
0 64 103 
0 25 44 
0 21 137 
0 24 176 
0 57 86 
0 19 114 
0 33 58 
0 12 55 
0 69 105 
0 16 102 
0 16 77 
0 28 59 
0 41 18 
0 8 250 
0 3 27 
0 15 49 
0 30 6 
0 13 51 
0 71 29 
0 11 32 
0 55 55 
0 38 38 
0 0 193 
0 20 59 
