0 170 1 
0 35 0 
0 97 5 
0 67 4 
0 89 0 
0 18 0 
0 37 0 
0 80 5 
0 64 0 
0 35 0 
0 70 5 
0 33 0 
0 65 0 
0 45 2 
0 63 1 
0 38 4 
0 106 0 
0 46 6 
0 75 0 
0 58 24 
0 20 0 
0 95 41 
0 62 0 
0 54 0 
0 18 0 
0 52 0 
0 46 6 
0 74 0 
0 75 4 
0 80 55 
0 49 0 
0 57 0 
0 124 1 
0 64 0 
0 47 0 
0 53 4 
0 81 0 
0 76 0 
0 59 7 
0 63 0 
0 77 0 
0 49 0 
0 92 28 
0 77 10 
0 40 5 
0 18 0 
0 22 0 
0 57 2 
0 45 2 
0 42 6 
0 34 2 
0 67 0 
0 83 0 
0 78 10 
0 12 1 
0 97 0 
0 69 10 
0 73 22 
0 40 5 
0 33 0 
0 47 0 
0 88 4 
0 66 8 
0 53 0 
0 102 6 
0 51 0 
0 58 0 
0 60 0 
0 60 0 
0 75 0 
0 20 0 
0 49 0 
0 38 0 
0 56 0 
0 36 0 
0 59 0 
0 83 0 
0 72 0 
0 122 9 
0 35 1 
0 46 0 
0 34 0 
0 47 0 
0 59 0 
0 92 4 
0 41 0 
0 58 11 
0 39 0 
0 75 0 
0 76 0 
0 54 0 
0 105 2 
0 80 12 
0 72 6 
0 84 0 
0 39 0 
0 23 0 
0 114 0 
0 101 0 
0 43 1 
0 60 0 
0 70 1 
0 50 0 
0 36 0 
0 24 0 
0 59 0 
0 53 0 
0 26 0 
0 73 0 
0 72 19 
0 13 0 
0 83 1 
0 140 0 
0 74 0 
0 83 0 
0 12 0 
0 77 0 
0 72 2 
0 105 6 
0 58 0 
0 62 1 
0 64 0 
0 95 0 
0 46 5 
0 38 0 
0 66 0 
0 56 11 
0 76 0 
0 134 2 
0 41 5 
0 109 4 
0 34 0 
0 106 0 
0 91 0 
0 64 0 
0 78 0 
0 37 2 
0 94 14 
0 39 5 
0 79 0 
0 87 2 
0 33 0 
0 74 0 
0 63 0 
0 25 0 
0 67 0 
0 122 0 
0 101 12 
0 66 4 
0 42 0 
0 87 1 
0 62 3 
0 58 0 
0 118 0 
0 61 1 
0 56 0 
0 80 0 
0 73 0 
0 45 3 
0 77 1 
0 84 0 
0 48 0 
0 34 0 
0 62 0 
0 67 3 
0 16 1 
0 70 0 
0 32 0 
0 61 3 
0 46 1 
0 108 0 
0 38 9 
0 81 20 
0 26 0 
0 98 0 
0 88 5 
0 30 0 
0 75 0 
0 46 3 
0 60 0 
0 48 2 
0 38 1 
0 32 6 
0 48 0 
0 33 0 
0 72 0 
0 28 0 
0 115 1 
0 61 0 
0 78 7 
0 93 0 
0 76 0 
0 108 8 
0 24 0 
0 27 1 
0 76 0 
0 71 0 
0 51 3 
0 38 0 
0 69 1 
0 33 2 
0 84 0 
0 56 0 
0 71 0 
0 50 14 
0 49 0 
0 130 14 
0 23 0 
0 71 0 
0 96 0 
0 63 0 
0 95 0 
0 38 0 
0 56 0 
0 55 0 
0 103 0 
0 34 0 
0 25 2 
0 86 0 
0 61 8 
0 78 0 
0 60 3 
0 76 0 
0 80 9 
0 53 4 
0 53 17 
0 114 28 
0 20 2 
0 49 0 
0 67 0 
0 83 0 
0 76 2 
0 31 0 
0 111 1 
0 99 3 
0 72 6 
0 77 0 
0 100 1 
0 60 6 
0 65 0 
0 42 0 
0 60 0 
0 59 16 
0 35 0 
0 108 12 
0 75 0 
0 64 0 
0 18 0 
0 63 0 
0 98 0 
0 91 0 
0 31 0 
0 44 6 
0 70 3 
0 47 0 
0 50 0 
0 42 0 
0 34 1 
0 47 0 
0 50 0 
0 92 1 
0 48 0 
0 42 0 
0 59 0 
0 70 0 
0 51 0 
0 18 0 
0 48 0 
0 135 11 
0 39 0 
0 24 22 
0 88 0 
0 64 5 
0 28 0 
0 37 0 
0 38 3 
0 44 0 
0 21 0 
0 27 0 
0 64 0 
0 30 6 
0 17 0 
0 29 0 
0 91 0 
0 106 0 
0 67 2 
0 25 0 
0 50 14 
0 67 0 
0 28 0 
0 55 1 
0 41 0 
0 78 0 
0 80 1 
0 69 2 
0 64 0 
0 94 0 
0 81 1 
0 34 1 
0 45 0 
0 21 2 
0 46 12 
0 49 0 
0 74 0 
0 67 0 
0 73 0 
0 71 0 
0 68 0 
0 39 5 
0 102 1 
0 49 0 
0 87 0 
0 76 21 
0 46 0 
0 43 0 
0 60 0 
0 95 0 
0 63 0 
0 66 3 
0 61 0 
0 70 15 
0 86 0 
0 20 0 
0 52 1 
0 29 0 
0 17 0 
0 55 0 
0 52 6 
0 71 0 
0 50 0 
0 72 0 
0 25 7 
0 75 0 
0 51 0 
0 89 0 
0 57 7 
0 59 0 
0 64 1 
0 91 0 
0 117 0 
0 38 0 
0 109 0 
0 64 0 
0 102 2 
0 63 30 
0 24 0 
0 70 0 
0 24 0 
0 103 23 
0 102 0 
0 23 0 
0 45 10 
0 72 0 
0 89 0 
0 88 7 
0 36 0 
0 35 0 
0 64 0 
0 36 0 
0 67 5 
0 103 8 
0 95 0 
0 58 0 
0 127 4 
0 77 15 
0 52 0 
0 84 0 
0 61 21 
0 59 0 
0 33 0 
0 70 3 
0 63 0 
0 58 2 
0 77 0 
0 100 0 
0 59 5 
0 63 2 
0 3 0 
0 76 1 
0 66 0 
0 72 25 
0 67 0 
0 49 2 
0 122 1 
0 59 1 
0 21 0 
0 63 3 
0 77 3 
0 27 0 
0 46 0 
0 88 0 
0 55 0 
0 50 0 
0 80 3 
0 55 1 
0 46 0 
0 30 0 
0 46 0 
0 81 0 
0 46 0 
0 79 0 
0 21 0 
0 58 0 
0 72 1 
0 40 0 
0 57 0 
0 11 0 
0 90 0 
0 47 8 
0 81 0 
0 61 0 
0 92 17 
0 80 0 
0 60 0 
0 77 0 
0 33 4 
0 115 16 
0 79 2 
0 102 0 
0 68 9 
0 85 0 
0 79 0 
0 118 0 
0 34 0 
0 62 9 
0 96 0 
0 78 0 
0 54 2 
0 31 0 
0 85 0 
0 58 4 
0 109 0 
0 87 3 
0 43 0 
0 65 0 
0 26 1 
0 61 3 
0 52 10 
0 103 8 
0 48 0 
0 84 0 
0 53 0 
0 89 0 
0 98 1 
0 159 10 
0 79 0 
0 17 0 
0 56 3 
0 31 0 
0 61 0 
0 57 5 
0 44 0 
0 58 19 
0 133 4 
0 35 0 
0 8 0 
0 49 0 
0 39 0 
0 51 2 
0 67 0 
0 15 0 
0 80 0 
0 54 0 
0 50 3 
0 47 0 
0 45 0 
0 66 0 
0 106 0 
0 66 0 
0 35 11 
0 52 0 
0 42 0 
0 41 0 
0 88 0 
0 32 2 
0 27 0 
0 36 0 
0 41 0 
0 43 0 
0 72 10 
0 92 7 
0 65 9 
0 55 7 
0 42 0 
0 90 7 
0 78 0 
0 55 0 
0 66 1 
0 53 0 
0 46 0 
0 37 0 
0 33 0 
0 121 3 
0 25 1 
0 31 0 
0 34 0 
0 49 0 
0 71 8 
0 80 0 
0 71 0 
0 96 0 
0 111 13 
0 6 0 
0 37 3 
0 39 2 
0 69 0 
0 10 0 
0 99 6 
0 35 0 
0 100 16 
0 107 3 
0 32 0 
0 49 1 
0 31 0 
0 67 2 
0 33 6 
0 94 9 
0 85 0 
0 44 0 
0 97 0 
0 36 0 
0 51 0 
0 56 0 
0 67 2 
0 59 0 
0 50 0 
0 64 0 
0 38 0 
0 57 0 
0 76 4 
0 45 0 
0 28 10 
0 59 0 
0 49 4 
0 68 1 
0 99 0 
0 13 1 
0 31 0 
0 69 0 
0 67 5 
0 112 0 
0 73 0 
0 77 0 
0 74 0 
0 69 11 
0 30 4 
0 62 10 
0 46 0 
0 46 10 
0 17 0 
0 99 0 
0 40 3 
0 42 4 
0 61 1 
0 49 0 
0 62 3 
0 77 2 
0 61 4 
0 95 0 
0 82 10 
0 74 24 
0 26 0 
0 53 8 
0 81 2 
0 51 1 
0 102 1 
0 39 2 
0 28 9 
0 74 6 
0 30 0 
0 70 0 
0 154 0 
0 64 2 
0 18 0 
0 59 0 
0 66 3 
0 22 5 
0 51 3 
0 113 1 
0 49 1 
0 77 0 
0 46 0 
0 62 0 
0 65 3 
0 84 0 
0 42 0 
0 54 3 
0 93 0 
0 85 0 
0 71 0 
0 77 0 
0 61 0 
0 59 0 
0 85 0 
0 40 2 
0 42 0 
0 94 0 
0 41 9 
0 84 0 
0 51 0 
0 46 0 
0 73 1 
0 85 0 
0 65 3 
0 27 4 
0 28 0 
0 71 1 
0 44 0 
0 60 0 
0 35 6 
0 92 0 
0 94 5 
0 81 4 
0 82 0 
0 99 10 
0 62 11 
0 33 0 
0 50 0 
0 49 1 
0 86 2 
0 82 0 
0 105 0 
0 65 0 
0 55 0 
0 68 0 
0 47 0 
0 65 0 
0 76 0 
0 30 3 
0 24 0 
0 77 10 
0 65 3 
0 78 1 
0 104 4 
0 61 0 
0 87 0 
0 86 0 
0 27 0 
0 66 0 
0 119 0 
0 49 0 
0 44 0 
0 60 4 
0 133 0 
0 77 20 
0 65 1 
0 74 0 
0 45 1 
0 66 0 
0 59 0 
0 65 5 
0 70 3 
0 54 0 
0 93 0 
0 25 0 
0 73 7 
0 52 0 
0 39 0 
0 72 2 
0 65 5 
0 37 0 
0 68 12 
0 46 0 
0 47 5 
0 73 3 
0 39 0 
0 35 9 
0 97 0 
0 49 0 
0 23 12 
0 88 1 
0 51 2 
0 46 0 
0 129 0 
0 71 0 
0 48 0 
0 74 0 
0 62 3 
0 54 0 
0 45 0 
0 96 0 
0 43 0 
0 79 0 
0 24 0 
0 59 2 
0 66 0 
0 109 0 
0 83 0 
0 50 8 
0 58 0 
0 31 0 
0 53 2 
0 29 1 
0 52 3 
0 52 4 
0 43 0 
0 67 0 
0 73 7 
0 91 0 
0 54 0 
0 40 3 
0 45 2 
0 115 0 
0 85 0 
0 62 0 
0 31 0 
0 32 0 
0 50 2 
0 62 9 
0 34 0 
0 75 0 
0 32 0 
0 36 3 
0 42 5 
0 80 4 
0 40 0 
0 73 0 
0 66 0 
0 80 8 
0 70 0 
0 29 2 
0 60 0 
0 59 0 
0 57 0 
0 48 12 
0 46 0 
0 84 0 
0 83 0 
0 55 0 
0 74 0 
0 132 0 
0 38 0 
0 47 0 
0 72 0 
0 15 0 
0 50 0 
0 37 0 
0 87 13 
0 85 0 
0 100 4 
0 113 9 
0 38 1 
0 42 1 
0 67 0 
0 28 3 
0 75 0 
0 41 3 
0 12 0 
0 51 0 
0 58 16 
0 37 3 
0 92 0 
0 94 0 
0 135 0 
0 87 0 
0 31 4 
0 67 5 
0 40 0 
0 77 0 
0 22 0 
0 28 0 
0 83 0 
0 75 6 
0 44 0 
0 27 0 
0 108 9 
0 59 5 
0 96 22 
0 31 1 
0 17 0 
0 54 10 
0 63 7 
0 82 1 
0 60 0 
0 36 2 
0 31 0 
0 44 0 
0 34 0 
0 41 0 
0 54 0 
0 55 0 
0 42 4 
0 64 2 
0 44 1 
0 28 0 
0 76 2 
0 33 0 
0 118 5 
0 111 0 
0 108 3 
0 49 0 
0 42 3 
0 61 0 
0 58 0 
0 106 0 
0 56 0 
0 33 0 
0 34 0 
0 61 15 
0 45 0 
0 45 2 
0 66 18 
0 71 0 
0 106 0 
0 44 5 
0 77 0 
0 64 0 
0 44 0 
0 109 0 
0 34 2 
0 88 0 
0 42 0 
0 47 0 
0 90 0 
0 15 0 
0 35 0 
0 49 0 
0 68 3 
0 80 0 
0 139 0 
0 31 3 
0 111 0 
0 70 2 
0 57 13 
0 102 0 
0 95 0 
0 80 0 
0 87 6 
0 26 0 
0 92 14 
0 73 10 
0 20 0 
0 160 0 
0 28 0 
0 80 1 
0 84 0 
0 57 7 
0 126 0 
0 18 0 
0 51 0 
0 106 0 
0 20 1 
0 68 0 
0 42 5 
0 67 36 
0 41 0 
0 57 0 
0 69 1 
0 68 22 
0 41 0 
0 99 0 
0 44 0 
0 59 0 
0 88 0 
0 51 0 
0 49 13 
0 27 0 
0 58 0 
0 42 8 
0 72 0 
0 43 0 
0 44 4 
0 98 19 
0 37 0 
0 58 0 
0 118 2 
0 75 1 
0 122 0 
0 53 0 
0 34 0 
0 85 0 
0 53 18 
0 23 0 
0 53 8 
0 46 0 
0 35 0 
0 40 10 
0 32 0 
0 59 1 
0 79 5 
0 24 0 
0 90 0 
0 59 4 
0 55 0 
0 105 5 
0 46 1 
0 12 0 
0 78 0 
0 62 3 
0 63 0 
0 110 9 
0 41 0 
0 57 0 
0 98 0 
0 94 14 
0 33 6 
0 31 0 
0 55 0 
0 76 3 
0 47 0 
0 54 0 
0 98 3 
0 77 0 
0 83 0 
0 21 3 
0 67 1 
0 55 0 
0 63 0 
0 10 3 
0 21 0 
0 46 0 
0 81 21 
0 119 0 
0 69 0 
0 62 1 
0 39 0 
0 140 0 
0 86 0 
0 61 1 
0 59 1 
0 90 1 
0 69 0 
0 13 0 
0 40 0 
0 130 2 
0 79 0 
0 53 3 
0 55 0 
0 73 0 
0 57 0 
0 87 0 
0 66 0 
0 93 0 
0 73 0 
0 54 0 
0 31 0 
0 94 7 
0 39 0 
0 43 0 
0 38 0 
0 69 0 
0 64 0 
0 8 3 
0 41 0 
0 90 0 
0 72 0 
0 61 0 
0 63 0 
0 38 0 
0 61 0 
0 75 0 
0 39 0 
0 56 3 
0 81 5 
0 55 0 
0 29 6 
0 50 0 
0 62 0 
0 39 2 
0 73 0 
0 81 0 
0 54 0 
0 81 0 
0 64 0 
0 64 16 
0 59 0 
0 29 0 
0 83 0 
0 22 6 
0 56 18 
0 40 2 
0 61 7 
0 32 0 
0 66 1 
0 71 22 
0 41 0 
0 99 31 
0 60 0 
0 74 1 
0 98 1 
0 55 0 
0 31 2 
0 91 0 
0 18 0 
0 73 0 
0 95 12 
0 64 0 
0 25 2 
0 84 0 
0 42 0 
0 64 1 
0 36 0 
0 107 16 
0 107 0 
0 69 8 
0 58 0 
0 78 1 
0 26 0 
0 98 6 
0 48 0 
