99 199 125 1 0 
181 78 66 0 0 
122 165 56 0 0 
52 263 34 8 0 
47 261 103 1 0 
47 234 21 21 0 
174 261 42 4 0 
115 263 27 0 0 
157 219 15 0 0 
98 338 22 0 0 
110 243 18 0 0 
167 171 82 26 0 
17 458 25 0 0 
152 263 8 0 0 
159 173 27 0 0 
75 266 11 0 0 
155 217 72 4 0 
133 199 76 0 0 
134 152 16 0 0 
194 110 56 0 0 
112 131 104 4 0 
132 392 26 0 0 
17 232 69 0 0 
233 175 45 0 0 
89 323 39 0 0 
173 345 19 6 0 
92 172 98 0 0 
189 152 67 0 0 
178 205 45 0 0 
201 174 3 0 0 
85 154 57 31 0 
209 176 67 0 0 
149 352 27 0 0 
110 256 53 2 0 
60 285 121 21 0 
70 109 125 0 0 
322 122 13 0 0 
106 262 132 0 0 
47 289 54 0 0 
61 176 150 0 0 
87 153 61 36 0 
243 223 17 0 0 
186 161 130 0 0 
217 87 33 27 0 
79 248 58 0 0 
157 298 26 0 0 
122 231 15 0 0 
299 228 31 0 0 
152 325 36 0 0 
236 168 4 8 0 
184 86 24 0 0 
67 291 62 0 0 
160 280 18 0 0 
65 276 37 0 0 
97 253 62 13 0 
76 268 77 0 0 
273 218 104 4 0 
174 262 27 0 0 
87 287 1 0 0 
152 256 35 0 0 
245 241 1 0 0 
204 311 102 0 0 
161 266 38 1 0 
110 305 86 3 0 
335 172 39 0 0 
155 307 74 0 0 
78 279 67 4 0 
50 199 96 1 0 
33 118 106 0 0 
176 179 148 0 0 
15 201 156 0 0 
56 201 26 0 0 
94 289 23 0 0 
107 227 159 16 0 
278 185 68 0 0 
116 135 120 0 0 
97 127 47 0 0 
196 269 51 0 0 
122 199 32 0 0 
83 192 39 5 0 
72 175 126 0 0 
224 249 31 0 0 
169 152 83 1 0 
30 226 165 0 0 
134 217 32 0 0 
78 122 112 0 0 
68 224 41 0 0 
207 201 35 0 0 
121 362 62 0 0 
265 357 22 0 0 
71 135 66 0 0 
57 228 70 0 0 
75 186 134 0 0 
71 303 171 0 0 
104 361 24 0 0 
112 259 72 0 0 
169 265 55 0 0 
140 118 147 0 0 
166 474 5 0 0 
89 164 218 0 0 
103 277 1 0 0 
131 158 71 0 0 
53 171 134 2 0 
116 287 10 0 0 
180 213 13 0 0 
133 131 71 0 0 
94 227 104 0 0 
120 166 87 0 0 
75 358 64 0 0 
154 186 26 0 0 
131 330 85 0 0 
238 136 62 0 0 
137 179 43 0 0 
140 169 50 0 0 
146 177 73 0 0 
41 219 110 0 0 
115 264 31 0 0 
109 321 35 0 0 
190 237 29 6 0 
170 171 62 0 0 
93 220 13 0 0 
60 343 55 2 0 
110 207 24 4 0 
89 243 35 1 0 
214 119 21 3 0 
286 179 35 0 0 
87 198 30 0 0 
251 249 30 0 0 
111 308 21 13 0 
108 250 39 5 0 
115 164 69 0 0 
126 227 52 0 0 
94 117 38 0 0 
256 270 53 0 0 
152 264 7 5 0 
209 165 38 0 0 
96 252 135 0 0 
34 241 77 0 0 
158 152 58 0 0 
201 240 4 0 0 
0 262 181 0 0 
95 81 42 0 0 
146 232 5 0 0 
68 227 44 25 0 
135 221 19 0 0 
133 223 32 25 0 
76 142 117 0 0 
70 262 118 0 0 
256 142 31 0 0 
88 204 136 23 0 
13 300 136 0 0 
229 92 28 0 0 
64 314 7 0 0 
45 383 61 30 0 
80 240 53 0 0 
159 195 38 0 0 
171 219 37 0 0 
98 239 85 0 0 
48 197 200 0 0 
137 214 76 0 0 
45 207 21 2 0 
99 145 37 14 0 
117 222 66 0 0 
162 206 23 47 0 
99 140 120 0 0 
117 171 1 0 0 
60 311 14 0 0 
227 199 41 0 0 
149 239 26 0 0 
130 151 79 0 0 
152 325 78 0 0 
99 203 34 0 0 
93 199 31 0 0 
110 151 66 0 0 
311 247 22 0 0 
130 275 21 0 0 
57 152 70 0 0 
168 171 36 0 0 
89 185 128 0 0 
201 138 15 0 0 
197 131 87 0 2 
80 224 60 0 0 
157 278 22 0 0 
167 138 49 0 0 
97 216 20 0 0 
49 290 80 0 0 
182 304 11 0 0 
54 187 176 0 0 
212 203 55 0 0 
157 208 32 0 0 
219 199 46 13 0 
103 366 91 0 0 
102 278 101 0 0 
111 211 69 5 0 
121 298 78 0 0 
55 388 47 0 0 
94 297 27 1 0 
45 246 18 5 0 
176 161 61 0 0 
217 251 12 0 0 
27 188 104 37 0 
320 155 37 0 0 
136 237 84 0 0 
172 298 17 0 0 
115 244 97 0 0 
189 202 18 0 0 
30 274 133 9 0 
184 224 71 4 0 
110 153 76 0 0 
111 244 62 2 0 
158 151 58 0 0 
189 139 145 0 0 
139 205 42 0 0 
103 99 70 0 0 
81 229 34 0 0 
173 223 18 0 0 
179 163 27 0 0 
21 267 38 0 0 
64 325 49 0 0 
56 119 148 37 0 
227 160 105 0 0 
58 233 77 1 0 
177 221 91 0 0 
94 150 65 0 0 
168 195 74 0 0 
94 268 35 0 0 
220 137 58 0 0 
144 229 123 3 0 
250 168 33 0 0 
52 163 50 21 0 
75 251 48 0 0 
28 144 150 1 0 
164 170 110 2 0 
152 121 143 0 0 
245 147 64 0 0 
117 262 24 0 0 
62 339 92 0 0 
108 210 99 0 0 
228 186 38 0 0 
125 189 20 0 0 
176 211 29 3 0 
106 255 60 21 0 
144 35 78 0 0 
29 252 49 0 0 
173 228 82 0 0 
63 234 128 15 0 
91 174 44 44 0 
156 161 84 0 0 
49 286 55 22 0 
62 313 114 0 0 
204 397 4 0 0 
318 208 22 0 0 
33 203 16 62 0 
171 202 46 2 0 
60 243 59 0 0 
113 204 17 0 0 
63 167 51 0 0 
235 224 54 0 0 
68 249 28 0 0 
94 182 57 1 0 
69 233 57 0 0 
149 149 15 0 0 
165 249 53 0 0 
105 280 32 4 0 
200 173 29 0 0 
185 81 18 0 0 
46 81 94 0 0 
82 279 91 0 0 
411 61 37 0 0 
103 144 11 12 0 
205 210 0 0 0 
123 233 48 0 0 
153 205 104 0 0 
124 77 0 0 0 
285 309 36 9 0 
106 213 0 0 0 
174 184 16 0 0 
123 226 17 0 0 
190 105 35 1 0 
140 158 6 15 0 
58 273 77 30 0 
136 91 53 0 0 
89 306 65 0 0 
95 208 44 0 0 
109 216 128 0 0 
66 256 28 14 0 
51 219 36 0 0 
143 181 58 24 0 
136 166 1 1 0 
190 143 87 0 0 
108 243 84 0 0 
103 235 99 0 0 
189 56 109 0 0 
181 252 0 0 0 
123 178 80 0 0 
127 161 35 0 0 
121 280 73 0 0 
143 110 86 0 0 
164 245 89 0 0 
155 248 21 0 0 
135 196 42 12 0 
70 142 85 0 0 
59 198 7 22 0 
98 199 13 28 0 
77 283 7 2 0 
149 227 54 0 0 
40 144 24 0 0 
98 151 23 0 0 
57 158 30 0 0 
217 214 10 0 0 
154 344 36 0 0 
169 141 81 33 0 
49 186 116 0 0 
118 297 32 0 0 
89 312 27 0 0 
187 152 22 0 0 
95 194 93 0 0 
58 143 102 0 0 
140 185 17 0 0 
112 188 47 24 0 
197 162 5 8 0 
142 181 62 0 0 
67 242 36 6 0 
105 270 50 0 0 
170 210 41 0 0 
104 228 89 2 0 
168 123 164 0 0 
150 262 18 0 0 
159 300 22 0 0 
118 255 51 0 0 
189 228 29 0 0 
135 263 44 0 0 
176 268 22 9 0 
101 105 115 9 0 
26 279 75 25 0 
75 248 44 0 0 
190 217 18 0 0 
142 204 37 0 0 
105 183 170 3 0 
115 249 39 0 0 
101 193 143 0 0 
63 224 49 0 0 
87 133 49 0 0 
146 156 26 0 0 
90 195 95 0 0 
84 254 99 0 0 
121 133 49 0 0 
152 252 17 0 0 
124 309 21 19 0 
180 189 84 0 0 
96 319 33 0 0 
143 286 31 0 0 
164 280 42 0 0 
240 75 1 0 0 
57 270 18 0 0 
216 244 80 0 0 
6 343 93 8 0 
64 337 9 27 0 
135 240 11 0 0 
151 264 38 0 0 
50 246 80 0 0 
59 260 27 0 0 
120 127 44 0 0 
164 130 40 0 0 
130 274 25 0 0 
211 136 18 0 0 
74 118 79 0 0 
155 264 53 0 0 
41 211 25 0 0 
149 223 19 0 0 
246 105 50 0 0 
135 194 133 2 0 
248 192 97 1 0 
113 197 69 0 0 
108 197 10 0 0 
165 303 52 0 0 
56 142 138 0 0 
193 272 63 0 0 
86 187 78 0 0 
298 191 5 0 0 
326 174 55 0 0 
107 141 25 0 0 
239 142 16 0 0 
243 189 23 0 0 
203 215 25 0 0 
22 252 13 0 0 
226 236 22 0 0 
81 242 75 0 0 
121 170 44 30 0 
126 260 30 0 0 
58 228 28 0 0 
140 157 101 7 0 
165 328 15 6 0 
176 157 11 0 0 
180 219 38 0 0 
73 250 37 1 0 
161 263 77 1 0 
186 218 19 0 0 
83 253 59 0 0 
96 282 41 0 0 
58 457 58 0 0 
104 209 71 0 0 
97 253 13 20 0 
236 147 32 0 0 
194 174 13 5 0 
137 300 62 0 0 
90 345 56 0 0 
142 172 92 22 0 
250 124 86 0 0 
61 244 52 0 0 
194 129 89 10 0 
141 224 63 0 0 
39 402 24 0 0 
93 298 14 0 6 
168 223 5 0 0 
88 274 58 0 0 
167 134 33 24 0 
154 279 7 0 0 
160 200 14 0 0 
118 201 71 1 0 
40 189 66 8 0 
110 188 53 52 0 
124 180 31 2 0 
205 153 30 15 0 
131 136 31 0 0 
159 194 57 0 0 
104 164 91 0 0 
87 409 34 0 0 
116 218 60 0 0 
147 279 60 0 0 
87 180 41 14 0 
114 240 22 24 0 
128 241 15 0 0 
77 268 47 0 0 
173 182 163 0 0 
263 190 36 12 0 
159 295 73 0 0 
35 202 66 0 0 
80 323 123 0 0 
171 321 3 0 0 
73 207 92 0 0 
221 120 43 0 0 
89 201 61 0 0 
77 168 81 0 0 
87 219 32 0 0 
58 262 108 9 0 
84 311 47 0 0 
198 282 7 0 0 
156 257 57 1 0 
53 168 75 0 0 
113 170 5 0 0 
167 218 44 0 0 
167 219 1 0 0 
115 226 78 1 0 
70 240 70 0 0 
85 211 19 0 0 
144 207 95 0 0 
88 227 35 0 0 
83 133 40 6 0 
73 306 6 0 0 
89 329 72 1 0 
207 141 88 0 0 
238 204 33 0 0 
138 217 39 1 0 
80 199 65 0 0 
167 177 41 0 0 
84 248 114 0 0 
116 234 25 2 0 
261 125 6 0 0 
123 329 89 0 0 
206 183 69 0 0 
60 279 119 0 0 
173 139 19 0 0 
91 315 61 73 0 
171 278 18 1 0 
74 309 77 31 0 
96 198 38 0 0 
345 206 70 0 0 
131 276 25 1 0 
183 296 123 0 0 
91 212 61 0 0 
112 155 59 0 0 
197 231 112 0 0 
30 313 69 0 0 
114 180 41 0 0 
102 217 37 0 0 
94 180 40 0 0 
88 395 56 0 0 
156 168 47 0 0 
232 202 106 2 0 
191 154 143 0 0 
152 160 24 0 0 
190 182 33 0 0 
137 283 66 2 0 
118 342 38 0 0 
38 215 29 0 0 
126 125 58 0 0 
97 152 17 0 0 
194 259 27 0 0 
90 235 13 0 0 
151 168 14 0 0 
91 281 171 0 0 
153 209 48 0 0 
158 244 75 0 0 
141 149 4 6 0 
132 274 75 0 0 
196 179 50 0 0 
44 213 92 0 0 
275 308 37 0 0 
127 207 102 0 0 
52 237 108 0 0 
133 167 50 1 0 
75 166 156 1 0 
206 132 57 0 0 
90 216 103 0 0 
112 264 47 0 0 
147 174 79 0 0 
70 114 65 0 0 
195 245 67 12 0 
175 176 81 0 0 
77 320 89 2 0 
100 219 91 1 0 
134 264 81 0 0 
122 212 40 0 0 
105 353 95 0 0 
112 165 40 0 0 
80 150 16 3 38 
159 154 48 0 0 
156 284 25 0 0 
107 297 127 0 0 
292 194 15 0 0 
45 267 8 0 0 
224 146 40 0 0 
84 189 36 11 0 
119 128 46 0 0 
106 128 27 1 0 
131 207 57 8 0 
13 189 95 0 0 
142 189 32 0 0 
107 277 103 0 0 
222 173 35 0 0 
70 393 53 0 0 
155 174 30 0 0 
207 239 47 0 0 
70 231 127 0 0 
57 190 104 0 0 
204 156 64 1 0 
191 176 69 0 0 
126 144 15 0 0 
113 230 77 0 0 
138 285 132 0 0 
58 215 70 1 0 
58 259 70 0 0 
100 201 73 0 0 
77 203 78 0 0 
47 374 117 7 0 
63 232 79 0 0 
80 167 95 134 0 
189 86 84 13 0 
183 149 63 0 0 
173 289 26 0 0 
124 283 38 0 0 
52 212 140 0 0 
223 164 49 0 0 
136 213 42 20 0 
95 232 33 0 0 
154 308 58 5 0 
220 165 49 0 0 
49 324 35 13 0 
66 316 45 0 0 
133 244 39 4 0 
193 185 16 0 0 
154 250 37 0 0 
70 88 192 0 0 
195 297 42 0 0 
202 291 25 9 0 
81 198 55 0 0 
78 213 64 0 0 
110 301 90 0 0 
34 96 62 49 0 
52 251 39 0 0 
69 285 24 9 0 
115 178 51 0 0 
142 261 51 30 0 
66 248 73 0 0 
42 228 43 0 0 
127 171 81 0 0 
398 127 95 10 0 
112 141 13 0 0 
183 207 7 0 0 
66 190 7 35 0 
113 278 13 14 0 
91 274 30 0 0 
158 260 49 0 0 
111 209 52 43 0 
166 131 41 0 0 
111 248 34 0 0 
274 219 39 0 0 
129 267 66 0 0 
127 170 36 0 0 
103 250 21 5 0 
150 191 33 0 0 
178 261 25 0 0 
177 290 62 0 0 
95 259 19 0 0 
94 175 20 0 0 
133 225 79 0 0 
131 204 7 0 0 
119 359 27 0 0 
135 189 71 0 0 
135 191 155 0 0 
79 277 79 0 0 
122 356 53 0 0 
153 108 44 0 0 
132 125 88 9 0 
85 333 72 0 0 
84 199 29 0 0 
269 106 23 0 0 
89 196 58 0 0 
104 148 92 0 0 
158 126 35 0 0 
163 221 128 0 0 
246 201 42 0 0 
76 271 46 0 0 
235 251 4 16 0 
69 189 50 0 0 
61 336 90 0 0 
116 292 26 1 0 
115 205 24 0 0 
185 245 24 0 0 
36 244 92 0 0 
67 163 178 0 0 
112 147 183 0 0 
152 187 24 0 0 
111 330 54 4 0 
215 251 87 7 0 
86 170 126 25 0 
149 210 9 1 0 
281 189 4 0 0 
336 227 43 0 0 
150 122 63 0 0 
56 279 5 0 0 
208 112 16 0 0 
50 308 38 0 0 
112 382 7 0 0 
105 293 17 0 0 
191 268 61 0 0 
203 187 50 0 0 
41 221 160 0 0 
335 166 24 0 0 
186 173 19 3 0 
56 201 41 8 0 
5 116 118 0 0 
117 135 74 0 0 
149 309 21 0 0 
154 151 77 0 0 
211 181 19 0 0 
188 129 0 23 0 
179 199 38 0 0 
146 199 67 0 0 
180 73 92 15 0 
302 218 41 0 0 
161 118 75 0 0 
60 216 34 0 0 
191 235 30 0 0 
192 183 65 0 0 
65 204 128 0 0 
137 233 27 0 0 
224 355 46 0 0 
95 370 14 0 0 
43 195 193 0 0 
38 268 58 0 0 
88 165 4 0 0 
86 258 41 0 0 
65 226 71 0 0 
94 104 84 10 0 
163 171 8 0 0 
151 52 54 0 0 
74 262 20 0 0 
148 309 23 0 0 
108 264 58 0 0 
62 200 42 2 0 
192 99 54 0 0 
90 290 22 0 0 
82 259 142 7 0 
77 170 46 0 0 
53 212 37 65 0 
167 132 68 7 0 
200 234 21 7 0 
238 179 37 1 0 
253 286 42 1 0 
88 304 44 6 0 
80 261 72 0 0 
139 348 30 1 0 
198 169 53 0 0 
130 148 58 8 0 
87 283 60 0 0 
255 84 59 0 0 
124 125 33 0 0 
66 188 11 0 0 
213 237 16 0 0 
60 161 49 90 0 
85 332 32 18 0 
118 224 33 0 0 
28 185 136 0 0 
121 183 83 9 0 
123 322 55 0 0 
271 272 26 0 0 
32 420 22 0 0 
93 296 15 4 0 
114 301 61 0 0 
42 196 41 3 0 
153 171 155 1 0 
81 159 151 0 0 
145 219 12 0 0 
85 278 88 0 0 
127 322 18 0 0 
112 260 15 0 0 
136 308 50 0 0 
138 281 41 0 0 
168 274 39 0 0 
138 185 22 1 0 
277 246 60 0 0 
115 331 35 6 0 
51 169 178 0 0 
273 113 171 0 0 
150 160 8 0 0 
120 271 77 0 0 
91 201 84 0 0 
98 211 45 0 0 
108 252 85 24 0 
82 297 69 0 0 
205 325 42 0 0 
59 177 59 0 0 
143 103 78 2 0 
150 144 59 27 0 
115 155 113 4 0 
79 222 111 0 0 
159 109 159 0 0 
81 216 113 0 0 
242 304 25 0 0 
95 196 29 0 0 
89 329 127 13 0 
24 254 62 4 0 
15 145 106 0 0 
124 198 82 0 0 
96 228 34 2 0 
93 198 139 4 0 
74 190 67 1 0 
147 188 42 11 0 
66 342 29 2 0 
85 321 86 0 0 
80 109 120 0 0 
146 341 15 1 0 
194 337 22 0 0 
85 320 0 0 0 
102 321 36 0 0 
52 214 75 0 0 
204 140 9 0 0 
125 272 36 0 0 
230 161 36 0 0 
120 199 40 0 0 
148 221 84 0 0 
180 209 21 1 0 
363 173 1 2 0 
169 334 13 0 0 
97 187 69 0 0 
175 213 37 0 0 
256 116 31 0 0 
113 307 34 9 0 
192 222 26 0 0 
67 141 22 0 0 
196 219 78 0 0 
55 281 79 1 0 
201 152 95 8 0 
108 142 62 0 0 
96 115 64 0 0 
104 188 34 0 0 
123 192 83 0 0 
78 196 40 0 0 
102 363 4 0 0 
56 326 133 0 0 
191 150 78 18 0 
102 317 92 31 0 
132 101 33 0 0 
55 141 43 0 0 
178 198 21 0 0 
60 216 58 0 0 
77 220 27 0 0 
47 364 114 3 0 
158 386 29 0 0 
172 205 119 0 0 
63 246 49 0 0 
156 231 108 0 0 
174 214 50 3 0 
72 235 41 0 0 
32 256 76 38 0 
276 136 12 0 0 
109 144 3 0 0 
48 117 132 0 0 
98 202 57 1 0 
104 174 35 0 0 
200 102 76 0 0 
210 138 4 0 0 
226 123 30 0 0 
158 208 22 11 0 
169 159 109 9 0 
158 229 14 0 0 
327 110 8 0 0 
140 299 33 0 0 
118 253 32 2 0 
226 131 56 0 0 
128 188 170 0 0 
147 293 41 0 0 
119 70 77 0 0 
65 140 53 0 0 
60 207 42 0 0 
140 196 147 3 0 
75 104 71 7 0 
39 59 49 5 0 
34 251 58 38 0 
110 262 16 0 0 
82 213 114 0 0 
77 231 73 3 0 
130 178 61 51 0 
107 255 74 0 0 
121 282 13 0 0 
135 367 13 0 0 
162 181 94 0 0 
45 275 58 0 0 
29 239 74 0 0 
90 264 28 0 0 
128 194 70 0 0 
51 229 61 0 0 
142 196 138 0 0 
130 334 34 0 0 
156 182 101 1 0 
49 337 9 0 0 
131 225 32 0 0 
47 195 63 0 0 
71 323 16 0 0 
207 278 24 0 0 
187 294 73 0 0 
150 217 7 1 0 
61 173 42 0 0 
199 190 67 0 0 
288 80 54 1 0 
116 273 4 0 0 
75 172 8 0 0 
79 162 46 0 0 
62 188 75 0 0 
79 160 75 0 0 
129 121 73 0 0 
244 253 15 7 0 
202 258 39 0 0 
194 199 36 0 0 
70 288 111 0 0 
198 224 146 0 0 
104 226 86 0 0 
97 340 34 0 0 
93 348 9 0 0 
75 305 53 0 0 
95 176 15 0 0 
105 165 57 23 0 
77 329 75 0 0 
22 200 76 0 0 
63 265 28 0 0 
82 257 65 0 0 
103 157 101 1 0 
82 86 21 0 0 
84 257 45 0 0 
220 56 215 0 0 
139 333 35 8 0 
222 185 10 0 0 
175 199 89 3 0 
162 155 0 0 0 
206 166 142 10 0 
163 251 21 0 0 
247 168 45 0 0 
122 279 31 0 0 
122 284 12 0 0 
169 225 39 1 0 
194 299 48 0 0 
112 230 134 0 0 
346 190 16 0 0 
23 213 120 0 0 
106 192 66 14 0 
134 171 25 0 0 
220 137 6 0 0 
30 300 14 0 0 
192 227 8 0 0 
185 212 30 0 0 
161 149 13 0 12 
159 155 79 5 0 
186 207 30 11 0 
110 158 74 22 0 
60 385 65 0 0 
166 171 105 0 0 
166 235 0 0 0 
150 144 85 1 0 
151 402 15 0 0 
193 225 59 0 0 
53 207 20 0 0 
149 193 11 0 0 
129 162 104 0 0 
78 297 46 0 0 
108 245 2 38 0 
36 181 95 0 0 
88 199 59 29 0 
50 217 7 0 0 
84 213 32 60 0 
146 150 33 0 0 
104 205 47 0 0 
228 162 90 0 0 
300 82 0 9 0 
369 66 69 0 0 
144 147 60 0 0 
21 280 56 8 0 
132 271 49 0 0 
93 132 39 0 0 
215 176 51 0 0 
105 229 69 10 0 
203 194 2 0 0 
80 95 71 0 0 
75 333 2 0 0 
150 250 65 0 0 
75 194 59 26 0 
110 282 63 0 0 
101 372 49 57 0 
44 402 22 0 0 
92 126 17 12 0 
140 178 48 1 0 
90 350 121 0 0 
63 290 45 2 0 
133 218 4 0 0 
140 254 27 0 0 
103 142 12 0 0 
126 199 96 0 0 
170 172 41 0 0 
126 359 22 0 0 
299 193 39 0 0 
156 156 70 6 0 
41 271 90 0 0 
42 242 50 0 0 
55 297 86 0 0 
118 257 19 0 0 
249 183 86 0 0 
17 157 141 0 0 
127 287 181 0 0 
187 201 23 1 0 
97 308 30 0 0 
43 291 3 0 0 
126 187 79 3 0 
59 315 102 0 0 
80 255 23 0 0 
186 187 58 17 0 
61 206 39 0 0 
42 92 153 0 0 
217 248 105 0 0 
131 264 10 0 0 
209 251 4 0 0 
193 237 14 0 0 
139 142 55 19 0 
68 230 82 0 0 
210 83 9 0 0 
176 258 29 1 0 
90 276 28 34 0 
122 157 33 0 0 
183 267 67 27 0 
227 139 2 0 0 
84 243 40 0 0 
70 335 51 20 0 
257 135 64 0 0 
201 121 37 0 0 
136 233 29 0 0 
307 186 13 0 0 
125 322 13 0 0 
110 260 62 0 0 
140 149 56 0 0 
60 332 32 0 0 
143 108 47 0 0 
79 216 84 0 0 
186 212 19 0 0 
70 154 1 0 0 
87 288 58 0 0 
237 170 199 0 0 
181 301 22 0 0 
159 169 152 0 0 
43 254 71 26 0 
91 289 26 0 0 
221 168 49 0 0 
149 434 47 0 0 
99 297 13 0 0 
80 213 83 0 0 
62 259 43 0 0 
204 304 91 0 0 
40 180 29 6 0 
108 258 100 16 0 
129 244 27 1 0 
179 166 34 12 0 
