0 49 112 
0 101 52 
0 40 108 
0 17 48 
0 14 98 
0 21 72 
0 5 134 
0 23 70 
0 33 68 
0 5 85 
0 53 174 
0 15 119 
0 29 113 
0 5 67 
0 39 107 
0 15 71 
0 17 114 
0 8 95 
0 41 81 
0 27 39 
0 32 63 
0 15 81 
0 32 156 
0 0 48 
0 46 145 
0 69 63 
0 30 149 
0 62 64 
0 51 53 
0 6 140 
0 41 137 
0 19 78 
0 35 53 
0 32 97 
0 39 127 
0 38 183 
0 40 155 
0 17 87 
0 33 82 
0 16 61 
0 17 58 
0 19 43 
0 3 53 
0 10 79 
0 55 104 
0 54 167 
0 61 65 
0 46 90 
0 20 108 
0 26 56 
0 42 56 
0 34 70 
0 12 88 
0 52 56 
0 28 30 
0 24 84 
0 14 78 
0 35 51 
0 39 99 
0 40 52 
0 25 58 
0 15 114 
0 32 90 
0 16 133 
0 14 102 
0 5 54 
0 36 105 
0 29 100 
0 31 160 
0 9 98 
0 7 76 
0 14 88 
0 30 120 
0 32 99 
0 7 99 
0 53 145 
0 12 77 
0 11 87 
0 24 55 
0 17 73 
0 6 87 
0 17 116 
0 4 50 
0 35 69 
0 14 99 
0 20 54 
0 23 99 
0 58 44 
0 18 98 
0 30 102 
0 45 51 
0 19 69 
0 25 75 
0 22 71 
0 37 121 
0 27 14 
0 28 81 
0 55 175 
0 19 84 
0 66 45 
0 38 58 
0 29 229 
0 57 43 
0 7 122 
0 21 171 
0 26 63 
0 10 29 
0 12 83 
0 33 135 
0 8 247 
0 35 28 
0 59 74 
0 26 92 
0 36 178 
0 34 79 
0 15 110 
0 66 83 
0 3 16 
0 18 104 
0 39 72 
0 16 45 
0 5 65 
0 47 82 
0 61 125 
0 42 31 
0 14 129 
0 48 82 
0 7 48 
0 14 106 
0 30 57 
0 25 63 
0 31 74 
0 43 66 
0 21 108 
0 40 97 
0 50 89 
0 36 127 
0 32 135 
0 29 77 
0 9 130 
0 20 102 
0 13 78 
0 8 101 
0 14 113 
0 52 78 
0 24 150 
0 44 81 
0 18 164 
0 20 126 
0 34 38 
0 20 71 
0 19 88 
0 30 146 
0 17 59 
0 58 114 
0 16 126 
0 24 211 
0 31 75 
0 48 165 
0 26 100 
0 26 115 
0 20 128 
0 7 25 
0 39 127 
0 22 48 
0 20 162 
0 34 116 
0 11 56 
0 35 147 
0 20 166 
0 53 100 
0 30 29 
0 37 45 
0 57 68 
0 18 98 
0 31 92 
0 29 77 
0 23 38 
0 36 54 
0 2 86 
0 20 73 
0 20 87 
0 18 57 
0 11 91 
0 75 60 
0 29 107 
0 52 25 
0 5 159 
0 21 87 
0 34 72 
0 13 87 
0 50 73 
0 22 68 
0 12 46 
0 46 133 
0 4 76 
0 24 55 
0 32 26 
0 14 38 
0 17 46 
0 53 53 
0 1 110 
0 40 95 
0 22 122 
0 12 131 
0 34 69 
0 37 145 
0 24 109 
0 24 114 
0 28 190 
0 41 42 
0 22 75 
0 90 39 
0 23 70 
0 21 76 
0 22 61 
0 37 42 
0 6 81 
0 42 132 
0 29 88 
0 17 190 
0 41 94 
0 60 82 
0 27 28 
0 21 60 
0 12 110 
0 20 105 
0 1 91 
0 17 123 
0 18 140 
0 26 51 
0 27 145 
0 33 110 
0 11 68 
0 74 123 
0 16 83 
0 27 156 
0 11 147 
0 32 106 
0 63 157 
0 39 169 
0 35 27 
0 9 238 
0 67 140 
0 58 97 
0 23 80 
0 53 143 
0 36 93 
0 17 32 
0 12 19 
0 26 150 
0 10 35 
0 33 53 
0 30 103 
0 25 31 
0 4 136 
0 5 50 
0 31 76 
0 20 78 
0 16 31 
0 9 147 
0 41 66 
0 58 164 
0 36 87 
0 92 64 
0 22 69 
0 26 22 
0 22 42 
0 17 85 
0 22 104 
0 31 56 
0 11 76 
0 18 28 
0 18 109 
0 22 43 
0 38 72 
0 13 125 
0 24 109 
0 46 85 
0 14 216 
0 64 114 
0 27 113 
0 57 107 
0 36 70 
0 9 52 
0 19 168 
0 17 181 
0 28 88 
0 64 104 
0 73 103 
0 55 66 
0 9 93 
0 61 62 
0 40 61 
0 20 122 
0 26 116 
0 30 89 
0 45 118 
0 19 41 
0 29 183 
0 67 99 
0 31 121 
0 13 132 
0 23 88 
0 34 157 
0 29 80 
0 26 112 
0 21 66 
0 30 116 
0 7 61 
0 18 53 
0 3 42 
0 14 64 
0 44 68 
0 49 59 
0 5 53 
0 25 75 
0 37 100 
0 47 129 
0 42 123 
0 73 112 
0 22 74 
0 17 142 
0 11 62 
0 27 55 
0 0 38 
0 61 113 
0 39 80 
0 23 37 
0 35 21 
0 22 98 
0 32 94 
0 28 39 
0 20 54 
0 42 128 
0 8 38 
0 17 81 
0 18 53 
0 23 187 
0 25 194 
0 48 37 
0 27 36 
0 34 63 
0 5 48 
0 47 100 
0 22 120 
0 14 68 
0 12 171 
0 60 38 
0 22 263 
0 31 88 
0 27 156 
0 33 150 
0 11 60 
0 32 135 
0 17 56 
0 14 108 
0 42 49 
0 23 64 
0 48 161 
0 42 155 
0 22 71 
0 9 70 
0 37 116 
0 54 114 
0 18 101 
0 51 73 
0 31 52 
0 13 87 
0 21 89 
0 10 74 
0 15 114 
0 42 45 
0 5 78 
0 7 65 
0 29 164 
0 31 92 
0 37 84 
0 31 66 
0 19 131 
0 28 108 
0 32 37 
0 23 26 
0 28 70 
0 25 79 
0 73 104 
0 35 111 
0 65 121 
0 24 81 
0 59 102 
0 32 33 
0 14 81 
0 23 24 
0 36 166 
0 32 40 
0 1 112 
0 15 91 
0 23 80 
0 4 95 
0 19 68 
0 11 95 
0 10 68 
0 45 114 
0 28 117 
0 2 39 
0 57 176 
0 16 107 
0 26 38 
0 52 141 
0 28 130 
0 30 131 
0 13 30 
0 43 133 
0 45 52 
0 50 82 
0 12 35 
0 6 79 
0 22 31 
0 35 70 
0 49 48 
0 28 75 
0 19 157 
0 51 112 
0 39 80 
0 24 77 
0 25 116 
0 35 58 
0 26 50 
0 19 142 
0 15 137 
0 22 118 
0 17 107 
0 44 84 
0 53 93 
0 35 79 
0 29 134 
0 31 54 
0 27 75 
0 25 54 
0 11 110 
0 48 94 
0 23 38 
0 23 83 
0 35 101 
0 15 119 
0 28 33 
0 13 93 
0 54 22 
0 8 78 
0 24 114 
0 23 99 
0 21 76 
0 10 57 
0 9 37 
0 33 83 
0 33 76 
0 19 162 
0 13 155 
0 27 104 
0 12 91 
0 33 73 
0 58 45 
0 23 84 
0 26 83 
0 41 128 
0 11 134 
0 23 127 
0 25 55 
0 68 131 
0 9 85 
0 5 77 
0 13 145 
0 15 69 
0 1 96 
0 10 58 
0 42 73 
0 6 110 
0 40 39 
0 4 47 
0 4 102 
0 50 112 
0 14 38 
0 53 134 
0 32 132 
0 22 69 
0 15 65 
0 19 44 
0 29 128 
0 16 53 
0 27 243 
0 62 91 
0 41 100 
0 16 81 
0 14 129 
0 12 70 
0 80 111 
0 10 95 
0 16 121 
0 28 82 
0 7 84 
0 19 75 
0 41 67 
0 33 237 
0 10 56 
0 60 87 
0 2 76 
0 10 44 
0 20 53 
0 21 122 
0 22 143 
0 27 158 
0 6 72 
0 41 101 
0 56 32 
0 28 83 
0 67 56 
0 52 34 
0 5 71 
0 49 124 
0 37 134 
0 22 79 
0 18 123 
0 30 112 
0 5 48 
0 14 37 
0 23 78 
0 27 79 
0 36 83 
0 69 54 
0 13 49 
0 30 113 
0 11 193 
0 23 116 
0 13 163 
0 7 65 
0 64 54 
0 19 130 
0 21 175 
0 38 81 
0 8 131 
0 69 34 
0 28 109 
0 37 108 
0 16 78 
0 44 133 
0 33 158 
0 50 39 
0 10 98 
0 10 58 
0 14 50 
0 30 59 
0 21 132 
0 43 74 
0 112 96 
0 25 59 
0 21 109 
0 29 30 
0 15 165 
0 16 70 
0 2 55 
0 20 36 
0 5 65 
0 28 85 
0 47 113 
0 24 52 
0 22 60 
0 13 132 
0 16 131 
0 12 59 
0 24 90 
0 6 112 
0 15 73 
0 41 24 
0 37 143 
0 24 48 
0 23 79 
0 28 58 
0 6 105 
0 113 75 
0 25 66 
0 10 52 
0 16 83 
0 19 75 
0 49 55 
0 31 77 
0 16 168 
0 34 58 
0 14 65 
0 17 48 
0 30 48 
0 17 155 
0 27 54 
0 22 118 
0 39 134 
0 51 99 
0 17 185 
0 26 101 
0 15 67 
0 12 146 
0 27 89 
0 21 95 
0 51 71 
0 20 57 
0 30 109 
0 25 214 
0 57 101 
0 59 77 
0 51 115 
0 24 108 
0 17 60 
0 40 59 
0 7 128 
0 30 102 
0 52 122 
0 21 89 
0 17 51 
0 30 74 
0 35 187 
0 17 161 
0 32 140 
0 18 52 
0 27 110 
0 60 89 
0 16 65 
0 51 79 
0 40 134 
0 20 108 
0 22 122 
0 47 48 
0 51 97 
0 7 54 
0 27 137 
0 58 97 
0 12 58 
0 66 65 
0 26 119 
0 17 65 
0 46 134 
0 42 78 
0 64 77 
0 23 91 
0 59 151 
0 19 36 
0 35 96 
0 67 89 
0 16 72 
0 39 88 
0 30 78 
0 28 46 
0 49 106 
0 5 74 
0 41 50 
0 35 62 
0 24 76 
0 34 111 
0 31 40 
0 19 28 
0 30 34 
0 40 196 
0 5 63 
0 4 129 
0 26 95 
0 28 119 
0 51 96 
0 59 71 
0 55 68 
0 38 35 
0 15 49 
0 52 69 
0 36 90 
0 14 69 
0 32 40 
0 13 144 
0 36 157 
0 18 143 
0 15 162 
0 26 126 
0 16 69 
0 54 81 
0 51 81 
0 23 67 
0 19 165 
0 35 107 
0 25 180 
0 29 146 
0 16 69 
0 1 61 
0 2 76 
0 31 102 
0 25 156 
0 28 61 
0 72 73 
0 0 99 
0 6 117 
0 59 49 
0 25 91 
0 27 66 
0 34 74 
0 24 84 
0 38 140 
0 11 133 
0 15 120 
0 33 127 
0 51 32 
0 20 175 
0 22 88 
0 42 100 
0 18 100 
0 56 76 
0 32 95 
0 37 116 
0 40 89 
0 28 126 
0 38 121 
0 37 98 
0 26 130 
0 32 84 
0 15 45 
0 15 76 
0 21 71 
0 17 167 
0 41 133 
0 5 73 
0 30 100 
0 50 54 
0 55 50 
0 29 93 
0 18 190 
0 44 46 
0 7 42 
0 37 148 
0 41 68 
0 8 57 
0 6 73 
0 6 91 
0 32 41 
0 10 49 
0 31 88 
0 14 64 
0 28 106 
0 56 66 
0 11 120 
0 19 63 
0 31 120 
0 19 73 
0 10 56 
0 42 67 
0 4 45 
0 20 79 
0 32 67 
0 14 105 
0 47 62 
0 24 73 
0 31 61 
0 37 72 
0 29 147 
0 18 58 
0 66 189 
0 51 92 
0 18 115 
0 13 43 
0 21 90 
0 21 51 
0 46 193 
0 5 121 
0 3 56 
0 17 75 
0 33 17 
0 78 61 
0 21 85 
0 7 97 
0 19 113 
0 12 185 
0 13 44 
0 13 164 
0 24 163 
0 24 125 
0 56 102 
0 35 73 
0 15 68 
0 35 93 
0 29 81 
0 63 46 
0 12 73 
0 54 183 
0 44 106 
0 39 92 
0 20 73 
0 36 111 
0 65 107 
0 39 68 
0 25 62 
0 32 116 
0 42 103 
0 18 64 
0 9 68 
0 10 138 
0 35 71 
0 36 66 
0 14 80 
0 23 91 
0 35 56 
0 13 80 
0 31 127 
0 38 69 
0 21 69 
0 101 66 
0 35 81 
0 18 48 
0 15 80 
0 19 111 
0 15 69 
0 30 96 
0 26 75 
0 21 96 
0 37 45 
0 36 190 
0 46 130 
0 25 96 
0 21 64 
0 38 53 
0 22 79 
0 103 135 
0 20 134 
0 21 73 
0 29 59 
0 44 71 
0 79 56 
0 26 87 
0 14 130 
0 6 246 
0 25 115 
0 15 68 
0 33 74 
0 23 203 
0 23 195 
0 50 97 
0 104 50 
0 40 153 
0 59 57 
0 16 103 
0 21 80 
0 20 169 
0 39 152 
0 25 58 
0 13 83 
0 28 109 
0 5 80 
0 12 53 
0 39 94 
0 46 60 
0 15 121 
0 13 153 
0 59 137 
0 23 73 
0 30 82 
0 16 88 
0 64 70 
0 4 184 
0 28 40 
0 26 67 
0 13 59 
0 38 58 
0 36 167 
0 25 46 
0 21 150 
0 25 38 
0 28 116 
0 24 26 
0 10 89 
0 5 48 
0 28 53 
0 35 183 
0 13 103 
0 15 45 
0 29 89 
0 37 70 
0 12 92 
0 17 148 
0 30 40 
0 44 149 
0 23 148 
0 58 38 
0 69 159 
0 43 100 
0 65 109 
0 60 60 
0 10 61 
0 44 99 
0 17 105 
0 50 93 
0 6 160 
0 35 29 
0 30 61 
0 13 51 
0 27 54 
0 15 33 
0 23 38 
0 14 99 
0 41 58 
0 21 36 
0 22 152 
0 10 107 
0 30 63 
0 32 58 
0 6 39 
0 7 149 
0 23 59 
0 21 205 
0 27 65 
0 9 58 
0 25 68 
0 42 123 
0 27 86 
0 22 45 
0 43 85 
0 13 30 
0 16 92 
0 17 96 
0 35 68 
0 32 44 
0 33 50 
0 50 24 
0 21 70 
0 24 92 
0 4 120 
0 20 130 
0 33 174 
0 12 157 
0 6 63 
0 35 5 
0 18 127 
0 2 74 
0 22 204 
0 32 52 
0 20 200 
0 5 62 
0 26 71 
0 40 165 
0 18 38 
0 41 113 
0 27 52 
0 48 76 
0 22 149 
0 18 153 
0 9 85 
0 56 67 
0 45 34 
0 20 57 
0 50 124 
0 21 91 
0 24 105 
0 29 23 
0 62 113 
0 32 73 
0 30 45 
0 24 27 
0 29 66 
0 7 56 
0 16 71 
0 31 152 
0 26 77 
0 24 126 
0 24 91 
0 57 153 
0 12 72 
0 15 142 
0 20 51 
0 31 88 
0 23 50 
0 54 72 
0 53 98 
0 22 14 
0 23 83 
0 23 112 
0 23 78 
0 0 61 
0 42 116 
0 28 143 
0 7 88 
0 13 105 
0 23 53 
0 43 71 
0 2 91 
0 40 27 
0 18 107 
0 30 26 
0 33 46 
0 15 62 
0 32 36 
0 32 112 
0 17 154 
0 41 55 
0 8 155 
0 34 84 
0 7 99 
0 28 71 
0 3 85 
0 21 57 
0 30 79 
