0 225 20 
0 277 48 
0 176 44 
0 166 9 
0 202 80 
0 142 25 
0 202 0 
0 187 14 
0 208 43 
0 183 90 
0 210 25 
0 203 1 
0 149 13 
0 199 10 
0 191 28 
0 204 9 
0 151 13 
0 238 39 
0 237 0 
0 172 7 
0 202 25 
0 250 22 
0 219 23 
0 213 27 
0 222 30 
0 212 10 
0 224 89 
0 254 47 
0 136 21 
0 238 28 
0 207 23 
0 158 19 
0 165 43 
0 223 44 
0 241 5 
0 164 8 
0 206 1 
0 269 32 
0 275 31 
0 236 16 
0 222 19 
0 166 17 
0 253 45 
0 155 12 
0 161 27 
0 210 14 
0 257 21 
0 205 5 
0 219 36 
0 201 41 
0 224 9 
0 201 9 
0 242 2 
0 210 10 
0 246 25 
0 147 7 
0 215 1 
0 219 4 
0 226 2 
0 203 25 
0 170 9 
0 267 8 
0 229 3 
0 164 46 
0 197 56 
0 206 9 
0 207 10 
0 242 10 
0 205 12 
0 229 2 
0 320 10 
0 209 9 
0 196 23 
0 103 19 
0 227 58 
0 211 44 
0 197 5 
0 279 0 
0 227 22 
0 166 6 
0 197 20 
0 175 49 
0 265 28 
0 246 5 
0 196 18 
0 259 20 
0 141 45 
0 172 46 
0 253 31 
0 276 0 
0 239 16 
0 236 29 
0 195 21 
0 239 20 
0 227 2 
0 200 1 
0 245 9 
0 186 47 
0 191 12 
0 189 8 
0 229 38 
0 180 18 
0 220 24 
0 198 13 
0 123 7 
0 245 5 
0 207 49 
0 217 92 
0 225 10 
0 176 33 
0 180 20 
0 195 11 
0 258 27 
0 205 9 
0 244 0 
0 245 3 
0 187 11 
0 235 34 
0 239 9 
0 206 22 
0 202 12 
0 233 18 
0 195 61 
0 267 23 
0 215 10 
0 247 36 
0 208 9 
0 281 11 
0 217 2 
0 220 16 
0 220 27 
0 273 10 
0 216 61 
0 276 15 
0 219 24 
0 202 49 
0 156 5 
0 224 5 
0 228 61 
0 248 13 
0 215 28 
0 230 2 
0 249 7 
0 235 3 
0 255 25 
0 232 10 
0 187 3 
0 160 6 
0 172 4 
0 243 22 
0 289 37 
0 142 57 
0 215 9 
0 233 20 
0 202 12 
0 198 40 
0 162 49 
0 211 70 
0 148 8 
0 205 7 
0 124 0 
0 259 34 
0 264 8 
0 227 54 
0 230 10 
0 240 31 
0 205 59 
0 140 154 
0 190 9 
0 142 9 
0 188 23 
0 237 64 
0 204 22 
0 218 0 
0 241 10 
0 184 42 
0 155 21 
0 229 11 
0 194 13 
0 251 11 
0 220 27 
0 184 102 
0 140 19 
0 242 6 
0 220 11 
0 186 27 
0 217 7 
0 162 16 
0 191 60 
0 190 34 
0 213 1 
0 181 1 
0 207 14 
0 253 16 
0 210 8 
0 271 79 
0 241 23 
0 220 14 
0 200 4 
0 181 45 
0 300 0 
0 245 7 
0 215 29 
0 226 66 
0 177 18 
0 242 21 
0 196 56 
0 274 26 
0 264 2 
0 203 5 
0 277 8 
0 240 3 
0 155 0 
0 184 29 
0 183 4 
0 184 17 
0 216 8 
0 212 42 
0 246 17 
0 174 4 
0 248 5 
0 215 20 
0 225 0 
0 186 37 
0 232 42 
0 248 2 
0 216 4 
0 181 14 
0 212 11 
0 239 44 
0 188 23 
0 240 27 
0 183 116 
0 268 31 
0 170 7 
0 185 34 
0 195 7 
0 154 25 
0 233 1 
0 193 47 
0 198 15 
0 190 0 
0 242 25 
0 255 15 
0 242 13 
0 216 11 
0 212 17 
0 204 67 
0 238 3 
0 230 31 
0 182 4 
0 250 13 
0 270 3 
0 162 86 
0 197 72 
0 236 0 
0 185 45 
0 229 56 
0 196 5 
0 189 25 
0 206 24 
0 258 33 
0 243 5 
0 188 19 
0 199 30 
0 218 72 
0 226 3 
0 185 17 
0 224 15 
0 188 10 
0 206 7 
0 216 9 
0 163 15 
0 161 1 
0 233 15 
0 176 2 
0 215 27 
0 223 17 
0 290 1 
0 155 11 
0 151 5 
0 261 2 
0 241 11 
0 220 14 
0 175 10 
0 254 40 
0 177 5 
0 226 1 
0 164 109 
0 178 54 
0 213 12 
0 183 4 
0 243 3 
0 222 22 
0 193 10 
0 173 13 
0 249 5 
0 218 11 
0 155 14 
0 222 23 
0 233 11 
0 200 6 
0 256 25 
0 163 14 
0 218 26 
0 196 59 
0 227 9 
0 258 0 
0 285 4 
0 265 18 
0 246 6 
0 238 11 
0 203 29 
0 223 17 
0 207 76 
0 255 3 
0 216 17 
0 187 1 
0 175 38 
0 194 4 
0 207 2 
0 202 10 
0 105 85 
0 210 42 
0 189 26 
0 233 7 
0 123 22 
0 173 5 
0 216 45 
0 193 30 
0 223 7 
0 183 9 
0 257 47 
0 135 94 
0 226 37 
0 197 12 
0 243 8 
0 193 51 
0 235 14 
0 201 47 
0 228 11 
0 257 0 
0 219 4 
0 201 18 
0 178 19 
0 234 5 
0 143 10 
0 179 8 
0 162 9 
0 221 73 
0 223 29 
0 195 50 
0 268 5 
0 225 13 
0 172 1 
0 287 0 
0 173 3 
0 233 37 
0 239 2 
0 203 1 
0 177 24 
0 247 10 
0 208 8 
0 198 34 
0 229 33 
0 172 46 
0 225 7 
0 216 16 
0 190 8 
0 195 3 
0 202 0 
0 231 5 
0 206 22 
0 271 13 
0 222 22 
0 286 16 
0 290 15 
0 213 32 
0 249 26 
0 155 18 
0 241 17 
0 236 11 
0 179 22 
0 190 1 
0 202 10 
0 196 4 
0 211 28 
0 215 16 
0 200 2 
0 146 26 
0 167 30 
0 160 13 
0 196 35 
0 195 2 
0 185 60 
0 194 3 
0 220 8 
0 133 16 
0 235 14 
0 183 8 
0 143 76 
0 175 10 
0 209 13 
0 210 8 
0 165 46 
0 229 5 
0 166 77 
0 216 0 
0 145 34 
0 208 4 
0 132 21 
0 187 15 
0 170 8 
0 248 45 
0 281 8 
0 207 26 
0 193 9 
0 249 30 
0 264 0 
0 228 22 
0 233 25 
0 202 8 
0 123 72 
0 204 45 
0 178 12 
0 210 8 
0 199 21 
0 212 75 
0 219 5 
0 164 9 
0 233 25 
0 196 16 
0 232 5 
0 207 39 
0 195 47 
0 234 12 
0 236 2 
0 245 14 
0 232 66 
0 213 3 
0 252 13 
0 164 17 
0 234 9 
0 282 13 
0 160 34 
0 178 14 
0 210 4 
0 161 4 
0 226 28 
0 236 27 
0 234 8 
0 196 1 
0 202 0 
0 234 3 
0 107 13 
0 209 23 
0 149 63 
0 198 3 
0 219 72 
0 230 58 
0 162 24 
0 253 10 
0 244 18 
0 265 17 
0 164 18 
0 189 20 
0 250 17 
0 199 8 
0 256 2 
0 172 2 
0 211 13 
0 253 8 
0 192 40 
0 243 9 
0 116 66 
0 187 21 
0 224 11 
0 138 5 
0 181 6 
0 139 21 
0 265 5 
0 242 16 
0 198 6 
0 218 16 
0 247 64 
0 245 20 
0 217 89 
0 129 22 
0 204 0 
0 177 0 
0 203 22 
0 165 1 
0 202 7 
0 166 12 
0 199 20 
0 151 44 
0 153 25 
0 212 4 
0 221 84 
0 268 18 
0 172 7 
0 158 11 
0 202 5 
0 162 29 
0 162 14 
0 191 23 
0 237 30 
0 222 15 
0 268 30 
0 250 18 
0 233 22 
0 117 65 
0 188 45 
0 235 35 
0 204 22 
0 269 10 
0 192 3 
0 229 16 
0 175 47 
0 211 28 
0 215 3 
0 221 36 
0 203 0 
0 207 0 
0 193 26 
0 206 89 
0 196 35 
0 225 25 
0 200 22 
0 233 40 
0 168 31 
0 203 1 
0 202 20 
0 249 26 
0 178 26 
0 249 35 
0 195 34 
0 178 4 
0 164 7 
0 262 20 
0 237 22 
0 163 17 
0 190 29 
0 229 15 
0 206 22 
0 267 3 
0 194 55 
0 175 0 
0 158 49 
0 211 21 
0 168 39 
0 300 80 
0 120 17 
0 191 15 
0 182 2 
0 123 9 
0 192 31 
0 221 2 
0 195 26 
0 214 20 
0 249 4 
0 199 21 
0 262 62 
0 183 16 
0 262 0 
0 291 13 
0 192 9 
0 205 18 
0 212 0 
0 153 3 
0 233 10 
0 180 10 
0 240 40 
0 198 0 
0 264 4 
0 236 15 
0 231 11 
0 225 23 
0 201 2 
0 225 17 
0 179 27 
0 157 68 
0 232 18 
0 214 2 
0 212 8 
0 228 10 
0 242 4 
0 181 64 
0 157 46 
0 222 22 
0 280 2 
0 173 19 
0 180 9 
0 242 39 
0 206 4 
0 305 2 
0 265 2 
0 233 7 
0 157 47 
0 196 23 
0 201 11 
0 180 17 
0 212 17 
0 274 19 
0 189 18 
0 195 27 
0 275 24 
0 199 8 
0 241 4 
0 160 89 
0 142 44 
0 155 5 
0 291 2 
0 179 0 
0 216 37 
0 167 77 
0 253 15 
0 221 8 
0 251 23 
0 256 19 
0 275 4 
0 166 0 
0 150 17 
0 232 27 
0 230 19 
0 156 9 
0 221 0 
0 258 6 
0 173 22 
0 198 57 
0 224 11 
0 171 11 
0 212 5 
0 219 16 
0 201 21 
0 207 4 
0 246 19 
0 218 61 
0 222 33 
0 170 16 
0 169 71 
0 116 30 
0 262 16 
0 193 8 
0 175 11 
0 171 3 
0 188 10 
0 160 10 
0 260 21 
0 228 17 
0 251 11 
0 259 37 
0 224 35 
0 214 44 
0 126 8 
0 210 10 
0 162 64 
0 171 61 
0 213 21 
0 212 7 
0 267 9 
0 227 29 
0 244 51 
0 173 28 
0 145 36 
0 244 22 
0 178 16 
0 199 49 
0 248 40 
0 167 16 
0 159 0 
0 175 48 
0 232 50 
0 260 36 
0 203 15 
0 262 49 
0 192 9 
0 206 7 
0 259 8 
0 141 47 
0 258 10 
0 186 5 
0 232 0 
0 233 35 
0 167 2 
0 194 29 
0 216 5 
0 210 45 
0 204 3 
0 207 13 
0 192 34 
0 247 15 
0 192 55 
0 295 11 
0 167 71 
0 228 31 
0 182 12 
0 211 26 
0 152 17 
0 216 10 
0 219 4 
0 206 20 
0 248 23 
0 239 1 
0 206 3 
0 206 0 
0 192 26 
0 195 5 
0 121 18 
0 200 17 
0 194 2 
0 237 14 
0 205 22 
0 215 51 
0 205 10 
0 244 8 
0 211 2 
0 215 50 
0 120 22 
0 200 15 
0 241 41 
0 252 22 
0 220 0 
0 262 20 
0 154 64 
0 249 22 
0 243 23 
0 225 30 
0 169 1 
0 170 6 
0 218 7 
0 204 19 
0 144 60 
0 150 5 
0 188 37 
0 284 5 
0 223 1 
0 218 29 
0 225 0 
0 175 43 
0 250 28 
0 201 0 
0 223 11 
0 246 60 
0 179 44 
0 245 9 
0 121 45 
0 296 0 
0 212 10 
0 212 11 
0 232 6 
0 184 14 
0 262 29 
0 231 15 
0 196 26 
0 249 15 
0 238 31 
0 220 4 
0 223 21 
0 214 22 
0 169 5 
0 246 16 
0 228 40 
0 171 19 
0 268 6 
0 173 36 
0 211 25 
0 191 7 
0 265 39 
0 214 12 
0 203 39 
0 175 4 
0 205 8 
0 124 98 
0 226 47 
0 245 47 
0 206 38 
0 250 8 
0 219 18 
0 182 0 
0 250 3 
0 224 88 
0 192 11 
0 206 17 
0 236 22 
0 186 1 
0 168 30 
0 188 24 
0 146 20 
0 238 3 
0 209 0 
0 251 18 
0 216 3 
0 200 27 
0 239 9 
0 173 0 
0 243 23 
0 149 42 
0 159 14 
0 218 129 
0 227 14 
0 216 10 
0 239 12 
0 120 102 
0 247 28 
0 185 50 
0 204 26 
0 205 0 
0 188 9 
0 219 13 
0 185 3 
0 174 5 
0 239 7 
0 242 3 
0 143 4 
0 231 3 
0 178 23 
0 223 5 
0 209 11 
0 167 42 
0 189 84 
0 156 3 
0 202 14 
0 217 28 
0 217 36 
0 204 14 
0 203 13 
0 198 23 
0 191 19 
0 161 16 
0 221 45 
0 226 2 
0 191 0 
0 208 20 
0 170 15 
0 199 18 
0 222 41 
0 267 9 
0 235 7 
0 190 4 
0 225 10 
0 229 36 
0 164 75 
0 198 63 
0 284 19 
0 165 3 
0 204 52 
0 171 3 
0 226 18 
0 237 8 
0 254 30 
0 175 141 
0 181 18 
0 189 26 
0 182 32 
0 224 24 
0 212 15 
0 218 34 
0 254 31 
0 247 10 
0 263 13 
0 240 15 
0 121 10 
0 242 0 
0 182 35 
0 225 16 
0 216 53 
0 220 7 
0 241 4 
0 227 8 
0 206 21 
0 180 71 
0 147 17 
0 240 7 
0 175 23 
0 184 9 
0 258 20 
0 187 0 
0 172 5 
0 271 7 
0 150 7 
0 211 46 
0 148 20 
0 191 2 
0 197 8 
0 182 1 
0 160 32 
0 226 1 
0 180 17 
0 310 5 
0 231 22 
0 169 45 
0 234 31 
0 275 3 
0 146 78 
0 151 1 
0 135 45 
0 197 15 
0 175 0 
0 156 0 
0 216 11 
0 162 190 
0 273 10 
0 177 20 
0 210 12 
0 164 9 
0 199 8 
0 181 0 
0 229 4 
0 181 24 
0 203 32 
0 210 1 
0 207 53 
0 234 0 
0 209 82 
0 181 2 
0 183 6 
0 236 8 
0 249 1 
0 239 17 
0 193 54 
0 205 31 
0 208 27 
0 229 29 
0 240 2 
0 185 13 
0 208 2 
0 184 1 
0 160 19 
0 256 21 
0 173 35 
0 197 23 
0 241 5 
0 217 9 
0 204 41 
0 228 14 
0 252 20 
0 211 27 
0 125 56 
0 214 59 
0 205 2 
0 188 54 
0 205 15 
0 161 7 
0 241 24 
0 229 32 
0 113 40 
0 220 26 
0 164 9 
0 214 3 
0 198 29 
0 185 1 
0 262 13 
0 138 35 
0 179 0 
0 201 12 
0 185 18 
0 240 5 
0 204 5 
0 227 29 
0 200 33 
0 224 37 
0 180 28 
0 185 7 
0 188 19 
0 280 10 
0 209 20 
0 211 60 
0 259 6 
0 135 13 
0 243 32 
0 214 0 
0 218 27 
0 228 0 
0 166 3 
0 108 79 
0 266 22 
0 190 23 
0 176 70 
0 181 27 
0 187 22 
0 206 18 
0 240 12 
0 178 25 
0 222 16 
0 250 2 
0 224 3 
0 181 0 
0 273 14 
0 213 20 
0 197 0 
0 224 4 
0 186 21 
0 126 0 
0 195 31 
0 155 54 
0 180 13 
0 222 8 
0 221 48 
0 193 11 
