0 2 271 
0 19 191 
0 14 179 
0 49 162 
0 12 211 
0 16 201 
0 4 222 
0 21 196 
0 23 212 
0 5 238 
0 21 129 
0 5 171 
0 7 279 
0 24 101 
0 25 143 
0 39 180 
0 4 169 
0 23 206 
0 11 156 
0 7 180 
0 2 205 
0 3 171 
0 4 260 
0 12 172 
0 6 144 
0 27 192 
0 27 152 
0 20 197 
0 16 165 
0 10 287 
0 9 184 
0 29 205 
0 16 165 
0 15 126 
0 4 206 
0 7 184 
0 10 153 
0 22 61 
0 7 179 
0 9 150 
0 18 205 
0 5 179 
0 3 108 
0 4 250 
0 24 175 
0 9 261 
0 6 139 
0 44 158 
0 33 143 
0 15 210 
0 1 114 
0 11 239 
0 26 223 
0 8 190 
0 8 141 
0 12 170 
0 23 208 
0 22 114 
0 15 205 
0 33 120 
0 18 213 
0 23 155 
0 21 212 
0 26 151 
0 7 151 
0 19 207 
0 23 170 
0 25 160 
0 34 163 
0 26 166 
0 11 333 
0 22 233 
0 19 179 
0 10 249 
0 13 231 
0 18 174 
0 12 150 
0 24 173 
0 42 173 
0 17 106 
0 2 301 
0 2 141 
0 8 252 
0 5 217 
0 26 260 
0 21 176 
0 21 141 
0 26 223 
0 12 173 
0 15 258 
0 10 145 
0 5 146 
0 13 175 
0 24 94 
0 1 176 
0 5 171 
0 17 208 
0 18 174 
0 33 176 
0 34 158 
0 8 241 
0 4 196 
0 22 235 
0 14 205 
0 25 128 
0 27 152 
0 6 174 
0 18 185 
0 28 192 
0 3 227 
0 37 168 
0 16 219 
0 13 168 
0 4 253 
0 23 142 
0 36 117 
0 8 155 
0 13 163 
0 10 181 
0 4 188 
0 12 168 
0 22 235 
0 11 172 
0 10 140 
0 15 194 
0 9 148 
0 13 143 
0 6 230 
0 19 198 
0 25 160 
0 4 167 
0 12 177 
0 13 187 
0 19 251 
0 4 212 
0 9 137 
0 18 203 
0 31 190 
0 30 268 
0 13 168 
0 29 175 
0 30 124 
0 4 191 
0 14 130 
0 25 210 
0 24 130 
0 28 134 
0 6 220 
0 5 162 
0 33 181 
0 17 156 
0 14 171 
0 19 174 
0 16 167 
0 19 140 
0 29 173 
0 16 156 
0 9 250 
0 7 146 
0 15 207 
0 4 107 
0 11 166 
0 27 213 
0 2 200 
0 17 105 
0 18 166 
0 15 188 
0 11 195 
0 19 132 
0 13 155 
0 18 254 
0 3 220 
0 10 338 
0 16 119 
0 13 177 
0 24 203 
0 5 171 
0 32 169 
0 22 206 
0 33 154 
0 4 176 
0 28 208 
0 15 112 
0 5 155 
0 25 152 
0 29 210 
0 21 193 
0 47 126 
0 4 176 
0 2 148 
0 30 162 
0 33 179 
0 6 174 
0 13 165 
0 10 159 
0 8 177 
0 25 113 
0 7 157 
0 15 159 
0 15 164 
0 26 203 
0 14 251 
0 7 175 
0 11 183 
0 18 198 
0 7 174 
0 18 200 
0 10 130 
0 0 177 
0 6 191 
0 14 156 
0 10 177 
0 16 156 
0 11 177 
0 4 203 
0 8 203 
0 21 138 
0 29 219 
0 16 227 
0 4 157 
0 14 157 
0 9 135 
0 0 153 
0 11 170 
0 3 141 
0 56 158 
0 16 156 
0 4 126 
0 19 266 
0 5 226 
0 8 198 
0 5 142 
0 21 167 
0 27 220 
0 2 236 
0 16 177 
0 13 182 
0 28 164 
0 29 152 
0 22 144 
0 21 158 
0 18 203 
0 25 185 
0 58 60 
0 11 167 
0 4 117 
0 9 184 
0 5 99 
0 7 247 
0 4 200 
0 19 154 
0 13 256 
0 23 168 
0 7 206 
0 35 216 
0 12 189 
0 10 141 
0 3 146 
0 16 206 
0 16 158 
0 18 205 
0 16 149 
0 17 208 
0 20 185 
0 4 154 
0 31 262 
0 9 218 
0 11 181 
0 24 204 
0 15 192 
0 12 227 
0 19 245 
0 3 256 
0 25 207 
0 18 209 
0 7 194 
0 12 196 
0 1 202 
0 26 164 
0 2 168 
0 1 201 
0 23 177 
0 2 180 
0 29 160 
0 6 242 
0 9 209 
0 3 186 
0 25 138 
0 9 145 
0 4 201 
0 1 210 
0 16 182 
0 20 194 
0 20 118 
0 12 151 
0 24 165 
0 20 162 
0 10 136 
0 9 175 
0 30 193 
0 14 227 
0 3 171 
0 8 176 
0 16 272 
0 10 246 
0 33 206 
0 23 138 
0 21 201 
0 11 181 
0 14 154 
0 13 246 
0 21 169 
0 47 138 
0 6 159 
0 22 154 
0 14 221 
0 39 283 
0 21 156 
0 23 162 
0 18 166 
0 3 169 
0 0 164 
0 20 128 
0 0 177 
0 4 121 
0 1 182 
0 14 266 
0 7 160 
0 22 227 
0 21 160 
0 7 144 
0 4 131 
0 10 192 
0 23 254 
0 2 137 
0 28 190 
0 21 167 
0 3 163 
0 17 213 
0 13 192 
0 25 161 
0 10 165 
0 3 183 
0 13 199 
0 37 148 
0 10 252 
0 18 108 
0 14 132 
0 31 108 
0 14 241 
0 11 166 
0 17 213 
0 36 169 
0 15 218 
0 13 215 
0 9 125 
0 17 269 
0 19 321 
0 10 170 
0 3 110 
0 35 122 
0 11 156 
0 11 154 
0 13 129 
0 7 178 
0 46 207 
0 4 181 
0 3 152 
0 27 180 
0 3 177 
0 23 164 
0 17 112 
0 17 215 
0 20 160 
0 16 148 
0 15 229 
0 19 161 
0 2 184 
0 10 190 
0 31 255 
0 37 146 
0 21 214 
0 12 164 
0 21 114 
0 14 161 
0 2 171 
0 5 223 
0 12 194 
0 14 249 
0 19 173 
0 38 167 
0 7 269 
0 31 242 
0 6 157 
0 6 194 
0 10 187 
0 20 221 
0 3 223 
0 17 158 
0 19 193 
0 8 212 
0 0 231 
0 16 170 
0 24 172 
0 13 247 
0 34 145 
0 5 227 
0 12 157 
0 3 161 
0 2 211 
0 15 227 
0 1 241 
0 6 187 
0 40 145 
0 6 219 
0 0 257 
0 10 200 
0 8 142 
0 37 124 
0 25 122 
0 2 135 
0 19 208 
0 23 187 
0 28 210 
0 7 162 
0 10 140 
0 14 175 
0 16 155 
0 8 252 
0 8 203 
0 26 211 
0 25 178 
0 13 183 
0 13 230 
0 8 131 
0 9 229 
0 9 219 
0 14 164 
0 7 192 
0 12 127 
0 0 204 
0 21 301 
0 16 167 
0 8 191 
0 7 209 
0 14 139 
0 1 234 
0 18 183 
0 11 169 
0 20 276 
0 34 204 
0 11 152 
0 14 182 
0 0 285 
0 14 153 
0 0 265 
0 13 207 
0 26 193 
0 6 150 
0 2 193 
0 33 157 
0 13 181 
0 4 128 
0 15 227 
0 65 218 
0 11 209 
0 12 182 
0 17 206 
0 27 170 
0 4 197 
0 12 228 
0 2 193 
0 28 169 
0 8 146 
0 21 200 
0 5 124 
0 16 141 
0 41 215 
0 16 209 
0 4 186 
0 4 179 
0 17 177 
0 11 213 
0 28 161 
0 16 210 
0 11 143 
0 15 177 
0 6 121 
0 9 120 
0 14 168 
0 8 216 
0 11 229 
0 15 197 
0 7 173 
0 22 197 
0 22 184 
0 7 131 
0 27 189 
0 3 183 
0 13 234 
0 5 117 
0 5 207 
0 16 246 
0 6 231 
0 8 163 
0 24 160 
0 9 169 
0 7 274 
0 12 185 
0 8 208 
0 17 162 
0 1 193 
0 8 222 
0 9 174 
0 13 169 
0 6 135 
0 13 261 
0 12 208 
0 5 237 
0 12 145 
0 8 148 
0 15 181 
0 16 265 
0 15 213 
0 19 163 
0 6 235 
0 8 227 
0 5 212 
0 14 139 
0 0 263 
0 23 206 
0 12 153 
0 19 200 
0 14 143 
0 6 192 
0 16 227 
0 19 168 
0 18 270 
0 39 216 
0 15 161 
0 5 138 
0 21 139 
0 5 194 
0 30 163 
0 24 181 
0 26 183 
0 11 175 
0 7 227 
0 15 155 
0 2 143 
0 21 140 
0 17 164 
0 6 227 
0 25 141 
0 23 239 
0 30 161 
0 20 232 
0 7 159 
0 9 197 
0 14 136 
0 9 156 
0 17 179 
0 23 180 
0 22 197 
0 11 236 
0 11 219 
0 8 205 
0 35 212 
0 1 245 
0 2 163 
0 25 205 
0 4 161 
0 41 186 
0 24 128 
0 27 169 
0 6 187 
0 27 133 
0 24 166 
0 25 155 
0 20 230 
0 26 142 
0 6 281 
0 18 140 
0 26 179 
0 13 199 
0 7 151 
0 23 161 
0 8 262 
0 10 211 
0 6 161 
0 12 135 
0 22 171 
0 17 182 
0 23 122 
0 15 179 
0 19 175 
0 18 187 
0 15 187 
0 9 242 
0 24 167 
0 7 243 
0 37 162 
0 28 203 
0 6 233 
0 30 190 
0 0 203 
0 10 193 
0 8 176 
0 7 186 
0 29 215 
0 24 153 
0 17 130 
0 20 181 
0 3 227 
0 13 212 
0 0 148 
0 8 239 
0 4 170 
0 28 136 
0 17 166 
0 2 146 
0 5 218 
0 14 194 
0 12 186 
0 1 188 
0 22 163 
0 4 196 
0 18 193 
0 19 132 
0 15 156 
0 6 193 
0 31 178 
0 40 99 
0 18 148 
0 0 171 
0 32 143 
0 12 88 
0 10 230 
0 19 199 
0 25 184 
0 7 181 
0 4 246 
0 10 214 
0 1 277 
0 31 173 
0 25 179 
0 19 170 
0 12 238 
0 19 262 
0 9 182 
0 29 216 
0 7 154 
0 24 254 
0 6 156 
0 25 188 
0 14 158 
0 11 170 
0 23 124 
0 61 162 
0 4 226 
0 9 210 
0 7 191 
0 28 182 
0 31 122 
0 14 175 
0 11 203 
0 16 186 
0 31 149 
0 16 236 
0 14 165 
0 2 186 
0 9 177 
0 7 113 
0 6 150 
0 4 118 
0 12 134 
0 18 155 
0 34 122 
0 22 121 
0 12 146 
0 16 180 
0 10 133 
0 23 179 
0 19 134 
0 24 161 
0 1 205 
0 33 160 
0 17 159 
0 8 190 
0 32 183 
0 0 234 
0 13 173 
0 7 221 
0 10 199 
0 6 135 
0 32 239 
0 5 207 
0 18 169 
0 21 211 
0 2 148 
0 1 247 
0 26 204 
0 25 227 
0 9 231 
0 13 201 
0 24 191 
0 11 236 
0 15 181 
0 25 228 
0 26 181 
0 8 202 
0 15 218 
0 11 172 
0 8 206 
0 23 195 
0 13 190 
0 15 234 
0 25 232 
0 9 195 
0 25 257 
0 20 184 
0 16 187 
0 6 198 
0 0 181 
0 18 160 
0 14 186 
0 15 167 
0 7 169 
0 8 143 
0 9 222 
0 4 151 
0 37 223 
0 12 190 
0 8 127 
0 22 211 
0 11 144 
0 8 166 
0 14 208 
0 17 257 
0 15 138 
0 11 136 
0 18 159 
0 18 254 
0 13 117 
0 6 210 
0 3 196 
0 17 152 
0 10 139 
0 11 173 
0 0 211 
0 18 246 
0 7 172 
0 21 165 
0 17 164 
0 28 147 
0 32 153 
0 8 218 
0 3 201 
0 13 270 
0 10 230 
0 9 122 
0 5 280 
0 6 188 
0 22 100 
0 4 382 
0 9 158 
0 18 200 
0 13 132 
0 13 169 
0 14 134 
0 20 172 
0 34 144 
0 32 193 
0 2 250 
0 5 176 
0 23 203 
0 42 175 
0 2 195 
0 4 276 
0 10 211 
0 17 210 
0 25 200 
0 15 125 
0 28 210 
0 19 223 
0 20 148 
0 0 175 
0 5 184 
0 3 186 
0 21 188 
0 17 199 
0 22 180 
0 17 163 
0 20 158 
0 8 265 
0 5 184 
0 23 173 
0 11 161 
0 30 142 
0 7 212 
0 15 196 
0 9 197 
0 9 245 
0 8 284 
0 13 208 
0 19 150 
0 19 200 
0 11 175 
0 6 170 
0 25 132 
0 27 197 
0 21 193 
0 51 140 
0 5 213 
0 28 140 
0 22 191 
0 17 175 
0 15 151 
0 12 170 
0 46 97 
0 13 186 
0 8 213 
0 43 160 
0 11 269 
0 5 194 
0 16 299 
0 27 246 
0 8 223 
0 24 179 
0 20 116 
0 26 154 
0 20 196 
0 55 179 
0 2 300 
0 21 128 
0 10 175 
0 15 181 
0 9 221 
0 13 174 
0 10 239 
0 1 258 
0 25 172 
0 19 152 
0 3 248 
0 18 203 
0 15 165 
0 14 187 
0 30 122 
0 18 136 
0 16 187 
0 9 143 
0 24 221 
0 31 164 
0 13 204 
0 16 144 
0 9 182 
0 29 216 
0 18 163 
0 10 254 
0 36 247 
0 17 122 
0 6 212 
0 22 134 
0 19 169 
0 6 246 
0 15 149 
0 7 193 
0 2 151 
0 10 133 
0 8 190 
0 3 265 
0 14 142 
0 21 240 
0 7 148 
0 16 263 
0 5 163 
0 16 202 
0 12 171 
0 10 208 
0 21 171 
0 9 172 
0 30 167 
0 2 230 
0 5 169 
0 8 220 
0 8 195 
0 37 151 
0 18 244 
0 7 144 
0 15 178 
0 10 214 
0 8 153 
0 34 181 
0 21 166 
0 17 129 
0 11 204 
0 9 281 
0 25 162 
0 33 167 
0 3 213 
0 0 202 
0 2 205 
0 15 206 
0 9 145 
0 4 186 
0 8 192 
0 14 239 
0 34 193 
0 3 146 
0 12 167 
0 17 210 
0 18 142 
0 9 218 
0 11 150 
0 3 143 
0 52 192 
0 5 169 
0 8 247 
0 36 188 
0 25 266 
0 9 161 
0 9 158 
0 12 164 
0 4 171 
0 8 168 
0 6 157 
0 7 175 
0 39 109 
0 34 149 
0 0 316 
0 7 154 
0 3 131 
0 40 247 
0 2 127 
0 10 175 
0 19 189 
0 21 196 
0 7 187 
0 3 177 
0 12 152 
0 23 243 
0 39 159 
0 20 158 
0 13 99 
0 3 186 
0 43 190 
0 14 221 
0 25 170 
0 16 117 
0 13 190 
0 11 162 
0 34 145 
0 21 122 
0 17 106 
0 6 158 
0 11 196 
0 13 150 
0 12 205 
0 5 188 
0 14 231 
0 7 169 
0 18 146 
0 17 222 
0 10 194 
0 23 135 
0 10 179 
0 2 155 
0 30 160 
0 19 202 
0 8 173 
0 29 267 
0 50 197 
0 32 183 
0 4 162 
0 22 185 
0 24 218 
0 29 250 
0 9 329 
0 6 245 
0 16 186 
0 5 208 
0 24 129 
0 13 166 
0 11 136 
0 1 201 
0 20 246 
0 3 139 
0 14 155 
0 5 241 
0 0 197 
0 6 112 
0 1 132 
0 12 220 
0 11 126 
0 13 153 
0 19 108 
0 35 145 
0 7 180 
0 8 171 
0 15 260 
