0 59 274 8 0 
0 62 390 58 0 
0 80 262 55 0 
0 11 284 4 0 
0 126 446 29 0 
0 12 290 104 0 
0 41 417 46 0 
0 16 424 25 0 
0 96 335 39 0 
1 11 294 73 0 
0 47 335 17 0 
1 1 313 34 0 
0 5 373 42 0 
0 5 624 19 0 
3 86 269 38 0 
2 132 402 7 0 
0 43 386 39 0 
4 28 310 4 0 
1 130 277 6 0 
0 89 296 16 0 
0 38 309 20 0 
2 83 430 19 0 
0 5 252 28 0 
0 15 312 28 0 
1 54 327 3 0 
0 81 413 42 0 
3 22 371 9 0 
0 7 240 13 0 
0 7 296 50 0 
0 10 256 5 0 
0 8 292 78 0 
1 8 472 2 0 
0 62 265 106 0 
0 4 305 64 0 
0 9 368 8 0 
0 18 348 5 0 
0 17 378 17 0 
0 10 209 31 0 
6 3 349 62 0 
6 2 424 34 0 
0 47 291 60 0 
1 1 390 16 0 
0 69 215 47 0 
1 32 329 157 0 
0 6 453 67 0 
1 30 342 49 0 
0 93 215 63 0 
1 2 308 50 0 
0 29 385 48 0 
0 19 334 71 0 
0 41 244 116 0 
1 22 309 41 0 
0 31 317 67 0 
0 22 355 0 0 
2 26 354 104 0 
0 25 399 38 0 
0 16 473 119 0 
4 24 469 27 11 
0 22 243 67 0 
0 45 284 25 0 
0 4 298 42 0 
0 22 407 31 0 
0 52 374 38 0 
0 15 376 46 0 
0 6 338 13 0 
0 23 240 80 0 
0 26 377 11 0 
0 61 406 74 0 
2 56 309 100 0 
0 12 211 46 0 
0 24 334 68 0 
0 3 371 6 0 
0 13 206 39 0 
0 14 260 137 0 
1 22 315 10 0 
0 40 400 94 0 
6 8 433 169 0 
0 0 530 28 0 
1 41 313 30 0 
0 35 296 75 0 
0 65 347 16 0 
2 34 397 35 0 
5 30 330 41 0 
5 29 397 82 0 
1 11 365 7 0 
0 50 386 9 0 
0 15 362 60 0 
0 55 174 55 0 
0 19 435 4 0 
0 12 325 44 0 
0 18 383 7 0 
2 29 212 51 0 
0 55 255 20 0 
1 11 449 28 0 
0 17 429 66 0 
0 26 328 6 0 
0 7 344 132 0 
0 61 278 57 0 
0 6 507 23 0 
0 12 480 28 0 
0 18 239 54 0 
0 53 317 11 0 
0 15 397 38 0 
0 22 347 19 0 
0 60 284 16 0 
0 24 383 6 0 
0 77 251 47 0 
0 38 279 24 0 
0 12 407 39 0 
1 16 308 9 0 
0 22 401 1 0 
0 38 281 148 0 
0 20 257 40 0 
0 40 372 23 0 
0 20 387 16 0 
0 44 322 3 0 
0 28 410 74 0 
0 12 337 11 0 
0 24 220 25 0 
0 40 335 1 0 
0 22 268 87 0 
0 25 302 9 0 
0 9 358 110 0 
0 45 268 60 0 
1 17 339 25 0 
0 41 418 46 0 
0 51 352 6 0 
0 51 367 12 0 
1 29 448 3 0 
1 90 350 40 0 
0 14 392 18 0 
0 33 306 109 0 
1 47 190 17 0 
0 26 382 5 0 
0 14 303 58 0 
0 30 256 73 0 
1 41 316 8 0 
0 19 395 8 0 
0 74 337 123 0 
0 10 324 89 0 
0 38 274 19 0 
0 20 538 85 0 
3 60 295 22 0 
0 25 410 27 0 
0 48 281 41 0 
0 88 454 1 0 
8 92 332 15 0 
3 15 267 46 0 
1 46 195 97 0 
0 64 309 18 0 
0 96 528 62 0 
3 22 262 28 3 
0 11 346 0 0 
0 45 373 5 0 
2 6 312 27 0 
0 38 293 166 0 
9 15 381 4 0 
0 46 288 43 0 
0 49 286 41 0 
1 14 298 3 0 
0 89 346 13 0 
0 26 318 9 0 
0 29 510 41 0 
0 22 428 49 0 
0 6 364 35 0 
0 29 326 29 2 
0 8 341 79 0 
0 26 300 34 0 
2 70 303 19 0 
0 25 237 4 0 
0 5 455 15 0 
0 15 306 26 0 
0 6 278 72 0 
0 47 276 17 0 
0 69 230 8 0 
0 49 306 53 0 
0 19 395 6 0 
0 69 367 26 0 
0 68 325 28 0 
0 10 317 39 0 
0 7 417 31 0 
0 33 271 58 0 
0 75 365 8 0 
1 17 228 53 0 
0 63 158 333 0 
0 59 359 17 0 
0 106 261 59 0 
0 44 582 14 0 
2 5 396 47 0 
0 13 369 66 0 
2 40 375 3 0 
0 1 391 48 0 
1 26 255 6 0 
0 14 403 10 0 
2 47 207 48 0 
0 5 290 30 0 
0 7 353 28 0 
0 65 238 63 0 
0 10 270 17 0 
0 31 304 62 0 
0 3 438 53 0 
0 11 357 94 0 
0 6 302 46 0 
1 21 327 21 0 
0 7 287 61 0 
0 24 297 24 0 
0 38 405 21 0 
0 84 308 17 0 
0 28 345 52 0 
0 48 241 36 0 
0 12 406 129 0 
0 13 282 57 0 
0 20 397 14 0 
0 55 256 104 0 
6 29 413 10 0 
0 45 355 40 0 
3 48 271 18 0 
9 56 399 36 0 
0 45 359 77 0 
0 5 194 15 0 
0 10 235 50 0 
0 51 237 62 0 
1 212 235 25 0 
0 119 340 71 0 
0 34 456 9 0 
1 7 372 5 0 
9 64 355 34 0 
1 8 243 41 0 
0 1 208 43 0 
4 18 313 91 0 
0 51 311 15 0 
0 13 453 25 0 
0 90 435 56 0 
1 77 350 33 0 
0 103 305 9 0 
0 18 208 65 0 
0 35 319 15 0 
0 55 335 82 0 
0 54 259 54 0 
0 51 481 9 0 
1 15 377 55 0 
0 34 236 26 0 
0 58 312 5 0 
0 8 229 40 0 
0 6 276 19 0 
1 61 366 29 0 
1 14 247 106 0 
0 153 156 25 0 
0 74 407 15 0 
0 1 247 77 0 
0 1 222 17 0 
0 153 284 24 0 
0 30 343 16 0 
0 15 315 42 0 
1 20 358 72 0 
42 45 222 38 0 
0 28 337 1 0 
1 2 237 47 0 
0 77 432 8 0 
0 44 226 142 0 
0 55 254 6 0 
0 18 266 19 0 
0 17 355 34 0 
0 20 411 11 0 
0 36 124 61 0 
0 11 338 63 0 
0 4 334 21 0 
0 56 396 36 0 
0 12 299 28 0 
0 4 344 82 0 
0 26 322 7 0 
0 39 282 16 0 
1 24 278 48 0 
0 20 382 73 0 
0 8 326 50 0 
0 27 257 16 0 
0 51 379 37 0 
0 29 511 2 0 
0 12 336 38 0 
11 29 222 21 0 
0 64 246 19 0 
1 4 311 34 0 
0 7 419 39 0 
38 30 403 9 0 
0 12 460 19 0 
0 36 197 53 0 
0 14 334 27 0 
0 4 324 49 0 
0 57 364 20 0 
2 29 339 52 0 
0 48 349 20 0 
0 11 278 23 0 
2 18 263 30 0 
0 2 355 35 0 
0 15 336 17 0 
0 11 337 29 0 
4 5 448 4 0 
0 29 420 9 0 
2 16 382 18 0 
1 114 296 63 0 
0 30 344 40 0 
0 38 311 65 0 
1 40 400 77 0 
0 8 369 4 0 
0 96 273 14 0 
0 75 294 12 0 
0 12 236 80 0 
0 45 355 26 0 
0 97 322 16 0 
0 37 312 66 0 
0 19 347 38 0 
0 26 293 40 0 
0 55 314 3 0 
0 9 319 21 0 
0 47 333 5 0 
0 130 264 52 0 
0 159 293 34 0 
0 65 506 17 0 
0 14 292 66 0 
0 11 386 105 0 
1 45 332 1 0 
0 26 276 6 0 
0 4 321 21 0 
0 39 280 18 0 
0 71 368 1 0 
0 26 349 21 0 
0 31 336 27 0 
0 25 285 1 0 
0 14 273 64 0 
0 21 287 31 0 
0 12 425 56 0 
1 121 362 0 0 
0 4 321 14 0 
0 47 259 25 0 
1 44 467 2 0 
0 0 298 7 0 
0 8 343 6 0 
1 24 396 65 0 
0 2 212 27 0 
0 18 301 20 0 
0 55 217 161 0 
0 23 401 16 0 
0 29 367 28 0 
0 38 310 9 0 
0 4 423 26 0 
2 19 292 11 0 
0 12 282 25 0 
0 17 299 3 0 
0 1 385 61 0 
0 65 476 13 0 
0 37 249 57 0 
0 81 309 57 0 
0 7 434 33 0 
0 34 404 52 0 
1 51 242 32 0 
0 9 362 57 0 
0 0 217 59 0 
0 66 254 69 0 
0 77 238 4 0 
1 55 464 16 0 
0 65 273 12 0 
0 36 370 18 0 
0 29 398 56 0 
0 26 333 34 0 
0 97 305 12 0 
0 52 383 106 0 
0 12 374 12 0 
0 6 358 24 0 
0 17 470 7 0 
0 46 569 8 0 
0 15 267 57 0 
0 87 246 67 0 
0 41 385 134 0 
0 70 394 0 0 
2 6 334 59 0 
2 22 277 35 0 
1 94 290 9 0 
0 37 317 15 0 
0 65 398 15 0 
0 36 322 113 0 
1 85 409 26 0 
0 44 378 2 0 
0 42 440 10 0 
1 13 303 79 0 
0 15 420 7 0 
0 12 432 71 0 
0 51 400 61 0 
27 105 307 7 0 
0 84 179 79 0 
0 30 310 44 0 
1 45 306 9 0 
4 8 347 25 0 
0 25 301 121 0 
2 19 225 46 0 
0 3 276 33 0 
0 21 438 14 0 
0 13 280 48 0 
6 43 300 24 0 
0 11 357 6 0 
5 59 272 40 0 
0 33 316 11 0 
0 46 378 44 0 
0 29 449 27 0 
0 20 298 22 0 
0 61 213 103 0 
0 22 398 53 0 
8 2 300 33 0 
0 33 301 13 0 
1 19 310 24 0 
0 43 316 35 0 
2 22 306 19 0 
0 59 260 27 0 
0 43 307 56 0 
1 7 335 27 0 
0 43 317 62 0 
0 5 203 18 0 
0 21 408 8 0 
0 54 333 24 0 
0 27 344 22 0 
2 61 284 4 0 
0 7 300 38 2 
0 43 244 49 0 
1 24 305 0 0 
3 79 270 13 0 
0 65 279 12 0 
0 10 302 1 0 
0 35 339 44 0 
0 2 499 13 0 
0 46 243 21 0 
0 10 333 30 0 
0 91 327 17 0 
0 11 389 5 1 
1 52 215 61 0 
0 16 373 83 0 
0 64 315 32 0 
0 2 403 5 0 
0 36 254 38 0 
0 41 348 20 0 
0 84 249 55 0 
0 9 304 4 0 
0 52 292 41 0 
0 90 364 7 0 
0 53 304 69 0 
0 62 247 40 0 
0 33 305 56 0 
0 63 326 22 0 
1 12 179 37 0 
0 34 244 76 0 
0 45 452 1 0 
0 33 286 49 0 
0 3 465 104 0 
0 8 401 18 0 
0 20 322 30 0 
5 28 257 17 0 
0 13 353 15 0 
10 13 424 2 0 
0 1 461 14 1 
0 107 317 47 0 
0 27 294 70 0 
0 3 402 8 0 
0 80 347 30 0 
0 48 279 9 0 
0 28 418 25 0 
1 47 267 28 0 
0 68 298 45 0 
1 34 409 42 0 
3 104 334 16 0 
0 52 259 35 0 
0 37 281 32 0 
0 98 340 156 0 
0 73 280 49 0 
0 11 355 41 0 
0 52 366 68 0 
0 59 309 49 0 
3 19 352 48 0 
0 48 349 3 0 
0 48 251 23 0 
0 15 503 97 0 
1 20 333 58 0 
0 6 402 15 0 
0 45 317 14 0 
0 100 285 8 0 
0 94 323 94 0 
7 9 272 113 0 
0 111 366 72 0 
0 84 316 70 0 
1 33 296 60 0 
0 15 277 49 0 
0 30 302 18 0 
0 3 418 45 0 
0 0 390 63 0 
0 41 392 19 0 
0 35 492 43 0 
1 25 287 93 0 
0 38 404 27 0 
0 2 299 6 0 
0 14 300 145 0 
0 19 313 27 0 
0 39 317 41 0 
0 31 230 10 0 
0 43 518 47 0 
0 20 344 56 0 
0 26 263 58 0 
0 13 273 56 0 
1 33 245 62 0 
0 15 334 13 0 
1 9 385 10 0 
0 64 239 61 0 
0 41 463 21 0 
0 35 322 61 0 
0 5 234 33 0 
2 8 380 59 0 
0 5 354 32 0 
0 49 624 26 2 
1 17 273 37 0 
5 47 213 11 0 
0 12 376 12 0 
0 110 327 28 0 
0 23 382 33 0 
0 10 347 35 0 
0 73 236 17 0 
1 12 460 9 0 
0 35 331 9 0 
0 83 351 15 0 
0 40 392 23 0 
1 17 250 36 0 
1 30 442 26 0 
0 36 429 23 0 
0 15 443 30 0 
4 58 209 39 0 
0 27 387 48 0 
0 3 410 57 0 
0 79 399 91 0 
0 11 264 27 0 
0 52 352 44 0 
1 45 391 69 0 
0 16 219 4 0 
0 49 360 24 0 
0 20 302 130 0 
0 24 330 47 0 
0 24 288 18 0 
0 53 441 106 14 
0 16 297 73 0 
0 6 414 14 0 
0 44 404 8 0 
0 63 276 15 0 
2 36 368 3 0 
0 25 415 69 0 
0 21 243 30 0 
3 27 448 40 0 
0 19 275 1 0 
0 38 353 7 0 
2 30 534 4 0 
0 43 203 45 0 
0 60 175 52 0 
0 61 424 51 0 
3 39 428 2 0 
0 58 313 22 0 
2 18 345 72 0 
0 86 345 4 0 
1 145 315 29 0 
0 10 456 34 0 
0 36 322 19 0 
0 38 337 7 0 
0 20 281 46 0 
0 20 275 50 0 
0 37 364 63 0 
1 60 313 35 0 
2 22 387 7 0 
0 7 355 43 0 
0 40 289 14 0 
0 14 369 30 0 
1 85 301 36 0 
0 91 330 95 0 
0 0 395 164 0 
0 0 332 31 0 
0 31 251 107 0 
0 29 344 60 0 
0 4 325 22 0 
0 24 418 60 0 
1 21 361 37 0 
0 21 397 7 0 
0 38 422 10 0 
0 46 421 21 0 
1 53 238 41 0 
2 14 303 25 0 
0 13 267 23 0 
1 62 256 35 0 
0 27 290 28 7 
0 22 338 7 0 
0 53 243 7 0 
0 29 473 65 0 
0 11 390 20 0 
0 11 392 40 0 
0 0 386 13 0 
7 13 301 7 0 
8 24 233 68 0 
0 49 306 47 0 
1 29 355 57 0 
0 55 203 49 0 
0 51 263 45 0 
0 68 277 0 0 
6 72 360 46 0 
0 2 380 0 0 
0 41 437 17 0 
1 7 304 43 0 
0 84 389 34 0 
0 35 327 33 0 
1 12 499 16 0 
0 11 359 18 0 
2 57 322 24 0 
3 42 374 1 0 
0 16 481 9 0 
3 48 270 61 0 
0 46 531 6 0 
0 12 417 32 0 
0 2 430 16 0 
1 26 393 5 0 
0 34 279 49 0 
1 67 251 113 0 
0 37 225 13 0 
0 30 254 9 0 
0 4 338 37 0 
0 23 424 21 0 
0 69 342 4 0 
0 58 248 77 0 
0 30 300 8 0 
0 29 322 19 0 
0 34 316 14 0 
0 115 440 56 0 
0 37 201 8 0 
0 22 373 4 0 
0 40 395 181 0 
10 19 268 113 0 
0 44 391 90 0 
0 17 242 32 0 
0 107 281 71 11 
0 42 235 54 0 
0 14 322 65 0 
0 11 249 147 0 
0 0 416 67 0 
0 25 388 15 0 
0 12 317 81 0 
0 41 318 18 0 
0 13 445 44 0 
0 74 245 32 1 
3 74 302 41 0 
0 46 241 27 0 
0 22 208 66 0 
0 8 388 4 0 
0 10 301 18 0 
1 21 357 30 0 
0 79 234 57 0 
0 63 364 42 0 
0 12 304 41 0 
2 12 476 3 0 
0 73 397 13 0 
1 49 372 45 0 
9 58 364 22 0 
0 39 355 45 0 
0 19 328 1 0 
0 26 241 27 0 
0 4 305 254 0 
0 34 297 20 0 
0 5 348 18 0 
0 47 240 20 0 
0 32 271 41 0 
1 31 378 11 0 
0 2 459 15 0 
2 168 460 1 0 
0 52 273 45 0 
0 55 440 1 0 
0 21 421 65 0 
1 7 275 3 0 
0 26 391 29 0 
1 15 262 47 0 
0 21 339 23 0 
0 125 259 105 0 
0 78 413 6 0 
1 61 293 37 0 
0 89 285 19 0 
0 36 348 59 0 
0 18 353 49 0 
0 79 301 8 0 
0 20 173 23 0 
1 17 355 23 0 
6 73 339 53 0 
0 96 320 23 0 
1 17 313 35 0 
0 8 423 109 0 
0 7 302 91 0 
1 10 440 37 3 
0 40 270 21 0 
0 16 343 28 0 
0 18 314 31 0 
0 47 284 20 0 
0 86 414 43 0 
0 33 326 25 0 
0 23 220 22 0 
0 29 515 6 0 
2 23 241 29 0 
1 67 477 147 0 
0 38 288 60 0 
0 15 275 55 0 
0 22 358 32 0 
0 4 403 110 0 
0 37 319 9 0 
0 26 354 13 0 
0 19 348 47 0 
0 14 388 84 0 
0 83 255 76 0 
0 58 361 13 0 
0 10 324 33 0 
0 17 266 13 0 
0 11 332 48 0 
0 33 299 30 0 
0 14 245 42 0 
0 47 366 24 0 
0 29 228 31 0 
0 12 336 20 0 
0 22 325 23 0 
0 87 441 4 0 
0 64 387 24 0 
0 30 411 57 0 
1 74 294 79 0 
5 8 297 8 0 
0 3 527 8 0 
1 10 255 11 0 
0 28 372 43 0 
1 84 221 27 0 
1 119 302 4 0 
0 61 180 59 0 
0 3 380 65 0 
0 46 386 19 7 
0 36 438 55 0 
1 22 372 3 0 
0 18 257 72 0 
1 31 222 36 0 
0 47 436 15 0 
0 43 474 13 0 
0 61 306 50 0 
0 55 340 18 0 
0 16 298 28 0 
0 29 349 8 0 
0 20 437 43 0 
0 5 370 56 0 
0 4 392 59 0 
0 48 364 6 0 
1 35 337 26 0 
2 44 324 43 0 
2 28 388 32 0 
0 44 343 3 0 
0 15 323 161 0 
1 52 266 74 0 
0 16 264 38 0 
0 32 279 54 0 
0 12 422 24 0 
0 7 207 75 0 
0 62 311 13 0 
1 13 385 7 0 
1 64 457 58 0 
2 32 243 52 0 
0 30 302 45 0 
3 93 308 41 0 
0 10 283 13 0 
0 25 368 16 0 
0 11 274 83 0 
1 33 269 21 0 
0 34 456 5 0 
0 29 398 19 0 
0 56 306 98 0 
0 62 259 63 0 
0 25 298 44 0 
4 16 404 11 0 
0 44 356 51 0 
0 41 313 1 0 
0 117 266 84 0 
0 9 494 91 0 
1 14 328 23 0 
0 4 312 28 0 
0 5 321 100 0 
0 8 443 14 0 
4 17 256 37 0 
0 30 158 76 0 
4 21 312 43 0 
0 65 299 40 0 
0 17 466 2 0 
0 54 328 19 0 
0 93 436 17 0 
4 52 495 29 0 
0 181 226 21 0 
0 16 332 21 0 
1 21 524 3 0 
0 13 267 16 0 
0 38 346 19 0 
0 4 293 73 0 
1 21 445 7 0 
0 25 226 42 0 
1 42 231 37 0 
0 48 262 16 0 
0 32 277 45 0 
0 152 154 38 0 
0 60 292 57 0 
0 7 340 42 0 
6 15 325 6 0 
0 56 245 172 0 
0 7 356 63 0 
0 49 283 133 0 
0 25 384 48 0 
3 34 307 24 0 
1 68 267 10 0 
0 46 308 21 0 
0 35 326 34 0 
0 36 395 122 0 
1 22 510 21 0 
0 42 220 85 0 
0 50 307 62 0 
0 11 393 36 0 
0 124 271 13 0 
0 36 263 32 0 
0 106 422 90 0 
1 36 230 44 0 
0 7 384 42 0 
0 3 320 20 0 
0 24 356 32 0 
0 18 257 9 0 
2 12 344 80 0 
0 30 262 113 0 
0 134 216 71 0 
0 84 364 6 0 
0 24 290 76 0 
0 36 363 9 0 
0 71 434 14 0 
0 10 313 77 0 
0 24 414 2 0 
0 112 328 43 0 
0 5 317 42 0 
0 52 303 10 0 
0 13 387 1 0 
0 39 290 27 0 
0 45 339 48 0 
1 74 378 12 0 
0 107 296 12 0 
0 9 354 217 0 
0 14 245 23 0 
0 40 259 61 0 
0 41 362 66 0 
5 29 368 56 0 
0 104 380 111 0 
0 77 344 63 0 
0 18 345 13 0 
4 40 328 74 0 
0 73 459 30 0 
1 40 486 16 0 
0 73 377 37 0 
0 0 410 2 0 
0 16 260 85 0 
0 38 441 38 0 
0 51 296 12 0 
0 18 213 22 0 
0 39 310 6 0 
0 15 510 1 0 
0 59 183 14 0 
0 34 333 25 0 
0 19 372 18 0 
2 20 371 41 0 
0 10 386 11 0 
0 14 332 67 0 
0 28 221 61 0 
0 18 417 8 0 
1 17 446 63 0 
0 55 369 60 0 
0 24 347 26 0 
0 89 259 28 0 
0 12 482 5 0 
0 14 283 34 0 
0 129 338 3 0 
0 27 200 27 0 
0 0 302 51 0 
0 4 460 15 0 
0 25 229 83 0 
0 0 442 29 0 
1 67 264 8 0 
0 34 378 0 0 
0 35 316 20 0 
0 30 359 11 0 
0 111 352 67 0 
0 51 290 18 0 
0 20 427 22 0 
2 49 411 64 0 
0 20 366 48 0 
0 12 416 66 0 
0 35 257 3 0 
0 27 332 12 0 
0 38 407 2 0 
0 82 270 78 0 
0 96 280 43 0 
4 10 498 16 0 
0 40 292 51 0 
0 9 222 39 0 
0 52 400 36 0 
0 13 348 2 0 
0 81 311 34 0 
0 70 423 18 0 
6 47 298 28 0 
0 42 293 40 0 
0 30 186 46 0 
0 12 506 55 0 
0 135 307 17 0 
4 67 219 272 0 
0 19 239 78 0 
0 39 354 14 0 
1 53 306 61 0 
0 20 310 21 0 
0 0 324 16 0 
4 230 218 11 0 
0 70 367 78 0 
0 52 250 60 0 
2 22 367 12 0 
0 54 227 47 0 
0 39 436 29 0 
0 39 249 2 0 
0 16 584 11 0 
2 69 344 50 0 
0 95 297 34 0 
0 26 277 20 0 
0 50 397 18 0 
0 44 419 10 0 
0 11 223 24 0 
1 44 368 60 0 
0 41 281 164 0 
0 24 255 34 0 
0 29 252 46 0 
0 5 303 17 0 
0 9 416 29 0 
0 21 464 54 0 
0 7 401 21 0 
0 21 504 0 0 
2 98 289 47 0 
4 63 257 12 0 
0 35 417 35 0 
0 32 377 92 0 
2 58 384 95 0 
0 56 183 11 0 
0 9 449 28 0 
4 76 361 122 0 
0 55 315 3 0 
0 118 334 1 0 
0 43 274 37 0 
0 58 419 31 0 
0 8 329 25 0 
2 25 371 32 0 
0 25 238 31 0 
0 5 363 3 0 
0 20 301 52 0 
3 13 260 13 0 
2 11 398 12 0 
0 14 306 43 0 
1 11 233 53 0 
1 2 292 11 0 
16 75 175 42 0 
3 58 261 30 0 
0 167 246 91 0 
1 32 452 64 0 
8 15 342 7 0 
0 20 380 17 0 
0 39 395 25 0 
1 104 324 36 0 
0 4 351 19 0 
0 12 383 2 0 
0 57 275 2 0 
0 5 522 37 0 
0 32 248 58 0 
0 93 363 2 0 
2 57 203 15 0 
0 6 262 45 0 
8 30 371 34 0 
1 27 296 24 0 
0 44 371 13 0 
0 22 364 57 0 
0 28 380 5 0 
0 61 353 88 0 
0 19 364 37 0 
0 20 101 61 0 
1 4 353 1 0 
0 62 307 15 0 
2 39 217 85 0 
0 20 400 1 0 
0 4 364 66 0 
5 70 372 32 0 
1 40 256 29 0 
0 22 347 84 0 
0 31 298 35 0 
0 25 389 75 0 
0 44 362 24 0 
0 9 273 71 0 
1 28 251 39 0 
0 56 330 13 0 
0 16 211 64 0 
0 86 317 85 0 
