0 502 0 0 0 
0 622 0 0 0 
0 658 2 0 0 
0 685 0 0 0 
0 624 0 0 0 
0 642 0 0 0 
0 655 0 0 0 
4 536 0 0 0 
0 616 0 0 0 
0 616 0 0 0 
0 574 0 0 0 
0 642 0 0 0 
0 564 0 0 0 
0 635 0 0 0 
0 599 6 0 0 
0 660 0 0 0 
0 602 0 0 0 
0 654 2 0 0 
1 617 1 0 0 
0 657 0 0 0 
0 693 0 0 0 
2 605 0 0 0 
1 593 0 0 0 
0 628 0 0 0 
0 538 3 0 0 
0 589 0 0 0 
0 689 0 0 0 
10 641 0 0 0 
0 559 4 0 0 
0 644 0 0 0 
0 637 4 0 0 
6 569 0 0 0 
0 656 7 0 0 
0 632 0 0 0 
3 575 0 0 0 
1 612 0 0 0 
14 648 0 0 0 
0 681 0 0 0 
41 592 0 0 0 
0 619 0 0 0 
0 640 0 0 0 
0 661 39 0 0 
0 647 0 0 0 
14 649 8 0 0 
0 570 0 0 0 
0 667 1 0 0 
0 645 4 0 0 
0 642 0 0 0 
1 654 0 0 0 
0 656 0 0 0 
27 590 0 0 0 
3 635 0 0 0 
2 604 22 0 0 
0 645 0 0 0 
1 665 0 0 0 
1 640 0 0 0 
0 635 0 0 0 
0 598 0 0 0 
0 597 0 0 0 
0 664 4 0 0 
0 554 0 0 0 
0 574 0 0 0 
0 584 0 0 0 
0 615 0 0 0 
0 622 0 0 0 
0 693 0 0 0 
0 676 10 0 0 
1 665 0 0 0 
25 597 2 0 0 
0 648 0 0 0 
0 656 4 0 0 
1 613 0 0 0 
0 683 0 0 0 
0 577 1 0 0 
0 579 0 0 0 
0 645 0 0 0 
0 648 0 0 0 
0 525 0 0 0 
0 640 0 0 0 
0 662 0 0 0 
0 630 0 0 0 
0 619 1 0 0 
0 650 0 0 0 
0 614 0 0 0 
0 660 0 0 0 
0 562 8 0 0 
0 632 0 0 0 
0 608 2 0 0 
0 659 0 0 0 
9 633 0 0 0 
5 602 0 0 0 
25 629 0 0 0 
0 630 0 0 0 
1 643 3 0 0 
0 599 0 0 0 
0 606 0 0 0 
0 627 12 0 0 
9 612 0 0 0 
0 625 0 0 0 
0 632 0 0 0 
0 600 0 0 0 
7 620 1 0 0 
0 640 1 0 0 
0 583 0 0 0 
11 620 1 0 0 
0 679 1 0 0 
3 617 0 0 0 
3 597 0 0 0 
0 654 0 0 0 
0 604 5 0 0 
2 630 0 0 0 
12 633 1 0 0 
0 645 6 0 0 
19 661 5 0 0 
0 649 0 0 0 
0 648 5 0 0 
18 609 2 0 0 
0 598 0 0 0 
0 598 0 0 0 
0 590 0 0 0 
0 693 0 0 0 
0 656 1 0 0 
0 603 0 0 0 
0 672 0 0 0 
0 595 0 0 0 
0 651 2 0 0 
2 686 0 0 0 
2 627 2 0 0 
0 618 0 0 0 
14 670 0 0 0 
0 668 0 0 0 
6 611 1 0 0 
3 601 0 0 0 
0 649 0 0 0 
0 621 1 0 0 
0 632 10 0 0 
0 625 0 0 0 
0 616 0 0 0 
0 679 1 0 0 
0 595 0 0 0 
0 684 0 0 0 
1 584 0 0 0 
0 625 0 0 0 
0 580 0 0 0 
3 637 0 0 0 
0 673 2 0 0 
0 631 1 0 0 
0 584 0 0 0 
0 591 0 0 0 
1 600 0 0 0 
2 542 2 0 0 
0 612 0 0 0 
0 560 0 0 0 
0 618 0 0 0 
3 604 0 0 0 
0 608 5 0 0 
1 621 0 0 0 
0 674 12 0 0 
0 654 0 0 0 
0 606 2 0 0 
0 623 0 0 0 
0 582 0 0 0 
1 606 0 0 0 
0 580 8 0 0 
0 635 1 0 0 
0 701 0 0 0 
2 599 0 0 0 
0 668 0 0 0 
0 627 0 0 0 
5 611 0 0 0 
0 624 0 0 0 
0 576 0 0 0 
0 612 0 0 0 
0 606 0 0 0 
20 600 5 0 0 
0 676 0 0 0 
0 677 0 0 0 
0 654 0 0 0 
0 647 0 0 0 
0 598 2 0 0 
12 678 1 0 0 
0 708 0 0 0 
0 560 0 0 0 
1 610 0 0 0 
0 629 0 0 0 
0 666 0 0 0 
0 637 0 0 0 
0 654 3 0 0 
0 692 9 0 0 
0 579 0 0 0 
0 609 0 0 0 
0 666 0 0 0 
3 615 0 0 0 
2 574 0 0 0 
0 624 6 0 0 
0 601 6 0 0 
0 624 0 0 0 
0 600 0 0 0 
2 635 0 0 0 
0 598 0 0 0 
9 657 2 0 0 
0 651 0 0 0 
10 608 0 0 0 
0 657 0 0 0 
0 591 0 0 0 
0 624 0 0 0 
0 564 0 0 0 
0 615 0 0 0 
0 632 0 0 0 
0 631 0 0 0 
6 652 0 0 0 
0 572 1 0 0 
0 656 0 0 0 
1 600 3 0 0 
9 645 0 0 0 
2 599 9 0 0 
0 696 0 0 0 
0 630 0 0 0 
2 660 0 0 0 
0 662 0 0 0 
0 637 0 0 0 
1 576 35 0 0 
0 585 0 0 0 
2 653 0 0 0 
0 669 18 0 0 
0 613 0 0 0 
6 637 0 0 0 
1 572 0 0 0 
6 615 0 0 0 
1 674 0 0 0 
0 637 0 0 0 
0 668 2 0 0 
0 656 0 0 0 
45 609 0 0 0 
0 571 0 0 0 
0 606 0 0 0 
1 660 2 0 0 
0 635 0 0 0 
1 585 0 0 0 
0 625 0 0 0 
3 628 8 0 0 
0 606 0 0 0 
0 655 0 0 0 
1 622 0 0 0 
8 574 0 0 0 
0 624 0 0 0 
2 565 0 0 0 
1 651 0 0 0 
0 567 6 0 0 
0 667 0 0 0 
0 565 0 0 0 
0 625 0 0 0 
0 615 0 0 0 
20 661 0 0 0 
0 608 0 0 0 
0 729 0 0 0 
0 680 1 0 0 
0 639 1 0 0 
0 627 0 0 0 
0 590 0 0 0 
0 614 3 0 0 
0 636 3 0 0 
0 645 6 0 0 
0 688 0 0 0 
0 662 0 0 0 
0 623 0 0 0 
6 557 0 0 0 
3 627 1 0 0 
3 628 12 0 0 
0 635 0 0 0 
0 591 0 0 0 
3 620 0 0 0 
0 675 0 0 0 
0 678 0 0 0 
1 641 0 0 0 
0 700 0 0 0 
0 660 0 0 0 
0 618 10 0 0 
0 653 0 0 0 
1 568 0 0 0 
0 703 0 0 0 
0 627 0 0 0 
0 567 1 0 0 
0 633 0 0 0 
0 589 0 0 0 
0 679 0 0 0 
0 615 0 0 0 
0 639 0 0 0 
0 625 0 0 0 
0 700 0 0 0 
0 636 0 0 0 
0 638 0 0 0 
0 580 1 0 0 
10 633 13 0 0 
6 577 1 0 0 
21 607 0 0 0 
0 685 0 0 0 
0 688 0 0 0 
10 640 0 0 0 
0 651 0 0 0 
0 625 0 0 0 
0 636 0 0 0 
0 662 0 0 0 
0 645 0 0 0 
0 704 0 0 0 
0 526 3 0 0 
12 600 14 0 0 
0 656 1 0 0 
0 637 0 0 0 
9 655 1 0 0 
9 647 0 0 0 
1 613 0 0 0 
0 655 0 0 0 
0 611 0 0 0 
0 549 0 0 0 
0 653 0 0 0 
0 610 0 0 0 
0 600 0 0 0 
0 629 0 0 0 
5 611 0 0 0 
0 630 0 0 0 
0 684 4 0 0 
34 634 0 0 0 
0 626 0 0 0 
1 626 0 0 0 
1 606 2 0 0 
0 622 0 0 0 
0 665 1 0 0 
0 594 0 0 0 
2 639 0 0 0 
0 676 0 0 0 
0 599 0 0 0 
0 627 0 0 0 
0 595 13 0 0 
0 707 0 0 0 
1 682 0 0 0 
0 616 0 0 0 
0 650 0 0 0 
0 659 0 0 0 
0 603 0 0 0 
6 587 0 0 0 
1 614 0 0 0 
0 697 0 0 0 
0 584 8 0 0 
0 618 0 0 0 
0 649 0 0 0 
1 592 4 0 0 
12 570 0 0 0 
0 617 0 0 0 
0 662 1 0 0 
1 608 0 0 0 
0 672 0 0 0 
0 620 2 0 0 
3 609 1 0 0 
2 704 0 0 0 
0 677 1 0 0 
0 646 0 0 0 
0 581 1 0 0 
1 579 0 0 0 
2 600 0 0 0 
0 661 2 0 0 
0 629 4 0 0 
0 664 0 0 0 
4 685 0 0 0 
3 633 16 0 0 
0 654 11 0 0 
4 657 0 0 0 
8 669 0 0 0 
0 665 0 0 0 
16 669 0 0 0 
0 681 1 0 0 
6 673 0 0 0 
0 616 0 0 0 
13 624 2 0 0 
6 636 0 0 0 
0 675 0 0 0 
3 637 0 0 0 
0 665 7 0 0 
0 646 0 0 0 
0 663 0 0 0 
6 620 0 0 0 
0 682 0 0 0 
0 569 0 0 0 
0 614 6 0 0 
0 618 0 0 0 
0 658 0 0 0 
0 641 1 0 0 
0 629 0 0 0 
0 554 0 0 0 
0 646 0 0 0 
0 651 0 0 0 
0 635 0 0 0 
3 593 0 0 0 
0 598 4 0 0 
0 596 0 0 0 
0 628 0 0 0 
5 523 0 0 0 
0 579 0 0 0 
0 627 0 0 0 
1 622 0 0 0 
1 608 0 0 0 
2 596 0 0 0 
0 662 1 0 0 
0 535 0 0 0 
0 644 1 0 0 
0 624 0 0 0 
0 658 0 0 0 
0 664 0 0 0 
1 624 1 0 0 
0 573 36 0 0 
0 558 4 0 0 
0 662 0 0 0 
17 620 0 0 0 
0 590 1 0 0 
0 634 1 0 0 
0 686 10 0 0 
0 641 0 0 0 
0 656 0 0 0 
0 599 0 0 0 
0 606 0 0 0 
0 619 0 0 0 
1 632 0 0 0 
0 591 0 0 0 
0 589 0 0 0 
3 637 0 0 0 
5 667 0 0 0 
9 591 0 0 0 
1 674 0 0 0 
0 629 0 0 0 
0 625 7 0 0 
0 569 0 0 0 
0 640 0 0 0 
2 632 0 0 0 
0 656 0 0 0 
0 701 0 0 0 
0 622 5 0 0 
0 550 0 0 0 
0 641 12 0 0 
0 584 0 0 0 
0 654 1 0 0 
2 665 0 0 0 
0 635 0 0 0 
0 620 0 0 0 
0 659 7 0 0 
5 534 0 0 0 
0 674 0 0 0 
0 535 6 0 0 
0 587 0 0 0 
6 575 0 0 0 
2 657 0 0 0 
0 610 2 0 0 
0 651 0 0 0 
0 711 1 0 0 
0 579 0 0 0 
0 514 0 0 0 
8 660 0 0 0 
0 610 0 0 0 
0 588 0 0 0 
0 675 4 0 0 
0 568 0 0 0 
0 663 0 0 0 
0 644 0 0 0 
15 638 0 0 0 
4 620 0 0 0 
6 621 2 0 0 
1 650 12 0 0 
0 666 0 0 0 
0 659 0 0 0 
0 586 0 0 0 
0 629 0 0 0 
0 640 0 0 0 
0 605 0 0 0 
0 672 0 0 0 
0 642 0 0 0 
6 608 0 0 0 
0 654 0 0 0 
26 618 0 0 0 
0 591 0 0 0 
0 686 0 0 0 
0 571 0 0 0 
0 632 7 0 0 
3 625 0 0 0 
1 612 1 0 0 
0 641 0 0 0 
0 616 1 0 0 
14 577 0 0 0 
0 650 0 0 0 
0 631 0 0 0 
0 676 1 0 0 
12 595 0 0 0 
0 622 3 0 0 
0 610 6 0 0 
0 607 10 0 0 
0 650 3 0 0 
1 690 0 0 0 
1 635 0 0 0 
0 566 1 0 0 
6 579 1 0 0 
1 654 0 0 0 
1 650 2 0 0 
0 640 0 0 0 
12 649 0 0 0 
0 671 0 0 0 
0 643 0 0 0 
0 621 0 0 0 
0 678 0 0 0 
0 579 0 0 0 
0 616 0 0 0 
0 615 0 0 0 
5 631 0 0 0 
0 644 0 0 0 
0 662 3 0 0 
3 592 0 0 0 
0 693 0 0 0 
0 663 4 0 0 
0 579 0 0 0 
0 587 0 0 0 
0 561 0 0 0 
0 636 1 0 0 
0 589 0 0 0 
0 613 0 0 0 
10 547 0 0 0 
0 626 0 0 0 
0 634 0 0 0 
0 619 0 0 0 
0 614 1 0 0 
1 667 1 0 0 
0 616 0 0 0 
0 586 0 0 0 
0 670 0 0 0 
0 639 1 0 0 
0 582 0 0 0 
4 663 6 0 0 
1 610 0 0 0 
9 638 0 0 0 
18 568 0 0 0 
0 657 4 0 0 
5 623 0 0 0 
0 598 0 0 0 
4 665 1 0 0 
2 680 11 0 0 
0 649 0 0 0 
0 541 0 0 0 
0 625 4 0 0 
4 675 1 0 0 
6 632 1 0 0 
0 586 0 0 0 
1 602 3 0 0 
1 626 0 0 0 
7 615 0 0 0 
14 651 4 0 0 
14 677 0 0 0 
0 578 0 0 0 
0 684 0 0 0 
2 597 0 0 0 
21 547 0 0 0 
1 571 5 0 0 
0 597 0 0 0 
0 669 0 0 0 
0 615 6 0 0 
12 553 0 0 0 
29 605 0 0 0 
2 589 0 0 0 
0 667 9 0 0 
3 654 0 0 0 
0 655 0 0 0 
0 617 11 0 0 
0 671 0 0 0 
0 582 0 0 0 
0 664 0 0 0 
0 587 0 0 0 
30 642 1 0 0 
0 697 0 0 0 
0 652 0 0 0 
0 656 0 0 0 
0 601 17 0 0 
4 662 1 0 0 
1 575 0 0 0 
2 590 0 0 0 
0 585 5 0 0 
0 645 0 0 0 
0 620 0 0 0 
0 555 0 0 0 
16 675 0 0 0 
0 615 0 0 0 
1 555 1 0 0 
4 663 0 0 0 
0 652 0 0 0 
0 616 0 0 0 
0 632 0 0 0 
0 637 0 0 0 
4 535 0 0 0 
0 578 0 0 0 
0 666 0 0 0 
3 582 0 0 0 
0 651 0 0 0 
0 702 0 0 0 
2 584 0 0 0 
13 607 0 0 0 
0 568 0 0 0 
0 653 4 0 0 
0 605 0 0 0 
0 648 0 0 0 
0 628 0 0 0 
0 635 0 0 0 
10 638 1 0 0 
5 603 0 0 0 
2 624 0 0 0 
1 655 0 0 0 
0 620 3 0 0 
8 652 0 0 0 
0 654 8 0 0 
0 583 0 0 0 
0 698 0 0 0 
0 630 8 0 0 
0 575 1 0 0 
0 650 0 0 0 
0 601 0 0 0 
0 657 0 0 0 
0 637 2 0 0 
3 631 0 0 0 
0 724 0 0 0 
0 652 0 0 0 
0 658 0 0 0 
1 604 0 0 0 
0 643 3 0 0 
0 626 0 0 0 
0 589 3 0 0 
0 634 0 0 0 
11 602 0 0 0 
0 663 14 0 0 
0 689 3 0 0 
0 642 0 0 0 
0 608 0 0 0 
6 679 0 0 0 
0 625 6 0 0 
7 638 0 0 0 
0 669 0 0 0 
0 658 2 0 0 
0 661 0 0 0 
1 644 0 0 0 
0 645 0 0 0 
0 588 0 0 0 
0 660 4 0 0 
5 645 2 0 0 
12 612 0 0 0 
0 638 4 0 0 
18 646 0 0 0 
0 666 0 0 0 
4 644 2 0 0 
13 585 0 0 0 
0 640 0 0 0 
0 625 4 0 0 
0 659 0 0 0 
1 619 0 0 0 
0 640 0 0 0 
9 620 0 0 0 
0 587 2 0 0 
0 645 0 0 0 
0 601 4 0 0 
0 669 0 0 0 
0 604 0 0 0 
0 652 0 0 0 
0 599 3 0 0 
0 593 6 0 0 
0 614 0 0 0 
0 649 0 0 0 
0 672 0 0 0 
2 571 0 0 0 
1 674 0 0 0 
0 605 0 0 0 
19 554 0 0 0 
0 650 2 0 0 
0 633 0 0 0 
0 676 0 0 0 
0 619 2 0 0 
14 612 0 0 0 
0 662 0 0 0 
1 661 3 0 0 
0 616 0 0 0 
1 658 3 0 0 
2 650 3 0 0 
0 647 0 0 0 
0 643 10 0 0 
5 708 3 0 0 
0 639 0 0 0 
4 600 7 0 0 
0 632 3 0 0 
0 579 0 0 0 
19 644 5 0 0 
0 558 7 0 0 
0 610 0 0 0 
1 634 0 0 0 
0 610 2 0 0 
0 567 0 0 0 
0 670 0 0 0 
8 607 0 0 0 
0 652 0 0 0 
0 674 1 0 0 
0 628 0 0 0 
0 675 0 0 0 
0 664 0 0 0 
0 667 8 0 0 
23 597 0 0 0 
0 630 1 0 0 
0 582 12 0 0 
0 618 3 0 0 
0 656 0 0 0 
0 617 0 0 0 
0 679 0 0 0 
1 630 4 0 0 
0 616 0 0 0 
0 693 7 0 0 
0 674 0 0 0 
0 567 7 0 0 
0 630 1 0 0 
0 599 0 0 0 
0 596 0 0 0 
0 611 0 0 0 
20 636 11 0 0 
0 632 3 0 0 
0 613 0 0 0 
0 673 0 0 0 
0 620 0 0 0 
0 676 0 0 0 
4 626 0 0 0 
2 583 2 0 0 
3 600 2 0 0 
0 651 0 0 0 
0 574 2 0 0 
0 614 0 0 0 
0 633 15 0 0 
2 583 8 0 0 
3 550 0 0 0 
0 683 0 0 0 
0 617 0 0 0 
1 609 1 0 0 
2 678 0 0 0 
0 618 0 0 0 
4 541 21 0 0 
0 640 0 0 0 
2 663 5 0 0 
0 519 0 0 0 
0 667 0 0 0 
0 694 0 0 0 
0 615 10 0 0 
0 643 0 0 0 
0 636 0 0 0 
0 560 2 0 0 
1 626 0 0 0 
0 615 4 0 0 
0 677 0 0 0 
0 673 1 0 0 
1 645 0 0 0 
0 563 0 0 0 
0 631 0 0 0 
2 663 9 0 0 
0 593 0 0 0 
0 664 5 0 0 
0 641 0 0 0 
7 649 0 0 0 
3 624 0 0 0 
2 625 0 0 0 
0 630 0 0 0 
0 641 0 0 0 
0 710 1 0 0 
15 618 0 0 0 
0 605 1 0 0 
5 596 0 0 0 
0 637 0 0 0 
0 667 1 0 0 
0 631 0 0 0 
0 580 11 0 0 
5 588 42 0 0 
0 634 3 0 0 
0 678 3 0 0 
1 622 0 0 0 
9 651 0 0 0 
8 711 0 0 0 
0 647 19 0 0 
0 626 0 0 0 
0 597 11 0 0 
0 669 0 0 0 
3 600 1 0 0 
0 664 0 0 0 
0 599 0 0 0 
0 596 0 0 0 
0 640 0 0 0 
1 646 0 0 0 
7 678 2 0 0 
0 598 1 0 0 
0 592 8 0 0 
2 643 0 0 0 
0 659 0 0 0 
0 690 0 0 0 
16 667 0 0 0 
3 601 1 0 0 
0 656 6 0 0 
0 591 0 0 0 
0 625 0 0 0 
0 617 0 0 0 
1 680 0 0 0 
0 611 0 0 0 
10 627 0 0 0 
0 662 0 0 0 
0 625 0 0 0 
0 660 0 0 0 
0 685 2 0 0 
0 724 0 0 0 
5 645 0 0 0 
0 592 0 0 0 
0 550 0 0 0 
0 617 0 0 0 
4 638 0 0 0 
0 610 0 0 0 
0 644 12 0 0 
0 606 0 0 0 
0 673 0 0 0 
0 603 0 0 0 
0 638 0 0 0 
0 651 0 0 0 
0 651 1 0 0 
0 606 0 0 0 
1 603 1 0 0 
0 592 7 0 0 
0 673 3 0 0 
0 641 0 0 0 
0 647 3 0 0 
13 630 0 0 0 
0 677 0 0 0 
0 623 0 0 0 
1 667 0 0 0 
0 665 0 0 0 
3 643 0 0 0 
0 647 0 0 0 
0 560 0 0 0 
8 637 0 0 0 
0 629 0 0 0 
0 636 0 0 0 
0 685 0 0 0 
0 628 1 0 0 
6 601 11 0 0 
2 616 0 0 0 
1 667 0 0 0 
0 653 6 0 0 
0 593 0 0 0 
2 540 0 0 0 
2 597 0 0 0 
0 677 0 0 0 
0 617 0 0 0 
0 695 1 0 0 
4 616 2 0 0 
3 675 0 0 0 
0 665 0 0 0 
8 648 0 0 0 
2 676 5 0 0 
5 655 0 0 0 
0 633 0 0 0 
0 642 0 0 0 
0 665 0 0 0 
0 530 26 0 0 
1 660 0 0 0 
0 606 5 0 0 
0 614 4 0 0 
5 634 0 0 0 
0 649 0 0 0 
3 591 0 0 0 
0 719 0 0 0 
0 611 2 0 0 
0 677 0 0 0 
2 627 0 0 0 
0 607 0 0 0 
6 616 0 0 0 
0 638 0 0 0 
0 629 9 0 0 
0 645 3 0 0 
2 559 0 0 0 
0 620 0 0 0 
5 651 0 0 0 
1 636 0 0 0 
0 510 16 0 0 
0 642 1 0 0 
16 614 0 0 0 
0 644 0 0 0 
0 698 3 0 0 
0 593 0 0 0 
0 641 0 0 0 
0 613 0 0 0 
4 586 0 0 0 
0 644 0 0 0 
0 652 0 0 0 
0 653 18 0 0 
0 664 0 0 0 
1 592 0 0 0 
0 668 0 0 0 
8 502 9 0 0 
6 622 0 0 0 
0 582 0 0 0 
1 635 0 0 0 
4 583 14 0 0 
0 583 0 0 0 
1 660 0 0 0 
0 649 10 0 0 
8 631 2 0 0 
0 629 0 0 0 
0 674 0 0 0 
0 655 0 0 0 
0 613 0 0 0 
0 649 0 0 0 
0 651 5 0 0 
1 628 0 0 0 
0 579 0 0 0 
0 596 0 0 0 
0 704 0 0 0 
1 629 0 0 0 
5 659 0 0 0 
0 623 0 0 0 
0 596 0 0 0 
0 632 11 0 0 
0 684 0 0 0 
0 722 5 0 0 
0 673 0 0 0 
1 674 0 0 0 
0 641 4 0 0 
0 668 0 0 0 
1 679 2 0 0 
0 651 0 0 0 
0 632 0 0 0 
0 623 8 0 0 
0 612 2 0 0 
14 561 5 0 0 
0 642 0 0 0 
0 624 12 0 0 
0 599 0 0 0 
0 626 1 0 0 
60 579 0 0 0 
0 601 7 0 0 
0 639 0 0 0 
1 676 0 0 0 
0 610 0 0 0 
4 634 0 0 0 
0 602 0 0 0 
0 691 0 0 0 
0 689 7 0 0 
0 642 0 0 0 
4 642 0 0 0 
0 609 0 0 0 
0 589 0 0 0 
0 678 0 0 0 
0 655 0 0 0 
28 624 12 0 0 
0 580 0 0 0 
0 620 0 0 0 
0 628 0 0 0 
0 619 0 0 0 
0 643 8 0 0 
0 602 0 0 0 
0 651 0 0 0 
0 598 0 0 0 
0 553 0 0 0 
0 600 0 0 0 
0 641 2 0 0 
0 600 0 0 0 
5 563 11 0 0 
0 635 0 0 0 
0 605 9 0 0 
3 609 0 0 0 
6 662 0 0 0 
0 724 0 0 0 
0 595 12 0 0 
0 602 2 0 0 
0 619 0 0 0 
0 648 0 0 0 
0 668 7 0 0 
0 632 0 0 0 
7 673 2 0 0 
0 584 10 0 0 
0 600 0 0 0 
0 609 0 0 0 
3 620 0 0 0 
0 611 3 0 0 
0 644 0 0 0 
10 560 4 0 0 
10 594 0 0 0 
0 626 0 0 0 
0 657 0 0 0 
0 567 9 0 0 
0 637 10 0 0 
6 621 0 0 0 
0 603 7 0 0 
0 556 2 0 0 
0 698 0 0 0 
0 695 8 0 0 
0 581 1 0 0 
0 671 0 0 0 
0 683 0 0 0 
0 649 2 0 0 
0 638 0 0 0 
0 675 10 0 0 
0 633 0 0 0 
