0 98 63 
0 107 36 
0 91 33 
0 155 13 
0 116 55 
0 86 39 
0 171 55 
0 80 92 
0 82 16 
0 135 46 
0 95 19 
0 110 16 
0 152 2 
0 119 27 
0 80 14 
0 114 47 
0 188 23 
0 121 35 
0 94 43 
0 170 32 
0 108 88 
0 132 51 
0 151 26 
0 102 5 
0 110 38 
0 120 85 
0 73 34 
0 81 15 
0 121 31 
0 96 43 
0 172 7 
0 76 17 
0 95 31 
0 155 57 
0 109 45 
0 190 21 
0 132 42 
0 138 27 
0 80 58 
0 63 50 
0 97 62 
0 158 40 
0 108 36 
0 94 6 
0 142 30 
0 138 25 
0 96 6 
0 118 67 
0 121 68 
0 116 31 
0 128 28 
0 87 30 
0 105 57 
0 85 16 
0 117 67 
0 108 58 
0 93 12 
0 119 31 
0 114 116 
0 90 70 
0 101 6 
0 138 9 
0 135 51 
0 103 2 
0 121 58 
0 106 36 
0 142 46 
0 117 46 
0 138 46 
0 111 63 
0 114 42 
0 117 56 
0 141 53 
0 113 53 
0 136 60 
0 130 45 
0 113 52 
0 93 30 
0 144 97 
0 134 65 
0 91 53 
0 106 44 
0 83 51 
0 118 31 
0 96 45 
0 115 16 
0 129 43 
0 121 35 
0 78 68 
0 90 23 
0 59 126 
0 119 41 
0 130 15 
0 142 89 
0 124 8 
0 137 46 
0 107 35 
0 126 60 
0 124 33 
0 99 61 
0 114 23 
0 98 30 
0 74 50 
0 80 26 
0 130 1 
0 85 32 
0 81 2 
0 111 32 
0 126 48 
0 101 43 
0 140 40 
0 108 16 
0 146 69 
0 128 20 
0 153 49 
0 120 79 
0 129 20 
0 91 32 
0 93 73 
0 183 78 
0 115 72 
0 132 83 
0 116 18 
0 134 128 
0 131 32 
0 93 19 
0 92 61 
0 97 27 
0 93 65 
0 104 28 
0 104 11 
0 98 50 
0 124 96 
0 127 102 
0 94 38 
0 122 79 
0 129 20 
0 84 64 
0 116 31 
0 162 17 
0 103 50 
0 104 39 
0 112 18 
0 108 43 
0 76 12 
0 106 70 
0 110 25 
0 119 24 
0 105 27 
0 136 19 
0 138 22 
0 61 15 
0 112 44 
0 142 46 
0 154 41 
0 110 26 
0 137 24 
0 83 91 
0 116 40 
0 99 57 
0 73 31 
0 96 42 
0 137 28 
0 108 25 
0 158 43 
0 137 32 
0 192 47 
0 174 20 
0 139 29 
0 136 19 
0 89 29 
0 56 60 
0 195 46 
0 157 3 
0 133 64 
0 132 20 
0 126 28 
0 126 29 
0 122 24 
0 155 44 
0 113 28 
0 139 31 
0 140 18 
0 101 45 
0 127 23 
0 143 8 
0 102 63 
0 117 25 
0 135 4 
0 115 46 
0 179 51 
0 125 61 
0 153 71 
0 73 60 
0 77 26 
0 113 11 
0 112 19 
0 153 39 
0 131 24 
0 82 27 
0 84 33 
0 127 112 
0 103 20 
0 77 29 
0 118 39 
0 96 58 
0 128 15 
0 163 42 
0 135 71 
0 128 57 
0 146 29 
0 83 20 
0 130 34 
0 107 31 
0 106 27 
0 93 3 
0 109 23 
0 73 6 
0 133 13 
0 126 7 
0 148 25 
0 133 7 
0 99 30 
0 83 26 
0 80 68 
0 119 88 
0 83 15 
0 168 69 
0 135 31 
0 102 11 
0 91 81 
0 203 25 
0 92 60 
0 86 57 
0 183 75 
0 123 15 
0 98 55 
0 78 35 
0 144 82 
0 172 93 
0 111 26 
0 75 7 
0 106 18 
0 105 53 
0 87 15 
0 132 99 
0 119 64 
0 106 25 
0 116 36 
0 82 37 
0 128 31 
0 139 43 
0 146 1 
0 118 74 
0 99 13 
0 77 6 
0 103 53 
0 95 86 
0 100 36 
0 97 18 
0 123 56 
0 90 35 
0 103 23 
0 81 13 
0 120 117 
0 132 31 
0 150 19 
0 118 55 
0 107 7 
0 121 43 
0 104 12 
0 107 63 
0 133 12 
0 172 31 
0 73 40 
0 74 57 
0 143 34 
0 79 18 
0 71 33 
0 133 29 
0 116 10 
0 174 6 
0 68 46 
0 151 41 
0 138 28 
0 158 4 
0 126 70 
0 115 32 
0 154 21 
0 89 60 
0 103 44 
0 135 41 
0 92 95 
0 91 25 
0 157 16 
0 87 23 
0 103 35 
0 161 30 
0 111 17 
0 134 37 
0 132 70 
0 136 67 
0 116 69 
0 111 25 
0 83 92 
0 97 26 
0 112 29 
0 81 22 
0 136 26 
0 106 35 
0 113 56 
0 76 94 
0 129 39 
0 57 37 
0 135 30 
0 137 50 
0 140 25 
0 103 22 
0 126 46 
0 129 34 
0 80 62 
0 127 30 
0 156 64 
0 93 15 
0 123 31 
0 95 78 
0 137 48 
0 68 14 
0 142 13 
0 132 50 
0 132 41 
0 125 82 
0 138 22 
0 85 32 
0 68 25 
0 100 24 
0 100 59 
0 137 23 
0 101 41 
0 82 11 
0 98 50 
0 111 27 
0 109 40 
0 159 10 
0 116 87 
0 127 26 
0 129 24 
0 139 74 
0 70 33 
0 162 49 
0 132 73 
0 92 42 
0 102 27 
0 84 93 
0 140 24 
0 163 86 
0 115 47 
0 120 40 
0 137 40 
0 132 34 
0 111 23 
0 130 13 
0 141 4 
0 128 68 
0 112 28 
0 85 41 
0 158 52 
0 120 73 
0 133 90 
0 74 36 
0 73 39 
0 139 88 
0 158 27 
0 100 30 
0 164 17 
0 94 42 
0 178 44 
0 147 25 
0 117 53 
0 92 26 
0 142 90 
0 103 50 
0 82 25 
0 99 11 
0 109 42 
0 69 40 
0 115 42 
0 121 9 
0 133 39 
0 142 76 
0 116 16 
0 81 18 
0 83 50 
0 127 64 
0 172 12 
0 84 27 
0 106 30 
0 80 33 
0 113 63 
0 171 40 
0 95 47 
0 140 20 
0 114 65 
0 140 76 
0 69 9 
0 178 41 
0 82 49 
0 87 18 
0 164 77 
0 147 15 
0 109 56 
0 128 32 
0 96 34 
0 92 39 
0 111 75 
0 114 44 
0 114 55 
0 143 20 
0 53 30 
0 100 47 
0 81 15 
0 112 23 
0 119 34 
0 99 35 
0 146 51 
0 99 31 
0 131 34 
0 95 25 
0 86 123 
0 88 17 
0 167 11 
0 78 27 
0 97 54 
0 68 117 
0 157 43 
0 100 152 
0 124 36 
0 128 47 
0 93 24 
0 112 41 
0 110 13 
0 150 31 
0 133 69 
0 166 24 
0 124 51 
0 116 37 
0 130 9 
0 77 25 
0 90 17 
0 130 34 
0 91 51 
0 99 32 
0 78 50 
0 144 36 
0 107 34 
0 153 43 
0 134 88 
0 84 26 
0 94 16 
0 142 27 
0 87 60 
0 140 81 
0 109 46 
0 121 45 
0 127 29 
0 100 16 
0 96 36 
0 94 5 
0 107 31 
0 142 23 
0 141 29 
0 141 85 
0 132 85 
0 121 9 
0 129 33 
0 45 48 
0 91 54 
0 137 83 
0 132 43 
0 76 24 
0 119 52 
0 93 19 
0 145 41 
0 119 9 
0 170 28 
0 146 52 
0 93 21 
0 81 42 
0 90 16 
0 96 33 
0 91 18 
0 95 40 
0 117 18 
0 94 62 
0 156 22 
0 109 20 
0 118 7 
0 94 24 
0 91 40 
0 107 60 
0 105 21 
0 112 28 
0 78 39 
0 110 16 
0 128 19 
0 71 8 
0 103 52 
0 102 43 
0 107 38 
0 135 86 
0 121 27 
0 128 49 
0 152 63 
0 137 94 
0 120 44 
0 110 65 
0 116 21 
0 122 27 
0 107 27 
0 88 5 
0 185 75 
0 129 23 
0 130 26 
0 97 38 
0 109 44 
0 134 18 
0 92 25 
0 118 86 
0 117 22 
0 68 22 
0 117 8 
0 134 35 
0 115 21 
0 88 43 
0 158 80 
0 109 35 
0 104 29 
0 119 50 
0 125 10 
0 117 83 
0 74 33 
0 97 81 
0 120 21 
0 118 78 
0 69 37 
0 143 91 
0 144 50 
0 60 67 
0 119 21 
0 107 9 
0 68 17 
0 84 54 
0 135 55 
0 135 82 
0 62 5 
0 110 23 
0 103 9 
0 69 74 
0 139 12 
0 131 27 
0 119 46 
0 140 16 
0 97 40 
0 144 16 
0 125 31 
0 131 77 
0 133 66 
0 46 38 
0 100 25 
0 109 31 
0 145 18 
0 96 19 
0 111 19 
0 44 11 
0 86 14 
0 127 31 
0 97 18 
0 84 48 
0 129 64 
0 119 9 
0 101 44 
0 77 17 
0 76 59 
0 126 25 
0 152 59 
0 95 12 
0 60 38 
0 176 19 
0 160 44 
0 92 25 
0 106 19 
0 162 57 
0 150 31 
0 129 28 
0 110 43 
0 67 14 
0 116 49 
0 131 45 
0 84 36 
0 124 11 
0 97 82 
0 106 26 
0 127 70 
0 132 20 
0 110 41 
0 118 29 
0 120 108 
0 119 57 
0 120 9 
0 83 105 
0 55 56 
0 97 10 
0 150 25 
0 83 66 
0 114 26 
0 110 42 
0 133 30 
0 89 82 
0 137 33 
0 83 21 
0 161 100 
0 84 64 
0 116 17 
0 120 27 
0 44 48 
0 101 34 
0 91 117 
0 106 28 
0 139 20 
0 82 31 
0 106 25 
0 118 41 
0 103 35 
0 165 47 
0 57 42 
0 129 17 
0 98 13 
0 109 19 
0 159 6 
0 132 24 
0 133 33 
0 146 12 
0 125 44 
0 105 40 
0 123 50 
0 76 19 
0 160 32 
0 146 33 
0 130 49 
0 84 30 
0 143 36 
0 94 39 
0 115 81 
0 125 14 
0 109 79 
0 59 29 
0 125 47 
0 111 52 
0 115 6 
0 142 25 
0 111 105 
0 95 35 
0 102 14 
0 140 30 
0 93 26 
0 120 63 
0 84 42 
0 84 105 
0 88 87 
0 129 56 
0 118 15 
0 120 33 
0 122 26 
0 121 21 
0 101 15 
0 125 39 
0 90 39 
0 113 26 
0 113 16 
0 58 96 
0 73 12 
0 120 29 
0 165 25 
0 100 32 
0 112 58 
0 77 55 
0 68 29 
0 110 48 
0 107 12 
0 123 57 
0 105 54 
0 182 37 
0 118 13 
0 125 21 
0 114 17 
0 116 43 
0 150 20 
0 129 38 
0 128 17 
0 161 21 
0 136 59 
0 95 17 
0 122 50 
0 105 39 
0 70 61 
0 141 35 
0 149 7 
0 144 2 
0 74 6 
0 71 9 
0 98 44 
0 134 24 
0 136 4 
0 81 26 
0 39 30 
0 129 21 
0 63 16 
0 120 69 
0 70 48 
0 121 22 
0 95 42 
0 67 15 
0 121 45 
0 91 17 
0 147 17 
0 135 67 
0 99 18 
0 78 24 
0 117 33 
0 160 47 
0 123 27 
0 128 58 
0 117 22 
0 100 36 
0 106 30 
0 112 19 
0 78 36 
0 110 23 
0 161 32 
0 121 31 
0 68 54 
0 106 54 
0 136 32 
0 89 7 
0 106 32 
0 74 35 
0 115 35 
0 131 33 
0 118 49 
0 111 19 
0 173 45 
0 98 23 
0 127 5 
0 138 28 
0 126 9 
0 110 2 
0 95 68 
0 80 9 
0 136 77 
0 102 14 
0 105 49 
0 134 11 
0 95 8 
0 107 25 
0 119 23 
0 63 32 
0 184 27 
0 97 25 
0 123 35 
0 129 26 
0 85 32 
0 78 25 
0 101 72 
0 143 26 
0 135 8 
0 101 25 
0 129 61 
0 99 16 
0 107 46 
0 103 18 
0 119 15 
0 135 81 
0 124 62 
0 160 38 
0 91 24 
0 117 42 
0 130 24 
0 98 31 
0 136 23 
0 105 44 
0 146 26 
0 77 22 
0 90 69 
0 139 115 
0 75 19 
0 100 38 
0 83 38 
0 142 53 
0 105 31 
0 96 131 
0 130 3 
0 195 45 
0 130 45 
0 151 36 
0 100 38 
0 130 35 
0 133 39 
0 113 37 
0 117 46 
0 107 33 
0 130 45 
0 78 54 
0 173 20 
0 64 50 
0 141 64 
0 170 47 
0 84 19 
0 96 33 
0 143 68 
0 125 19 
0 124 13 
0 83 26 
0 78 49 
0 133 92 
0 99 21 
0 128 50 
0 60 29 
0 135 30 
0 115 44 
0 115 58 
0 176 29 
0 102 17 
0 60 48 
0 126 16 
0 89 12 
0 95 46 
0 155 53 
0 63 49 
0 110 46 
0 128 27 
0 101 32 
0 109 40 
0 162 39 
0 161 21 
0 121 42 
0 150 30 
0 126 52 
0 108 50 
0 81 18 
0 58 16 
0 115 35 
0 113 20 
0 175 58 
0 148 36 
0 131 37 
0 158 47 
0 91 13 
0 99 22 
0 104 19 
0 165 32 
0 96 22 
0 106 30 
0 80 50 
0 138 7 
0 99 23 
0 95 36 
0 101 32 
0 147 23 
0 104 37 
0 143 19 
0 146 9 
0 100 35 
0 113 33 
0 178 44 
0 153 45 
0 138 32 
0 94 69 
0 111 78 
0 121 5 
0 142 54 
0 91 45 
0 111 85 
0 88 51 
0 111 21 
0 129 50 
0 63 37 
0 133 51 
0 107 18 
0 139 47 
0 149 24 
0 70 15 
0 82 23 
0 156 24 
0 103 37 
0 119 7 
0 86 49 
0 83 59 
0 92 124 
0 115 36 
0 87 26 
0 80 50 
0 100 28 
0 186 43 
0 34 64 
0 126 14 
0 102 19 
0 115 36 
0 170 26 
0 133 19 
0 66 34 
0 142 27 
0 134 59 
0 117 69 
0 164 16 
0 125 84 
0 123 38 
0 117 41 
0 108 47 
0 100 45 
0 109 12 
0 87 53 
0 85 26 
0 70 48 
0 119 33 
0 89 23 
0 198 29 
0 93 35 
0 106 42 
0 120 38 
0 139 22 
0 116 49 
0 127 56 
0 83 121 
0 125 82 
0 127 27 
0 95 12 
0 91 54 
0 165 14 
0 106 74 
0 92 45 
0 135 38 
0 151 29 
0 90 26 
0 76 53 
0 127 43 
0 158 29 
0 126 47 
0 104 40 
0 106 15 
0 125 45 
0 134 52 
0 69 62 
0 172 21 
0 142 49 
0 145 39 
0 120 79 
0 120 45 
0 133 51 
0 106 44 
0 107 29 
0 87 47 
0 98 31 
0 182 14 
0 107 10 
0 120 40 
0 98 58 
0 154 37 
0 52 95 
0 74 39 
0 105 26 
0 76 42 
0 96 14 
0 111 54 
0 138 7 
0 191 14 
0 115 18 
0 146 43 
0 112 9 
0 155 38 
0 89 74 
0 122 40 
0 138 62 
0 97 28 
0 111 42 
0 148 25 
0 116 15 
0 60 45 
0 80 45 
0 120 41 
0 144 21 
0 98 1 
0 109 32 
0 148 72 
0 119 25 
0 118 33 
0 82 88 
0 185 101 
0 108 29 
0 137 39 
0 98 23 
