0 149 35 
0 111 11 
0 85 54 
0 110 20 
0 88 25 
0 154 32 
0 142 49 
0 110 42 
0 109 18 
0 164 13 
0 104 25 
0 73 22 
0 86 60 
0 92 34 
0 92 52 
0 103 33 
0 153 29 
0 115 104 
0 98 24 
0 108 49 
0 101 56 
0 162 30 
0 126 47 
0 159 52 
0 156 23 
0 96 53 
0 138 21 
0 175 68 
0 162 43 
0 112 65 
0 91 62 
0 135 22 
0 109 42 
0 98 29 
0 140 40 
0 165 34 
0 83 12 
0 92 13 
0 113 41 
0 118 23 
0 157 13 
0 120 24 
0 126 41 
0 98 31 
0 69 62 
0 146 62 
0 166 25 
0 134 33 
0 92 37 
0 104 23 
0 104 46 
0 106 19 
0 128 64 
0 145 108 
0 123 73 
0 110 24 
0 109 23 
0 123 10 
0 96 34 
0 122 35 
0 133 70 
0 129 41 
0 143 44 
0 123 21 
0 124 25 
0 153 10 
0 181 35 
0 108 27 
0 72 24 
0 139 34 
0 140 42 
0 124 11 
0 122 50 
0 119 34 
0 111 54 
0 101 117 
0 106 22 
0 96 11 
0 146 72 
0 142 41 
0 96 35 
0 148 48 
0 131 23 
0 86 53 
0 76 9 
0 116 49 
0 98 51 
0 110 45 
0 141 22 
0 117 40 
0 123 26 
0 113 44 
0 133 31 
0 89 27 
0 85 38 
0 119 60 
0 126 22 
0 113 42 
0 155 54 
0 95 36 
0 84 56 
0 86 21 
0 143 17 
0 133 30 
0 147 16 
0 89 25 
0 80 28 
0 108 21 
0 93 35 
0 84 32 
0 118 36 
0 80 40 
0 121 76 
0 112 41 
0 123 66 
0 117 39 
0 115 69 
0 113 18 
0 149 36 
0 120 27 
0 136 30 
0 84 36 
0 105 40 
0 98 31 
0 92 28 
0 135 63 
0 97 51 
0 112 14 
0 134 30 
0 86 45 
0 116 69 
0 72 36 
0 131 29 
0 116 70 
0 134 28 
0 131 28 
0 129 33 
0 106 35 
0 127 25 
0 97 20 
0 103 50 
0 128 61 
0 122 62 
0 114 51 
0 60 26 
0 121 63 
0 91 33 
0 78 73 
0 82 35 
0 100 40 
0 105 88 
0 104 28 
0 127 54 
0 127 21 
0 124 49 
0 132 38 
0 127 50 
0 89 26 
0 121 42 
0 125 48 
0 110 51 
0 106 52 
0 81 46 
0 114 27 
0 108 28 
0 116 12 
0 131 30 
0 118 86 
0 97 38 
0 81 35 
0 122 39 
0 104 58 
0 101 57 
0 132 25 
0 106 25 
0 146 32 
0 102 22 
0 139 21 
0 149 31 
0 89 27 
0 114 33 
0 76 49 
0 147 33 
0 107 78 
0 118 45 
0 107 39 
0 109 40 
0 84 31 
0 122 48 
0 152 39 
0 127 22 
0 91 40 
0 99 40 
0 111 24 
0 66 29 
0 94 34 
0 113 46 
0 106 41 
0 136 48 
0 126 55 
0 98 54 
0 88 34 
0 130 27 
0 114 31 
0 113 102 
0 131 63 
0 114 67 
0 120 53 
0 126 19 
0 177 27 
0 120 43 
0 125 14 
0 104 48 
0 122 25 
0 160 40 
0 84 22 
0 114 45 
0 119 76 
0 75 28 
0 113 29 
0 118 13 
0 102 35 
0 101 54 
0 101 70 
0 119 23 
0 135 31 
0 110 42 
0 108 32 
0 116 62 
0 109 35 
0 111 30 
0 114 35 
0 122 38 
0 122 41 
0 106 53 
0 133 56 
0 111 30 
0 137 40 
0 99 42 
0 148 26 
0 160 33 
0 109 28 
0 103 48 
0 159 41 
0 124 45 
0 146 19 
0 135 32 
0 137 55 
0 123 53 
0 106 21 
0 110 60 
0 119 29 
0 92 26 
0 137 16 
0 133 29 
0 127 45 
0 123 14 
0 87 26 
0 103 13 
0 133 43 
0 97 22 
0 120 43 
0 131 23 
0 150 21 
0 107 37 
0 143 29 
0 121 39 
0 115 25 
0 79 40 
0 131 32 
0 143 45 
0 100 48 
0 113 20 
0 117 14 
0 157 41 
0 137 39 
0 163 81 
0 113 36 
0 102 31 
0 87 36 
0 114 12 
0 84 27 
0 104 78 
0 104 19 
0 107 38 
0 97 32 
0 108 21 
0 133 39 
0 114 67 
0 120 17 
0 140 23 
0 138 28 
0 104 33 
0 118 42 
0 175 36 
0 83 27 
0 90 71 
0 122 49 
0 108 72 
0 152 45 
0 84 21 
0 112 52 
0 98 36 
0 116 36 
0 113 14 
0 105 30 
0 139 25 
0 111 37 
0 167 14 
0 153 25 
0 139 16 
0 78 33 
0 137 17 
0 128 83 
0 109 36 
0 164 80 
0 106 38 
0 128 35 
0 124 62 
0 151 26 
0 121 41 
0 114 38 
0 145 53 
0 103 22 
0 115 76 
0 110 40 
0 110 33 
0 83 94 
0 119 44 
0 92 18 
0 126 22 
0 112 55 
0 103 14 
0 123 56 
0 66 32 
0 98 58 
0 81 45 
0 102 41 
0 106 40 
0 115 27 
0 105 54 
0 179 29 
0 84 57 
0 84 35 
0 100 32 
0 107 38 
0 81 66 
0 109 8 
0 107 77 
0 109 31 
0 97 40 
0 78 30 
0 120 29 
0 70 34 
0 116 37 
0 77 15 
0 105 56 
0 119 48 
0 84 69 
0 115 15 
0 151 33 
0 113 30 
0 73 55 
0 126 24 
0 112 56 
0 72 23 
0 122 16 
0 100 5 
0 122 23 
0 64 24 
0 126 38 
0 132 45 
0 84 20 
0 89 15 
0 93 21 
0 135 86 
0 128 21 
0 134 24 
0 125 25 
0 133 21 
0 130 40 
0 64 39 
0 108 16 
0 99 51 
0 101 35 
0 91 25 
0 101 15 
0 96 49 
0 117 55 
0 93 37 
0 122 19 
0 99 54 
0 117 52 
0 107 35 
0 91 20 
0 158 23 
0 116 31 
0 112 23 
0 137 36 
0 81 66 
0 123 24 
0 159 43 
0 118 30 
0 113 29 
0 75 48 
0 86 62 
0 89 22 
0 95 25 
0 118 43 
0 130 18 
0 122 43 
0 120 65 
0 97 64 
0 145 33 
0 181 11 
0 77 35 
0 104 54 
0 111 32 
0 112 20 
0 130 25 
0 100 45 
0 86 9 
0 119 59 
0 149 78 
0 121 25 
0 117 22 
0 146 38 
0 107 43 
0 130 62 
0 101 26 
0 130 45 
0 85 56 
0 85 82 
0 87 59 
0 76 49 
0 99 9 
0 103 45 
0 134 22 
0 147 74 
0 122 65 
0 128 68 
0 129 28 
0 149 33 
0 88 38 
0 120 73 
0 73 16 
0 95 75 
0 72 25 
0 133 21 
0 132 29 
0 116 44 
0 148 29 
0 128 4 
0 129 29 
0 108 16 
0 119 32 
0 115 60 
0 119 21 
0 107 11 
0 113 47 
0 94 52 
0 109 91 
0 85 46 
0 97 27 
0 107 63 
0 77 23 
0 125 43 
0 92 25 
0 87 46 
0 107 99 
0 80 21 
0 87 53 
0 121 18 
0 106 44 
0 138 29 
0 117 25 
0 92 64 
0 104 31 
0 137 31 
0 134 25 
0 102 9 
0 160 23 
0 146 41 
0 105 59 
0 88 44 
0 110 83 
0 101 23 
0 137 18 
0 134 28 
0 109 37 
0 91 66 
0 93 63 
0 123 39 
0 122 57 
0 94 34 
0 103 30 
0 108 46 
0 164 9 
0 85 26 
0 130 44 
0 78 46 
0 142 68 
0 136 12 
0 137 22 
0 147 25 
0 173 20 
0 107 42 
0 128 49 
0 147 29 
0 74 47 
0 110 24 
0 100 23 
0 152 31 
0 96 44 
0 100 25 
0 96 18 
0 86 15 
0 107 23 
0 101 34 
0 122 69 
0 110 34 
0 100 50 
0 128 20 
0 104 61 
0 94 64 
0 124 16 
0 91 18 
0 85 41 
0 92 82 
0 82 10 
0 114 20 
0 170 26 
0 121 28 
0 128 35 
0 148 33 
0 86 19 
0 80 51 
0 117 33 
0 129 30 
0 104 35 
0 115 33 
0 91 39 
0 124 72 
0 128 20 
0 125 28 
0 129 40 
0 151 10 
0 111 70 
0 97 55 
0 96 35 
0 115 20 
0 108 24 
0 164 27 
0 161 18 
0 102 17 
0 131 45 
0 124 62 
0 96 22 
0 103 53 
0 105 41 
0 79 55 
0 164 39 
0 193 42 
0 117 6 
0 119 23 
0 118 9 
0 120 16 
0 103 35 
0 138 30 
0 62 59 
0 113 75 
0 81 28 
0 100 20 
0 167 65 
0 149 24 
0 89 29 
0 121 35 
0 98 41 
0 99 72 
0 143 12 
0 73 22 
0 131 36 
0 87 14 
0 152 39 
0 99 39 
0 115 22 
0 108 58 
0 93 58 
0 101 18 
0 132 35 
0 127 36 
0 92 46 
0 87 71 
0 195 64 
0 86 46 
0 95 39 
0 138 14 
0 123 90 
0 111 35 
0 94 54 
0 136 27 
0 127 11 
0 114 47 
0 135 22 
0 160 34 
0 73 55 
0 91 19 
0 78 43 
0 113 49 
0 131 41 
0 86 66 
0 85 17 
0 97 55 
0 77 28 
0 92 37 
0 130 36 
0 151 32 
0 156 23 
0 100 49 
0 143 16 
0 138 17 
0 140 23 
0 137 19 
0 108 34 
0 131 6 
0 135 46 
0 114 23 
0 113 39 
0 132 34 
0 101 44 
0 116 39 
0 140 43 
0 131 69 
0 76 24 
0 118 51 
0 130 13 
0 118 39 
0 88 36 
0 108 37 
0 112 34 
0 131 65 
0 130 38 
0 107 25 
0 115 45 
0 109 47 
0 60 42 
0 73 80 
0 134 39 
0 119 50 
0 132 44 
0 110 39 
0 93 40 
0 85 31 
0 87 21 
0 55 39 
0 92 61 
0 125 17 
0 99 72 
0 95 28 
0 108 22 
0 112 35 
0 134 35 
0 134 10 
0 81 16 
0 111 33 
0 55 31 
0 125 10 
0 124 36 
0 93 34 
0 85 82 
0 137 7 
0 124 17 
0 184 86 
0 108 57 
0 134 31 
0 119 74 
0 58 35 
0 121 44 
0 101 25 
0 127 18 
0 133 23 
0 117 37 
0 143 80 
0 143 64 
0 89 74 
0 86 16 
0 122 33 
0 75 36 
0 96 19 
0 101 32 
0 116 21 
0 122 31 
0 148 39 
0 120 69 
0 130 48 
0 106 24 
0 145 51 
0 90 37 
0 128 23 
0 118 58 
0 136 10 
0 111 81 
0 130 20 
0 94 16 
0 100 53 
0 130 29 
0 115 46 
0 116 28 
0 99 51 
0 124 25 
0 90 79 
0 117 20 
0 93 46 
0 126 55 
0 126 35 
0 147 23 
0 111 39 
0 127 27 
0 120 63 
0 136 51 
0 160 17 
0 121 31 
0 98 41 
0 105 26 
0 120 84 
0 109 49 
0 152 18 
0 92 56 
0 90 32 
0 111 27 
0 123 27 
0 115 29 
0 87 72 
0 116 26 
0 160 31 
0 124 59 
0 94 58 
0 126 29 
0 101 27 
0 141 24 
0 110 77 
0 101 53 
0 92 95 
0 84 41 
0 95 28 
0 119 27 
0 123 59 
0 131 58 
0 80 48 
0 106 22 
0 102 31 
0 116 26 
0 115 37 
0 148 34 
0 164 25 
0 80 8 
0 118 54 
0 116 37 
0 91 51 
0 129 21 
0 110 37 
0 137 25 
0 104 49 
0 76 50 
0 61 38 
0 108 72 
0 145 18 
0 93 37 
0 87 70 
0 100 58 
0 166 44 
0 104 9 
0 131 44 
0 109 83 
0 97 76 
0 82 40 
0 123 28 
0 132 31 
0 121 22 
0 87 8 
0 107 33 
0 151 16 
0 141 33 
0 82 38 
0 150 31 
0 147 27 
0 146 44 
0 111 39 
0 146 26 
0 138 44 
0 85 25 
0 170 51 
0 115 106 
0 107 21 
0 72 31 
0 99 27 
0 108 49 
0 84 31 
0 127 43 
0 111 23 
0 90 39 
0 122 47 
0 116 58 
0 142 35 
0 149 44 
0 123 62 
0 101 11 
0 108 29 
0 135 61 
0 125 52 
0 112 39 
0 114 93 
0 102 42 
0 122 32 
0 100 13 
0 96 37 
0 125 29 
0 99 36 
0 101 25 
0 117 39 
0 156 21 
0 113 19 
0 84 52 
0 124 26 
0 115 27 
0 126 34 
0 129 52 
0 129 21 
0 118 32 
0 138 39 
0 91 23 
0 97 45 
0 98 30 
0 75 71 
0 96 16 
0 108 33 
0 97 39 
0 105 51 
0 67 21 
0 110 9 
0 117 28 
0 139 56 
0 113 46 
0 111 44 
0 79 9 
0 134 42 
0 144 87 
0 124 17 
0 130 45 
0 141 42 
0 82 25 
0 123 37 
0 133 35 
0 98 24 
0 134 46 
0 118 27 
0 114 42 
0 124 31 
0 126 32 
0 101 60 
0 130 44 
0 107 37 
0 142 28 
0 167 25 
0 84 55 
0 88 47 
0 106 43 
0 79 54 
0 152 17 
0 170 15 
0 105 61 
0 111 39 
0 104 55 
0 182 40 
0 102 31 
0 97 33 
0 128 60 
0 104 45 
0 127 76 
0 112 63 
0 148 62 
0 145 48 
0 163 26 
0 69 50 
0 111 48 
0 116 40 
0 76 43 
0 118 37 
0 123 53 
0 97 72 
0 87 58 
0 133 34 
0 69 39 
0 108 69 
0 71 54 
0 112 34 
0 102 16 
0 119 57 
0 101 32 
0 118 46 
0 123 58 
0 93 35 
0 124 83 
0 135 50 
0 165 31 
0 135 23 
0 140 35 
0 110 29 
0 143 30 
0 129 25 
0 135 50 
0 93 48 
0 118 38 
0 124 40 
0 138 26 
0 94 29 
0 78 75 
0 93 37 
0 143 27 
0 146 20 
0 147 62 
0 93 21 
0 76 57 
0 94 15 
0 151 28 
0 97 49 
0 113 21 
0 87 27 
0 92 62 
0 123 70 
0 171 19 
0 68 31 
0 117 62 
0 99 38 
0 87 30 
0 126 59 
0 134 67 
0 100 31 
0 162 38 
0 146 36 
0 114 35 
0 118 24 
0 100 26 
0 151 28 
0 111 56 
0 63 28 
0 109 45 
0 135 33 
0 121 20 
0 123 75 
0 122 21 
0 140 29 
0 83 34 
0 85 73 
0 140 21 
0 131 22 
0 108 43 
0 107 24 
0 76 39 
0 114 29 
0 95 15 
0 83 18 
0 160 18 
0 141 23 
0 55 86 
0 101 24 
0 117 35 
0 111 94 
0 151 18 
0 139 15 
0 100 47 
0 105 38 
0 152 41 
0 92 28 
0 97 39 
0 91 11 
0 121 25 
0 75 6 
0 107 34 
0 84 35 
0 100 49 
0 93 66 
0 140 55 
0 117 47 
0 94 26 
0 119 56 
0 129 43 
0 117 15 
0 119 43 
0 70 59 
0 48 41 
0 98 136 
0 120 15 
0 159 69 
0 105 24 
0 112 34 
0 94 32 
0 104 56 
0 135 50 
0 148 41 
