0 45 3 
0 38 1 
0 98 4 
0 58 0 
0 84 7 
0 55 2 
0 89 38 
0 79 0 
0 78 0 
0 94 1 
0 64 10 
0 133 0 
0 48 2 
0 26 0 
0 38 2 
0 68 0 
0 48 0 
0 42 0 
0 105 36 
0 120 0 
0 76 0 
0 52 0 
0 50 0 
0 112 0 
0 80 0 
0 78 0 
0 43 0 
0 47 0 
0 63 0 
0 38 0 
0 36 1 
0 69 0 
0 46 0 
0 93 0 
0 57 0 
0 59 0 
0 31 0 
0 49 0 
0 98 3 
0 70 0 
0 80 0 
0 66 0 
0 73 0 
0 54 0 
0 29 0 
0 55 0 
0 20 4 
0 35 0 
0 72 0 
0 79 1 
0 102 0 
0 69 6 
0 48 1 
0 86 7 
0 56 0 
0 61 0 
0 114 2 
0 58 2 
0 147 0 
0 20 1 
0 30 4 
0 26 0 
0 72 0 
0 74 0 
0 85 0 
0 34 1 
0 50 0 
0 29 0 
0 62 0 
0 80 0 
0 47 0 
0 63 0 
0 53 0 
0 44 2 
0 28 0 
0 76 0 
0 59 6 
0 94 5 
0 79 4 
0 72 0 
0 70 0 
0 86 0 
0 69 0 
0 59 1 
0 87 0 
0 36 2 
0 59 0 
0 52 0 
0 71 0 
0 89 2 
0 58 0 
0 56 0 
0 71 5 
0 6 0 
0 36 0 
0 36 0 
0 27 3 
0 72 0 
0 57 0 
0 99 15 
0 98 0 
0 99 4 
0 48 10 
0 9 0 
0 12 0 
0 106 0 
0 55 3 
0 49 0 
0 26 4 
0 59 29 
0 66 0 
0 34 0 
0 40 1 
0 59 2 
0 17 0 
0 65 0 
0 27 0 
0 50 0 
0 74 0 
0 27 0 
0 134 1 
0 74 0 
0 70 0 
0 34 2 
0 163 0 
0 9 0 
0 29 0 
0 47 6 
0 63 0 
0 83 0 
0 86 0 
0 73 0 
0 16 0 
0 119 0 
0 69 2 
0 60 0 
0 84 0 
0 52 0 
0 96 5 
0 56 0 
0 12 0 
0 37 0 
0 19 0 
0 119 0 
0 64 0 
0 44 0 
0 74 0 
0 151 14 
0 63 0 
0 76 0 
0 51 4 
0 54 0 
0 45 0 
0 9 2 
0 74 0 
0 131 6 
0 67 0 
0 127 10 
0 93 0 
0 69 9 
0 70 5 
0 47 0 
0 26 0 
0 67 0 
0 12 0 
0 56 0 
0 40 9 
0 47 0 
0 93 0 
0 99 6 
0 4 0 
0 50 0 
0 15 0 
0 36 0 
0 46 0 
0 45 0 
0 91 24 
0 102 27 
0 61 3 
0 32 2 
0 103 56 
0 73 3 
0 86 0 
0 50 1 
0 65 8 
0 61 0 
0 116 0 
0 1 0 
0 92 8 
0 54 1 
0 35 0 
0 41 9 
0 46 0 
0 31 6 
0 23 0 
0 46 0 
0 56 3 
0 42 0 
0 58 0 
0 68 0 
0 36 0 
0 104 0 
0 92 0 
0 13 0 
0 58 5 
0 41 0 
0 63 4 
0 124 5 
0 81 0 
0 24 0 
0 81 2 
0 33 0 
0 23 3 
0 65 2 
0 86 4 
0 59 5 
0 80 0 
0 98 2 
0 67 0 
0 38 0 
0 81 3 
0 58 8 
0 93 0 
0 29 5 
0 46 0 
0 56 0 
0 88 0 
0 47 0 
0 48 0 
0 84 2 
0 52 0 
0 95 0 
0 64 0 
0 25 0 
0 12 0 
0 80 2 
0 26 0 
0 20 0 
0 79 0 
0 65 0 
0 53 0 
0 97 0 
0 121 6 
0 45 0 
0 97 0 
0 80 5 
0 73 9 
0 37 0 
0 69 0 
0 96 0 
0 44 0 
0 61 0 
0 38 0 
0 79 0 
0 48 3 
0 22 0 
0 45 5 
0 39 0 
0 59 0 
0 67 0 
0 56 0 
0 24 0 
0 63 0 
0 49 0 
0 48 0 
0 51 0 
0 46 0 
0 37 0 
0 34 2 
0 47 0 
0 43 0 
0 49 7 
0 65 0 
0 14 0 
0 66 0 
0 36 0 
0 48 16 
0 117 2 
0 83 62 
0 68 0 
0 44 4 
0 52 0 
0 27 0 
0 66 0 
0 40 0 
0 130 42 
0 54 0 
0 88 0 
0 28 1 
0 109 6 
0 83 0 
0 60 1 
0 61 3 
0 61 10 
0 65 0 
0 124 0 
0 81 0 
0 50 0 
0 75 15 
0 70 16 
0 42 0 
0 21 0 
0 30 0 
0 49 1 
0 130 0 
0 116 0 
0 23 0 
0 30 0 
0 43 1 
0 48 0 
0 124 0 
0 86 0 
0 71 0 
0 82 0 
0 116 0 
0 101 18 
0 13 0 
0 37 17 
0 46 0 
0 58 0 
0 46 0 
0 31 0 
0 93 9 
0 95 6 
0 68 0 
0 35 3 
0 73 0 
0 36 0 
0 17 8 
0 65 0 
0 80 1 
0 82 11 
0 54 5 
0 55 7 
0 3 0 
0 24 2 
0 89 1 
0 84 0 
0 72 0 
0 127 0 
0 128 3 
0 24 1 
0 54 0 
0 89 0 
0 103 0 
0 29 6 
0 46 10 
0 45 0 
0 52 0 
0 72 6 
0 117 0 
0 68 0 
0 46 0 
0 52 0 
0 94 0 
0 38 0 
0 45 1 
0 16 2 
0 79 0 
0 51 11 
0 67 0 
0 164 0 
0 53 0 
0 46 0 
0 64 0 
0 92 0 
0 40 0 
0 47 0 
0 68 0 
0 59 8 
0 50 0 
0 18 0 
0 104 4 
0 103 0 
0 36 0 
0 32 3 
0 31 0 
0 60 0 
0 53 0 
0 47 0 
0 41 3 
0 83 0 
0 66 0 
0 77 0 
0 26 0 
0 52 0 
0 49 0 
0 67 0 
0 53 4 
0 46 0 
0 19 9 
0 102 7 
0 69 5 
0 58 5 
0 63 0 
0 74 10 
0 19 0 
0 64 0 
0 48 0 
0 67 0 
0 50 0 
0 57 5 
0 32 0 
0 52 2 
0 50 0 
0 71 0 
0 65 0 
0 26 0 
0 23 0 
0 39 0 
0 84 0 
0 62 0 
0 105 0 
0 96 1 
0 41 0 
0 16 0 
0 84 15 
0 107 0 
0 51 1 
0 103 0 
0 71 7 
0 78 13 
0 97 3 
0 73 0 
0 47 0 
0 34 7 
0 175 33 
0 53 0 
0 48 0 
0 53 13 
0 35 0 
0 14 0 
0 51 0 
0 95 0 
0 68 4 
0 50 0 
0 64 0 
0 62 9 
0 94 0 
0 117 2 
0 25 0 
0 106 4 
0 69 0 
0 80 2 
0 88 7 
0 27 0 
0 44 0 
0 149 1 
0 41 0 
0 110 0 
0 14 0 
0 42 3 
0 64 0 
0 64 7 
0 55 0 
0 13 0 
0 23 0 
0 10 0 
0 36 3 
0 97 0 
0 64 35 
0 133 0 
0 92 2 
0 55 25 
0 68 0 
0 85 0 
0 24 0 
0 69 17 
0 79 0 
0 72 16 
0 76 16 
0 32 4 
0 120 0 
0 50 0 
0 116 0 
0 117 0 
0 102 0 
0 91 0 
0 46 0 
0 54 0 
0 52 1 
0 88 0 
0 48 0 
0 78 13 
0 51 0 
0 32 0 
0 97 0 
0 86 21 
0 84 2 
0 29 0 
0 62 2 
0 26 0 
0 45 7 
0 122 1 
0 84 9 
0 29 0 
0 56 0 
0 45 5 
0 63 0 
0 33 2 
0 60 0 
0 55 0 
0 43 0 
0 131 6 
0 44 0 
0 134 15 
0 180 24 
0 106 37 
0 59 0 
0 43 0 
0 91 37 
0 41 0 
0 67 0 
0 39 0 
0 60 1 
0 50 1 
0 90 0 
0 69 12 
0 55 0 
0 67 0 
0 41 0 
0 66 0 
0 29 0 
0 80 0 
0 59 5 
0 78 0 
0 93 0 
0 35 0 
0 1 0 
0 107 10 
0 25 0 
0 80 0 
0 65 16 
0 100 5 
0 61 10 
0 75 0 
0 100 0 
0 69 8 
0 36 0 
0 96 13 
0 28 0 
0 48 0 
0 47 0 
0 43 0 
0 36 0 
0 97 0 
0 74 4 
0 94 0 
0 108 7 
0 62 15 
0 42 0 
0 120 15 
0 71 11 
0 36 0 
0 49 0 
0 84 8 
0 94 0 
0 56 0 
0 57 0 
0 150 0 
0 51 0 
0 78 0 
0 60 4 
0 100 0 
0 24 0 
0 123 27 
0 44 0 
0 50 0 
0 66 0 
0 152 0 
0 37 10 
0 107 0 
0 85 0 
0 15 0 
0 49 0 
0 3 0 
0 79 0 
0 49 0 
0 87 0 
0 67 0 
0 44 0 
0 44 0 
0 70 0 
0 74 0 
0 28 0 
0 109 0 
0 63 0 
0 69 0 
0 95 1 
0 20 0 
0 38 0 
0 89 2 
0 68 0 
0 76 2 
0 100 0 
0 114 5 
0 90 0 
0 38 4 
0 105 2 
0 96 0 
0 22 0 
0 72 8 
0 101 9 
0 170 6 
0 56 0 
0 140 1 
0 76 3 
0 105 5 
0 87 0 
0 66 11 
0 91 0 
0 57 0 
0 89 1 
0 65 0 
0 16 0 
0 57 0 
0 45 0 
0 52 0 
0 49 5 
0 63 0 
0 75 2 
0 44 8 
0 41 8 
0 90 3 
0 34 0 
0 110 1 
0 24 0 
0 8 0 
0 12 0 
0 138 6 
0 41 0 
0 32 0 
0 38 0 
0 47 1 
0 74 3 
0 23 0 
0 89 24 
0 90 0 
0 66 0 
0 90 0 
0 41 0 
0 45 19 
0 18 0 
0 28 0 
0 74 4 
0 44 0 
0 28 0 
0 59 2 
0 141 19 
0 82 6 
0 14 0 
0 106 0 
0 94 0 
0 43 0 
0 47 0 
0 107 19 
0 37 14 
0 27 0 
0 47 0 
0 69 9 
0 88 30 
0 49 6 
0 66 0 
0 88 1 
0 102 0 
0 59 0 
0 98 4 
0 26 0 
0 84 0 
0 99 0 
0 44 0 
0 88 22 
0 38 0 
0 89 2 
0 90 0 
0 55 0 
0 68 15 
0 77 15 
0 76 0 
0 76 2 
0 72 0 
0 117 16 
0 69 0 
0 71 0 
0 65 2 
0 24 0 
0 150 12 
0 69 0 
0 102 0 
0 58 8 
0 18 0 
0 42 0 
0 45 0 
0 72 0 
0 130 13 
0 34 0 
0 52 0 
0 32 0 
0 18 0 
0 28 4 
0 27 0 
0 58 0 
0 104 22 
0 50 0 
0 105 0 
0 49 3 
0 41 1 
0 23 0 
0 48 0 
0 58 2 
0 103 0 
0 16 7 
0 78 0 
0 38 0 
0 59 5 
0 30 0 
0 63 8 
0 47 0 
0 123 7 
0 64 0 
0 100 5 
0 113 0 
0 64 9 
0 69 0 
0 78 0 
0 88 6 
0 15 0 
0 30 0 
0 87 0 
0 61 4 
0 47 0 
0 34 0 
0 73 4 
0 41 0 
0 56 0 
0 63 0 
0 72 0 
0 104 8 
0 22 0 
0 71 0 
0 20 0 
0 65 7 
0 103 0 
0 30 4 
0 93 7 
0 42 12 
0 69 0 
0 40 0 
0 71 0 
0 90 18 
0 113 11 
0 87 48 
0 67 0 
0 45 0 
0 55 0 
0 45 0 
0 120 0 
0 87 0 
0 51 14 
0 65 1 
0 54 8 
0 57 0 
0 53 0 
0 38 9 
0 53 0 
0 24 0 
0 106 0 
0 44 0 
0 91 6 
0 124 28 
0 71 7 
0 81 0 
0 28 0 
0 31 2 
0 31 1 
0 6 2 
0 20 0 
0 24 1 
0 66 0 
0 100 0 
0 97 0 
0 102 0 
0 35 0 
0 92 0 
0 57 0 
0 17 0 
0 73 0 
0 14 0 
0 40 0 
0 99 0 
0 43 0 
0 69 8 
0 76 0 
0 44 0 
0 61 0 
0 63 0 
0 108 11 
0 48 9 
0 62 0 
0 35 1 
0 119 0 
0 121 3 
0 55 0 
0 100 0 
0 82 1 
0 27 0 
0 69 14 
0 65 0 
0 60 1 
0 82 33 
0 74 5 
0 62 0 
0 58 0 
0 97 0 
0 75 0 
0 46 1 
0 23 5 
0 66 0 
0 56 0 
0 132 1 
0 96 15 
0 59 0 
0 19 0 
0 112 0 
0 105 0 
0 61 0 
0 106 0 
0 93 0 
0 79 0 
0 10 0 
0 65 0 
0 85 0 
0 62 1 
0 73 2 
0 108 0 
0 111 2 
0 41 0 
0 9 4 
0 25 0 
0 68 6 
0 44 0 
0 79 6 
0 70 0 
0 79 0 
0 66 5 
0 34 0 
0 106 0 
0 86 2 
0 52 0 
0 99 0 
0 47 0 
0 21 3 
0 35 0 
0 43 0 
0 48 0 
0 100 0 
0 93 2 
0 86 0 
0 66 1 
0 68 0 
0 78 0 
0 74 0 
0 68 0 
0 37 0 
0 79 0 
0 49 3 
0 71 2 
0 74 0 
0 42 1 
0 102 0 
0 25 0 
0 55 0 
0 87 12 
0 74 0 
0 7 0 
0 19 3 
0 24 3 
0 38 0 
0 41 0 
0 58 13 
0 127 0 
0 97 0 
0 24 0 
0 68 0 
0 36 0 
0 127 11 
0 43 0 
0 36 0 
0 52 0 
0 68 0 
0 35 0 
0 38 0 
0 30 0 
0 163 3 
0 76 7 
0 106 10 
0 81 27 
0 32 0 
0 79 23 
0 83 0 
0 56 0 
0 92 11 
0 90 2 
0 72 0 
0 32 0 
0 137 16 
0 9 0 
0 68 0 
0 30 0 
0 112 36 
0 64 0 
0 42 4 
0 84 0 
0 84 0 
0 9 0 
0 17 2 
0 122 0 
0 38 9 
0 69 0 
0 60 0 
0 19 0 
0 82 30 
0 50 0 
0 79 0 
0 72 1 
0 47 12 
0 104 8 
0 36 0 
0 74 0 
0 24 0 
0 39 0 
0 17 0 
0 32 11 
0 42 0 
0 51 0 
0 11 0 
0 43 0 
0 77 0 
0 26 0 
0 76 0 
0 58 0 
0 45 4 
0 25 0 
0 49 0 
0 35 2 
0 36 5 
0 18 2 
0 70 0 
0 47 10 
0 63 7 
0 90 0 
0 11 0 
0 49 0 
0 29 0 
0 59 0 
0 93 12 
0 48 0 
0 42 0 
0 43 0 
0 86 0 
0 89 0 
0 88 0 
0 72 0 
0 64 0 
0 57 2 
0 103 0 
0 121 5 
0 160 6 
0 58 0 
0 106 3 
0 79 0 
0 105 0 
0 79 0 
0 66 0 
0 68 5 
0 63 0 
0 55 10 
0 79 0 
0 34 8 
0 50 0 
0 37 0 
0 67 16 
0 77 1 
0 54 0 
0 21 0 
0 20 0 
0 69 1 
0 44 0 
0 97 0 
0 60 0 
0 152 0 
0 59 0 
0 24 4 
0 75 0 
0 69 0 
0 72 5 
0 94 0 
0 128 0 
0 53 1 
0 58 0 
