486 239 275 
559 226 215 
539 235 226 
575 180 245 
495 218 287 
588 204 208 
551 251 198 
541 211 248 
570 216 214 
515 280 205 
543 215 242 
544 294 162 
599 218 183 
619 202 179 
511 296 193 
495 290 215 
600 226 174 
610 248 142 
494 216 290 
525 237 238 
533 234 233 
476 257 267 
574 207 219 
545 212 243 
555 206 239 
531 183 286 
519 247 234 
500 257 243 
524 254 222 
549 235 216 
528 245 227 
541 227 232 
549 249 202 
470 230 300 
553 227 220 
556 265 179 
455 315 230 
567 266 167 
536 246 218 
506 278 216 
543 270 187 
518 251 231 
486 276 238 
538 233 229 
586 229 185 
567 219 214 
526 249 225 
508 207 285 
575 245 180 
589 223 188 
536 253 211 
513 297 190 
485 224 291 
528 243 229 
550 288 162 
551 272 177 
519 234 247 
475 258 267 
561 206 233 
488 267 245 
530 218 252 
613 203 184 
581 227 192 
560 262 178 
492 309 199 
462 266 272 
565 265 170 
544 283 173 
579 245 176 
536 266 198 
534 265 201 
584 220 196 
504 276 220 
485 202 313 
584 225 191 
481 258 261 
405 302 293 
511 273 216 
467 268 265 
454 268 278 
517 264 219 
550 267 183 
475 275 250 
557 255 188 
619 273 108 
523 237 240 
561 249 190 
602 239 159 
498 233 269 
527 257 216 
574 216 210 
534 306 160 
515 230 255 
504 214 282 
522 272 206 
577 251 172 
581 277 142 
556 239 205 
515 291 194 
417 289 294 
529 265 206 
499 180 321 
533 257 210 
531 174 295 
556 203 241 
550 244 206 
501 225 274 
626 244 130 
512 252 236 
509 270 221 
539 226 235 
512 286 202 
545 255 200 
565 259 176 
610 241 149 
464 269 267 
549 243 208 
504 247 249 
533 247 220 
492 284 224 
490 223 287 
416 264 320 
543 233 224 
617 232 151 
495 224 281 
548 265 187 
504 260 236 
545 221 234 
470 253 277 
479 276 245 
564 224 212 
506 233 261 
552 243 205 
555 257 188 
581 248 171 
477 258 265 
588 269 143 
481 283 236 
549 275 176 
520 286 194 
549 227 224 
605 269 126 
523 269 208 
585 242 173 
471 212 317 
580 278 142 
527 259 214 
523 293 184 
454 275 271 
582 259 159 
514 230 256 
547 258 195 
521 221 258 
561 240 199 
493 256 251 
505 199 296 
578 241 181 
532 211 257 
493 227 280 
525 197 278 
512 280 208 
555 242 203 
437 244 319 
504 247 249 
515 257 228 
511 308 181 
469 296 235 
506 279 215 
526 240 234 
565 242 193 
536 277 187 
475 293 232 
567 229 204 
508 272 220 
589 244 167 
474 295 231 
551 243 206 
596 245 159 
555 247 198 
464 267 269 
578 226 196 
600 240 160 
474 271 255 
528 246 226 
530 251 219 
495 258 247 
503 245 252 
615 194 191 
523 242 235 
553 224 223 
536 231 233 
528 236 236 
518 244 238 
560 237 203 
553 275 172 
531 245 224 
528 184 288 
592 204 204 
527 268 205 
521 271 208 
460 281 259 
576 217 207 
453 284 263 
473 300 227 
561 243 196 
522 266 212 
518 281 201 
518 321 161 
534 255 211 
603 250 147 
466 257 277 
598 180 222 
504 269 227 
552 208 240 
486 301 213 
575 246 179 
516 257 227 
551 192 257 
590 194 216 
594 246 160 
529 268 203 
604 226 170 
602 243 155 
489 252 259 
569 276 155 
477 213 310 
548 280 172 
517 226 257 
552 286 162 
528 296 176 
470 297 233 
523 246 231 
483 211 306 
483 263 254 
602 220 178 
523 232 245 
591 250 159 
537 256 207 
508 279 213 
508 217 275 
508 240 252 
532 269 199 
458 260 282 
542 257 201 
556 206 238 
563 238 199 
464 223 313 
543 284 173 
496 260 244 
575 234 191 
618 182 200 
446 266 288 
512 243 245 
496 283 221 
538 263 199 
483 245 272 
525 211 264 
612 186 202 
512 250 238 
479 282 239 
576 176 248 
644 239 117 
516 236 248 
531 257 212 
556 246 198 
658 192 150 
508 224 268 
489 300 211 
443 278 279 
488 287 225 
500 277 223 
566 270 164 
506 266 228 
602 220 178 
488 283 229 
448 283 269 
496 232 272 
538 219 243 
526 229 245 
576 228 196 
546 243 211 
529 258 213 
593 238 169 
543 225 232 
412 252 336 
543 253 204 
588 199 213 
524 256 220 
526 263 211 
609 272 119 
560 257 183 
590 247 163 
492 225 283 
533 249 218 
586 216 198 
448 261 291 
526 270 204 
571 221 208 
472 243 285 
477 242 281 
460 250 290 
526 292 182 
502 222 276 
490 272 238 
563 230 207 
442 297 261 
513 231 256 
568 230 202 
409 241 350 
460 207 333 
486 228 286 
498 237 265 
532 265 203 
514 259 227 
566 199 235 
560 248 192 
541 276 183 
535 230 235 
481 259 260 
540 252 208 
534 197 269 
444 225 331 
656 191 153 
495 252 253 
518 297 185 
461 226 313 
543 233 224 
509 222 269 
552 247 201 
607 263 130 
553 279 168 
570 242 188 
585 245 170 
549 246 205 
523 253 224 
510 250 240 
554 243 203 
508 304 188 
567 229 204 
406 268 326 
526 284 190 
570 246 184 
480 247 273 
444 228 328 
576 246 178 
543 280 177 
557 275 168 
503 277 220 
560 238 202 
455 240 305 
476 245 279 
472 249 279 
471 262 267 
534 272 194 
507 280 213 
553 233 214 
559 240 201 
496 258 246 
517 268 215 
554 286 160 
529 271 200 
598 219 183 
588 265 147 
625 235 140 
464 251 285 
485 250 265 
570 233 197 
483 215 302 
601 210 189 
521 185 294 
552 236 212 
582 235 183 
563 252 185 
546 229 225 
534 251 215 
541 233 226 
468 238 294 
510 231 259 
528 321 151 
497 248 255 
547 285 168 
645 228 127 
498 279 223 
476 283 241 
537 259 204 
568 207 225 
515 243 242 
543 231 226 
521 250 229 
523 260 217 
563 282 155 
479 297 224 
614 231 155 
576 246 178 
564 222 214 
505 252 243 
444 256 300 
580 216 204 
554 213 233 
526 288 186 
508 226 266 
577 216 207 
510 224 266 
523 256 221 
482 258 260 
520 245 235 
553 271 176 
476 253 271 
449 227 324 
545 235 220 
549 228 223 
559 232 209 
505 277 218 
495 247 258 
607 221 172 
588 216 196 
614 217 169 
571 272 157 
582 213 205 
541 218 241 
589 258 153 
600 239 161 
589 235 176 
575 182 243 
526 265 209 
512 213 275 
497 245 258 
568 244 188 
593 234 173 
587 224 189 
495 285 220 
468 194 338 
494 241 265 
508 274 218 
535 258 207 
479 299 222 
551 266 183 
596 219 185 
590 266 144 
518 246 236 
468 226 306 
637 193 170 
500 233 267 
583 213 204 
503 239 258 
530 278 192 
637 183 180 
533 272 195 
534 295 171 
558 262 180 
537 191 272 
496 248 256 
636 215 149 
446 210 344 
571 215 214 
552 277 171 
569 245 186 
553 258 189 
487 217 296 
517 259 224 
553 242 205 
512 278 210 
607 194 199 
491 307 202 
506 283 211 
557 285 158 
524 239 237 
496 270 234 
555 215 230 
569 212 219 
587 216 197 
539 229 232 
496 271 233 
521 236 243 
529 276 195 
506 294 200 
477 278 245 
550 270 180 
502 290 208 
500 233 267 
513 266 221 
578 221 201 
491 299 210 
568 222 210 
566 246 188 
491 281 228 
517 228 255 
521 219 260 
473 268 259 
538 230 232 
555 243 202 
459 244 297 
550 265 185 
622 212 166 
456 271 273 
427 262 311 
479 274 247 
535 198 267 
505 235 260 
532 254 214 
544 231 225 
564 253 183 
457 236 307 
590 236 174 
576 250 174 
562 247 191 
542 242 216 
574 228 198 
583 213 204 
508 219 273 
444 255 301 
572 221 207 
530 263 207 
530 259 211 
639 197 164 
565 232 203 
591 237 172 
520 263 217 
460 255 285 
502 224 274 
488 279 233 
515 245 240 
509 226 265 
520 276 204 
559 229 212 
496 217 287 
480 283 237 
436 190 374 
542 264 194 
502 311 187 
493 252 255 
467 251 282 
490 234 276 
596 210 194 
520 281 199 
478 269 253 
503 204 293 
553 239 208 
526 227 247 
521 300 179 
504 261 235 
507 240 253 
437 200 363 
563 226 211 
597 185 218 
556 250 194 
437 230 333 
632 187 181 
616 224 160 
508 241 251 
571 236 193 
590 262 148 
572 209 219 
508 238 254 
503 317 180 
520 243 237 
491 209 300 
526 219 255 
418 265 317 
536 264 200 
586 241 173 
475 251 274 
579 215 206 
554 232 214 
532 256 212 
607 170 223 
534 262 204 
517 250 233 
577 175 248 
483 274 243 
504 280 216 
525 197 278 
495 227 278 
652 227 121 
544 264 192 
523 289 188 
482 244 274 
547 293 160 
457 304 239 
503 276 221 
503 230 267 
545 286 169 
544 253 203 
503 203 294 
510 240 250 
583 265 152 
572 258 170 
534 254 212 
591 251 158 
538 229 233 
568 245 187 
520 254 226 
534 254 212 
490 266 244 
392 308 300 
606 173 221 
488 247 265 
503 244 253 
537 246 217 
545 258 197 
551 261 188 
562 279 159 
557 225 218 
547 260 193 
543 248 209 
443 263 294 
509 241 250 
622 240 138 
601 229 170 
529 189 282 
642 209 149 
516 277 207 
511 259 230 
548 241 211 
518 244 238 
607 227 166 
608 227 165 
551 259 190 
591 218 191 
561 270 169 
535 238 227 
474 297 229 
611 284 105 
539 248 213 
563 231 206 
581 224 195 
514 266 220 
535 250 215 
486 276 238 
493 236 271 
488 282 230 
584 221 195 
546 248 206 
467 194 339 
590 235 175 
515 242 243 
545 255 200 
617 236 147 
515 290 195 
492 207 301 
556 216 228 
531 331 138 
545 307 148 
599 247 154 
578 262 160 
527 223 250 
565 249 186 
499 247 254 
497 269 234 
564 259 177 
420 218 362 
577 190 233 
516 251 233 
529 228 243 
520 262 218 
609 200 191 
572 257 171 
463 218 319 
548 214 238 
470 191 339 
615 216 169 
487 241 272 
517 325 158 
443 257 300 
608 236 156 
544 301 155 
556 203 241 
497 252 251 
559 247 194 
403 268 329 
547 266 187 
572 206 222 
590 232 178 
444 224 332 
513 255 232 
548 230 222 
600 257 143 
570 260 170 
468 220 312 
598 197 205 
572 243 185 
488 276 236 
528 206 266 
561 256 183 
541 246 213 
543 225 232 
571 227 202 
489 261 250 
507 258 235 
516 279 205 
532 218 250 
541 298 161 
530 248 222 
527 265 208 
571 236 193 
484 255 261 
573 268 159 
487 234 279 
537 253 210 
492 221 287 
410 263 327 
549 232 219 
555 260 185 
620 262 118 
485 241 274 
491 292 217 
461 330 209 
464 251 285 
514 187 299 
600 229 171 
456 278 266 
577 205 218 
472 246 282 
649 197 154 
517 254 229 
451 296 253 
474 243 283 
493 248 259 
539 263 198 
493 272 235 
545 245 210 
493 214 293 
530 286 184 
571 231 198 
513 303 184 
508 278 214 
541 275 184 
444 282 274 
524 197 279 
543 242 215 
527 219 254 
535 262 203 
421 301 278 
510 223 267 
465 238 297 
468 241 291 
558 288 154 
532 242 226 
582 258 160 
514 265 221 
540 258 202 
572 208 220 
527 252 221 
508 229 263 
445 272 283 
601 213 186 
589 222 189 
475 250 275 
535 216 249 
530 244 226 
525 258 217 
574 223 203 
583 189 228 
627 192 181 
465 244 291 
542 266 192 
500 272 228 
593 203 204 
560 216 224 
516 267 217 
514 240 246 
521 302 177 
505 235 260 
477 227 296 
587 227 186 
567 211 222 
480 214 306 
518 253 229 
548 206 246 
474 212 314 
628 214 158 
533 213 254 
476 286 238 
589 207 204 
579 191 230 
532 269 199 
497 268 235 
611 233 156 
565 202 233 
481 254 265 
594 228 178 
578 246 176 
481 260 259 
507 235 258 
491 285 224 
504 280 216 
597 244 159 
470 251 279 
515 261 224 
574 231 195 
559 249 192 
484 273 243 
545 317 138 
430 266 304 
538 244 218 
542 233 225 
522 303 175 
451 253 296 
520 283 197 
612 230 158 
549 285 166 
573 260 167 
395 221 384 
622 230 148 
482 209 309 
566 258 176 
502 313 185 
598 229 173 
545 196 259 
622 203 175 
487 281 232 
482 252 266 
565 213 222 
543 239 218 
582 225 193 
472 272 256 
451 240 309 
555 280 165 
484 296 220 
564 288 148 
507 278 215 
546 226 228 
527 292 181 
589 235 176 
572 244 184 
556 213 231 
510 276 214 
534 268 198 
533 199 268 
533 258 209 
523 219 258 
536 218 246 
490 268 242 
531 279 190 
504 268 228 
504 242 254 
598 217 185 
569 203 228 
512 280 208 
536 237 227 
520 282 198 
581 204 215 
501 253 246 
511 284 205 
524 228 248 
528 210 262 
405 222 373 
533 236 231 
595 236 169 
534 262 204 
535 300 165 
494 283 223 
586 241 173 
552 200 248 
482 285 233 
564 233 203 
551 233 216 
531 249 220 
529 260 211 
585 222 193 
486 303 211 
584 213 203 
591 182 227 
547 284 169 
526 226 248 
564 166 270 
516 281 203 
570 248 182 
581 175 244 
554 268 178 
602 245 153 
491 216 293 
530 241 229 
559 222 219 
508 289 203 
526 257 217 
497 243 260 
578 213 209 
483 246 271 
599 228 173 
499 248 253 
527 255 218 
393 275 332 
515 177 308 
534 218 248 
494 251 255 
549 294 157 
462 270 268 
453 255 292 
578 240 182 
621 225 154 
416 243 341 
549 258 193 
553 270 177 
503 282 215 
589 232 179 
529 270 201 
537 243 220 
514 284 202 
567 215 218 
472 299 229 
592 224 184 
528 261 211 
465 215 320 
564 219 217 
477 265 258 
556 266 178 
472 233 295 
539 254 207 
489 267 244 
504 265 231 
537 230 233 
536 264 200 
400 256 344 
456 255 289 
477 264 259 
489 211 300 
489 240 271 
457 262 281 
545 315 140 
519 282 199 
514 227 259 
518 263 219 
440 253 307 
580 274 146 
565 265 170 
545 240 215 
593 192 215 
505 226 269 
579 240 181 
384 198 418 
564 244 192 
529 233 238 
442 215 343 
519 288 193 
534 270 196 
493 232 275 
523 245 232 
565 285 150 
504 233 263 
535 204 261 
581 185 234 
531 290 179 
562 232 206 
504 263 233 
533 205 262 
446 195 359 
528 295 177 
548 259 193 
494 212 294 
476 283 241 
491 269 240 
511 226 263 
517 263 220 
539 288 173 
501 252 247 
557 243 200 
494 271 235 
556 272 172 
543 243 214 
506 226 268 
529 222 249 
587 243 170 
517 238 245 
552 234 214 
597 226 177 
506 301 193 
551 262 187 
516 276 208 
558 207 235 
595 186 219 
495 258 247 
522 264 214 
494 247 259 
514 298 188 
581 221 198 
537 224 239 
482 276 242 
535 295 170 
534 258 208 
464 263 273 
548 218 234 
480 257 263 
540 197 263 
454 197 349 
459 216 325 
594 213 193 
503 206 291 
470 204 326 
514 235 251 
522 280 198 
504 249 247 
562 229 209 
552 275 173 
619 215 166 
506 263 231 
498 255 247 
519 252 229 
505 229 266 
586 186 228 
