5 57 236 66 1 
46 76 84 94 0 
3 75 178 64 0 
1 37 196 226 0 
6 53 96 33 74 
21 152 109 23 0 
15 56 86 108 0 
0 103 153 106 0 
2 44 169 33 0 
27 117 135 3 9 
7 53 31 105 0 
9 71 255 84 0 
0 60 117 52 0 
18 73 245 30 0 
14 193 131 98 0 
0 34 51 77 0 
3 71 87 159 0 
20 102 193 9 0 
21 78 124 25 0 
16 48 113 9 0 
0 48 66 142 0 
19 58 81 16 4 
30 119 61 66 6 
19 55 99 2 0 
21 38 175 44 0 
5 106 161 56 0 
1 15 110 55 20 
10 7 178 38 0 
2 89 131 50 0 
18 40 193 19 0 
1 57 306 22 3 
13 175 164 13 0 
22 49 245 56 0 
7 31 169 118 0 
0 58 469 37 0 
4 109 247 181 5 
10 45 228 33 1 
4 119 83 9 13 
2 68 295 33 0 
5 139 117 56 0 
0 33 313 52 32 
3 42 34 41 9 
18 108 29 36 0 
5 142 58 122 0 
1 70 151 81 0 
3 16 149 20 0 
10 109 173 56 0 
27 58 99 40 1 
2 12 183 88 0 
21 78 159 87 22 
17 37 89 85 0 
6 155 137 45 1 
0 0 152 112 0 
2 35 170 37 1 
5 75 132 17 0 
0 97 76 65 0 
21 66 59 158 0 
20 28 146 32 1 
1 71 144 89 0 
2 74 165 108 0 
0 12 244 310 0 
7 72 94 67 0 
2 15 98 85 0 
91 71 159 129 2 
12 24 121 100 0 
14 101 40 199 0 
0 41 269 60 0 
15 86 80 144 10 
0 27 193 43 0 
18 65 91 54 0 
0 114 174 117 0 
17 153 133 2 0 
8 20 218 208 0 
0 36 74 139 0 
16 72 215 152 0 
22 54 113 154 0 
3 100 218 108 0 
9 31 204 43 24 
17 88 180 4 0 
2 97 138 247 11 
19 46 96 151 76 
4 34 109 186 0 
3 75 191 100 12 
12 9 131 116 0 
1 14 147 112 5 
11 56 361 43 0 
24 122 202 2 0 
1 174 250 36 36 
6 50 113 42 0 
6 116 337 108 0 
23 18 220 86 0 
4 187 138 91 0 
15 42 374 78 20 
2 17 139 1 0 
2 29 54 71 0 
11 88 74 55 1 
16 60 96 91 0 
8 9 119 131 0 
22 99 278 50 0 
10 167 223 67 43 
13 89 211 23 1 
13 67 179 21 48 
2 95 39 34 0 
19 78 170 50 0 
24 18 205 61 0 
28 83 199 25 0 
2 17 147 18 0 
15 116 147 108 0 
30 74 140 148 0 
6 13 119 73 0 
0 21 135 95 0 
2 42 129 388 0 
13 57 214 59 0 
6 122 54 162 99 
31 181 155 88 0 
4 67 56 42 0 
8 1 318 261 0 
2 46 258 12 0 
28 177 39 46 0 
3 15 123 50 7 
11 52 168 80 22 
12 134 166 125 0 
0 30 174 113 0 
1 162 339 34 1 
23 47 130 38 0 
10 104 114 32 2 
1 2 241 60 0 
52 88 155 28 0 
9 150 252 15 0 
5 19 114 146 0 
7 36 130 40 0 
17 138 97 188 4 
6 23 170 89 3 
2 126 47 35 24 
22 43 127 69 0 
1 62 149 45 77 
5 114 134 20 0 
0 54 366 97 2 
7 22 64 174 0 
13 19 246 53 7 
31 91 311 47 9 
6 35 173 66 0 
1 72 117 90 1 
1 56 92 57 1 
9 26 210 23 0 
0 31 127 163 0 
7 77 187 134 0 
4 9 55 52 42 
17 70 246 35 1 
6 81 74 56 1 
17 158 60 16 0 
1 10 115 76 6 
11 57 208 29 0 
6 29 81 79 0 
4 99 174 77 0 
2 147 334 36 3 
18 115 96 104 0 
29 57 99 15 1 
4 108 152 83 0 
4 114 252 25 0 
7 62 280 64 1 
8 197 116 71 0 
0 147 252 20 0 
1 113 271 158 0 
3 43 179 120 0 
8 54 208 64 0 
3 87 208 34 1 
0 94 287 28 0 
15 84 191 60 0 
3 77 140 101 0 
0 102 125 22 0 
2 138 108 58 4 
18 7 70 68 0 
10 109 103 17 1 
5 38 65 197 0 
8 55 108 31 0 
15 63 140 28 0 
45 158 151 78 0 
9 30 136 19 0 
10 14 207 108 0 
0 22 89 99 11 
9 88 60 107 1 
8 59 152 54 0 
53 47 92 21 0 
24 20 113 281 0 
21 58 164 11 0 
5 26 147 102 18 
7 121 168 158 0 
9 76 122 35 0 
2 63 51 53 0 
13 157 63 10 1 
0 117 210 60 0 
21 62 141 27 2 
20 30 167 24 0 
13 22 80 114 0 
10 39 158 24 0 
15 100 167 29 7 
3 54 151 142 1 
2 89 71 75 85 
0 17 229 241 0 
12 32 200 157 21 
3 32 197 67 0 
26 19 123 80 5 
23 149 131 52 0 
13 76 123 78 0 
0 39 254 98 2 
2 15 118 88 4 
12 117 121 176 0 
26 47 104 87 0 
65 66 89 129 7 
40 105 117 51 0 
51 103 159 48 1 
1 170 138 73 0 
1 5 153 28 0 
0 91 101 137 0 
11 85 134 49 0 
20 147 142 83 5 
5 116 235 5 0 
12 40 124 20 0 
1 72 182 66 2 
0 159 105 56 0 
2 69 135 67 0 
43 16 91 42 0 
0 53 94 89 0 
6 52 136 85 0 
15 26 113 83 0 
0 95 166 112 0 
8 21 121 203 0 
4 138 205 16 0 
0 25 205 72 0 
13 94 239 163 0 
10 152 72 62 0 
17 177 273 9 0 
16 172 80 37 16 
0 57 230 137 0 
0 8 390 54 7 
15 30 70 90 0 
7 34 100 92 3 
5 39 88 86 0 
21 113 141 21 1 
3 93 74 44 0 
13 64 52 66 0 
22 53 121 190 0 
0 22 200 18 0 
9 43 171 147 0 
12 129 81 65 0 
34 16 59 147 0 
4 86 182 20 0 
2 77 36 181 53 
9 17 201 68 0 
2 190 167 42 0 
7 59 193 39 0 
4 76 51 69 0 
8 51 141 88 0 
0 27 312 66 0 
5 31 91 27 0 
0 23 98 3 55 
37 90 148 20 0 
10 98 203 12 0 
0 108 39 8 0 
25 36 314 124 0 
6 92 218 65 0 
17 177 53 83 0 
19 21 237 94 7 
1 98 162 110 0 
3 76 102 28 1 
8 36 163 125 0 
8 65 167 215 14 
0 46 92 83 0 
9 12 229 111 8 
20 51 205 30 0 
2 11 72 54 162 
5 92 151 84 0 
8 24 112 110 15 
2 74 94 124 40 
1 48 81 32 0 
7 117 253 54 0 
0 63 111 199 0 
4 83 107 29 0 
34 51 72 28 0 
10 107 287 65 0 
11 122 126 7 0 
27 114 142 9 0 
25 86 112 30 0 
53 38 234 8 0 
2 43 141 53 0 
0 46 229 165 0 
17 139 255 46 0 
4 1 260 76 8 
0 39 377 46 0 
0 93 67 23 0 
1 79 107 30 0 
10 52 430 47 39 
12 97 133 78 0 
4 33 56 154 1 
8 58 74 141 0 
30 39 111 70 0 
41 21 148 10 6 
31 23 139 255 2 
9 90 231 18 10 
1 66 99 37 8 
46 18 130 20 3 
0 5 153 29 0 
6 85 73 105 6 
2 145 163 127 0 
8 80 183 71 0 
0 38 188 95 0 
3 79 151 43 0 
0 24 185 58 0 
2 28 86 56 92 
40 56 211 111 0 
6 63 107 89 0 
3 77 131 173 0 
18 26 50 60 2 
7 78 158 26 0 
6 40 153 106 0 
0 53 174 43 0 
1 18 99 42 4 
5 151 68 54 0 
21 109 222 9 0 
2 75 125 20 4 
1 11 133 186 0 
17 66 274 136 0 
7 5 73 32 0 
9 107 145 32 0 
3 77 200 27 1 
11 28 202 37 0 
51 97 148 209 0 
10 81 176 84 1 
6 138 165 81 15 
9 41 239 23 1 
2 207 37 66 0 
33 55 353 2 0 
1 117 194 14 0 
7 94 128 100 0 
14 124 329 26 0 
2 38 137 11 0 
0 160 129 13 0 
0 47 81 84 22 
0 73 116 220 8 
3 135 182 6 0 
1 105 179 16 0 
26 6 72 173 0 
2 111 111 131 0 
11 159 79 105 0 
1 39 279 70 0 
1 29 286 60 0 
9 20 122 381 0 
6 21 170 30 1 
3 118 327 45 12 
21 21 173 96 1 
12 79 71 124 23 
7 75 106 18 1 
7 116 111 147 0 
38 72 185 15 0 
12 43 109 1 0 
3 39 269 60 0 
2 18 173 88 2 
2 89 140 16 0 
4 22 107 67 0 
0 33 155 8 16 
11 88 120 172 0 
4 6 229 15 0 
3 128 146 54 1 
11 38 30 62 0 
11 115 164 82 0 
5 17 224 170 0 
29 62 76 2 0 
6 60 82 71 0 
3 54 134 106 4 
14 101 300 56 0 
12 89 90 75 2 
18 13 108 212 0 
16 16 111 52 0 
0 54 206 76 0 
6 97 137 40 1 
18 89 100 56 60 
7 27 319 53 0 
6 67 109 57 0 
62 40 244 52 0 
1 94 226 25 0 
10 121 83 116 0 
0 212 164 160 0 
30 54 130 26 0 
17 53 134 226 0 
41 50 85 29 0 
9 123 222 194 0 
8 110 31 16 0 
7 78 63 73 0 
2 62 297 62 55 
12 13 151 187 0 
6 36 294 9 0 
17 231 198 80 0 
15 77 109 107 2 
8 83 266 119 29 
2 32 133 35 0 
6 113 141 163 1 
28 106 158 4 0 
7 69 150 47 59 
0 88 164 25 0 
18 143 176 45 0 
2 63 165 113 0 
24 32 98 69 0 
5 49 84 45 0 
3 88 192 123 0 
9 152 292 36 0 
7 74 205 110 0 
18 102 135 135 0 
2 71 298 126 0 
24 21 155 161 0 
35 10 89 108 0 
5 11 210 164 1 
5 78 73 126 0 
25 54 116 99 2 
3 32 105 82 0 
2 78 143 164 0 
4 85 183 136 0 
60 19 194 78 0 
5 150 32 151 0 
0 176 133 90 0 
3 55 60 57 40 
15 210 126 24 0 
3 52 166 92 1 
3 102 25 23 10 
32 137 247 1 19 
17 52 80 77 0 
0 49 275 119 0 
2 0 172 31 0 
6 179 10 98 0 
3 37 92 203 10 
32 48 194 292 0 
4 23 422 18 0 
2 8 162 39 0 
20 71 75 44 0 
7 9 175 240 0 
1 45 156 22 0 
12 61 145 75 0 
19 13 152 102 0 
55 63 182 29 0 
5 89 51 54 0 
20 159 102 59 0 
1 105 153 71 0 
35 21 79 65 0 
0 61 124 231 19 
0 46 67 44 0 
15 25 134 61 0 
0 9 254 55 103 
6 22 177 181 0 
1 55 225 70 0 
1 45 179 8 0 
9 104 119 52 0 
0 112 186 23 0 
4 56 201 53 0 
5 77 174 64 3 
22 22 169 50 1 
26 26 222 14 0 
29 26 236 37 0 
10 53 73 139 0 
4 99 46 43 0 
0 38 257 77 17 
26 174 56 74 0 
15 32 231 11 40 
10 123 170 51 9 
5 45 367 23 9 
0 154 127 150 0 
1 75 254 82 0 
0 35 151 52 23 
4 41 119 5 0 
0 299 117 66 0 
0 104 81 43 69 
20 51 171 218 0 
7 152 47 23 5 
9 115 117 18 0 
12 14 204 148 1 
1 128 263 90 10 
7 29 204 73 14 
25 99 165 166 26 
2 48 53 36 0 
7 44 107 45 23 
5 50 120 14 18 
1 44 97 17 0 
0 35 255 250 0 
4 19 155 146 0 
10 78 155 54 0 
6 52 61 57 24 
4 31 90 77 4 
55 52 47 127 30 
3 36 77 286 0 
1 45 265 69 0 
7 95 56 16 0 
3 70 272 40 153 
7 89 292 47 0 
6 40 131 131 76 
9 41 145 15 14 
10 1 190 75 0 
2 50 217 46 0 
0 110 137 32 1 
18 120 211 70 0 
9 32 236 74 1 
29 26 233 41 0 
5 46 115 250 0 
22 39 159 158 8 
10 135 31 114 0 
11 24 103 129 0 
1 62 91 126 0 
22 155 62 45 0 
20 1 122 184 1 
0 100 224 98 0 
2 64 53 79 0 
26 46 132 48 0 
13 23 304 112 0 
14 42 100 20 0 
4 21 173 26 0 
12 27 71 77 0 
0 81 43 73 0 
17 39 275 61 0 
15 210 106 91 0 
2 107 140 143 0 
19 105 134 124 0 
9 13 219 56 218 
15 7 102 86 0 
35 210 33 198 3 
24 71 155 80 0 
40 206 54 24 0 
0 20 139 123 11 
3 177 132 57 0 
43 120 97 81 0 
53 81 225 28 0 
5 16 103 254 0 
21 33 200 95 0 
12 21 329 111 0 
7 93 145 116 14 
3 45 136 38 0 
2 34 252 48 0 
2 14 154 45 0 
3 28 160 3 3 
11 36 106 140 13 
0 20 207 30 0 
18 143 127 76 6 
4 36 223 88 0 
41 76 154 96 70 
11 29 88 64 40 
2 20 113 144 0 
12 43 202 28 0 
7 37 87 88 10 
11 23 222 39 0 
55 197 180 56 0 
1 89 136 123 1 
80 24 153 66 0 
5 79 65 37 0 
13 32 152 143 6 
6 31 322 247 4 
3 133 69 7 18 
0 57 232 1 0 
13 106 95 21 0 
13 71 307 32 13 
0 30 191 96 0 
24 284 168 25 0 
22 89 237 69 0 
0 101 298 6 0 
1 36 244 54 19 
1 24 212 74 0 
0 38 87 79 0 
1 21 298 26 0 
2 73 211 96 0 
27 99 121 15 0 
8 112 235 92 0 
26 34 124 91 0 
19 285 90 27 0 
16 39 167 2 0 
18 70 202 31 0 
10 25 314 68 7 
18 29 130 131 2 
8 14 94 152 1 
8 21 107 74 4 
3 41 220 83 0 
19 40 89 9 0 
10 74 156 24 69 
18 133 160 50 3 
9 96 165 26 0 
8 133 47 38 0 
3 17 214 130 0 
6 35 59 206 0 
4 127 53 63 0 
7 58 74 233 0 
7 100 162 117 4 
8 102 169 43 0 
16 98 265 46 0 
7 20 192 13 0 
0 50 255 37 0 
76 63 169 45 0 
12 54 212 6 0 
37 79 116 77 0 
3 62 96 65 0 
24 34 115 98 1 
4 55 105 79 0 
50 54 168 109 0 
4 52 183 214 0 
15 11 323 60 0 
23 68 42 163 1 
13 47 207 62 46 
1 35 111 71 0 
29 66 143 7 0 
0 20 207 87 0 
16 78 102 56 1 
4 96 164 12 0 
20 138 209 74 12 
76 107 125 82 0 
47 90 216 32 0 
4 46 172 145 0 
0 47 34 160 7 
11 28 134 96 0 
4 58 239 68 0 
0 24 116 57 0 
22 51 132 40 0 
14 127 113 139 0 
10 181 314 16 46 
18 103 181 234 8 
19 68 219 40 0 
0 108 89 101 0 
25 135 202 19 0 
1 110 62 40 1 
17 66 111 25 0 
5 29 120 17 0 
4 47 128 89 0 
9 259 131 159 0 
0 125 241 58 0 
29 100 72 23 0 
11 100 141 197 0 
5 33 214 22 1 
2 70 251 152 4 
3 130 95 58 4 
32 151 101 49 0 
7 54 176 34 20 
24 14 125 90 51 
0 95 192 103 0 
4 20 159 155 0 
4 114 133 80 0 
0 55 225 23 4 
25 67 231 14 0 
3 123 148 38 0 
59 46 168 107 0 
1 42 145 98 0 
15 78 173 39 0 
7 125 112 15 46 
0 97 452 33 0 
6 32 121 34 0 
76 37 123 31 0 
12 95 221 49 44 
14 71 142 18 0 
21 118 93 49 10 
1 41 136 133 0 
2 59 130 51 5 
30 51 227 81 0 
8 21 193 11 0 
7 65 182 190 0 
0 140 102 67 0 
16 15 36 301 0 
12 56 83 54 0 
0 53 213 12 4 
3 96 154 168 0 
6 14 152 16 0 
1 50 66 58 0 
5 205 129 51 0 
0 20 82 173 0 
11 34 280 28 0 
5 36 252 75 1 
1 48 106 29 0 
0 83 143 116 7 
4 134 113 166 0 
1 44 123 146 0 
66 95 92 49 0 
0 61 259 54 0 
3 14 113 48 15 
2 22 152 149 10 
26 83 157 29 0 
0 56 439 11 0 
5 104 95 23 0 
34 102 124 10 0 
8 1 145 70 0 
9 8 78 110 45 
0 206 253 148 3 
6 38 225 2 2 
19 11 233 61 8 
26 70 241 39 15 
52 71 72 146 0 
8 84 125 126 61 
8 85 72 196 0 
4 38 167 183 0 
0 22 56 107 0 
1 22 146 173 0 
3 42 156 228 0 
12 95 145 78 0 
3 47 181 194 0 
0 170 116 106 0 
7 64 119 49 0 
7 67 218 84 0 
5 17 185 108 0 
10 28 119 119 0 
13 89 148 8 1 
0 244 107 71 0 
6 161 96 164 7 
5 50 141 44 0 
34 39 78 38 1 
10 207 53 32 2 
0 59 199 140 0 
56 50 252 62 0 
34 98 108 29 0 
7 149 243 75 0 
11 37 147 9 0 
15 18 222 81 67 
0 36 185 45 0 
22 167 117 190 0 
15 113 217 36 0 
3 56 47 77 0 
5 45 181 80 0 
14 33 143 8 4 
1 151 178 117 0 
4 67 101 64 0 
0 9 133 113 16 
8 137 204 20 0 
16 146 97 138 0 
0 29 147 25 1 
38 75 127 32 0 
1 49 130 101 1 
15 34 218 59 1 
12 25 87 98 13 
6 151 73 46 0 
35 67 103 91 0 
12 22 28 23 0 
0 9 194 87 0 
18 24 176 193 0 
4 170 142 86 0 
4 32 158 81 0 
7 40 289 81 26 
3 48 226 86 1 
0 20 247 114 0 
33 102 156 48 5 
20 68 159 48 0 
0 36 82 41 8 
10 36 236 35 0 
2 95 57 14 11 
7 24 112 19 0 
4 31 88 2 0 
0 7 246 97 2 
5 82 259 29 8 
0 105 146 65 0 
6 55 232 152 0 
20 121 120 162 0 
4 44 185 15 0 
1 77 91 202 0 
17 68 56 94 0 
12 19 251 81 19 
1 30 124 158 0 
10 40 73 161 17 
2 58 139 110 38 
1 50 134 70 6 
19 89 85 78 1 
1 64 174 105 0 
0 3 202 77 1 
2 45 230 34 88 
11 64 259 25 3 
8 15 234 43 2 
2 68 83 60 0 
4 46 186 45 1 
8 98 67 129 0 
3 32 249 8 0 
2 167 145 34 0 
7 65 110 36 0 
6 16 148 68 0 
21 116 59 106 0 
1 97 171 120 14 
49 64 205 95 0 
12 42 212 68 1 
21 63 99 32 0 
60 82 106 62 0 
12 78 149 47 0 
8 110 73 117 0 
1 197 41 16 1 
6 150 100 32 0 
0 54 116 227 0 
95 56 76 15 0 
7 24 175 101 0 
3 43 131 29 0 
8 80 213 88 0 
16 83 135 43 0 
4 2 265 113 1 
4 19 233 15 0 
2 54 269 4 0 
5 60 187 82 8 
1 40 245 48 0 
5 97 234 2 0 
15 63 254 69 0 
5 52 220 149 7 
9 42 114 15 1 
19 33 210 61 0 
8 88 74 95 34 
0 64 218 19 17 
8 46 134 58 0 
15 46 92 50 0 
3 94 213 36 0 
9 97 174 71 0 
1 19 201 74 69 
16 69 114 106 0 
2 71 50 93 0 
6 70 260 17 46 
0 40 272 144 0 
0 30 185 45 0 
6 49 386 129 0 
4 5 130 126 0 
0 27 63 87 4 
10 117 194 115 0 
0 84 111 118 0 
5 114 136 31 0 
8 19 316 91 0 
0 156 155 46 0 
4 83 112 9 0 
20 53 164 6 0 
6 59 311 0 0 
11 109 296 41 0 
42 83 194 8 0 
2 36 221 112 0 
15 53 63 139 0 
32 23 96 67 0 
18 14 156 55 0 
38 16 251 31 0 
3 52 253 38 51 
2 107 140 44 5 
12 38 192 24 0 
2 65 48 20 0 
4 76 49 113 183 
27 27 194 76 0 
14 40 342 22 7 
9 53 240 2 0 
3 9 259 33 0 
1 47 123 47 0 
0 34 282 81 0 
4 38 120 28 1 
2 56 50 82 0 
11 12 254 28 6 
21 104 21 93 0 
4 26 440 34 0 
5 87 204 134 39 
4 197 121 199 0 
0 161 108 51 0 
14 75 90 26 1 
7 24 324 153 0 
24 139 152 68 0 
14 55 178 67 0 
6 214 222 52 2 
6 53 38 21 0 
29 22 395 124 0 
0 72 117 149 0 
1 46 140 73 0 
8 92 180 117 0 
27 17 209 120 0 
4 23 193 158 0 
3 75 134 38 0 
6 88 338 18 14 
14 69 122 78 19 
0 65 213 70 0 
3 74 82 83 4 
20 74 98 124 0 
1 29 194 40 0 
12 23 262 19 0 
44 34 105 32 6 
2 101 92 117 0 
7 96 150 19 0 
10 10 219 120 14 
2 206 30 4 33 
8 29 199 50 0 
56 31 306 94 0 
0 166 218 46 1 
22 75 138 53 64 
4 12 38 85 0 
19 25 161 19 0 
2 110 176 44 0 
1 19 192 10 0 
23 95 113 34 0 
0 32 234 36 71 
1 156 126 67 0 
18 45 88 199 4 
3 44 137 42 0 
8 68 129 34 0 
6 94 98 50 0 
0 35 146 171 0 
1 14 179 33 0 
26 106 165 10 0 
1 87 74 18 0 
4 42 346 36 2 
0 116 187 24 0 
7 36 95 187 0 
5 111 96 128 5 
16 79 182 121 24 
30 76 68 43 1 
21 67 146 39 0 
1 29 98 32 0 
0 39 88 108 0 
10 15 137 105 0 
14 40 168 53 0 
1 53 221 78 0 
1 106 303 57 1 
1 49 134 156 0 
6 14 123 95 48 
7 115 246 40 0 
5 81 167 96 0 
0 182 199 28 16 
6 98 105 33 0 
6 68 102 78 34 
0 110 129 85 0 
3 52 155 97 73 
9 30 127 40 0 
14 149 123 20 1 
5 1 69 14 31 
0 59 85 83 36 
3 88 120 80 0 
6 64 67 42 0 
29 114 126 25 0 
2 48 153 169 0 
27 132 169 53 0 
11 105 71 62 0 
2 66 275 55 0 
10 76 83 201 0 
3 155 140 90 1 
2 173 58 5 1 
11 80 170 30 0 
18 85 85 21 0 
1 73 160 70 13 
19 113 107 21 0 
19 61 144 31 0 
5 54 56 318 0 
8 121 229 39 0 
11 30 105 110 0 
4 76 268 56 0 
1 60 160 186 2 
13 43 164 164 12 
2 61 147 58 5 
2 94 69 80 11 
0 33 83 79 17 
1 175 217 20 3 
10 103 61 33 0 
1 10 102 49 1 
10 72 36 68 0 
26 27 62 266 70 
5 114 168 64 0 
4 75 199 99 0 
9 106 34 120 0 
7 194 177 18 0 
4 32 202 76 13 
14 78 106 40 0 
4 43 66 60 0 
8 21 68 77 0 
55 6 179 87 0 
1 70 201 76 0 
0 81 189 9 0 
0 70 118 85 74 
1 32 42 92 0 
0 104 235 1 0 
4 90 163 25 0 
1 81 177 81 0 
13 80 156 60 0 
2 21 244 88 2 
10 49 91 107 0 
5 90 186 107 0 
17 67 138 77 17 
0 89 181 280 0 
0 103 91 123 19 
7 20 154 51 0 
4 62 118 28 1 
8 148 197 128 5 
7 65 156 31 4 
8 43 200 15 0 
9 130 61 122 0 
7 115 96 37 0 
8 44 292 89 0 
13 71 88 96 0 
0 165 107 73 0 
21 54 144 53 14 
5 97 209 109 0 
2 18 99 48 0 
22 47 207 43 0 
1 60 124 195 0 
16 48 167 15 12 
50 8 179 31 0 
45 46 124 27 0 
6 138 103 30 0 
0 53 268 25 0 
4 128 152 3 0 
27 74 299 95 0 
26 26 133 49 39 
19 101 259 46 0 
5 37 66 76 0 
15 45 132 60 0 
0 58 338 51 0 
18 87 186 12 0 
27 76 75 20 0 
3 59 163 86 0 
13 93 109 35 0 
9 54 102 224 0 
14 63 135 38 0 
