0 91 21 
0 53 49 
0 116 18 
0 107 21 
0 79 14 
0 91 44 
0 113 4 
0 104 26 
0 132 15 
0 79 25 
0 127 49 
0 138 55 
0 103 14 
0 83 59 
0 132 36 
0 103 85 
0 105 72 
0 138 45 
0 149 39 
0 137 40 
0 40 11 
0 107 8 
0 103 25 
0 107 38 
0 136 77 
0 133 16 
0 76 77 
0 159 41 
0 124 56 
0 170 6 
0 73 14 
0 103 21 
0 149 19 
0 92 24 
0 118 43 
0 98 22 
0 152 57 
0 124 69 
0 140 63 
0 100 31 
0 116 11 
0 109 33 
0 133 32 
0 77 9 
0 87 16 
0 73 0 
0 77 53 
0 120 53 
0 135 130 
0 88 79 
0 133 48 
0 124 8 
0 121 54 
0 60 4 
0 112 19 
0 128 27 
0 90 31 
0 132 25 
0 71 47 
0 30 9 
0 126 22 
0 114 17 
0 118 85 
0 164 21 
0 66 1 
0 99 42 
0 56 42 
0 75 31 
0 116 67 
0 66 11 
0 105 76 
0 123 48 
0 151 77 
0 95 9 
0 134 19 
0 132 13 
0 181 52 
0 109 70 
0 109 84 
0 66 8 
0 124 23 
0 140 42 
0 97 21 
0 121 12 
0 94 18 
0 150 61 
0 124 106 
0 102 8 
0 158 20 
0 193 6 
0 186 20 
0 44 131 
0 139 54 
0 108 21 
0 95 25 
0 110 15 
0 91 9 
0 158 4 
0 97 8 
0 216 59 
0 83 140 
0 118 106 
0 71 27 
0 114 73 
0 138 29 
0 127 67 
0 176 42 
0 94 37 
0 159 134 
0 147 35 
0 83 35 
0 73 102 
0 54 35 
0 120 47 
0 76 43 
0 58 57 
0 63 25 
0 93 67 
0 111 21 
0 158 54 
0 91 23 
0 113 19 
0 106 46 
0 80 37 
0 87 162 
0 115 45 
0 153 36 
0 130 40 
0 170 177 
0 155 21 
0 96 24 
0 88 22 
0 163 65 
0 185 90 
0 117 12 
0 114 73 
0 115 29 
0 90 9 
0 87 3 
0 63 6 
0 114 107 
0 140 81 
0 126 82 
0 68 19 
0 62 16 
0 108 101 
0 80 35 
0 119 51 
0 105 65 
0 162 4 
0 116 13 
0 95 27 
0 121 40 
0 128 76 
0 116 47 
0 84 29 
0 124 25 
0 73 53 
0 91 15 
0 60 101 
0 118 23 
0 103 31 
0 98 23 
0 78 29 
0 177 11 
0 100 146 
0 154 50 
0 101 112 
0 106 33 
0 114 22 
0 118 6 
0 182 44 
0 172 44 
0 130 25 
0 93 37 
0 149 18 
0 118 34 
0 85 26 
0 96 29 
0 129 38 
0 102 17 
0 144 66 
0 162 77 
0 143 45 
0 88 22 
0 91 41 
0 111 6 
0 184 21 
0 148 57 
0 107 27 
0 92 33 
0 112 20 
0 138 32 
0 68 119 
0 166 41 
0 127 10 
0 167 24 
0 102 18 
0 103 53 
0 77 24 
0 169 3 
0 138 9 
0 88 63 
0 51 13 
0 93 19 
0 125 45 
0 170 31 
0 78 22 
0 126 91 
0 107 1 
0 84 42 
0 97 53 
0 87 25 
0 138 44 
0 104 14 
0 67 44 
0 176 42 
0 68 42 
0 135 55 
0 150 127 
0 88 32 
0 119 34 
0 95 118 
0 90 5 
0 89 17 
0 80 78 
0 123 31 
0 122 72 
0 82 118 
0 168 17 
0 113 61 
0 82 10 
0 112 80 
0 111 53 
0 145 68 
0 100 76 
0 68 40 
0 80 30 
0 112 36 
0 132 25 
0 57 166 
0 69 40 
0 173 25 
0 82 30 
0 70 23 
0 171 135 
0 94 58 
0 49 81 
0 130 27 
0 114 22 
0 95 15 
0 105 19 
0 95 52 
0 157 14 
0 121 82 
0 65 10 
0 86 10 
0 169 33 
0 87 88 
0 125 51 
0 84 43 
0 126 38 
0 118 80 
0 149 26 
0 89 18 
0 75 18 
0 127 13 
0 105 7 
0 144 39 
0 92 81 
0 70 36 
0 170 17 
0 116 7 
0 65 29 
0 98 51 
0 114 18 
0 72 107 
0 91 35 
0 130 34 
0 131 2 
0 101 41 
0 109 39 
0 118 30 
0 90 30 
0 127 17 
0 58 21 
0 150 21 
0 127 30 
0 80 40 
0 84 39 
0 88 22 
0 108 33 
0 134 18 
0 118 13 
0 54 12 
0 57 16 
0 80 66 
0 117 37 
0 175 47 
0 149 20 
0 194 39 
0 151 19 
0 145 23 
0 168 79 
0 104 50 
0 125 64 
0 118 7 
0 80 21 
0 154 7 
0 74 53 
0 93 44 
0 126 36 
0 129 20 
0 105 19 
0 87 50 
0 143 18 
0 115 14 
0 94 8 
0 82 12 
0 159 21 
0 85 56 
0 172 28 
0 147 24 
0 74 22 
0 104 30 
0 193 6 
0 128 95 
0 99 6 
0 113 36 
0 65 18 
0 113 28 
0 119 3 
0 143 23 
0 94 149 
0 92 70 
0 135 39 
0 134 35 
0 80 68 
0 240 73 
0 108 0 
0 69 39 
0 60 69 
0 121 10 
0 47 14 
0 91 16 
0 107 43 
0 111 2 
0 82 58 
0 65 112 
0 78 33 
0 135 49 
0 104 43 
0 123 5 
0 97 42 
0 103 21 
0 82 18 
0 128 22 
0 187 13 
0 92 29 
0 96 69 
0 153 48 
0 87 8 
0 97 35 
0 116 44 
0 126 10 
0 91 58 
0 119 2 
0 150 9 
0 112 40 
0 113 103 
0 178 76 
0 149 28 
0 130 74 
0 172 71 
0 114 10 
0 99 49 
0 169 27 
0 81 17 
0 82 5 
0 94 60 
0 99 57 
0 72 12 
0 119 25 
0 118 17 
0 100 71 
0 73 26 
0 103 29 
0 157 49 
0 163 54 
0 171 50 
0 110 25 
0 101 89 
0 101 28 
0 136 67 
0 70 58 
0 116 25 
0 100 52 
0 146 38 
0 109 61 
0 141 21 
0 99 32 
0 114 26 
0 150 42 
0 121 90 
0 127 31 
0 111 47 
0 86 10 
0 127 25 
0 127 54 
0 144 24 
0 79 17 
0 62 10 
0 139 35 
0 80 45 
0 91 23 
0 129 73 
0 76 32 
0 107 8 
0 126 7 
0 140 23 
0 204 57 
0 79 69 
0 100 52 
0 114 38 
0 39 41 
0 103 51 
0 54 26 
0 129 17 
0 132 29 
0 81 43 
0 44 26 
0 121 12 
0 109 64 
0 146 52 
0 120 30 
0 118 14 
0 117 78 
0 91 56 
0 166 62 
0 86 89 
0 149 41 
0 157 18 
0 155 26 
0 123 54 
0 51 63 
0 147 90 
0 88 23 
0 76 49 
0 126 27 
0 153 28 
0 123 42 
0 128 50 
0 123 29 
0 144 81 
0 46 64 
0 176 48 
0 101 26 
0 137 16 
0 79 7 
0 123 23 
0 44 35 
0 109 18 
0 147 11 
0 134 7 
0 57 37 
0 120 25 
0 115 13 
0 64 49 
0 127 40 
0 70 9 
0 59 22 
0 105 34 
0 64 73 
0 58 51 
0 56 69 
0 128 35 
0 126 10 
0 119 31 
0 123 17 
0 73 51 
0 81 2 
0 91 0 
0 105 40 
0 68 38 
0 103 19 
0 87 13 
0 118 83 
0 145 42 
0 107 26 
0 58 4 
0 87 46 
0 87 32 
0 111 50 
0 94 51 
0 115 11 
0 171 13 
0 106 31 
0 194 25 
0 98 33 
0 104 26 
0 129 39 
0 108 35 
0 165 33 
0 134 8 
0 141 68 
0 97 12 
0 64 26 
0 163 23 
0 94 25 
0 130 22 
0 84 78 
0 117 15 
0 68 17 
0 101 31 
0 133 4 
0 160 27 
0 114 46 
0 118 7 
0 124 80 
0 109 37 
0 139 52 
0 72 3 
0 178 111 
0 78 21 
0 140 13 
0 103 20 
0 150 2 
0 109 14 
0 53 105 
0 120 124 
0 130 19 
0 109 58 
0 74 60 
0 145 71 
0 109 42 
0 139 37 
0 114 43 
0 46 91 
0 85 35 
0 178 32 
0 63 38 
0 142 111 
0 143 71 
0 86 45 
0 108 28 
0 109 21 
0 66 19 
0 109 92 
0 116 41 
0 174 40 
0 63 61 
0 138 97 
0 176 56 
0 106 28 
0 71 62 
0 141 20 
0 136 26 
0 68 22 
0 157 1 
0 74 132 
0 86 23 
0 63 37 
0 119 68 
0 118 52 
0 113 17 
0 108 16 
0 157 102 
0 79 21 
0 85 61 
0 163 56 
0 120 11 
0 66 22 
0 78 49 
0 92 58 
0 111 52 
0 81 13 
0 115 10 
0 120 25 
0 104 35 
0 121 17 
0 202 41 
0 100 2 
0 78 24 
0 115 38 
0 116 22 
0 127 63 
0 149 26 
0 110 83 
0 100 41 
0 105 12 
0 160 23 
0 118 6 
0 150 34 
0 151 12 
0 152 58 
0 100 42 
0 108 153 
0 136 53 
0 189 33 
0 152 5 
0 98 68 
0 85 12 
0 116 43 
0 124 28 
0 105 32 
0 82 14 
0 95 34 
0 46 24 
0 142 23 
0 114 38 
0 126 51 
0 103 9 
0 83 9 
0 168 3 
0 111 95 
0 108 106 
0 112 25 
0 182 25 
0 64 27 
0 185 23 
0 103 26 
0 132 38 
0 82 7 
0 156 12 
0 120 47 
0 149 17 
0 97 3 
0 111 17 
0 44 23 
0 133 40 
0 61 103 
0 74 28 
0 149 31 
0 135 37 
0 103 79 
0 63 39 
0 105 17 
0 145 20 
0 90 7 
0 109 27 
0 114 11 
0 72 42 
0 144 37 
0 135 51 
0 137 67 
0 87 26 
0 66 28 
0 76 24 
0 88 25 
0 98 9 
0 70 17 
0 76 30 
0 126 8 
0 133 35 
0 139 17 
0 194 18 
0 149 45 
0 64 58 
0 76 49 
0 164 39 
0 111 34 
0 122 92 
0 152 17 
0 110 41 
0 156 31 
0 114 26 
0 75 47 
0 107 19 
0 159 49 
0 102 71 
0 120 39 
0 115 36 
0 83 21 
0 130 25 
0 152 94 
0 125 30 
0 66 5 
0 108 82 
0 79 45 
0 120 46 
0 118 66 
0 133 61 
0 75 22 
0 129 45 
0 83 16 
0 94 12 
0 137 73 
0 97 51 
0 169 13 
0 107 30 
0 218 18 
0 129 3 
0 117 37 
0 184 14 
0 104 24 
0 202 87 
0 152 4 
0 92 25 
0 124 35 
0 54 26 
0 159 21 
0 93 28 
0 134 13 
0 123 54 
0 99 19 
0 64 59 
0 107 44 
0 128 47 
0 137 20 
0 133 21 
0 108 50 
0 196 20 
0 87 3 
0 138 79 
0 83 4 
0 125 9 
0 51 56 
0 114 21 
0 76 16 
0 79 89 
0 87 64 
0 175 62 
0 82 20 
0 79 26 
0 99 68 
0 107 27 
0 177 45 
0 136 68 
0 134 34 
0 118 19 
0 124 37 
0 116 56 
0 120 21 
0 86 17 
0 92 18 
0 117 32 
0 128 58 
0 174 18 
0 75 94 
0 145 63 
0 89 21 
0 91 45 
0 96 24 
0 115 41 
0 98 43 
0 89 146 
0 98 80 
0 82 14 
0 66 110 
0 26 23 
0 99 27 
0 115 57 
0 92 22 
0 161 41 
0 115 5 
0 116 13 
0 53 60 
0 70 49 
0 101 41 
0 124 45 
0 102 151 
0 132 31 
0 118 43 
0 191 18 
0 117 18 
0 73 42 
0 87 30 
0 125 12 
0 82 64 
0 114 8 
0 99 18 
0 96 14 
0 66 2 
0 44 36 
0 92 85 
0 90 57 
0 58 47 
0 129 18 
0 93 6 
0 141 32 
0 181 14 
0 91 61 
0 138 37 
0 113 35 
0 150 74 
0 88 184 
0 101 11 
0 123 40 
0 157 17 
0 56 12 
0 120 36 
0 73 80 
0 117 43 
0 149 38 
0 90 14 
0 125 26 
0 121 17 
0 102 60 
0 59 12 
0 135 35 
0 81 62 
0 121 50 
0 121 37 
0 196 77 
0 78 26 
0 130 5 
0 109 55 
0 80 21 
0 81 31 
0 115 39 
0 87 112 
0 89 50 
0 53 11 
0 88 37 
0 75 19 
0 151 21 
0 93 52 
0 103 37 
0 144 21 
0 68 4 
0 106 26 
0 86 5 
0 105 31 
0 97 18 
0 140 45 
0 114 29 
0 95 38 
0 75 30 
0 123 29 
0 63 32 
0 119 35 
0 104 10 
0 151 50 
0 96 80 
0 97 20 
0 118 38 
0 133 20 
0 175 29 
0 65 28 
0 166 17 
0 133 74 
0 133 55 
0 136 48 
0 90 48 
0 122 4 
0 88 76 
0 106 14 
0 120 48 
0 101 33 
0 120 56 
0 136 96 
0 89 34 
0 139 34 
0 116 30 
0 112 75 
0 81 57 
0 84 29 
0 62 52 
0 143 23 
0 141 11 
0 131 120 
0 126 83 
0 95 20 
0 110 94 
0 145 64 
0 150 77 
0 130 52 
0 124 29 
0 96 29 
0 115 39 
0 119 44 
0 123 28 
0 124 179 
0 158 92 
0 133 50 
0 159 22 
0 92 44 
0 69 0 
0 175 14 
0 151 14 
0 141 18 
0 117 31 
0 87 16 
0 133 11 
0 96 50 
0 165 20 
0 68 10 
0 96 39 
0 136 15 
0 72 12 
0 123 58 
0 101 35 
0 118 11 
0 89 36 
0 49 16 
0 94 29 
0 138 56 
0 127 28 
0 75 102 
0 122 16 
0 102 20 
0 99 36 
0 96 5 
0 77 27 
0 132 202 
0 72 11 
0 64 28 
0 105 7 
0 69 47 
0 100 38 
0 116 72 
0 70 46 
0 120 35 
0 82 76 
0 67 68 
0 101 11 
0 67 69 
0 128 5 
0 133 17 
0 134 63 
0 87 4 
0 90 22 
0 91 40 
0 93 36 
0 73 24 
0 88 41 
0 99 44 
0 105 38 
0 112 69 
0 128 8 
0 184 26 
0 157 58 
0 78 17 
0 122 39 
0 165 24 
0 81 33 
0 54 44 
0 112 33 
0 138 88 
0 145 34 
0 94 52 
0 135 20 
0 91 46 
0 83 14 
0 75 17 
0 102 35 
0 109 61 
0 121 3 
0 89 10 
0 86 73 
0 48 27 
0 125 28 
0 159 78 
0 162 89 
0 60 26 
0 75 10 
0 125 17 
0 80 34 
0 150 31 
0 163 156 
0 142 46 
0 123 140 
0 85 33 
0 117 76 
0 185 33 
0 76 60 
0 44 14 
0 112 54 
0 145 0 
0 98 30 
0 72 30 
0 91 71 
0 113 17 
0 81 30 
0 148 63 
0 104 27 
0 59 25 
0 109 58 
0 149 34 
0 165 54 
0 99 17 
0 124 15 
0 172 53 
0 146 31 
0 161 52 
0 97 32 
0 107 18 
0 119 18 
0 85 14 
0 101 67 
0 120 31 
0 87 13 
0 110 22 
0 79 71 
0 79 22 
0 130 30 
0 141 35 
0 122 2 
0 105 35 
0 143 23 
