0 5 338 49 0 
0 6 493 22 0 
0 103 325 24 0 
1 34 242 6 0 
1 12 524 11 0 
0 42 356 131 0 
0 59 370 48 0 
0 56 330 17 0 
0 165 383 8 0 
1 71 394 9 0 
1 10 255 48 0 
0 24 321 18 0 
1 14 332 0 0 
0 67 238 14 0 
4 102 292 15 0 
0 23 285 28 0 
0 48 328 29 0 
0 36 306 11 0 
0 34 220 74 0 
0 0 467 16 0 
0 88 375 12 0 
0 3 447 75 0 
3 18 348 29 0 
0 65 361 60 0 
0 17 413 3 0 
0 18 320 27 0 
1 7 435 54 0 
0 20 339 24 0 
2 22 449 39 0 
0 81 331 74 0 
1 27 361 28 0 
1 8 340 164 0 
0 33 319 20 0 
1 79 239 30 0 
2 90 381 36 0 
0 28 349 19 0 
11 9 353 49 0 
1 27 376 15 0 
0 20 298 20 0 
0 19 249 26 0 
2 13 330 5 0 
0 3 341 40 0 
0 18 307 118 0 
0 45 367 18 0 
0 20 397 73 0 
0 42 383 22 0 
0 64 450 30 0 
0 3 262 37 0 
2 33 443 18 1 
0 39 453 39 0 
0 17 346 52 0 
0 11 282 35 0 
0 26 464 23 0 
0 27 261 21 0 
3 59 294 5 0 
0 58 294 122 0 
1 24 358 49 0 
0 33 222 111 0 
0 97 373 67 0 
0 11 305 26 0 
0 50 442 37 0 
0 30 409 27 0 
0 48 214 26 0 
0 25 383 78 0 
0 40 318 31 0 
0 27 313 24 0 
1 66 242 4 0 
0 27 478 34 0 
0 67 279 56 0 
6 37 302 49 0 
0 8 391 102 0 
0 6 343 51 0 
1 25 396 16 0 
0 50 406 22 0 
0 10 298 31 0 
0 10 373 20 0 
2 60 289 137 0 
0 2 492 35 0 
1 53 431 45 0 
6 11 315 14 0 
0 21 282 35 0 
0 47 244 11 0 
0 40 407 25 0 
2 65 332 100 0 
1 78 264 19 0 
0 10 350 31 0 
0 66 329 27 0 
2 63 274 70 0 
4 37 410 47 0 
0 57 410 28 0 
0 9 470 26 0 
0 61 268 29 0 
0 31 386 31 0 
0 60 323 52 0 
0 31 403 11 0 
0 24 317 25 0 
0 41 450 53 2 
0 28 311 51 0 
0 59 237 37 4 
0 28 552 24 0 
0 22 407 20 0 
0 5 387 51 0 
1 32 334 48 0 
0 19 478 47 0 
0 12 280 17 0 
0 36 510 35 0 
1 21 622 13 0 
0 39 226 28 0 
0 16 450 24 0 
0 65 335 55 0 
0 32 341 10 0 
1 17 342 55 0 
0 14 348 26 0 
0 14 344 33 0 
0 33 263 35 0 
0 68 459 26 0 
12 38 416 2 0 
0 94 397 18 0 
3 3 393 32 0 
0 61 349 31 0 
1 26 358 13 0 
0 18 302 46 0 
0 9 321 98 0 
0 22 331 44 0 
6 35 274 77 0 
0 67 213 20 1 
0 22 361 19 0 
0 165 303 40 0 
0 25 305 81 0 
0 39 304 20 0 
0 63 318 1 0 
8 30 300 40 0 
0 30 496 23 0 
0 38 328 51 0 
2 114 260 30 1 
0 21 309 33 0 
0 91 234 48 0 
0 12 308 18 0 
0 17 415 11 0 
0 53 433 4 0 
1 19 344 60 0 
0 63 355 31 0 
1 46 442 16 0 
0 33 268 8 0 
0 56 274 59 0 
0 71 468 6 0 
0 29 357 63 0 
0 8 363 15 0 
0 35 319 37 0 
0 12 400 22 0 
0 73 375 24 0 
0 37 271 21 0 
0 39 287 61 0 
0 34 336 76 0 
0 36 525 61 0 
0 28 400 19 0 
0 109 315 63 0 
0 47 313 48 0 
0 9 381 39 0 
1 26 481 23 0 
0 57 376 10 0 
0 8 327 17 0 
0 29 281 59 0 
1 28 310 72 0 
0 28 451 13 0 
2 29 408 56 0 
4 52 286 22 0 
0 37 249 29 0 
1 70 412 57 0 
1 139 189 79 0 
0 45 255 57 0 
1 56 290 29 0 
1 68 320 17 0 
1 25 173 191 0 
0 23 281 27 0 
0 28 260 3 0 
16 78 363 18 0 
0 20 359 39 0 
1 49 374 20 0 
0 44 385 7 0 
0 10 422 31 0 
0 46 352 2 0 
0 8 458 122 0 
0 56 355 11 0 
0 23 407 40 0 
1 74 261 95 0 
0 11 306 73 0 
0 48 334 31 0 
1 38 343 67 0 
0 108 346 11 0 
0 28 405 25 0 
0 49 251 22 0 
0 16 445 12 0 
0 89 277 23 0 
0 38 360 20 1 
0 45 313 55 0 
0 24 369 58 0 
0 32 539 25 0 
1 56 338 143 0 
0 118 246 17 0 
0 26 451 56 0 
2 19 271 24 0 
0 42 268 79 0 
0 12 410 24 0 
7 106 286 1 0 
0 40 285 29 0 
1 20 311 58 0 
0 43 344 49 0 
0 7 277 42 0 
0 22 399 49 0 
0 15 300 33 0 
0 52 311 40 0 
0 32 262 31 0 
0 31 291 30 0 
0 52 271 67 0 
0 94 325 9 0 
0 62 199 122 0 
1 72 266 51 0 
0 47 329 25 0 
2 29 321 38 0 
0 38 262 42 0 
1 32 310 45 0 
0 6 303 24 0 
0 25 356 35 0 
0 34 400 12 0 
0 19 249 26 0 
3 92 401 22 0 
0 59 296 17 0 
0 49 291 13 0 
2 34 358 3 0 
0 23 253 34 0 
5 18 260 135 0 
0 17 441 10 0 
1 15 325 18 0 
0 59 387 83 0 
0 4 382 8 0 
0 10 375 38 0 
1 7 411 28 0 
1 12 416 17 0 
9 63 320 13 0 
0 46 271 17 0 
0 34 334 105 0 
0 54 344 73 0 
0 33 280 16 0 
0 30 233 18 0 
1 32 302 12 0 
0 49 257 77 1 
0 35 220 58 0 
0 21 422 28 0 
4 32 277 44 0 
0 28 349 39 0 
0 29 370 6 0 
0 45 329 58 0 
1 85 231 36 0 
0 7 500 34 0 
0 50 327 26 0 
0 14 316 81 0 
1 90 475 45 0 
0 30 333 42 0 
1 44 321 25 0 
1 73 234 57 0 
0 60 314 2 0 
0 28 293 18 0 
2 27 461 14 0 
0 31 302 8 0 
0 19 371 39 0 
0 59 287 14 0 
0 45 462 27 0 
0 11 291 27 0 
0 63 206 42 0 
0 3 312 70 0 
0 21 322 28 0 
1 24 330 37 0 
0 16 259 5 0 
0 36 366 38 0 
0 30 319 62 0 
0 44 474 10 0 
0 26 321 17 0 
0 65 336 7 0 
0 27 370 2 0 
0 31 352 79 0 
0 85 324 28 0 
0 36 284 18 0 
0 15 336 24 0 
0 31 316 54 0 
2 60 345 32 0 
0 25 285 28 0 
0 34 270 58 0 
0 80 388 3 0 
0 26 295 30 0 
0 70 306 19 0 
0 46 426 52 0 
1 15 268 19 0 
1 48 472 19 0 
0 117 337 6 0 
1 17 336 40 0 
0 12 334 55 0 
2 28 410 26 0 
0 35 424 34 0 
0 36 294 52 0 
0 42 350 4 0 
4 42 300 87 0 
1 83 286 8 0 
0 22 406 15 0 
0 17 459 21 0 
0 16 376 11 0 
0 30 388 13 0 
0 82 318 29 0 
0 39 367 61 0 
0 9 309 6 0 
5 33 360 87 0 
2 18 399 25 0 
0 7 398 34 0 
0 55 322 2 0 
0 31 320 21 0 
1 38 297 29 0 
0 13 340 59 0 
13 20 296 62 0 
1 86 216 79 0 
12 45 381 60 0 
0 23 244 16 1 
0 60 314 32 0 
1 34 417 72 0 
0 2 279 23 0 
0 46 428 29 0 
0 60 305 7 0 
0 10 547 64 0 
0 51 212 36 0 
0 51 380 13 0 
2 23 281 8 0 
0 22 385 23 0 
1 54 306 43 0 
1 23 300 53 0 
0 35 308 7 0 
0 18 452 7 5 
0 22 459 10 0 
1 6 281 40 0 
0 35 369 43 0 
0 71 429 23 0 
0 50 332 12 0 
1 47 346 2 0 
0 64 311 22 0 
4 6 363 36 0 
0 120 275 88 0 
1 40 215 49 0 
0 25 396 40 0 
8 30 321 63 0 
2 11 235 53 0 
0 78 328 6 0 
0 19 297 20 0 
0 5 419 80 0 
3 59 314 52 0 
0 46 372 40 0 
1 89 297 3 0 
0 34 329 8 0 
0 2 341 20 0 
0 44 331 15 0 
0 41 363 105 0 
1 7 352 36 0 
0 42 203 45 0 
0 10 327 102 0 
3 21 328 62 0 
0 13 409 16 0 
1 95 241 43 0 
0 25 298 33 0 
0 81 317 20 0 
0 7 252 41 0 
0 111 190 68 0 
2 18 305 36 0 
10 51 307 53 0 
1 58 465 43 0 
0 55 412 17 0 
0 33 316 11 0 
1 46 396 28 0 
0 21 342 31 0 
0 2 452 28 0 
0 45 231 34 0 
1 22 273 20 0 
0 14 341 45 0 
0 9 285 20 0 
1 24 310 17 0 
0 41 320 66 0 
2 35 250 49 0 
0 59 292 48 0 
0 29 290 16 0 
0 82 400 62 0 
0 27 312 11 0 
0 34 303 48 0 
5 66 397 3 0 
0 13 388 19 0 
0 26 405 37 0 
0 131 264 34 0 
0 20 297 15 0 
0 32 224 65 0 
0 79 315 26 0 
0 31 365 77 0 
0 13 223 11 0 
0 1 272 18 0 
0 10 446 4 0 
0 83 267 74 0 
0 24 454 25 0 
1 16 260 24 0 
0 51 376 17 0 
0 12 297 11 0 
0 25 305 34 0 
0 8 304 93 0 
1 24 337 22 0 
0 13 259 6 0 
0 8 451 19 0 
0 36 329 22 0 
0 31 326 7 0 
2 39 389 77 0 
0 27 217 24 0 
0 6 474 27 0 
2 20 309 25 0 
0 83 370 36 0 
0 11 298 9 0 
4 25 365 58 0 
0 19 403 51 0 
1 34 299 11 0 
0 7 396 23 0 
0 114 282 17 0 
0 28 350 6 0 
0 47 301 54 0 
0 65 500 13 0 
0 39 259 52 0 
0 40 321 28 0 
0 21 352 25 0 
0 35 292 71 0 
0 25 302 35 0 
3 65 314 18 0 
0 40 339 18 0 
0 45 405 2 0 
0 18 489 6 0 
0 133 264 58 0 
1 38 436 43 0 
1 18 359 2 0 
3 18 541 38 0 
0 17 275 128 0 
0 47 284 22 0 
1 11 284 101 0 
0 34 306 44 0 
0 21 317 3 0 
5 2 317 5 0 
0 11 360 34 0 
0 24 448 32 0 
0 30 390 57 0 
0 65 295 0 0 
0 29 269 73 0 
0 46 254 39 0 
0 25 308 135 0 
0 13 337 106 0 
0 36 308 32 0 
1 87 391 6 0 
0 5 344 40 0 
0 26 330 30 0 
0 28 399 8 0 
0 16 503 24 0 
0 24 345 27 0 
0 44 328 91 0 
10 30 313 33 0 
0 68 269 0 0 
0 51 314 64 0 
0 27 246 11 0 
0 2 378 33 0 
0 29 277 117 0 
0 21 356 21 0 
0 65 441 20 0 
0 40 403 9 0 
0 23 254 84 0 
0 28 337 60 0 
0 26 330 29 0 
0 16 288 30 0 
1 33 390 40 0 
0 44 358 20 0 
0 6 343 16 0 
0 115 255 36 0 
0 70 294 44 3 
0 43 390 16 0 
0 59 250 8 0 
0 12 371 30 0 
0 7 415 14 47 
0 101 370 8 11 
4 99 254 59 0 
0 30 340 52 0 
0 61 231 16 0 
0 13 358 28 0 
2 23 373 2 0 
0 43 322 12 0 
0 51 349 8 0 
0 13 387 13 0 
5 29 233 33 0 
1 105 378 29 0 
1 34 310 12 0 
0 27 488 16 0 
0 14 250 17 0 
1 104 253 58 0 
0 15 288 18 0 
0 12 486 52 0 
2 57 359 14 0 
0 46 320 86 0 
0 2 298 3 0 
0 19 409 20 0 
0 80 294 23 0 
0 13 291 48 0 
0 2 388 48 0 
1 15 282 25 0 
0 31 286 16 0 
0 15 236 72 2 
1 55 251 6 0 
1 7 345 27 0 
3 62 279 32 0 
0 47 390 20 0 
0 21 308 17 0 
3 47 290 17 0 
4 61 288 6 0 
0 12 274 18 0 
0 27 404 36 0 
0 90 312 27 0 
0 61 292 26 0 
0 2 313 52 0 
4 13 259 25 0 
0 39 368 40 0 
0 32 356 38 0 
0 21 260 8 0 
0 5 331 7 0 
0 18 348 5 0 
0 73 296 26 0 
0 16 381 8 0 
0 49 339 27 0 
0 26 454 13 0 
0 57 373 8 0 
0 13 358 19 0 
0 53 320 30 0 
3 53 386 117 0 
2 41 409 6 0 
0 7 387 15 0 
0 18 380 14 0 
0 15 415 52 0 
0 10 318 26 0 
0 24 346 21 0 
2 63 371 41 0 
0 117 221 76 0 
0 53 320 46 0 
0 32 324 80 0 
0 39 254 35 0 
1 12 232 104 0 
0 70 298 67 0 
0 19 403 7 0 
1 16 383 29 0 
0 42 214 26 0 
0 45 274 19 0 
0 51 267 81 0 
0 24 432 11 0 
0 2 302 34 0 
0 42 197 29 0 
0 94 247 24 0 
0 40 353 6 0 
0 66 213 31 0 
0 39 286 9 0 
0 32 337 54 0 
0 21 345 74 0 
0 25 288 17 0 
0 29 253 23 0 
0 43 287 7 0 
0 60 375 42 0 
0 60 290 15 0 
1 30 446 23 0 
0 77 396 4 0 
0 9 319 22 0 
0 29 247 33 0 
0 62 414 23 0 
0 19 190 63 0 
4 29 340 33 0 
0 17 381 27 0 
1 18 316 41 0 
1 18 248 34 0 
0 17 363 121 0 
0 8 329 49 0 
1 68 239 26 0 
0 11 271 15 0 
0 44 331 32 0 
1 30 403 20 0 
3 34 326 47 0 
0 13 287 48 0 
0 12 369 32 3 
0 11 299 31 0 
0 53 358 16 0 
0 113 409 48 0 
0 4 431 34 0 
0 47 354 37 0 
0 42 331 66 0 
21 28 381 30 0 
2 89 364 87 0 
3 22 299 40 0 
1 12 345 21 0 
0 97 298 15 0 
5 21 322 14 0 
0 28 337 20 0 
0 4 348 51 0 
0 10 338 41 0 
0 37 276 9 0 
0 50 360 39 0 
2 60 359 34 0 
0 89 288 3 0 
0 31 391 9 0 
0 24 425 11 0 
2 39 306 45 0 
0 46 375 74 0 
0 84 286 20 0 
0 38 238 74 0 
0 112 304 39 0 
0 7 451 24 0 
0 36 412 4 0 
0 74 221 57 0 
0 12 320 26 0 
4 46 393 8 0 
2 54 317 11 0 
0 211 210 80 0 
0 84 318 54 0 
0 14 388 118 0 
1 34 304 8 0 
0 54 360 37 0 
0 36 316 22 0 
1 28 322 23 0 
0 47 260 98 0 
0 18 434 7 0 
0 20 454 27 0 
1 38 301 6 0 
0 3 419 14 0 
0 36 432 8 0 
0 42 351 61 0 
0 32 236 7 0 
1 26 287 21 10 
0 14 453 57 0 
0 40 334 19 0 
0 22 344 62 0 
0 21 380 29 0 
0 39 472 12 0 
0 19 382 17 0 
0 22 442 13 0 
0 3 304 124 0 
0 28 418 31 0 
0 18 306 43 0 
0 27 461 36 0 
0 47 361 51 0 
0 11 433 55 0 
1 52 167 102 0 
0 0 320 4 0 
0 10 345 50 0 
2 154 264 75 0 
0 35 295 15 0 
3 80 294 4 0 
0 13 388 25 0 
1 34 355 39 0 
1 22 383 24 0 
1 48 374 4 0 
0 2 501 42 0 
0 72 346 17 0 
0 17 341 83 0 
1 48 442 0 0 
0 23 498 79 0 
0 19 212 69 0 
0 8 425 14 0 
2 27 390 25 0 
0 70 410 13 0 
0 94 252 28 0 
0 32 273 76 0 
0 90 357 18 0 
0 35 314 98 0 
0 17 364 30 0 
1 83 338 66 0 
1 70 294 8 0 
1 35 313 45 0 
0 82 351 19 0 
1 39 181 41 2 
0 69 353 85 0 
0 30 236 27 0 
1 14 407 28 0 
0 18 443 17 0 
0 26 312 35 0 
0 102 273 48 0 
0 44 317 19 0 
0 94 310 21 0 
0 77 513 51 0 
1 45 432 33 0 
0 12 309 60 0 
1 61 275 26 0 
0 36 336 8 0 
0 7 506 7 0 
0 23 426 11 0 
0 26 394 18 0 
0 9 370 15 0 
0 12 414 14 0 
0 89 275 54 0 
0 36 349 24 0 
0 6 399 28 0 
4 37 465 38 0 
8 47 306 2 0 
0 38 324 21 0 
0 22 295 22 0 
0 4 359 37 0 
1 46 290 45 0 
0 70 284 39 0 
0 36 290 64 0 
0 77 339 8 0 
0 26 262 70 0 
3 14 432 21 0 
0 16 407 59 0 
0 6 253 16 0 
0 24 387 32 0 
0 56 330 10 0 
0 49 278 44 0 
0 27 289 19 0 
1 15 306 10 0 
0 2 447 111 0 
3 47 384 11 0 
0 37 315 48 0 
2 23 288 19 0 
4 44 443 17 0 
0 15 295 27 0 
0 8 283 35 0 
0 40 351 14 4 
0 46 505 26 0 
0 12 438 19 0 
0 58 395 38 0 
0 47 250 25 0 
0 24 264 29 0 
0 60 217 42 0 
0 66 234 21 0 
0 35 188 41 0 
1 79 174 12 0 
0 36 331 157 0 
1 35 336 78 0 
0 28 293 3 0 
0 20 248 34 0 
4 3 410 25 0 
0 54 534 41 0 
0 6 371 55 0 
0 27 345 20 0 
0 51 354 36 0 
0 29 286 41 0 
1 101 376 8 0 
12 23 287 39 0 
0 20 309 85 0 
1 8 347 74 0 
0 54 442 23 0 
1 23 326 27 0 
0 30 293 8 0 
1 41 338 23 0 
0 78 257 22 0 
0 51 411 12 0 
0 45 385 22 0 
0 18 262 29 0 
1 5 410 67 0 
0 6 319 39 0 
2 49 304 13 0 
0 72 291 11 0 
0 21 393 24 0 
0 62 481 5 0 
0 6 272 25 0 
0 6 297 15 19 
3 25 424 7 0 
0 78 481 69 0 
0 22 281 3 0 
0 47 448 11 0 
0 75 355 18 0 
0 30 299 7 0 
0 98 302 57 0 
0 11 420 31 0 
1 120 193 14 0 
3 74 268 39 0 
0 89 267 33 0 
0 31 296 41 0 
0 4 326 38 0 
0 46 322 80 0 
0 22 277 19 0 
0 59 280 29 0 
0 18 363 24 0 
5 36 386 19 0 
0 76 260 33 0 
0 2 362 73 0 
1 35 331 33 0 
0 19 380 37 0 
0 16 329 29 0 
1 71 295 0 0 
1 51 429 31 0 
0 62 401 16 0 
0 48 276 17 0 
0 34 306 34 0 
0 64 224 102 0 
0 36 342 36 0 
0 182 204 29 0 
0 10 381 18 0 
0 10 432 8 0 
5 8 238 7 0 
1 17 321 27 0 
1 12 415 13 0 
0 6 284 86 0 
0 13 313 24 0 
0 59 208 86 0 
0 68 337 23 0 
0 126 412 0 0 
4 8 448 29 0 
0 45 448 22 0 
0 50 367 4 0 
1 19 500 43 0 
1 37 265 7 0 
0 94 177 23 0 
0 13 537 51 0 
0 51 333 18 0 
3 75 213 108 0 
8 7 446 6 0 
0 76 210 61 0 
0 22 306 43 0 
0 10 384 2 0 
1 12 320 15 0 
0 73 295 101 0 
12 8 276 39 0 
4 36 356 2 0 
1 20 278 53 0 
0 46 327 30 0 
0 38 285 62 0 
1 26 273 5 0 
0 50 226 36 0 
3 28 269 15 0 
0 23 353 27 0 
1 15 434 40 0 
0 71 282 13 0 
0 53 359 28 0 
0 66 224 66 0 
0 30 309 31 0 
0 113 302 53 0 
0 34 281 49 0 
0 24 347 49 0 
0 12 297 30 0 
0 14 274 39 0 
2 32 295 15 0 
0 32 364 8 0 
6 12 173 119 0 
0 11 489 45 0 
7 38 447 35 0 
0 12 301 22 0 
0 11 381 12 0 
0 13 320 32 0 
0 9 353 15 0 
0 90 365 11 0 
0 23 392 44 0 
1 15 421 45 0 
1 4 365 19 0 
0 28 383 28 0 
4 73 352 31 0 
0 9 398 33 0 
0 36 368 22 0 
0 47 259 82 0 
2 36 387 56 0 
0 10 287 53 0 
0 30 292 46 0 
0 19 419 39 0 
0 29 307 19 0 
1 47 370 12 0 
0 28 278 18 0 
0 28 285 17 0 
0 52 495 43 0 
0 38 354 56 0 
0 16 457 36 0 
0 70 261 39 0 
0 58 359 7 0 
0 16 475 33 0 
1 83 281 14 0 
0 30 242 59 0 
0 25 269 32 0 
0 0 381 34 0 
0 15 345 1 0 
0 16 445 7 0 
0 88 210 10 0 
0 26 268 18 0 
1 48 284 30 0 
0 33 364 26 0 
0 26 272 13 0 
0 17 357 16 0 
0 83 389 16 0 
1 8 437 16 0 
0 10 365 32 0 
1 0 244 6 0 
0 35 260 36 0 
0 15 402 6 0 
0 12 384 59 0 
0 33 294 63 0 
1 28 301 136 0 
1 15 322 36 0 
0 64 256 72 0 
0 28 660 9 0 
1 15 368 42 0 
0 4 388 7 0 
0 31 395 27 0 
0 23 408 29 0 
0 34 255 120 0 
0 37 347 4 0 
0 19 305 29 0 
0 35 309 34 0 
1 24 266 87 0 
4 38 339 20 0 
4 53 252 69 0 
0 28 439 67 0 
1 26 385 39 0 
1 34 286 42 0 
1 53 384 48 0 
7 47 456 29 0 
0 117 344 97 0 
0 3 345 46 0 
1 13 372 57 0 
0 61 331 26 0 
0 23 426 3 0 
0 10 248 33 0 
0 3 385 48 0 
0 62 282 22 0 
0 53 393 12 0 
0 36 403 11 0 
0 45 388 54 0 
0 162 229 30 0 
0 76 323 43 0 
0 82 274 14 0 
0 0 340 3 0 
2 65 237 47 0 
1 29 296 15 0 
0 13 338 37 0 
0 10 270 116 0 
1 46 348 34 0 
0 19 209 20 0 
0 23 284 53 0 
0 28 278 22 0 
0 9 429 19 0 
0 15 416 51 0 
0 41 299 43 0 
1 18 388 28 0 
0 26 379 31 0 
0 26 286 48 0 
0 8 313 49 0 
1 51 384 72 0 
0 102 327 65 0 
0 19 224 37 0 
0 61 316 2 0 
0 1 348 2 0 
1 25 373 13 0 
0 13 294 18 0 
0 31 354 55 0 
1 12 330 31 0 
0 37 226 19 0 
0 6 366 77 0 
0 64 315 26 0 
0 32 360 11 0 
0 71 270 2 0 
2 26 423 21 0 
0 21 336 8 0 
0 28 366 21 0 
0 10 324 140 0 
0 56 376 22 0 
0 58 308 19 0 
0 35 465 18 0 
0 21 267 60 0 
1 34 267 60 0 
0 69 363 0 0 
0 50 413 20 0 
2 43 246 23 0 
0 21 373 107 0 
0 27 291 10 0 
1 11 309 24 0 
0 55 345 43 0 
0 21 240 76 0 
0 21 336 16 0 
0 43 397 11 0 
0 12 302 11 0 
0 44 227 34 0 
1 30 341 50 0 
0 38 262 43 0 
0 45 319 69 0 
7 95 277 27 0 
0 34 349 89 0 
0 15 321 36 0 
2 73 380 29 0 
0 40 424 58 0 
1 66 310 6 0 
0 43 375 60 0 
1 1 289 4 0 
5 46 401 46 0 
1 75 361 29 0 
0 11 353 3 0 
0 7 468 8 0 
0 104 437 33 0 
0 10 427 47 0 
0 32 304 56 0 
1 55 332 55 0 
0 14 388 2 0 
11 55 355 10 0 
2 46 343 39 0 
1 47 341 6 0 
0 29 299 27 0 
0 21 274 110 0 
2 87 343 50 0 
