1 32 229 138 0 
1 91 96 157 0 
3 82 94 52 0 
6 26 108 99 0 
4 117 195 69 0 
16 30 177 80 0 
9 15 90 70 0 
7 34 214 31 0 
2 51 72 91 0 
6 64 154 25 0 
8 75 99 216 0 
17 30 74 76 4 
5 78 136 56 0 
5 69 233 19 0 
8 86 93 59 5 
0 125 215 67 0 
3 63 232 31 0 
2 24 175 17 0 
2 36 143 226 0 
40 76 219 69 0 
0 90 104 141 0 
31 91 80 60 1 
12 18 106 40 0 
29 95 151 66 0 
5 65 97 119 0 
14 93 81 141 0 
0 181 95 77 0 
4 101 218 37 0 
3 57 188 35 0 
16 52 150 38 0 
16 60 122 129 0 
1 20 99 52 0 
0 12 229 77 55 
0 93 173 43 3 
4 84 194 39 0 
3 86 200 20 0 
5 103 197 55 0 
15 79 169 35 0 
2 76 145 157 0 
10 90 198 7 0 
3 30 203 98 0 
4 65 124 33 0 
3 59 208 227 0 
2 154 133 15 0 
15 75 231 48 0 
3 188 164 24 0 
17 27 123 30 1 
1 28 272 52 0 
16 24 281 110 0 
0 83 309 51 10 
41 86 156 103 0 
3 77 129 44 15 
8 45 332 100 0 
5 83 181 47 17 
9 153 233 28 10 
18 68 184 26 25 
1 281 69 30 1 
2 110 185 52 7 
0 94 207 146 20 
1 46 119 105 2 
17 62 107 164 5 
6 85 100 26 0 
10 67 241 51 0 
9 150 178 23 5 
17 46 168 179 0 
7 37 246 14 0 
1 8 192 31 0 
19 56 233 13 0 
0 32 303 30 0 
3 50 312 79 1 
5 23 219 190 0 
21 101 102 108 5 
3 48 116 100 0 
11 83 171 64 0 
12 48 283 9 1 
0 108 266 92 0 
1 28 232 53 0 
1 122 174 35 6 
2 47 296 111 0 
3 96 148 35 0 
0 65 227 44 0 
6 126 176 50 0 
2 82 230 54 0 
1 81 100 93 33 
9 102 172 8 31 
4 22 105 77 0 
1 25 143 202 0 
0 44 247 31 0 
6 85 125 37 7 
11 131 258 22 2 
17 84 150 148 0 
11 22 97 115 23 
6 71 221 156 0 
6 145 146 10 6 
9 48 77 59 0 
9 45 247 82 0 
4 13 78 99 0 
8 45 196 129 5 
5 71 150 58 0 
4 30 150 19 0 
1 67 124 50 0 
0 9 118 74 9 
10 49 107 284 0 
8 34 73 71 0 
19 130 223 106 0 
2 63 78 82 6 
2 96 303 30 0 
2 73 111 62 1 
5 65 123 96 0 
13 152 218 49 0 
4 91 141 21 0 
12 87 77 75 0 
6 74 197 33 0 
16 39 214 14 0 
15 23 139 1 15 
56 51 277 64 0 
4 166 117 29 0 
0 44 155 66 20 
9 75 85 121 0 
5 62 278 64 0 
3 44 190 79 0 
21 91 142 102 6 
6 49 170 151 0 
0 72 187 47 1 
10 36 109 29 1 
4 76 111 109 0 
11 54 161 33 0 
16 166 83 70 0 
3 61 284 4 0 
0 20 74 230 0 
12 31 135 111 0 
2 52 274 57 1 
16 97 115 10 2 
10 191 88 52 0 
12 75 90 167 1 
7 48 121 149 0 
21 77 208 30 0 
1 67 147 50 0 
0 45 226 62 3 
1 41 250 134 0 
6 63 93 18 0 
1 126 139 140 0 
23 27 126 95 0 
1 52 94 49 0 
20 24 132 151 0 
18 40 128 112 0 
3 19 161 265 50 
14 165 211 32 0 
5 49 184 25 0 
47 46 112 63 17 
2 36 173 36 0 
15 86 127 145 0 
12 77 144 276 0 
3 20 134 26 9 
18 56 123 79 0 
3 50 86 36 0 
13 55 59 148 0 
7 49 164 53 0 
1 37 180 76 0 
25 76 163 155 7 
36 149 105 101 0 
1 109 162 75 15 
16 8 124 12 0 
7 46 117 17 0 
5 61 204 64 0 
1 46 165 96 0 
1 89 201 44 0 
4 75 137 39 32 
2 68 196 1 12 
9 53 92 72 0 
3 48 212 136 65 
12 36 131 47 0 
8 44 148 219 0 
10 6 172 65 25 
13 140 143 58 0 
0 95 95 290 90 
1 16 85 105 0 
0 44 221 91 0 
40 100 162 4 0 
7 42 166 76 20 
0 83 240 90 0 
9 203 170 145 0 
5 66 91 147 0 
0 37 82 29 62 
4 53 125 47 28 
17 51 184 30 0 
40 71 103 87 0 
8 114 266 105 0 
5 41 196 59 5 
26 84 220 49 13 
28 15 226 82 3 
6 115 211 125 31 
15 78 281 42 3 
3 42 121 10 0 
3 72 268 23 0 
0 62 211 91 5 
26 43 241 40 7 
19 137 111 54 2 
4 48 114 70 43 
39 44 133 54 0 
15 92 141 69 0 
13 76 192 35 0 
4 74 188 106 0 
9 69 143 105 5 
17 25 126 69 0 
30 98 108 32 0 
21 98 116 19 0 
2 36 146 189 0 
13 95 140 47 0 
2 62 215 42 0 
10 10 151 109 16 
17 57 84 73 0 
12 25 132 82 0 
7 14 116 19 1 
6 50 171 81 0 
4 53 219 70 0 
2 54 162 81 0 
9 139 98 189 0 
0 115 65 166 0 
21 44 191 13 0 
33 32 277 36 0 
9 96 179 50 1 
15 67 230 34 0 
28 46 201 92 7 
40 157 141 94 0 
3 114 121 64 0 
22 33 94 59 0 
0 52 293 64 11 
16 98 178 55 0 
14 114 197 138 7 
6 35 291 62 0 
19 51 114 113 0 
53 22 132 10 0 
10 41 158 61 0 
0 21 390 5 0 
3 50 149 82 0 
1 84 172 138 15 
6 19 224 121 0 
9 96 58 83 0 
0 34 201 8 0 
0 17 102 114 0 
23 125 219 23 0 
5 38 146 33 1 
4 58 268 36 0 
5 152 224 24 3 
7 79 147 76 0 
1 51 183 112 0 
9 82 127 67 0 
48 76 137 59 0 
21 39 91 44 0 
11 36 251 12 3 
2 14 161 125 0 
4 33 287 8 0 
10 22 276 69 0 
0 49 74 42 0 
3 78 78 79 7 
16 55 175 34 0 
15 141 111 59 94 
7 65 162 45 0 
11 49 152 30 0 
0 76 161 36 14 
17 74 138 45 0 
19 96 221 88 0 
26 20 177 100 0 
9 34 333 60 7 
4 42 168 20 0 
7 165 116 28 0 
3 49 117 28 0 
9 32 200 32 0 
8 28 139 87 1 
11 7 139 49 0 
4 33 136 285 0 
15 73 198 30 21 
12 34 167 46 0 
7 72 179 39 0 
25 34 133 52 0 
15 113 180 50 1 
0 65 125 163 0 
7 71 232 37 34 
3 147 118 123 0 
24 23 173 97 0 
29 10 222 67 0 
1 130 131 39 1 
7 73 317 48 0 
2 91 141 81 8 
4 53 161 93 0 
13 56 240 34 0 
1 39 44 89 3 
0 46 132 119 13 
6 143 213 27 7 
10 81 230 31 0 
1 79 223 114 0 
4 53 159 59 0 
11 39 85 109 0 
4 33 294 29 0 
18 101 107 55 16 
28 45 83 41 0 
9 48 143 139 0 
15 89 79 120 0 
56 112 212 75 0 
2 74 160 91 0 
1 30 249 13 0 
6 66 177 61 0 
4 62 220 119 0 
0 79 236 61 0 
49 122 146 66 0 
10 32 210 25 0 
11 63 80 136 0 
1 99 170 119 0 
11 49 177 90 0 
5 82 220 52 0 
12 57 208 113 0 
25 38 133 21 0 
8 27 176 51 0 
3 37 200 19 0 
0 117 248 24 0 
1 67 171 135 0 
5 64 97 56 0 
10 48 135 73 0 
8 48 112 36 0 
48 18 194 12 1 
7 142 132 63 0 
3 197 115 38 0 
8 74 233 50 0 
14 43 146 123 0 
3 127 164 232 0 
16 71 83 33 11 
6 51 43 179 16 
3 7 106 3 13 
25 113 271 69 3 
5 27 209 41 0 
18 223 123 82 0 
23 100 131 19 0 
1 94 97 19 0 
14 98 132 84 6 
1 8 329 28 3 
6 111 220 90 0 
6 93 127 28 0 
0 81 145 78 7 
6 30 173 220 0 
20 43 178 26 0 
35 73 122 40 0 
3 68 143 99 0 
15 167 76 15 0 
7 33 130 118 0 
2 53 123 39 37 
23 10 140 99 0 
10 49 146 118 0 
5 72 159 18 0 
15 59 155 74 0 
0 64 78 92 1 
16 66 176 72 0 
15 46 189 22 0 
3 104 175 46 0 
4 74 262 100 0 
7 54 156 119 0 
8 14 152 72 0 
47 64 165 36 0 
4 19 221 175 13 
3 18 228 142 0 
4 72 114 25 0 
35 65 114 150 0 
4 12 132 101 2 
1 69 148 124 23 
18 68 75 117 0 
11 151 182 13 0 
6 124 265 25 0 
19 52 101 10 0 
10 44 135 116 0 
71 92 301 30 8 
7 49 165 150 52 
20 126 107 90 0 
16 40 195 16 0 
1 90 141 118 0 
0 60 161 162 55 
7 44 352 12 0 
8 86 117 40 0 
1 38 247 34 0 
9 97 195 21 35 
0 81 114 133 0 
4 54 172 34 0 
11 200 177 47 18 
3 25 232 17 22 
11 110 181 129 0 
22 101 47 52 0 
49 83 96 95 8 
1 86 303 57 0 
11 58 158 25 0 
5 67 141 43 7 
4 48 196 109 0 
10 76 118 105 3 
8 192 171 60 0 
11 116 165 52 1 
5 169 132 104 0 
6 35 168 33 0 
0 92 125 34 0 
3 40 135 21 5 
2 98 259 168 0 
26 68 74 95 0 
11 66 118 28 0 
2 80 94 199 0 
7 48 178 99 6 
3 48 127 27 0 
4 41 317 56 0 
11 50 119 34 0 
23 137 63 80 6 
7 82 316 69 0 
1 43 226 109 0 
7 57 171 129 0 
0 65 136 83 0 
17 55 138 77 0 
27 31 187 15 0 
10 49 96 100 0 
0 90 264 184 0 
0 90 99 23 0 
21 75 203 25 0 
6 58 97 127 0 
7 126 206 34 1 
25 113 15 82 0 
13 56 165 202 0 
25 100 129 54 0 
0 58 94 49 2 
1 239 190 17 0 
6 158 122 27 0 
26 106 184 38 11 
1 27 212 91 1 
6 69 220 22 0 
1 44 167 5 0 
0 222 146 79 0 
10 21 146 31 23 
1 218 107 42 0 
25 62 63 100 0 
1 66 98 21 0 
18 106 148 40 0 
1 84 237 24 0 
16 78 191 25 0 
3 51 201 59 41 
10 96 158 86 0 
3 141 160 49 8 
29 73 170 23 0 
9 125 85 104 0 
3 83 240 218 0 
6 24 74 155 0 
3 115 169 51 0 
21 19 180 96 0 
0 123 309 140 0 
14 52 257 38 0 
5 43 131 80 0 
6 24 101 115 0 
13 74 270 100 0 
22 179 136 38 0 
1 27 238 118 17 
0 86 303 39 0 
32 94 156 21 22 
1 18 159 126 0 
0 68 100 62 6 
0 52 256 83 3 
1 77 45 80 0 
17 46 177 39 2 
4 283 124 1 0 
0 31 242 178 0 
12 51 143 25 1 
12 54 159 53 0 
0 73 138 49 29 
3 36 215 107 0 
0 57 157 54 0 
6 87 199 169 14 
3 57 156 37 14 
6 141 183 85 0 
7 24 275 55 76 
10 55 147 16 1 
13 66 97 69 18 
7 77 188 10 0 
30 128 84 90 3 
12 26 196 58 15 
0 68 290 67 0 
16 101 159 99 0 
0 35 177 76 0 
7 65 119 66 0 
17 73 237 7 11 
15 29 84 13 0 
5 86 166 114 0 
1 83 194 4 0 
16 91 163 31 1 
6 80 240 75 0 
13 97 194 23 0 
7 71 130 18 1 
15 71 185 47 0 
10 107 205 64 28 
7 24 77 70 0 
33 57 165 21 0 
4 97 253 155 42 
2 123 139 24 0 
0 118 128 30 0 
13 41 127 61 24 
0 64 183 33 0 
0 24 156 65 2 
5 29 233 104 0 
1 51 103 196 7 
6 43 124 151 1 
42 72 97 34 0 
4 123 141 26 0 
22 40 384 109 5 
2 2 271 66 0 
17 33 235 58 8 
12 107 186 70 21 
15 50 155 22 0 
6 45 191 60 0 
7 124 32 86 0 
10 116 160 59 0 
12 72 147 80 10 
15 84 99 55 0 
10 132 148 40 0 
2 83 91 62 3 
2 76 189 156 0 
9 65 70 110 0 
0 86 107 126 32 
56 101 284 90 0 
6 46 81 71 3 
34 79 195 17 0 
24 83 351 20 5 
11 62 141 51 0 
16 75 89 53 5 
6 42 115 43 1 
5 131 99 113 0 
7 38 228 26 0 
29 47 233 26 6 
4 120 286 55 0 
14 78 183 77 0 
8 53 140 32 0 
8 47 187 12 0 
3 32 257 54 39 
6 84 256 87 70 
8 18 240 145 0 
12 121 247 22 0 
8 48 150 100 1 
15 71 123 43 0 
12 32 285 147 1 
3 45 145 89 0 
14 112 212 77 0 
3 48 247 53 0 
7 62 178 97 0 
8 108 277 131 13 
2 71 234 48 0 
19 93 185 69 0 
18 36 334 73 0 
0 20 213 10 0 
10 74 142 30 1 
1 81 321 102 10 
28 47 185 59 0 
1 28 121 101 0 
14 62 136 12 2 
8 83 165 57 0 
7 151 83 58 0 
12 36 160 78 12 
27 38 158 44 1 
25 59 199 25 0 
19 80 226 50 0 
0 82 300 69 0 
7 34 133 142 0 
3 50 64 43 0 
0 123 150 145 0 
16 70 201 68 0 
15 51 167 98 7 
8 62 145 97 2 
16 134 213 25 1 
0 39 289 153 0 
13 39 209 31 0 
0 132 101 121 9 
4 72 158 176 0 
3 33 78 18 0 
4 46 146 79 4 
1 101 146 20 0 
20 90 203 75 0 
9 78 222 102 0 
3 68 188 88 0 
14 55 99 110 60 
16 169 211 75 0 
14 80 55 78 0 
16 57 85 17 0 
25 51 142 53 0 
2 36 248 66 0 
0 55 127 57 4 
19 30 156 158 0 
0 55 90 94 0 
14 107 193 62 0 
1 29 168 233 3 
12 123 88 142 0 
1 61 96 24 55 
0 103 281 59 103 
8 3 279 43 0 
15 90 192 51 0 
8 101 56 58 0 
2 153 149 89 0 
1 40 101 51 0 
2 75 145 76 0 
4 55 205 68 0 
16 44 154 103 10 
1 80 98 185 0 
14 88 262 62 0 
10 70 142 78 0 
5 17 99 30 0 
7 117 366 84 0 
17 58 330 1 0 
2 14 171 28 19 
2 8 257 80 16 
0 28 218 55 3 
25 131 235 191 0 
3 48 152 26 0 
1 44 229 104 1 
7 58 137 35 0 
29 25 164 40 1 
9 153 387 45 0 
11 115 153 100 0 
8 34 183 97 0 
1 45 167 4 16 
0 36 141 241 4 
12 22 136 112 4 
2 66 165 32 0 
8 202 219 142 42 
3 196 96 59 1 
4 81 283 19 44 
7 82 196 49 0 
2 54 166 72 0 
6 110 168 77 0 
3 65 254 94 0 
4 58 248 45 0 
6 76 133 148 1 
3 72 133 85 0 
3 58 187 32 27 
4 108 183 26 1 
14 72 149 67 1 
3 91 251 67 9 
5 69 317 76 0 
6 25 199 88 1 
41 74 89 51 0 
48 40 99 46 3 
6 21 142 146 0 
8 82 197 65 0 
0 46 203 126 0 
4 21 149 41 0 
38 35 209 18 6 
8 75 175 55 0 
37 54 72 68 0 
31 79 246 33 1 
13 34 154 74 0 
14 46 172 49 0 
21 68 171 38 0 
3 85 138 117 0 
2 228 129 59 2 
9 33 183 149 1 
31 123 146 67 0 
19 40 258 76 0 
6 77 94 101 0 
19 56 297 67 27 
0 6 105 239 4 
5 144 189 24 0 
15 96 367 95 0 
18 41 147 76 0 
3 17 141 138 11 
21 131 30 9 0 
11 55 190 113 0 
2 32 256 83 0 
42 51 101 30 0 
10 40 248 74 0 
7 49 169 81 0 
9 36 151 72 0 
24 27 47 31 0 
18 110 75 124 0 
1 99 211 139 0 
2 29 149 39 14 
5 40 172 95 0 
20 64 260 43 0 
8 41 213 86 0 
20 107 114 103 0 
0 11 182 84 1 
6 53 211 69 0 
8 84 134 32 67 
0 88 192 66 0 
15 70 183 79 0 
0 98 172 43 0 
2 100 159 81 0 
0 38 337 26 0 
16 54 195 57 0 
32 87 224 61 2 
7 60 168 31 3 
16 56 186 48 0 
2 177 143 15 0 
25 4 184 125 0 
5 70 246 56 0 
9 71 100 57 0 
14 67 181 19 10 
15 55 133 40 1 
38 90 97 99 11 
5 65 126 137 1 
15 106 136 70 1 
1 17 140 143 7 
18 61 112 60 19 
6 65 91 43 0 
1 28 246 54 0 
13 94 230 28 0 
11 64 259 4 0 
1 10 167 34 7 
7 61 112 38 7 
2 128 73 80 0 
20 93 92 44 0 
18 21 180 47 0 
16 16 166 85 1 
0 124 136 45 0 
6 92 70 305 0 
10 49 250 53 20 
5 72 165 43 0 
4 18 246 35 5 
26 34 290 41 0 
12 100 282 17 45 
3 80 378 118 0 
1 64 230 120 21 
8 52 136 60 0 
14 46 146 52 29 
2 51 160 21 16 
7 78 235 124 0 
11 26 99 72 0 
0 171 165 17 0 
17 16 141 81 6 
2 86 138 163 1 
0 57 222 53 1 
9 87 96 47 0 
3 121 171 61 1 
20 184 164 121 0 
8 45 163 56 0 
23 40 236 51 0 
3 81 185 65 0 
14 62 151 97 0 
1 121 135 25 0 
11 153 59 45 0 
4 69 198 85 0 
21 15 241 65 14 
1 144 151 48 0 
9 116 49 40 0 
4 101 206 51 1 
21 39 155 73 1 
1 54 211 70 0 
8 51 96 142 0 
20 81 137 40 0 
2 20 236 101 0 
0 193 138 70 0 
9 56 168 43 0 
0 115 208 44 18 
1 31 222 87 0 
0 26 39 137 0 
2 55 361 34 0 
3 80 190 27 0 
9 84 164 50 0 
29 63 184 15 0 
9 83 170 50 0 
13 145 239 55 16 
20 35 344 41 1 
5 60 125 21 1 
0 109 156 203 0 
18 40 268 65 1 
6 25 265 30 0 
6 46 285 80 47 
6 35 161 169 2 
5 42 125 57 6 
0 100 150 37 0 
7 73 315 55 0 
3 119 156 43 1 
23 52 253 61 0 
4 98 135 57 0 
0 21 122 69 0 
14 48 134 38 0 
10 106 127 54 0 
16 67 89 30 0 
5 47 164 56 0 
47 87 150 45 2 
11 185 131 111 0 
6 69 226 30 0 
0 82 173 68 0 
0 56 259 32 0 
3 54 107 96 0 
2 40 183 52 16 
37 82 89 41 0 
5 31 63 102 12 
33 35 235 135 0 
37 63 213 51 7 
5 50 165 203 0 
0 131 119 61 0 
1 97 208 51 0 
1 71 134 96 1 
9 61 298 38 0 
0 128 156 10 0 
2 61 189 16 0 
3 60 52 79 42 
18 30 182 52 0 
8 34 167 78 0 
19 57 252 106 0 
4 140 122 64 6 
1 73 230 143 0 
23 37 272 53 0 
1 80 62 76 0 
0 12 287 29 0 
2 70 317 58 19 
7 125 220 31 0 
1 89 130 66 0 
19 60 187 49 0 
3 58 306 176 20 
21 65 96 112 0 
0 101 65 95 57 
6 16 249 146 0 
7 43 170 87 0 
0 62 44 74 0 
10 41 234 10 0 
16 31 107 61 0 
2 11 68 79 0 
9 60 169 162 0 
9 119 318 128 0 
7 51 121 43 0 
3 58 144 84 1 
12 123 154 46 0 
10 48 129 148 0 
14 62 219 105 32 
2 58 127 34 0 
1 17 69 135 0 
6 99 149 69 7 
10 28 228 83 0 
12 4 70 119 8 
9 13 89 83 0 
10 51 189 31 1 
5 131 138 84 0 
0 129 142 54 2 
25 83 62 75 0 
10 50 156 108 24 
10 44 233 13 0 
27 212 130 59 0 
2 78 117 60 7 
2 38 253 71 0 
13 62 246 11 0 
1 78 173 28 0 
7 49 129 71 2 
8 26 98 102 0 
4 249 189 50 0 
24 64 149 85 2 
25 62 49 46 0 
4 110 155 14 0 
12 66 171 31 0 
2 37 290 49 1 
10 159 138 23 0 
6 62 157 30 11 
10 62 135 78 0 
8 95 248 46 0 
9 12 257 33 0 
4 37 264 34 4 
8 67 106 51 3 
7 61 255 19 0 
18 92 91 57 0 
6 48 119 150 6 
16 74 123 35 0 
0 90 186 49 1 
8 98 237 87 0 
0 149 198 5 0 
3 94 190 69 0 
1 60 256 47 0 
4 69 219 42 0 
21 106 85 12 0 
7 42 335 141 0 
7 46 73 50 20 
4 98 229 32 0 
7 58 220 90 0 
10 76 228 75 43 
16 98 138 80 0 
2 39 102 137 0 
32 29 174 91 0 
13 24 336 79 0 
17 77 128 146 0 
70 103 140 32 1 
37 131 111 14 0 
2 153 127 45 19 
1 16 92 124 0 
4 53 120 50 0 
6 57 236 78 0 
3 50 315 47 0 
12 28 233 47 0 
0 41 93 44 1 
4 77 66 83 2 
30 99 161 38 9 
39 102 99 78 0 
4 49 220 49 39 
0 27 179 26 0 
20 32 171 37 10 
10 16 240 33 0 
19 50 122 26 0 
107 78 48 27 0 
39 118 148 133 0 
3 60 167 57 107 
15 62 169 20 2 
10 49 139 110 1 
4 48 189 73 0 
2 116 264 80 27 
9 55 265 151 0 
3 35 120 63 18 
5 52 190 47 0 
13 33 393 50 0 
2 48 79 62 6 
4 57 345 34 0 
1 14 167 83 0 
8 104 110 90 0 
6 112 129 113 0 
13 45 236 68 0 
14 35 131 65 0 
21 103 220 7 0 
16 31 102 92 1 
8 112 218 18 44 
8 98 198 67 0 
11 111 132 176 31 
14 62 252 23 2 
2 92 194 31 0 
18 74 157 12 0 
4 38 318 77 9 
19 18 222 32 8 
32 61 159 77 0 
14 62 211 104 0 
0 138 121 22 10 
9 150 126 22 0 
0 35 219 184 0 
0 111 318 31 1 
20 36 256 64 0 
40 52 91 107 0 
7 49 108 10 0 
7 79 130 179 0 
16 47 81 62 0 
24 73 166 95 0 
5 42 120 33 0 
1 112 56 38 9 
17 189 117 106 8 
22 28 128 33 0 
7 92 124 25 0 
2 58 287 104 0 
0 69 283 28 0 
2 153 192 78 22 
7 65 133 118 0 
29 19 99 153 1 
4 130 152 57 0 
1 62 138 40 0 
3 44 132 70 1 
4 67 145 19 0 
4 64 79 51 0 
9 60 129 29 0 
0 41 369 65 0 
18 25 141 189 0 
8 113 168 13 0 
4 91 188 15 0 
8 33 263 145 22 
7 46 113 32 1 
5 80 176 40 0 
2 163 247 98 0 
3 149 126 128 1 
5 49 93 167 0 
0 40 226 15 0 
7 92 154 24 30 
7 85 192 27 0 
12 138 133 21 0 
0 34 267 34 1 
21 126 60 57 27 
0 6 130 85 7 
18 77 222 132 2 
8 162 159 110 0 
0 77 248 18 0 
7 21 82 60 0 
2 163 130 7 29 
3 46 151 43 1 
2 37 99 267 1 
32 25 107 178 0 
10 69 250 32 0 
1 86 186 15 0 
2 31 123 35 0 
1 200 58 81 0 
6 20 201 66 0 
16 155 116 85 15 
4 60 143 29 0 
18 99 130 38 1 
21 72 162 67 0 
34 50 348 81 16 
9 86 209 56 8 
1 24 79 163 13 
3 39 201 63 13 
5 57 61 72 0 
13 21 143 182 0 
34 42 102 80 0 
0 147 113 16 0 
4 20 239 64 2 
11 66 186 123 0 
74 63 171 20 5 
9 121 238 21 0 
27 69 184 51 1 
1 38 300 18 0 
4 124 93 42 0 
27 67 237 103 0 
0 152 185 103 0 
0 39 293 39 0 
13 41 297 87 0 
