131 262 54 0 0 
148 229 41 0 0 
117 209 78 0 0 
147 185 20 0 0 
104 287 19 0 0 
120 270 20 1 0 
152 223 52 0 0 
111 233 20 0 0 
34 211 28 1 0 
84 167 39 0 0 
185 242 108 0 0 
110 281 95 0 0 
66 219 53 8 0 
172 267 38 0 0 
68 215 27 0 0 
59 259 48 0 0 
87 313 31 0 0 
188 226 93 0 0 
76 274 86 0 0 
96 310 53 0 0 
147 138 99 0 0 
67 267 40 0 0 
70 161 74 0 0 
58 343 50 0 0 
116 268 50 0 0 
118 239 65 0 0 
141 245 20 19 0 
219 200 43 0 0 
204 199 19 0 0 
106 202 63 43 0 
104 283 24 0 0 
186 167 67 0 0 
81 150 164 2 0 
45 187 75 0 0 
84 240 81 14 0 
144 245 9 0 0 
122 213 41 0 0 
237 214 66 0 0 
215 202 33 0 0 
85 212 50 0 0 
93 305 31 0 0 
78 269 19 0 0 
156 178 123 0 0 
133 196 44 1 0 
122 213 57 0 0 
120 158 123 0 0 
101 297 12 0 0 
152 237 26 10 0 
54 191 35 8 0 
115 181 56 3 0 
83 271 54 0 0 
80 233 124 0 0 
94 292 61 0 0 
133 216 16 1 0 
57 270 44 0 0 
59 265 84 1 0 
106 202 69 0 0 
126 192 110 0 0 
132 222 25 0 0 
67 247 48 0 0 
109 136 154 0 0 
145 135 30 31 0 
221 221 12 1 0 
101 240 49 2 0 
115 193 98 0 0 
143 152 90 0 0 
105 242 29 6 0 
68 286 75 11 0 
81 247 113 0 0 
131 185 64 0 0 
148 215 34 0 0 
62 273 45 0 0 
184 186 20 0 0 
54 183 24 0 0 
80 196 74 0 0 
83 221 131 12 0 
155 160 82 17 0 
193 152 17 0 0 
106 122 77 0 0 
169 141 20 0 0 
134 232 72 0 0 
182 107 63 0 0 
63 236 119 1 0 
244 190 29 0 0 
90 207 74 24 0 
69 325 43 0 0 
56 208 48 42 0 
62 191 16 1 0 
83 183 33 0 0 
169 218 55 2 0 
62 245 54 0 0 
141 246 54 0 0 
108 226 91 10 0 
115 330 15 0 0 
67 216 29 0 0 
74 333 61 0 0 
145 312 60 0 0 
77 255 88 0 0 
140 171 67 0 0 
74 189 93 0 0 
106 203 80 0 0 
92 321 51 0 0 
35 281 71 0 0 
119 292 19 0 0 
202 224 49 1 0 
187 274 65 0 0 
28 228 183 0 0 
265 165 32 0 0 
144 164 81 0 0 
152 192 11 7 0 
211 193 60 3 0 
164 199 32 28 0 
180 168 15 0 0 
109 233 86 0 0 
174 156 19 0 0 
124 258 28 1 0 
118 254 61 2 0 
164 128 4 17 0 
161 213 63 0 0 
113 231 33 0 0 
143 271 64 0 0 
74 320 4 10 0 
84 285 46 16 0 
171 185 13 0 0 
64 147 55 0 0 
96 334 71 0 0 
73 371 38 55 0 
207 174 50 0 0 
231 216 49 0 0 
122 246 38 22 0 
115 214 57 6 0 
141 304 18 0 0 
176 159 87 0 0 
163 231 50 0 0 
87 302 49 0 0 
272 239 37 0 0 
111 190 144 0 0 
123 236 46 9 0 
122 232 53 1 0 
128 228 47 0 0 
85 236 49 0 0 
97 245 125 0 0 
127 249 40 0 0 
170 201 31 0 0 
113 218 43 0 0 
132 243 69 18 0 
161 211 26 0 0 
123 230 35 0 0 
77 363 43 1 0 
129 350 12 19 0 
127 222 76 0 0 
112 222 34 0 0 
146 214 38 8 0 
225 257 59 0 0 
119 198 45 0 0 
88 297 59 0 0 
79 198 60 0 0 
189 158 67 0 0 
88 242 117 0 0 
128 271 10 0 0 
104 237 34 0 0 
134 170 21 0 0 
157 237 63 0 0 
104 277 64 0 0 
92 212 91 0 0 
221 203 60 0 0 
45 276 115 0 0 
144 168 100 0 0 
86 283 70 0 1 
125 218 57 0 0 
59 181 56 1 0 
147 253 55 0 0 
299 140 64 0 0 
57 247 52 3 0 
134 283 41 0 0 
100 277 30 0 0 
80 211 42 0 0 
140 295 50 0 0 
102 253 25 1 0 
78 212 97 0 0 
102 177 108 0 0 
88 234 19 0 0 
63 330 71 1 0 
144 255 16 49 0 
160 198 84 0 0 
82 240 44 0 0 
151 252 5 0 0 
193 144 118 2 0 
92 238 53 0 0 
103 271 75 0 0 
92 226 45 3 0 
113 145 74 1 0 
212 244 9 0 0 
101 236 22 9 0 
106 163 35 0 0 
84 215 19 16 0 
90 370 51 0 0 
212 251 64 0 0 
155 291 44 4 0 
142 139 41 0 0 
100 255 42 0 0 
215 163 34 0 0 
185 180 89 0 0 
218 200 64 0 0 
191 194 22 0 0 
152 89 30 73 0 
72 135 169 0 0 
154 260 10 0 0 
69 235 19 0 0 
196 152 21 3 0 
86 200 40 15 0 
110 184 21 0 0 
54 204 71 16 0 
93 230 19 1 0 
170 182 33 0 0 
149 242 43 0 0 
150 227 29 0 0 
64 336 71 0 0 
73 380 52 6 0 
103 245 56 33 0 
73 243 107 20 0 
98 303 14 11 0 
197 146 39 0 0 
133 285 29 0 0 
235 288 48 0 0 
111 201 55 0 0 
150 302 59 1 0 
129 163 91 52 0 
106 175 41 0 0 
98 276 11 0 0 
121 267 29 0 0 
94 328 30 0 0 
123 136 21 0 0 
114 209 57 2 0 
104 175 129 0 0 
88 259 87 0 0 
32 263 79 0 0 
110 358 90 0 0 
84 306 85 0 0 
54 243 48 20 0 
91 274 47 4 0 
112 253 122 0 0 
155 225 46 0 0 
140 311 32 5 0 
146 168 25 0 0 
55 379 49 0 0 
68 305 38 50 0 
112 200 60 0 0 
105 246 90 0 0 
116 188 7 0 0 
89 272 16 2 0 
67 313 44 0 0 
135 243 55 0 0 
141 259 60 0 0 
173 168 28 4 0 
225 242 37 1 0 
76 162 77 1 0 
137 222 28 7 0 
146 207 64 0 0 
87 327 78 0 0 
138 281 45 0 0 
122 160 48 0 0 
91 292 51 0 0 
101 180 38 5 0 
152 197 121 0 0 
126 265 71 0 0 
282 114 30 7 0 
100 321 72 0 0 
106 241 36 0 0 
82 269 77 5 0 
59 176 69 0 0 
65 352 6 25 0 
102 208 63 0 0 
64 259 46 0 0 
163 389 27 1 0 
119 342 17 5 0 
86 291 13 0 0 
112 319 19 0 0 
136 185 29 11 0 
143 225 56 0 0 
198 182 27 0 0 
89 205 28 0 0 
219 235 25 0 0 
90 248 19 0 0 
169 187 60 0 0 
114 174 48 0 0 
115 295 56 0 0 
77 222 72 0 0 
121 270 16 0 0 
157 171 46 61 0 
276 241 22 0 0 
64 148 124 0 0 
154 277 19 8 0 
7 203 85 0 0 
142 206 107 1 0 
101 252 47 6 0 
88 326 23 0 0 
63 319 18 0 0 
191 172 59 43 0 
95 228 65 0 0 
140 149 65 0 0 
162 196 83 0 0 
78 265 80 7 0 
103 352 59 1 0 
73 224 39 0 0 
202 184 38 10 0 
107 254 22 0 0 
101 185 62 26 0 
80 299 34 3 0 
126 211 83 0 0 
118 278 44 0 0 
102 189 80 0 0 
185 221 48 0 0 
181 182 141 4 0 
66 308 55 0 0 
126 226 33 1 0 
132 245 53 0 0 
118 307 67 0 0 
105 350 30 2 0 
64 292 50 18 0 
178 134 87 18 0 
97 301 27 0 0 
132 337 54 0 0 
115 209 121 0 0 
134 136 49 0 0 
117 198 55 0 0 
127 169 97 0 0 
90 224 63 0 0 
176 110 32 0 0 
166 211 59 0 0 
141 164 55 0 0 
153 251 52 3 0 
91 350 87 0 0 
198 235 29 0 0 
130 195 104 0 0 
205 255 63 33 0 
57 243 25 0 0 
62 216 94 0 0 
55 279 116 0 0 
120 164 49 0 0 
199 265 11 0 0 
122 303 43 0 0 
104 306 30 0 0 
65 224 53 13 0 
97 274 83 0 0 
113 252 49 0 0 
94 208 60 0 0 
132 170 63 0 0 
132 279 35 0 0 
169 232 5 0 0 
89 180 96 0 0 
115 248 59 0 0 
97 199 71 18 0 
138 205 59 42 0 
119 191 17 0 0 
90 211 62 0 0 
81 151 52 0 0 
199 146 75 0 0 
112 343 14 0 0 
167 329 33 0 0 
64 271 67 3 0 
111 300 17 0 0 
201 209 59 0 0 
35 247 96 1 0 
94 304 21 0 0 
62 248 51 0 0 
108 315 16 1 0 
149 225 37 0 0 
200 166 66 0 0 
146 300 38 10 0 
131 130 82 0 0 
85 169 49 1 0 
138 167 84 2 0 
163 145 21 0 0 
39 216 66 0 0 
117 230 52 6 0 
132 285 27 0 0 
118 217 51 0 0 
161 195 74 0 0 
88 228 17 0 0 
93 254 79 13 0 
125 205 36 0 0 
176 255 66 1 0 
168 261 42 0 0 
113 284 52 0 0 
140 139 108 2 0 
172 215 27 0 0 
134 252 8 0 0 
115 226 52 0 0 
67 342 25 4 0 
89 310 41 0 0 
133 238 23 13 0 
124 216 54 0 0 
122 157 67 0 0 
150 224 61 0 0 
110 247 68 0 0 
53 332 75 0 0 
111 253 68 0 0 
158 146 101 5 0 
132 190 35 0 0 
77 204 74 0 0 
143 299 37 0 0 
194 183 27 0 0 
46 224 48 1 0 
105 224 93 5 0 
162 235 73 1 0 
42 353 78 0 0 
240 158 48 0 0 
60 300 22 0 0 
35 169 107 0 0 
105 175 140 0 0 
184 297 58 0 0 
158 164 19 0 0 
92 230 81 0 0 
114 226 64 18 0 
135 248 44 0 0 
89 229 73 3 0 
69 240 41 10 0 
100 243 18 0 0 
111 149 26 0 0 
129 172 54 0 0 
133 253 20 0 0 
127 289 29 0 0 
136 151 73 0 0 
94 242 17 0 0 
68 275 50 0 0 
220 185 28 0 0 
163 243 38 0 0 
142 245 26 0 0 
91 161 41 0 0 
112 210 158 0 0 
143 248 72 0 0 
86 302 26 12 0 
136 293 43 1 0 
34 254 118 4 0 
197 162 107 0 0 
84 238 95 0 0 
40 254 143 0 0 
149 223 35 3 0 
38 275 101 0 0 
209 231 57 0 0 
191 189 12 0 0 
172 188 84 0 0 
153 233 69 0 0 
110 132 45 0 0 
133 268 77 19 0 
108 201 73 0 0 
22 202 107 0 0 
82 196 25 0 0 
187 152 72 0 0 
89 189 81 21 0 
103 193 35 1 0 
144 294 121 0 0 
114 226 109 4 0 
89 211 66 0 0 
64 276 43 2 0 
67 269 57 3 0 
41 128 78 0 0 
204 241 21 1 0 
194 224 27 8 0 
95 230 45 0 0 
74 188 66 12 0 
123 271 20 2 0 
106 205 85 3 0 
152 169 45 10 0 
126 212 79 0 0 
142 242 95 0 0 
98 254 42 0 0 
231 211 15 0 0 
112 250 31 0 0 
143 253 19 0 0 
144 248 44 5 0 
152 229 13 0 0 
91 198 40 0 0 
119 142 44 24 0 
119 215 56 9 0 
58 270 35 0 0 
256 179 63 0 0 
148 239 128 1 0 
106 193 126 0 0 
72 123 68 0 0 
159 192 56 1 0 
181 172 42 0 0 
70 293 94 0 0 
206 177 24 26 0 
163 214 53 0 0 
160 217 36 0 0 
97 285 32 0 0 
164 242 125 0 0 
44 155 68 0 0 
170 234 72 0 0 
167 197 45 0 0 
177 197 13 0 0 
73 290 97 0 0 
202 213 82 1 0 
68 271 67 0 0 
191 197 58 0 0 
111 127 31 0 0 
82 236 90 3 0 
146 196 165 0 0 
99 261 91 6 0 
108 214 116 0 0 
98 197 51 25 0 
266 112 76 0 0 
193 291 34 0 0 
100 238 93 0 0 
123 205 50 0 0 
75 283 43 0 0 
149 206 55 0 0 
146 284 8 0 0 
98 156 62 0 5 
127 181 80 0 0 
97 213 103 0 0 
66 214 25 15 0 
164 301 22 0 0 
122 253 66 0 0 
64 310 98 0 0 
164 194 66 0 0 
149 159 43 0 0 
101 287 29 3 0 
133 233 20 8 0 
62 249 19 0 0 
84 262 47 2 0 
83 283 74 0 0 
164 259 61 0 0 
106 297 49 0 0 
59 223 68 10 0 
108 213 23 0 0 
138 219 47 0 0 
147 252 43 0 0 
180 141 3 0 0 
132 189 23 0 0 
49 275 39 9 0 
112 209 72 0 0 
91 247 96 0 0 
113 176 63 10 0 
164 160 103 0 0 
80 218 66 0 0 
141 188 104 0 0 
82 228 19 0 0 
97 268 19 10 0 
159 282 8 0 0 
140 241 82 0 0 
53 257 42 0 0 
17 267 64 0 0 
132 241 26 2 0 
120 221 31 0 0 
166 204 123 0 0 
111 324 41 12 0 
39 236 49 0 0 
158 136 76 0 0 
94 259 17 0 0 
86 226 54 0 0 
78 383 22 1 0 
150 127 91 0 0 
155 195 84 0 0 
167 245 64 13 0 
65 242 40 0 0 
80 125 58 0 0 
124 215 173 0 0 
200 170 35 0 0 
61 190 83 0 0 
47 328 93 10 0 
227 259 21 6 0 
38 181 168 0 0 
186 197 30 0 0 
128 221 50 0 0 
156 178 80 0 0 
62 235 75 0 0 
101 331 53 0 0 
96 213 45 3 0 
40 163 65 0 0 
132 306 32 0 0 
181 199 51 0 0 
222 209 71 12 0 
142 224 36 13 0 
60 96 196 0 0 
143 243 61 11 0 
100 321 43 0 0 
72 299 93 0 0 
104 263 33 5 0 
46 281 17 0 0 
135 241 27 5 0 
114 253 29 0 0 
70 295 80 0 0 
129 207 84 0 0 
92 256 62 0 0 
115 155 76 1 0 
104 187 65 3 0 
155 348 35 40 0 
103 252 14 0 0 
80 208 17 46 0 
80 366 40 0 0 
121 194 31 0 0 
183 260 94 15 0 
104 180 20 2 0 
83 202 84 0 0 
113 156 74 0 0 
167 248 12 15 0 
91 246 27 0 0 
195 241 37 15 0 
81 288 45 0 0 
58 313 37 1 0 
115 212 39 1 0 
107 318 26 0 0 
82 290 61 0 0 
149 186 56 0 0 
263 192 38 0 0 
176 209 17 1 0 
112 255 57 0 0 
162 244 44 0 0 
48 354 26 0 0 
32 371 24 0 0 
75 281 43 0 0 
87 200 48 0 0 
165 205 140 0 0 
105 227 36 0 0 
82 351 12 0 0 
135 252 18 1 0 
145 122 80 0 0 
70 220 89 0 0 
109 257 49 0 0 
81 260 60 0 0 
150 175 96 0 0 
186 292 88 0 0 
138 140 79 0 0 
63 327 7 0 0 
168 225 69 0 0 
115 198 51 9 0 
245 227 38 0 0 
181 154 28 0 0 
165 187 98 7 0 
156 160 20 0 0 
242 182 34 4 0 
147 219 9 0 0 
74 352 65 17 0 
86 199 133 0 0 
99 287 86 0 0 
315 304 14 0 0 
147 120 149 20 0 
250 165 13 0 0 
97 120 98 0 0 
114 150 50 0 0 
134 306 19 0 0 
145 241 60 3 0 
108 206 49 0 0 
88 193 129 0 0 
116 220 43 6 0 
85 221 88 0 0 
180 158 85 0 0 
262 157 38 0 0 
156 209 91 1 0 
109 197 94 18 0 
161 296 32 0 0 
251 211 36 0 0 
134 242 75 0 0 
148 204 23 0 0 
94 290 44 0 0 
106 226 119 0 0 
160 223 24 0 0 
136 314 25 0 0 
280 307 34 0 0 
98 280 32 1 0 
197 231 49 0 0 
147 195 13 0 0 
93 160 156 3 0 
142 211 53 0 0 
66 247 24 1 0 
209 107 60 0 0 
189 231 25 0 0 
70 260 24 0 0 
218 139 72 0 0 
122 207 94 1 0 
163 185 58 0 0 
121 180 34 0 0 
148 215 48 0 0 
87 308 24 1 0 
138 223 71 0 0 
207 205 13 0 0 
56 264 9 0 0 
132 198 46 0 0 
108 274 24 12 0 
129 164 120 0 0 
138 179 38 0 0 
109 249 77 12 0 
81 301 15 0 0 
109 226 39 0 0 
110 263 36 0 0 
125 176 27 0 0 
200 210 69 0 0 
76 151 51 0 0 
122 249 67 0 0 
55 287 62 0 0 
125 157 62 0 0 
76 370 67 0 0 
89 184 66 19 0 
184 249 44 0 0 
106 272 34 0 0 
123 365 46 0 0 
109 184 40 0 0 
116 285 29 0 0 
119 191 83 0 0 
151 245 80 0 0 
123 198 48 1 0 
67 210 66 0 0 
188 185 44 0 0 
142 290 59 0 0 
148 330 30 0 0 
157 251 72 0 0 
87 272 44 0 0 
110 214 51 0 0 
109 177 44 18 0 
98 260 33 6 0 
148 242 55 0 0 
97 295 68 0 0 
240 165 64 7 0 
196 272 6 0 0 
96 257 47 0 0 
152 292 43 0 0 
136 222 62 3 0 
78 331 41 0 0 
69 254 61 3 0 
24 369 25 0 0 
100 228 90 0 0 
145 255 37 0 0 
156 182 78 5 0 
151 211 59 6 0 
82 223 125 0 0 
50 314 16 0 0 
145 218 55 0 0 
122 260 24 2 0 
87 179 91 0 0 
77 197 35 0 0 
56 351 14 0 0 
104 292 50 0 0 
163 247 85 0 0 
158 187 57 0 0 
73 231 66 0 0 
163 232 40 0 0 
199 218 19 0 0 
133 164 44 0 0 
86 364 51 0 0 
117 228 64 1 0 
122 326 38 30 0 
105 176 95 0 0 
150 221 74 0 0 
55 259 159 0 0 
90 199 69 0 0 
125 157 74 0 0 
100 281 53 0 0 
157 236 77 0 0 
67 295 62 0 0 
101 187 47 0 0 
124 316 73 1 0 
133 259 7 0 0 
80 378 40 0 0 
104 158 103 0 0 
65 269 15 0 0 
212 219 38 0 0 
84 200 63 20 0 
155 173 43 7 0 
125 359 1 0 0 
167 223 15 1 0 
58 217 69 0 0 
69 391 77 0 0 
117 264 53 0 0 
112 280 55 0 0 
107 193 52 11 0 
181 176 61 0 0 
224 155 81 0 0 
106 279 62 0 0 
188 276 10 0 0 
132 227 48 3 0 
202 280 17 0 0 
126 324 84 1 0 
113 195 33 0 0 
112 193 37 0 0 
133 185 59 0 0 
147 208 29 2 0 
227 201 55 0 0 
159 106 106 0 0 
151 173 34 0 0 
122 181 71 2 0 
75 370 37 0 0 
134 244 55 0 0 
174 345 5 0 0 
175 221 68 0 0 
64 251 55 0 0 
131 257 60 0 0 
142 182 55 0 0 
137 314 34 0 0 
70 240 102 0 0 
117 249 22 0 0 
78 165 48 0 0 
66 175 26 0 0 
173 177 10 0 0 
52 218 34 4 0 
73 187 54 0 0 
97 135 89 0 0 
68 252 66 0 0 
58 232 59 0 0 
95 308 36 0 0 
61 232 82 0 0 
160 152 43 0 0 
153 215 29 0 0 
66 260 38 0 0 
162 321 59 0 0 
106 192 56 5 0 
97 226 63 10 0 
117 280 30 0 0 
205 232 30 0 0 
179 191 26 0 0 
72 169 105 0 0 
96 209 43 0 0 
85 246 27 0 0 
98 248 30 0 0 
152 237 24 0 0 
37 257 24 4 0 
138 173 35 22 0 
94 196 89 0 0 
97 295 74 0 0 
149 238 63 0 0 
137 238 67 0 0 
203 253 14 0 0 
101 258 33 0 0 
87 240 33 27 0 
118 142 17 0 0 
62 343 10 0 0 
122 270 20 1 0 
127 194 113 0 0 
223 260 107 0 0 
127 203 41 0 0 
62 218 70 0 0 
96 108 83 0 0 
79 295 130 0 0 
142 256 88 6 0 
138 242 72 0 0 
107 139 114 0 0 
119 250 71 0 0 
182 226 46 0 0 
114 219 76 16 0 
66 327 55 0 0 
133 141 25 0 0 
36 203 120 10 0 
87 238 58 5 0 
99 221 58 1 0 
243 167 70 0 0 
144 244 82 0 0 
109 210 48 0 0 
119 277 19 14 0 
112 376 42 0 0 
129 152 70 0 0 
164 163 47 5 0 
119 254 39 0 0 
41 234 25 0 0 
100 238 110 0 0 
52 257 49 19 0 
132 166 57 0 0 
63 289 39 0 0 
189 155 32 0 0 
97 166 83 0 0 
72 240 56 0 0 
136 148 45 0 0 
71 240 62 6 0 
104 170 26 40 0 
90 295 37 0 0 
118 197 35 0 0 
196 149 72 0 0 
99 275 113 0 0 
95 171 128 10 0 
144 186 63 0 0 
114 288 68 0 0 
105 327 34 0 0 
115 236 41 0 0 
74 355 33 0 0 
154 267 65 0 0 
62 339 32 0 0 
141 248 74 0 0 
132 232 86 2 0 
175 238 35 0 0 
157 267 54 0 0 
64 190 93 0 0 
96 228 29 6 0 
147 243 88 0 0 
88 196 94 4 0 
79 298 36 0 0 
250 235 15 0 0 
126 190 21 0 0 
82 246 43 4 0 
118 214 49 12 0 
79 175 19 14 0 
64 261 70 0 0 
164 180 35 0 0 
119 207 53 24 0 
134 180 22 0 0 
175 217 31 0 0 
132 265 29 16 0 
130 180 43 0 0 
56 244 106 0 0 
247 100 65 0 0 
136 203 29 2 0 
187 296 22 0 0 
112 239 70 0 0 
70 182 103 10 0 
175 235 33 0 0 
144 312 18 0 0 
55 224 35 2 0 
139 276 7 1 0 
81 319 61 0 0 
141 241 63 0 0 
69 190 16 2 0 
123 153 1 0 0 
96 237 38 0 0 
98 201 65 16 0 
50 253 62 0 0 
85 224 26 0 0 
184 262 19 0 0 
119 262 48 0 0 
87 306 94 0 0 
98 191 69 0 0 
94 264 98 0 0 
158 212 44 0 0 
71 298 79 0 0 
104 304 40 1 0 
116 169 82 0 0 
87 219 29 7 0 
241 196 45 6 0 
205 195 70 0 0 
98 356 42 0 0 
84 263 58 0 0 
114 269 84 0 0 
124 139 81 0 0 
78 205 124 0 0 
106 188 129 2 0 
206 161 70 0 0 
206 169 93 0 0 
143 251 21 1 0 
114 192 71 0 0 
169 186 56 18 0 
125 260 20 0 0 
223 167 53 31 0 
68 186 143 0 0 
128 187 90 14 0 
98 407 57 0 0 
78 256 60 0 0 
106 167 52 1 0 
157 167 20 0 0 
182 280 9 0 0 
76 230 112 28 0 
149 256 37 5 0 
132 186 47 5 0 
177 258 83 0 0 
143 257 22 0 0 
90 187 35 0 0 
158 259 34 0 0 
178 213 69 0 0 
149 344 12 0 0 
134 224 47 14 0 
153 230 122 0 0 
76 190 117 1 0 
118 213 28 0 0 
45 201 50 0 0 
84 152 64 10 0 
97 246 106 0 0 
71 212 48 0 0 
124 272 23 0 0 
117 203 55 0 0 
104 243 33 0 0 
63 270 39 0 0 
105 275 50 17 0 
185 161 100 19 0 
103 248 36 0 0 
68 275 37 0 0 
86 202 72 2 0 
100 265 77 0 0 
82 329 68 0 0 
163 201 106 0 0 
13 266 52 15 0 
75 272 25 1 0 
79 307 98 0 0 
107 305 86 16 0 
92 223 104 1 0 
77 299 45 0 0 
67 303 106 0 0 
193 295 34 0 0 
97 235 15 0 0 
142 289 35 0 0 
197 145 98 0 0 
87 203 50 6 0 
92 284 120 0 0 
102 177 43 5 0 
100 190 62 0 0 
87 173 36 0 0 
258 209 61 0 0 
156 139 114 0 0 
83 301 35 5 0 
104 306 32 0 0 
41 213 82 0 0 
116 268 11 0 0 
137 170 63 0 0 
