556 156 288 
585 224 191 
623 107 270 
654 241 105 
783 112 105 
686 205 109 
548 210 242 
623 266 111 
613 221 166 
668 224 108 
577 222 201 
562 237 201 
647 224 129 
583 246 171 
499 206 295 
658 196 146 
632 278 90 
543 127 330 
578 241 181 
654 194 152 
605 284 111 
569 152 279 
790 159 51 
636 226 138 
673 197 130 
707 205 88 
677 204 119 
499 280 221 
623 187 190 
602 236 162 
572 189 239 
544 268 188 
683 220 97 
541 154 305 
664 175 161 
639 152 209 
655 205 140 
654 216 130 
586 217 197 
712 209 79 
762 126 112 
557 219 224 
635 208 157 
691 178 131 
617 216 167 
636 187 177 
700 177 123 
678 216 106 
606 260 134 
535 230 235 
637 228 135 
634 209 157 
503 211 286 
641 217 142 
639 190 171 
603 223 174 
556 221 223 
729 180 91 
546 305 149 
584 265 151 
618 84 298 
746 208 46 
620 193 187 
613 217 170 
654 225 121 
628 194 178 
529 186 285 
679 226 95 
725 216 59 
765 149 86 
603 185 212 
691 203 106 
734 148 118 
626 172 202 
645 248 107 
659 243 98 
660 255 85 
685 168 147 
624 228 148 
573 159 268 
665 188 147 
648 274 78 
636 170 194 
666 183 151 
592 205 203 
621 251 128 
593 188 219 
564 168 268 
638 251 111 
750 168 82 
548 197 255 
585 198 217 
703 121 176 
574 254 172 
585 222 193 
685 160 155 
663 182 155 
683 215 102 
661 192 147 
667 213 120 
663 136 201 
556 285 159 
603 206 191 
593 192 215 
685 195 120 
719 185 96 
561 298 141 
641 216 143 
729 130 141 
627 179 194 
669 201 130 
634 226 140 
859 102 39 
673 213 114 
633 162 205 
503 228 269 
627 295 78 
550 224 226 
613 215 172 
673 168 159 
581 204 215 
607 281 112 
604 186 210 
603 247 150 
565 224 211 
687 150 163 
700 190 110 
614 202 184 
643 219 138 
665 255 80 
551 233 216 
535 255 210 
572 123 305 
557 268 175 
677 222 101 
569 215 216 
562 244 194 
558 177 265 
663 252 85 
569 276 155 
705 228 67 
654 128 218 
579 228 193 
677 201 122 
601 183 216 
609 218 173 
632 226 142 
539 219 242 
515 152 333 
669 215 116 
630 214 156 
715 154 131 
625 224 151 
617 268 115 
646 146 208 
544 180 276 
624 210 166 
654 194 152 
627 224 149 
594 150 256 
677 222 101 
594 271 135 
670 184 146 
627 210 163 
747 187 66 
718 221 61 
550 196 254 
429 230 341 
539 255 206 
642 211 147 
749 112 139 
580 228 192 
673 190 137 
661 164 175 
614 247 139 
578 209 213 
589 224 187 
622 214 164 
592 249 159 
608 197 195 
635 247 118 
553 152 295 
678 200 122 
639 201 160 
681 210 109 
632 218 150 
670 153 177 
675 199 126 
596 216 188 
766 175 59 
543 321 136 
708 214 78 
460 196 344 
600 221 179 
718 198 84 
615 169 216 
633 209 158 
593 246 161 
659 241 100 
453 141 406 
611 194 195 
707 196 97 
602 278 120 
693 222 85 
575 254 171 
650 270 80 
673 172 155 
629 203 168 
601 284 115 
575 269 156 
599 273 128 
563 236 201 
644 235 121 
631 268 101 
665 152 183 
735 173 92 
676 181 143 
548 234 218 
585 143 272 
593 210 197 
716 169 115 
623 130 247 
665 131 204 
643 169 188 
672 246 82 
696 172 132 
623 187 190 
619 241 140 
684 190 126 
695 231 74 
574 137 289 
611 240 149 
475 209 316 
725 165 110 
724 122 154 
563 233 204 
629 226 145 
766 135 99 
689 191 120 
663 158 179 
717 144 139 
537 302 161 
661 211 128 
588 302 110 
697 223 80 
556 239 205 
517 194 289 
622 142 236 
597 303 100 
611 229 160 
597 233 170 
563 227 210 
661 245 94 
661 191 148 
660 246 94 
646 239 115 
603 181 216 
760 155 85 
565 242 193 
564 199 237 
707 163 130 
596 254 150 
610 261 129 
637 200 163 
587 256 157 
619 200 181 
571 159 270 
688 175 137 
619 161 220 
672 212 116 
646 156 198 
734 128 138 
526 268 206 
595 182 223 
603 171 226 
653 208 139 
715 202 83 
641 228 131 
729 187 84 
569 171 260 
528 209 263 
526 209 265 
528 158 314 
509 177 314 
493 142 365 
491 198 311 
623 219 158 
672 161 167 
617 203 180 
616 231 153 
565 201 234 
613 274 113 
616 166 218 
646 167 187 
761 156 83 
713 132 155 
711 196 93 
583 240 177 
609 194 197 
606 167 227 
629 164 207 
639 175 186 
586 190 224 
509 203 288 
686 211 103 
637 254 109 
647 201 152 
654 198 148 
590 178 232 
545 201 254 
616 235 149 
510 224 266 
701 156 143 
722 132 146 
584 176 240 
617 169 214 
696 202 102 
700 152 148 
628 271 101 
628 230 142 
671 220 109 
627 226 147 
478 242 280 
529 160 311 
647 192 161 
558 147 295 
532 173 295 
601 194 205 
606 253 141 
728 197 75 
529 247 224 
702 126 172 
614 140 246 
624 198 178 
671 205 124 
576 226 198 
597 267 136 
463 248 289 
558 234 208 
552 205 243 
648 229 123 
721 198 81 
663 246 91 
620 190 190 
580 243 177 
611 225 164 
607 206 187 
637 224 139 
632 176 192 
644 191 165 
789 130 81 
721 163 116 
580 191 229 
694 204 102 
638 264 98 
634 195 171 
642 200 158 
687 183 130 
578 189 233 
676 241 83 
722 143 135 
645 222 133 
670 147 183 
532 234 234 
638 247 115 
681 164 155 
566 145 289 
628 226 146 
733 172 95 
581 200 219 
535 216 249 
713 135 152 
611 199 190 
577 219 204 
483 238 279 
513 190 297 
759 168 73 
627 244 129 
659 264 77 
548 206 246 
653 180 167 
572 203 225 
668 202 130 
611 198 191 
541 177 282 
586 224 190 
693 204 103 
626 196 178 
672 195 133 
551 237 212 
584 208 208 
633 94 273 
636 128 236 
588 221 191 
725 145 130 
555 201 244 
677 103 220 
613 174 213 
611 204 185 
671 185 144 
572 256 172 
668 211 121 
604 236 160 
585 144 271 
668 218 114 
635 198 167 
675 162 163 
610 211 179 
697 192 111 
558 297 145 
593 163 244 
601 248 151 
634 248 118 
589 221 190 
736 185 79 
553 220 227 
567 222 211 
631 211 158 
544 138 318 
525 265 210 
738 170 92 
656 234 110 
695 154 151 
623 241 136 
702 248 50 
598 210 192 
453 193 354 
577 195 228 
738 184 78 
576 214 210 
637 176 187 
645 192 163 
575 173 252 
579 214 207 
624 246 130 
666 179 155 
704 133 163 
568 248 184 
649 248 103 
448 287 265 
627 251 122 
734 140 126 
661 192 147 
708 186 106 
606 242 152 
559 220 221 
718 209 73 
611 252 137 
589 238 173 
526 282 192 
696 161 143 
559 210 231 
749 157 94 
691 190 119 
604 186 210 
593 149 258 
766 170 64 
730 193 77 
625 289 86 
628 190 182 
612 188 200 
644 231 125 
599 229 172 
614 199 187 
559 224 217 
583 201 216 
666 263 71 
705 188 107 
717 159 124 
673 167 160 
698 210 92 
723 161 116 
559 183 258 
571 212 217 
723 180 97 
651 168 181 
621 201 178 
585 216 199 
642 272 86 
661 168 171 
594 243 163 
682 120 198 
497 220 283 
561 207 232 
675 219 106 
624 205 171 
657 197 146 
631 237 132 
667 161 172 
610 217 173 
669 174 157 
610 206 184 
568 259 173 
706 156 138 
647 212 141 
534 184 282 
519 224 257 
579 122 299 
711 176 113 
665 205 130 
569 212 219 
476 240 284 
606 160 234 
707 172 121 
627 204 169 
622 214 164 
625 218 157 
708 162 130 
632 197 171 
662 214 124 
622 179 199 
599 288 113 
695 193 112 
739 199 62 
708 209 83 
568 237 195 
622 215 163 
729 168 103 
593 130 277 
663 165 172 
591 219 190 
579 219 202 
595 164 241 
641 264 95 
578 177 245 
728 187 85 
594 240 166 
568 216 216 
690 177 133 
691 137 172 
733 144 123 
637 238 125 
645 135 220 
691 173 136 
612 212 176 
584 261 155 
542 224 234 
513 280 207 
741 185 74 
537 184 279 
618 217 165 
629 231 140 
523 315 162 
570 248 182 
538 233 229 
469 211 320 
590 205 205 
675 245 80 
672 188 140 
643 174 183 
660 172 168 
583 209 208 
687 189 124 
527 216 257 
638 266 96 
625 144 231 
647 171 182 
574 244 182 
624 231 145 
671 158 171 
591 200 209 
557 251 192 
632 170 198 
468 238 294 
534 178 288 
667 192 141 
642 248 110 
609 235 156 
742 185 73 
582 259 159 
640 222 138 
612 237 151 
585 191 224 
666 173 161 
572 306 122 
654 195 151 
615 193 192 
719 202 79 
621 259 120 
529 219 252 
699 162 139 
662 194 144 
546 190 264 
574 273 153 
580 221 199 
607 205 188 
672 220 108 
600 184 216 
685 182 133 
675 231 94 
609 201 190 
663 270 67 
641 242 117 
579 143 278 
775 168 57 
713 171 116 
653 222 125 
572 266 162 
676 189 135 
666 216 118 
567 240 193 
649 231 120 
659 228 113 
679 195 126 
613 167 220 
638 204 158 
557 169 274 
628 248 124 
533 223 244 
598 240 162 
684 251 65 
435 148 417 
550 192 258 
668 211 121 
632 213 155 
586 288 126 
559 236 205 
539 302 159 
776 149 75 
659 215 126 
702 168 130 
641 146 213 
613 232 155 
637 155 208 
524 206 270 
730 180 90 
650 213 137 
541 186 273 
578 259 163 
664 188 148 
567 202 231 
725 155 120 
519 193 288 
619 217 164 
640 259 101 
555 186 259 
618 234 148 
525 231 244 
639 141 220 
684 195 121 
707 131 162 
599 215 186 
633 245 122 
621 184 195 
683 178 139 
621 186 193 
665 186 149 
705 187 108 
484 163 353 
609 191 200 
624 204 172 
727 186 87 
584 176 240 
642 160 198 
611 205 184 
740 185 75 
708 224 68 
554 239 207 
640 161 199 
665 230 105 
621 188 191 
692 230 78 
736 213 51 
616 221 163 
544 207 249 
581 180 239 
554 234 212 
694 186 120 
583 317 100 
701 212 87 
616 191 193 
738 176 86 
425 179 396 
525 198 277 
610 267 123 
668 202 130 
599 282 119 
609 126 265 
598 219 183 
681 201 118 
673 172 155 
691 165 144 
715 143 142 
646 237 117 
567 337 96 
505 213 282 
488 184 328 
596 240 164 
516 227 257 
593 238 169 
612 206 182 
695 204 101 
678 141 181 
598 197 205 
528 252 220 
650 159 191 
555 211 234 
613 181 206 
611 227 162 
540 201 259 
584 257 159 
730 222 48 
658 203 139 
649 153 198 
641 127 232 
529 282 189 
639 261 100 
666 224 110 
620 184 196 
622 206 172 
587 179 234 
604 183 213 
584 224 192 
674 206 120 
561 299 140 
497 189 314 
561 243 196 
699 223 78 
621 202 177 
630 157 213 
710 171 119 
746 126 128 
622 148 230 
671 123 206 
686 193 121 
502 147 351 
499 192 309 
726 159 115 
538 300 162 
704 138 158 
523 213 264 
521 220 259 
601 219 180 
651 188 161 
599 235 166 
589 124 287 
690 221 89 
664 188 148 
694 215 91 
677 207 116 
675 174 151 
650 230 120 
687 187 126 
622 211 167 
586 197 217 
658 231 111 
680 165 155 
542 166 292 
574 149 277 
705 182 113 
720 100 180 
511 178 311 
691 106 203 
638 185 177 
700 151 149 
506 155 339 
764 157 79 
625 291 84 
592 224 184 
590 180 230 
737 182 81 
769 152 79 
563 168 269 
593 214 193 
696 173 131 
738 166 96 
583 165 252 
686 197 117 
750 167 83 
655 151 194 
639 149 212 
803 174 23 
667 230 103 
670 158 172 
742 205 53 
537 193 270 
643 150 207 
569 200 231 
642 139 219 
591 257 152 
567 246 187 
572 290 138 
580 268 152 
588 180 232 
611 204 185 
553 262 185 
530 183 287 
615 257 128 
624 143 233 
662 236 102 
680 199 121 
590 134 276 
593 241 166 
523 256 221 
623 226 151 
700 200 100 
741 186 73 
602 243 155 
563 207 230 
505 205 290 
569 128 303 
621 236 143 
706 174 120 
528 273 199 
788 152 60 
510 253 237 
587 283 130 
515 224 261 
591 255 154 
608 195 197 
540 238 222 
640 158 202 
571 243 186 
559 218 223 
665 157 178 
496 316 188 
631 203 166 
535 221 244 
632 236 132 
596 234 170 
689 168 143 
635 280 85 
676 159 165 
672 213 115 
718 170 112 
544 211 245 
619 193 188 
502 168 330 
722 167 111 
575 215 210 
463 228 309 
670 187 143 
626 189 185 
595 250 155 
605 153 242 
468 169 363 
716 190 94 
557 253 190 
647 132 221 
593 179 228 
731 170 99 
695 173 132 
508 166 326 
517 137 346 
591 206 203 
703 185 112 
652 278 70 
649 215 136 
631 269 100 
629 233 138 
614 247 139 
690 233 77 
678 157 165 
686 214 100 
672 174 154 
609 239 152 
688 199 113 
613 203 184 
671 133 196 
574 205 221 
643 237 120 
652 224 124 
660 229 111 
674 210 116 
644 204 152 
614 218 168 
614 195 191 
587 250 163 
554 276 170 
594 248 158 
644 171 185 
582 188 230 
659 177 164 
647 229 124 
645 162 193 
616 169 215 
703 209 88 
626 252 122 
696 198 106 
598 199 203 
665 245 90 
535 221 244 
748 178 74 
493 243 264 
581 184 235 
560 207 233 
695 211 94 
571 263 166 
705 180 115 
679 239 82 
678 136 186 
653 167 180 
632 228 140 
470 177 353 
713 173 114 
596 175 229 
604 256 140 
616 240 144 
719 194 87 
605 172 223 
629 219 152 
668 164 168 
552 219 229 
619 220 161 
567 227 206 
615 264 121 
616 196 188 
592 255 153 
574 171 255 
662 194 144 
613 207 180 
630 202 168 
511 256 233 
620 249 131 
615 216 169 
646 182 172 
704 228 68 
648 233 119 
650 177 173 
573 256 171 
601 249 150 
512 229 259 
686 211 103 
410 105 485 
746 157 97 
617 168 215 
657 204 139 
651 241 108 
705 174 121 
728 155 117 
652 148 200 
449 180 371 
624 277 99 
646 220 134 
634 227 139 
657 228 115 
615 174 211 
613 172 215 
690 206 104 
614 248 138 
706 220 74 
571 233 196 
684 228 88 
651 162 187 
641 240 119 
523 144 333 
735 222 43 
530 92 378 
625 234 141 
683 148 169 
588 243 169 
749 170 81 
515 234 251 
548 231 221 
476 230 294 
615 235 150 
691 185 124 
653 190 157 
629 177 194 
629 277 94 
657 169 174 
645 199 156 
657 209 134 
747 186 67 
634 225 141 
716 220 64 
636 269 95 
726 211 63 
584 244 172 
723 213 64 
609 218 173 
654 246 100 
666 136 198 
568 350 82 
732 208 60 
734 144 122 
686 222 92 
686 205 109 
684 201 115 
689 175 136 
677 220 103 
715 139 146 
574 206 220 
546 168 286 
532 270 198 
751 151 98 
564 216 220 
617 215 168 
674 194 132 
620 311 69 
695 184 121 
725 166 109 
667 164 169 
490 231 279 
605 269 126 
605 123 272 
691 183 126 
749 127 124 
649 226 125 
650 300 50 
