0 3 53 
0 20 153 
0 48 78 
0 10 95 
0 28 148 
0 20 76 
0 17 60 
0 14 173 
0 36 115 
0 28 31 
0 66 73 
0 32 89 
0 18 96 
0 43 67 
0 24 131 
0 25 163 
0 27 44 
0 52 78 
0 19 124 
0 37 64 
0 30 16 
0 29 49 
0 58 45 
0 6 46 
0 17 23 
0 14 168 
0 24 105 
0 67 98 
0 11 38 
0 17 41 
0 13 185 
0 14 80 
0 42 108 
0 16 81 
0 16 130 
0 36 89 
0 21 66 
0 23 146 
0 20 44 
0 10 140 
0 47 32 
0 36 87 
0 57 67 
0 3 52 
0 13 142 
0 17 103 
0 23 120 
0 17 138 
0 43 106 
0 30 50 
0 15 115 
0 47 98 
0 27 62 
0 17 165 
0 19 126 
0 20 33 
0 40 71 
0 41 85 
0 38 45 
0 20 58 
0 5 86 
0 9 143 
0 11 63 
0 25 36 
0 8 47 
0 24 79 
0 16 93 
0 35 120 
0 25 51 
0 5 109 
0 13 67 
0 12 147 
0 59 40 
0 25 62 
0 7 63 
0 58 188 
0 24 53 
0 32 106 
0 17 116 
0 40 75 
0 15 103 
0 46 72 
0 53 146 
0 25 106 
0 37 53 
0 30 63 
0 20 114 
0 40 79 
0 20 61 
0 36 59 
0 12 122 
0 35 115 
0 47 143 
0 8 73 
0 13 71 
0 54 35 
0 50 60 
0 32 71 
0 3 73 
0 53 75 
0 18 131 
0 11 95 
0 3 85 
0 36 86 
0 51 34 
0 32 102 
0 20 83 
0 29 98 
0 13 77 
0 32 39 
0 73 46 
0 34 29 
0 15 90 
0 36 82 
0 42 42 
0 35 130 
0 32 69 
0 26 144 
0 66 33 
0 16 130 
0 19 217 
0 67 70 
0 12 176 
0 31 59 
0 17 69 
0 20 107 
0 6 72 
0 43 98 
0 19 54 
0 31 128 
0 34 74 
0 12 78 
0 21 41 
0 17 85 
0 8 68 
0 7 78 
0 51 52 
0 18 98 
0 25 100 
0 18 133 
0 38 133 
0 46 80 
0 26 89 
0 23 93 
0 58 134 
0 47 61 
0 5 97 
0 37 58 
0 49 54 
0 20 68 
0 26 103 
0 37 119 
0 33 66 
0 19 121 
0 2 107 
0 43 53 
0 20 62 
0 27 69 
0 21 74 
0 30 56 
0 80 115 
0 36 54 
0 75 104 
0 68 104 
0 37 44 
0 20 111 
0 13 62 
0 7 135 
0 37 38 
0 19 113 
0 34 118 
0 18 26 
0 44 75 
0 22 109 
0 14 48 
0 22 80 
0 8 43 
0 32 71 
0 29 58 
0 7 110 
0 18 81 
0 26 124 
0 33 72 
0 33 53 
0 12 173 
0 14 89 
0 12 25 
0 38 50 
0 45 140 
0 61 82 
0 22 110 
0 13 95 
0 24 149 
0 10 78 
0 43 59 
0 21 52 
0 52 87 
0 11 71 
0 30 56 
0 23 81 
0 20 68 
0 39 127 
0 19 67 
0 37 80 
0 42 27 
0 29 83 
0 46 33 
0 36 56 
0 16 191 
0 49 92 
0 52 63 
0 57 49 
0 23 66 
0 27 78 
0 42 144 
0 35 77 
0 11 88 
0 25 94 
0 42 109 
0 28 62 
0 7 100 
0 43 60 
0 35 73 
0 35 81 
0 30 89 
0 36 188 
0 47 84 
0 30 65 
0 21 59 
0 30 49 
0 26 50 
0 49 44 
0 46 57 
0 18 51 
0 32 120 
0 44 32 
0 48 118 
0 28 73 
0 45 207 
0 25 51 
0 38 69 
0 20 134 
0 15 68 
0 21 29 
0 14 151 
0 31 104 
0 20 233 
0 41 71 
0 20 56 
0 41 77 
0 24 98 
0 5 78 
0 25 48 
0 30 45 
0 35 82 
0 20 68 
0 24 74 
0 30 131 
0 14 38 
0 27 55 
0 25 179 
0 13 68 
0 18 51 
0 92 31 
0 5 96 
0 21 136 
0 9 66 
0 28 89 
0 43 53 
0 37 115 
0 28 72 
0 26 126 
0 27 78 
0 32 149 
0 36 81 
0 31 191 
0 44 131 
0 18 52 
0 26 137 
0 42 70 
0 13 99 
0 40 113 
0 32 116 
0 11 91 
0 28 77 
0 13 104 
0 18 83 
0 24 52 
0 26 165 
0 44 94 
0 30 102 
0 24 162 
0 37 80 
0 23 75 
0 16 72 
0 21 71 
0 20 108 
0 25 127 
0 31 91 
0 2 160 
0 47 92 
0 18 74 
0 5 206 
0 31 139 
0 36 26 
0 28 122 
0 20 42 
0 17 48 
0 46 74 
0 17 76 
0 43 188 
0 43 73 
0 42 158 
0 31 71 
0 37 44 
0 18 88 
0 37 73 
0 29 138 
0 40 30 
0 21 68 
0 32 90 
0 66 47 
0 6 93 
0 53 121 
0 12 127 
0 23 93 
0 18 94 
0 34 61 
0 12 27 
0 28 89 
0 23 130 
0 40 119 
0 6 47 
0 31 140 
0 25 117 
0 44 104 
0 16 55 
0 29 82 
0 34 76 
0 29 97 
0 29 81 
0 50 136 
0 8 127 
0 29 184 
0 8 38 
0 22 43 
0 41 171 
0 30 126 
0 45 163 
0 37 45 
0 19 60 
0 21 40 
0 14 90 
0 66 51 
0 35 70 
0 26 52 
0 39 98 
0 28 70 
0 7 97 
0 32 40 
0 13 96 
0 8 100 
0 8 42 
0 44 214 
0 15 85 
0 5 85 
0 40 65 
0 9 94 
0 15 206 
0 38 137 
0 37 69 
0 36 120 
0 38 57 
0 18 75 
0 30 68 
0 22 167 
0 29 135 
0 35 80 
0 22 130 
0 8 81 
0 40 147 
0 14 62 
0 44 69 
0 24 53 
0 38 131 
0 15 51 
0 49 69 
0 10 72 
0 54 144 
0 15 90 
0 19 35 
0 60 106 
0 26 92 
0 15 134 
0 15 89 
0 48 53 
0 43 85 
0 30 53 
0 21 56 
0 17 109 
0 36 65 
0 44 116 
0 50 126 
0 25 50 
0 64 147 
0 38 171 
0 7 101 
0 22 132 
0 40 146 
0 23 86 
0 13 73 
0 29 99 
0 21 71 
0 9 30 
0 36 129 
0 40 68 
0 8 24 
0 25 85 
0 18 124 
0 27 99 
0 11 83 
0 13 86 
0 19 53 
0 27 51 
0 52 105 
0 41 36 
0 5 23 
0 31 75 
0 6 55 
0 51 139 
0 18 94 
0 13 142 
0 45 91 
0 19 39 
0 6 76 
0 9 70 
0 17 127 
0 9 43 
0 70 51 
0 45 68 
0 19 113 
0 19 135 
0 39 162 
0 47 108 
0 27 59 
0 20 39 
0 35 44 
0 28 79 
0 30 61 
0 20 102 
0 1 147 
0 47 36 
0 28 77 
0 30 86 
0 5 39 
0 28 95 
0 35 63 
0 52 65 
0 15 105 
0 46 132 
0 51 48 
0 28 31 
0 27 113 
0 18 37 
0 14 29 
0 26 96 
0 9 157 
0 24 120 
0 34 133 
0 27 45 
0 28 64 
0 32 200 
0 0 78 
0 24 138 
0 26 93 
0 40 76 
0 19 41 
0 39 91 
0 37 123 
0 9 108 
0 21 54 
0 13 89 
0 18 147 
0 29 79 
0 22 86 
0 32 33 
0 8 108 
0 31 98 
0 12 42 
0 15 108 
0 38 79 
0 27 122 
0 25 50 
0 25 73 
0 31 35 
0 36 147 
0 21 95 
0 29 94 
0 35 166 
0 3 173 
0 21 83 
0 65 53 
0 14 119 
0 17 130 
0 44 80 
0 35 231 
0 11 100 
0 31 78 
0 12 125 
0 36 81 
0 22 136 
0 14 77 
0 30 68 
0 4 61 
0 44 63 
0 16 27 
0 13 147 
0 43 75 
0 12 111 
0 30 73 
0 18 46 
0 34 52 
0 43 81 
0 4 78 
0 20 9 
0 30 50 
0 14 86 
0 24 36 
0 41 140 
0 45 58 
0 56 109 
0 18 124 
0 39 107 
0 38 147 
0 14 99 
0 33 65 
0 29 49 
0 30 41 
0 8 53 
0 65 157 
0 10 65 
0 12 23 
0 11 144 
0 10 79 
0 10 48 
0 34 121 
0 31 32 
0 4 112 
0 10 171 
0 46 106 
0 37 68 
0 54 145 
0 19 146 
0 27 114 
0 74 94 
0 32 52 
0 8 57 
0 7 96 
0 32 95 
0 33 43 
0 52 50 
0 28 117 
0 51 41 
0 28 59 
0 27 73 
0 41 98 
0 32 68 
0 1 108 
0 25 78 
0 31 22 
0 33 29 
0 21 22 
0 43 93 
0 23 25 
0 45 35 
0 11 104 
0 29 53 
0 32 184 
0 44 55 
0 10 108 
0 19 95 
0 32 90 
0 32 138 
0 14 52 
0 18 73 
0 50 113 
0 15 102 
0 28 141 
0 28 84 
0 22 69 
0 45 89 
0 29 98 
0 6 101 
0 31 105 
0 32 42 
0 26 73 
0 25 92 
0 14 181 
0 47 74 
0 55 86 
0 15 77 
0 19 99 
0 3 113 
0 26 81 
0 16 168 
0 9 136 
0 37 60 
0 9 39 
0 14 133 
0 36 94 
0 58 81 
0 27 135 
0 48 155 
0 42 146 
0 32 141 
0 6 135 
0 53 199 
0 27 68 
0 9 53 
0 3 83 
0 24 80 
0 26 58 
0 19 94 
0 30 56 
0 31 68 
0 32 55 
0 24 72 
0 10 64 
0 16 105 
0 3 126 
0 19 125 
0 25 76 
0 17 64 
0 50 105 
0 15 103 
0 31 134 
0 44 90 
0 29 83 
0 10 110 
0 10 71 
0 21 77 
0 14 81 
0 35 37 
0 19 86 
0 22 49 
0 33 61 
0 51 146 
0 23 66 
0 11 37 
0 37 79 
0 19 83 
0 19 93 
0 49 89 
0 19 90 
0 42 69 
0 48 57 
0 1 29 
0 10 173 
0 11 86 
0 41 204 
0 27 124 
0 57 39 
0 38 63 
0 14 78 
0 7 52 
0 46 100 
0 24 92 
0 22 192 
0 2 136 
0 13 110 
0 8 49 
0 56 83 
0 13 80 
0 20 138 
0 16 197 
0 46 67 
0 44 44 
0 29 88 
0 24 98 
0 75 67 
0 6 78 
0 16 52 
0 12 131 
0 34 52 
0 27 86 
0 59 73 
0 18 44 
0 10 99 
0 11 114 
0 26 173 
0 17 60 
0 34 58 
0 45 89 
0 15 62 
0 49 61 
0 18 152 
0 24 144 
0 20 87 
0 33 90 
0 6 51 
0 50 112 
0 55 114 
0 14 106 
0 53 93 
0 13 133 
0 12 90 
0 7 109 
0 47 97 
0 16 48 
0 18 40 
0 67 30 
0 10 75 
0 14 74 
0 29 72 
0 9 117 
0 95 71 
0 12 107 
0 43 149 
0 3 68 
0 11 46 
0 21 113 
0 14 73 
0 2 50 
0 15 135 
0 32 61 
0 21 85 
0 44 54 
0 25 90 
0 69 145 
0 24 47 
0 32 119 
0 18 128 
0 67 142 
0 34 29 
0 8 77 
0 18 81 
0 14 99 
0 17 115 
0 26 99 
0 77 113 
0 45 79 
0 34 93 
0 20 33 
0 32 80 
0 28 126 
0 37 51 
0 40 100 
0 32 137 
0 26 85 
0 45 117 
0 14 35 
0 33 64 
0 35 64 
0 0 139 
0 36 67 
0 31 119 
0 46 78 
0 26 88 
0 20 55 
0 16 104 
0 76 74 
0 32 131 
0 27 102 
0 25 37 
0 22 100 
0 35 27 
0 25 43 
0 49 77 
0 27 68 
0 4 107 
0 30 101 
0 49 123 
0 2 60 
0 49 65 
0 4 73 
0 49 52 
0 50 157 
0 30 96 
0 35 103 
0 60 85 
0 50 57 
0 29 123 
0 22 104 
0 29 71 
0 25 162 
0 10 98 
0 28 117 
0 53 99 
0 30 107 
0 23 71 
0 53 100 
0 16 60 
0 42 89 
0 28 76 
0 45 54 
0 20 87 
0 39 139 
0 37 115 
0 15 112 
0 43 32 
0 15 52 
0 18 110 
0 9 52 
0 54 103 
0 17 141 
0 33 103 
0 33 157 
0 38 39 
0 17 62 
0 25 79 
0 18 168 
0 9 157 
0 19 39 
0 61 84 
0 7 62 
0 26 79 
0 43 156 
0 41 149 
0 7 54 
0 28 73 
0 25 129 
0 16 146 
0 9 71 
0 11 156 
0 33 115 
0 13 66 
0 41 157 
0 14 96 
0 13 75 
0 62 65 
0 29 68 
0 19 69 
0 34 105 
0 55 113 
0 18 49 
0 23 88 
0 26 86 
0 34 77 
0 53 57 
0 29 46 
0 1 121 
0 24 98 
0 27 80 
0 14 198 
0 22 97 
0 24 94 
0 33 69 
0 38 113 
0 50 134 
0 35 77 
0 17 62 
0 22 112 
0 0 93 
0 16 88 
0 31 63 
0 61 29 
0 11 150 
0 19 207 
0 25 138 
0 11 111 
0 63 81 
0 16 112 
0 45 184 
0 16 71 
0 20 123 
0 22 56 
0 18 118 
0 23 62 
0 16 111 
0 43 142 
0 29 67 
0 16 73 
0 25 157 
0 54 68 
0 24 46 
0 28 93 
0 37 83 
0 15 96 
0 37 133 
0 26 177 
0 2 63 
0 23 50 
0 28 40 
0 52 44 
0 16 129 
0 16 64 
0 19 42 
0 47 150 
0 26 65 
0 18 51 
0 39 58 
0 19 67 
0 22 88 
0 28 36 
0 2 79 
0 35 77 
0 82 70 
0 6 184 
0 31 144 
0 31 74 
0 43 130 
0 24 116 
0 11 67 
0 80 44 
0 22 83 
0 11 112 
0 47 84 
0 1 76 
0 42 70 
0 21 82 
0 12 185 
0 42 74 
0 32 47 
0 12 99 
0 14 103 
0 40 99 
0 17 181 
0 59 25 
0 10 130 
0 12 30 
0 27 89 
0 46 78 
0 48 100 
0 17 39 
0 9 155 
0 24 72 
0 37 90 
0 24 132 
0 15 35 
0 20 56 
0 40 57 
0 19 98 
0 24 28 
0 51 128 
0 26 45 
0 18 79 
0 32 147 
0 12 45 
0 25 158 
0 21 40 
0 30 120 
0 13 75 
0 21 55 
0 12 12 
0 18 60 
0 29 254 
0 30 105 
0 36 86 
0 30 20 
0 17 96 
0 36 94 
0 16 173 
0 10 90 
0 34 94 
0 16 44 
0 23 65 
0 28 56 
0 40 181 
0 19 84 
0 24 89 
0 29 151 
0 18 116 
0 53 94 
0 29 74 
0 54 61 
0 6 61 
0 52 124 
0 41 74 
0 37 131 
0 19 35 
0 53 63 
0 36 123 
0 33 66 
0 30 77 
0 33 96 
0 54 86 
0 44 100 
0 44 35 
0 38 166 
0 37 50 
0 21 124 
0 7 47 
0 12 101 
0 35 58 
0 22 81 
0 6 52 
0 17 86 
0 61 74 
0 10 57 
0 30 58 
0 10 98 
0 76 74 
0 12 37 
0 42 46 
0 14 111 
0 22 137 
0 12 42 
0 32 49 
0 36 13 
0 8 99 
