0 70 80 
0 39 115 
0 25 72 
0 40 61 
0 9 54 
0 22 133 
0 5 145 
0 15 43 
0 17 154 
0 17 79 
0 5 153 
0 18 79 
0 29 71 
0 21 33 
0 25 56 
0 61 66 
0 26 90 
0 59 76 
0 11 85 
0 24 61 
0 8 96 
0 47 129 
0 23 67 
0 12 122 
0 23 69 
0 7 85 
0 36 55 
0 56 133 
0 38 47 
0 38 50 
0 29 107 
0 44 69 
0 13 122 
0 40 54 
0 49 60 
0 21 78 
0 55 67 
0 24 85 
0 38 63 
0 25 107 
0 37 92 
0 24 70 
0 14 128 
0 22 115 
0 14 83 
0 32 83 
0 22 125 
0 13 75 
0 22 142 
0 45 110 
0 12 58 
0 19 90 
0 10 104 
0 26 70 
0 51 101 
0 50 70 
0 4 101 
0 29 47 
0 28 122 
0 51 144 
0 22 101 
0 33 158 
0 19 69 
0 32 64 
0 24 82 
0 32 142 
0 16 66 
0 13 135 
0 21 50 
0 37 72 
0 19 113 
0 28 80 
0 23 117 
0 13 136 
0 41 42 
0 36 61 
0 13 31 
0 15 78 
0 17 107 
0 52 104 
0 25 144 
0 50 102 
0 33 93 
0 40 96 
0 26 115 
0 7 84 
0 12 100 
0 13 80 
0 37 66 
0 7 90 
0 16 122 
0 35 79 
0 29 55 
0 48 42 
0 23 94 
0 27 53 
0 21 108 
0 22 67 
0 48 80 
0 57 52 
0 16 102 
0 34 113 
0 14 200 
0 49 136 
0 8 133 
0 21 102 
0 26 149 
0 24 123 
0 17 161 
0 35 73 
0 28 69 
0 24 65 
0 39 120 
0 42 101 
0 16 42 
0 49 125 
0 42 113 
0 11 114 
0 27 77 
0 16 122 
0 22 112 
0 23 128 
0 31 82 
0 42 45 
0 66 95 
0 56 57 
0 47 67 
0 18 105 
0 27 80 
0 9 75 
0 66 109 
0 14 145 
0 60 35 
0 41 110 
0 32 103 
0 61 100 
0 34 74 
0 41 59 
0 33 137 
0 34 64 
0 48 172 
0 21 118 
0 40 110 
0 43 122 
0 44 48 
0 6 52 
0 15 113 
0 11 124 
0 19 86 
0 35 136 
0 19 93 
0 23 70 
0 20 40 
0 11 61 
0 20 46 
0 28 44 
0 28 87 
0 40 21 
0 37 81 
0 26 106 
0 32 92 
0 25 152 
0 33 98 
0 32 90 
0 25 103 
0 15 56 
0 32 86 
0 6 59 
0 45 77 
0 30 74 
0 16 62 
0 26 108 
0 12 53 
0 29 100 
0 23 91 
0 42 104 
0 9 93 
0 10 174 
0 1 165 
0 8 42 
0 17 99 
0 19 65 
0 40 128 
0 40 121 
0 4 232 
0 14 92 
0 26 91 
0 22 32 
0 48 82 
0 20 70 
0 16 44 
0 13 55 
0 4 117 
0 26 82 
0 12 65 
0 29 46 
0 18 79 
0 27 68 
0 40 48 
0 41 69 
0 25 66 
0 15 111 
0 34 59 
0 27 49 
0 12 66 
0 7 97 
0 31 86 
0 11 145 
0 44 72 
0 33 82 
0 27 87 
0 48 153 
0 34 81 
0 57 95 
0 29 158 
0 47 66 
0 40 176 
0 40 47 
0 25 48 
0 18 52 
0 42 61 
0 59 56 
0 31 87 
0 18 120 
0 31 93 
0 11 57 
0 44 137 
0 47 97 
0 26 78 
0 31 149 
0 28 124 
0 13 156 
0 38 59 
0 17 134 
0 14 76 
0 50 72 
0 15 33 
0 35 74 
0 24 88 
0 39 120 
0 21 69 
0 27 125 
0 35 117 
0 17 100 
0 31 65 
0 38 112 
0 39 88 
0 14 84 
0 27 172 
0 22 164 
0 40 91 
0 29 109 
0 13 174 
0 31 55 
0 16 112 
0 28 98 
0 34 76 
0 16 110 
0 39 104 
0 12 62 
0 44 86 
0 47 149 
0 70 42 
0 23 69 
0 45 40 
0 16 70 
0 10 51 
0 39 111 
0 45 102 
0 10 57 
0 20 43 
0 34 83 
0 32 181 
0 36 78 
0 48 68 
0 36 106 
0 7 130 
0 39 25 
0 62 75 
0 38 86 
0 19 84 
0 15 114 
0 30 62 
0 46 63 
0 28 129 
0 14 121 
0 47 113 
0 16 56 
0 48 176 
0 37 51 
0 17 67 
0 16 142 
0 34 143 
0 7 98 
0 9 64 
0 44 58 
0 29 72 
0 25 86 
0 22 40 
0 23 56 
0 25 79 
0 1 138 
0 18 119 
0 6 86 
0 28 50 
0 24 106 
0 13 94 
0 28 109 
0 24 63 
0 23 109 
0 41 139 
0 7 102 
0 34 111 
0 38 42 
0 25 64 
0 51 171 
0 23 79 
0 1 90 
0 35 46 
0 3 126 
0 10 115 
0 26 47 
0 27 115 
0 38 67 
0 22 212 
0 36 60 
0 14 78 
0 18 88 
0 19 33 
0 22 94 
0 49 53 
0 15 76 
0 21 98 
0 50 127 
0 3 58 
0 46 96 
0 32 35 
0 20 98 
0 37 83 
0 53 37 
0 32 36 
0 8 47 
0 20 94 
0 26 113 
0 13 73 
0 32 98 
0 24 107 
0 20 67 
0 41 37 
0 2 38 
0 15 82 
0 16 93 
0 39 53 
0 27 147 
0 28 89 
0 38 41 
0 11 135 
0 18 88 
0 29 66 
0 47 97 
0 8 94 
0 31 104 
0 48 144 
0 17 120 
0 5 78 
0 25 127 
0 46 90 
0 29 105 
0 27 110 
0 15 47 
0 49 90 
0 22 66 
0 48 39 
0 52 71 
0 32 134 
0 26 71 
0 41 142 
0 15 60 
0 17 96 
0 55 79 
0 12 49 
0 28 131 
0 32 39 
0 42 81 
0 14 174 
0 52 72 
0 9 42 
0 47 98 
0 55 75 
0 22 141 
0 25 185 
0 26 116 
0 18 131 
0 64 49 
0 53 70 
0 37 64 
0 29 35 
0 25 105 
0 7 90 
0 24 85 
0 38 101 
0 27 92 
0 11 103 
0 39 89 
0 51 65 
0 53 71 
0 20 113 
0 24 205 
0 25 148 
0 38 68 
0 26 95 
0 17 76 
0 21 75 
0 30 123 
0 34 127 
0 70 84 
0 6 97 
0 21 58 
0 39 71 
0 27 77 
0 58 66 
0 34 156 
0 17 67 
0 25 71 
0 15 88 
0 26 98 
0 19 27 
0 49 103 
0 34 54 
0 19 111 
0 38 110 
0 15 39 
0 29 100 
0 19 78 
0 28 122 
0 27 77 
0 7 59 
0 41 109 
0 42 119 
0 14 81 
0 44 92 
0 50 136 
0 16 65 
0 23 55 
0 26 94 
0 46 57 
0 22 134 
0 25 93 
0 35 94 
0 18 133 
0 7 159 
0 33 63 
0 7 99 
0 17 121 
0 28 158 
0 47 99 
0 31 124 
0 42 78 
0 23 106 
0 43 74 
0 50 72 
0 31 114 
0 46 109 
0 2 88 
0 20 175 
0 16 83 
0 42 140 
0 65 86 
0 38 121 
0 17 50 
0 22 112 
0 32 100 
0 32 122 
0 16 36 
0 27 52 
0 13 33 
0 20 92 
0 21 64 
0 47 83 
0 22 87 
0 39 81 
0 29 107 
0 15 76 
0 9 61 
0 51 119 
0 33 99 
0 17 96 
0 9 83 
0 37 77 
0 5 135 
0 15 110 
0 35 85 
0 40 158 
0 23 59 
0 11 79 
0 36 99 
0 17 70 
0 13 66 
0 27 196 
0 14 84 
0 31 88 
0 30 69 
0 24 74 
0 37 116 
0 27 166 
0 29 47 
0 31 126 
0 16 99 
0 36 48 
0 21 132 
0 11 80 
0 37 129 
0 49 128 
0 17 128 
0 24 60 
0 19 74 
0 19 84 
0 21 106 
0 10 75 
0 11 89 
0 32 79 
0 23 124 
0 22 78 
0 11 91 
0 25 147 
0 5 40 
0 10 77 
0 26 104 
0 9 86 
0 9 105 
0 9 149 
0 37 127 
0 14 72 
0 60 104 
0 29 64 
0 21 94 
0 30 59 
0 55 87 
0 17 59 
0 61 46 
0 18 94 
0 24 60 
0 60 79 
0 26 89 
0 4 144 
0 30 94 
0 37 97 
0 45 76 
0 11 66 
0 56 181 
0 41 83 
0 23 106 
0 36 91 
0 22 35 
0 27 98 
0 31 88 
0 52 82 
0 29 42 
0 11 76 
0 24 71 
0 30 54 
0 18 53 
0 62 98 
0 10 116 
0 37 71 
0 21 172 
0 26 71 
0 42 123 
0 16 64 
0 30 78 
0 32 87 
0 17 61 
0 22 73 
0 12 55 
0 26 98 
0 24 101 
0 6 96 
0 60 167 
0 23 74 
0 16 74 
0 22 91 
0 21 60 
0 13 121 
0 21 86 
0 22 145 
0 28 76 
0 28 81 
0 28 68 
0 35 127 
0 23 68 
0 43 63 
0 22 92 
0 22 74 
0 39 31 
0 76 73 
0 27 106 
0 34 167 
0 26 83 
0 22 113 
0 63 105 
0 19 79 
0 19 97 
0 25 49 
0 1 137 
0 31 66 
0 21 90 
0 50 96 
0 61 84 
0 22 81 
0 31 81 
0 20 36 
0 29 98 
0 23 127 
0 27 95 
0 54 79 
0 28 100 
0 17 78 
0 22 80 
0 11 79 
0 39 32 
0 22 87 
0 29 83 
0 21 174 
0 19 96 
0 31 48 
0 21 39 
0 19 117 
0 28 77 
0 21 42 
0 9 113 
0 29 129 
0 34 113 
0 42 116 
0 37 116 
0 18 164 
0 23 35 
0 34 91 
0 34 99 
0 6 86 
0 11 61 
0 11 116 
0 45 66 
0 56 59 
0 37 117 
0 15 86 
0 33 41 
0 32 65 
0 10 31 
0 39 91 
0 43 45 
0 17 72 
0 15 89 
0 13 101 
0 28 99 
0 30 134 
0 27 110 
0 18 45 
0 13 35 
0 24 68 
0 31 81 
0 30 95 
0 26 106 
0 25 123 
0 26 158 
0 33 48 
0 56 43 
0 29 51 
0 48 101 
0 21 81 
0 47 155 
0 21 67 
0 69 57 
0 47 42 
0 28 122 
0 8 96 
0 45 69 
0 18 160 
0 43 236 
0 37 62 
0 66 87 
0 52 112 
0 29 120 
0 19 44 
0 28 53 
0 54 89 
0 34 141 
0 36 88 
0 46 113 
0 26 39 
0 54 63 
0 19 123 
0 14 156 
0 22 154 
0 7 99 
0 23 124 
0 17 170 
0 24 111 
0 33 85 
0 59 68 
0 27 69 
0 27 63 
0 27 111 
0 23 75 
0 42 161 
0 32 63 
0 33 98 
0 16 134 
0 39 144 
0 34 71 
0 12 142 
0 71 122 
0 13 100 
0 15 194 
0 14 154 
0 37 37 
0 27 125 
0 14 84 
0 15 41 
0 38 121 
0 26 173 
0 49 81 
0 27 69 
0 31 100 
0 78 58 
0 14 67 
0 20 71 
0 12 63 
0 12 96 
0 26 105 
0 37 35 
0 52 109 
0 48 82 
0 24 87 
0 31 51 
0 45 55 
0 31 57 
0 25 122 
0 18 74 
0 35 111 
0 30 69 
0 34 62 
0 25 63 
0 25 165 
0 24 117 
0 30 79 
0 12 91 
0 15 55 
0 22 92 
0 38 61 
0 44 97 
0 18 34 
0 23 78 
0 33 63 
0 21 128 
0 49 94 
0 15 87 
0 13 109 
0 68 174 
0 38 74 
0 21 126 
0 28 108 
0 27 117 
0 32 36 
0 27 104 
0 36 87 
0 23 84 
0 51 50 
0 45 128 
0 19 88 
0 38 96 
0 32 54 
0 39 47 
0 31 65 
0 17 48 
0 56 180 
0 23 91 
0 34 79 
0 37 139 
0 10 85 
0 18 52 
0 32 22 
0 27 140 
0 11 67 
0 55 48 
0 70 81 
0 30 75 
0 23 101 
0 51 113 
0 27 72 
0 8 67 
0 77 72 
0 54 57 
0 19 52 
0 16 53 
0 30 72 
0 27 93 
0 26 115 
0 69 152 
0 29 100 
0 43 60 
0 18 147 
0 22 58 
0 25 144 
0 38 114 
0 18 88 
0 16 56 
0 16 57 
0 33 127 
0 22 88 
0 9 127 
0 24 47 
0 71 42 
0 33 58 
0 16 68 
0 33 93 
0 19 93 
0 23 85 
0 23 82 
0 29 140 
0 13 35 
0 18 67 
0 48 162 
0 13 62 
0 26 129 
0 51 164 
0 18 39 
0 41 113 
0 36 80 
0 44 93 
0 23 56 
0 10 109 
0 40 45 
0 29 64 
0 41 49 
0 24 73 
0 20 69 
0 30 110 
0 57 62 
0 59 56 
0 23 78 
0 9 66 
0 14 80 
0 12 138 
0 21 28 
0 32 102 
0 20 54 
0 4 39 
0 50 62 
0 11 111 
0 14 137 
0 43 84 
0 31 58 
0 12 92 
0 16 115 
0 39 99 
0 19 87 
0 22 93 
0 26 71 
0 47 131 
0 27 95 
0 10 36 
0 29 155 
0 55 126 
0 37 87 
0 30 80 
0 13 58 
0 38 66 
0 28 94 
0 30 72 
0 9 67 
0 24 53 
0 17 81 
0 51 129 
0 38 82 
0 29 78 
0 7 82 
0 6 133 
0 41 104 
0 39 99 
0 17 86 
0 32 112 
0 70 35 
0 19 49 
0 26 88 
0 26 43 
0 28 57 
0 33 90 
0 26 44 
0 61 117 
0 36 176 
0 42 78 
0 10 105 
0 42 56 
0 59 78 
0 45 69 
0 14 123 
0 56 65 
0 58 137 
0 22 43 
0 21 67 
0 5 42 
0 29 98 
0 29 92 
0 35 31 
0 34 98 
0 24 145 
0 32 41 
0 32 109 
0 41 126 
0 33 110 
0 8 88 
0 17 71 
0 2 118 
0 39 52 
0 19 63 
0 8 110 
0 45 65 
0 11 46 
0 62 63 
0 50 82 
0 39 76 
0 34 52 
0 43 128 
0 38 100 
0 30 69 
0 26 56 
0 31 123 
0 21 72 
0 10 65 
0 23 195 
0 22 64 
0 52 74 
0 11 103 
0 44 134 
0 6 74 
0 42 58 
0 22 33 
0 27 102 
0 18 75 
0 22 110 
0 16 112 
0 77 65 
0 20 58 
0 30 154 
0 7 43 
0 10 135 
0 27 97 
0 23 67 
0 18 100 
0 23 128 
0 18 72 
0 18 41 
0 27 165 
0 19 80 
0 16 129 
0 45 67 
0 31 60 
0 16 90 
0 7 130 
0 29 57 
0 31 53 
0 25 130 
0 37 71 
0 23 56 
0 36 48 
0 29 83 
0 18 59 
0 50 84 
0 62 130 
0 19 116 
0 20 62 
0 45 49 
0 43 128 
0 22 79 
0 26 70 
0 44 91 
0 18 102 
0 63 62 
0 30 83 
0 20 103 
0 37 101 
0 11 116 
0 16 90 
0 44 89 
0 23 118 
0 11 101 
0 25 95 
0 12 101 
0 47 95 
0 9 121 
0 2 60 
0 23 123 
0 30 32 
0 40 56 
0 25 37 
0 31 71 
0 11 88 
0 13 104 
0 46 68 
0 11 79 
