76 335 55 20 0 
130 193 58 0 0 
111 261 50 0 0 
155 192 141 0 0 
113 207 74 0 0 
82 295 34 0 0 
72 270 60 0 0 
189 149 41 2 0 
71 286 38 0 0 
45 280 36 0 0 
31 223 69 0 0 
99 216 41 0 0 
86 219 101 0 0 
124 206 70 0 0 
104 280 54 0 0 
81 245 74 0 0 
145 120 21 0 0 
66 351 92 0 0 
79 248 67 6 0 
311 151 32 0 0 
103 304 103 0 0 
91 263 70 0 0 
126 235 97 0 0 
61 320 32 0 0 
66 314 37 0 0 
56 196 135 0 0 
70 291 120 0 0 
66 261 35 0 0 
208 195 24 0 0 
48 259 37 0 0 
88 307 96 1 0 
93 189 58 0 0 
139 158 76 0 0 
57 233 42 0 0 
54 320 28 0 0 
105 121 114 4 0 
166 257 29 0 0 
100 155 72 0 0 
121 140 25 0 0 
138 225 31 0 0 
131 335 39 4 0 
167 198 24 0 0 
177 105 35 0 0 
176 371 0 1 0 
114 172 112 7 0 
182 201 106 5 0 
115 294 86 0 0 
165 270 1 0 0 
192 147 108 0 0 
148 192 15 0 0 
178 203 82 0 0 
97 107 48 0 0 
120 150 28 0 0 
103 137 59 0 0 
81 370 81 10 0 
271 194 16 8 0 
82 186 110 0 0 
110 241 41 9 0 
71 235 48 0 0 
68 199 94 0 0 
127 301 58 0 0 
93 275 84 0 0 
60 324 82 0 0 
47 299 113 0 0 
51 301 125 0 0 
168 258 22 0 0 
177 300 13 0 0 
137 237 43 0 0 
66 262 56 0 0 
106 112 24 14 0 
120 144 40 0 0 
112 255 84 0 0 
121 184 53 0 0 
73 303 88 0 0 
235 154 17 13 0 
81 173 39 0 0 
41 400 34 0 0 
165 247 27 0 0 
190 173 54 0 0 
71 221 63 0 0 
111 244 22 0 0 
57 279 41 0 0 
187 166 22 0 0 
111 232 41 0 0 
63 254 103 0 0 
47 347 30 0 0 
43 315 26 0 0 
67 283 45 0 0 
56 270 42 0 0 
146 185 42 0 0 
148 293 34 1 0 
65 199 62 0 0 
73 219 57 0 0 
133 237 24 0 0 
124 253 15 0 0 
82 311 92 9 0 
135 212 34 43 0 
111 267 82 1 0 
73 142 67 0 0 
229 200 126 0 0 
93 230 52 1 0 
94 194 69 0 0 
73 199 45 0 0 
118 195 125 0 0 
217 249 18 0 0 
141 192 23 0 0 
25 372 87 0 0 
108 297 107 0 0 
115 254 30 59 0 
65 303 31 4 0 
125 177 53 0 0 
178 320 45 10 0 
144 197 93 0 0 
159 213 45 0 0 
60 327 72 0 0 
138 202 32 0 0 
159 205 35 0 0 
108 366 9 0 0 
190 152 20 0 0 
59 177 44 0 0 
118 185 80 22 0 
233 316 69 1 0 
176 275 79 0 0 
109 237 32 0 0 
44 334 15 0 0 
72 154 54 0 0 
129 345 38 0 0 
47 270 74 0 0 
166 220 53 0 0 
135 150 128 2 0 
88 290 90 0 0 
100 320 8 0 0 
119 272 41 6 0 
239 225 72 5 0 
138 182 40 0 0 
69 265 55 0 0 
117 271 54 0 0 
122 258 26 0 0 
53 351 18 3 0 
213 251 55 0 0 
127 147 97 3 0 
235 146 63 0 0 
111 310 20 0 0 
171 243 95 24 0 
141 127 88 0 0 
168 164 133 0 0 
65 272 31 0 0 
86 162 63 0 0 
76 251 68 5 0 
104 185 60 42 0 
103 223 26 0 0 
106 211 25 0 0 
112 291 18 0 0 
267 176 26 0 0 
92 189 81 0 0 
110 214 55 0 0 
125 204 37 0 0 
43 295 24 0 0 
122 202 179 0 0 
88 258 82 0 0 
162 110 18 0 0 
149 223 10 0 0 
97 243 16 0 0 
35 279 82 36 0 
222 128 92 0 0 
74 273 27 0 0 
162 181 28 0 0 
62 250 97 1 0 
80 244 33 0 0 
113 280 40 0 0 
182 344 34 1 0 
176 129 120 0 0 
65 192 40 0 0 
73 198 54 1 0 
79 139 64 0 0 
71 121 103 0 0 
101 281 45 0 0 
198 164 41 0 0 
166 343 8 0 0 
142 195 48 0 0 
132 248 42 0 0 
88 164 148 0 0 
87 209 41 0 0 
123 165 66 0 0 
57 301 138 0 0 
83 223 105 0 0 
122 289 23 0 0 
162 211 45 0 0 
106 184 57 0 0 
119 188 9 7 0 
160 260 53 0 0 
31 224 62 0 0 
120 315 58 9 0 
180 126 36 0 0 
151 294 22 12 0 
75 226 40 2 0 
99 149 82 0 0 
158 258 21 0 0 
149 305 50 0 0 
125 255 87 1 0 
135 138 31 28 0 
122 204 25 0 0 
92 313 73 0 0 
159 268 40 0 0 
175 243 59 0 0 
67 219 35 0 0 
127 315 20 0 0 
175 139 71 6 0 
133 255 69 0 0 
82 343 20 0 0 
71 298 58 0 0 
126 135 102 0 0 
104 259 37 0 0 
105 386 5 0 0 
88 171 57 0 0 
230 208 61 0 0 
73 270 28 1 0 
103 189 63 0 0 
69 279 97 1 0 
170 138 96 0 0 
107 274 29 0 0 
238 310 48 0 0 
101 261 89 0 0 
153 152 63 3 0 
61 214 97 0 0 
210 211 22 0 0 
111 323 15 0 0 
135 190 48 0 0 
71 285 38 0 0 
105 247 80 0 0 
179 246 43 0 0 
69 308 84 0 0 
230 229 22 0 0 
159 273 88 2 0 
205 263 68 0 0 
46 312 75 1 0 
121 324 66 0 0 
73 200 106 6 0 
140 373 27 0 0 
86 154 54 0 0 
288 239 1 0 0 
67 269 21 0 0 
69 234 83 0 0 
118 197 35 0 0 
234 158 88 0 0 
29 292 103 0 0 
106 238 69 0 0 
127 162 62 1 0 
37 342 40 0 0 
45 144 30 0 0 
122 122 48 1 0 
121 219 58 0 0 
96 240 26 0 0 
151 384 69 0 0 
124 151 64 0 0 
50 237 116 0 0 
66 142 25 0 0 
125 227 66 2 0 
111 237 13 0 0 
194 195 44 0 0 
70 218 92 0 0 
159 256 54 0 0 
168 276 29 0 0 
34 279 31 0 0 
146 225 32 0 0 
36 278 67 0 0 
178 130 53 0 0 
110 209 64 0 0 
83 266 50 1 0 
108 313 7 5 0 
73 222 134 0 0 
136 161 79 0 0 
122 226 20 0 0 
90 211 20 1 0 
128 291 27 1 0 
202 157 27 0 0 
95 229 73 0 0 
169 162 125 0 0 
77 326 82 1 0 
52 274 145 0 0 
91 358 64 0 0 
79 227 43 0 0 
100 295 73 0 0 
164 198 49 6 0 
73 420 87 0 0 
110 241 21 1 0 
122 185 58 0 0 
130 150 25 0 0 
158 192 78 0 0 
189 144 101 0 0 
147 172 22 0 0 
168 180 52 5 0 
108 304 41 0 0 
140 270 15 0 0 
148 213 160 0 0 
99 350 62 0 0 
127 215 67 0 0 
92 219 49 2 0 
50 294 117 0 0 
72 200 80 0 0 
153 144 59 8 0 
120 335 19 0 0 
130 210 78 9 0 
70 216 87 0 0 
132 289 16 0 0 
107 252 46 0 0 
206 262 64 0 0 
154 232 49 0 0 
141 254 42 4 0 
54 287 29 0 0 
110 203 79 1 0 
93 206 25 0 0 
98 193 84 4 0 
181 225 29 0 0 
89 216 72 11 0 
219 257 34 0 0 
217 259 35 0 0 
140 170 26 0 0 
206 173 47 15 0 
109 276 22 0 0 
87 212 94 0 0 
96 248 50 8 0 
158 147 61 0 0 
137 209 36 1 0 
97 208 153 0 0 
207 175 42 0 0 
230 193 65 0 0 
14 119 163 0 0 
129 247 59 0 0 
221 297 24 0 0 
179 138 68 3 0 
124 226 71 19 0 
164 173 124 0 0 
61 198 83 0 0 
131 258 18 0 0 
122 284 24 14 0 
174 183 67 8 0 
240 171 49 30 0 
145 148 13 0 0 
170 220 16 0 0 
168 244 212 0 0 
156 89 82 9 0 
31 258 19 0 0 
95 301 34 0 0 
135 256 45 0 0 
250 176 49 5 0 
222 167 54 0 0 
91 243 92 0 0 
323 219 43 0 0 
164 238 47 0 0 
178 253 27 0 0 
90 270 62 0 0 
188 234 64 0 0 
23 264 64 0 0 
146 173 39 0 0 
104 340 47 0 0 
144 163 86 0 0 
66 272 105 0 0 
232 223 17 0 0 
65 213 52 0 0 
227 180 57 1 0 
185 217 6 0 0 
126 255 57 0 0 
66 169 47 2 0 
141 293 48 0 0 
247 118 9 31 0 
138 222 42 0 0 
112 180 49 0 0 
147 258 107 0 0 
172 231 18 0 0 
183 183 110 15 0 
135 196 40 0 0 
60 324 47 0 0 
161 219 27 0 0 
99 232 48 4 0 
155 294 25 0 0 
198 187 117 0 0 
201 222 10 0 0 
138 233 65 0 0 
117 259 86 0 0 
127 122 60 28 0 
57 197 58 0 0 
71 178 28 5 0 
47 241 121 0 0 
105 255 37 12 0 
167 172 35 0 0 
166 273 36 1 0 
189 249 49 0 0 
146 171 31 0 0 
100 268 58 1 0 
97 234 56 0 0 
92 295 62 0 0 
54 291 51 0 0 
114 289 28 0 0 
46 264 53 0 0 
110 315 55 0 0 
100 81 27 2 0 
94 286 59 0 0 
164 261 63 10 0 
149 156 98 1 0 
94 197 46 15 0 
116 243 70 0 0 
166 279 50 0 0 
133 219 84 7 0 
159 188 47 4 0 
36 319 58 0 0 
34 253 8 0 0 
187 218 53 0 0 
121 222 26 1 0 
97 294 56 0 0 
105 154 32 0 0 
83 212 56 19 0 
119 207 19 0 0 
146 195 93 0 0 
233 263 10 0 0 
170 224 33 7 0 
112 190 46 0 0 
161 196 72 0 0 
109 292 55 0 0 
147 273 12 0 0 
141 258 17 0 0 
186 243 37 0 0 
169 167 49 1 0 
116 332 72 0 0 
100 291 31 0 0 
142 205 92 5 0 
97 238 38 0 0 
151 265 7 0 0 
69 162 70 0 0 
122 225 78 7 0 
153 144 52 0 0 
73 165 72 0 0 
249 170 52 0 0 
195 212 17 0 0 
162 243 42 0 0 
161 157 112 0 0 
192 295 49 1 0 
215 198 64 0 0 
23 274 125 0 0 
134 227 38 0 0 
82 250 44 4 0 
45 249 174 0 0 
92 178 38 7 0 
112 265 136 0 0 
86 247 18 0 0 
251 213 34 0 0 
67 372 30 14 0 
120 254 18 0 0 
78 148 186 7 0 
233 263 57 0 0 
127 153 50 0 0 
189 182 2 3 0 
158 269 10 0 0 
121 167 102 0 0 
110 313 136 0 0 
138 207 99 2 0 
148 110 51 0 0 
29 357 114 0 0 
108 226 20 12 0 
111 224 21 15 0 
81 173 67 0 0 
161 227 44 0 0 
141 219 30 7 0 
85 318 69 0 0 
87 340 23 0 0 
279 193 15 0 0 
89 418 47 0 0 
89 245 73 0 0 
119 244 52 0 0 
155 222 58 0 0 
46 302 65 17 0 
162 176 128 0 0 
25 265 34 0 0 
131 216 81 4 0 
114 231 24 0 0 
87 205 63 0 0 
48 276 143 3 0 
71 261 84 27 0 
120 179 87 0 0 
91 200 89 0 0 
50 353 38 0 0 
84 262 144 0 0 
160 137 35 14 0 
66 251 27 0 0 
139 177 46 1 0 
41 214 55 0 0 
33 324 86 0 0 
73 173 126 0 0 
73 204 31 0 0 
85 276 36 0 0 
76 285 82 0 0 
118 236 52 0 0 
106 239 92 8 0 
163 229 9 0 0 
53 316 61 0 0 
176 160 10 0 0 
52 219 15 0 0 
29 279 83 0 0 
218 143 84 8 0 
105 228 29 13 0 
151 174 87 1 0 
205 245 39 0 0 
204 209 52 0 0 
235 183 21 0 0 
137 209 39 0 0 
112 257 63 0 0 
99 168 37 4 0 
143 274 22 0 0 
22 436 3 0 0 
108 268 6 24 0 
78 268 70 13 0 
88 312 42 0 0 
82 373 50 0 0 
103 191 62 28 0 
127 78 67 28 0 
137 120 35 0 0 
80 291 43 0 0 
121 184 120 7 0 
89 242 91 0 0 
94 286 54 0 0 
177 193 132 0 0 
214 181 36 0 0 
203 257 107 0 0 
180 177 112 34 0 
133 177 66 0 0 
92 135 77 0 0 
247 168 94 4 0 
153 260 38 0 0 
128 339 36 1 0 
124 186 35 34 0 
82 206 149 0 0 
140 211 118 0 0 
213 289 3 0 0 
100 117 74 0 0 
19 291 62 0 0 
163 287 11 2 0 
210 174 44 0 0 
187 190 62 0 0 
137 231 52 0 0 
105 217 44 0 0 
132 221 48 0 0 
91 315 64 0 0 
170 241 71 2 0 
179 182 2 1 0 
70 212 53 0 0 
46 141 78 0 0 
118 135 62 2 0 
110 289 64 0 0 
77 232 65 0 0 
120 200 51 1 0 
139 173 56 0 0 
195 168 105 0 0 
25 228 100 0 0 
160 84 46 0 0 
214 174 57 5 0 
68 223 65 0 0 
130 192 27 0 0 
95 192 96 0 0 
137 254 20 0 0 
80 134 111 0 0 
148 170 156 1 0 
81 254 72 2 0 
137 272 45 0 0 
30 305 59 1 0 
146 227 47 0 0 
186 216 50 0 0 
262 142 70 0 0 
75 234 29 0 0 
217 200 58 1 0 
66 185 84 7 0 
88 168 42 0 0 
111 311 33 0 0 
81 227 102 1 0 
160 318 38 0 0 
72 297 20 1 0 
126 269 48 0 0 
156 202 58 0 0 
97 239 24 0 0 
112 175 63 0 0 
153 181 68 14 0 
115 244 92 4 0 
49 229 34 0 0 
148 212 95 0 0 
90 92 86 0 0 
74 233 52 20 0 
62 229 12 12 0 
90 241 34 0 0 
155 129 109 0 0 
82 342 69 0 0 
162 116 81 0 0 
197 329 11 0 0 
46 223 93 0 0 
128 275 51 0 0 
99 335 150 0 0 
160 290 42 0 0 
146 184 49 11 0 
77 246 57 18 0 
208 208 51 0 0 
80 284 46 4 0 
147 217 2 0 0 
244 156 89 0 0 
191 146 69 11 0 
177 164 28 0 0 
131 131 13 20 0 
64 212 79 0 0 
96 210 31 0 0 
97 235 48 0 0 
128 248 18 0 0 
97 208 60 0 0 
163 220 37 6 0 
147 232 32 27 0 
67 185 107 0 0 
184 173 27 0 0 
125 298 23 0 0 
85 298 82 0 0 
50 217 140 0 0 
197 143 44 0 0 
174 230 51 0 0 
173 226 23 0 0 
242 156 47 0 0 
187 155 108 5 0 
138 292 38 0 0 
95 357 79 0 0 
40 198 86 6 0 
99 241 15 0 0 
25 315 30 0 0 
195 275 69 0 0 
47 273 45 8 0 
91 265 52 0 0 
145 239 18 0 0 
112 259 90 0 0 
45 148 83 0 0 
93 311 88 0 0 
100 361 87 2 0 
151 274 50 0 0 
123 241 15 0 0 
116 202 33 1 0 
154 237 81 0 0 
151 280 90 0 0 
88 240 69 1 0 
97 220 45 0 0 
105 217 82 18 0 
109 167 79 8 0 
50 347 56 0 0 
121 356 76 7 0 
80 208 52 0 0 
93 204 64 5 0 
138 182 79 29 0 
242 151 15 0 0 
151 221 22 0 0 
107 235 31 12 0 
160 119 42 0 0 
192 204 74 0 0 
47 304 28 0 0 
56 386 12 13 0 
135 382 97 0 0 
109 273 56 0 0 
139 283 50 6 0 
188 284 32 2 0 
124 157 113 0 0 
88 198 65 0 0 
50 151 106 33 0 
116 193 64 10 0 
37 214 18 0 0 
99 203 89 0 0 
156 164 82 0 0 
81 294 75 0 0 
145 121 65 0 0 
31 303 67 0 0 
123 213 84 0 0 
149 257 20 4 0 
114 162 83 0 0 
122 260 98 0 0 
193 212 56 0 0 
162 168 182 0 0 
176 166 49 0 0 
55 142 47 0 0 
73 240 55 0 0 
134 330 36 1 0 
158 198 32 0 0 
131 219 67 0 0 
107 268 40 0 0 
43 271 58 1 0 
162 200 19 0 0 
58 208 41 1 0 
50 301 69 1 0 
101 303 34 0 0 
52 216 74 0 0 
77 249 72 0 0 
151 210 49 0 0 
90 214 79 0 0 
135 214 28 7 0 
96 243 44 0 0 
121 266 21 0 0 
145 248 22 36 0 
95 229 92 0 0 
233 208 71 0 0 
125 115 70 0 0 
181 138 64 28 0 
177 241 61 0 0 
79 213 62 0 0 
93 173 99 40 0 
142 233 86 0 0 
112 264 23 20 0 
67 184 2 45 0 
129 284 14 0 0 
135 209 31 0 0 
146 111 44 0 0 
214 145 50 0 0 
111 264 103 0 0 
97 249 71 69 0 
256 172 5 1 0 
94 252 49 0 0 
114 339 10 0 0 
81 359 56 0 0 
156 228 47 0 0 
111 285 78 2 0 
72 204 47 0 0 
158 167 49 0 0 
119 245 12 0 0 
190 144 22 9 0 
176 198 33 0 0 
73 245 80 0 0 
126 277 68 0 0 
62 292 46 1 0 
89 249 52 0 0 
57 325 12 0 0 
141 256 35 0 0 
209 170 39 36 0 
83 146 82 11 0 
93 198 46 0 0 
89 218 100 0 0 
82 276 38 6 0 
95 108 128 0 0 
81 269 118 0 0 
47 190 83 5 0 
107 311 24 0 0 
106 331 95 0 0 
115 181 9 1 0 
151 79 46 0 0 
106 324 110 0 0 
94 270 38 0 0 
130 211 118 0 0 
122 257 25 0 0 
97 155 65 0 0 
85 232 39 0 0 
62 227 124 0 0 
203 233 28 0 0 
90 259 99 0 0 
73 298 109 0 0 
115 210 27 0 0 
180 107 58 0 0 
161 203 13 0 0 
199 201 17 0 0 
176 258 42 0 0 
126 232 34 0 0 
113 265 64 0 0 
94 226 23 0 0 
114 237 91 0 0 
169 161 67 0 0 
50 153 130 0 0 
166 223 90 0 0 
114 223 69 0 0 
185 274 99 9 0 
274 240 80 21 0 
77 313 49 1 0 
47 235 77 0 0 
142 175 90 1 0 
126 379 29 0 0 
113 202 35 0 0 
141 99 76 0 0 
189 284 15 2 0 
153 224 74 0 0 
166 186 39 0 0 
128 135 90 4 0 
56 254 50 3 0 
30 225 51 0 0 
111 258 36 0 0 
47 302 56 0 0 
52 242 77 0 0 
102 224 79 0 0 
98 182 36 0 0 
66 207 139 0 0 
152 257 11 0 0 
75 238 110 11 0 
166 197 108 0 0 
78 197 105 40 0 
79 292 47 2 0 
95 136 109 1 0 
201 277 61 0 0 
49 209 59 0 0 
44 198 112 0 0 
150 220 57 1 0 
84 280 55 0 0 
124 289 66 1 0 
106 218 35 24 0 
31 267 92 0 0 
110 329 14 0 0 
115 139 71 0 0 
144 297 41 0 0 
79 313 14 0 0 
45 213 50 0 0 
61 244 26 30 0 
107 100 36 1 0 
45 114 19 0 0 
198 341 15 0 0 
42 358 74 0 0 
164 210 31 0 0 
205 225 124 0 0 
129 181 20 0 0 
86 263 94 0 0 
169 229 20 47 0 
65 141 65 0 0 
143 240 33 0 0 
125 214 89 0 0 
102 272 29 9 0 
153 292 74 1 0 
92 269 23 0 0 
92 279 61 0 0 
69 248 51 4 0 
63 150 199 8 0 
47 286 40 5 0 
127 191 45 13 0 
166 137 89 0 0 
60 150 52 0 0 
161 214 33 0 0 
98 235 49 0 0 
101 336 36 0 0 
124 239 63 0 0 
124 211 48 0 0 
118 250 13 7 0 
196 444 3 0 0 
119 289 77 0 0 
104 281 17 0 0 
105 174 25 10 0 
51 321 53 6 0 
71 282 70 0 0 
100 316 102 1 0 
118 144 52 0 0 
199 194 55 0 0 
147 234 84 0 0 
94 210 29 4 0 
121 267 16 16 0 
136 132 192 40 0 
141 180 114 0 0 
176 257 38 0 0 
56 215 50 0 0 
136 273 44 0 0 
220 90 108 5 0 
66 400 50 0 0 
146 206 54 0 0 
103 364 50 0 0 
116 225 5 0 0 
173 192 53 2 0 
49 277 12 7 0 
188 285 14 0 0 
28 233 162 24 0 
112 202 75 0 0 
143 262 33 0 0 
101 308 32 0 0 
40 224 104 16 0 
259 156 25 0 0 
108 370 73 0 0 
142 276 81 0 0 
144 105 72 1 0 
107 162 159 0 0 
133 254 26 13 0 
142 173 89 0 0 
177 216 67 0 0 
61 279 145 0 0 
162 176 5 0 0 
78 201 87 0 0 
67 203 43 3 0 
100 336 97 0 0 
116 149 58 0 0 
178 140 52 0 0 
126 131 44 0 0 
108 208 65 0 0 
187 307 21 0 0 
103 271 33 0 0 
183 203 28 0 0 
128 231 95 0 0 
161 252 51 0 0 
125 264 38 0 0 
146 221 60 0 0 
124 245 77 0 0 
140 242 49 8 0 
125 241 47 1 0 
214 224 19 0 0 
153 192 21 0 0 
170 233 30 0 0 
158 208 63 0 0 
102 251 40 0 0 
112 203 101 0 0 
283 140 49 0 0 
69 380 21 0 0 
133 279 40 2 0 
210 269 62 0 0 
131 277 61 1 0 
176 219 37 0 0 
104 193 23 1 0 
123 299 10 0 0 
162 197 130 0 0 
141 258 55 0 0 
160 132 54 0 0 
118 296 44 0 0 
172 290 43 0 0 
104 145 57 8 0 
117 268 14 0 0 
157 127 75 0 0 
142 212 16 0 0 
142 118 107 0 0 
90 249 40 23 0 
78 258 74 16 0 
134 337 9 24 0 
125 256 10 0 0 
118 169 80 0 0 
104 240 37 0 0 
94 253 18 0 0 
151 374 14 0 0 
203 268 4 0 0 
91 282 53 0 0 
175 252 92 0 0 
93 331 44 8 0 
180 270 74 0 0 
159 288 34 0 0 
157 261 95 6 0 
80 198 63 4 0 
64 180 41 0 0 
141 241 30 4 0 
190 173 49 0 0 
106 284 47 0 0 
91 135 48 0 0 
102 211 70 0 0 
94 304 47 0 0 
170 204 32 0 0 
75 319 23 1 0 
163 158 43 0 0 
214 277 7 0 0 
128 134 27 0 0 
224 201 33 0 0 
74 307 24 0 0 
55 216 108 12 0 
144 250 91 1 0 
66 238 109 0 0 
62 210 47 0 0 
62 345 4 2 0 
77 152 93 0 0 
102 320 15 0 0 
59 343 1 0 0 
271 276 18 0 0 
205 124 28 7 0 
61 274 93 0 0 
188 237 79 3 0 
215 284 29 0 0 
166 275 100 0 0 
67 189 123 4 0 
191 254 27 2 0 
30 113 85 24 0 
170 200 63 11 0 
122 300 61 0 0 
114 156 52 0 0 
102 263 38 0 0 
136 365 68 10 0 
178 146 35 0 0 
68 271 62 0 0 
147 241 151 0 0 
38 240 23 0 0 
73 232 67 0 0 
44 308 83 0 0 
104 297 77 0 0 
72 360 101 2 0 
128 298 81 0 0 
82 329 47 0 0 
184 158 9 0 0 
59 321 55 0 0 
101 151 95 0 0 
200 282 105 0 0 
239 197 32 25 0 
172 112 60 0 0 
129 133 47 7 0 
197 269 43 0 0 
183 178 99 0 0 
34 260 61 0 0 
138 250 10 24 0 
137 212 51 0 0 
133 134 94 0 0 
39 240 114 18 0 
71 268 51 4 0 
121 239 39 0 0 
129 155 56 0 0 
111 325 4 0 0 
144 276 19 1 0 
135 164 63 0 0 
88 275 44 0 0 
261 220 34 0 0 
202 202 67 6 0 
200 198 35 0 0 
67 205 49 5 0 
74 278 22 3 0 
