0 42 121 
0 25 117 
0 27 44 
0 13 206 
0 26 42 
0 19 44 
0 6 126 
0 34 79 
0 12 84 
0 12 114 
0 39 135 
0 30 77 
0 61 75 
0 51 62 
0 6 51 
0 18 87 
0 34 64 
0 30 108 
0 30 87 
0 23 60 
0 16 101 
0 28 110 
0 12 61 
0 13 97 
0 63 115 
0 35 99 
0 28 61 
0 14 109 
0 41 60 
0 27 176 
0 15 107 
0 12 72 
0 0 54 
0 33 47 
0 7 149 
0 30 68 
0 25 102 
0 16 108 
0 43 59 
0 18 76 
0 38 111 
0 26 50 
0 11 122 
0 22 104 
0 18 182 
0 60 54 
0 40 67 
0 7 53 
0 18 158 
0 31 90 
0 50 89 
0 32 80 
0 39 56 
0 34 69 
0 30 44 
0 11 80 
0 89 35 
0 22 48 
0 33 58 
0 39 122 
0 22 97 
0 26 100 
0 5 114 
0 26 89 
0 43 125 
0 21 85 
0 27 117 
0 24 98 
0 57 107 
0 25 85 
0 21 43 
0 15 45 
0 24 150 
0 19 88 
0 21 189 
0 33 41 
0 9 105 
0 9 72 
0 10 134 
0 28 87 
0 15 52 
0 47 125 
0 35 42 
0 20 30 
0 17 99 
0 64 95 
0 31 44 
0 15 213 
0 34 96 
0 16 57 
0 18 36 
0 33 111 
0 3 97 
0 8 45 
0 12 120 
0 8 92 
0 8 79 
0 21 19 
0 20 62 
0 8 74 
0 11 25 
0 23 100 
0 30 183 
0 62 58 
0 19 175 
0 82 201 
0 30 65 
0 21 143 
0 20 127 
0 8 144 
0 18 125 
0 6 43 
0 34 76 
0 26 117 
0 23 49 
0 6 165 
0 19 65 
0 41 86 
0 9 157 
0 14 57 
0 6 66 
0 27 55 
0 9 107 
0 25 152 
0 43 63 
0 18 82 
0 67 149 
0 6 55 
0 44 162 
0 80 82 
0 27 44 
0 16 9 
0 50 127 
0 21 104 
0 30 94 
0 35 103 
0 25 91 
0 4 92 
0 19 53 
0 36 61 
0 18 63 
0 35 53 
0 27 74 
0 8 128 
0 31 83 
0 53 50 
0 64 95 
0 29 149 
0 0 71 
0 16 50 
0 19 185 
0 61 206 
0 45 182 
0 26 117 
0 6 64 
0 47 113 
0 33 88 
0 17 81 
0 23 59 
0 28 104 
0 30 153 
0 20 148 
0 9 136 
0 30 69 
0 28 173 
0 7 96 
0 74 103 
0 31 92 
0 22 103 
0 16 116 
0 13 73 
0 34 138 
0 34 72 
0 18 91 
0 53 114 
0 13 107 
0 36 121 
0 33 47 
0 6 44 
0 68 80 
0 34 140 
0 13 41 
0 7 97 
0 33 116 
0 44 57 
0 54 83 
0 24 51 
0 49 62 
0 30 81 
0 49 20 
0 15 104 
0 21 51 
0 33 71 
0 25 124 
0 19 104 
0 22 55 
0 59 57 
0 17 130 
0 15 64 
0 70 84 
0 25 47 
0 32 75 
0 25 90 
0 46 56 
0 58 155 
0 30 113 
0 26 111 
0 65 64 
0 15 77 
0 75 80 
0 10 66 
0 35 111 
0 46 105 
0 22 101 
0 26 71 
0 17 74 
0 7 30 
0 52 39 
0 67 111 
0 37 31 
0 16 106 
0 56 40 
0 37 46 
0 15 50 
0 13 108 
0 39 65 
0 13 32 
0 14 143 
0 30 61 
0 17 133 
0 18 72 
0 17 46 
0 16 47 
0 6 107 
0 6 146 
0 7 66 
0 8 46 
0 40 175 
0 31 82 
0 28 78 
0 40 118 
0 60 117 
0 6 53 
0 13 43 
0 63 83 
0 43 62 
0 36 29 
0 25 65 
0 27 144 
0 50 60 
0 75 57 
0 53 70 
0 30 126 
0 25 126 
0 46 74 
0 49 108 
0 11 49 
0 7 142 
0 12 48 
0 37 179 
0 23 101 
0 7 131 
0 45 104 
0 4 179 
0 53 69 
0 41 47 
0 39 110 
0 52 70 
0 52 42 
0 15 71 
0 27 49 
0 4 82 
0 21 109 
0 34 36 
0 6 157 
0 26 54 
0 18 89 
0 32 34 
0 20 50 
0 16 142 
0 18 131 
0 24 100 
0 12 64 
0 11 42 
0 33 189 
0 61 64 
0 10 163 
0 55 49 
0 17 24 
0 32 169 
0 43 46 
0 6 52 
0 37 74 
0 65 52 
0 16 143 
0 10 84 
0 79 50 
0 13 114 
0 24 87 
0 12 135 
0 31 46 
0 37 78 
0 15 53 
0 29 75 
0 4 104 
0 0 86 
0 21 133 
0 14 240 
0 20 154 
0 16 104 
0 49 50 
0 86 137 
0 14 97 
0 38 118 
0 45 100 
0 23 158 
0 10 79 
0 14 90 
0 0 130 
0 19 143 
0 70 60 
0 23 68 
0 31 179 
0 39 134 
0 31 93 
0 71 61 
0 32 78 
0 26 47 
0 27 103 
0 26 119 
0 5 69 
0 62 44 
0 17 96 
0 23 33 
0 24 67 
0 55 84 
0 30 46 
0 24 30 
0 1 47 
0 17 104 
0 19 59 
0 39 128 
0 17 97 
0 26 111 
0 8 144 
0 48 90 
0 33 143 
0 28 83 
0 11 78 
0 25 140 
0 61 97 
0 49 39 
0 3 104 
0 34 60 
0 66 81 
0 16 188 
0 31 111 
0 12 144 
0 2 37 
0 36 65 
0 35 100 
0 48 103 
0 66 97 
0 34 106 
0 53 79 
0 6 135 
0 19 163 
0 45 72 
0 90 72 
0 21 57 
0 32 82 
0 30 105 
0 4 67 
0 8 133 
0 15 138 
0 12 80 
0 9 39 
0 38 66 
0 49 121 
0 4 54 
0 11 75 
0 39 99 
0 8 162 
0 34 28 
0 13 43 
0 24 84 
0 10 68 
0 18 52 
0 28 47 
0 59 73 
0 20 55 
0 37 61 
0 57 193 
0 65 128 
0 41 22 
0 24 70 
0 14 54 
0 32 51 
0 11 83 
0 11 61 
0 2 213 
0 25 90 
0 29 75 
0 12 62 
0 30 45 
0 18 52 
0 42 84 
0 4 140 
0 20 41 
0 13 143 
0 22 64 
0 3 80 
0 10 161 
0 28 138 
0 11 120 
0 0 132 
0 16 71 
0 0 111 
0 29 46 
0 38 58 
0 43 78 
0 7 45 
0 24 139 
0 7 162 
0 27 134 
0 46 104 
0 1 10 
0 11 138 
0 23 66 
0 60 148 
0 47 81 
0 39 73 
0 22 137 
0 8 101 
0 6 34 
0 64 126 
0 27 61 
0 24 125 
0 19 172 
0 24 148 
0 33 162 
0 25 119 
0 39 94 
0 44 39 
0 56 109 
0 21 99 
0 56 75 
0 4 163 
0 57 76 
0 43 151 
0 52 81 
0 20 130 
0 26 100 
0 37 107 
0 30 245 
0 22 58 
0 17 131 
0 33 66 
0 21 45 
0 16 67 
0 37 66 
0 34 113 
0 27 103 
0 47 144 
0 50 88 
0 21 178 
0 13 80 
0 30 122 
0 23 99 
0 37 69 
0 16 110 
0 70 26 
0 14 61 
0 2 81 
0 5 140 
0 11 98 
0 29 88 
0 44 70 
0 22 110 
0 28 79 
0 12 49 
0 26 98 
0 19 102 
0 17 107 
0 25 51 
0 11 156 
0 32 110 
0 47 140 
0 27 29 
0 18 58 
0 30 124 
0 31 83 
0 15 105 
0 7 56 
0 46 77 
0 9 148 
0 27 44 
0 20 93 
0 53 61 
0 19 70 
0 22 85 
0 21 135 
0 8 73 
0 0 110 
0 35 40 
0 24 70 
0 19 82 
0 24 206 
0 13 111 
0 50 55 
0 28 99 
0 21 101 
0 52 53 
0 41 71 
0 24 54 
0 25 84 
0 7 39 
0 48 111 
0 21 89 
0 11 53 
0 44 113 
0 15 130 
0 18 53 
0 34 48 
0 22 72 
0 4 173 
0 33 145 
0 52 85 
0 78 62 
0 33 77 
0 69 134 
0 36 159 
0 24 69 
0 16 76 
0 16 27 
0 44 94 
0 19 124 
0 28 128 
0 36 44 
0 39 173 
0 34 43 
0 32 83 
0 32 105 
0 34 54 
0 62 17 
0 1 53 
0 12 170 
0 45 88 
0 22 68 
0 57 83 
0 46 104 
0 4 158 
0 46 164 
0 24 91 
0 5 78 
0 8 70 
0 13 93 
0 15 87 
0 33 106 
0 51 94 
0 5 23 
0 47 41 
0 4 145 
0 47 36 
0 46 65 
0 12 56 
0 29 93 
0 36 46 
0 32 81 
0 45 87 
0 22 119 
0 24 48 
0 12 44 
0 31 48 
0 35 84 
0 14 105 
0 34 83 
0 37 45 
0 42 115 
0 21 84 
0 15 64 
0 36 68 
0 12 80 
0 42 63 
0 44 91 
0 32 54 
0 23 237 
0 23 107 
0 13 83 
0 42 104 
0 53 113 
0 34 121 
0 16 83 
0 8 118 
0 27 109 
0 19 73 
0 21 75 
0 84 45 
0 34 44 
0 26 63 
0 28 50 
0 57 91 
0 57 100 
0 37 103 
0 45 218 
0 31 51 
0 22 95 
0 13 36 
0 36 73 
0 13 151 
0 40 168 
0 2 83 
0 71 90 
0 36 73 
0 17 116 
0 33 79 
0 20 145 
0 58 127 
0 8 74 
0 17 57 
0 31 51 
0 30 72 
0 44 19 
0 63 70 
0 36 163 
0 12 79 
0 34 99 
0 18 103 
0 23 43 
0 42 93 
0 46 43 
0 28 122 
0 26 144 
0 26 61 
0 57 150 
0 23 116 
0 83 214 
0 28 58 
0 29 76 
0 16 75 
0 34 56 
0 23 57 
0 16 43 
0 25 42 
0 33 67 
0 7 54 
0 15 117 
0 32 86 
0 38 88 
0 54 87 
0 25 95 
0 14 34 
0 100 86 
0 3 95 
0 35 117 
0 35 80 
0 21 65 
0 27 68 
0 59 36 
0 39 91 
0 40 55 
0 28 124 
0 55 273 
0 31 141 
0 68 43 
0 10 117 
0 49 54 
0 7 35 
0 56 51 
0 4 22 
0 30 81 
0 23 37 
0 62 60 
0 23 85 
0 24 171 
0 21 82 
0 31 194 
0 51 97 
0 42 102 
0 7 170 
0 33 82 
0 57 169 
0 29 123 
0 13 79 
0 15 79 
0 22 119 
0 36 76 
0 27 49 
0 2 31 
0 27 72 
0 8 90 
0 36 20 
0 11 122 
0 16 86 
0 46 26 
0 37 99 
0 18 101 
0 27 140 
0 13 90 
0 40 73 
0 21 103 
0 25 91 
0 41 80 
0 20 16 
0 17 66 
0 23 38 
0 25 82 
0 19 127 
0 102 39 
0 9 133 
0 34 57 
0 10 43 
0 11 67 
0 45 107 
0 25 52 
0 13 95 
0 52 157 
0 13 126 
0 24 42 
0 36 81 
0 1 99 
0 34 38 
0 77 78 
0 7 171 
0 69 44 
0 38 95 
0 26 86 
0 22 150 
0 47 56 
0 42 131 
0 4 74 
0 1 118 
0 32 62 
0 11 90 
0 53 70 
0 5 159 
0 34 112 
0 23 82 
0 63 72 
0 20 80 
0 19 68 
0 21 148 
0 43 113 
0 2 31 
0 2 121 
0 18 65 
0 54 90 
0 28 74 
0 5 94 
0 38 70 
0 39 57 
0 4 149 
0 32 99 
0 30 94 
0 9 61 
0 43 136 
0 39 231 
0 68 90 
0 25 111 
0 13 47 
0 50 158 
0 10 64 
0 15 87 
0 59 95 
0 43 80 
0 18 92 
0 20 109 
0 16 90 
0 14 137 
0 11 170 
0 47 21 
0 27 78 
0 10 83 
0 7 35 
0 28 118 
0 20 56 
0 49 102 
0 4 39 
0 20 48 
0 38 54 
0 34 27 
0 0 30 
0 23 30 
0 28 27 
0 17 175 
0 10 176 
0 42 172 
0 25 31 
0 15 143 
0 36 125 
0 9 115 
0 26 56 
0 23 79 
0 15 111 
0 44 42 
0 50 52 
0 19 162 
0 1 86 
0 47 97 
0 33 44 
0 2 43 
0 40 49 
0 35 139 
0 18 92 
0 31 66 
0 39 20 
0 27 73 
0 16 52 
0 13 58 
0 60 129 
0 32 86 
0 23 63 
0 37 109 
0 33 131 
0 19 149 
0 24 77 
0 53 73 
0 52 93 
0 33 82 
0 24 68 
0 9 41 
0 36 103 
0 32 182 
0 39 55 
0 16 89 
0 33 71 
0 12 43 
0 54 40 
0 22 116 
0 10 245 
0 16 51 
0 21 69 
0 52 55 
0 12 8 
0 22 89 
0 28 74 
0 21 40 
0 8 83 
0 26 166 
0 7 91 
0 11 101 
0 18 127 
0 37 48 
0 30 90 
0 78 111 
0 11 61 
0 41 53 
0 18 115 
0 4 110 
0 23 117 
0 12 146 
0 43 111 
0 12 158 
0 17 69 
0 12 45 
0 30 39 
0 30 46 
0 23 84 
0 19 121 
0 11 95 
0 4 105 
0 27 92 
0 41 95 
0 44 128 
0 11 66 
0 56 90 
0 24 100 
0 60 113 
0 28 98 
0 26 65 
0 30 107 
0 28 21 
0 1 114 
0 32 57 
0 15 117 
0 15 41 
0 9 97 
0 19 74 
0 14 97 
0 31 85 
0 40 72 
0 14 113 
0 16 289 
0 30 69 
0 12 123 
0 44 30 
0 35 65 
0 68 105 
0 12 89 
0 18 97 
0 29 54 
0 6 45 
0 21 67 
0 47 95 
0 30 93 
0 6 60 
0 57 68 
0 30 107 
0 19 27 
0 70 59 
0 47 261 
0 38 70 
0 32 87 
0 26 40 
0 32 53 
0 31 53 
0 28 115 
0 15 81 
0 40 57 
0 67 88 
0 42 74 
0 62 90 
0 40 234 
0 23 86 
0 17 126 
0 12 117 
0 32 69 
0 81 169 
0 16 115 
0 17 70 
0 20 68 
0 31 160 
0 34 105 
0 104 48 
0 31 93 
0 3 112 
0 24 120 
0 42 66 
0 17 76 
0 54 105 
0 48 60 
0 34 105 
0 18 100 
0 43 47 
0 35 152 
0 14 164 
0 36 79 
0 55 80 
0 13 123 
0 4 76 
0 6 79 
0 13 76 
0 31 51 
0 29 97 
0 40 92 
0 13 81 
0 8 88 
0 26 19 
0 32 166 
0 27 69 
0 15 51 
0 20 171 
0 9 55 
0 16 131 
0 48 68 
0 33 92 
0 42 125 
0 35 41 
0 20 108 
0 25 79 
0 36 112 
0 9 188 
0 25 9 
0 10 95 
0 24 61 
0 21 84 
0 72 47 
0 5 129 
0 23 105 
0 14 158 
0 54 84 
0 3 77 
0 28 94 
0 40 103 
0 25 34 
0 29 49 
0 26 38 
0 24 87 
0 40 91 
0 30 94 
0 34 98 
0 17 73 
0 54 70 
0 37 57 
0 14 188 
0 17 41 
0 58 49 
0 24 150 
0 25 155 
0 9 58 
0 46 80 
0 78 24 
0 24 37 
0 41 120 
0 24 16 
0 38 59 
0 6 43 
0 10 101 
0 44 196 
0 38 81 
