0 80 7 
0 55 0 
0 28 1 
0 62 6 
0 62 1 
0 75 0 
0 81 3 
0 58 1 
0 66 10 
0 64 1 
0 43 0 
0 82 0 
0 80 6 
0 55 0 
0 108 4 
0 52 0 
0 56 5 
0 70 0 
0 83 4 
0 37 1 
0 77 0 
0 66 0 
0 25 0 
0 89 12 
0 81 7 
0 48 14 
0 97 0 
0 30 0 
0 53 0 
0 64 0 
0 96 0 
0 65 10 
0 11 0 
0 40 0 
0 115 0 
0 79 0 
0 77 0 
0 71 0 
0 27 0 
0 12 0 
0 64 0 
0 108 3 
0 39 0 
0 57 0 
0 40 0 
0 104 0 
0 60 0 
0 74 17 
0 74 0 
0 63 0 
0 104 6 
0 77 0 
0 88 0 
0 72 11 
0 112 3 
0 27 0 
0 42 0 
0 32 1 
0 123 13 
0 36 1 
0 58 0 
0 73 1 
0 98 0 
0 44 2 
0 101 1 
0 69 0 
0 30 1 
0 29 0 
0 38 0 
0 57 14 
0 77 0 
0 40 0 
0 56 0 
0 116 0 
0 110 0 
0 43 0 
0 32 1 
0 45 1 
0 32 0 
0 111 0 
0 24 0 
0 53 0 
0 30 0 
0 84 5 
0 37 1 
0 103 3 
0 80 0 
0 129 5 
0 42 0 
0 21 0 
0 72 0 
0 40 0 
0 51 11 
0 57 0 
0 24 0 
0 60 0 
0 50 1 
0 46 6 
0 72 1 
0 66 0 
0 45 3 
0 42 0 
0 58 3 
0 83 6 
0 101 0 
0 65 4 
0 97 6 
0 35 0 
0 52 0 
0 102 1 
0 63 0 
0 33 0 
0 60 0 
0 127 2 
0 31 0 
0 136 20 
0 69 0 
0 85 0 
0 87 0 
0 93 0 
0 82 0 
0 70 5 
0 40 0 
0 17 0 
0 119 0 
0 42 4 
0 20 0 
0 46 0 
0 67 0 
0 37 0 
0 71 0 
0 53 0 
0 31 0 
0 31 0 
0 21 0 
0 34 0 
0 65 14 
0 50 15 
0 50 0 
0 29 0 
0 46 0 
0 78 0 
0 12 9 
0 62 0 
0 79 0 
0 123 2 
0 83 10 
0 44 0 
0 77 0 
0 85 0 
0 109 0 
0 100 3 
0 66 0 
0 38 0 
0 32 4 
0 65 0 
0 62 0 
0 48 0 
0 83 0 
0 21 9 
0 71 3 
0 37 2 
0 82 5 
0 45 0 
0 39 1 
0 70 0 
0 66 21 
0 20 4 
0 76 0 
0 51 13 
0 56 0 
0 78 0 
0 37 0 
0 82 0 
0 67 0 
0 100 1 
0 63 0 
0 23 0 
0 49 12 
0 30 0 
0 49 8 
0 90 21 
0 132 0 
0 118 0 
0 40 0 
0 86 0 
0 72 1 
0 81 0 
0 91 0 
0 69 0 
0 30 4 
0 107 0 
0 50 0 
0 75 0 
0 61 0 
0 85 4 
0 56 0 
0 96 0 
0 49 1 
0 67 6 
0 75 5 
0 30 1 
0 50 0 
0 81 31 
0 44 0 
0 40 0 
0 72 0 
0 59 0 
0 56 0 
0 74 0 
0 83 10 
0 43 11 
0 105 0 
0 39 0 
0 54 0 
0 76 6 
0 56 7 
0 32 3 
0 43 2 
0 79 13 
0 55 12 
0 36 3 
0 57 1 
0 100 0 
0 22 0 
0 91 0 
0 70 10 
0 33 0 
0 30 0 
0 37 0 
0 64 0 
0 81 0 
0 64 0 
0 49 3 
0 77 0 
0 80 8 
0 66 0 
0 70 0 
0 52 1 
0 91 0 
0 71 3 
0 54 0 
0 51 0 
0 113 0 
0 57 0 
0 51 0 
0 33 3 
0 38 0 
0 44 0 
0 86 6 
0 16 0 
0 84 0 
0 37 2 
0 59 8 
0 125 0 
0 43 24 
0 54 1 
0 68 10 
0 47 0 
0 27 0 
0 37 0 
0 167 0 
0 20 15 
0 48 13 
0 44 0 
0 74 5 
0 27 0 
0 56 0 
0 81 0 
0 90 0 
0 44 0 
0 45 10 
0 27 0 
0 114 0 
0 57 0 
0 37 0 
0 32 0 
0 75 0 
0 59 2 
0 100 6 
0 78 1 
0 32 0 
0 42 0 
0 58 0 
0 46 0 
0 28 2 
0 57 0 
0 67 0 
0 102 0 
0 50 0 
0 98 2 
0 91 0 
0 53 0 
0 92 0 
0 72 0 
0 73 16 
0 63 0 
0 29 0 
0 27 0 
0 45 0 
0 63 10 
0 53 0 
0 36 0 
0 56 20 
0 57 3 
0 37 0 
0 105 21 
0 121 0 
0 38 2 
0 70 0 
0 54 0 
0 61 9 
0 25 0 
0 48 0 
0 55 8 
0 33 0 
0 53 0 
0 43 0 
0 54 4 
0 36 6 
0 60 0 
0 57 1 
0 67 15 
0 29 0 
0 107 0 
0 58 0 
0 64 3 
0 61 0 
0 117 0 
0 49 4 
0 22 0 
0 78 6 
0 98 12 
0 25 0 
0 88 0 
0 82 3 
0 132 4 
0 105 10 
0 44 5 
0 58 8 
0 68 4 
0 55 0 
0 77 0 
0 37 0 
0 29 0 
0 63 18 
0 105 0 
0 50 1 
0 100 0 
0 87 5 
0 106 18 
0 28 0 
0 120 0 
0 115 1 
0 68 0 
0 24 0 
0 67 1 
0 121 31 
0 118 2 
0 67 0 
0 75 0 
0 29 0 
0 90 0 
0 28 0 
0 73 4 
0 34 0 
0 97 14 
0 46 15 
0 62 0 
0 130 0 
0 42 0 
0 44 4 
0 42 0 
0 30 7 
0 57 1 
0 71 0 
0 46 0 
0 88 0 
0 36 3 
0 18 0 
0 14 1 
0 104 13 
0 86 4 
0 45 0 
0 81 1 
0 135 0 
0 86 0 
0 36 0 
0 60 1 
0 48 0 
0 101 0 
0 106 0 
0 8 0 
0 93 0 
0 55 0 
0 42 0 
0 81 26 
0 70 4 
0 61 0 
0 32 0 
0 70 0 
0 110 0 
0 20 0 
0 37 0 
0 118 0 
0 36 0 
0 46 0 
0 88 1 
0 41 11 
0 50 8 
0 14 1 
0 34 0 
0 19 0 
0 41 6 
0 53 0 
0 58 7 
0 53 0 
0 43 7 
0 67 0 
0 39 5 
0 43 3 
0 55 0 
0 36 0 
0 86 3 
0 45 0 
0 62 0 
0 23 0 
0 60 0 
0 140 12 
0 64 5 
0 67 0 
0 42 0 
0 23 2 
0 97 5 
0 66 0 
0 36 0 
0 15 0 
0 114 22 
0 60 0 
0 40 0 
0 23 0 
0 17 0 
0 39 0 
0 40 1 
0 99 0 
0 87 4 
0 63 0 
0 55 0 
0 55 0 
0 19 0 
0 121 0 
0 23 0 
0 74 1 
0 26 3 
0 60 0 
0 57 0 
0 74 1 
0 46 4 
0 91 0 
0 56 3 
0 28 0 
0 41 0 
0 91 23 
0 49 0 
0 33 0 
0 60 6 
0 49 3 
0 90 0 
0 22 0 
0 93 16 
0 28 0 
0 52 7 
0 41 0 
0 44 3 
0 67 3 
0 91 9 
0 69 2 
0 59 0 
0 73 28 
0 37 0 
0 84 0 
0 70 1 
0 73 6 
0 66 3 
0 51 0 
0 114 6 
0 36 0 
0 76 0 
0 59 0 
0 89 4 
0 48 0 
0 70 0 
0 54 2 
0 61 0 
0 66 0 
0 57 4 
0 139 2 
0 51 0 
0 77 0 
0 41 0 
0 51 9 
0 78 1 
0 35 0 
0 62 4 
0 66 0 
0 51 1 
0 16 0 
0 93 0 
0 65 0 
0 51 0 
0 108 45 
0 43 1 
0 46 0 
0 79 0 
0 13 0 
0 118 0 
0 43 0 
0 42 0 
0 36 3 
0 50 0 
0 93 5 
0 93 10 
0 92 2 
0 99 0 
0 67 0 
0 98 0 
0 60 2 
0 43 2 
0 44 1 
0 29 0 
0 39 5 
0 74 3 
0 73 15 
0 114 9 
0 75 4 
0 48 3 
0 73 0 
0 107 0 
0 29 4 
0 87 19 
0 76 10 
0 73 3 
0 66 4 
0 38 0 
0 101 0 
0 24 0 
0 60 12 
0 52 0 
0 53 0 
0 101 0 
0 53 0 
0 38 0 
0 40 1 
0 70 0 
0 41 6 
0 58 0 
0 48 0 
0 43 14 
0 70 0 
0 45 0 
0 53 0 
0 22 0 
0 28 5 
0 67 0 
0 99 5 
0 38 2 
0 76 17 
0 16 3 
0 30 0 
0 44 0 
0 52 0 
0 36 0 
0 52 1 
0 148 6 
0 67 1 
0 43 0 
0 36 0 
0 101 4 
0 73 0 
0 26 0 
0 60 0 
0 50 0 
0 54 0 
0 15 10 
0 67 10 
0 69 0 
0 64 1 
0 88 7 
0 49 0 
0 72 19 
0 83 0 
0 99 21 
0 78 8 
0 79 0 
0 70 9 
0 71 0 
0 29 0 
0 49 11 
0 59 5 
0 91 4 
0 91 2 
0 13 0 
0 72 0 
0 53 0 
0 92 3 
0 23 0 
0 39 0 
0 92 0 
0 50 2 
0 49 0 
0 48 3 
0 47 0 
0 106 0 
0 101 0 
0 61 0 
0 77 0 
0 48 6 
0 45 0 
0 96 0 
0 95 0 
0 50 17 
0 50 9 
0 45 9 
0 116 6 
0 136 6 
0 20 0 
0 89 0 
0 65 4 
0 56 0 
0 35 6 
0 81 0 
0 42 9 
0 41 6 
0 154 0 
0 37 7 
0 87 0 
0 44 0 
0 80 0 
0 62 0 
0 58 2 
0 77 7 
0 26 0 
0 96 0 
0 51 3 
0 67 0 
0 51 3 
0 112 0 
0 81 2 
0 39 4 
0 64 3 
0 98 41 
0 24 1 
0 81 7 
0 43 0 
0 29 0 
0 50 1 
0 69 16 
0 59 4 
0 84 4 
0 77 2 
0 56 0 
0 103 3 
0 74 0 
0 39 0 
0 82 5 
0 29 0 
0 13 0 
0 44 0 
0 90 0 
0 103 0 
0 102 0 
0 40 2 
0 111 18 
0 49 0 
0 66 0 
0 80 0 
0 113 4 
0 43 0 
0 86 0 
0 60 0 
0 36 0 
0 54 0 
0 26 0 
0 86 0 
0 127 0 
0 125 0 
0 39 4 
0 14 0 
0 123 0 
0 68 0 
0 35 0 
0 87 2 
0 104 3 
0 22 0 
0 80 0 
0 73 4 
0 61 1 
0 55 3 
0 53 14 
0 126 29 
0 57 0 
0 46 0 
0 93 49 
0 49 0 
0 59 0 
0 66 0 
0 125 4 
0 40 0 
0 88 10 
0 61 2 
0 110 5 
0 116 9 
0 75 13 
0 129 0 
0 21 0 
0 56 4 
0 70 0 
0 64 0 
0 4 0 
0 51 0 
0 42 0 
0 92 0 
0 61 0 
0 65 0 
0 68 0 
0 43 5 
0 81 2 
0 30 0 
0 72 0 
0 81 10 
0 45 1 
0 44 2 
0 95 7 
0 65 0 
0 68 2 
0 61 3 
0 20 0 
0 73 1 
0 35 0 
0 36 0 
0 58 0 
0 104 2 
0 66 0 
0 34 0 
0 70 0 
0 45 0 
0 34 0 
0 70 2 
0 83 7 
0 76 0 
0 58 1 
0 88 0 
0 78 0 
0 50 1 
0 30 0 
0 32 0 
0 24 0 
0 50 3 
0 73 0 
0 53 0 
0 27 1 
0 55 0 
0 42 0 
0 68 9 
0 35 0 
0 85 1 
0 27 0 
0 33 0 
0 100 23 
0 73 1 
0 76 3 
0 58 15 
0 31 0 
0 97 0 
0 96 5 
0 73 5 
0 71 5 
0 84 1 
0 68 1 
0 44 0 
0 109 5 
0 91 0 
0 82 11 
0 29 3 
0 24 0 
0 30 1 
0 47 0 
0 41 0 
0 25 0 
0 87 0 
0 81 3 
0 24 0 
0 66 0 
0 54 0 
0 55 0 
0 73 0 
0 52 1 
0 47 0 
0 15 0 
0 41 0 
0 60 0 
0 80 1 
0 56 0 
0 90 0 
0 42 8 
0 71 0 
0 78 3 
0 39 0 
0 68 24 
0 104 0 
0 75 0 
0 87 4 
0 43 0 
0 40 4 
0 47 21 
0 94 0 
0 25 0 
0 26 0 
0 110 23 
0 158 12 
0 31 0 
0 92 0 
0 96 1 
0 59 4 
0 108 4 
0 56 0 
0 74 0 
0 74 0 
0 102 12 
0 25 0 
0 65 0 
0 56 0 
0 14 0 
0 23 0 
0 48 4 
0 54 0 
0 51 0 
0 69 0 
0 54 0 
0 55 17 
0 35 0 
0 32 0 
0 80 0 
0 91 0 
0 43 0 
0 66 0 
0 80 0 
0 43 5 
0 95 0 
0 47 0 
0 49 0 
0 18 0 
0 105 0 
0 44 0 
0 89 0 
0 92 0 
0 53 0 
0 97 0 
0 63 0 
0 60 0 
0 72 5 
0 69 11 
0 64 0 
0 45 0 
0 41 0 
0 46 0 
0 77 7 
0 49 3 
0 52 0 
0 38 0 
0 72 9 
0 108 0 
0 107 0 
0 72 4 
0 41 18 
0 61 0 
0 54 1 
0 94 0 
0 44 13 
0 69 0 
0 45 1 
0 46 0 
0 70 0 
0 62 7 
0 71 0 
0 86 6 
0 30 0 
0 21 0 
0 156 9 
0 59 13 
0 87 0 
0 59 0 
0 9 0 
0 52 0 
0 65 33 
0 44 2 
0 49 26 
0 78 7 
0 51 0 
0 124 0 
0 180 4 
0 83 12 
0 99 0 
0 111 0 
0 18 0 
0 72 0 
0 13 0 
0 81 0 
0 69 0 
0 27 0 
0 45 0 
0 37 0 
0 109 0 
0 54 6 
0 167 6 
0 57 0 
0 7 0 
0 90 0 
0 36 3 
0 90 7 
0 53 0 
0 25 0 
0 60 0 
0 69 0 
0 51 0 
0 32 0 
0 29 0 
0 32 0 
0 42 0 
0 57 1 
0 97 15 
0 93 5 
0 43 0 
0 54 9 
0 50 0 
0 51 0 
0 90 19 
0 69 0 
0 73 11 
0 42 4 
0 93 0 
0 34 0 
0 67 0 
0 105 0 
0 7 0 
0 24 0 
0 75 0 
0 79 2 
0 77 0 
0 55 0 
0 104 0 
0 68 0 
0 20 0 
0 19 0 
0 71 1 
0 10 0 
0 79 8 
0 81 0 
0 121 76 
0 52 0 
0 31 0 
0 57 0 
0 39 0 
0 37 0 
0 131 27 
0 30 4 
0 64 0 
0 49 7 
0 56 0 
0 99 3 
0 66 0 
0 103 0 
0 74 0 
0 54 0 
0 7 0 
0 17 0 
0 63 0 
0 87 1 
0 15 1 
0 70 0 
0 12 1 
0 145 26 
0 53 5 
0 104 0 
0 59 0 
0 56 0 
0 88 0 
0 41 0 
0 88 0 
0 55 2 
0 60 0 
0 30 0 
0 81 0 
0 55 0 
0 57 0 
0 34 0 
0 63 8 
0 38 0 
0 67 0 
0 49 0 
