0 0 454 0 0 
0 0 499 0 0 
0 0 403 9 0 
0 0 463 0 0 
0 1 426 10 0 
0 0 348 0 0 
0 0 511 0 0 
0 0 692 0 0 
0 0 506 0 0 
0 0 728 0 0 
0 0 515 0 0 
0 0 641 0 0 
0 0 571 0 0 
0 0 533 0 0 
0 0 509 0 0 
0 0 538 0 0 
0 0 649 0 0 
0 0 496 0 0 
0 0 711 0 0 
0 0 568 0 0 
0 0 539 0 0 
0 0 525 5 0 
0 0 452 0 0 
0 0 703 0 0 
0 15 360 35 0 
0 0 541 0 0 
0 0 611 0 0 
0 0 565 0 0 
0 0 537 0 0 
0 0 514 0 0 
0 7 427 0 0 
0 0 478 0 0 
0 0 602 0 0 
0 0 616 0 0 
0 0 422 0 0 
0 0 422 1 0 
0 0 521 0 0 
0 0 551 0 0 
0 0 254 7 0 
0 0 521 0 0 
0 0 560 0 0 
0 6 554 34 0 
0 0 431 0 0 
0 0 511 0 0 
0 0 459 0 0 
0 0 537 0 0 
0 0 471 0 0 
0 24 423 0 0 
0 0 406 0 0 
0 0 498 0 0 
0 0 602 0 0 
0 0 489 0 0 
0 0 486 0 0 
0 132 466 2 0 
0 0 596 0 0 
0 13 496 0 0 
0 1 324 0 0 
0 0 676 0 0 
0 0 513 42 0 
0 0 646 0 0 
0 0 614 0 0 
0 0 389 0 0 
0 0 442 0 0 
0 0 607 0 0 
0 0 578 0 0 
0 0 530 0 0 
0 0 436 0 0 
0 0 504 0 0 
0 0 502 1 0 
0 0 375 0 0 
0 0 424 0 0 
0 0 542 0 0 
0 0 490 0 0 
0 0 433 0 0 
0 0 476 0 0 
0 0 608 0 0 
0 0 743 0 0 
0 0 487 7 0 
0 0 502 0 0 
0 0 559 0 0 
0 0 604 0 0 
0 0 606 0 0 
0 0 542 0 0 
0 0 538 2 0 
0 0 548 0 0 
0 0 562 0 0 
0 0 555 9 0 
0 0 539 0 0 
0 0 548 0 0 
0 0 419 6 0 
0 0 546 0 0 
0 0 544 0 0 
0 0 576 0 0 
0 0 556 0 0 
0 0 618 1 0 
0 1 433 0 0 
0 0 480 0 0 
0 0 521 0 0 
0 0 498 0 0 
0 0 414 0 0 
0 0 483 0 0 
0 94 420 0 0 
0 0 614 13 0 
0 0 407 0 0 
0 0 479 0 0 
0 0 570 0 0 
0 0 504 0 0 
0 0 546 0 0 
0 0 590 0 0 
0 0 436 0 0 
0 0 495 0 0 
0 0 517 7 0 
0 0 530 0 0 
0 0 470 0 0 
0 0 489 0 0 
0 0 398 0 0 
0 0 592 0 0 
0 12 511 9 0 
0 0 482 0 0 
0 0 552 0 0 
0 0 567 0 0 
0 0 596 0 0 
0 0 524 0 0 
0 4 672 3 0 
0 0 553 0 0 
0 4 498 0 0 
0 0 506 0 0 
0 0 519 0 0 
0 0 487 0 0 
0 1 434 2 0 
0 0 454 0 0 
0 0 546 10 0 
0 0 405 0 0 
0 5 499 0 0 
0 0 558 0 0 
0 0 583 0 0 
0 0 563 0 0 
0 0 612 0 0 
0 0 539 0 0 
0 0 670 0 0 
0 0 583 0 0 
0 0 463 0 0 
0 0 508 0 0 
0 0 490 0 0 
0 0 386 12 0 
0 0 410 0 0 
0 0 526 0 0 
0 0 658 0 0 
0 3 553 0 0 
0 14 310 45 0 
0 0 612 0 0 
0 0 611 1 0 
0 0 473 0 0 
0 7 488 0 0 
0 0 588 0 0 
0 0 539 0 0 
0 0 608 0 0 
0 0 503 0 0 
0 35 440 0 0 
0 1 525 0 0 
0 12 452 0 0 
0 0 409 0 0 
0 0 514 0 0 
0 11 438 0 0 
0 0 500 0 0 
0 0 609 0 0 
0 0 500 0 0 
0 0 530 0 0 
0 0 398 6 0 
0 0 529 0 0 
0 0 341 0 0 
0 0 695 0 0 
0 0 661 0 0 
0 0 574 0 0 
0 0 520 0 0 
0 16 374 0 0 
0 0 532 0 0 
0 0 749 0 0 
0 0 507 6 0 
0 1 458 0 0 
0 0 440 0 0 
0 0 472 0 0 
0 0 334 0 0 
0 0 521 0 0 
0 0 649 0 0 
0 0 463 0 0 
0 0 554 0 0 
0 0 617 0 0 
0 0 486 0 0 
0 0 592 0 0 
0 0 560 0 0 
0 0 607 0 0 
0 0 358 0 0 
0 0 396 0 0 
0 0 486 0 0 
0 0 672 1 0 
0 0 532 0 0 
0 0 485 0 0 
0 0 535 0 0 
0 0 544 0 0 
0 0 507 0 0 
0 0 713 0 0 
0 0 490 6 0 
0 0 475 0 0 
0 0 545 0 0 
0 0 522 4 0 
0 0 571 0 0 
0 0 563 0 0 
0 0 442 0 0 
0 2 455 0 0 
0 0 547 0 0 
0 1 277 0 0 
0 0 501 0 0 
0 0 502 0 0 
0 0 620 4 0 
0 0 484 0 0 
0 0 383 0 0 
0 0 429 0 0 
0 0 497 0 0 
0 0 530 0 0 
0 0 566 0 0 
0 3 504 0 0 
0 0 503 0 0 
0 0 452 11 0 
0 0 423 0 0 
0 0 461 0 0 
0 0 513 0 0 
0 0 537 4 0 
0 0 484 0 0 
0 0 561 0 0 
0 0 525 0 0 
0 0 522 0 0 
0 0 407 0 0 
0 0 539 0 0 
0 0 511 0 0 
0 0 545 0 0 
0 0 524 0 0 
0 0 521 0 0 
0 3 524 0 0 
0 0 744 0 0 
0 0 651 0 0 
0 0 511 0 0 
0 7 482 0 0 
0 6 445 0 0 
0 0 619 0 0 
0 0 439 0 0 
0 0 543 0 0 
0 0 583 0 0 
0 0 555 0 0 
0 2 459 0 0 
0 0 478 0 0 
0 0 527 0 0 
0 0 523 0 0 
0 0 401 0 0 
0 0 430 0 0 
0 20 450 0 0 
0 0 764 36 0 
0 0 570 0 0 
0 0 561 0 0 
0 0 440 14 0 
0 0 645 0 0 
0 0 561 2 0 
0 0 538 0 0 
0 0 446 0 0 
0 10 549 0 0 
0 0 543 0 0 
0 1 667 0 0 
0 0 409 0 0 
0 0 422 1 0 
0 0 528 0 0 
0 0 527 0 0 
0 0 558 0 0 
0 0 589 0 0 
0 0 508 0 0 
0 0 531 0 0 
0 27 687 0 0 
0 0 476 0 0 
0 0 529 2 0 
0 0 497 0 0 
0 0 425 0 0 
0 0 530 0 0 
0 0 677 0 0 
0 0 499 0 0 
0 0 493 0 0 
0 0 556 0 0 
0 0 469 0 0 
0 0 519 0 0 
0 27 475 0 0 
0 0 521 0 0 
0 0 507 0 0 
0 0 486 0 0 
0 0 429 0 0 
0 0 495 0 0 
0 0 487 0 0 
0 0 555 0 0 
0 0 591 0 0 
0 0 470 55 0 
0 0 425 0 0 
0 15 431 62 0 
0 0 541 1 0 
0 13 386 0 0 
0 17 481 0 0 
0 7 563 0 0 
0 0 430 0 0 
0 0 526 0 0 
0 0 566 0 0 
0 0 570 0 0 
0 0 730 0 0 
0 0 397 0 0 
0 0 652 0 0 
0 0 419 0 0 
0 0 527 0 0 
0 0 614 0 0 
0 0 608 0 0 
0 0 426 0 0 
0 0 505 0 0 
0 0 464 0 0 
0 0 603 0 0 
0 0 478 0 0 
0 0 568 0 0 
0 0 371 0 0 
0 0 604 0 0 
0 0 513 0 0 
0 17 304 0 0 
0 0 610 14 0 
0 0 509 0 0 
0 0 595 13 0 
0 0 564 0 0 
0 5 457 0 0 
0 1 479 0 0 
0 0 538 0 0 
0 0 593 0 0 
0 0 601 0 0 
0 0 491 0 0 
0 0 502 0 0 
0 12 522 0 0 
0 0 470 0 0 
0 0 516 0 0 
0 0 498 0 0 
0 0 486 0 0 
0 0 460 0 0 
0 12 477 0 0 
0 0 601 9 0 
0 0 580 0 0 
0 0 501 0 0 
0 5 377 0 0 
0 77 536 0 0 
0 1 440 0 0 
0 0 454 0 0 
0 0 469 0 0 
0 0 426 0 0 
0 0 635 0 0 
0 0 438 0 0 
0 0 508 0 0 
0 0 455 0 0 
0 0 444 0 0 
0 2 575 0 0 
0 0 631 0 0 
0 0 599 17 0 
0 0 450 0 0 
0 0 606 0 0 
0 0 593 14 0 
0 0 579 0 0 
0 0 491 0 0 
0 0 586 0 0 
0 0 503 36 0 
0 0 483 0 0 
0 0 436 0 0 
0 0 622 0 0 
0 0 460 7 0 
0 0 572 0 0 
0 0 499 0 0 
0 0 448 0 0 
0 1 408 0 0 
0 0 529 0 0 
0 2 436 0 0 
0 0 594 0 0 
0 0 531 0 0 
0 0 487 0 0 
0 0 483 0 0 
0 0 531 0 0 
0 0 492 11 0 
0 3 570 0 0 
0 0 581 0 0 
0 0 635 0 0 
0 0 466 0 0 
0 0 526 0 0 
0 0 600 0 0 
0 0 459 0 0 
0 0 473 0 0 
0 0 536 0 0 
0 0 542 18 0 
0 0 513 7 0 
0 0 501 0 0 
0 0 446 0 0 
0 0 701 20 0 
0 0 516 0 0 
0 0 382 0 0 
0 0 538 0 0 
0 0 482 0 0 
0 0 295 0 0 
0 0 563 1 0 
0 0 401 0 0 
0 0 598 8 0 
0 0 486 0 0 
0 0 515 0 0 
0 0 543 0 0 
0 4 649 0 0 
0 7 462 0 0 
0 0 482 20 0 
0 0 495 0 0 
0 0 437 0 0 
0 24 466 0 0 
0 0 458 8 0 
0 2 404 0 0 
0 0 593 0 0 
0 0 526 0 0 
0 0 465 0 0 
0 0 573 9 0 
0 0 546 3 0 
0 0 532 0 0 
0 0 479 0 0 
0 0 525 0 0 
0 0 423 0 0 
0 0 629 0 0 
0 0 440 1 0 
0 0 421 0 0 
0 0 713 0 0 
0 0 430 0 0 
0 0 697 0 0 
0 0 593 0 0 
0 0 502 0 0 
0 0 457 0 0 
0 0 549 0 0 
0 0 529 0 0 
0 0 410 73 0 
0 0 496 0 0 
0 0 522 0 0 
0 0 581 0 0 
0 0 521 0 0 
0 0 604 10 0 
0 0 534 0 0 
0 0 674 0 0 
0 0 580 0 0 
0 0 396 0 0 
0 0 415 5 0 
0 0 515 0 0 
0 0 557 0 0 
0 0 578 0 0 
0 0 539 0 0 
0 0 551 0 0 
0 0 561 0 0 
0 0 532 0 0 
0 0 444 0 0 
0 0 477 3 0 
0 0 469 0 0 
0 0 635 23 0 
0 0 479 3 0 
0 0 531 0 0 
0 16 474 0 0 
0 0 657 0 0 
0 0 457 0 0 
0 0 428 29 0 
0 0 539 0 0 
0 0 611 0 0 
0 0 500 0 0 
0 0 540 0 0 
0 0 500 0 0 
0 0 455 0 0 
0 0 512 0 0 
0 0 518 4 0 
0 0 753 0 0 
0 0 648 0 0 
0 0 461 0 0 
0 0 499 0 0 
0 0 638 0 0 
0 0 403 0 0 
0 0 584 0 0 
0 0 758 0 0 
0 0 534 48 0 
0 0 654 0 0 
0 0 673 0 0 
0 0 546 0 0 
0 0 470 0 0 
0 0 574 0 0 
0 60 451 0 0 
0 0 536 0 0 
0 0 468 0 0 
0 0 528 0 0 
0 0 392 0 0 
0 0 490 0 0 
0 0 490 0 0 
0 0 526 0 0 
0 0 480 0 0 
0 0 475 0 0 
0 0 451 0 0 
0 2 326 0 0 
0 0 447 0 0 
0 0 436 0 0 
0 0 515 4 0 
0 0 516 10 0 
0 2 518 0 0 
0 16 519 0 0 
0 0 477 0 0 
0 0 537 0 0 
0 0 607 2 0 
0 0 439 0 0 
0 0 537 0 0 
0 0 555 0 0 
0 0 580 0 0 
0 0 643 0 0 
0 0 525 0 0 
0 0 469 0 0 
0 1 542 10 0 
0 0 587 0 0 
0 0 488 0 0 
0 0 488 0 0 
0 0 556 0 0 
0 0 538 0 0 
0 0 586 1 0 
0 0 483 0 0 
0 0 491 0 0 
0 0 435 4 0 
0 0 501 0 0 
0 0 718 0 0 
0 0 710 0 0 
0 0 473 0 0 
0 0 456 0 0 
0 0 490 0 0 
0 0 603 0 0 
0 0 505 0 0 
0 0 517 0 0 
0 0 575 6 0 
0 0 508 0 0 
0 0 417 0 0 
0 0 369 0 0 
0 17 534 0 0 
0 0 480 0 0 
0 0 382 0 0 
0 20 455 0 0 
0 0 504 0 0 
0 0 521 0 0 
0 0 411 0 0 
0 0 519 0 0 
0 0 519 0 0 
0 0 461 14 0 
0 0 470 0 0 
0 0 575 6 0 
0 0 550 0 0 
0 0 561 0 0 
0 0 441 0 0 
0 0 738 0 0 
0 0 555 0 0 
0 0 475 9 0 
0 0 534 0 0 
0 0 551 0 0 
0 0 441 0 0 
0 0 722 0 0 
0 0 480 16 0 
0 0 798 0 0 
0 0 704 0 0 
0 0 464 0 0 
0 10 418 0 0 
0 0 511 0 0 
0 0 555 0 0 
0 2 616 0 0 
0 0 444 1 0 
0 0 557 0 0 
0 0 428 11 0 
0 36 624 0 0 
0 0 508 7 0 
0 30 424 0 0 
0 0 606 0 0 
0 0 541 0 0 
0 0 615 4 0 
0 0 606 0 0 
0 11 474 0 0 
0 10 489 0 0 
0 0 408 71 0 
0 0 492 0 0 
0 0 520 0 0 
0 0 375 0 0 
0 0 556 0 0 
0 0 465 0 0 
0 0 584 0 0 
0 0 600 0 0 
0 0 493 0 0 
0 0 545 0 0 
0 0 446 1 0 
0 0 535 0 0 
0 0 541 0 0 
0 0 409 0 0 
0 0 469 0 0 
0 0 598 0 0 
0 0 529 0 0 
0 0 407 0 0 
0 0 544 0 0 
0 0 586 0 0 
0 0 540 0 0 
0 0 578 0 0 
0 0 513 0 0 
0 0 691 0 0 
0 0 520 0 0 
0 0 789 0 0 
0 0 581 0 0 
0 0 408 0 0 
0 0 420 0 0 
0 0 420 0 0 
0 0 556 0 0 
0 0 505 0 0 
0 0 558 0 0 
0 0 523 0 0 
1 0 521 0 0 
0 0 561 0 0 
0 0 457 0 0 
0 0 461 0 0 
0 43 468 0 0 
0 0 276 93 0 
0 0 529 0 0 
0 22 523 0 0 
0 0 467 2 0 
0 0 482 0 0 
0 0 699 0 0 
0 0 485 0 0 
0 3 484 0 0 
0 0 531 0 0 
0 0 537 0 0 
0 0 575 0 0 
0 0 573 0 0 
0 0 579 0 0 
0 0 623 0 0 
0 0 543 0 0 
0 0 669 0 0 
0 0 505 0 0 
0 0 554 0 0 
0 0 662 0 0 
0 0 495 0 0 
0 0 446 0 0 
0 0 646 0 0 
0 0 558 0 0 
0 0 503 0 0 
0 0 497 0 0 
0 0 506 0 0 
0 0 569 0 0 
0 0 546 0 0 
0 0 475 0 0 
0 0 618 0 0 
0 0 496 0 0 
0 0 648 0 0 
0 9 640 0 0 
0 0 483 0 0 
0 0 404 0 0 
0 0 555 0 0 
0 0 460 4 0 
0 0 584 0 0 
0 0 485 0 0 
0 0 356 0 0 
0 0 512 0 0 
0 0 575 0 0 
0 0 630 0 0 
0 0 517 0 0 
0 2 435 0 0 
0 0 488 0 0 
0 8 435 0 0 
0 10 457 0 0 
0 0 464 0 0 
0 1 511 17 0 
0 0 465 83 0 
0 0 339 0 0 
0 0 448 0 0 
0 0 519 0 0 
0 0 493 0 0 
0 0 440 0 0 
0 10 474 0 0 
0 0 556 0 0 
0 0 463 0 0 
0 0 508 0 0 
0 0 601 0 0 
0 0 398 0 0 
0 0 655 0 0 
0 20 528 0 0 
0 3 393 0 0 
0 0 582 0 0 
0 0 526 0 0 
0 0 566 0 0 
0 0 455 12 0 
0 0 575 0 0 
0 0 494 0 0 
0 0 653 0 0 
0 0 413 0 0 
0 0 554 0 0 
0 0 434 0 0 
0 0 613 0 0 
0 1 432 32 0 
0 0 590 0 0 
0 0 534 0 0 
0 0 488 0 0 
0 0 551 0 0 
0 3 364 0 0 
0 0 569 0 0 
0 0 520 0 0 
0 3 567 0 0 
0 0 700 0 0 
0 0 513 0 0 
0 0 474 0 0 
0 0 492 0 0 
0 0 514 0 0 
0 0 612 0 0 
0 0 643 0 0 
0 9 495 0 0 
0 0 477 0 0 
0 0 450 0 0 
0 3 441 0 0 
0 0 504 88 0 
0 3 646 0 0 
0 0 446 0 0 
0 0 597 0 0 
0 0 491 29 0 
0 0 427 0 0 
0 0 579 0 0 
0 0 496 0 0 
0 0 555 0 0 
0 0 584 0 0 
0 0 444 0 0 
0 0 579 0 0 
0 8 499 0 0 
0 0 504 0 0 
0 1 483 0 0 
0 0 553 0 0 
0 0 564 0 0 
0 9 315 0 0 
0 0 394 0 0 
0 0 500 0 0 
0 3 421 0 0 
0 0 529 0 0 
0 0 512 0 0 
0 0 541 0 0 
0 0 412 0 0 
0 12 513 0 0 
0 0 520 0 0 
0 0 597 0 0 
0 0 508 0 0 
0 0 492 0 0 
0 0 499 0 0 
0 0 560 0 0 
0 0 532 4 0 
0 0 589 0 0 
0 0 487 0 0 
0 0 459 0 0 
0 0 466 12 0 
0 0 542 0 0 
0 0 466 0 0 
0 0 582 18 0 
0 0 497 0 0 
0 0 459 0 0 
0 0 486 0 0 
0 25 426 0 0 
0 0 451 1 0 
0 0 459 0 0 
0 0 579 0 0 
0 0 468 0 0 
0 0 529 0 0 
0 0 608 0 0 
0 0 438 0 0 
0 0 542 8 0 
0 0 485 0 0 
0 0 469 0 0 
0 0 488 0 0 
0 0 478 16 0 
0 1 469 0 0 
0 0 558 6 0 
0 0 573 0 0 
0 0 458 0 0 
0 23 544 0 0 
0 0 538 0 0 
0 0 610 0 0 
0 0 609 0 0 
0 0 422 0 0 
0 0 375 3 0 
0 2 567 0 0 
0 8 557 4 0 
0 0 493 0 0 
0 0 628 0 0 
0 16 431 0 0 
0 0 540 0 0 
0 0 542 0 0 
0 0 628 0 0 
0 21 559 0 0 
0 0 573 0 0 
0 0 530 0 0 
0 0 541 0 0 
0 0 497 0 0 
0 0 489 0 0 
0 0 442 0 0 
0 0 508 0 0 
0 0 556 0 0 
0 10 636 0 0 
0 2 512 0 0 
0 0 570 0 0 
0 0 529 0 0 
0 44 339 23 0 
0 0 466 0 0 
0 0 354 20 0 
0 0 514 0 0 
0 11 422 0 0 
0 28 434 0 0 
0 0 520 2 0 
0 0 568 0 0 
0 0 535 3 0 
0 0 514 3 0 
0 0 525 0 0 
0 0 568 0 0 
0 0 504 1 0 
0 30 349 0 0 
0 0 488 0 0 
0 0 566 8 0 
0 0 468 0 0 
0 2 379 0 0 
0 0 497 0 0 
0 0 440 0 0 
0 0 517 0 0 
0 0 515 0 0 
0 0 554 0 0 
0 0 582 0 0 
0 0 402 0 0 
0 15 500 0 0 
0 0 707 0 0 
0 0 534 0 0 
0 0 457 0 0 
0 0 474 0 0 
0 23 469 0 0 
0 0 665 0 0 
0 0 548 0 0 
0 0 557 0 0 
0 0 461 0 0 
0 12 504 0 0 
0 0 487 0 0 
0 0 577 0 0 
0 0 482 0 0 
0 0 484 0 0 
0 0 460 0 0 
0 0 581 0 0 
0 0 575 0 0 
0 0 385 0 0 
0 0 460 0 0 
0 0 531 0 0 
0 0 522 0 0 
0 6 436 0 0 
0 0 587 0 0 
0 0 573 0 0 
0 0 555 0 0 
0 2 361 0 0 
0 0 613 0 0 
0 0 498 0 0 
0 0 568 0 0 
0 0 495 0 0 
0 0 555 8 0 
0 0 364 0 0 
0 0 489 2 0 
0 0 496 0 0 
0 0 458 17 0 
0 0 548 0 0 
0 0 554 0 0 
0 0 465 0 0 
0 0 456 0 0 
0 0 682 17 0 
0 0 631 17 0 
0 0 493 0 0 
0 0 540 0 0 
0 0 411 0 0 
0 0 571 0 0 
0 0 461 0 0 
0 0 616 0 0 
0 8 567 0 0 
0 0 617 0 0 
0 4 512 0 0 
0 5 537 2 0 
0 0 560 0 0 
0 0 509 0 0 
0 0 512 0 0 
0 0 456 0 0 
1 0 493 0 0 
0 0 566 0 0 
0 0 588 0 0 
0 0 536 0 0 
0 0 594 0 0 
0 0 577 0 0 
0 0 431 68 0 
0 0 797 0 0 
0 0 542 11 0 
0 0 549 0 0 
0 0 523 9 0 
0 16 456 0 0 
0 0 518 0 0 
0 4 513 0 0 
0 0 515 0 0 
0 0 561 0 0 
0 38 357 0 0 
0 0 534 0 0 
0 0 499 0 0 
0 0 439 0 0 
0 2 399 16 0 
0 0 527 0 0 
0 118 534 0 0 
0 0 478 0 0 
0 0 450 26 0 
0 0 540 58 0 
0 0 543 0 0 
0 0 662 0 0 
0 0 551 0 0 
0 0 472 0 0 
0 0 589 0 0 
0 0 511 0 0 
0 0 532 0 0 
0 0 481 0 0 
1 0 525 0 0 
0 0 445 1 0 
0 0 541 0 0 
0 0 611 0 0 
0 6 481 16 0 
0 0 414 0 0 
0 0 476 0 0 
0 0 545 17 0 
0 0 533 20 0 
0 0 501 0 0 
0 0 463 0 0 
0 0 540 0 0 
0 22 349 0 0 
0 0 456 0 0 
0 0 827 0 0 
0 0 378 16 0 
0 0 376 0 0 
0 0 629 7 0 
0 0 514 0 0 
0 0 566 0 0 
0 0 417 1 0 
0 0 382 0 0 
0 0 619 0 0 
0 0 558 0 0 
0 0 516 0 0 
0 0 560 0 0 
0 0 396 0 0 
0 0 336 0 0 
0 0 529 0 0 
0 0 620 0 0 
0 0 516 0 0 
0 0 581 0 0 
0 1 495 0 0 
0 4 388 0 0 
0 0 454 0 0 
0 4 475 0 0 
0 1 477 0 0 
0 0 499 0 0 
0 0 428 0 0 
0 0 501 0 0 
0 0 495 0 0 
0 0 681 0 0 
0 0 452 33 0 
0 0 524 0 0 
0 0 653 0 0 
0 0 533 0 0 
0 0 519 0 0 
0 0 600 0 0 
0 33 472 1 0 
0 0 512 0 0 
0 0 490 0 0 
0 0 451 0 0 
0 2 442 0 0 
0 0 472 1 0 
0 0 562 0 0 
0 0 444 0 0 
0 0 369 14 0 
0 0 493 0 0 
0 0 532 0 0 
0 0 526 0 0 
0 0 489 0 0 
0 0 484 0 0 
0 0 527 0 0 
0 0 625 0 0 
0 0 453 0 0 
0 0 623 0 0 
0 0 408 20 0 
0 0 596 0 0 
0 0 527 0 0 
0 0 642 0 0 
0 0 671 0 0 
0 0 420 0 0 
0 0 508 31 0 
0 0 510 0 0 
0 0 522 0 0 
0 0 454 32 0 
0 0 385 0 0 
0 0 416 0 0 
0 13 454 0 0 
0 0 500 0 0 
0 0 516 0 0 
0 0 522 0 0 
0 0 541 0 0 
0 2 479 30 0 
0 0 611 0 0 
