1 37 273 202 0 
1 30 218 118 0 
17 34 100 58 0 
3 29 106 130 0 
14 33 363 64 0 
1 90 195 129 0 
11 124 158 118 0 
11 37 146 48 3 
4 144 51 57 0 
3 62 154 177 0 
3 93 190 36 23 
1 89 87 47 0 
8 18 200 35 0 
28 14 167 119 1 
2 86 257 16 34 
43 65 174 19 0 
14 51 189 46 0 
10 63 148 56 9 
8 69 172 64 0 
28 48 172 15 8 
0 39 101 24 0 
6 93 46 64 0 
1 19 300 46 0 
2 18 98 73 0 
5 151 112 28 0 
5 113 170 38 0 
30 105 93 39 0 
0 40 125 59 0 
1 87 84 107 8 
17 59 133 72 0 
8 20 219 174 0 
8 71 203 27 0 
19 25 299 78 13 
5 19 125 89 1 
19 77 152 107 2 
6 51 214 99 13 
17 135 267 30 0 
0 83 150 64 0 
2 31 247 102 7 
9 67 142 186 0 
1 4 171 135 0 
10 75 76 55 0 
1 12 58 105 4 
3 111 41 66 0 
3 154 174 45 0 
0 71 198 60 0 
0 32 91 80 0 
21 163 199 13 8 
15 138 108 30 6 
0 8 118 88 1 
0 26 230 101 1 
0 81 246 124 0 
25 63 36 43 0 
2 42 145 60 0 
4 33 127 25 15 
1 30 314 144 9 
14 37 125 128 0 
5 26 234 57 0 
4 83 60 94 0 
9 48 146 71 0 
54 57 121 46 0 
3 111 115 53 0 
13 74 166 136 0 
1 44 206 111 0 
10 4 167 12 41 
17 180 133 51 0 
3 33 287 71 0 
32 57 126 105 14 
1 18 146 58 13 
2 54 161 16 1 
2 126 99 98 0 
1 68 182 106 11 
13 21 89 58 0 
5 78 201 99 0 
13 113 194 43 0 
2 21 116 32 0 
10 59 183 133 8 
20 47 98 22 1 
0 139 112 110 6 
32 39 264 138 0 
11 49 189 160 0 
7 152 132 39 0 
1 72 265 125 0 
6 62 144 17 0 
14 116 58 60 0 
1 37 270 118 36 
4 40 182 83 0 
5 15 306 172 9 
6 98 122 78 0 
9 57 133 31 1 
15 60 129 54 0 
21 150 41 99 0 
1 97 272 18 0 
0 147 110 125 0 
3 49 46 50 0 
9 38 142 38 5 
1 53 122 31 0 
16 29 119 40 1 
3 58 354 11 23 
5 56 277 29 0 
24 69 222 33 0 
25 15 169 63 0 
26 46 202 48 0 
12 15 87 236 0 
4 84 235 115 22 
48 34 103 54 0 
11 39 195 68 0 
4 113 65 26 15 
0 153 174 149 9 
16 169 145 11 16 
14 61 147 19 7 
42 35 200 68 0 
20 24 87 3 2 
1 20 59 157 0 
0 106 232 70 0 
26 195 145 49 0 
19 46 56 135 0 
6 50 237 26 0 
13 155 85 33 0 
27 83 138 70 0 
8 64 81 199 0 
1 71 100 104 0 
22 63 166 22 0 
4 46 200 124 0 
9 55 200 126 0 
17 63 176 129 0 
5 57 115 55 0 
3 106 129 76 0 
5 82 108 245 0 
4 86 186 101 0 
0 73 143 209 0 
66 85 232 16 0 
7 80 177 24 0 
3 47 141 76 1 
16 29 361 60 0 
1 27 299 12 0 
5 59 121 15 3 
2 42 259 67 0 
6 22 193 33 0 
0 89 144 109 2 
4 109 93 72 5 
1 37 312 113 2 
23 82 80 150 0 
2 77 188 10 0 
20 34 224 66 1 
3 79 115 66 0 
1 119 282 114 3 
0 72 194 45 147 
19 141 360 36 4 
2 11 164 50 0 
13 81 223 63 2 
7 51 245 118 9 
1 32 97 90 0 
0 106 173 66 0 
15 32 216 199 1 
6 29 163 75 0 
8 14 201 125 10 
8 111 186 84 0 
9 79 143 6 2 
3 37 96 57 0 
25 78 323 104 1 
9 118 189 7 0 
10 7 176 86 6 
5 97 145 110 0 
1 43 149 125 0 
6 33 216 31 1 
9 48 133 92 0 
9 36 187 71 0 
3 82 212 70 0 
5 36 144 49 0 
50 44 109 95 0 
3 13 194 175 1 
31 184 140 43 0 
2 62 159 49 0 
6 101 191 43 0 
10 41 173 12 7 
23 87 235 101 0 
0 100 231 35 1 
5 37 98 68 0 
8 34 152 58 0 
1 66 198 83 0 
7 85 160 57 2 
0 98 82 108 3 
19 15 207 20 0 
6 52 189 10 0 
17 35 165 51 0 
5 11 125 80 0 
4 107 214 88 2 
0 111 151 121 5 
2 20 269 59 0 
5 118 88 71 0 
5 7 108 103 12 
0 93 164 51 3 
3 16 192 53 0 
15 122 132 128 0 
20 15 63 221 5 
12 137 197 58 0 
29 36 150 197 0 
21 163 264 103 1 
1 111 204 100 16 
36 109 244 22 1 
14 87 150 81 15 
1 34 271 34 4 
0 82 183 112 0 
11 136 67 90 4 
12 52 141 9 0 
8 28 179 248 1 
17 7 61 107 7 
8 63 97 146 0 
10 63 105 4 0 
0 63 223 20 1 
10 29 139 33 0 
4 182 76 42 1 
3 27 102 110 1 
4 143 163 140 0 
0 107 157 75 0 
3 47 80 100 0 
0 134 207 75 0 
17 24 126 98 0 
6 93 181 43 0 
2 20 213 85 3 
10 76 112 28 0 
2 138 120 78 0 
22 77 246 20 0 
11 31 148 62 1 
2 31 188 261 0 
4 119 139 69 0 
2 73 119 125 0 
11 52 316 11 0 
6 80 110 46 0 
8 70 63 69 0 
16 65 244 59 2 
25 43 165 102 0 
7 88 160 76 0 
0 61 104 39 3 
3 26 277 85 12 
2 89 66 25 1 
37 98 168 3 0 
1 28 245 14 0 
9 67 221 20 0 
3 96 117 9 0 
7 259 117 26 0 
7 96 150 46 5 
4 153 268 84 0 
15 170 118 114 16 
0 46 109 58 11 
3 131 120 150 0 
50 59 258 36 1 
51 3 190 26 0 
0 70 225 103 0 
7 102 186 132 0 
10 24 255 61 0 
5 36 324 133 7 
11 32 203 46 0 
3 27 122 14 0 
4 111 184 46 0 
1 64 76 94 51 
31 80 203 56 0 
3 35 201 33 0 
5 26 257 64 0 
10 134 144 60 8 
34 51 220 100 0 
13 2 227 84 3 
4 70 111 67 18 
2 123 251 19 14 
18 202 114 103 35 
0 10 134 46 0 
26 120 131 23 1 
31 21 133 122 3 
5 4 116 48 0 
21 78 119 25 1 
7 103 243 44 19 
0 49 178 16 0 
8 72 173 46 0 
7 94 104 41 0 
35 77 181 28 0 
2 81 227 80 0 
5 69 264 82 0 
7 121 141 95 0 
21 52 158 42 0 
6 13 106 104 0 
0 61 307 168 0 
10 100 209 104 0 
0 17 29 149 0 
14 144 240 36 8 
14 56 90 70 98 
1 108 123 21 1 
8 39 239 99 0 
40 193 255 42 0 
30 164 183 125 0 
26 81 142 93 0 
0 66 186 19 2 
2 47 143 111 0 
10 8 255 92 0 
5 59 256 94 0 
14 12 217 165 0 
12 56 167 158 4 
0 58 152 75 28 
4 83 160 16 0 
8 65 123 58 1 
7 57 285 78 0 
5 12 140 46 1 
3 58 208 50 0 
5 39 158 23 29 
29 49 111 78 0 
5 89 125 57 0 
25 75 146 81 0 
0 26 142 55 0 
0 71 167 72 0 
16 109 176 1 0 
16 82 153 30 0 
11 64 235 142 1 
0 217 230 154 0 
0 102 104 101 0 
15 187 102 21 0 
13 49 180 26 0 
0 25 104 24 0 
8 60 159 90 10 
4 32 69 83 3 
27 81 302 26 0 
11 72 166 33 0 
18 32 173 58 0 
0 106 112 60 0 
3 40 348 5 1 
17 54 213 67 0 
0 64 140 97 0 
4 86 212 67 0 
7 30 129 51 37 
9 28 279 119 0 
10 39 117 149 0 
6 68 202 1 0 
4 119 368 83 0 
3 32 281 132 0 
1 38 293 37 1 
2 63 116 106 63 
15 43 86 143 0 
4 20 308 46 0 
3 40 176 96 0 
4 106 119 12 0 
24 140 114 89 1 
16 125 141 83 2 
2 87 87 105 2 
6 66 187 122 0 
10 90 132 27 0 
2 85 191 94 0 
11 86 105 15 0 
8 56 210 72 0 
9 61 81 118 13 
10 47 151 138 0 
25 48 284 66 7 
2 75 100 105 0 
10 69 212 84 0 
1 25 180 74 0 
0 20 198 30 2 
2 52 129 52 0 
60 53 152 121 0 
26 135 116 75 0 
17 55 111 49 0 
9 68 162 29 0 
36 123 160 51 0 
17 170 306 45 0 
3 57 213 67 6 
5 85 313 72 1 
114 152 157 49 0 
10 24 259 245 12 
16 99 111 109 39 
18 75 105 142 0 
45 100 99 42 0 
4 139 185 15 0 
50 186 86 77 0 
4 30 192 123 1 
3 94 534 62 0 
11 49 135 89 12 
0 125 55 135 0 
24 61 81 42 0 
9 42 265 85 3 
0 80 96 55 0 
3 39 229 44 0 
0 107 245 16 0 
17 19 130 21 14 
4 90 184 125 0 
64 117 234 4 0 
1 60 244 120 0 
0 35 102 82 0 
9 168 75 35 0 
7 118 139 137 0 
3 36 167 35 12 
6 231 158 35 0 
11 59 206 177 0 
13 51 193 54 1 
5 256 51 45 0 
8 58 197 43 0 
13 20 95 99 0 
5 30 117 32 0 
0 84 207 27 0 
9 124 144 37 0 
9 117 283 74 0 
12 48 202 49 0 
2 60 278 99 0 
2 21 112 33 0 
2 39 193 54 0 
26 71 218 16 0 
5 118 91 142 0 
0 125 166 149 0 
1 13 302 41 0 
0 112 120 39 0 
1 156 253 74 0 
2 182 211 30 0 
0 29 244 119 1 
14 41 140 32 0 
4 87 216 35 0 
23 91 228 59 0 
0 69 259 15 1 
1 146 203 46 1 
22 54 251 85 0 
2 181 141 79 0 
6 6 203 42 0 
23 24 96 96 82 
17 76 139 66 0 
0 76 167 25 7 
3 54 303 136 0 
1 119 212 6 0 
6 48 122 193 0 
4 64 170 176 0 
0 199 151 142 2 
10 32 212 48 0 
6 49 130 88 0 
2 88 334 40 0 
15 63 67 76 1 
9 56 113 74 0 
14 104 62 5 0 
16 16 119 89 36 
18 85 361 34 11 
1 138 238 45 0 
3 171 152 14 1 
1 164 219 51 0 
0 19 97 155 0 
1 9 304 50 0 
2 158 183 35 0 
1 76 205 25 2 
19 42 114 43 0 
2 64 140 19 0 
0 126 113 58 22 
1 67 142 44 0 
5 58 153 104 5 
7 75 106 36 9 
1 168 61 37 0 
10 55 115 87 3 
4 126 232 130 10 
3 54 211 97 4 
28 88 92 67 0 
11 29 195 167 0 
22 153 108 53 0 
0 68 92 33 1 
0 39 159 90 0 
0 100 172 43 0 
4 60 209 32 0 
16 53 61 151 32 
3 80 127 61 1 
4 71 300 5 0 
0 34 108 124 0 
34 76 129 73 0 
19 47 108 72 0 
13 29 297 107 0 
7 59 105 99 0 
61 30 297 179 0 
0 51 150 77 0 
6 19 76 82 0 
18 56 147 81 0 
0 49 101 65 3 
3 32 152 68 0 
1 32 200 139 0 
10 131 199 59 0 
20 133 79 21 0 
39 114 111 35 0 
26 21 145 59 0 
2 55 160 104 0 
8 53 212 53 0 
29 18 209 111 0 
3 13 301 132 0 
20 90 216 93 0 
130 85 117 147 0 
14 24 165 110 0 
4 50 87 70 8 
1 130 174 94 0 
2 39 148 79 10 
5 39 166 104 0 
3 71 126 147 0 
27 50 137 27 0 
30 126 86 75 1 
2 12 65 77 0 
4 47 192 54 5 
4 16 144 55 5 
6 83 170 54 0 
0 82 68 135 62 
0 36 113 75 0 
0 34 142 38 0 
6 65 97 82 27 
1 52 233 76 29 
17 114 184 49 0 
9 72 183 59 1 
31 21 254 119 0 
0 49 207 57 0 
18 110 149 58 0 
13 33 242 172 26 
4 162 143 94 0 
2 75 192 162 9 
2 22 231 61 0 
7 29 132 149 0 
13 51 147 62 0 
25 33 349 29 1 
4 33 153 54 0 
4 29 277 74 5 
3 27 163 62 0 
25 22 99 46 1 
7 149 256 171 0 
1 20 243 52 0 
25 50 221 20 0 
0 48 225 24 0 
4 32 271 18 19 
0 45 200 71 10 
7 55 203 69 0 
7 29 85 53 0 
4 24 140 117 0 
21 164 101 46 0 
3 178 160 105 1 
15 98 177 29 1 
2 141 104 8 3 
1 78 229 63 0 
16 115 135 15 0 
1 50 162 99 4 
7 46 169 192 0 
0 8 189 57 0 
18 58 254 73 0 
2 34 148 90 13 
3 26 358 42 0 
21 24 116 83 0 
2 163 138 30 0 
3 102 183 212 24 
8 93 207 85 0 
41 61 184 98 0 
0 82 170 53 0 
5 103 141 31 0 
11 132 225 125 0 
26 49 36 90 6 
9 161 187 23 0 
42 53 71 24 0 
2 57 36 163 0 
0 125 85 109 0 
29 84 67 16 0 
0 51 151 130 0 
5 49 73 71 1 
6 73 77 24 0 
23 37 309 59 0 
3 50 121 113 6 
37 66 147 64 0 
1 86 84 53 0 
13 71 250 156 0 
3 80 221 24 1 
6 70 208 116 0 
9 109 126 28 7 
28 105 244 106 0 
5 37 123 46 0 
2 30 165 254 0 
8 54 96 162 0 
14 135 156 89 6 
1 29 353 53 0 
0 24 200 64 0 
8 57 130 27 13 
0 85 112 83 0 
2 34 167 143 0 
4 39 152 192 0 
6 69 143 171 0 
9 55 144 105 0 
36 116 256 62 0 
7 62 62 14 0 
17 45 119 55 0 
21 51 125 125 0 
4 75 119 112 0 
6 117 110 201 0 
4 79 140 116 0 
5 16 175 205 0 
7 127 122 77 0 
1 27 303 37 7 
2 72 184 14 0 
1 65 134 56 0 
10 32 183 11 1 
9 59 139 61 0 
11 153 182 110 5 
2 60 273 145 0 
12 116 78 151 1 
5 126 182 98 0 
1 71 131 44 0 
8 211 274 13 0 
1 23 126 40 1 
16 62 227 124 0 
60 174 44 12 0 
4 40 342 58 0 
2 51 167 137 0 
4 31 275 57 0 
5 145 190 88 0 
10 29 106 89 0 
5 104 159 59 37 
82 62 80 14 0 
10 47 141 32 0 
8 55 138 83 0 
0 118 111 62 0 
6 121 80 14 0 
2 140 73 34 17 
6 94 231 137 0 
14 53 161 74 0 
15 128 109 101 49 
12 40 125 76 0 
42 37 121 142 0 
1 68 140 91 0 
14 139 102 36 1 
9 124 76 16 0 
6 109 113 12 0 
5 68 78 77 0 
3 77 167 72 3 
19 27 264 153 3 
17 108 53 29 0 
6 18 175 53 0 
8 35 160 24 0 
7 21 223 99 0 
0 29 223 81 0 
1 134 184 121 0 
16 140 188 100 0 
4 139 110 65 0 
0 14 348 101 17 
4 39 291 88 7 
34 32 115 77 0 
4 72 251 32 1 
3 59 341 53 0 
54 120 41 24 0 
0 33 137 66 0 
12 100 294 16 1 
38 17 285 73 0 
2 75 284 108 0 
6 22 131 49 0 
15 27 179 14 0 
1 59 206 57 0 
23 131 92 65 0 
1 86 121 143 1 
7 12 232 28 0 
10 65 195 186 0 
4 28 170 12 0 
35 121 204 11 0 
2 35 224 100 0 
5 107 68 25 0 
6 13 250 144 0 
28 206 128 68 0 
1 30 259 15 0 
3 64 180 113 0 
2 30 147 108 0 
5 95 115 124 0 
10 104 132 50 7 
1 105 56 41 28 
2 49 179 99 2 
1 61 125 50 6 
23 35 172 27 14 
11 46 278 34 4 
31 123 142 57 15 
2 10 181 122 0 
1 112 75 11 1 
13 140 275 35 0 
7 47 139 69 0 
2 60 139 71 0 
6 20 211 38 0 
25 85 85 64 5 
8 57 123 34 0 
22 5 105 99 0 
20 135 69 108 70 
5 49 162 157 7 
24 73 129 30 0 
10 54 272 40 0 
0 24 208 49 0 
5 6 120 95 2 
3 27 177 109 2 
14 45 167 236 0 
12 54 136 162 0 
18 33 44 65 0 
4 85 274 158 0 
15 30 246 90 0 
6 92 85 54 0 
16 28 154 77 0 
0 149 125 85 0 
8 112 107 84 19 
17 12 264 23 0 
40 38 200 120 13 
18 41 314 30 0 
4 66 143 43 0 
3 68 109 14 0 
8 64 135 22 8 
6 50 256 26 1 
5 67 121 48 0 
11 146 102 119 0 
3 42 103 85 0 
26 132 249 50 0 
1 32 188 152 0 
2 38 280 104 0 
5 55 110 151 0 
22 81 144 64 0 
2 79 302 11 0 
10 104 85 103 0 
9 146 116 23 9 
5 87 185 56 15 
4 59 91 24 0 
16 30 84 18 0 
3 100 118 107 0 
1 69 130 115 11 
3 36 104 86 2 
26 34 154 183 0 
13 75 168 74 0 
11 46 276 78 0 
0 67 237 125 0 
34 23 150 91 0 
0 25 89 116 47 
1 62 139 75 0 
34 35 110 62 0 
3 43 103 88 0 
30 166 169 16 0 
11 30 121 123 0 
18 90 123 132 0 
9 74 194 54 0 
11 34 216 205 0 
11 184 110 50 0 
1 161 143 10 0 
0 84 126 116 0 
5 43 169 165 9 
10 53 204 2 0 
0 6 238 187 0 
10 24 166 56 0 
2 77 260 36 0 
9 114 194 137 0 
21 34 209 27 0 
30 51 162 143 0 
6 30 280 15 0 
2 92 176 95 0 
13 43 114 75 0 
2 77 146 40 0 
0 87 192 80 0 
5 92 138 34 18 
40 90 215 39 0 
18 31 241 104 0 
27 52 177 48 1 
21 21 148 30 0 
25 50 108 42 0 
5 124 127 62 0 
1 56 154 47 0 
0 120 76 41 0 
0 94 150 56 0 
19 92 104 70 0 
11 36 253 43 13 
5 46 107 29 0 
11 87 347 51 0 
12 24 260 21 0 
6 151 207 75 0 
3 105 278 11 2 
7 26 206 51 0 
8 47 148 17 0 
0 6 222 151 0 
18 212 103 112 0 
2 203 355 122 0 
3 208 164 118 0 
46 50 87 139 0 
0 156 125 153 29 
1 80 99 68 48 
13 87 106 67 6 
1 60 194 73 39 
0 105 147 145 0 
29 54 104 55 0 
2 79 214 119 26 
45 100 114 68 0 
0 49 171 9 1 
18 37 134 20 15 
12 57 153 16 5 
10 69 135 202 0 
5 266 136 19 0 
6 48 106 100 0 
5 69 109 51 0 
3 52 173 170 122 
11 62 180 11 56 
1 47 115 96 0 
9 20 240 113 4 
0 17 287 49 0 
1 62 119 147 5 
12 80 106 81 0 
5 31 342 31 0 
2 63 69 181 0 
10 3 141 133 1 
0 87 124 50 0 
4 46 173 69 0 
0 23 160 102 0 
9 40 150 129 0 
15 14 160 45 25 
15 18 129 159 46 
10 61 273 1 0 
7 70 82 58 7 
11 69 195 63 29 
0 75 90 109 1 
0 30 198 29 0 
0 21 93 8 1 
8 34 195 48 0 
2 86 188 51 0 
1 95 148 143 0 
2 38 279 36 0 
10 80 195 21 0 
10 28 171 90 0 
51 63 79 176 0 
20 153 135 19 0 
14 148 95 33 0 
6 165 236 21 0 
3 60 174 84 5 
6 46 160 154 0 
4 59 127 46 5 
7 67 297 46 0 
6 65 193 64 0 
0 40 180 54 0 
3 57 189 124 0 
5 40 130 75 0 
2 48 98 17 0 
9 40 291 44 11 
14 81 221 53 0 
22 76 159 68 0 
0 43 256 31 0 
0 48 117 82 0 
17 41 192 20 0 
2 80 158 28 0 
12 41 205 56 0 
6 29 342 105 0 
59 65 103 41 0 
18 84 232 38 1 
6 133 233 34 1 
7 98 105 130 0 
21 104 235 152 0 
3 95 91 98 0 
14 25 71 71 0 
15 44 214 51 2 
10 72 202 67 0 
28 63 85 72 0 
2 28 230 83 0 
2 62 293 36 0 
5 23 202 77 1 
4 103 166 90 0 
11 264 183 73 0 
5 63 81 77 0 
39 58 74 107 0 
4 149 208 2 0 
11 90 121 118 12 
16 72 234 38 8 
7 53 99 131 0 
4 60 243 81 0 
2 115 122 158 0 
14 102 145 59 0 
10 37 120 126 0 
4 86 199 97 8 
0 13 177 123 37 
16 12 97 128 0 
2 50 276 84 0 
12 125 167 43 9 
0 76 96 31 35 
11 46 182 46 9 
1 48 242 8 0 
4 36 177 124 0 
4 45 224 130 40 
2 39 142 49 18 
9 101 167 44 1 
30 127 117 156 0 
5 76 134 101 0 
3 108 73 13 0 
25 15 227 101 4 
9 58 113 98 6 
21 66 178 26 0 
14 68 95 146 0 
14 117 169 24 8 
3 117 300 102 0 
3 3 153 74 0 
5 71 200 71 0 
20 67 137 4 0 
8 57 89 232 2 
23 92 89 20 1 
6 65 140 58 1 
15 32 289 21 0 
0 53 154 37 0 
12 101 201 130 0 
2 93 193 71 0 
6 8 137 55 21 
6 55 265 99 0 
18 13 122 26 0 
12 58 124 79 0 
7 28 188 74 0 
10 88 240 20 0 
5 116 81 55 1 
5 62 206 23 0 
1 89 136 63 32 
3 31 237 116 6 
0 84 172 1 4 
11 57 160 97 0 
13 45 126 148 0 
0 17 206 116 0 
8 16 140 5 0 
1 67 153 93 0 
15 27 181 35 0 
11 158 156 13 0 
3 151 159 106 8 
1 48 108 131 5 
8 32 92 49 0 
8 64 134 50 0 
4 65 231 90 0 
1 108 125 50 0 
3 43 183 35 0 
6 102 227 29 0 
6 50 192 41 0 
0 33 146 82 0 
16 58 152 101 0 
1 44 333 89 0 
31 52 166 103 4 
0 34 192 66 0 
1 145 245 83 0 
6 151 114 83 0 
1 84 222 100 0 
0 143 92 71 10 
11 33 79 34 0 
23 59 173 77 0 
1 157 228 102 0 
20 81 146 4 0 
6 46 113 103 13 
11 87 135 30 17 
21 37 114 89 0 
14 91 244 57 0 
1 59 246 87 0 
47 70 106 7 0 
6 64 259 50 1 
0 178 269 45 0 
0 29 184 242 0 
0 80 116 114 0 
15 68 140 136 1 
13 134 134 142 0 
7 105 182 86 0 
6 88 129 5 10 
6 16 176 61 11 
4 49 171 171 9 
23 129 73 41 0 
29 21 161 115 2 
4 55 176 51 0 
6 72 102 162 0 
37 140 206 47 5 
28 78 159 164 0 
2 99 318 45 5 
14 97 314 27 17 
11 67 218 68 47 
16 38 120 101 6 
4 164 173 139 0 
13 45 127 118 1 
36 73 380 42 0 
3 55 147 67 0 
1 16 156 84 0 
0 70 234 135 0 
23 101 142 97 2 
7 45 176 166 0 
25 38 258 81 0 
18 63 310 178 0 
16 24 90 23 2 
12 85 159 37 11 
5 8 232 102 0 
15 116 133 83 0 
1 81 142 126 0 
5 57 247 38 18 
2 58 134 40 0 
12 61 120 42 0 
30 93 114 19 0 
10 126 118 64 0 
2 64 160 3 2 
14 159 164 60 0 
2 51 206 93 0 
6 83 162 15 0 
26 26 221 16 0 
1 79 150 99 0 
10 151 145 71 9 
18 29 187 79 17 
0 82 93 63 28 
6 192 211 76 0 
1 62 186 70 0 
8 46 269 157 1 
6 96 169 58 23 
2 34 164 42 0 
4 8 140 84 0 
15 118 92 65 38 
27 23 154 56 2 
17 59 226 90 0 
9 114 243 104 1 
6 62 235 98 0 
18 28 187 58 0 
6 165 148 31 0 
11 73 199 26 3 
13 20 215 9 0 
7 62 131 83 0 
2 46 126 56 0 
13 63 37 105 0 
