0 21 202 
0 1 129 
0 3 235 
0 6 214 
0 25 170 
0 30 202 
0 0 268 
0 6 151 
0 26 239 
0 18 145 
0 49 174 
0 23 154 
0 5 175 
0 11 320 
0 6 159 
0 14 184 
0 39 134 
0 32 239 
0 8 173 
0 28 145 
0 35 168 
0 9 266 
0 21 171 
0 45 168 
0 1 190 
0 18 157 
0 1 129 
0 14 277 
0 11 239 
0 6 158 
0 15 139 
0 37 140 
0 13 194 
0 22 168 
0 4 182 
0 5 168 
0 20 150 
0 26 188 
0 7 166 
0 0 260 
0 0 189 
0 8 202 
0 1 169 
0 11 156 
0 26 153 
0 23 254 
0 18 164 
0 11 166 
0 25 160 
0 10 179 
0 34 110 
0 1 189 
0 18 163 
0 13 228 
0 9 134 
0 27 168 
0 21 221 
0 23 184 
0 10 275 
0 43 136 
0 31 152 
0 22 121 
0 26 172 
0 28 99 
0 13 181 
0 26 208 
0 54 100 
0 5 185 
0 15 141 
0 16 278 
0 30 204 
0 10 149 
0 13 280 
0 9 242 
0 23 157 
0 5 222 
0 1 113 
0 6 131 
0 22 204 
0 50 235 
0 3 294 
0 1 186 
0 2 201 
0 14 166 
0 5 222 
0 15 208 
0 9 158 
0 3 172 
0 30 245 
0 17 189 
0 6 179 
0 25 159 
0 15 166 
0 21 285 
0 3 196 
0 25 205 
0 6 105 
0 12 166 
0 14 154 
0 10 293 
0 8 126 
0 11 191 
0 6 118 
0 21 194 
0 26 120 
0 3 139 
0 6 159 
0 12 129 
0 25 184 
0 25 150 
0 3 83 
0 19 165 
0 30 187 
0 7 175 
0 20 245 
0 44 228 
0 13 296 
0 23 160 
0 9 184 
0 25 98 
0 11 193 
0 3 155 
0 14 195 
0 11 133 
0 0 203 
0 9 120 
0 10 143 
0 3 144 
0 0 116 
0 11 195 
0 7 187 
0 4 261 
0 21 138 
0 9 142 
0 27 179 
0 12 154 
0 9 229 
0 21 160 
0 11 188 
0 8 151 
0 4 170 
0 16 89 
0 21 166 
0 12 132 
0 32 180 
0 8 235 
0 17 186 
0 7 159 
0 11 220 
0 5 127 
0 31 152 
0 26 112 
0 10 261 
0 2 177 
0 22 198 
0 20 194 
0 4 192 
0 10 252 
0 29 139 
0 7 257 
0 21 220 
0 15 258 
0 5 137 
0 12 186 
0 53 250 
0 27 150 
0 4 220 
0 10 168 
0 12 129 
0 15 200 
0 50 169 
0 14 192 
0 12 162 
0 16 132 
0 8 235 
0 17 243 
0 26 216 
0 40 178 
0 4 187 
0 2 169 
0 17 154 
0 23 133 
0 14 205 
0 9 176 
0 15 237 
0 20 231 
0 7 169 
0 7 202 
0 15 220 
0 8 208 
0 12 212 
0 7 172 
0 21 178 
0 26 161 
0 6 110 
0 18 99 
0 38 217 
0 16 182 
0 14 190 
0 9 106 
0 11 194 
0 17 183 
0 37 123 
0 23 203 
0 11 260 
0 14 190 
0 8 180 
0 35 163 
0 20 168 
0 19 185 
0 5 168 
0 24 146 
0 16 157 
0 24 116 
0 20 158 
0 12 173 
0 19 227 
0 5 138 
0 7 159 
0 26 173 
0 8 174 
0 4 182 
0 14 195 
0 35 149 
0 10 223 
0 11 151 
0 20 189 
0 5 195 
0 7 178 
0 8 207 
0 4 262 
0 15 138 
0 2 185 
0 31 234 
0 38 103 
0 5 189 
0 8 199 
0 12 227 
0 18 169 
0 0 195 
0 6 199 
0 3 214 
0 12 163 
0 11 228 
0 7 219 
0 33 171 
0 20 193 
0 8 222 
0 45 159 
0 18 170 
0 12 165 
0 22 160 
0 14 209 
0 8 256 
0 6 208 
0 23 175 
0 22 169 
0 7 116 
0 2 220 
0 28 324 
0 31 151 
0 17 235 
0 3 146 
0 0 238 
0 8 209 
0 14 301 
0 9 219 
0 28 186 
0 9 197 
0 23 186 
0 20 131 
0 17 116 
0 1 147 
0 32 205 
0 9 132 
0 24 161 
0 33 162 
0 32 189 
0 0 112 
0 51 176 
0 3 211 
0 27 185 
0 21 193 
0 16 166 
0 8 132 
0 8 184 
0 24 204 
0 36 225 
0 18 139 
0 32 183 
0 15 215 
0 16 148 
0 35 229 
0 23 174 
0 11 174 
0 18 153 
0 13 135 
0 2 204 
0 13 161 
0 47 165 
0 4 208 
0 17 170 
0 0 143 
0 3 218 
0 26 144 
0 27 161 
0 5 173 
0 11 275 
0 14 150 
0 8 155 
0 32 164 
0 6 168 
0 19 93 
0 14 129 
0 13 187 
0 13 234 
0 41 105 
0 22 162 
0 16 136 
0 33 185 
0 11 226 
0 47 134 
0 9 187 
0 12 178 
0 17 188 
0 25 161 
0 5 113 
0 0 206 
0 31 184 
0 10 216 
0 16 371 
0 4 157 
0 41 157 
0 20 160 
0 37 235 
0 28 131 
0 11 264 
0 20 207 
0 21 120 
0 3 106 
0 8 202 
0 3 159 
0 4 158 
0 8 230 
0 4 154 
0 24 215 
0 24 99 
0 12 176 
0 9 189 
0 10 265 
0 22 207 
0 29 240 
0 33 172 
0 12 184 
0 8 234 
0 36 176 
0 29 199 
0 9 146 
0 11 266 
0 1 243 
0 0 172 
0 20 200 
0 13 253 
0 28 176 
0 14 144 
0 20 224 
0 35 105 
0 0 244 
0 10 166 
0 9 187 
0 8 191 
0 9 165 
0 15 201 
0 14 146 
0 16 171 
0 13 166 
0 19 178 
0 5 171 
0 21 125 
0 6 211 
0 3 291 
0 14 114 
0 11 180 
0 18 117 
0 13 142 
0 6 235 
0 9 241 
0 13 197 
0 10 188 
0 19 200 
0 42 94 
0 18 97 
0 18 142 
0 6 131 
0 24 172 
0 12 230 
0 7 147 
0 26 212 
0 8 208 
0 40 119 
0 11 209 
0 16 260 
0 0 133 
0 4 150 
0 18 238 
0 20 184 
0 21 174 
0 18 136 
0 21 166 
0 3 223 
0 29 219 
0 21 150 
0 10 162 
0 32 194 
0 30 171 
0 15 187 
0 13 176 
0 23 162 
0 22 211 
0 24 248 
0 4 249 
0 17 210 
0 20 158 
0 4 188 
0 0 178 
0 8 212 
0 9 154 
0 31 153 
0 3 205 
0 21 244 
0 19 164 
0 16 154 
0 14 267 
0 17 174 
0 18 224 
0 25 175 
0 4 145 
0 16 164 
0 21 129 
0 0 163 
0 40 167 
0 7 247 
0 12 152 
0 22 153 
0 11 186 
0 9 161 
0 12 163 
0 33 122 
0 9 260 
0 6 259 
0 23 198 
0 14 140 
0 29 181 
0 7 192 
0 8 221 
0 32 171 
0 10 142 
0 23 147 
0 33 269 
0 41 182 
0 21 168 
0 37 186 
0 12 199 
0 25 175 
0 14 339 
0 37 223 
0 2 120 
0 3 139 
0 6 136 
0 14 252 
0 18 153 
0 17 233 
0 1 174 
0 28 144 
0 7 220 
0 3 119 
0 33 148 
0 7 144 
0 4 191 
0 8 166 
0 7 179 
0 13 214 
0 45 115 
0 12 275 
0 29 184 
0 3 206 
0 15 160 
0 8 187 
0 9 225 
0 7 211 
0 11 164 
0 33 206 
0 15 252 
0 50 202 
0 34 144 
0 25 145 
0 38 150 
0 33 223 
0 6 210 
0 15 154 
0 13 234 
0 20 234 
0 9 155 
0 0 232 
0 9 137 
0 14 237 
0 4 137 
0 34 212 
0 3 132 
0 39 155 
0 13 183 
0 39 230 
0 28 221 
0 7 105 
0 34 154 
0 5 242 
0 4 248 
0 37 134 
0 20 169 
0 9 173 
0 6 216 
0 6 179 
0 26 248 
0 34 213 
0 41 91 
0 27 283 
0 29 250 
0 12 110 
0 16 132 
0 10 166 
0 6 134 
0 9 206 
0 8 172 
0 2 190 
0 8 136 
0 21 148 
0 4 203 
0 42 179 
0 16 239 
0 11 146 
0 15 194 
0 12 189 
0 33 176 
0 15 252 
0 17 149 
0 4 154 
0 20 274 
0 0 125 
0 26 238 
0 3 152 
0 6 202 
0 7 108 
0 0 181 
0 11 159 
0 31 194 
0 32 156 
0 12 187 
0 7 167 
0 14 129 
0 15 245 
0 6 209 
0 9 213 
0 18 245 
0 8 204 
0 25 117 
0 20 165 
0 31 222 
0 4 327 
0 37 224 
0 13 195 
0 9 160 
0 13 143 
0 9 128 
0 52 185 
0 9 201 
0 16 201 
0 7 292 
0 22 183 
0 4 206 
0 3 174 
0 17 231 
0 40 225 
0 28 209 
0 32 151 
0 4 213 
0 12 154 
0 26 192 
0 30 167 
0 5 235 
0 12 117 
0 24 303 
0 15 180 
0 6 163 
0 50 132 
0 9 279 
0 0 169 
0 20 231 
0 29 152 
0 14 150 
0 28 174 
0 16 259 
0 25 159 
0 7 153 
0 13 197 
0 32 195 
0 15 257 
0 2 153 
0 9 163 
0 35 110 
0 36 236 
0 8 167 
0 5 186 
0 11 190 
0 0 211 
0 23 190 
0 5 188 
0 8 219 
0 22 145 
0 28 159 
0 45 233 
0 26 184 
0 16 141 
0 14 209 
0 41 189 
0 1 215 
0 16 185 
0 8 327 
0 17 121 
0 4 208 
0 14 137 
0 0 140 
0 22 214 
0 25 298 
0 19 199 
0 33 159 
0 7 148 
0 23 152 
0 17 245 
0 0 105 
0 3 114 
0 0 211 
0 44 136 
0 5 111 
0 12 249 
0 2 339 
0 13 287 
0 19 204 
0 37 186 
0 9 222 
0 15 256 
0 3 211 
0 16 157 
0 6 195 
0 30 243 
0 3 139 
0 36 92 
0 3 182 
0 18 223 
0 9 182 
0 34 192 
0 15 137 
0 15 181 
0 24 270 
0 19 171 
0 9 176 
0 15 141 
0 9 286 
0 0 128 
0 39 191 
0 12 140 
0 32 187 
0 7 211 
0 16 226 
0 8 143 
0 25 261 
0 13 319 
0 21 224 
0 32 165 
0 2 178 
0 10 214 
0 6 203 
0 2 210 
0 1 183 
0 14 108 
0 4 213 
0 5 208 
0 5 226 
0 15 134 
0 19 226 
0 30 202 
0 35 109 
0 33 120 
0 7 192 
0 21 211 
0 16 226 
0 5 196 
0 24 142 
0 53 149 
0 6 173 
0 13 137 
0 12 150 
0 23 133 
0 9 174 
0 15 144 
0 17 197 
0 7 237 
0 9 127 
0 1 131 
0 15 200 
0 25 165 
0 20 227 
0 39 135 
0 11 162 
0 19 130 
0 21 258 
0 17 166 
0 5 110 
0 6 184 
0 1 137 
0 11 217 
0 17 251 
0 6 208 
0 8 164 
0 26 166 
0 14 127 
0 8 181 
0 1 129 
0 10 160 
0 18 150 
0 0 135 
0 6 134 
0 22 194 
0 17 138 
0 3 220 
0 3 224 
0 11 151 
0 15 157 
0 21 192 
0 6 205 
0 9 245 
0 6 280 
0 11 110 
0 8 228 
0 5 261 
0 2 110 
0 22 182 
0 5 159 
0 24 145 
0 8 242 
0 0 148 
0 42 146 
0 12 176 
0 3 134 
0 17 138 
0 17 173 
0 2 143 
0 3 214 
0 20 230 
0 14 225 
0 10 207 
0 15 175 
0 33 179 
0 21 216 
0 16 246 
0 13 246 
0 24 115 
0 29 131 
0 29 206 
0 15 132 
0 8 284 
0 17 159 
0 10 193 
0 10 193 
0 11 147 
0 10 203 
0 22 284 
0 14 145 
0 12 124 
0 11 194 
0 2 225 
0 32 115 
0 12 226 
0 7 188 
0 26 165 
0 13 141 
0 3 142 
0 8 208 
0 26 198 
0 31 149 
0 19 218 
0 29 175 
0 10 242 
0 7 138 
0 5 171 
0 14 285 
0 17 126 
0 7 282 
0 15 118 
0 26 188 
0 28 173 
0 38 193 
0 3 122 
0 14 199 
0 11 175 
0 10 185 
0 0 170 
0 20 219 
0 39 188 
0 14 151 
0 25 220 
0 9 200 
0 16 231 
0 1 193 
0 19 194 
0 12 168 
0 16 141 
0 24 206 
0 29 158 
0 22 173 
0 15 115 
0 24 162 
0 8 202 
0 3 153 
0 12 184 
0 2 260 
0 5 105 
0 5 264 
0 3 166 
0 4 212 
0 35 186 
0 2 186 
0 14 229 
0 23 229 
0 12 249 
0 11 223 
0 35 172 
0 14 157 
0 0 130 
0 29 144 
0 33 200 
0 8 149 
0 4 149 
0 24 156 
0 23 167 
0 14 212 
0 22 172 
0 21 250 
0 17 154 
0 0 168 
0 42 238 
0 14 206 
0 20 262 
0 9 219 
0 24 141 
0 17 187 
0 11 222 
0 4 202 
0 7 190 
0 3 117 
0 16 150 
0 20 258 
0 11 129 
0 23 143 
0 5 229 
0 11 178 
0 7 182 
0 42 214 
0 17 80 
0 32 198 
0 29 193 
0 17 179 
0 35 202 
0 9 180 
0 4 194 
0 16 154 
0 2 120 
0 39 132 
0 41 218 
0 28 189 
0 34 195 
0 15 191 
0 26 158 
0 27 162 
0 13 134 
0 27 136 
0 4 224 
0 6 167 
0 17 266 
0 30 200 
0 15 183 
0 1 165 
0 18 150 
0 41 160 
0 9 212 
0 6 127 
0 25 168 
0 15 129 
0 4 149 
0 5 139 
0 16 163 
0 14 278 
0 42 193 
0 5 222 
0 10 175 
0 12 179 
0 8 199 
0 29 126 
0 14 192 
0 22 112 
0 9 191 
0 14 157 
0 13 171 
0 14 124 
0 14 158 
0 9 218 
0 14 103 
0 28 156 
0 20 132 
0 3 207 
0 11 280 
0 38 134 
0 1 122 
0 26 131 
0 2 242 
0 10 223 
0 15 142 
0 45 179 
0 4 179 
0 5 235 
0 3 207 
0 13 156 
0 31 192 
0 21 158 
0 23 177 
0 13 140 
0 6 193 
0 16 174 
0 12 159 
0 42 173 
0 6 193 
0 9 145 
0 1 222 
0 6 220 
0 15 191 
0 3 198 
0 7 201 
0 11 165 
0 7 135 
0 52 129 
0 5 158 
0 19 189 
0 0 149 
0 2 166 
0 11 172 
0 8 224 
0 5 173 
0 3 164 
0 15 194 
0 31 147 
0 13 249 
0 13 193 
0 25 233 
0 16 207 
0 28 175 
0 12 175 
0 18 179 
0 16 142 
0 14 193 
0 5 201 
0 8 183 
0 15 136 
0 12 243 
0 6 259 
0 2 255 
0 29 98 
0 5 182 
0 37 182 
0 14 147 
0 5 227 
0 12 240 
0 22 119 
0 33 138 
0 19 160 
0 10 147 
0 12 156 
0 6 179 
0 4 124 
0 5 225 
0 13 212 
0 7 143 
0 11 141 
0 5 149 
0 6 214 
0 19 152 
0 21 257 
0 15 201 
0 26 102 
0 15 208 
0 9 154 
0 13 139 
