0 26 236 
0 8 192 
0 32 154 
0 29 89 
0 4 212 
0 8 294 
0 8 160 
0 14 240 
0 24 144 
0 13 143 
0 13 141 
0 27 181 
0 1 169 
0 19 171 
0 35 110 
0 0 201 
0 3 186 
0 11 123 
0 3 103 
0 22 207 
0 15 125 
0 2 247 
0 16 257 
0 42 128 
0 33 143 
0 8 164 
0 43 217 
0 13 133 
0 39 163 
0 34 173 
0 73 128 
0 6 178 
0 15 101 
0 11 126 
0 16 110 
0 23 221 
0 13 239 
0 15 170 
0 1 113 
0 17 152 
0 13 194 
0 33 215 
0 22 95 
0 9 214 
0 8 221 
0 0 210 
0 3 131 
0 6 215 
0 3 194 
0 11 217 
0 25 123 
0 23 219 
0 7 152 
0 23 87 
0 1 163 
0 8 76 
0 19 174 
0 15 281 
0 27 143 
0 1 155 
0 24 148 
0 9 158 
0 33 146 
0 15 160 
0 18 140 
0 28 183 
0 35 223 
0 7 167 
0 43 222 
0 34 126 
0 7 114 
0 50 118 
0 35 195 
0 20 196 
0 31 272 
0 28 266 
0 11 108 
0 80 132 
0 17 133 
0 1 186 
0 0 138 
0 13 137 
0 0 234 
0 26 167 
0 14 293 
0 13 244 
0 9 162 
0 39 108 
0 45 213 
0 10 264 
0 20 167 
0 11 223 
0 10 196 
0 12 177 
0 25 170 
0 23 247 
0 23 239 
0 0 197 
0 7 109 
0 9 138 
0 1 424 
0 8 168 
0 6 153 
0 13 143 
0 18 201 
0 21 159 
0 38 203 
0 5 157 
0 49 153 
0 23 141 
0 4 196 
0 19 113 
0 26 151 
0 20 150 
0 27 184 
0 68 151 
0 17 174 
0 16 162 
0 12 198 
0 8 137 
0 2 231 
0 15 173 
0 15 101 
0 19 113 
0 1 222 
0 21 123 
0 27 160 
0 3 159 
0 6 75 
0 5 195 
0 5 318 
0 15 135 
0 8 184 
0 1 159 
0 10 128 
0 28 182 
0 29 245 
0 10 122 
0 15 159 
0 7 222 
0 30 81 
0 25 114 
0 10 189 
0 18 226 
0 32 162 
0 5 156 
0 9 138 
0 30 242 
0 9 170 
0 0 297 
0 4 206 
0 5 122 
0 3 266 
0 19 160 
0 39 141 
0 4 193 
0 2 375 
0 14 186 
0 8 268 
0 11 119 
0 18 180 
0 3 181 
0 10 110 
0 3 290 
0 40 236 
0 14 158 
0 21 163 
0 26 98 
0 6 97 
0 18 137 
0 31 149 
0 0 66 
0 20 68 
0 19 141 
0 46 273 
0 14 157 
0 9 119 
0 20 208 
0 38 114 
0 30 96 
0 10 124 
0 32 114 
0 10 123 
0 19 287 
0 24 182 
0 27 171 
0 33 82 
0 24 168 
0 24 117 
0 26 127 
0 9 250 
0 11 173 
0 28 136 
0 22 145 
0 2 159 
0 50 236 
0 5 216 
0 17 184 
0 1 219 
0 1 213 
0 9 124 
0 14 136 
0 27 176 
0 39 161 
0 51 127 
0 10 104 
0 25 166 
0 111 158 
0 15 199 
0 14 251 
0 16 133 
0 19 110 
0 72 135 
0 6 147 
0 0 219 
0 13 166 
0 2 140 
0 6 166 
0 40 229 
0 25 234 
0 32 139 
0 12 197 
0 16 236 
0 9 169 
0 8 204 
0 26 159 
0 13 186 
0 9 158 
0 2 253 
0 27 121 
0 7 128 
0 54 155 
0 7 166 
0 35 279 
0 15 184 
0 2 421 
0 14 182 
0 19 145 
0 19 213 
0 32 172 
0 27 152 
0 6 202 
0 22 255 
0 21 172 
0 29 196 
0 12 145 
0 4 282 
0 0 250 
0 6 148 
0 13 244 
0 21 163 
0 21 306 
0 49 187 
0 12 111 
0 77 78 
0 32 151 
0 4 149 
0 26 203 
0 30 165 
0 27 177 
0 39 148 
0 42 221 
0 28 160 
0 2 158 
0 12 185 
0 9 149 
0 16 143 
0 39 169 
0 4 164 
0 8 256 
0 12 183 
0 6 222 
0 23 159 
0 13 175 
0 9 188 
0 8 147 
0 33 208 
0 14 268 
0 12 92 
0 38 116 
0 5 121 
0 22 159 
0 8 123 
0 22 282 
0 6 151 
0 13 202 
0 13 308 
0 40 230 
0 13 203 
0 8 162 
0 15 99 
0 46 116 
0 34 145 
0 33 114 
0 32 182 
0 6 90 
0 24 238 
0 15 82 
0 2 151 
0 9 149 
0 4 175 
0 4 159 
0 37 170 
0 11 67 
0 2 182 
0 11 199 
0 6 74 
0 14 245 
0 49 162 
0 17 169 
0 13 207 
0 10 141 
0 38 153 
0 22 190 
0 30 227 
0 12 122 
0 30 205 
0 19 138 
0 21 172 
0 17 171 
0 31 160 
0 25 159 
0 13 91 
0 11 193 
0 21 136 
0 8 222 
0 2 206 
0 33 91 
0 22 184 
0 10 134 
0 38 151 
0 24 166 
0 18 215 
0 45 90 
0 4 200 
0 26 198 
0 21 142 
0 5 87 
0 8 92 
0 0 139 
0 12 204 
0 23 150 
0 17 226 
0 56 240 
0 24 84 
0 11 134 
0 38 228 
0 7 133 
0 11 101 
0 1 285 
0 21 248 
0 27 130 
0 13 114 
0 5 181 
0 13 212 
0 1 148 
0 6 121 
0 7 142 
0 22 165 
0 4 154 
0 16 255 
0 62 160 
0 14 232 
0 18 183 
0 2 208 
0 11 204 
0 21 120 
0 9 199 
0 0 156 
0 13 184 
0 10 234 
0 2 130 
0 6 128 
0 36 182 
0 19 182 
0 7 207 
0 0 157 
0 3 143 
0 4 155 
0 17 210 
0 13 132 
0 7 139 
0 33 109 
0 9 128 
0 0 140 
0 45 208 
0 7 124 
0 13 193 
0 17 84 
0 10 171 
0 6 124 
0 49 149 
0 15 153 
0 26 138 
0 17 116 
0 5 287 
0 1 127 
0 19 118 
0 10 244 
0 22 158 
0 4 194 
0 2 257 
0 1 206 
0 0 164 
0 2 162 
0 19 180 
0 6 295 
0 13 190 
0 63 190 
0 45 223 
0 12 134 
0 52 72 
0 16 136 
0 56 130 
0 33 168 
0 6 231 
0 2 330 
0 24 147 
0 10 161 
0 35 236 
0 33 165 
0 13 127 
0 50 122 
0 46 163 
0 20 123 
0 10 156 
0 23 192 
0 18 346 
0 44 277 
0 52 187 
0 13 156 
0 24 184 
0 0 134 
0 17 258 
0 25 197 
0 17 195 
0 4 112 
0 16 151 
0 12 163 
0 3 144 
0 28 170 
0 40 220 
0 16 136 
0 26 201 
0 20 115 
0 15 181 
0 27 189 
0 19 98 
0 10 170 
0 17 86 
0 24 130 
0 10 108 
0 21 162 
0 13 152 
0 3 253 
0 8 191 
0 15 259 
0 23 190 
0 5 156 
0 44 106 
0 51 135 
0 37 218 
0 30 248 
0 15 169 
0 20 125 
0 15 241 
0 23 232 
0 13 115 
0 6 189 
0 0 184 
0 37 180 
0 6 236 
0 25 202 
0 13 174 
0 14 198 
0 12 172 
0 39 154 
0 7 165 
0 3 199 
0 12 294 
0 0 105 
0 52 122 
0 6 192 
0 65 117 
0 13 256 
0 32 171 
0 27 120 
0 10 159 
0 9 295 
0 31 261 
0 12 227 
0 33 135 
0 40 214 
0 14 130 
0 5 248 
0 13 204 
0 10 122 
0 20 134 
0 22 168 
0 13 131 
0 19 175 
0 32 111 
0 10 122 
0 17 94 
0 33 114 
0 12 194 
0 8 133 
0 11 141 
0 8 186 
0 25 76 
0 21 125 
0 4 129 
0 7 126 
0 26 269 
0 9 273 
0 11 147 
0 8 175 
0 18 102 
0 11 187 
0 15 192 
0 5 234 
0 6 94 
0 43 169 
0 1 155 
0 14 205 
0 16 151 
0 1 113 
0 19 209 
0 6 150 
0 7 338 
0 5 162 
0 7 153 
0 18 185 
0 4 226 
0 6 283 
0 9 134 
0 3 127 
0 35 135 
0 20 213 
0 0 133 
0 1 214 
0 12 172 
0 13 176 
0 44 154 
0 9 102 
0 15 146 
0 5 174 
0 30 164 
0 0 227 
0 18 103 
0 2 197 
0 27 165 
0 39 150 
0 4 123 
0 18 122 
0 15 194 
0 11 176 
0 5 128 
0 15 194 
0 4 146 
0 0 181 
0 7 167 
0 7 173 
0 14 143 
0 10 210 
0 15 135 
0 39 98 
0 49 180 
0 15 115 
0 4 151 
0 22 108 
0 30 81 
0 14 270 
0 7 183 
0 42 141 
0 17 196 
0 18 157 
0 27 143 
0 3 118 
0 21 266 
0 21 175 
0 14 169 
0 12 159 
0 20 171 
0 8 100 
0 14 205 
0 8 217 
0 0 254 
0 18 153 
0 21 156 
0 21 134 
0 21 136 
0 30 123 
0 18 185 
0 17 112 
0 5 179 
0 6 242 
0 12 168 
0 9 171 
0 15 111 
0 29 105 
0 14 134 
0 30 134 
0 11 140 
0 27 92 
0 1 164 
0 31 113 
0 16 136 
0 17 246 
0 13 66 
0 35 230 
0 5 168 
0 24 143 
0 32 163 
0 16 157 
0 21 191 
0 10 360 
0 6 160 
0 10 246 
0 7 152 
0 8 248 
0 11 119 
0 4 125 
0 21 105 
0 5 132 
0 14 195 
0 0 109 
0 7 71 
0 0 102 
0 37 156 
0 4 181 
0 34 180 
0 28 139 
0 22 173 
0 22 279 
0 21 155 
0 14 219 
0 28 191 
0 26 181 
0 50 131 
0 21 143 
0 1 163 
0 12 134 
0 4 288 
0 7 131 
0 0 118 
0 33 152 
0 3 212 
0 9 173 
0 11 227 
0 13 126 
0 4 187 
0 16 131 
0 7 223 
0 4 215 
0 46 169 
0 3 158 
0 0 197 
0 0 252 
0 8 124 
0 12 169 
0 6 120 
0 9 192 
0 11 239 
0 33 148 
0 27 220 
0 4 195 
0 24 91 
0 17 177 
0 6 131 
0 1 225 
0 4 249 
0 52 131 
0 19 109 
0 3 147 
0 53 251 
0 6 202 
0 8 173 
0 51 195 
0 6 220 
0 1 192 
0 2 194 
0 44 161 
0 3 151 
0 13 170 
0 28 121 
0 11 130 
0 11 177 
0 11 187 
0 66 152 
0 18 242 
0 11 162 
0 16 233 
0 2 151 
0 31 336 
0 10 153 
0 8 162 
0 8 262 
0 13 129 
0 13 157 
0 33 123 
0 1 154 
0 16 144 
0 2 110 
0 18 161 
0 0 115 
0 0 131 
0 3 207 
0 18 174 
0 6 158 
0 37 207 
0 40 229 
0 9 250 
0 10 85 
0 2 128 
0 35 173 
0 19 207 
0 1 169 
0 7 162 
0 15 165 
0 25 168 
0 18 172 
0 3 285 
0 8 135 
0 0 214 
0 71 112 
0 61 142 
0 12 129 
0 22 129 
0 22 192 
0 44 204 
0 16 204 
0 11 197 
0 1 288 
0 10 193 
0 14 168 
0 12 322 
0 28 279 
0 15 234 
0 9 134 
0 16 262 
0 5 116 
0 3 154 
0 2 257 
0 27 169 
0 45 175 
0 0 161 
0 35 108 
0 1 125 
0 12 134 
0 15 156 
0 16 231 
0 0 208 
0 18 173 
0 14 112 
0 0 236 
0 2 264 
0 24 173 
0 2 146 
0 0 149 
0 2 252 
0 67 134 
0 13 121 
0 1 272 
0 22 180 
0 9 228 
0 16 186 
0 29 137 
0 20 85 
0 17 112 
0 19 90 
0 13 136 
0 23 117 
0 14 107 
0 21 154 
0 7 136 
0 0 192 
0 52 156 
0 13 111 
0 12 257 
0 34 195 
0 23 235 
0 24 241 
0 19 145 
0 30 300 
0 14 201 
0 0 104 
0 20 229 
0 12 134 
0 15 113 
0 4 208 
0 4 149 
0 30 161 
0 27 289 
0 3 183 
0 24 273 
0 21 180 
0 8 152 
0 12 180 
0 6 148 
0 35 178 
0 11 178 
0 5 154 
0 23 110 
0 8 116 
0 6 222 
0 30 206 
0 27 170 
0 9 178 
0 16 99 
0 14 129 
0 10 165 
0 12 305 
0 0 160 
0 48 145 
0 24 135 
0 19 203 
0 27 146 
0 12 158 
0 31 263 
0 7 184 
0 14 174 
0 1 147 
0 32 127 
0 23 160 
0 15 129 
0 19 136 
0 10 220 
0 32 139 
0 5 165 
0 17 264 
0 55 166 
0 3 157 
0 2 122 
0 15 118 
0 24 281 
0 16 161 
0 28 217 
0 30 144 
0 29 167 
0 26 259 
0 12 148 
0 19 219 
0 4 190 
0 1 150 
0 14 283 
0 47 75 
0 33 209 
0 0 164 
0 24 182 
0 9 177 
0 11 175 
0 42 112 
0 12 178 
0 26 187 
0 25 127 
0 54 295 
0 18 99 
0 21 261 
0 23 174 
0 24 119 
0 20 151 
0 54 174 
0 4 186 
0 3 182 
0 2 150 
0 19 174 
0 13 131 
0 1 152 
0 11 137 
0 12 120 
0 10 251 
0 9 204 
0 16 154 
0 3 139 
0 0 152 
0 8 159 
0 55 85 
0 5 178 
0 9 176 
0 22 204 
0 27 153 
0 13 186 
0 1 148 
0 0 272 
0 2 330 
0 30 273 
0 2 153 
0 31 205 
0 28 297 
0 16 224 
0 27 114 
0 29 216 
0 35 190 
0 3 143 
0 20 142 
0 12 138 
0 25 199 
0 48 158 
0 20 146 
0 23 150 
0 8 216 
0 49 117 
0 7 182 
0 17 100 
0 28 182 
0 23 127 
0 14 175 
0 19 123 
0 60 120 
0 11 233 
0 24 131 
0 8 226 
0 4 138 
0 1 208 
0 9 229 
0 26 101 
0 21 283 
0 9 196 
0 1 172 
0 15 216 
0 24 217 
0 9 171 
0 23 153 
0 17 195 
0 54 136 
0 12 160 
0 5 182 
0 17 197 
0 14 65 
0 0 134 
0 12 197 
0 7 183 
0 24 189 
0 35 109 
0 17 264 
0 1 227 
0 2 128 
0 24 205 
0 6 200 
0 14 165 
0 8 191 
0 5 114 
0 2 219 
0 29 170 
0 23 192 
0 20 128 
0 12 117 
0 12 245 
0 16 235 
0 9 217 
0 24 159 
0 11 190 
0 0 175 
0 24 108 
0 38 131 
0 35 220 
0 10 107 
0 26 223 
0 4 122 
0 24 154 
0 32 59 
0 1 82 
0 1 193 
0 65 167 
0 4 224 
0 54 119 
0 8 134 
0 14 167 
0 18 139 
0 15 179 
0 16 150 
0 0 108 
0 35 176 
0 9 124 
0 1 186 
0 11 265 
0 4 115 
0 10 112 
0 3 144 
0 32 254 
0 24 131 
0 5 91 
0 22 153 
0 6 125 
0 8 253 
0 8 219 
0 4 82 
0 57 162 
0 32 167 
0 16 188 
0 16 171 
0 38 155 
0 12 149 
0 39 217 
0 32 184 
0 1 153 
0 10 147 
0 14 129 
0 6 213 
