0 23 32 
0 0 3 
0 0 61 
0 0 18 
0 0 16 
0 0 1 
0 0 29 
0 0 47 
0 0 55 
0 5 56 
0 5 17 
0 0 216 
0 0 130 
0 0 11 
0 0 118 
0 0 8 
0 0 13 
0 0 129 
0 11 35 
0 0 2 
0 0 38 
0 0 12 
0 0 88 
0 0 29 
0 0 26 
0 0 47 
0 0 0 
0 0 16 
0 0 11 
0 7 22 
0 0 71 
0 0 0 
0 0 7 
0 0 66 
0 0 68 
0 0 46 
0 0 40 
0 0 63 
0 0 53 
0 0 8 
0 0 20 
0 0 10 
0 3 69 
0 0 27 
0 0 11 
0 0 21 
0 0 12 
0 0 20 
0 0 25 
0 0 5 
0 0 4 
0 0 33 
0 0 65 
0 0 0 
0 0 17 
0 0 61 
0 0 60 
0 0 60 
0 0 4 
0 0 62 
0 0 54 
0 0 33 
0 0 12 
0 0 19 
0 4 51 
0 12 21 
0 0 29 
0 0 33 
0 0 6 
0 0 47 
0 0 35 
0 0 6 
0 0 132 
0 8 240 
0 0 20 
0 20 18 
0 0 66 
0 0 12 
0 21 36 
0 0 16 
0 0 44 
0 0 20 
0 0 20 
0 0 20 
0 0 48 
0 0 2 
0 0 32 
0 0 13 
0 2 38 
0 0 30 
0 0 90 
0 3 35 
0 0 11 
0 0 13 
0 0 73 
0 0 19 
0 0 27 
0 0 66 
0 0 11 
0 1 0 
0 0 84 
0 0 51 
0 13 1 
0 0 26 
0 0 14 
0 0 30 
0 0 25 
0 0 20 
0 0 11 
0 12 25 
0 1 181 
0 0 18 
0 0 34 
0 15 16 
0 0 59 
0 0 36 
0 0 54 
0 0 31 
0 0 31 
0 0 34 
0 2 53 
0 0 4 
0 0 76 
0 0 3 
0 7 11 
0 0 51 
0 0 102 
0 0 131 
0 0 22 
0 4 14 
0 0 0 
0 0 38 
0 0 11 
0 0 101 
0 0 4 
0 0 23 
0 0 23 
0 0 9 
0 0 38 
0 0 20 
0 0 11 
0 0 19 
0 0 11 
0 0 189 
0 0 89 
0 0 39 
0 0 19 
0 0 47 
0 0 53 
0 0 4 
0 0 29 
0 0 4 
0 0 50 
0 0 36 
0 0 2 
0 0 2 
0 0 81 
0 23 24 
0 0 149 
0 0 66 
0 0 25 
0 0 21 
0 0 60 
0 0 0 
0 0 29 
0 0 24 
0 0 36 
0 0 36 
0 0 47 
0 23 65 
0 0 8 
0 0 2 
0 0 15 
0 0 16 
0 0 1 
0 1 186 
0 0 77 
0 0 34 
0 0 18 
0 0 25 
0 7 33 
0 0 20 
0 0 6 
0 0 96 
0 0 177 
0 0 15 
0 0 78 
0 19 33 
0 10 48 
0 0 91 
0 3 26 
0 0 11 
0 0 56 
0 0 4 
0 2 7 
0 0 15 
0 0 32 
0 0 17 
0 0 28 
0 0 0 
0 0 30 
0 0 11 
0 0 163 
0 0 26 
0 5 54 
0 5 79 
0 4 10 
0 0 21 
0 0 16 
0 0 17 
0 0 7 
0 12 51 
0 0 30 
0 0 0 
0 0 5 
0 0 4 
0 0 0 
0 0 152 
0 1 25 
0 0 28 
0 0 3 
0 20 46 
0 0 37 
0 0 69 
0 0 34 
0 0 56 
0 12 12 
0 0 97 
0 2 20 
0 0 77 
0 0 12 
0 0 39 
0 0 8 
0 0 0 
0 0 14 
0 0 2 
0 0 15 
0 0 43 
0 0 141 
0 0 3 
0 0 12 
0 5 18 
0 0 24 
0 0 26 
0 0 2 
0 0 49 
0 0 3 
0 0 5 
0 0 49 
0 2 69 
0 0 11 
0 0 15 
0 0 12 
0 0 20 
0 0 10 
0 0 8 
0 0 10 
0 0 23 
0 0 59 
0 0 8 
0 0 37 
0 0 4 
0 0 39 
0 2 71 
0 3 58 
0 0 6 
0 1 19 
0 0 15 
0 0 19 
0 0 21 
0 0 1 
0 2 50 
0 0 23 
0 0 64 
0 0 7 
0 0 5 
0 0 25 
0 7 34 
0 0 41 
0 4 33 
0 0 56 
0 0 126 
0 0 66 
0 0 78 
0 0 57 
0 8 68 
0 0 34 
0 0 26 
0 0 9 
0 0 30 
0 3 67 
0 0 10 
0 0 21 
0 0 19 
0 0 14 
0 0 23 
0 0 104 
0 0 22 
0 15 25 
0 0 14 
0 0 26 
0 0 12 
0 0 69 
0 0 15 
0 0 12 
0 0 43 
0 2 19 
0 3 217 
0 0 11 
0 0 13 
0 6 45 
0 0 8 
0 0 70 
0 0 3 
0 0 68 
0 0 37 
0 0 42 
0 1 42 
0 0 43 
0 0 36 
0 0 37 
0 0 37 
0 0 0 
0 0 13 
0 2 41 
0 0 72 
0 0 17 
0 19 19 
0 5 24 
0 0 164 
0 0 162 
0 0 7 
0 0 16 
0 0 4 
0 4 22 
0 0 11 
0 0 24 
0 0 12 
0 0 31 
0 0 18 
0 0 13 
0 0 14 
0 0 19 
0 0 18 
0 0 34 
0 0 138 
0 0 5 
0 0 23 
0 0 86 
0 0 42 
0 0 34 
0 0 35 
0 0 0 
0 0 13 
0 1 39 
0 0 140 
0 0 7 
0 2 58 
0 0 25 
0 0 90 
0 5 25 
0 0 15 
0 0 25 
0 0 34 
0 5 47 
0 0 0 
0 0 7 
0 0 0 
0 0 22 
0 0 54 
0 0 5 
0 0 25 
0 0 51 
0 0 7 
0 0 6 
0 0 70 
0 0 12 
0 0 7 
0 0 61 
0 0 18 
0 0 83 
0 0 11 
0 0 91 
0 0 0 
0 0 35 
0 0 24 
0 2 41 
0 0 7 
0 0 4 
0 0 23 
0 0 35 
0 0 13 
0 2 114 
0 0 55 
0 0 31 
0 0 10 
0 0 4 
0 0 4 
0 0 8 
0 0 112 
0 0 23 
0 0 1 
0 3 2 
0 0 49 
0 0 5 
0 21 43 
0 0 14 
0 0 26 
0 0 110 
0 0 15 
0 0 22 
0 0 19 
0 0 35 
0 0 31 
0 0 8 
0 0 24 
0 0 2 
0 2 15 
0 8 30 
0 0 28 
0 0 3 
0 0 160 
0 0 21 
0 0 51 
0 0 51 
0 0 60 
0 0 21 
0 0 1 
0 1 1 
0 0 73 
0 0 24 
0 0 37 
0 0 21 
0 0 43 
0 11 42 
0 0 40 
0 0 25 
0 0 10 
0 0 84 
0 0 44 
0 0 104 
0 2 64 
0 0 3 
0 6 32 
0 0 92 
0 0 95 
0 0 17 
0 0 10 
0 0 1 
0 0 72 
0 1 30 
0 0 5 
0 0 11 
0 2 18 
0 6 53 
0 0 105 
0 0 65 
0 0 95 
0 0 0 
0 0 141 
0 0 9 
0 0 38 
0 0 76 
0 31 41 
0 0 32 
0 0 17 
0 0 2 
0 0 13 
0 0 70 
0 4 26 
0 0 131 
0 5 36 
0 0 32 
0 0 46 
0 0 48 
0 0 11 
0 0 49 
0 0 60 
0 0 156 
0 1 29 
0 0 73 
0 0 68 
0 0 10 
0 0 4 
0 1 7 
0 0 4 
0 8 30 
0 0 59 
0 0 16 
0 0 8 
0 0 15 
0 0 6 
0 0 2 
0 2 76 
0 0 0 
0 0 62 
0 0 41 
0 0 0 
0 0 55 
0 0 14 
0 0 2 
0 0 106 
0 0 22 
0 0 22 
0 6 59 
0 0 50 
0 0 30 
0 0 6 
0 0 8 
0 0 95 
0 0 41 
0 0 95 
0 7 54 
0 10 14 
0 0 24 
0 0 41 
0 0 86 
0 0 1 
0 7 92 
0 1 21 
0 0 26 
0 0 36 
0 0 10 
0 2 38 
0 0 21 
0 0 42 
0 0 6 
0 0 38 
0 0 47 
0 0 4 
0 0 11 
0 0 5 
0 0 13 
0 0 81 
0 0 62 
0 0 26 
0 0 9 
0 0 49 
0 0 44 
0 0 12 
0 0 47 
0 0 24 
0 0 4 
0 0 7 
0 0 1 
0 0 92 
0 9 98 
0 0 36 
0 0 15 
0 0 9 
0 0 18 
0 0 91 
0 0 24 
0 0 37 
0 0 14 
0 0 55 
0 0 72 
0 0 50 
0 13 32 
0 38 50 
0 0 19 
0 0 7 
0 2 80 
0 14 82 
0 0 132 
0 5 84 
0 0 26 
0 0 15 
0 0 28 
0 0 1 
0 0 23 
0 0 68 
0 0 14 
0 6 137 
0 0 48 
0 0 37 
0 0 11 
0 0 27 
0 0 9 
0 7 89 
0 7 12 
0 4 20 
0 0 90 
0 0 15 
0 0 96 
0 0 33 
0 0 19 
0 4 13 
0 0 0 
0 0 36 
0 14 102 
0 0 37 
0 0 31 
0 3 5 
0 0 131 
0 2 31 
0 3 22 
0 0 33 
0 0 21 
0 0 43 
0 0 99 
0 0 18 
0 0 13 
0 0 20 
0 0 87 
0 0 57 
0 0 85 
0 0 131 
0 0 18 
0 0 16 
0 5 83 
0 0 2 
0 0 119 
0 0 22 
0 0 75 
0 0 7 
0 0 17 
0 0 19 
0 0 9 
0 0 19 
0 0 18 
0 5 84 
0 5 66 
0 0 7 
0 0 57 
0 1 67 
0 1 23 
0 0 9 
0 0 24 
0 0 8 
0 0 8 
0 0 137 
0 0 15 
0 0 34 
0 0 7 
0 0 42 
0 0 162 
0 3 5 
0 0 46 
0 2 6 
0 0 38 
0 0 141 
0 12 83 
0 0 56 
0 2 34 
0 0 75 
0 0 4 
0 0 25 
0 0 19 
0 0 40 
0 0 25 
0 0 53 
0 0 41 
0 0 87 
0 0 22 
0 6 7 
0 0 169 
0 0 16 
0 0 20 
0 0 35 
0 0 61 
0 0 2 
0 0 17 
0 0 48 
0 0 51 
0 1 19 
0 0 6 
0 0 40 
0 0 8 
0 0 13 
0 0 134 
0 0 52 
0 0 20 
0 0 50 
0 0 114 
0 0 6 
0 0 31 
0 0 62 
0 0 38 
0 1 48 
0 0 4 
0 2 45 
0 0 15 
0 0 72 
0 0 102 
0 17 1 
0 0 8 
0 1 8 
0 0 24 
0 0 17 
0 0 37 
0 0 9 
0 0 7 
0 0 8 
0 0 16 
0 0 5 
0 0 3 
0 0 15 
0 0 47 
0 0 0 
0 0 88 
0 0 31 
0 0 0 
0 0 78 
0 0 56 
0 0 45 
0 0 27 
0 0 29 
0 0 36 
0 1 32 
0 0 3 
0 0 48 
0 0 2 
0 2 49 
0 31 19 
0 0 83 
0 0 47 
0 0 24 
0 0 6 
0 0 0 
0 0 16 
0 1 95 
0 0 36 
0 0 22 
0 6 0 
0 2 148 
0 0 16 
0 0 88 
0 0 50 
0 0 25 
0 0 33 
0 0 18 
0 0 11 
0 12 77 
0 0 22 
0 0 62 
0 0 29 
0 0 28 
0 0 27 
0 0 53 
0 0 44 
0 0 3 
0 0 3 
0 0 37 
0 0 53 
0 0 8 
0 0 20 
0 10 96 
0 6 8 
0 0 21 
0 0 13 
0 0 16 
0 0 12 
0 0 11 
0 0 4 
0 0 72 
0 7 11 
0 0 67 
0 0 141 
0 0 87 
0 0 13 
0 0 16 
0 0 40 
0 0 9 
0 0 22 
0 0 47 
0 0 28 
0 0 35 
0 0 59 
0 0 39 
0 0 7 
0 0 3 
0 0 40 
0 0 15 
0 0 37 
0 0 13 
0 0 9 
0 0 49 
0 0 32 
0 0 38 
0 0 19 
0 0 23 
0 0 20 
0 4 12 
0 5 33 
0 14 26 
0 0 17 
0 0 20 
0 2 29 
0 0 10 
0 0 56 
0 0 33 
0 1 12 
0 1 39 
0 0 53 
0 0 4 
0 3 37 
0 0 9 
0 0 3 
0 0 100 
0 0 48 
0 0 52 
0 0 38 
0 0 71 
0 0 18 
0 0 55 
0 15 131 
0 10 17 
0 0 25 
0 0 86 
0 0 40 
0 13 16 
0 0 8 
0 8 192 
0 0 27 
0 0 47 
0 0 39 
0 0 18 
0 1 83 
0 0 34 
0 0 23 
0 0 21 
0 0 6 
0 0 38 
0 0 45 
0 0 14 
0 0 65 
0 2 4 
0 0 23 
0 1 18 
0 0 11 
0 4 11 
0 0 29 
0 0 108 
0 1 38 
0 0 9 
0 0 29 
0 10 55 
0 12 43 
0 0 19 
0 0 20 
0 0 26 
0 0 37 
0 0 64 
0 0 38 
0 0 29 
0 9 2 
0 2 18 
0 6 44 
0 0 18 
0 0 17 
0 0 13 
0 15 31 
0 4 7 
0 0 78 
0 0 113 
0 0 35 
0 6 76 
0 0 27 
0 0 4 
0 0 24 
0 0 8 
0 1 28 
0 0 8 
0 2 7 
0 0 55 
0 14 43 
0 0 85 
0 0 84 
0 0 20 
0 0 10 
0 12 56 
0 0 57 
0 1 17 
0 0 184 
0 0 9 
0 0 117 
0 0 6 
0 0 136 
0 3 19 
0 14 54 
0 1 94 
0 7 48 
0 0 128 
0 1 31 
0 0 91 
0 0 76 
0 2 15 
0 0 15 
0 0 139 
0 0 7 
0 0 39 
0 0 34 
0 0 27 
0 0 28 
0 3 29 
0 0 10 
0 0 43 
0 0 41 
0 5 42 
0 0 32 
0 0 37 
0 0 28 
0 0 29 
0 0 71 
0 0 32 
0 0 200 
0 0 34 
0 8 39 
0 0 80 
0 1 19 
0 0 18 
0 0 210 
0 0 35 
0 0 103 
0 0 3 
0 11 56 
0 0 14 
0 0 68 
0 0 29 
0 0 0 
0 0 61 
0 0 8 
0 0 54 
0 0 63 
0 0 64 
0 0 20 
0 0 51 
0 0 13 
0 3 56 
0 1 41 
0 0 19 
0 2 27 
0 36 91 
0 0 21 
0 0 19 
0 5 47 
0 0 36 
0 8 8 
0 0 18 
0 0 30 
0 0 6 
0 1 51 
0 0 12 
0 1 26 
0 0 19 
0 1 10 
0 0 2 
0 7 65 
0 0 4 
0 0 2 
0 2 9 
0 0 26 
0 0 10 
0 7 76 
0 0 25 
0 51 6 
0 0 39 
0 0 0 
0 0 78 
0 0 153 
0 0 53 
0 1 3 
0 0 8 
0 1 229 
0 0 72 
0 0 9 
0 0 74 
0 1 8 
0 0 5 
0 0 30 
0 0 98 
0 0 3 
0 0 25 
0 6 7 
0 0 77 
0 0 30 
0 4 45 
0 0 56 
0 0 57 
0 0 2 
0 0 99 
0 0 14 
0 11 6 
0 0 35 
0 6 55 
0 0 15 
0 0 49 
0 0 35 
0 0 62 
0 0 168 
0 0 75 
0 0 70 
0 0 3 
0 0 20 
0 0 10 
0 0 121 
0 0 30 
0 0 16 
0 5 1 
