13 427 9 0 0 
45 462 1 0 0 
44 418 24 0 0 
40 464 7 0 0 
21 426 18 0 0 
26 524 19 0 0 
25 401 92 0 0 
66 519 66 0 0 
74 511 10 0 0 
38 489 21 0 0 
62 376 94 0 0 
28 443 20 0 0 
16 422 11 0 0 
12 493 61 0 0 
17 542 33 0 0 
42 434 25 0 0 
56 393 62 0 0 
80 403 38 0 0 
51 424 21 0 0 
45 541 6 0 0 
36 447 10 0 0 
50 486 20 0 0 
11 494 23 0 0 
38 415 3 0 0 
67 378 22 0 0 
93 355 57 0 0 
21 479 58 0 0 
33 413 4 0 0 
36 468 67 0 0 
78 396 15 0 0 
60 434 41 0 0 
3 543 28 0 0 
37 446 27 0 0 
38 315 54 0 0 
2 403 48 0 0 
22 424 80 0 0 
15 470 7 0 0 
47 437 47 0 0 
27 456 18 0 0 
31 514 32 0 0 
27 466 2 0 0 
27 509 44 0 0 
32 387 58 0 0 
8 504 22 0 0 
18 524 16 0 0 
39 401 44 0 0 
34 513 18 0 0 
33 351 32 0 0 
40 494 8 0 0 
24 496 32 0 0 
38 414 52 0 0 
55 442 60 0 0 
33 405 31 0 0 
12 474 27 0 0 
1 506 61 0 0 
36 377 45 0 0 
48 377 33 0 0 
42 487 29 0 0 
51 366 66 0 0 
26 581 29 0 0 
102 386 26 0 0 
50 441 18 0 0 
14 487 15 0 0 
26 523 10 0 0 
37 395 13 0 0 
16 449 37 0 0 
32 427 74 0 0 
32 398 36 0 0 
62 340 33 0 0 
78 420 10 0 0 
73 436 28 0 0 
15 528 39 0 0 
100 357 30 0 0 
43 397 34 0 0 
27 413 22 0 0 
47 383 74 0 0 
38 427 17 0 0 
26 432 44 0 0 
34 463 5 0 0 
50 358 23 0 0 
11 453 31 0 0 
33 343 27 0 0 
41 479 39 0 0 
45 476 22 0 0 
31 478 20 0 0 
51 362 50 0 0 
38 516 24 0 0 
17 461 72 0 0 
68 394 30 0 0 
44 392 75 0 0 
10 537 49 0 0 
8 361 60 0 0 
72 460 8 0 0 
29 434 4 0 0 
8 453 16 0 0 
51 491 2 0 0 
24 334 49 0 0 
25 466 33 0 0 
120 337 17 0 0 
18 402 20 7 0 
29 404 10 0 0 
22 455 24 0 0 
63 427 16 0 0 
3 468 28 0 0 
23 414 7 0 0 
31 468 25 0 0 
19 494 15 0 0 
14 479 26 0 0 
21 353 13 0 0 
40 473 43 0 0 
14 499 33 0 0 
43 356 46 0 0 
36 492 38 0 0 
37 435 53 0 0 
2 410 55 0 0 
50 458 33 0 0 
35 457 46 0 0 
44 421 11 0 0 
38 445 57 0 0 
12 470 13 0 0 
7 462 31 0 0 
20 640 13 0 0 
5 486 43 0 0 
31 465 41 0 0 
76 410 42 0 0 
59 344 38 0 0 
19 408 11 0 0 
76 470 39 0 0 
17 472 30 0 0 
70 425 34 0 0 
68 398 39 0 0 
42 367 29 0 0 
103 360 17 0 0 
103 319 57 0 0 
43 412 3 0 0 
26 414 11 0 0 
8 426 44 0 0 
26 493 26 0 0 
17 374 116 0 0 
26 457 22 0 0 
46 488 26 0 0 
20 476 2 0 0 
50 414 6 0 0 
12 451 40 0 0 
12 474 19 0 0 
61 333 48 0 0 
36 369 23 0 0 
56 455 35 0 0 
35 440 22 0 0 
40 427 39 0 0 
31 500 14 0 0 
68 376 33 0 0 
78 360 47 0 0 
16 482 10 0 0 
32 359 27 10 0 
60 459 10 0 0 
84 325 60 0 0 
53 381 35 0 0 
10 498 15 0 0 
20 398 53 0 0 
25 495 15 0 0 
43 418 27 0 0 
11 460 43 0 0 
65 428 42 0 0 
13 395 106 0 0 
7 482 18 0 0 
19 499 10 0 0 
62 415 33 0 0 
22 392 81 0 0 
45 280 82 0 0 
15 471 43 0 0 
19 445 26 0 0 
38 362 6 0 0 
31 450 52 0 0 
35 379 35 0 0 
25 424 40 0 0 
20 400 39 0 0 
42 386 43 0 0 
53 408 29 0 0 
33 503 26 0 0 
52 434 41 0 0 
100 387 51 0 0 
11 366 52 0 0 
58 451 6 0 0 
85 378 48 0 0 
23 535 16 0 0 
29 522 17 0 0 
27 380 64 0 0 
33 391 10 0 0 
43 417 11 0 0 
39 525 18 0 0 
89 351 31 0 0 
28 387 31 0 0 
27 421 22 0 0 
18 438 60 0 0 
75 463 42 0 0 
45 379 43 0 0 
17 563 26 0 0 
55 510 6 0 0 
66 454 12 0 0 
9 390 3 0 0 
57 429 34 0 0 
20 422 9 0 0 
15 451 8 0 0 
16 449 30 0 0 
52 464 25 0 0 
47 430 29 0 0 
9 467 42 0 0 
25 562 4 0 0 
3 498 17 0 0 
37 475 11 0 0 
35 428 27 0 0 
31 304 13 0 0 
51 448 3 0 0 
46 428 16 0 0 
6 438 5 0 0 
45 288 72 0 0 
9 466 30 0 0 
41 418 21 0 0 
9 390 80 0 0 
56 439 32 0 0 
43 382 28 0 0 
35 396 34 0 0 
47 375 23 0 0 
45 453 20 0 0 
26 410 52 0 0 
28 370 41 0 0 
35 462 16 0 0 
60 341 6 0 0 
6 525 19 0 0 
15 455 47 0 0 
55 418 36 0 0 
34 457 23 0 0 
52 322 26 0 0 
48 428 19 0 0 
92 428 40 0 0 
14 496 24 0 0 
9 462 12 0 0 
22 402 27 0 0 
19 417 31 0 0 
47 440 8 0 0 
39 435 1 0 0 
43 381 8 0 0 
29 421 27 0 0 
50 440 29 0 0 
17 368 44 0 0 
9 387 44 0 0 
53 424 51 0 0 
31 439 9 0 0 
86 407 54 0 0 
61 409 33 0 0 
65 448 12 0 0 
36 445 14 0 0 
17 460 23 0 0 
30 452 71 0 0 
23 488 26 0 0 
91 448 13 0 0 
25 485 4 0 0 
47 404 55 0 0 
36 449 54 0 0 
27 380 46 0 0 
36 436 18 0 0 
32 542 20 0 0 
34 434 11 0 0 
42 465 72 0 0 
12 545 41 0 0 
43 480 20 0 0 
39 326 19 0 0 
33 392 37 0 0 
23 346 39 0 0 
20 458 11 0 0 
24 557 34 0 0 
48 414 41 0 0 
15 454 14 0 0 
55 356 52 0 0 
100 457 19 0 0 
18 377 41 0 0 
22 441 75 0 0 
26 487 69 0 0 
37 450 34 0 0 
57 374 45 0 0 
44 510 19 0 0 
42 394 56 0 0 
26 370 43 0 0 
18 518 36 0 0 
34 385 66 0 0 
6 487 13 0 0 
42 391 19 0 0 
124 360 55 0 0 
73 354 28 0 0 
96 407 12 0 0 
33 498 27 0 0 
60 375 49 0 0 
54 489 17 0 0 
16 444 5 0 0 
31 376 8 0 0 
15 438 49 0 0 
17 422 44 0 0 
13 474 8 0 0 
53 491 29 0 0 
23 385 38 0 0 
18 537 32 0 0 
44 459 51 0 0 
15 575 25 0 0 
19 393 37 0 0 
64 347 23 0 0 
87 375 52 0 0 
42 417 26 0 0 
60 385 49 0 0 
51 395 14 0 0 
35 395 33 0 0 
33 470 26 0 0 
36 477 11 0 0 
8 399 37 0 0 
37 458 4 0 0 
33 375 14 0 0 
59 418 20 0 0 
3 437 49 0 0 
14 445 14 0 0 
19 324 67 0 0 
31 374 59 0 0 
31 478 26 0 0 
24 435 21 0 0 
17 440 6 0 0 
92 405 25 0 0 
19 545 9 0 0 
84 421 4 0 0 
45 473 54 0 0 
42 406 56 0 0 
28 470 17 0 0 
72 378 45 0 0 
13 442 61 0 0 
2 481 25 0 0 
13 445 30 0 0 
10 505 24 0 0 
17 362 23 0 0 
37 464 7 0 0 
29 455 44 0 0 
66 419 44 0 0 
57 365 30 0 0 
52 433 41 0 0 
133 404 29 0 0 
37 371 14 0 0 
29 501 43 0 0 
8 490 11 0 0 
43 389 25 0 0 
8 421 41 0 0 
17 485 26 0 0 
45 495 4 0 0 
39 405 6 0 0 
51 446 26 0 0 
47 433 22 0 0 
41 363 48 0 0 
77 400 4 0 0 
45 424 25 0 0 
21 456 37 0 0 
58 406 62 0 0 
39 558 34 0 0 
45 465 105 0 0 
5 504 63 0 0 
51 433 49 0 0 
29 489 11 0 0 
58 548 7 0 0 
70 397 21 0 0 
33 418 17 0 0 
74 507 35 0 0 
32 416 52 0 0 
42 433 1 0 0 
81 455 2 0 0 
17 385 15 0 0 
26 421 29 0 0 
15 431 24 0 0 
26 426 33 0 0 
63 447 3 0 0 
14 414 6 0 0 
45 516 21 0 0 
31 368 31 0 0 
35 406 40 0 0 
13 480 22 0 0 
31 393 42 0 0 
113 392 29 0 0 
12 459 26 0 0 
48 424 30 0 0 
32 556 4 0 0 
3 466 25 0 0 
63 433 32 0 0 
53 382 51 0 0 
8 400 45 0 0 
63 393 32 0 0 
27 433 64 0 0 
41 383 19 0 0 
49 366 24 0 0 
34 408 77 0 0 
15 480 8 0 0 
16 460 32 0 0 
69 328 42 0 0 
55 424 24 0 0 
38 430 39 0 0 
50 503 21 0 0 
29 454 21 0 0 
20 540 12 0 0 
38 520 25 0 0 
52 406 55 0 0 
21 468 36 0 0 
53 441 42 0 0 
68 378 10 0 0 
10 408 35 0 0 
39 463 36 0 0 
16 374 36 0 0 
81 349 49 0 0 
58 314 42 0 0 
11 445 5 0 0 
58 438 69 0 0 
48 354 13 0 0 
38 390 58 0 0 
65 433 35 0 0 
25 437 74 0 0 
64 487 2 0 0 
45 382 30 0 0 
38 430 37 0 0 
29 457 34 0 0 
31 418 44 0 0 
16 417 20 0 0 
107 437 27 0 0 
17 430 16 0 0 
62 403 10 0 0 
54 393 48 0 0 
20 368 8 0 0 
13 496 27 0 0 
59 432 17 0 0 
27 417 41 0 0 
20 383 6 0 0 
42 459 21 0 0 
13 504 28 0 0 
38 430 11 0 0 
21 457 22 0 0 
40 395 41 0 0 
23 556 2 0 0 
26 436 16 0 0 
31 449 82 0 0 
17 542 13 0 0 
32 452 37 0 0 
23 479 26 0 0 
51 442 20 0 0 
48 480 17 0 0 
8 544 22 0 0 
17 384 151 0 0 
31 476 28 0 0 
45 397 26 0 0 
10 486 24 0 0 
34 430 62 0 0 
31 419 12 0 0 
72 252 50 0 0 
35 402 32 0 0 
14 494 54 0 0 
39 422 21 0 0 
33 346 59 0 0 
50 467 10 0 0 
19 424 77 0 0 
36 323 32 0 0 
39 468 47 0 0 
83 306 25 0 0 
119 399 30 0 0 
49 416 36 0 0 
88 376 35 0 0 
45 396 15 0 0 
30 469 23 0 0 
17 525 23 0 0 
32 439 50 0 0 
54 391 29 0 0 
84 426 19 0 0 
39 568 6 0 0 
8 508 19 0 0 
20 430 39 0 0 
20 446 28 0 0 
29 394 12 0 0 
29 399 21 0 0 
75 330 44 0 0 
48 416 41 0 0 
7 379 48 0 0 
75 463 3 0 0 
26 466 13 0 0 
29 385 48 0 0 
71 312 75 0 0 
6 465 62 0 0 
16 480 25 0 0 
71 380 24 0 0 
42 454 12 0 0 
41 474 52 0 0 
17 489 23 0 0 
49 466 19 0 0 
38 476 21 0 0 
14 380 10 0 0 
29 428 7 0 0 
51 542 30 0 0 
4 356 13 0 0 
4 513 29 0 0 
39 431 25 0 0 
22 509 5 0 0 
37 545 8 0 0 
28 454 51 0 0 
12 426 35 0 0 
38 464 9 0 0 
34 399 50 0 0 
34 410 10 0 0 
8 447 19 0 0 
33 427 38 0 0 
25 363 25 0 0 
66 356 41 0 0 
24 328 21 0 0 
85 389 42 0 0 
41 450 9 0 0 
26 396 69 0 0 
29 434 50 0 0 
74 427 13 0 0 
31 404 23 0 0 
33 343 25 0 0 
46 509 23 0 0 
46 363 39 0 0 
21 544 24 0 0 
42 521 18 0 0 
11 388 114 0 0 
8 388 72 0 0 
53 385 17 0 0 
54 466 63 0 0 
25 405 45 0 0 
13 490 41 0 0 
15 445 30 0 0 
39 491 29 0 0 
37 372 18 0 0 
47 403 23 0 0 
73 450 3 0 0 
50 435 23 0 0 
15 432 14 0 0 
44 471 32 0 0 
63 444 37 0 0 
45 429 47 0 0 
5 380 81 0 0 
12 428 23 0 0 
110 363 16 0 0 
38 540 21 0 0 
11 448 53 0 0 
23 416 19 0 0 
30 384 51 0 0 
30 461 48 0 0 
13 386 104 0 0 
32 434 47 0 0 
14 482 24 0 0 
64 358 47 0 0 
89 430 7 0 0 
20 367 48 0 0 
53 434 12 0 0 
20 402 27 0 0 
73 350 34 0 0 
14 476 70 0 0 
20 382 63 0 0 
22 532 27 1 0 
49 391 19 0 0 
59 420 37 0 0 
16 409 53 0 0 
95 417 7 0 0 
19 352 15 0 0 
38 383 18 0 0 
14 424 37 0 0 
18 377 53 0 0 
34 334 33 0 0 
30 389 97 0 0 
36 447 93 0 0 
8 487 44 0 0 
15 551 4 0 0 
22 427 20 0 0 
14 401 4 0 0 
33 463 41 0 0 
82 410 13 0 0 
28 491 24 0 0 
81 414 32 0 0 
23 362 20 0 0 
21 454 5 0 0 
43 504 24 0 0 
20 603 0 0 0 
31 384 23 0 0 
37 444 35 0 0 
16 526 15 0 0 
25 384 72 0 0 
20 506 21 0 0 
51 470 33 0 0 
32 436 44 0 0 
48 486 11 0 0 
17 529 14 0 0 
70 374 12 0 0 
75 455 30 0 0 
80 460 13 0 0 
54 391 19 0 0 
69 447 20 0 0 
23 361 76 0 0 
33 318 84 0 0 
28 510 55 0 0 
40 549 36 0 0 
24 402 49 0 0 
58 463 32 0 0 
99 430 26 0 0 
40 464 33 0 0 
39 409 21 0 0 
76 455 56 0 0 
51 395 78 0 0 
46 406 55 0 0 
26 379 67 0 0 
48 435 36 0 0 
28 392 19 0 0 
33 431 26 0 0 
32 509 6 0 0 
39 345 7 0 0 
56 431 39 0 0 
24 441 45 0 0 
41 288 6 0 0 
31 373 46 0 0 
17 388 61 0 0 
24 382 15 0 0 
89 324 82 0 0 
25 467 27 0 0 
71 361 31 0 0 
27 483 16 0 0 
4 484 49 0 0 
10 485 21 0 0 
23 430 36 0 0 
0 433 75 0 0 
12 460 17 0 0 
19 426 25 0 0 
52 498 21 0 0 
41 405 3 0 0 
30 419 54 0 0 
31 412 36 0 0 
11 552 9 0 0 
22 482 24 0 0 
15 373 111 0 0 
28 473 25 0 0 
29 461 30 0 0 
18 384 21 0 0 
7 525 29 0 0 
49 391 22 0 0 
35 385 22 0 0 
46 435 67 0 0 
67 429 39 0 0 
64 421 14 0 0 
31 492 19 0 0 
27 536 15 0 0 
24 326 47 0 0 
36 465 27 0 0 
22 451 34 0 0 
49 490 17 0 0 
13 447 20 0 0 
33 439 9 0 0 
38 444 8 0 0 
26 466 8 0 0 
5 467 14 0 0 
24 354 7 0 0 
8 417 43 0 0 
60 374 24 0 0 
46 455 46 0 0 
48 369 25 0 0 
12 404 46 0 0 
50 357 19 0 0 
25 418 32 0 0 
39 411 29 0 0 
14 467 22 0 0 
16 425 52 0 0 
20 399 23 0 0 
10 459 1 0 0 
56 366 57 0 0 
20 521 30 0 0 
25 383 30 0 0 
27 509 12 0 0 
39 386 42 0 0 
4 392 49 0 0 
89 350 64 0 0 
24 517 23 0 0 
29 502 18 0 0 
16 449 15 0 0 
37 425 90 0 0 
29 425 45 0 0 
25 445 27 0 0 
26 458 22 0 0 
22 492 26 0 0 
21 381 36 0 0 
46 526 18 0 0 
30 446 4 0 0 
17 493 12 0 0 
73 448 52 0 0 
22 445 40 0 0 
25 414 28 0 0 
5 425 36 0 0 
19 421 66 0 0 
72 449 34 0 0 
52 461 17 0 0 
49 414 14 0 0 
28 405 63 0 0 
67 408 16 0 0 
52 427 37 0 0 
39 542 26 0 0 
39 488 1 0 0 
54 480 10 0 0 
35 468 39 0 0 
38 494 32 0 0 
31 384 85 11 0 
98 349 26 0 0 
36 412 26 0 0 
41 413 58 0 0 
71 449 7 0 0 
70 478 25 0 0 
108 433 48 0 0 
55 404 27 0 0 
64 453 18 0 0 
13 587 18 0 0 
50 463 18 0 0 
35 374 57 0 0 
32 482 22 0 0 
92 362 17 0 0 
37 518 22 0 0 
15 500 35 0 0 
22 485 32 0 0 
19 495 20 0 0 
42 471 35 0 0 
24 442 18 0 0 
14 563 11 0 0 
48 317 50 0 0 
17 454 22 0 0 
3 544 28 0 0 
30 466 20 0 0 
58 449 25 0 0 
61 383 6 0 0 
39 408 44 0 0 
31 415 29 0 0 
58 467 26 0 0 
13 485 15 0 0 
58 464 17 0 0 
30 426 45 0 0 
30 488 12 0 0 
70 376 10 0 0 
45 413 7 0 0 
69 366 31 0 0 
36 430 45 0 0 
47 445 20 0 0 
59 436 14 0 0 
47 439 35 0 0 
66 507 12 0 0 
66 443 27 0 0 
54 430 11 0 0 
48 297 46 0 0 
11 559 34 0 0 
8 598 46 0 0 
8 520 12 0 0 
53 444 21 0 0 
85 483 1 0 0 
23 440 62 0 0 
73 352 36 0 0 
35 446 21 0 0 
87 446 9 0 0 
56 437 46 0 0 
143 385 30 0 0 
52 424 9 0 0 
16 471 45 0 0 
23 472 24 0 0 
22 466 9 0 0 
17 455 43 0 0 
30 507 63 0 0 
11 502 21 0 0 
55 300 11 0 0 
18 506 17 0 0 
20 442 40 0 0 
50 366 28 0 0 
7 386 22 0 0 
10 402 32 0 0 
121 431 21 0 0 
36 369 41 0 0 
115 336 26 0 0 
22 404 12 0 0 
4 449 60 0 0 
41 355 15 0 0 
40 416 44 0 0 
34 434 28 0 0 
23 408 44 0 0 
56 436 26 0 0 
35 418 18 0 0 
45 506 64 0 0 
19 492 39 0 0 
12 505 8 0 0 
36 465 22 0 0 
43 448 56 0 0 
31 440 8 0 0 
23 475 30 0 0 
21 441 29 0 0 
73 510 24 0 0 
15 494 23 0 0 
59 360 32 0 0 
23 390 30 0 0 
6 423 15 0 0 
29 466 20 0 0 
41 427 8 0 0 
18 518 63 0 0 
36 483 5 0 0 
37 386 27 0 0 
38 452 0 0 0 
35 391 29 0 0 
11 462 9 0 0 
27 341 23 0 0 
83 369 12 0 0 
16 434 40 0 0 
42 417 40 0 0 
31 413 49 0 0 
41 407 28 0 0 
86 379 50 0 0 
32 380 12 0 0 
43 367 42 0 0 
23 428 26 0 0 
36 439 22 0 0 
1 456 24 0 0 
39 390 75 0 0 
34 438 17 0 0 
21 447 13 0 0 
24 398 9 0 0 
17 472 29 0 0 
62 333 38 0 0 
25 470 35 0 0 
32 475 33 0 0 
23 472 9 0 0 
10 366 0 0 0 
42 458 25 0 0 
34 502 63 0 0 
8 418 4 0 0 
37 363 36 0 0 
60 412 1 0 0 
43 454 117 0 0 
16 406 31 0 0 
63 525 12 0 0 
30 490 21 0 0 
2 464 21 0 0 
96 391 40 0 0 
61 452 59 0 0 
63 372 64 0 0 
32 453 18 0 0 
31 460 42 0 0 
44 390 41 0 0 
36 392 6 0 0 
25 501 33 0 0 
43 395 19 0 0 
26 514 33 0 0 
28 339 83 0 0 
11 555 4 0 0 
18 395 66 0 0 
36 413 23 0 0 
49 418 38 0 0 
48 452 24 0 0 
1 444 21 0 0 
35 376 50 0 0 
6 479 51 0 0 
34 308 77 0 0 
28 429 11 0 0 
6 468 37 0 0 
9 512 9 0 0 
57 442 82 0 0 
59 378 19 0 0 
26 373 24 0 0 
36 453 18 0 0 
17 415 53 0 0 
11 463 16 0 0 
57 480 33 0 0 
53 396 52 0 0 
33 438 40 0 0 
16 447 27 0 0 
58 519 48 0 0 
51 441 27 0 0 
38 405 29 0 0 
31 510 45 0 0 
28 439 47 0 0 
28 416 32 0 0 
20 468 33 0 0 
52 531 9 0 0 
63 427 54 0 0 
36 433 25 0 0 
43 435 53 0 0 
35 473 4 0 0 
22 524 30 0 0 
32 402 32 0 0 
30 463 39 0 0 
31 431 33 0 0 
61 450 51 0 0 
24 464 60 0 0 
50 421 44 0 0 
8 343 71 0 0 
47 406 23 0 0 
22 364 48 0 0 
24 414 9 0 0 
26 494 15 0 0 
22 416 20 0 0 
104 384 18 0 0 
50 478 42 0 0 
22 415 32 0 0 
41 354 12 0 0 
29 402 23 0 0 
12 420 24 0 0 
27 442 11 0 0 
27 344 38 0 0 
41 454 26 0 0 
36 300 17 0 0 
45 462 3 0 0 
44 399 14 0 0 
50 466 22 0 0 
63 297 65 0 0 
36 461 8 0 0 
27 550 20 0 0 
24 392 81 0 0 
31 431 49 0 0 
61 459 21 0 0 
43 380 49 0 0 
56 481 34 0 0 
13 358 36 0 0 
17 379 30 0 0 
21 419 40 0 0 
38 409 40 0 0 
58 459 17 0 0 
50 541 27 5 0 
29 476 22 0 0 
26 411 24 0 0 
28 434 49 0 0 
13 331 36 0 0 
19 486 12 0 0 
80 445 34 0 0 
40 368 20 0 0 
34 408 14 0 0 
11 415 37 0 0 
58 416 16 0 0 
38 448 36 0 0 
26 444 65 0 0 
22 432 59 0 0 
89 426 4 0 0 
31 400 7 0 0 
76 416 28 0 0 
50 469 31 0 0 
26 433 29 0 0 
7 424 36 0 0 
37 443 61 0 0 
28 481 11 0 0 
18 382 11 0 0 
8 461 39 0 0 
19 445 22 0 0 
49 523 36 0 0 
39 394 51 0 0 
65 409 26 0 0 
53 453 18 0 0 
49 418 14 0 0 
7 488 26 0 0 
34 448 5 0 0 
15 426 12 0 0 
37 411 34 0 0 
33 422 8 0 0 
30 399 28 0 0 
21 408 11 0 0 
33 404 11 0 0 
27 465 32 0 0 
58 407 42 0 0 
51 335 54 0 0 
29 387 42 0 0 
26 439 9 0 0 
19 313 55 0 0 
18 437 22 0 0 
32 476 33 0 0 
18 465 47 0 0 
45 434 58 0 0 
29 521 6 0 0 
13 525 39 0 0 
56 461 17 0 0 
34 458 0 0 0 
16 391 33 0 0 
50 389 37 0 0 
38 488 57 0 0 
24 427 19 0 0 
52 473 6 0 0 
45 486 16 0 0 
59 375 9 0 0 
18 471 30 0 0 
18 472 10 0 0 
16 346 60 0 0 
18 473 19 0 0 
11 488 20 0 0 
40 491 34 0 0 
47 435 17 0 0 
22 433 46 0 0 
42 381 17 0 0 
19 409 29 0 0 
42 432 16 0 0 
0 397 45 0 0 
19 399 19 0 0 
40 412 12 0 0 
39 429 40 0 0 
25 438 51 0 0 
17 475 0 0 0 
44 457 30 0 0 
34 397 4 0 0 
32 494 4 2 0 
60 382 21 0 0 
