686 202 112 
576 253 171 
615 190 195 
678 221 101 
674 194 132 
540 247 213 
614 200 186 
695 191 114 
652 217 131 
672 170 158 
691 225 84 
596 185 219 
572 214 214 
565 151 284 
562 221 217 
629 187 184 
588 231 181 
673 168 159 
697 214 89 
632 177 191 
626 223 151 
660 189 151 
654 201 145 
611 205 184 
667 160 173 
612 238 150 
456 227 317 
583 214 203 
665 163 172 
680 176 144 
478 152 370 
592 187 221 
508 216 276 
638 214 148 
658 212 130 
619 212 169 
569 236 195 
631 186 183 
636 203 161 
646 177 177 
625 215 160 
634 192 174 
586 190 224 
713 169 118 
651 167 182 
637 201 162 
542 205 253 
551 235 214 
663 215 122 
603 223 174 
661 192 147 
541 257 202 
661 189 150 
571 197 232 
645 162 193 
617 202 181 
586 182 232 
535 238 227 
575 240 185 
645 229 126 
587 261 152 
651 200 149 
634 249 117 
545 233 222 
562 250 188 
551 249 200 
638 224 138 
624 197 179 
668 176 156 
636 212 152 
608 227 165 
669 192 139 
625 205 170 
681 202 117 
586 215 199 
637 192 171 
635 186 179 
573 242 185 
617 226 157 
649 186 165 
651 184 165 
585 232 183 
685 200 115 
529 252 219 
542 234 224 
589 235 176 
658 197 145 
576 195 229 
686 207 107 
605 221 174 
589 226 185 
685 180 135 
598 274 128 
553 235 212 
670 200 130 
572 248 180 
589 189 222 
603 226 171 
641 151 208 
594 263 143 
641 222 137 
575 262 163 
600 167 233 
613 232 155 
561 286 153 
660 195 145 
544 213 243 
624 180 196 
679 126 195 
681 184 135 
587 200 213 
561 230 209 
650 184 166 
678 203 119 
621 195 184 
536 227 237 
676 154 170 
554 161 285 
556 230 214 
648 191 161 
645 209 146 
532 209 259 
638 203 159 
544 205 251 
615 218 167 
728 176 96 
624 232 144 
609 194 197 
594 235 171 
565 235 200 
710 170 120 
621 194 185 
567 223 210 
622 231 147 
577 215 208 
586 223 191 
620 211 169 
612 230 158 
630 141 229 
592 185 223 
621 207 172 
522 271 207 
676 190 134 
748 179 73 
623 239 138 
704 194 102 
593 217 190 
635 210 155 
707 168 125 
640 229 131 
671 186 143 
609 202 189 
548 195 257 
654 206 140 
652 208 140 
742 160 98 
561 181 258 
542 164 294 
665 223 112 
709 135 156 
653 191 156 
656 174 170 
427 245 328 
554 223 223 
500 188 312 
639 206 155 
698 183 119 
627 208 165 
597 231 172 
593 237 170 
597 225 178 
595 226 179 
652 168 180 
558 247 195 
643 161 196 
620 164 216 
634 184 182 
629 190 181 
641 233 126 
574 196 230 
545 249 206 
580 192 228 
527 199 274 
633 194 173 
630 210 160 
669 224 107 
602 264 134 
589 198 213 
502 219 279 
622 199 179 
618 209 173 
630 217 153 
635 249 116 
682 178 140 
573 209 218 
625 180 195 
600 239 161 
571 215 214 
619 173 208 
644 215 141 
599 169 232 
699 166 135 
640 178 182 
683 206 111 
603 216 181 
519 238 243 
658 220 122 
521 274 205 
544 258 198 
568 215 217 
575 268 157 
703 205 92 
574 203 223 
710 158 132 
717 160 123 
629 142 229 
656 224 120 
553 217 230 
597 152 251 
668 161 171 
628 207 165 
625 189 186 
602 202 196 
694 167 139 
631 235 134 
653 241 106 
629 223 148 
596 224 180 
710 172 118 
581 244 175 
611 219 170 
735 185 80 
630 235 135 
660 176 164 
705 183 112 
624 165 211 
682 187 131 
624 229 147 
702 186 112 
600 189 211 
562 217 221 
664 160 176 
725 184 91 
697 159 144 
658 211 131 
527 203 270 
551 256 193 
699 113 188 
608 241 151 
651 194 155 
572 221 207 
634 192 174 
597 258 145 
646 213 141 
595 230 175 
680 202 118 
538 152 310 
604 236 160 
627 238 135 
535 216 249 
623 179 198 
631 157 212 
675 162 163 
596 261 143 
615 195 190 
592 191 217 
694 166 140 
634 162 204 
712 183 105 
577 165 258 
694 213 93 
643 230 127 
547 256 197 
644 182 174 
680 156 164 
568 248 184 
663 189 148 
602 235 163 
658 202 140 
686 206 108 
649 243 108 
706 181 113 
581 248 171 
640 194 166 
569 188 243 
640 201 159 
551 252 197 
557 159 284 
624 200 176 
705 173 122 
660 178 162 
615 211 174 
677 143 180 
672 201 127 
677 202 121 
664 211 125 
535 240 225 
671 173 156 
646 204 150 
620 198 182 
621 262 117 
659 166 175 
613 267 120 
606 236 158 
676 157 167 
639 242 119 
662 214 124 
656 157 187 
562 196 242 
578 240 182 
661 208 131 
534 271 195 
593 189 218 
497 251 252 
607 198 195 
638 158 204 
598 231 171 
592 265 143 
529 248 223 
717 167 116 
628 199 173 
575 218 207 
585 174 241 
570 175 255 
591 208 201 
603 238 159 
598 218 184 
610 180 210 
609 175 216 
677 186 137 
702 181 117 
583 200 217 
620 224 156 
621 252 127 
591 150 259 
626 266 108 
593 203 204 
508 229 263 
626 184 190 
738 149 113 
640 180 180 
664 225 111 
680 180 140 
635 219 146 
666 206 128 
579 242 179 
624 218 158 
647 160 193 
550 210 240 
556 228 216 
640 217 143 
712 194 94 
626 241 133 
673 172 155 
637 196 167 
617 206 177 
584 270 146 
747 182 71 
557 197 246 
659 259 82 
589 234 177 
543 254 203 
575 217 208 
555 218 227 
622 242 136 
672 211 117 
522 227 251 
673 198 129 
497 222 281 
534 215 251 
607 164 229 
644 184 172 
576 228 196 
703 162 135 
690 154 156 
670 246 84 
650 221 129 
698 184 118 
643 174 183 
650 189 161 
592 261 147 
528 242 230 
714 191 95 
623 251 126 
568 159 273 
681 188 131 
586 202 212 
667 219 114 
530 186 284 
689 145 166 
642 212 146 
682 167 151 
579 254 167 
631 203 166 
595 217 188 
596 239 165 
597 194 209 
597 181 222 
626 206 168 
612 173 215 
633 214 153 
686 186 128 
594 203 203 
664 184 152 
613 210 177 
702 181 117 
649 173 178 
579 221 200 
623 225 152 
619 227 154 
587 251 162 
600 225 175 
641 183 176 
628 205 167 
655 168 177 
613 226 161 
584 187 229 
560 223 217 
581 188 231 
556 219 225 
675 194 131 
536 158 306 
595 201 204 
644 215 141 
555 154 291 
646 177 177 
529 262 209 
684 162 154 
676 210 114 
549 266 185 
629 200 171 
656 202 142 
729 200 71 
693 182 125 
634 192 174 
660 220 120 
669 186 145 
575 191 234 
732 141 127 
638 212 150 
682 208 110 
671 224 105 
646 200 154 
625 224 151 
615 199 186 
576 172 252 
563 243 194 
607 268 125 
626 202 172 
568 239 193 
635 212 153 
596 111 293 
617 177 206 
558 218 224 
629 243 128 
649 185 166 
671 190 139 
664 232 104 
695 148 157 
681 176 143 
581 181 238 
681 194 125 
613 225 162 
622 164 214 
664 192 144 
523 232 245 
672 224 104 
625 200 175 
603 221 176 
613 190 197 
592 179 229 
653 182 165 
692 196 112 
590 187 223 
617 217 166 
613 192 195 
665 195 140 
653 208 139 
670 205 125 
616 186 198 
689 171 140 
579 202 219 
600 182 218 
593 268 139 
689 207 104 
698 168 134 
658 172 170 
632 240 128 
557 222 221 
568 209 223 
740 157 103 
538 202 260 
644 226 130 
625 213 162 
578 159 263 
614 186 200 
656 147 197 
609 281 110 
551 245 204 
602 237 161 
628 238 134 
670 189 141 
516 274 210 
626 242 132 
681 136 183 
616 207 177 
650 165 185 
642 155 203 
718 164 118 
693 186 121 
571 272 157 
578 305 117 
534 215 251 
609 219 172 
681 145 174 
542 179 279 
559 221 220 
626 180 194 
632 187 181 
666 198 136 
625 163 212 
568 183 249 
601 214 185 
644 202 154 
580 248 172 
575 174 251 
715 222 63 
667 190 143 
621 211 168 
674 181 145 
721 159 120 
652 201 147 
554 233 213 
676 155 169 
638 208 154 
605 274 121 
675 190 135 
612 229 159 
586 278 136 
617 220 163 
652 177 171 
633 222 145 
646 194 160 
625 174 201 
591 180 229 
704 215 81 
723 179 98 
598 190 212 
548 179 273 
595 166 239 
564 247 189 
611 207 182 
603 211 186 
641 204 155 
613 202 185 
633 195 172 
624 204 172 
608 210 182 
615 259 126 
666 212 122 
597 213 190 
614 238 148 
558 175 267 
585 207 208 
607 216 177 
655 190 155 
623 167 210 
605 218 177 
516 193 291 
650 189 161 
533 229 238 
537 197 266 
666 190 144 
654 215 131 
559 228 213 
689 182 129 
602 190 208 
662 149 189 
657 162 181 
612 183 205 
706 184 110 
640 197 163 
612 249 139 
589 171 240 
515 179 306 
604 211 185 
619 239 142 
714 185 101 
640 275 85 
574 233 193 
533 168 299 
580 241 179 
519 187 294 
647 221 132 
641 193 166 
678 204 118 
679 232 89 
607 249 144 
530 275 195 
656 235 109 
494 197 309 
659 141 200 
495 243 262 
637 227 136 
558 209 233 
639 242 119 
751 202 47 
649 168 183 
541 229 230 
596 240 164 
711 122 167 
545 202 253 
596 167 237 
642 202 156 
685 184 131 
595 152 253 
637 219 144 
616 198 186 
667 182 151 
639 209 152 
606 200 194 
557 202 241 
575 245 180 
583 176 241 
621 218 161 
609 180 211 
688 189 123 
655 179 166 
622 259 119 
562 191 247 
551 153 296 
615 245 140 
638 229 133 
608 222 170 
691 169 140 
664 198 138 
559 210 231 
662 185 153 
634 172 194 
673 198 129 
551 227 222 
574 236 190 
610 213 177 
695 132 173 
617 167 216 
578 204 218 
628 201 171 
653 160 187 
681 133 186 
642 200 158 
632 204 164 
592 223 185 
642 187 171 
651 180 169 
586 215 199 
595 238 167 
533 173 294 
629 239 132 
605 183 212 
564 202 234 
581 221 198 
591 278 131 
653 174 173 
556 239 205 
615 215 170 
638 189 173 
555 198 247 
566 284 150 
693 158 149 
632 230 138 
583 185 232 
560 246 194 
637 260 103 
609 209 182 
626 215 159 
584 284 132 
619 233 148 
673 189 138 
638 179 183 
694 183 123 
614 214 172 
590 200 210 
604 244 152 
621 193 186 
597 198 205 
683 193 124 
682 188 130 
680 206 114 
639 218 143 
544 271 185 
633 193 174 
667 185 148 
576 237 187 
630 136 234 
636 249 115 
571 219 210 
642 206 152 
688 162 150 
622 210 168 
528 221 251 
606 240 154 
555 245 200 
578 185 237 
513 201 286 
676 220 104 
576 161 263 
603 220 177 
545 177 278 
656 180 164 
667 179 154 
569 179 252 
507 279 214 
566 268 166 
613 234 153 
684 143 173 
569 222 209 
532 190 278 
579 200 221 
611 239 150 
604 227 169 
607 244 149 
589 182 229 
610 227 163 
592 149 259 
644 186 170 
628 221 151 
628 185 187 
687 226 87 
632 168 200 
690 173 137 
550 207 243 
675 198 127 
605 230 165 
584 217 199 
520 251 229 
628 163 209 
666 185 149 
623 150 227 
605 197 198 
677 190 133 
650 208 142 
675 211 114 
685 185 130 
575 308 117 
684 180 136 
597 264 139 
583 240 177 
603 161 236 
572 253 175 
574 175 251 
658 188 154 
645 197 158 
711 203 86 
715 169 116 
654 215 131 
658 228 114 
633 174 193 
622 187 191 
584 194 222 
607 222 171 
559 248 193 
646 177 177 
717 166 117 
634 172 194 
603 191 206 
610 237 153 
568 202 230 
685 222 93 
553 243 204 
645 209 146 
595 253 152 
537 248 215 
550 238 212 
555 217 228 
679 205 116 
601 247 152 
560 202 238 
658 160 182 
548 220 232 
611 240 149 
638 193 169 
554 263 183 
649 197 154 
624 208 168 
679 172 149 
542 224 234 
623 252 125 
573 264 163 
621 199 180 
639 221 140 
715 155 130 
558 178 264 
604 227 169 
637 168 195 
612 155 233 
594 223 183 
674 171 155 
666 189 145 
632 187 181 
623 201 176 
696 197 107 
658 258 84 
659 217 124 
668 201 131 
581 258 161 
530 190 280 
594 228 178 
634 187 179 
518 171 311 
667 198 135 
532 215 253 
705 209 86 
692 202 106 
557 253 190 
658 152 190 
518 209 273 
615 205 180 
680 167 153 
544 218 238 
619 205 176 
530 221 249 
655 187 158 
575 224 201 
623 132 245 
595 221 184 
658 181 161 
578 229 193 
583 181 236 
593 233 174 
636 193 171 
595 179 226 
629 128 243 
563 199 238 
615 175 210 
663 158 179 
642 203 155 
583 185 232 
551 234 215 
666 215 119 
535 231 234 
667 203 130 
628 175 197 
650 215 135 
519 221 260 
628 212 160 
598 178 224 
631 200 169 
565 164 271 
593 221 186 
557 180 263 
578 185 237 
637 216 147 
594 197 209 
609 237 154 
536 202 262 
590 216 194 
619 227 154 
637 221 142 
597 133 270 
592 185 223 
685 159 156 
560 212 228 
639 187 174 
504 185 311 
612 227 161 
561 205 234 
633 158 209 
647 275 78 
585 173 242 
660 237 103 
512 255 233 
660 179 161 
653 225 122 
705 152 143 
510 233 257 
654 205 141 
653 159 188 
605 238 157 
746 166 88 
635 221 144 
642 224 134 
625 185 190 
655 175 170 
674 217 109 
526 224 250 
709 155 136 
574 230 196 
635 227 138 
642 240 118 
619 204 177 
695 169 136 
610 242 148 
571 173 256 
590 184 226 
761 158 81 
577 279 144 
610 216 174 
587 210 203 
645 186 169 
584 196 220 
540 204 256 
567 267 166 
522 195 283 
571 178 251 
514 237 249 
559 160 281 
609 132 259 
713 171 116 
566 189 245 
613 246 141 
614 221 165 
665 225 110 
586 215 199 
622 216 162 
630 244 126 
596 237 167 
562 230 208 
681 205 114 
640 221 139 
628 219 153 
626 252 122 
681 153 166 
585 181 234 
644 176 180 
510 181 309 
623 197 180 
627 226 147 
672 188 140 
625 198 177 
609 214 177 
558 217 225 
627 181 192 
596 216 188 
627 245 128 
677 186 137 
663 184 153 
603 226 171 
663 163 174 
561 205 234 
552 219 229 
614 233 153 
685 188 127 
599 240 161 
492 226 282 
679 203 118 
619 255 126 
593 216 191 
597 248 155 
616 151 233 
622 195 183 
577 278 145 
563 265 172 
616 208 176 
691 186 123 
712 170 118 
687 172 141 
683 156 161 
607 186 207 
644 216 140 
578 194 228 
709 185 106 
676 169 155 
622 237 141 
699 168 133 
605 262 133 
633 219 148 
573 243 184 
579 198 223 
684 157 159 
613 192 195 
589 220 191 
612 250 138 
618 154 228 
661 204 135 
667 206 127 
623 249 128 
730 185 85 
658 190 152 
575 215 210 
593 267 140 
641 226 133 
624 214 162 
698 152 150 
591 200 209 
622 245 133 
611 135 254 
700 226 74 
611 238 151 
618 170 212 
635 182 183 
649 150 201 
633 161 206 
555 192 253 
611 203 186 
688 221 91 
651 197 152 
571 211 218 
703 176 121 
705 164 131 
546 236 218 
