133 178 45 4 0 
139 232 31 0 0 
148 140 46 1 0 
155 225 32 4 0 
115 219 74 2 0 
113 166 14 0 0 
89 193 42 7 0 
150 295 10 0 0 
162 222 71 0 0 
56 379 90 0 0 
120 271 12 0 0 
142 245 87 0 0 
130 325 55 0 0 
162 136 103 0 0 
157 208 2 0 0 
112 281 89 0 0 
216 262 10 0 0 
198 156 67 0 0 
150 205 10 0 0 
149 179 76 0 0 
124 148 21 0 0 
69 286 39 0 0 
181 163 33 0 0 
134 201 45 13 0 
94 164 12 0 0 
135 188 40 0 0 
61 257 69 5 0 
76 204 37 0 0 
78 196 36 4 0 
51 206 112 0 0 
124 406 7 0 0 
118 274 21 0 0 
135 182 45 0 0 
167 210 40 0 0 
172 198 92 0 0 
39 252 133 0 0 
132 187 95 0 0 
76 228 134 6 0 
90 254 58 0 0 
107 352 17 0 0 
142 246 65 15 0 
158 330 19 0 0 
54 130 97 2 0 
278 261 40 0 0 
167 302 77 0 0 
99 318 15 0 0 
27 314 77 6 0 
160 251 44 0 0 
101 137 103 13 0 
169 256 20 0 0 
70 275 14 2 0 
76 314 22 0 0 
112 235 54 17 0 
118 264 53 6 0 
58 214 39 13 0 
39 220 17 0 0 
145 134 126 0 0 
218 286 27 0 0 
82 445 40 0 0 
109 255 46 0 0 
111 299 80 36 0 
74 251 125 44 0 
148 288 79 46 0 
202 234 33 0 0 
94 205 89 0 0 
165 199 33 8 0 
140 303 52 0 0 
141 143 111 0 0 
129 211 8 0 0 
85 285 18 27 0 
122 232 37 0 0 
155 158 113 0 0 
113 224 56 0 0 
126 258 57 0 0 
92 267 72 0 0 
218 235 36 0 0 
94 217 126 0 0 
47 306 100 39 0 
82 236 77 0 0 
135 347 8 0 0 
136 153 99 0 0 
199 216 39 0 0 
193 154 78 0 0 
183 226 81 0 0 
93 174 84 2 0 
116 261 30 0 0 
91 215 43 0 0 
148 199 15 22 0 
97 166 50 0 0 
147 192 33 0 0 
175 316 20 0 0 
122 353 121 6 0 
145 265 53 0 0 
153 240 34 0 0 
194 172 33 0 0 
120 266 24 0 0 
207 153 25 0 0 
108 328 17 0 0 
162 206 35 0 0 
99 141 170 16 0 
89 271 117 0 0 
158 227 91 0 0 
140 209 69 1 0 
107 139 96 0 0 
134 166 64 0 0 
125 282 57 0 0 
153 186 74 9 0 
167 288 27 0 0 
104 243 60 1 0 
156 200 34 0 0 
106 80 89 0 0 
80 308 75 0 0 
99 291 58 0 0 
109 260 25 0 0 
93 264 63 0 0 
181 244 24 0 0 
109 184 118 2 0 
72 183 66 0 0 
119 275 37 0 0 
226 210 24 1 0 
212 250 51 0 0 
132 479 73 0 0 
163 191 56 17 0 
116 321 36 0 0 
68 194 62 0 0 
73 310 21 1 0 
28 236 80 13 0 
157 237 16 0 0 
145 311 14 0 0 
144 253 23 0 0 
172 187 82 0 0 
74 187 57 2 0 
84 170 37 0 0 
125 188 73 0 0 
114 255 39 0 0 
130 270 97 0 0 
71 282 15 0 0 
149 154 32 1 0 
62 269 88 0 0 
104 276 24 0 0 
22 381 54 0 0 
168 318 13 0 0 
68 315 73 0 0 
110 212 57 0 0 
40 253 88 0 0 
76 148 137 14 0 
94 228 35 33 0 
157 212 43 0 0 
140 208 12 19 0 
143 304 28 7 0 
70 221 47 0 0 
177 244 45 0 0 
153 281 26 0 0 
68 181 27 0 0 
50 373 40 0 0 
139 203 72 1 0 
101 181 17 18 0 
96 317 30 4 0 
78 342 38 0 0 
27 322 73 0 0 
162 254 70 15 0 
175 163 124 0 0 
71 256 37 0 0 
97 223 33 26 0 
149 294 87 4 0 
160 261 31 0 0 
66 318 22 0 0 
70 229 16 2 0 
80 237 54 0 0 
78 293 11 0 0 
152 222 30 12 0 
85 220 29 0 0 
111 303 34 0 0 
146 181 75 16 0 
63 265 65 0 0 
150 215 43 0 0 
134 257 56 13 0 
194 147 45 1 0 
120 364 19 0 0 
148 169 98 22 0 
156 258 21 0 0 
122 263 39 0 0 
118 286 86 0 0 
198 262 25 0 0 
143 228 58 1 0 
55 212 48 2 0 
178 236 67 0 0 
116 174 94 0 0 
79 276 58 0 0 
87 248 148 0 0 
109 193 36 0 0 
99 250 47 0 0 
147 162 59 0 0 
87 204 100 10 0 
180 280 31 0 0 
49 290 75 0 0 
77 275 128 9 0 
83 262 62 0 0 
124 161 19 0 0 
56 232 37 0 0 
114 183 47 0 0 
169 232 72 7 0 
109 175 26 0 0 
60 195 80 0 0 
137 243 68 0 0 
156 239 71 0 0 
78 191 36 1 0 
65 137 31 0 0 
98 145 69 6 0 
60 249 73 30 0 
67 178 78 23 0 
86 135 162 0 0 
163 286 45 18 0 
33 303 76 0 0 
35 250 139 0 0 
209 233 53 0 0 
154 259 44 0 0 
169 341 24 0 0 
46 289 83 0 0 
78 231 108 0 0 
133 327 115 6 0 
149 152 32 0 0 
145 205 80 13 0 
117 275 69 0 0 
121 287 83 0 0 
109 334 104 0 0 
96 231 72 0 0 
132 195 86 0 0 
109 187 48 0 0 
116 175 199 0 0 
82 326 116 0 0 
129 239 133 0 0 
96 160 65 0 0 
114 301 28 0 0 
78 281 19 0 0 
160 97 60 0 0 
38 236 196 0 0 
51 286 17 15 0 
204 132 73 0 0 
52 231 99 0 0 
221 160 5 0 0 
136 120 163 1 0 
103 135 58 6 0 
91 296 70 1 0 
145 320 45 0 0 
82 256 58 0 0 
118 191 77 0 0 
114 297 61 0 0 
71 349 85 0 0 
77 328 50 2 0 
104 318 81 0 0 
92 119 92 6 0 
54 269 30 0 0 
129 289 41 0 0 
77 269 54 0 0 
69 219 74 6 0 
91 344 46 9 0 
138 215 15 2 0 
95 207 71 0 0 
58 203 15 1 0 
112 215 62 0 0 
217 125 28 0 0 
86 151 74 11 0 
96 257 9 7 0 
147 221 52 9 0 
76 445 8 0 0 
80 244 64 0 0 
115 290 95 4 0 
230 263 26 0 0 
100 227 102 0 0 
151 249 35 0 0 
65 308 51 3 0 
84 199 69 0 0 
162 185 112 0 0 
230 210 23 0 0 
122 122 54 0 0 
177 212 28 1 0 
139 196 18 0 0 
107 247 80 0 0 
96 338 29 0 0 
187 227 84 0 0 
76 238 69 2 0 
157 275 6 6 0 
101 204 19 0 0 
150 218 39 28 0 
173 189 21 0 0 
115 185 86 3 0 
92 241 99 0 0 
168 272 24 0 0 
76 270 107 0 0 
66 304 43 0 0 
95 287 19 0 0 
94 227 81 0 0 
159 247 61 0 0 
110 238 74 0 0 
141 273 38 1 0 
192 217 99 4 0 
121 194 21 9 0 
42 163 63 9 0 
114 137 145 0 0 
220 302 54 0 0 
183 209 54 0 0 
173 245 8 0 0 
119 355 12 1 0 
171 305 44 0 0 
92 187 93 0 0 
107 226 50 0 0 
99 262 80 0 0 
140 194 19 15 0 
103 293 30 4 0 
86 167 100 0 0 
143 169 43 0 0 
162 249 44 0 0 
183 206 77 0 0 
113 206 85 0 0 
104 202 66 0 0 
122 137 91 2 0 
109 302 33 0 0 
146 225 13 0 0 
118 255 23 10 0 
179 256 35 0 0 
120 256 125 0 0 
110 200 61 0 0 
182 203 21 4 0 
184 220 27 0 0 
219 97 59 3 0 
157 229 71 0 0 
51 215 64 0 0 
181 313 74 0 0 
137 281 53 1 0 
179 318 17 0 0 
149 261 15 0 0 
55 257 64 12 0 
120 256 37 1 0 
68 358 23 0 0 
41 172 17 0 0 
125 223 60 0 0 
123 154 152 0 0 
76 205 40 2 0 
158 191 94 0 0 
167 216 30 0 0 
193 258 61 0 0 
97 236 132 6 0 
198 192 68 6 0 
109 256 10 1 0 
130 268 27 0 0 
196 305 15 0 0 
75 385 31 0 0 
75 366 47 0 0 
114 240 31 0 0 
110 271 108 0 0 
240 224 61 0 0 
134 237 80 0 0 
90 221 60 0 0 
139 218 39 0 0 
54 278 15 0 0 
44 280 158 4 0 
139 129 82 11 0 
170 215 132 0 0 
104 127 130 0 0 
84 261 15 0 0 
125 247 37 3 0 
95 244 42 1 0 
197 184 53 0 0 
90 256 59 0 0 
112 207 112 0 0 
119 228 72 0 0 
97 209 44 4 0 
123 308 42 0 0 
80 254 48 0 0 
89 219 25 6 0 
106 300 66 26 0 
59 157 107 0 0 
191 140 110 0 0 
55 292 79 0 0 
160 335 105 0 0 
171 234 59 0 0 
178 260 46 0 0 
116 228 39 0 0 
155 263 101 0 0 
206 193 87 0 0 
114 308 24 0 0 
58 234 49 9 0 
51 293 95 0 0 
104 249 43 0 0 
130 169 26 0 0 
109 253 70 0 0 
35 261 58 0 0 
80 240 52 0 0 
107 208 65 0 0 
161 208 69 0 0 
16 277 58 0 0 
214 232 19 6 0 
85 196 61 0 0 
36 372 94 0 0 
138 230 9 0 0 
77 343 32 32 0 
155 167 138 4 0 
147 210 51 5 0 
224 232 35 16 0 
68 192 83 0 0 
35 218 74 10 0 
104 323 36 0 0 
149 292 77 4 0 
77 246 52 0 0 
202 162 31 0 0 
217 186 23 0 0 
13 331 90 0 0 
163 132 47 0 0 
123 146 100 0 0 
146 170 58 0 0 
193 179 41 0 0 
162 219 9 0 0 
87 232 18 4 0 
88 294 88 0 0 
79 159 40 2 0 
143 273 45 13 0 
124 268 36 0 0 
85 186 26 12 0 
196 289 53 0 0 
118 212 27 72 0 
105 210 104 5 0 
104 233 39 0 0 
257 150 60 0 0 
22 182 71 24 0 
92 204 34 0 0 
46 250 18 8 0 
236 265 22 0 0 
100 160 57 0 0 
73 379 66 0 0 
137 197 53 1 0 
137 272 12 0 0 
99 293 52 0 0 
167 247 37 0 0 
115 220 81 0 0 
67 390 42 0 0 
163 217 50 8 0 
228 288 8 0 0 
101 252 70 4 0 
177 150 10 0 0 
32 301 79 0 0 
146 316 16 0 0 
58 224 41 0 0 
44 245 62 0 0 
178 226 64 0 0 
65 290 60 0 0 
141 95 74 0 0 
124 323 31 0 0 
102 258 54 0 0 
135 238 1 0 0 
118 317 6 0 0 
48 235 46 12 0 
49 238 41 0 0 
88 205 54 0 0 
112 220 90 0 0 
183 186 33 12 0 
122 245 36 0 0 
125 152 55 0 0 
136 231 66 0 0 
109 192 60 1 0 
184 178 65 11 0 
112 220 16 0 0 
113 353 58 1 0 
93 258 92 2 0 
120 261 2 0 0 
198 196 65 0 0 
154 225 13 1 0 
71 276 44 0 0 
122 205 25 0 0 
125 197 50 0 0 
89 358 18 0 0 
138 238 41 0 0 
43 212 41 12 0 
175 300 27 0 0 
198 218 97 0 0 
253 159 16 15 0 
97 229 52 0 0 
148 247 50 0 0 
72 297 22 30 0 
205 194 23 0 0 
161 182 38 0 0 
108 223 15 0 0 
179 182 78 0 0 
86 131 47 0 0 
233 209 109 0 0 
255 274 45 1 0 
149 208 62 8 0 
89 203 17 0 0 
158 222 34 0 0 
165 251 47 1 0 
79 238 52 0 0 
141 171 99 0 0 
47 196 63 0 0 
37 294 96 0 0 
121 286 33 0 0 
70 187 51 18 0 
88 188 46 0 0 
112 308 21 0 0 
56 190 42 53 0 
111 159 38 0 0 
94 189 48 0 0 
135 288 75 0 0 
181 161 64 0 0 
95 197 80 0 0 
196 161 68 53 18 
73 246 41 0 0 
101 295 64 0 0 
99 258 46 0 0 
210 198 21 0 0 
169 196 35 0 0 
113 205 26 0 0 
142 247 80 16 0 
109 307 145 0 0 
112 324 52 0 0 
118 204 52 0 0 
171 302 59 0 0 
43 202 90 0 0 
102 202 64 10 0 
47 227 65 0 0 
137 390 93 0 0 
105 169 131 0 0 
257 187 56 18 0 
165 222 36 2 0 
108 154 62 0 0 
108 291 73 0 0 
73 229 54 0 0 
129 214 76 0 0 
61 272 17 17 0 
148 252 99 0 0 
79 132 121 0 0 
44 168 32 0 0 
53 196 182 0 0 
19 176 42 15 0 
178 338 15 0 0 
89 330 63 1 0 
100 169 56 0 0 
111 206 109 0 0 
61 358 6 0 0 
90 248 143 1 0 
192 182 39 0 0 
127 175 53 0 0 
187 307 31 0 0 
133 263 103 0 0 
106 271 50 0 0 
176 276 51 0 0 
66 377 30 0 0 
113 267 93 0 0 
73 181 19 13 0 
123 187 31 1 0 
119 226 58 0 0 
289 150 31 1 0 
147 257 70 0 0 
47 218 86 0 0 
115 192 39 0 0 
199 336 81 0 0 
167 162 71 0 0 
137 177 84 12 0 
28 266 78 0 0 
134 217 52 0 0 
72 266 32 0 0 
139 192 109 54 0 
67 358 49 0 0 
151 130 36 0 0 
136 245 45 0 0 
78 195 55 10 0 
135 209 55 0 0 
121 230 53 7 0 
165 369 27 0 0 
116 218 58 0 0 
117 155 27 15 0 
33 248 90 0 0 
105 230 57 0 0 
140 218 27 0 0 
142 226 41 0 0 
133 307 24 0 0 
169 215 74 2 0 
139 308 77 10 0 
147 225 19 0 0 
192 312 43 1 0 
55 311 90 0 0 
100 190 27 0 0 
154 234 104 0 0 
143 201 43 1 0 
100 174 101 0 0 
113 351 45 0 0 
76 267 107 6 0 
156 212 45 0 0 
58 391 13 0 0 
128 98 122 0 0 
153 323 33 0 0 
193 245 47 12 0 
115 201 17 0 0 
55 232 46 0 0 
145 242 71 0 0 
42 242 53 9 0 
131 168 73 0 0 
94 122 31 1 0 
132 193 42 0 0 
71 313 20 0 0 
247 195 44 0 0 
81 272 54 0 0 
119 213 27 0 0 
129 323 58 12 0 
138 279 94 0 0 
126 321 6 0 0 
146 265 30 0 0 
150 296 29 0 0 
85 246 28 0 0 
201 199 54 6 0 
164 215 37 20 0 
204 146 85 1 0 
136 288 89 0 0 
73 286 101 1 0 
164 194 10 1 0 
56 149 203 14 0 
148 204 113 0 0 
116 229 21 0 0 
80 327 26 0 0 
81 357 19 0 0 
168 177 33 13 0 
70 318 41 0 0 
81 340 53 0 0 
66 218 56 0 0 
54 267 86 0 0 
182 219 13 0 0 
170 231 37 0 0 
123 435 27 0 0 
99 372 37 0 0 
79 168 55 11 0 
75 164 22 0 0 
178 181 41 0 0 
177 256 73 0 0 
74 231 78 0 0 
76 295 22 2 0 
121 274 47 0 0 
77 257 112 0 0 
96 195 91 0 0 
76 215 47 1 0 
171 227 66 0 0 
186 282 9 0 0 
198 251 17 4 0 
103 409 36 0 0 
179 269 35 0 0 
194 121 31 1 0 
62 217 66 0 0 
129 130 56 2 0 
64 316 73 4 0 
153 294 11 0 0 
109 128 44 0 0 
128 230 31 76 0 
126 185 91 0 0 
50 237 67 0 0 
109 240 49 0 0 
134 298 105 0 0 
110 223 59 0 0 
113 201 42 0 0 
177 197 53 0 0 
167 250 52 0 0 
206 182 101 0 0 
172 266 58 0 0 
169 295 49 0 0 
150 106 40 0 0 
147 305 18 0 0 
175 244 78 5 0 
165 225 67 0 0 
76 240 52 0 0 
98 267 64 0 0 
122 205 61 1 0 
79 243 82 0 0 
180 178 85 0 0 
176 211 31 0 0 
136 219 58 9 0 
104 263 32 0 0 
161 233 25 0 0 
251 142 38 8 0 
118 444 135 0 0 
270 211 38 14 0 
96 276 59 7 0 
63 252 45 0 0 
103 292 26 0 0 
63 284 31 0 0 
93 304 90 0 0 
104 331 66 0 0 
172 97 43 0 0 
132 298 39 0 0 
125 192 85 1 0 
92 335 28 0 0 
144 326 42 0 0 
203 192 80 0 0 
167 222 29 0 0 
139 181 55 0 0 
75 336 77 0 0 
112 269 35 1 0 
165 178 47 0 0 
41 218 70 0 0 
129 146 170 0 0 
136 246 76 0 0 
46 215 41 8 0 
195 156 14 0 0 
83 243 25 0 0 
107 180 75 0 0 
124 167 67 16 0 
182 188 11 13 0 
92 277 104 5 0 
76 286 47 8 0 
119 337 44 0 0 
152 198 85 0 0 
113 331 15 0 0 
62 273 123 1 0 
185 332 0 0 0 
114 94 45 0 0 
30 248 60 0 0 
124 214 93 0 0 
221 255 46 3 0 
84 243 101 0 0 
149 287 48 0 0 
137 229 94 0 0 
58 254 83 0 0 
134 188 11 0 0 
181 249 94 0 0 
118 163 10 0 0 
160 227 72 0 0 
116 214 46 0 0 
79 166 104 0 0 
201 181 63 0 0 
73 270 93 0 0 
132 232 66 0 0 
73 202 55 0 0 
104 279 46 2 0 
148 224 32 0 0 
68 310 93 0 0 
302 174 17 0 0 
61 255 83 0 0 
166 196 23 0 0 
85 277 24 0 0 
185 190 27 20 0 
173 165 32 24 0 
148 260 96 0 0 
118 165 43 1 0 
48 263 120 8 0 
146 183 111 0 0 
183 231 59 13 0 
172 307 124 0 0 
91 309 50 0 0 
43 182 36 0 0 
64 386 23 0 0 
118 211 55 0 0 
138 251 45 0 0 
118 151 100 0 0 
251 210 57 14 0 
93 269 87 0 0 
130 220 22 0 0 
138 217 40 3 0 
50 233 81 0 0 
97 193 35 0 0 
55 294 93 0 0 
79 319 63 0 0 
67 215 32 0 0 
90 397 57 0 0 
183 205 29 18 0 
136 319 74 0 0 
209 339 40 0 0 
104 309 137 0 0 
121 163 72 0 0 
162 156 31 0 0 
168 178 114 0 0 
93 239 19 22 0 
164 154 33 0 0 
227 127 44 0 0 
86 243 86 2 0 
87 243 0 0 0 
122 297 20 0 0 
82 289 110 0 0 
29 337 39 0 0 
90 230 67 0 0 
95 189 53 0 0 
49 195 62 1 0 
49 375 20 0 0 
118 252 61 0 0 
142 196 26 0 0 
108 307 59 0 0 
49 190 52 0 0 
57 335 57 0 0 
100 154 44 0 0 
106 224 61 0 0 
109 324 21 0 0 
139 176 37 0 0 
91 344 31 0 0 
80 365 38 0 0 
109 169 59 0 0 
71 316 63 0 0 
145 205 60 0 0 
74 341 39 0 0 
85 420 12 6 0 
192 263 56 6 0 
27 358 33 0 0 
75 203 59 0 0 
114 193 54 0 0 
98 322 50 1 0 
145 246 58 0 0 
75 277 69 0 0 
132 187 50 0 0 
120 271 81 0 0 
117 227 84 0 0 
146 156 60 0 0 
139 192 68 0 0 
112 172 24 0 0 
140 278 24 11 0 
89 224 84 0 0 
110 263 54 27 0 
145 223 38 0 0 
149 161 62 0 0 
134 263 32 0 0 
88 185 104 1 0 
128 216 108 0 0 
111 316 48 0 0 
96 278 42 1 0 
87 275 11 0 0 
109 140 39 0 0 
92 281 58 1 0 
109 109 71 0 0 
102 209 63 0 0 
144 317 30 0 0 
111 180 77 0 0 
265 160 47 0 0 
82 137 187 0 0 
175 210 60 0 0 
122 116 75 0 0 
43 367 58 0 0 
67 194 48 3 0 
180 233 26 0 0 
77 284 122 0 0 
251 191 34 0 0 
67 248 23 0 0 
121 297 114 0 0 
100 263 80 0 0 
135 228 40 0 0 
113 161 107 0 0 
92 188 15 0 0 
79 129 91 0 0 
240 176 54 0 0 
133 240 27 4 0 
162 205 142 0 0 
190 211 41 0 0 
80 225 60 0 0 
195 154 16 0 0 
91 193 92 0 0 
109 222 94 0 0 
107 153 38 0 0 
100 185 67 0 0 
132 274 106 0 0 
150 209 34 0 0 
51 287 24 0 0 
83 303 18 0 0 
175 162 83 0 0 
170 150 21 0 0 
117 119 30 0 0 
136 229 34 0 0 
35 228 122 1 0 
111 146 100 0 0 
110 241 47 1 0 
143 219 94 1 0 
63 245 34 0 0 
270 154 40 0 0 
149 294 97 0 0 
232 170 33 0 0 
162 316 17 0 0 
160 270 18 0 0 
255 165 39 0 0 
109 252 24 0 0 
170 234 101 0 0 
163 124 43 0 0 
85 177 120 0 0 
63 218 39 0 0 
168 173 14 24 0 
103 301 39 0 0 
91 292 36 0 0 
109 305 28 0 0 
217 252 65 7 0 
64 250 85 0 0 
53 231 69 1 0 
73 249 61 9 0 
126 187 44 0 0 
115 118 37 4 0 
70 231 61 0 0 
144 213 12 1 0 
116 195 111 0 0 
200 159 80 0 0 
71 364 56 0 0 
64 413 57 0 0 
120 162 74 0 0 
113 303 36 0 0 
114 202 84 0 0 
210 228 34 0 0 
74 285 104 0 0 
208 200 97 13 0 
87 265 59 0 0 
55 345 91 0 0 
198 141 42 0 0 
62 294 64 0 0 
96 180 50 2 0 
137 290 46 0 0 
161 256 66 0 0 
42 223 40 0 0 
145 161 107 13 0 
141 128 48 2 0 
221 113 16 0 0 
143 139 66 5 0 
90 251 119 8 0 
89 339 19 0 0 
151 160 104 0 0 
82 183 40 1 0 
113 159 107 0 0 
112 201 81 0 0 
170 221 52 5 0 
148 260 54 10 0 
95 220 90 0 0 
41 304 76 0 0 
170 160 53 0 0 
155 258 19 0 0 
111 224 7 0 0 
124 265 39 0 0 
144 208 63 12 0 
65 342 57 19 0 
146 266 54 0 0 
225 169 68 29 0 
169 191 26 1 0 
252 131 70 0 0 
113 243 43 2 0 
95 273 65 0 0 
52 326 9 30 0 
155 346 49 0 0 
113 228 56 0 0 
92 217 25 6 0 
122 247 64 0 0 
80 214 26 0 0 
43 245 53 0 0 
94 407 56 0 0 
143 120 34 0 0 
129 166 56 0 0 
122 272 77 0 0 
167 277 21 0 0 
143 253 56 0 0 
110 211 21 0 0 
143 237 72 0 0 
81 246 73 0 0 
147 197 22 0 0 
124 249 83 8 0 
68 214 87 2 0 
124 233 47 0 0 
99 222 69 22 0 
137 272 87 0 0 
200 213 24 0 0 
122 190 48 0 0 
43 303 50 0 0 
169 210 67 14 0 
111 173 59 0 0 
116 216 57 0 0 
115 137 82 14 0 
135 305 20 0 0 
121 179 33 0 0 
112 366 36 0 0 
108 225 46 1 0 
159 181 5 0 0 
71 263 26 0 0 
108 186 16 0 0 
153 237 78 0 0 
174 181 50 0 0 
213 146 20 0 0 
65 237 99 0 0 
216 189 79 10 0 
113 204 107 0 0 
58 292 45 1 0 
88 216 54 0 0 
128 183 37 0 0 
109 277 61 0 0 
147 129 71 0 0 
178 248 76 1 0 
154 196 94 0 0 
44 319 79 1 0 
109 356 3 0 0 
96 180 98 0 0 
103 318 59 0 0 
150 150 134 3 0 
88 308 49 0 0 
181 113 64 0 0 
81 203 70 1 0 
109 285 73 5 0 
104 215 97 0 0 
165 215 39 19 0 
51 125 55 1 0 
208 257 19 0 0 
94 178 51 0 0 
87 172 81 0 0 
49 304 29 0 0 
141 264 31 0 0 
90 315 49 0 0 
220 227 38 0 0 
110 312 55 0 0 
96 289 38 0 0 
