0 7 15 
0 0 33 
0 0 63 
0 0 70 
0 0 53 
0 0 54 
0 0 17 
0 0 44 
0 0 60 
0 0 97 
0 0 81 
0 1 33 
0 0 28 
0 0 49 
0 5 8 
0 0 20 
0 0 23 
0 3 43 
0 0 5 
0 7 80 
0 0 16 
0 0 21 
0 0 15 
0 0 29 
0 0 41 
0 0 34 
0 0 66 
0 0 83 
0 0 33 
0 1 94 
0 0 81 
0 0 21 
0 0 51 
0 0 40 
0 0 56 
0 0 82 
0 0 42 
0 0 53 
0 0 16 
0 0 82 
0 0 24 
0 0 67 
0 0 62 
0 0 58 
0 0 20 
0 0 12 
0 0 30 
0 0 91 
0 0 62 
0 4 46 
0 0 24 
0 0 38 
0 0 11 
0 0 54 
0 1 3 
0 5 26 
0 0 5 
0 0 34 
0 0 9 
0 0 30 
0 0 43 
0 0 7 
0 0 37 
0 0 43 
0 0 54 
0 3 14 
0 0 13 
0 0 10 
0 0 26 
0 0 33 
0 0 94 
0 7 46 
0 0 4 
0 0 70 
0 0 45 
0 0 35 
0 0 33 
0 0 57 
0 0 8 
0 0 75 
0 0 8 
0 0 8 
0 0 76 
0 0 68 
0 1 2 
0 0 49 
0 0 18 
0 0 49 
0 0 21 
0 0 36 
0 0 21 
0 6 25 
0 5 91 
0 0 10 
0 0 12 
0 2 37 
0 0 33 
0 0 13 
0 0 15 
0 0 56 
0 0 52 
0 1 17 
0 12 133 
0 3 3 
0 0 30 
0 0 13 
0 13 21 
0 0 3 
0 6 100 
0 0 35 
0 0 18 
0 2 22 
0 3 20 
0 0 32 
0 0 0 
0 0 48 
0 0 47 
0 36 11 
0 9 13 
0 0 62 
0 0 67 
0 2 148 
0 0 61 
0 0 20 
0 0 45 
0 0 5 
0 0 115 
0 0 20 
0 0 42 
0 7 79 
0 1 36 
0 0 19 
0 0 14 
0 0 4 
0 9 11 
0 0 39 
0 0 29 
0 0 7 
0 0 45 
0 0 174 
0 4 44 
0 0 11 
0 0 5 
0 0 32 
0 0 26 
0 8 110 
0 0 40 
0 0 41 
0 0 8 
0 0 51 
0 3 12 
0 33 124 
0 0 24 
0 10 10 
0 0 138 
0 0 48 
0 0 21 
0 0 31 
0 1 80 
0 0 42 
0 0 19 
0 2 7 
0 1 48 
0 0 0 
0 1 55 
0 20 57 
0 0 80 
0 0 45 
0 0 71 
0 0 17 
0 0 23 
0 0 14 
0 0 13 
0 0 123 
0 0 46 
0 0 74 
0 2 56 
0 0 72 
0 0 7 
0 42 45 
0 0 59 
0 6 67 
0 2 29 
0 0 58 
0 3 35 
0 0 54 
0 0 49 
0 1 44 
0 0 6 
0 0 23 
0 0 66 
0 0 33 
0 0 32 
0 0 45 
0 0 61 
0 0 10 
0 0 79 
0 0 20 
0 0 28 
0 4 14 
0 0 23 
0 0 33 
0 12 26 
0 0 68 
0 0 95 
0 0 20 
0 0 35 
0 0 45 
0 0 7 
0 0 37 
0 0 9 
0 0 17 
0 0 29 
0 8 29 
0 2 29 
0 0 83 
0 0 80 
0 0 65 
0 0 54 
0 7 45 
0 0 14 
0 8 25 
0 0 6 
0 0 51 
0 0 36 
0 0 38 
0 0 46 
0 0 17 
0 0 15 
0 0 11 
0 0 21 
0 6 22 
0 0 18 
0 0 94 
0 0 63 
0 0 61 
0 0 28 
0 0 72 
0 0 46 
0 0 20 
0 0 21 
0 3 36 
0 0 32 
0 1 55 
0 0 34 
0 0 75 
0 0 42 
0 1 19 
0 5 83 
0 0 8 
0 0 86 
0 7 33 
0 0 30 
0 0 8 
0 0 36 
0 0 7 
0 0 22 
0 0 2 
0 0 61 
0 3 45 
0 0 4 
0 0 33 
0 0 8 
0 8 11 
0 0 82 
0 0 59 
0 0 105 
0 0 2 
0 0 36 
0 0 9 
0 16 54 
0 0 5 
0 0 24 
0 0 27 
0 0 13 
0 0 7 
0 12 89 
0 0 55 
0 0 16 
0 0 21 
0 0 76 
0 0 49 
0 0 149 
0 0 21 
0 1 18 
0 0 7 
0 0 35 
0 0 94 
0 13 55 
0 0 38 
0 0 158 
0 0 62 
0 0 63 
0 0 4 
0 0 22 
0 8 26 
0 5 8 
0 0 72 
0 0 24 
0 2 56 
0 12 39 
0 0 22 
0 0 22 
0 0 22 
0 0 6 
0 0 27 
0 0 24 
0 0 17 
0 5 12 
0 0 32 
0 0 10 
0 0 81 
0 0 12 
0 0 27 
0 0 22 
0 15 8 
0 0 26 
0 0 40 
0 0 42 
0 4 20 
0 0 72 
0 0 2 
0 3 5 
0 0 3 
0 0 29 
0 1 23 
0 0 46 
0 14 65 
0 3 38 
0 0 22 
0 0 54 
0 4 55 
0 0 68 
0 0 7 
0 0 116 
0 0 31 
0 15 146 
0 0 13 
0 2 20 
0 2 94 
0 0 35 
0 0 16 
0 0 1 
0 0 19 
0 13 22 
0 0 27 
0 0 116 
0 0 3 
0 1 37 
0 0 24 
0 0 17 
0 1 84 
0 0 41 
0 7 84 
0 0 6 
0 0 95 
0 0 162 
0 0 59 
0 0 27 
0 11 23 
0 0 31 
0 0 53 
0 3 73 
0 0 26 
0 0 27 
0 0 69 
0 0 17 
0 1 18 
0 0 49 
0 0 56 
0 0 22 
0 5 186 
0 0 35 
0 5 18 
0 0 111 
0 0 61 
0 6 19 
0 0 22 
0 0 40 
0 0 61 
0 0 79 
0 1 28 
0 0 47 
0 0 65 
0 0 27 
0 0 19 
0 5 45 
0 0 55 
0 0 37 
0 0 28 
0 0 30 
0 1 2 
0 0 65 
0 0 28 
0 0 15 
0 0 62 
0 0 6 
0 0 3 
0 4 23 
0 28 52 
0 0 53 
0 2 35 
0 0 27 
0 0 24 
0 0 35 
0 0 49 
0 0 14 
0 0 6 
0 0 12 
0 4 28 
0 19 50 
0 0 27 
0 0 14 
0 1 5 
0 0 37 
0 0 8 
0 1 8 
0 0 64 
0 0 62 
0 2 2 
0 0 21 
0 0 42 
0 0 53 
0 0 28 
0 0 18 
0 0 36 
0 3 17 
0 0 27 
0 0 3 
0 0 109 
0 0 46 
0 0 53 
0 0 19 
0 0 9 
0 0 19 
0 1 46 
0 0 35 
0 7 81 
0 0 16 
0 6 21 
0 0 5 
0 0 33 
0 7 39 
0 0 43 
0 0 27 
0 0 37 
0 6 4 
0 0 40 
0 1 10 
0 2 1 
0 1 29 
0 0 14 
0 0 57 
0 0 18 
0 0 4 
0 0 19 
0 0 48 
0 0 28 
0 0 53 
0 0 99 
0 0 29 
0 0 59 
0 0 16 
0 0 5 
0 0 24 
0 1 48 
0 0 52 
0 0 62 
0 0 87 
0 3 13 
0 0 84 
0 0 30 
0 0 2 
0 0 25 
0 0 45 
0 0 69 
0 0 30 
0 0 56 
0 0 27 
0 2 15 
0 2 33 
0 1 23 
0 0 77 
0 0 6 
0 5 32 
0 0 10 
0 0 0 
0 0 0 
0 0 50 
0 0 96 
0 0 33 
0 0 22 
0 0 70 
0 0 7 
0 0 18 
0 0 2 
0 0 32 
0 0 62 
0 0 15 
0 0 27 
0 0 33 
0 0 88 
0 0 6 
0 0 22 
0 0 20 
0 0 58 
0 0 28 
0 6 17 
0 0 56 
0 2 36 
0 0 170 
0 0 45 
0 0 23 
0 0 44 
0 0 10 
0 0 7 
0 0 13 
0 0 29 
0 0 103 
0 0 48 
0 11 43 
0 0 45 
0 0 24 
0 0 33 
0 2 28 
0 0 83 
0 0 58 
0 0 12 
0 0 54 
0 0 18 
0 3 103 
0 0 1 
0 12 33 
0 0 112 
0 0 15 
0 0 20 
0 0 40 
0 0 4 
0 0 15 
0 0 59 
0 0 64 
0 0 26 
0 0 14 
0 0 41 
0 0 47 
0 0 31 
0 0 49 
0 0 14 
0 0 39 
0 0 24 
0 0 34 
0 0 15 
0 0 17 
0 11 135 
0 0 39 
0 0 17 
0 0 37 
0 0 6 
0 0 40 
0 0 15 
0 5 18 
0 0 103 
0 0 29 
0 0 22 
0 0 127 
0 0 34 
0 7 42 
0 0 17 
0 2 15 
0 0 17 
0 0 104 
0 0 0 
0 8 49 
0 4 6 
0 0 5 
0 1 34 
0 0 29 
0 0 70 
0 0 65 
0 0 9 
0 0 41 
0 12 9 
0 2 29 
0 0 29 
0 0 12 
0 0 48 
0 0 21 
0 0 38 
0 0 12 
0 2 47 
0 0 9 
0 0 70 
0 0 23 
0 0 6 
0 0 58 
0 0 18 
0 0 8 
0 0 22 
0 0 29 
0 2 24 
0 0 7 
0 0 13 
0 0 6 
0 0 85 
0 0 22 
0 10 64 
0 0 20 
0 0 25 
0 0 55 
0 10 40 
0 1 44 
0 0 90 
0 0 72 
0 0 2 
0 3 3 
0 0 141 
0 0 22 
0 0 93 
0 0 82 
0 0 30 
0 0 13 
0 0 10 
0 0 2 
0 5 45 
0 0 49 
0 0 35 
0 0 15 
0 7 7 
0 4 37 
0 0 59 
0 0 56 
0 0 69 
0 10 26 
0 0 126 
0 0 161 
0 0 67 
0 8 19 
0 1 39 
0 0 17 
0 0 36 
0 0 99 
0 1 23 
0 0 0 
0 0 61 
0 0 79 
0 0 4 
0 0 26 
0 0 37 
0 0 34 
0 2 51 
0 0 53 
0 0 63 
0 0 28 
0 0 12 
0 0 17 
0 0 46 
0 9 31 
0 0 10 
0 0 53 
0 0 96 
0 0 3 
0 2 45 
0 0 55 
0 0 33 
0 0 54 
0 0 41 
0 0 56 
0 0 56 
0 0 50 
0 1 24 
0 0 41 
0 0 31 
0 0 35 
0 0 55 
0 0 38 
0 4 19 
0 0 86 
0 5 107 
0 7 40 
0 0 20 
0 0 22 
0 16 26 
0 0 28 
0 2 11 
0 0 23 
0 0 11 
0 0 37 
0 15 112 
0 0 24 
0 0 6 
0 0 26 
0 0 90 
0 0 6 
0 0 46 
0 0 86 
0 0 76 
0 0 15 
0 0 131 
0 0 36 
0 0 13 
0 0 9 
0 0 33 
0 0 50 
0 0 86 
0 0 24 
0 5 46 
0 0 19 
0 2 21 
0 0 99 
0 0 19 
0 0 28 
0 0 106 
0 0 149 
0 0 26 
0 0 77 
0 0 33 
0 19 43 
0 0 132 
0 0 14 
0 0 73 
0 9 23 
0 0 28 
0 0 41 
0 0 46 
0 0 26 
0 0 50 
0 4 49 
0 0 7 
0 0 2 
0 0 213 
0 10 16 
0 4 8 
0 0 9 
0 0 23 
0 1 81 
0 0 33 
0 0 29 
0 0 70 
0 0 65 
0 4 64 
0 2 76 
0 4 17 
0 0 32 
0 0 50 
0 3 149 
0 0 42 
0 0 45 
0 0 28 
0 0 88 
0 0 7 
0 0 42 
0 0 8 
0 0 41 
0 0 48 
0 0 54 
0 0 58 
0 23 22 
0 0 55 
0 0 57 
0 0 4 
0 0 58 
0 7 21 
0 0 22 
0 1 50 
0 0 63 
0 0 31 
0 0 28 
0 2 1 
0 0 17 
0 0 18 
0 0 11 
0 0 6 
0 0 48 
0 0 13 
0 0 56 
0 0 13 
0 7 35 
0 0 90 
0 0 39 
0 0 37 
0 0 48 
0 0 82 
0 0 50 
0 0 48 
0 0 41 
0 30 21 
0 0 32 
0 0 30 
0 0 74 
0 0 1 
0 0 17 
0 0 79 
0 3 14 
0 0 7 
0 0 23 
0 0 17 
0 0 27 
0 0 46 
0 0 16 
0 0 19 
0 0 23 
0 0 24 
0 0 13 
0 6 9 
0 0 9 
0 0 26 
0 0 14 
0 0 24 
0 0 56 
0 0 41 
0 0 26 
0 0 30 
0 0 15 
0 0 27 
0 3 57 
0 0 73 
0 0 4 
0 0 52 
0 9 14 
0 0 23 
0 0 33 
0 0 89 
0 3 49 
0 0 32 
0 0 27 
0 11 71 
0 0 19 
0 0 26 
0 0 78 
0 0 6 
0 0 10 
0 0 49 
0 0 16 
0 0 20 
0 12 36 
0 5 31 
0 0 30 
0 0 0 
0 0 45 
0 0 22 
0 1 58 
0 0 34 
0 10 23 
0 0 45 
0 0 21 
0 0 45 
0 0 1 
0 0 12 
0 2 19 
0 1 22 
0 0 27 
0 0 12 
0 0 9 
0 0 25 
0 0 81 
0 0 19 
0 0 22 
0 0 81 
0 15 10 
0 0 13 
0 0 74 
0 0 18 
0 0 14 
0 0 21 
0 0 105 
0 0 37 
0 0 30 
0 0 13 
0 0 51 
0 0 25 
0 0 32 
0 0 86 
0 0 83 
0 0 14 
0 4 16 
0 0 6 
0 5 34 
0 0 4 
0 11 5 
0 0 20 
0 0 27 
0 1 17 
0 0 25 
0 0 17 
0 0 29 
0 0 35 
0 0 27 
0 0 91 
0 0 41 
0 0 33 
0 0 51 
0 0 37 
0 0 45 
0 0 60 
0 0 0 
0 0 19 
0 0 21 
0 0 37 
0 0 104 
0 0 95 
0 0 61 
0 0 4 
0 10 26 
0 0 10 
0 0 25 
0 0 10 
0 0 24 
0 0 25 
0 0 53 
0 0 21 
0 5 40 
0 0 36 
0 0 31 
0 2 40 
0 0 27 
0 0 36 
0 0 23 
0 0 33 
0 0 17 
0 0 68 
0 0 43 
0 0 153 
0 0 34 
0 0 28 
0 0 8 
0 0 9 
0 1 69 
0 0 19 
0 0 44 
0 11 95 
0 0 9 
0 0 31 
0 0 62 
0 6 20 
0 8 11 
0 0 29 
0 0 7 
0 12 26 
0 0 22 
0 0 32 
0 0 13 
0 0 119 
0 0 17 
0 1 27 
0 0 2 
0 0 45 
0 1 13 
0 0 12 
0 0 80 
0 0 104 
0 0 58 
0 0 5 
0 0 41 
0 0 5 
0 0 64 
0 0 47 
0 0 68 
0 12 7 
0 0 5 
0 0 130 
0 11 39 
0 11 19 
0 0 115 
0 0 11 
0 3 40 
0 0 26 
0 0 5 
0 0 23 
0 0 24 
0 0 30 
0 4 26 
0 0 29 
0 0 52 
0 0 15 
0 0 75 
0 0 108 
0 4 67 
0 0 76 
0 0 99 
0 0 53 
0 0 59 
0 0 49 
0 0 35 
0 0 27 
0 0 53 
0 0 43 
0 1 19 
0 2 33 
0 13 113 
0 0 39 
0 0 59 
0 0 30 
0 0 36 
0 3 21 
0 1 30 
0 0 25 
0 0 56 
0 8 71 
0 4 17 
0 0 93 
