0 40 282 25 0 
0 18 392 19 0 
1 36 485 9 0 
0 22 201 76 0 
0 30 375 60 0 
0 42 317 22 0 
0 67 273 8 0 
0 54 410 12 0 
0 32 204 36 0 
0 120 354 12 0 
0 61 197 31 0 
1 47 279 33 0 
0 3 401 80 0 
1 59 293 27 0 
0 34 362 24 0 
7 75 351 0 0 
0 16 430 41 0 
2 62 234 55 0 
0 0 324 9 0 
0 23 276 109 0 
0 154 307 32 0 
0 103 314 13 0 
3 51 295 18 0 
0 66 260 37 0 
0 17 274 80 0 
0 37 262 39 0 
0 39 263 77 0 
0 35 253 10 0 
0 10 255 147 0 
0 0 310 54 0 
1 32 324 47 0 
0 24 272 35 0 
0 19 342 41 0 
0 17 314 20 0 
0 107 305 0 0 
0 12 278 154 0 
4 29 378 34 0 
0 18 358 35 0 
0 29 284 37 0 
0 18 520 108 0 
1 33 93 47 0 
0 53 267 22 0 
0 26 317 11 0 
0 36 235 26 0 
0 30 220 69 0 
0 112 375 54 0 
12 27 119 118 0 
0 4 383 1 0 
0 122 270 35 0 
0 23 324 56 0 
0 21 280 19 0 
7 27 307 20 0 
0 0 285 13 0 
0 69 217 92 0 
0 12 387 27 0 
0 117 538 18 0 
0 46 329 30 0 
1 26 321 36 0 
0 15 171 54 0 
0 27 282 1 0 
0 27 371 46 0 
0 54 448 9 0 
2 42 478 98 0 
0 75 333 45 0 
0 10 335 39 0 
0 31 364 14 0 
7 12 249 128 0 
0 30 355 0 0 
0 81 352 45 0 
0 24 511 26 0 
1 22 309 85 0 
0 19 222 30 0 
0 36 361 14 0 
0 19 214 53 0 
0 39 240 55 0 
0 20 318 28 0 
0 22 232 87 0 
0 35 319 45 0 
7 1 241 56 0 
0 10 247 41 0 
1 21 149 96 0 
0 63 338 44 0 
0 0 333 50 0 
0 47 326 56 0 
0 12 254 26 0 
0 26 352 28 0 
0 23 268 10 0 
1 52 259 100 0 
0 75 342 9 0 
0 109 288 13 0 
0 39 388 3 0 
1 14 367 97 0 
6 64 268 2 0 
1 136 304 0 0 
0 5 354 11 0 
5 36 318 136 0 
0 218 380 31 0 
0 49 321 13 0 
0 16 389 0 0 
0 10 201 65 0 
0 74 341 36 0 
0 119 302 14 0 
0 65 331 44 0 
2 127 382 45 0 
7 63 364 58 0 
0 60 207 106 0 
0 13 275 4 0 
1 12 299 12 0 
0 47 357 70 0 
0 8 352 118 0 
0 1 311 69 0 
0 30 365 52 0 
0 58 228 5 0 
0 36 312 53 0 
0 14 419 39 0 
0 0 343 38 0 
0 16 342 47 0 
0 30 363 59 0 
0 125 336 46 0 
0 40 243 45 0 
0 64 337 13 0 
0 31 397 28 0 
0 87 404 11 0 
0 75 417 78 0 
0 5 280 111 0 
2 34 392 18 0 
0 43 214 57 0 
0 132 410 30 0 
0 61 280 13 0 
0 128 275 18 0 
0 18 208 61 0 
0 61 310 25 0 
1 54 306 38 0 
0 4 243 66 0 
0 38 397 12 0 
0 95 366 0 0 
7 56 277 18 0 
0 20 339 33 0 
0 0 172 13 0 
0 32 439 29 0 
0 82 231 43 0 
0 21 318 27 0 
0 27 297 71 0 
2 75 250 7 0 
0 56 271 53 0 
0 119 280 61 0 
0 55 210 58 0 
1 13 327 43 0 
9 42 143 53 0 
0 43 297 7 0 
0 59 362 39 0 
1 30 318 8 0 
0 9 250 49 0 
0 25 345 14 0 
0 9 261 14 0 
1 89 329 47 0 
0 27 395 30 0 
0 33 387 17 0 
0 113 363 7 0 
0 8 325 47 0 
0 25 550 44 0 
0 95 429 2 0 
0 8 363 18 0 
0 28 325 35 0 
2 98 212 37 0 
0 19 306 25 0 
0 241 263 63 0 
0 51 336 55 0 
0 17 298 37 0 
0 5 292 18 0 
0 6 261 0 0 
0 29 309 21 0 
0 30 209 25 0 
0 23 636 10 0 
6 23 332 45 0 
0 11 317 68 0 
0 22 391 20 0 
0 68 324 5 0 
0 14 188 70 0 
0 7 344 22 0 
1 33 166 48 14 
2 52 229 5 0 
10 72 280 7 0 
0 28 307 47 0 
1 38 189 75 0 
0 43 316 29 0 
0 55 335 66 0 
0 20 132 43 0 
0 14 455 36 0 
0 1 354 47 0 
0 34 327 92 0 
0 102 346 124 0 
0 103 221 54 0 
0 35 278 78 0 
0 23 293 35 0 
0 5 363 58 0 
0 4 334 51 0 
0 53 315 15 0 
0 15 255 42 0 
0 71 364 41 0 
5 100 357 7 0 
0 39 348 44 0 
0 194 248 8 0 
0 61 218 15 0 
0 3 322 21 0 
0 19 226 3 0 
0 65 333 20 0 
0 16 348 3 0 
0 13 305 85 0 
1 25 363 19 0 
0 2 267 51 0 
0 173 241 14 0 
0 93 360 12 0 
4 7 367 5 0 
1 41 346 18 0 
1 20 291 109 0 
0 4 360 38 0 
0 41 430 18 0 
0 31 331 41 0 
0 94 297 1 0 
0 43 466 114 0 
0 14 368 126 0 
0 1 410 50 0 
0 1 160 87 0 
0 44 414 29 0 
1 60 240 10 0 
1 30 318 73 0 
0 16 196 29 0 
0 94 307 27 0 
5 81 415 0 0 
16 75 385 6 0 
0 48 267 79 0 
0 51 237 70 0 
0 24 346 91 0 
0 25 235 109 0 
0 34 200 18 0 
0 91 313 7 0 
0 51 353 77 0 
0 24 191 40 0 
6 38 251 55 0 
0 0 462 79 0 
0 3 305 117 0 
0 53 287 52 0 
4 20 210 44 0 
0 14 380 7 0 
0 12 466 48 0 
0 95 361 9 0 
0 1 296 8 0 
0 23 329 96 0 
0 31 261 50 0 
0 19 291 21 0 
0 48 398 52 0 
0 101 294 33 0 
0 24 387 4 0 
0 21 319 75 0 
0 85 427 21 0 
0 20 186 34 0 
0 5 395 9 0 
0 24 204 19 0 
0 14 376 19 0 
0 65 282 56 0 
0 43 325 18 0 
1 95 302 57 0 
1 11 287 13 0 
0 36 248 38 0 
2 65 269 5 0 
0 31 288 57 0 
6 61 391 63 0 
0 83 282 34 0 
0 32 326 62 0 
0 5 393 34 0 
0 21 355 5 0 
0 19 219 15 0 
0 129 342 21 0 
1 16 264 3 0 
6 4 242 54 0 
0 41 245 7 0 
0 60 255 30 0 
4 84 323 1 0 
1 24 357 39 0 
1 2 402 28 0 
0 89 342 33 0 
0 11 410 22 0 
0 33 152 28 0 
0 35 381 19 0 
0 62 341 24 0 
0 121 243 61 0 
0 17 337 82 0 
0 55 354 56 0 
0 89 283 41 0 
0 36 368 41 0 
0 21 356 20 0 
0 72 205 62 0 
0 129 400 6 0 
1 12 355 24 0 
0 38 377 13 0 
0 22 360 14 0 
0 36 305 23 0 
4 2 393 19 0 
0 41 306 44 0 
4 104 319 80 0 
0 33 233 7 0 
1 46 294 86 0 
0 37 303 137 0 
1 40 181 92 0 
4 26 285 28 0 
0 62 357 21 0 
5 88 356 75 0 
0 6 525 26 0 
0 18 226 80 0 
0 26 300 20 0 
0 55 372 8 0 
0 6 337 62 0 
0 11 391 21 0 
0 76 282 3 0 
4 143 225 8 0 
0 15 177 38 0 
0 43 390 237 0 
0 9 275 106 0 
0 73 484 29 0 
0 52 296 4 0 
0 198 277 41 0 
0 58 315 19 0 
0 14 266 17 0 
0 10 280 18 0 
0 55 482 20 0 
0 46 206 44 0 
0 1 361 116 0 
0 29 332 63 0 
1 3 354 17 0 
7 20 321 31 0 
0 45 297 3 0 
0 73 264 64 0 
0 10 203 81 0 
0 35 186 43 0 
6 48 461 19 0 
3 29 257 63 0 
11 20 374 5 0 
3 37 279 0 0 
2 20 231 30 0 
0 16 265 40 0 
0 14 265 25 0 
0 12 334 35 0 
0 67 245 42 0 
0 0 473 100 0 
0 11 237 46 0 
0 94 391 15 0 
0 16 389 16 0 
0 32 258 184 0 
0 4 309 51 0 
0 17 353 50 0 
0 20 235 33 0 
1 127 463 11 0 
1 3 354 5 0 
0 14 248 42 0 
3 10 586 27 0 
6 21 200 101 0 
0 7 110 32 0 
0 21 284 25 0 
0 7 286 33 0 
7 72 289 29 0 
1 0 389 60 0 
0 13 256 87 0 
1 22 275 9 0 
0 113 384 47 0 
0 25 238 0 0 
0 10 324 11 0 
0 30 268 41 0 
0 9 298 52 0 
0 31 232 72 0 
0 23 382 10 0 
0 4 302 24 0 
0 41 292 120 0 
0 43 326 30 0 
0 23 259 13 0 
0 8 171 41 0 
1 7 261 16 0 
0 23 334 16 0 
3 119 234 69 0 
0 23 216 20 0 
0 17 404 41 0 
1 49 161 47 0 
0 9 288 28 0 
0 128 386 6 0 
1 2 349 66 0 
2 22 402 37 0 
0 56 210 2 0 
0 53 355 60 0 
0 28 383 63 0 
4 42 336 11 0 
0 26 202 152 0 
0 19 338 3 0 
0 49 409 42 0 
0 50 263 10 0 
3 27 477 78 0 
0 33 337 27 0 
0 12 289 30 0 
0 32 376 42 0 
1 1 320 141 0 
10 87 366 3 0 
0 27 357 95 0 
0 30 227 16 0 
0 4 426 35 0 
0 36 254 15 1 
0 55 257 91 0 
0 18 342 20 0 
4 34 390 14 0 
0 3 342 26 0 
0 76 282 42 0 
0 17 292 77 0 
0 72 292 47 0 
0 106 206 37 0 
0 77 191 103 0 
0 88 347 31 0 
0 21 355 45 0 
0 23 353 131 0 
0 78 221 67 0 
0 52 291 30 0 
0 68 454 33 0 
0 40 257 39 0 
0 73 398 3 0 
0 28 259 37 0 
1 52 266 49 0 
3 13 334 1 0 
0 76 335 25 0 
0 46 372 27 0 
0 61 174 58 0 
0 118 201 16 0 
0 11 370 1 0 
2 208 308 12 0 
0 82 341 52 0 
0 84 147 5 0 
0 55 490 0 0 
1 52 398 10 0 
2 28 294 50 0 
0 75 200 83 0 
0 49 487 76 0 
0 13 315 112 0 
2 12 193 62 0 
0 29 470 14 0 
0 12 343 29 0 
0 55 368 16 0 
1 72 191 31 0 
0 1 400 31 0 
0 12 267 77 0 
3 129 220 43 0 
1 37 328 50 0 
1 42 369 12 0 
1 55 303 2 0 
0 0 280 11 0 
0 23 295 28 0 
0 25 212 12 12 
0 90 336 4 0 
0 134 187 20 0 
5 0 255 76 0 
2 60 184 72 0 
0 0 259 35 0 
0 0 445 29 0 
0 5 234 86 0 
1 60 361 9 0 
0 7 249 21 0 
0 25 228 29 0 
0 0 235 11 0 
0 72 319 0 0 
0 145 403 94 0 
0 4 291 21 0 
0 17 241 17 0 
0 54 370 98 0 
4 68 200 16 0 
0 11 351 85 0 
3 8 237 56 0 
0 39 326 22 0 
0 27 188 43 0 
0 54 281 38 0 
5 60 314 92 0 
0 41 172 23 0 
0 58 465 0 0 
2 215 221 13 0 
0 80 171 22 0 
0 16 426 17 0 
0 43 310 20 0 
0 7 267 11 0 
0 89 326 37 0 
0 43 209 29 0 
0 30 332 54 0 
0 20 304 24 0 
0 56 228 47 0 
0 84 290 28 0 
0 68 488 12 0 
2 48 251 39 0 
0 22 351 28 0 
0 46 250 29 0 
0 5 426 22 0 
0 52 191 39 0 
17 48 332 6 0 
1 11 340 20 0 
0 81 299 42 0 
0 42 275 49 0 
2 0 277 25 0 
0 38 351 15 0 
0 23 330 31 0 
0 104 321 41 0 
0 21 416 25 0 
0 135 371 20 0 
2 41 284 3 0 
0 32 288 25 0 
1 16 249 2 0 
1 44 285 2 0 
2 44 246 43 0 
0 3 320 72 0 
0 14 363 91 0 
0 116 220 38 0 
9 52 291 48 0 
0 12 325 63 0 
0 103 363 51 0 
0 390 327 1 0 
1 64 235 36 0 
0 8 375 75 0 
6 21 401 41 0 
0 39 243 100 0 
21 13 212 180 0 
0 122 369 9 0 
0 16 301 63 0 
0 4 323 6 0 
0 10 236 88 0 
0 57 267 130 0 
0 108 372 22 0 
0 8 293 17 0 
0 24 342 7 0 
1 23 243 77 0 
2 95 341 0 0 
0 4 368 9 0 
0 39 243 14 0 
0 100 338 17 0 
1 4 399 67 0 
0 37 265 90 0 
0 13 280 4 0 
0 30 343 22 0 
0 187 352 51 0 
0 42 240 33 0 
1 141 235 8 0 
0 32 208 41 0 
0 31 391 72 0 
0 14 294 23 0 
0 32 307 24 0 
0 186 173 64 0 
4 27 323 26 0 
0 78 288 57 0 
0 3 298 39 0 
0 24 290 53 0 
0 14 518 40 0 
0 40 284 29 0 
2 145 173 22 0 
0 44 394 47 0 
32 51 334 48 0 
0 24 357 34 0 
0 21 395 8 0 
0 44 353 39 1 
0 172 254 10 0 
1 3 521 16 0 
6 71 304 22 0 
0 31 273 2 0 
0 49 415 0 0 
0 26 324 42 0 
1 42 144 28 0 
0 178 337 27 0 
0 30 234 39 0 
3 141 248 24 0 
0 14 306 72 0 
3 7 443 23 0 
0 26 244 15 0 
0 35 221 50 0 
0 59 519 23 0 
0 19 307 33 0 
8 7 300 17 0 
1 2 374 97 0 
0 75 391 28 0 
1 28 213 70 0 
0 33 376 12 0 
0 37 404 24 0 
0 18 289 72 0 
0 24 441 18 0 
0 67 313 45 0 
2 32 507 1 0 
0 28 269 62 2 
0 3 278 12 0 
0 30 253 121 0 
0 60 328 0 0 
0 35 328 102 0 
0 12 341 27 0 
0 38 184 10 0 
2 0 323 28 0 
0 0 245 11 0 
0 3 248 50 0 
0 26 372 0 0 
0 10 371 123 0 
0 21 370 118 0 
0 14 376 0 0 
0 59 334 83 0 
3 53 297 7 0 
0 61 311 14 0 
0 7 278 21 0 
0 30 317 0 0 
0 9 457 0 0 
0 27 286 49 0 
1 24 294 21 0 
0 34 329 117 0 
0 47 315 33 0 
0 64 213 65 0 
0 56 527 9 0 
1 14 281 6 0 
0 131 233 57 0 
0 50 326 49 0 
1 14 341 7 0 
0 36 313 4 0 
0 12 225 6 0 
0 101 510 82 0 
0 0 415 7 0 
1 15 326 47 0 
0 11 384 3 0 
0 41 289 14 0 
1 35 224 46 0 
0 26 366 12 0 
0 31 246 120 0 
3 100 264 31 0 
0 24 236 45 0 
1 17 519 26 0 
0 30 276 41 0 
0 0 503 28 0 
2 19 310 52 0 
0 9 302 8 0 
0 40 525 56 0 
4 54 217 37 0 
1 53 310 20 0 
0 22 197 22 0 
0 65 181 43 0 
3 8 459 24 0 
3 32 413 49 0 
3 20 359 70 0 
1 21 306 34 1 
0 24 402 5 0 
0 83 480 31 0 
0 9 438 123 0 
0 12 263 31 0 
0 71 324 104 0 
1 9 275 51 0 
1 49 300 30 0 
0 1 377 17 0 
0 1 501 45 0 
2 126 346 28 0 
0 35 232 7 0 
0 35 354 26 0 
0 20 209 10 0 
0 71 339 64 0 
0 33 295 77 0 
0 37 289 18 0 
0 83 261 24 0 
0 41 465 7 0 
1 101 203 68 0 
13 29 187 70 0 
0 47 310 39 0 
0 53 269 125 0 
0 18 259 89 0 
0 67 303 1 0 
0 37 455 27 0 
0 27 344 72 0 
0 53 151 18 0 
0 5 304 16 0 
0 54 328 16 0 
0 95 522 1 0 
1 19 414 14 0 
0 32 359 2 0 
0 96 337 37 0 
0 43 184 8 0 
3 42 294 57 0 
1 15 445 25 0 
0 100 301 95 0 
0 58 292 2 0 
3 41 349 62 0 
0 35 303 81 0 
0 25 328 44 0 
0 34 346 32 0 
0 10 457 18 0 
6 17 242 95 0 
0 38 268 91 0 
0 19 383 134 0 
0 1 378 53 0 
14 57 318 0 0 
0 64 346 18 0 
0 62 292 51 0 
0 68 228 28 0 
0 33 252 32 0 
0 4 279 66 0 
0 25 260 33 0 
1 71 453 0 0 
0 40 365 42 0 
0 14 158 45 0 
0 74 314 118 0 
0 8 433 45 0 
3 84 236 39 1 
1 91 306 17 0 
0 31 458 7 0 
0 40 241 6 0 
0 77 377 46 0 
0 7 376 22 0 
6 137 207 58 0 
0 52 279 34 0 
0 98 339 35 0 
0 59 260 73 0 
2 1 329 60 0 
0 18 323 49 0 
0 49 362 11 0 
1 15 328 63 0 
0 14 213 10 0 
0 56 399 20 0 
0 48 248 32 0 
3 34 437 33 0 
0 31 350 40 0 
0 47 280 99 0 
2 25 312 13 0 
0 7 401 87 0 
0 12 515 28 0 
0 20 235 3 0 
0 54 415 143 0 
0 94 318 44 0 
0 140 284 14 0 
0 47 363 4 0 
0 5 338 60 0 
1 13 137 84 0 
0 8 245 95 0 
0 30 319 13 0 
0 96 162 74 0 
0 125 355 32 0 
4 47 332 23 0 
0 28 247 39 0 
5 34 337 17 0 
2 27 415 12 0 
0 31 155 70 0 
0 105 251 52 0 
0 43 243 31 0 
0 8 447 40 0 
0 7 588 37 0 
2 22 433 27 0 
0 53 251 0 0 
0 60 281 50 0 
0 52 255 93 0 
0 24 444 5 0 
0 8 343 34 0 
0 12 314 173 0 
2 56 208 95 0 
0 34 333 26 0 
2 33 382 38 0 
0 50 322 128 0 
26 16 355 76 0 
10 16 236 61 0 
0 88 470 45 0 
9 15 132 10 0 
0 7 354 21 0 
0 99 216 26 0 
1 107 290 50 0 
1 30 199 25 0 
13 16 231 18 0 
0 8 239 123 0 
0 6 327 23 0 
0 27 396 4 0 
0 28 421 40 0 
0 15 317 30 0 
3 219 283 22 0 
0 7 307 72 0 
4 16 432 24 0 
0 168 217 11 0 
0 33 252 13 0 
0 41 433 16 0 
0 66 455 12 0 
1 78 318 78 0 
0 12 222 19 0 
0 100 225 0 0 
0 0 294 34 0 
5 102 296 0 0 
0 4 143 8 0 
0 18 276 24 0 
0 31 322 39 0 
0 13 357 53 0 
0 33 471 37 0 
0 54 291 71 0 
1 126 502 0 0 
0 24 343 18 4 
0 15 365 23 0 
0 46 352 66 0 
3 7 307 45 0 
0 1 344 121 0 
0 35 293 91 0 
4 99 330 141 0 
0 25 294 9 0 
1 56 501 22 0 
0 80 388 30 0 
1 47 325 13 0 
0 45 259 25 0 
0 22 317 19 0 
0 45 373 36 0 
0 24 297 60 0 
0 14 474 1 0 
0 29 454 116 0 
0 54 407 0 0 
0 34 425 36 0 
0 29 275 31 0 
10 44 381 46 0 
0 82 259 16 0 
0 94 314 14 0 
0 34 239 46 0 
0 26 268 30 0 
0 2 480 22 0 
0 47 394 13 0 
0 95 418 3 0 
0 47 179 42 0 
0 107 297 67 0 
0 64 318 26 0 
0 38 301 67 0 
1 86 201 35 0 
0 15 339 5 0 
0 21 374 5 0 
0 53 316 110 0 
0 25 227 63 0 
0 1 186 79 0 
0 23 345 31 0 
0 55 210 40 0 
0 99 267 6 0 
0 64 260 36 0 
1 102 224 122 0 
1 72 346 36 0 
0 14 205 115 1 
0 26 293 40 0 
0 44 322 14 0 
0 87 195 109 0 
1 47 216 54 0 
1 56 349 66 0 
0 186 157 39 0 
4 0 347 65 0 
0 56 131 69 0 
0 75 368 43 0 
0 37 303 91 0 
1 57 240 35 0 
0 5 284 162 0 
0 16 416 31 0 
0 25 401 61 0 
0 19 168 25 0 
1 68 326 20 0 
3 28 236 13 0 
1 40 308 7 0 
0 30 293 168 0 
0 109 178 57 0 
5 12 290 0 0 
0 16 303 30 0 
0 8 506 4 0 
0 8 534 84 0 
0 22 411 87 0 
0 30 166 46 0 
0 55 156 42 0 
11 49 261 14 0 
0 8 228 42 0 
0 98 211 86 0 
0 61 330 42 0 
10 6 248 29 0 
0 49 248 25 0 
0 20 374 12 0 
0 29 407 26 0 
0 5 358 27 0 
0 32 385 10 0 
0 16 288 56 0 
0 51 337 49 0 
1 53 388 27 0 
1 50 395 51 0 
0 11 230 40 0 
0 45 516 22 0 
12 94 164 47 0 
0 24 263 30 0 
0 149 235 4 0 
0 17 311 29 0 
0 35 278 49 0 
2 22 261 35 0 
0 62 180 84 7 
0 55 210 14 0 
0 21 310 102 0 
3 43 295 16 0 
4 36 195 54 0 
0 20 213 4 0 
1 2 276 30 0 
0 111 343 30 0 
0 85 274 8 0 
0 6 344 35 0 
0 41 377 60 0 
0 36 245 54 0 
1 20 347 18 0 
0 35 194 65 0 
0 54 249 51 0 
0 19 278 15 0 
0 51 261 70 0 
3 9 283 9 0 
0 70 212 68 0 
0 65 365 17 0 
0 76 300 65 0 
0 16 344 32 0 
0 20 205 56 0 
1 35 345 44 0 
0 15 234 13 0 
0 78 383 8 0 
1 15 276 50 0 
2 32 366 37 0 
0 47 322 47 0 
1 1 311 45 0 
0 21 365 21 0 
0 7 318 24 0 
0 26 262 118 0 
0 75 177 34 0 
0 44 407 39 0 
0 42 391 13 0 
0 36 428 124 0 
0 52 206 99 0 
0 56 256 100 0 
0 31 296 65 0 
0 47 336 113 0 
0 32 277 21 0 
1 68 409 0 0 
0 35 270 23 0 
0 14 324 12 0 
0 101 475 16 0 
0 68 298 55 0 
4 70 350 0 0 
0 36 293 61 0 
0 68 230 53 0 
0 6 402 13 0 
4 89 421 17 0 
2 14 383 2 0 
0 20 256 29 0 
1 3 377 52 0 
2 13 270 105 0 
0 21 230 14 0 
0 45 606 8 0 
1 17 215 48 0 
5 62 371 92 0 
0 70 409 36 0 
0 37 371 11 0 
0 46 355 95 0 
0 24 268 102 0 
1 46 398 11 0 
1 73 292 4 0 
1 18 414 36 0 
0 87 208 3 0 
1 27 268 12 0 
0 24 193 91 0 
0 17 320 94 0 
0 13 250 20 0 
0 25 368 90 0 
0 46 256 6 0 
0 20 335 1 0 
0 15 252 66 0 
2 49 224 25 0 
0 25 257 13 0 
0 27 189 7 0 
0 90 305 8 0 
0 78 308 42 0 
0 45 298 85 0 
0 10 418 29 0 
5 75 245 48 0 
0 20 401 94 0 
0 61 302 46 0 
1 71 367 35 0 
1 92 441 38 0 
0 33 200 0 0 
0 36 495 5 0 
1 29 223 105 0 
0 27 200 37 0 
0 14 238 91 0 
0 46 331 45 0 
0 22 386 128 0 
1 1 369 8 0 
3 33 387 15 0 
0 6 275 41 0 
0 68 249 22 0 
0 66 239 60 0 
0 108 254 3 0 
0 7 340 6 0 
0 18 293 44 0 
2 36 378 29 0 
2 78 330 12 0 
0 118 253 32 0 
0 62 316 74 0 
0 30 456 12 0 
1 11 271 12 0 
0 27 590 12 0 
0 17 340 12 0 
0 4 319 46 0 
0 41 387 8 0 
0 6 420 13 0 
47 88 244 10 0 
0 43 139 17 0 
1 24 257 43 0 
0 53 319 17 0 
0 112 233 7 0 
1 102 368 7 0 
