657 143 200 
642 187 171 
628 201 171 
603 176 221 
573 228 199 
493 246 261 
597 269 134 
628 238 134 
594 242 164 
648 226 126 
657 161 182 
539 205 256 
680 165 155 
619 251 130 
697 191 112 
695 142 163 
649 201 150 
674 181 145 
714 176 110 
582 263 155 
635 211 154 
690 152 158 
669 217 114 
650 204 146 
606 229 165 
686 192 122 
637 224 139 
710 198 92 
576 184 240 
635 238 127 
630 202 168 
611 239 150 
610 277 113 
549 187 264 
582 189 229 
643 167 190 
653 184 163 
623 191 186 
671 282 47 
595 227 178 
567 244 189 
644 178 178 
609 269 122 
646 198 156 
626 160 214 
621 248 131 
686 182 132 
550 170 280 
671 224 105 
619 193 188 
683 201 116 
622 168 210 
682 183 135 
629 227 144 
636 238 126 
632 225 143 
603 211 186 
660 204 136 
571 243 186 
553 238 209 
663 203 134 
701 202 97 
579 269 152 
607 223 170 
660 158 182 
624 199 177 
666 190 144 
618 228 154 
644 127 229 
652 227 121 
769 150 81 
630 159 211 
628 222 150 
642 185 173 
624 216 160 
644 185 171 
500 211 289 
533 233 234 
692 124 184 
667 203 130 
600 176 224 
598 146 256 
555 197 248 
589 253 158 
597 223 180 
613 257 130 
582 206 212 
613 236 151 
550 192 258 
659 176 165 
579 203 218 
606 169 225 
644 190 166 
606 227 167 
700 190 110 
698 203 99 
545 228 227 
612 211 177 
497 268 235 
632 221 147 
568 225 207 
610 202 188 
593 175 232 
619 185 196 
645 174 181 
562 187 251 
571 217 212 
664 206 130 
582 256 162 
598 202 200 
629 183 188 
603 200 197 
557 188 255 
638 207 155 
597 229 174 
716 158 126 
632 251 117 
691 195 114 
580 227 193 
651 195 154 
621 171 208 
596 208 196 
664 154 182 
629 284 87 
532 214 254 
501 298 201 
691 176 133 
695 227 78 
646 204 150 
646 198 156 
671 209 120 
650 232 118 
584 224 192 
556 280 164 
694 150 156 
562 189 249 
530 201 269 
686 184 130 
663 151 186 
590 211 199 
600 227 173 
676 194 130 
593 244 163 
669 189 142 
619 187 194 
654 201 145 
717 204 79 
619 163 218 
656 194 150 
645 183 172 
627 209 164 
549 238 213 
622 200 178 
658 216 126 
638 180 182 
608 195 197 
631 222 147 
628 229 143 
594 204 202 
583 215 202 
619 171 210 
483 201 316 
708 170 122 
645 189 166 
637 132 231 
661 204 135 
608 225 167 
605 196 199 
603 169 228 
671 175 154 
638 224 138 
488 158 354 
748 162 90 
711 166 123 
676 220 104 
577 194 229 
574 197 229 
649 227 124 
663 136 201 
531 223 246 
672 212 116 
682 150 168 
668 208 124 
553 215 232 
684 168 148 
661 160 179 
613 193 194 
533 313 154 
569 232 199 
655 246 99 
607 230 163 
639 218 143 
589 214 197 
680 192 128 
655 279 66 
573 213 214 
703 163 134 
615 260 125 
702 120 178 
738 154 108 
593 192 215 
603 216 181 
527 217 256 
670 241 89 
567 221 212 
619 200 181 
616 198 186 
540 197 263 
635 212 153 
614 249 137 
594 243 163 
584 244 172 
729 157 114 
661 178 161 
670 204 126 
675 190 135 
600 196 204 
667 188 145 
675 200 125 
604 224 172 
626 205 169 
628 188 184 
615 261 124 
565 226 209 
655 140 205 
567 155 278 
694 194 112 
648 159 193 
510 193 297 
658 247 95 
611 208 181 
567 198 235 
512 189 299 
659 152 189 
640 170 190 
582 199 219 
477 179 344 
611 164 225 
659 196 145 
615 209 176 
641 210 149 
521 241 238 
615 203 182 
542 170 288 
576 145 279 
662 186 152 
643 169 188 
710 215 75 
636 239 125 
704 156 140 
653 207 140 
604 265 131 
618 229 153 
589 259 152 
607 190 203 
707 176 117 
782 171 47 
447 253 300 
708 192 100 
571 250 179 
595 219 186 
748 119 133 
683 180 137 
618 230 152 
678 154 168 
667 219 114 
615 181 204 
645 199 156 
636 157 207 
641 246 113 
552 94 354 
660 229 111 
575 263 162 
633 162 205 
539 190 271 
585 185 230 
641 242 117 
709 178 113 
753 161 86 
647 224 129 
644 201 155 
604 293 103 
540 232 228 
648 163 189 
661 234 105 
559 193 248 
600 185 215 
581 285 134 
669 187 144 
610 223 167 
603 193 204 
711 241 48 
573 263 164 
704 195 101 
594 211 195 
558 247 195 
691 165 144 
659 169 172 
652 205 143 
605 219 176 
522 190 288 
617 210 173 
605 242 153 
743 152 105 
531 226 243 
607 213 180 
652 159 189 
604 249 147 
725 197 78 
620 201 179 
583 187 230 
588 188 224 
579 174 247 
661 166 173 
688 199 113 
629 163 208 
584 271 145 
572 223 205 
649 154 197 
532 198 270 
625 192 183 
605 204 191 
546 230 224 
623 262 115 
635 256 109 
592 206 202 
703 222 75 
501 209 290 
686 213 101 
614 202 184 
613 248 139 
611 195 194 
522 268 210 
626 169 205 
535 233 232 
619 264 117 
637 219 144 
626 246 128 
590 192 218 
705 170 125 
544 215 241 
617 243 140 
589 156 255 
566 189 245 
520 236 244 
709 173 118 
672 187 141 
685 176 139 
595 234 171 
729 154 117 
679 217 104 
635 195 170 
652 224 124 
561 170 269 
655 179 166 
691 183 126 
677 202 121 
636 172 192 
551 200 249 
682 221 97 
712 181 107 
682 185 133 
661 245 94 
569 181 250 
620 121 259 
674 256 70 
635 233 132 
563 249 188 
547 200 253 
685 151 164 
559 259 182 
607 241 152 
659 210 131 
647 238 115 
649 217 134 
682 233 85 
587 188 225 
533 180 287 
649 172 179 
662 212 126 
654 222 124 
626 181 193 
547 235 218 
519 295 186 
568 211 221 
614 217 169 
657 209 134 
668 229 103 
606 205 189 
608 228 164 
597 189 214 
539 262 199 
643 192 165 
644 167 189 
614 183 203 
579 251 170 
617 224 159 
651 218 131 
681 167 152 
590 252 158 
600 161 239 
578 265 157 
706 179 115 
620 235 145 
511 213 276 
693 185 122 
616 223 161 
625 195 180 
526 209 265 
675 196 129 
740 208 52 
641 224 135 
505 216 279 
620 220 160 
661 164 175 
729 124 147 
620 235 145 
508 250 242 
647 241 112 
566 209 225 
609 153 238 
605 183 212 
675 177 148 
565 197 238 
578 228 194 
596 213 191 
552 259 189 
507 182 311 
577 226 197 
632 176 192 
577 294 129 
473 186 341 
602 193 205 
665 202 133 
608 248 144 
596 232 172 
687 198 115 
659 219 122 
571 191 238 
627 185 188 
562 149 289 
575 189 236 
640 232 128 
577 254 169 
599 218 183 
622 223 155 
586 263 151 
609 249 142 
620 185 195 
766 169 65 
641 233 126 
714 185 101 
591 188 221 
554 189 257 
604 230 166 
547 242 211 
718 179 103 
600 197 203 
642 233 125 
561 259 180 
610 199 191 
707 188 105 
614 169 217 
622 165 213 
608 244 148 
614 230 156 
670 235 95 
645 190 165 
578 194 228 
511 190 299 
603 175 222 
517 181 302 
584 239 177 
683 179 138 
682 196 122 
675 185 140 
687 194 119 
579 250 171 
599 258 143 
617 179 204 
623 243 134 
538 225 237 
726 151 123 
573 238 189 
615 197 188 
553 174 273 
647 212 141 
657 199 144 
750 161 89 
645 174 181 
699 214 87 
641 135 224 
638 178 184 
463 262 275 
619 208 173 
668 211 121 
689 266 45 
579 246 175 
699 188 113 
551 241 208 
639 197 164 
664 223 113 
597 231 172 
439 136 425 
604 243 153 
693 240 67 
562 239 199 
660 156 184 
643 232 125 
673 179 148 
588 203 209 
518 217 265 
551 196 253 
584 243 173 
551 206 243 
653 224 123 
595 162 243 
642 160 198 
629 250 121 
614 200 186 
664 202 134 
705 149 146 
555 277 168 
660 161 179 
623 157 220 
572 172 256 
603 228 169 
575 258 167 
654 265 81 
602 216 182 
651 202 147 
626 96 278 
591 169 240 
558 234 208 
550 182 268 
583 156 261 
551 202 247 
694 215 91 
636 209 155 
667 198 135 
587 215 198 
641 213 146 
627 157 216 
624 236 140 
605 241 154 
647 204 149 
638 176 186 
657 177 166 
600 261 139 
686 160 154 
634 193 173 
674 154 172 
589 221 190 
579 219 202 
661 197 142 
571 178 251 
525 163 312 
625 204 171 
608 250 142 
671 176 153 
652 199 149 
640 170 190 
623 206 171 
766 178 56 
614 211 175 
582 270 148 
688 200 112 
661 173 166 
582 227 191 
579 217 204 
640 189 171 
618 226 156 
640 210 150 
601 251 148 
662 204 134 
575 257 168 
580 188 232 
690 147 163 
603 256 141 
612 215 173 
597 234 169 
625 218 157 
638 139 223 
577 223 200 
602 239 159 
617 194 189 
619 234 147 
630 187 183 
629 209 162 
625 190 185 
561 197 242 
510 274 216 
659 203 138 
516 210 274 
632 186 182 
614 246 140 
624 224 152 
651 133 216 
574 197 229 
729 165 106 
629 218 153 
583 248 169 
603 154 243 
718 216 66 
545 155 300 
674 115 211 
550 250 200 
640 222 138 
539 242 219 
642 169 189 
652 200 148 
554 220 226 
717 189 94 
587 178 235 
715 145 140 
695 209 96 
692 210 98 
658 200 142 
649 191 160 
660 181 159 
538 224 238 
549 271 180 
524 203 273 
506 179 315 
655 207 138 
702 243 55 
676 181 143 
621 143 236 
634 212 154 
566 252 182 
677 225 98 
714 158 128 
695 154 151 
654 180 166 
626 208 166 
607 213 180 
564 301 135 
677 187 136 
672 177 151 
557 260 183 
649 239 112 
765 159 76 
585 253 162 
648 221 131 
610 283 107 
626 156 218 
670 193 137 
636 157 207 
630 213 157 
583 175 242 
563 166 271 
583 129 288 
610 290 100 
648 105 247 
628 221 151 
635 141 224 
608 184 208 
565 188 247 
670 237 93 
652 243 105 
606 220 174 
670 185 145 
531 204 265 
632 179 189 
551 216 233 
675 203 122 
723 186 91 
520 206 274 
621 215 164 
709 191 100 
667 242 91 
492 249 259 
551 244 205 
672 174 154 
598 164 238 
588 176 236 
589 187 224 
565 213 222 
651 191 158 
585 184 231 
621 244 135 
573 238 189 
664 243 93 
637 216 147 
634 172 194 
699 163 138 
726 158 116 
492 240 268 
616 237 147 
559 204 237 
678 117 205 
596 214 190 
595 216 189 
586 205 209 
594 251 155 
672 174 154 
633 186 181 
692 164 144 
654 194 152 
485 215 300 
473 178 349 
613 232 155 
622 225 153 
584 231 185 
624 170 206 
638 233 129 
669 172 159 
597 183 220 
600 239 161 
635 231 134 
687 195 118 
721 208 71 
549 237 214 
577 244 179 
601 210 189 
605 189 206 
597 177 226 
627 212 161 
632 192 176 
652 160 188 
550 226 224 
617 241 142 
663 205 132 
666 168 166 
695 194 111 
686 172 142 
708 223 69 
635 231 134 
637 205 158 
536 263 201 
670 214 116 
619 188 193 
634 209 157 
604 219 177 
654 242 104 
589 202 209 
556 223 221 
634 187 179 
615 210 175 
658 184 158 
606 266 128 
689 199 112 
686 186 128 
606 175 219 
668 218 114 
574 218 208 
564 226 210 
696 185 119 
703 190 107 
641 229 130 
537 219 244 
544 194 262 
563 253 184 
600 212 188 
600 215 185 
608 241 151 
566 208 226 
544 261 195 
610 122 268 
637 154 209 
554 161 285 
567 226 207 
572 279 149 
632 179 189 
569 198 233 
653 159 188 
606 271 123 
719 179 102 
572 269 159 
516 189 295 
617 173 210 
652 211 137 
685 215 100 
660 165 175 
589 232 179 
653 190 157 
690 235 75 
656 220 124 
570 207 223 
606 195 199 
639 225 136 
685 189 126 
568 249 183 
629 165 206 
664 174 162 
682 236 82 
696 224 80 
580 252 168 
613 235 152 
543 221 236 
594 202 204 
555 253 192 
651 171 178 
500 262 238 
687 143 170 
589 233 178 
605 260 135 
595 160 245 
670 178 152 
648 226 126 
619 189 192 
629 206 165 
623 187 190 
649 223 128 
611 217 172 
593 215 192 
716 207 77 
603 245 152 
637 292 71 
648 204 148 
655 174 171 
706 154 140 
591 188 221 
607 227 166 
678 221 101 
671 191 138 
687 195 118 
721 174 105 
610 253 137 
620 195 185 
692 116 192 
702 189 109 
480 260 260 
554 235 211 
697 172 131 
619 221 160 
632 252 116 
609 209 182 
660 196 144 
541 160 299 
691 181 128 
577 154 269 
646 186 168 
626 232 142 
537 241 222 
640 180 180 
568 268 164 
638 190 172 
526 251 223 
586 266 148 
623 210 167 
649 171 180 
609 260 131 
669 236 95 
545 246 209 
678 150 172 
616 227 157 
636 165 199 
659 188 153 
610 216 174 
671 190 139 
640 258 102 
692 148 160 
597 220 183 
585 244 171 
686 181 133 
619 233 148 
647 222 131 
622 152 226 
613 258 129 
585 240 175 
596 214 190 
594 211 195 
643 173 184 
604 205 191 
582 235 183 
712 155 133 
657 213 130 
638 249 113 
662 208 130 
627 245 128 
568 208 224 
727 164 109 
591 206 203 
619 150 231 
647 205 148 
523 282 195 
644 227 129 
643 233 124 
614 255 131 
674 204 122 
633 207 160 
682 181 137 
530 280 190 
568 219 213 
650 208 142 
600 183 217 
650 193 157 
529 208 263 
635 234 131 
621 177 202 
658 177 165 
651 203 146 
525 210 265 
680 192 128 
577 233 190 
548 175 277 
635 241 124 
617 165 218 
716 139 145 
645 200 155 
694 186 120 
558 226 216 
650 226 124 
547 227 226 
634 157 209 
613 227 160 
636 211 153 
620 169 211 
654 222 124 
635 250 115 
537 260 203 
635 153 212 
540 189 271 
694 171 135 
534 175 291 
594 214 192 
655 224 121 
620 190 190 
574 260 166 
667 217 116 
670 168 162 
517 239 244 
620 216 164 
592 157 251 
577 276 147 
643 149 208 
657 208 135 
641 207 152 
627 191 182 
660 170 170 
691 203 106 
663 228 109 
687 241 72 
653 188 159 
550 175 275 
649 209 142 
661 203 136 
604 241 155 
713 191 96 
678 237 85 
501 265 234 
617 167 216 
619 211 170 
526 201 273 
605 169 226 
669 205 126 
598 240 162 
604 167 229 
671 201 128 
600 198 202 
604 185 211 
612 238 150 
570 182 248 
691 209 100 
629 199 172 
565 209 226 
565 237 198 
671 207 122 
715 185 100 
626 279 95 
661 164 175 
626 150 224 
605 220 175 
626 190 184 
631 213 156 
616 187 197 
551 218 231 
613 183 204 
650 158 192 
617 223 160 
682 185 133 
547 180 273 
579 117 304 
701 179 120 
648 156 196 
490 151 359 
642 151 207 
633 182 185 
727 205 68 
663 211 126 
575 228 197 
636 186 178 
590 208 202 
699 212 89 
544 177 279 
657 234 109 
580 180 240 
555 284 161 
724 143 133 
578 182 240 
615 179 206 
591 223 186 
684 123 193 
671 152 177 
559 188 253 
727 114 159 
677 168 155 
626 224 150 
575 194 231 
