8 80 151 97 0 
7 50 72 112 0 
8 90 167 61 0 
2 133 153 79 0 
3 99 130 52 33 
10 110 239 71 2 
4 84 130 28 36 
2 38 152 143 81 
6 44 68 47 0 
15 105 163 90 0 
28 105 155 38 0 
15 47 97 94 1 
9 29 116 57 0 
19 23 135 151 0 
12 19 155 186 0 
2 77 198 53 0 
4 51 117 122 0 
15 25 149 86 0 
4 74 245 27 0 
1 124 139 14 0 
9 77 173 135 1 
4 73 198 132 0 
5 76 163 22 0 
15 70 121 99 0 
5 71 131 59 8 
16 103 255 143 4 
37 34 62 33 3 
6 57 125 56 0 
10 62 230 70 0 
10 25 264 26 0 
6 26 186 18 15 
19 61 214 45 7 
4 79 167 121 0 
8 49 255 36 52 
4 48 98 30 0 
37 45 165 72 0 
8 94 97 169 2 
15 45 139 25 0 
8 113 127 28 0 
5 53 219 18 3 
6 120 165 34 0 
10 61 213 27 0 
3 24 219 148 0 
4 41 123 104 0 
6 51 215 67 0 
5 56 211 96 0 
2 127 154 56 0 
2 63 225 72 0 
5 90 186 57 0 
2 39 151 160 12 
3 158 128 23 6 
8 32 118 70 0 
9 88 120 126 0 
18 89 141 51 0 
5 49 177 30 9 
10 165 207 76 0 
9 18 230 45 1 
10 210 142 24 0 
34 117 156 23 1 
6 90 164 59 0 
3 40 363 23 0 
11 96 175 85 0 
2 51 168 90 0 
14 69 118 91 1 
8 90 103 87 0 
5 68 131 170 11 
10 36 206 82 13 
7 81 156 93 0 
5 71 162 52 0 
2 26 176 55 32 
28 45 161 59 0 
17 133 139 92 5 
7 53 229 41 0 
12 37 173 101 0 
22 29 153 41 37 
1 106 134 110 0 
0 102 123 34 0 
9 56 196 56 0 
16 73 152 41 1 
17 41 152 137 0 
15 60 204 92 0 
3 94 271 49 0 
4 62 202 47 5 
4 81 318 60 0 
5 73 111 20 2 
25 35 177 45 0 
10 85 267 28 0 
11 78 88 61 17 
3 47 197 84 0 
9 132 168 91 0 
1 100 107 6 0 
30 66 108 47 95 
4 195 183 63 0 
3 87 198 163 17 
6 63 76 358 0 
4 50 217 60 3 
12 105 197 80 0 
12 20 121 74 1 
20 38 189 40 1 
8 131 150 135 1 
2 97 264 77 0 
0 39 239 21 0 
24 54 272 44 0 
8 43 228 68 0 
0 63 165 119 38 
0 111 128 78 5 
1 104 222 78 0 
1 42 188 63 0 
0 45 110 86 0 
32 66 95 23 0 
7 52 159 169 0 
12 63 141 98 7 
11 156 98 36 0 
6 53 140 39 0 
15 127 135 59 0 
2 78 226 143 0 
41 106 144 30 0 
4 92 137 115 1 
22 30 236 114 0 
11 78 202 19 0 
25 65 192 23 2 
17 89 114 82 13 
12 25 144 59 0 
6 64 194 173 0 
4 68 108 114 0 
7 49 142 96 0 
2 42 124 91 27 
4 54 198 37 19 
21 73 203 81 4 
0 55 376 22 38 
14 102 198 28 51 
17 98 254 65 0 
9 42 129 62 0 
5 26 229 55 19 
3 93 103 46 0 
6 49 104 26 0 
14 73 117 41 0 
2 103 182 122 0 
1 59 172 95 0 
4 33 202 41 1 
8 78 189 79 0 
0 46 142 90 8 
15 82 93 63 71 
4 60 137 95 0 
2 185 161 62 0 
19 6 189 87 0 
0 97 187 66 0 
14 81 292 40 1 
13 49 264 80 0 
8 50 117 101 23 
5 29 146 56 6 
6 63 189 195 0 
0 87 88 80 0 
14 25 318 73 4 
13 113 158 14 14 
6 17 123 60 1 
21 110 188 154 32 
0 90 215 50 0 
1 60 167 87 3 
10 45 236 120 10 
6 97 204 48 0 
8 17 207 42 0 
8 45 166 91 0 
4 63 174 40 20 
15 60 108 79 0 
2 41 130 139 3 
7 54 163 40 0 
5 54 296 116 0 
9 43 145 108 1 
23 122 101 56 3 
2 38 193 167 0 
3 105 82 24 0 
6 37 144 102 1 
9 56 137 57 1 
5 141 115 87 0 
16 58 201 47 33 
10 51 199 85 3 
2 120 224 131 0 
31 81 149 44 1 
19 80 154 23 8 
1 157 179 107 0 
9 124 99 85 0 
7 168 162 18 0 
8 105 112 21 7 
6 96 136 114 0 
5 44 116 84 0 
0 37 165 102 0 
13 99 238 124 0 
7 33 169 173 0 
10 145 125 25 10 
18 92 76 115 0 
9 48 220 36 35 
4 79 345 4 2 
19 71 200 64 0 
3 95 239 73 0 
4 50 178 30 0 
23 74 181 49 0 
17 48 89 62 0 
14 62 181 48 5 
11 114 225 15 14 
5 94 215 81 0 
16 83 142 39 0 
5 73 138 51 0 
0 74 120 89 6 
8 48 145 87 0 
10 123 64 39 0 
4 68 140 27 0 
51 89 137 46 0 
11 31 127 36 1 
24 34 114 83 0 
6 130 173 31 0 
9 88 151 53 7 
10 65 168 130 0 
4 58 161 51 0 
0 155 186 19 31 
4 48 151 168 1 
21 46 147 28 2 
33 63 187 165 0 
13 132 210 87 0 
4 37 109 72 1 
6 42 279 40 0 
7 27 222 125 0 
2 39 218 134 0 
11 39 148 38 0 
9 61 251 9 0 
1 77 157 58 0 
1 70 210 41 16 
1 84 229 38 0 
5 71 322 16 1 
5 69 60 43 0 
8 29 214 30 0 
1 69 164 68 0 
24 62 155 140 7 
1 61 175 26 0 
3 192 194 52 0 
13 81 292 48 0 
11 97 162 85 0 
17 35 91 137 0 
10 57 117 60 0 
8 62 220 79 0 
12 52 247 59 0 
24 139 98 41 0 
5 63 179 104 0 
8 30 222 97 1 
2 49 128 112 25 
6 91 197 133 0 
5 100 116 85 42 
2 51 105 40 0 
1 59 204 140 1 
7 84 147 33 0 
13 60 179 21 0 
31 96 173 61 7 
8 67 124 103 0 
7 88 206 140 0 
6 49 103 51 4 
15 87 147 97 0 
6 17 190 156 0 
2 25 198 57 0 
4 61 248 48 0 
8 78 208 74 0 
6 136 250 61 0 
9 111 90 4 0 
21 121 279 51 0 
18 52 164 76 0 
5 85 96 47 14 
1 76 226 102 0 
7 14 247 104 1 
16 73 303 26 0 
2 121 263 71 0 
2 98 196 83 1 
3 28 211 142 0 
1 103 162 83 0 
3 74 229 35 0 
7 39 180 45 0 
6 30 231 39 15 
12 75 152 20 0 
8 66 125 177 7 
24 33 107 56 0 
6 76 150 84 0 
27 103 169 38 0 
3 38 188 87 1 
10 67 89 47 0 
7 21 118 105 0 
14 3 247 138 0 
13 48 89 68 0 
6 45 146 76 33 
7 43 209 35 0 
1 107 125 87 0 
15 35 148 43 0 
10 54 195 112 0 
11 42 175 80 0 
10 36 188 36 1 
6 57 191 86 48 
31 42 295 64 0 
10 61 345 44 1 
14 93 160 63 0 
7 57 155 48 10 
1 22 228 137 0 
4 136 133 22 9 
1 67 156 61 0 
12 44 163 24 0 
1 25 178 78 0 
1 20 143 69 0 
20 74 164 59 0 
23 71 72 109 1 
4 152 112 41 0 
5 114 211 23 0 
5 60 169 45 0 
3 135 222 66 2 
1 66 249 46 11 
14 48 167 59 0 
7 17 227 16 0 
6 62 223 62 0 
0 71 174 66 0 
23 96 89 52 0 
8 88 89 151 0 
7 112 117 155 0 
5 39 139 110 0 
6 67 197 39 9 
0 170 133 37 5 
3 86 108 74 0 
3 81 225 118 0 
6 16 358 65 31 
19 70 250 138 0 
3 70 143 35 4 
5 128 103 50 0 
5 40 215 79 9 
15 107 122 38 1 
9 56 151 62 0 
11 130 287 60 0 
14 55 156 78 0 
1 113 182 43 3 
6 75 201 30 0 
15 25 175 79 19 
23 30 248 55 0 
31 161 84 69 1 
11 86 241 140 0 
19 38 65 84 0 
1 52 121 35 16 
3 156 94 82 8 
16 56 121 49 1 
3 74 107 84 0 
0 69 191 64 4 
10 54 147 34 0 
11 84 117 91 0 
8 44 187 42 36 
18 25 140 49 0 
42 58 190 57 0 
6 98 167 57 0 
13 36 190 110 0 
24 69 124 57 1 
3 73 142 148 1 
6 35 145 110 0 
2 19 222 131 0 
9 35 187 40 0 
8 155 203 32 0 
28 104 152 24 0 
19 134 146 202 4 
13 42 139 96 0 
12 41 206 45 0 
4 19 251 41 1 
2 59 251 48 0 
0 57 298 61 0 
9 108 253 58 0 
7 55 95 65 8 
0 45 204 28 11 
26 104 200 50 0 
18 64 163 157 0 
11 28 163 37 0 
3 114 160 101 0 
9 20 154 107 0 
4 107 198 53 9 
8 127 160 65 1 
1 41 89 135 0 
2 99 119 118 1 
11 96 140 32 0 
18 102 168 21 1 
5 62 169 20 0 
3 99 210 30 1 
4 25 241 49 0 
3 102 152 81 1 
3 88 195 48 0 
11 187 179 65 0 
5 55 148 68 0 
4 40 90 43 0 
4 89 147 89 0 
8 16 264 61 1 
2 68 129 76 0 
3 62 157 126 0 
12 96 124 49 0 
0 144 60 64 17 
1 51 123 40 12 
3 65 156 36 1 
5 87 164 200 1 
7 103 361 54 2 
13 76 270 76 3 
0 85 269 71 0 
5 46 249 127 7 
34 61 137 64 48 
2 31 285 44 8 
6 121 162 104 10 
42 82 160 99 0 
15 38 104 56 0 
16 53 285 84 0 
4 50 143 53 8 
9 141 196 29 0 
7 66 192 93 0 
12 90 121 115 0 
3 111 144 68 0 
0 74 209 40 0 
5 46 96 54 1 
16 106 98 70 0 
2 101 120 132 0 
6 18 203 65 0 
4 39 169 150 18 
5 44 164 43 0 
14 29 111 21 0 
32 37 133 45 3 
4 39 70 36 13 
7 136 139 47 0 
3 72 262 137 0 
9 69 233 147 0 
15 93 145 34 1 
11 114 331 38 0 
8 21 185 45 34 
7 61 176 75 1 
3 103 147 44 17 
12 78 154 66 0 
7 147 214 72 0 
7 62 79 148 0 
12 63 150 78 0 
17 129 268 25 0 
1 15 225 75 0 
1 32 133 18 2 
25 63 245 37 0 
17 74 181 106 0 
7 130 155 25 1 
24 163 177 71 0 
11 72 120 36 22 
6 81 137 56 0 
7 29 377 45 0 
19 56 216 128 5 
7 96 172 70 6 
24 18 281 37 0 
11 92 94 80 0 
9 65 180 47 15 
14 25 297 12 0 
1 85 169 29 0 
3 39 199 36 0 
13 71 118 100 2 
8 64 186 86 0 
6 54 189 68 2 
2 52 135 45 0 
12 55 327 171 0 
5 17 201 97 54 
2 26 295 26 45 
18 55 131 84 3 
0 47 232 100 10 
7 30 144 12 0 
22 41 194 66 1 
3 22 244 123 8 
2 20 191 89 0 
15 79 121 89 22 
12 52 116 63 0 
2 91 99 105 0 
4 59 79 116 0 
4 51 140 46 0 
19 58 157 38 0 
9 100 171 64 0 
4 118 176 42 0 
2 99 182 29 0 
9 66 126 37 1 
1 95 159 130 1 
12 71 115 54 1 
22 32 160 70 0 
15 77 188 39 0 
3 60 103 135 0 
4 184 102 45 0 
14 73 236 33 0 
1 50 185 46 10 
0 30 98 55 28 
11 67 106 112 0 
10 71 111 87 0 
8 32 57 49 11 
4 51 226 171 0 
8 31 140 96 51 
4 8 176 27 11 
2 80 151 75 15 
10 32 90 34 1 
18 63 136 71 5 
30 85 114 46 8 
9 48 99 87 12 
10 35 112 132 53 
10 101 146 77 0 
2 57 220 56 1 
2 78 223 91 0 
42 30 180 68 0 
11 93 142 47 0 
6 79 191 32 1 
6 55 174 63 2 
8 107 180 121 1 
2 66 118 36 0 
9 80 145 97 0 
2 70 113 131 0 
0 78 241 32 4 
4 111 103 140 9 
3 165 217 51 0 
1 137 171 61 0 
9 106 112 95 0 
2 62 235 49 0 
14 53 183 100 1 
6 75 188 66 0 
21 77 164 102 0 
8 69 220 39 0 
5 51 165 107 0 
17 54 289 131 0 
10 64 135 111 0 
13 54 236 11 3 
0 59 158 67 6 
1 84 154 42 0 
8 88 257 147 0 
16 88 204 50 0 
4 15 254 58 0 
4 53 126 63 0 
1 54 193 102 0 
1 139 286 47 4 
11 117 147 71 1 
2 86 146 102 0 
2 65 181 39 0 
4 150 120 75 0 
8 121 86 71 0 
16 85 174 84 3 
3 82 131 78 0 
28 30 156 63 18 
5 102 130 84 1 
2 50 225 31 0 
1 116 126 87 15 
12 96 129 113 1 
32 21 166 69 0 
8 72 149 142 0 
6 55 149 96 0 
7 31 164 218 25 
0 87 208 103 0 
3 63 207 126 0 
9 97 177 27 0 
38 105 145 113 0 
8 39 80 124 0 
12 17 142 156 14 
5 46 96 131 0 
30 84 93 49 10 
15 37 144 18 0 
12 114 100 88 0 
0 82 204 33 77 
9 27 144 91 0 
16 121 157 75 3 
14 56 132 29 0 
27 37 228 34 3 
11 31 154 33 17 
0 167 141 67 15 
6 58 156 38 8 
2 96 143 55 4 
2 9 141 38 0 
3 157 158 99 0 
21 50 175 18 0 
7 64 309 23 20 
7 44 265 107 5 
16 67 112 45 0 
1 38 197 58 0 
8 41 255 24 0 
4 93 143 52 0 
5 71 132 59 0 
2 223 106 46 5 
41 42 68 98 68 
0 70 257 35 0 
1 90 163 105 17 
13 111 153 107 9 
11 130 187 52 0 
19 47 287 72 0 
16 129 152 18 0 
1 83 116 121 2 
2 61 191 37 0 
12 10 157 58 0 
8 84 150 91 24 
2 118 135 57 0 
11 74 185 99 0 
7 62 90 61 1 
12 132 70 123 0 
7 65 159 69 0 
9 123 183 118 12 
2 76 109 85 0 
1 65 123 59 0 
21 52 184 84 0 
19 64 119 62 0 
2 65 85 62 8 
12 69 154 84 0 
6 174 333 90 21 
5 83 95 23 1 
22 150 260 41 0 
13 108 172 162 5 
7 53 44 136 0 
0 75 161 30 0 
1 35 194 26 33 
3 50 186 102 1 
32 104 124 112 0 
12 11 123 107 1 
13 149 207 68 0 
9 67 192 104 1 
9 108 222 109 2 
27 139 127 6 12 
14 120 136 51 3 
3 44 268 92 0 
12 107 187 43 0 
4 96 161 50 0 
8 52 174 136 1 
4 43 168 120 0 
9 36 187 101 1 
3 46 107 98 0 
4 60 199 34 0 
4 74 120 32 1 
1 53 172 13 0 
2 50 174 175 43 
12 111 181 25 0 
2 44 169 27 0 
1 47 228 64 0 
3 29 99 120 1 
12 123 118 78 0 
14 67 235 16 0 
5 46 169 27 3 
9 15 267 69 21 
2 97 308 103 0 
1 57 169 91 0 
13 48 234 113 0 
7 50 90 138 0 
6 62 241 114 0 
2 37 254 100 0 
7 102 142 32 0 
6 80 141 40 1 
8 120 118 24 0 
0 41 224 42 0 
2 92 213 60 45 
0 68 182 52 0 
10 60 286 57 19 
9 171 158 88 5 
17 81 206 232 0 
4 54 119 66 0 
1 77 197 31 0 
4 115 43 74 0 
41 193 93 67 0 
19 49 100 118 0 
8 86 168 99 9 
9 40 166 148 1 
6 30 160 164 0 
8 79 207 74 0 
19 25 158 66 0 
11 118 184 133 12 
14 76 178 53 0 
11 73 170 72 0 
3 24 84 73 3 
5 137 175 56 55 
23 47 227 27 0 
2 58 200 73 0 
7 43 194 14 0 
11 29 157 61 0 
2 22 123 182 0 
14 89 167 37 0 
14 46 203 101 3 
11 142 258 31 0 
5 84 175 38 0 
1 123 268 110 0 
8 26 136 77 0 
10 37 268 36 0 
6 63 172 34 0 
1 58 179 90 0 
4 102 171 17 0 
5 74 194 104 0 
11 129 163 10 1 
7 64 150 10 0 
4 87 171 64 0 
2 27 164 91 0 
11 49 164 45 0 
9 73 232 141 2 
10 65 206 66 0 
15 209 132 96 0 
5 114 191 127 0 
7 41 130 130 13 
14 79 165 64 0 
10 40 178 53 0 
7 134 113 201 0 
4 51 173 27 0 
12 93 117 48 0 
21 60 88 84 0 
3 41 165 98 0 
10 82 98 104 1 
9 95 119 89 0 
22 49 191 64 0 
22 49 256 31 3 
19 40 89 152 20 
9 70 145 59 48 
18 43 147 63 11 
1 25 195 81 0 
0 79 152 96 3 
5 42 194 158 0 
12 57 153 69 3 
9 153 216 68 0 
22 47 62 49 0 
0 78 169 16 15 
2 52 248 71 0 
5 100 172 112 6 
3 26 271 51 2 
3 103 167 58 0 
34 51 111 60 0 
13 193 151 67 0 
6 32 184 22 48 
12 78 200 61 0 
20 39 90 121 0 
13 83 91 104 0 
10 38 119 84 0 
31 34 196 37 2 
8 127 198 212 0 
15 56 277 56 0 
6 26 112 118 1 
8 84 103 79 1 
2 62 123 32 37 
14 126 106 44 5 
18 84 288 35 9 
11 55 185 50 1 
13 32 246 90 8 
3 69 83 85 0 
1 29 101 21 1 
7 27 246 55 1 
7 37 210 59 5 
8 27 165 111 0 
8 127 94 89 4 
16 85 107 97 16 
4 95 267 47 1 
4 184 147 52 14 
1 104 170 133 13 
4 59 131 121 0 
9 33 128 86 0 
25 57 167 42 0 
14 54 102 44 0 
6 27 154 177 39 
5 37 194 119 0 
4 85 173 49 0 
3 43 196 38 0 
7 95 197 94 0 
11 71 159 85 7 
17 41 147 79 0 
4 42 202 139 0 
14 45 166 72 0 
3 66 188 47 0 
5 87 189 66 0 
3 77 90 53 0 
6 74 146 35 14 
15 36 133 123 0 
42 50 104 115 0 
4 58 182 82 12 
17 95 219 99 0 
5 31 221 71 0 
8 49 153 43 5 
60 64 202 47 0 
7 142 248 135 3 
6 56 136 31 0 
1 56 285 68 0 
5 17 190 142 0 
4 111 192 75 2 
1 109 180 23 31 
8 18 184 54 0 
2 139 202 64 0 
3 74 77 15 0 
15 43 208 121 1 
4 34 159 50 2 
5 82 128 105 1 
6 96 137 70 0 
8 105 83 136 0 
2 76 64 53 0 
1 106 218 27 1 
15 95 70 180 0 
0 22 149 89 0 
16 91 191 75 25 
32 32 152 134 17 
16 9 183 126 13 
6 83 250 102 8 
19 36 186 20 1 
10 70 97 70 15 
21 130 121 55 0 
7 29 146 35 0 
4 79 129 146 0 
4 28 208 48 1 
25 45 168 109 0 
6 131 176 58 0 
7 47 186 60 31 
9 67 185 61 0 
8 74 67 58 0 
8 30 219 158 1 
0 124 135 116 0 
20 29 179 54 4 
13 51 156 46 0 
2 102 189 86 0 
4 71 227 40 1 
6 77 212 67 1 
6 102 142 28 0 
33 51 146 81 0 
20 36 122 77 0 
29 30 187 41 0 
6 65 192 117 0 
4 43 208 25 4 
2 30 244 74 0 
21 64 98 40 0 
19 64 167 104 0 
1 108 196 38 17 
22 42 133 86 0 
3 49 118 124 0 
1 51 234 61 8 
34 82 155 53 0 
31 72 146 92 0 
1 37 145 39 0 
4 136 177 33 1 
12 30 181 44 0 
4 69 241 67 0 
9 78 161 35 1 
10 10 166 79 0 
10 203 125 121 0 
3 27 97 17 4 
6 74 148 112 0 
23 50 225 61 0 
7 82 203 139 13 
7 148 192 69 5 
14 78 231 78 1 
8 140 189 43 0 
7 196 177 161 7 
6 28 187 76 0 
4 38 263 84 10 
1 148 281 44 1 
5 63 115 50 0 
4 84 84 69 0 
14 51 122 52 1 
3 49 62 77 3 
3 69 199 70 5 
3 72 110 113 0 
6 15 267 89 1 
3 120 122 79 0 
25 67 179 69 20 
47 27 195 96 0 
31 120 143 54 4 
0 62 128 90 0 
4 117 138 151 0 
8 65 350 144 1 
9 70 170 91 13 
3 56 250 43 14 
6 167 98 122 2 
5 70 165 68 0 
2 63 132 52 0 
16 78 123 75 1 
3 78 146 19 0 
8 140 150 60 0 
7 158 97 44 0 
1 48 135 103 0 
29 26 201 82 0 
1 97 291 17 0 
57 66 177 83 1 
5 92 232 41 0 
8 47 194 68 13 
7 63 178 101 6 
2 36 162 109 0 
11 101 121 55 9 
3 79 318 67 0 
19 71 159 65 0 
4 55 108 133 4 
15 44 224 87 0 
7 141 132 72 0 
1 70 289 52 11 
8 59 155 169 2 
10 77 182 77 0 
15 89 127 43 11 
8 44 122 36 20 
3 44 229 71 0 
44 16 96 33 0 
2 71 127 91 3 
9 29 160 98 11 
8 21 164 143 1 
6 68 194 24 0 
0 49 165 59 0 
29 113 79 74 1 
1 144 91 30 0 
10 76 124 155 15 
1 17 296 23 40 
2 64 104 105 14 
1 67 175 85 0 
23 73 92 64 23 
3 42 134 103 2 
3 25 95 129 4 
58 84 160 63 0 
7 123 143 11 0 
5 46 219 69 0 
1 41 158 208 1 
6 83 112 81 0 
2 88 211 135 1 
6 63 142 57 19 
4 73 92 65 0 
2 24 97 69 3 
6 22 162 17 0 
9 87 128 19 2 
20 48 252 61 1 
11 40 144 30 15 
10 25 151 158 0 
4 95 164 14 0 
26 75 212 42 1 
11 45 148 157 20 
3 53 122 59 0 
8 84 179 84 21 
15 26 164 107 1 
7 17 155 113 0 
20 166 89 66 5 
0 31 272 18 44 
7 75 131 63 0 
1 50 180 35 0 
5 118 251 25 11 
5 142 131 69 0 
5 51 168 79 0 
2 80 113 12 1 
2 118 224 55 0 
0 31 173 29 0 
23 74 324 29 0 
8 43 110 302 29 
7 67 88 133 0 
21 30 91 83 76 
35 51 186 86 19 
11 72 148 64 0 
3 244 245 62 0 
6 71 166 43 3 
7 46 164 128 1 
7 101 248 54 0 
2 145 253 59 1 
18 78 148 84 0 
9 38 146 93 18 
21 21 122 52 0 
9 62 148 29 0 
2 68 359 33 0 
3 75 117 110 3 
2 33 134 108 0 
9 70 240 43 8 
6 40 150 233 0 
15 62 250 61 0 
10 98 176 103 0 
2 30 270 120 4 
9 65 137 244 0 
5 24 117 84 0 
5 96 157 60 0 
4 31 120 81 3 
12 59 164 111 0 
4 89 100 148 3 
5 110 165 156 0 
0 82 202 108 0 
8 118 165 143 2 
16 110 195 197 0 
5 39 213 54 1 
3 49 183 27 0 
30 22 159 78 0 
21 62 145 49 1 
7 89 349 99 1 
1 30 115 33 1 
6 97 113 123 0 
3 57 146 96 0 
6 51 185 21 102 
14 98 140 48 1 
9 81 190 35 0 
3 184 188 97 21 
5 83 165 61 0 
5 53 139 22 0 
1 148 183 70 16 
0 88 148 194 1 
2 63 188 108 0 
3 48 199 160 0 
0 24 160 10 0 
22 58 186 112 0 
3 98 154 16 1 
9 113 168 124 0 
7 70 296 60 1 
14 10 257 104 23 
30 100 88 79 28 
6 93 144 77 0 
3 57 170 25 6 
1 116 128 63 0 
2 88 184 47 0 
35 32 215 30 19 
18 50 130 29 0 
20 118 144 59 1 
13 122 194 36 3 
8 59 156 55 0 
12 74 128 85 0 
4 88 267 56 0 
2 68 128 52 1 
8 72 126 105 2 
2 73 200 32 1 
15 57 77 125 0 
0 41 158 36 0 
9 58 238 61 1 
2 92 95 40 1 
15 22 176 32 0 
