0 36 84 
0 39 40 
0 27 54 
0 28 163 
0 32 76 
0 10 83 
0 23 131 
0 53 51 
0 23 85 
0 28 76 
0 29 69 
0 31 96 
0 16 57 
0 41 142 
0 32 143 
0 23 129 
0 27 218 
0 16 65 
0 32 70 
0 19 175 
0 44 162 
0 10 151 
0 52 112 
0 43 64 
0 14 80 
0 0 49 
0 17 135 
0 23 105 
0 37 50 
0 15 78 
0 36 116 
0 41 49 
0 15 45 
0 24 105 
0 53 41 
0 41 109 
0 22 101 
0 5 20 
0 10 113 
0 39 57 
0 48 117 
0 24 118 
0 36 66 
0 37 78 
0 33 166 
0 54 166 
0 17 58 
0 22 69 
0 21 102 
0 26 88 
0 46 88 
0 13 50 
0 6 42 
0 51 90 
0 43 93 
0 11 153 
0 30 83 
0 39 140 
0 47 45 
0 69 61 
0 21 68 
0 14 55 
0 17 85 
0 25 123 
0 38 34 
0 20 60 
0 12 113 
0 27 76 
0 30 120 
0 36 75 
0 4 79 
0 15 119 
0 12 99 
0 18 93 
0 30 91 
0 21 117 
0 37 155 
0 48 112 
0 36 41 
0 38 68 
0 31 156 
0 7 85 
0 31 90 
0 24 40 
0 17 118 
0 18 60 
0 0 50 
0 1 123 
0 4 106 
0 40 98 
0 17 144 
0 10 26 
0 10 68 
0 37 46 
0 18 77 
0 16 191 
0 42 81 
0 39 44 
0 11 31 
0 47 51 
0 39 56 
0 46 99 
0 32 113 
0 14 131 
0 21 117 
0 25 130 
0 17 104 
0 19 140 
0 8 65 
0 13 78 
0 15 156 
0 24 72 
0 50 144 
0 21 131 
0 37 78 
0 30 96 
0 18 89 
0 8 70 
0 1 66 
0 19 80 
0 14 62 
0 28 51 
0 3 65 
0 33 134 
0 33 120 
0 17 103 
0 37 73 
0 25 42 
0 12 130 
0 18 170 
0 55 193 
0 12 148 
0 19 77 
0 37 98 
0 30 45 
0 20 109 
0 25 77 
0 10 116 
0 32 150 
0 32 63 
0 22 59 
0 55 47 
0 60 35 
0 8 80 
0 31 71 
0 61 122 
0 41 47 
0 12 41 
0 34 59 
0 24 62 
0 23 76 
0 35 171 
0 20 122 
0 32 72 
0 15 156 
0 22 79 
0 19 94 
0 20 119 
0 66 55 
0 52 50 
0 7 143 
0 26 121 
0 8 124 
0 12 59 
0 34 81 
0 20 50 
0 4 105 
0 54 101 
0 24 96 
0 8 42 
0 16 160 
0 19 122 
0 9 143 
0 52 41 
0 66 83 
0 16 26 
0 14 84 
0 21 141 
0 17 64 
0 30 113 
0 16 116 
0 11 61 
0 6 105 
0 45 90 
0 16 171 
0 33 65 
0 36 182 
0 23 94 
0 28 61 
0 37 83 
0 36 129 
0 51 95 
0 23 77 
0 14 38 
0 18 110 
0 36 163 
0 30 114 
0 47 59 
0 39 113 
0 41 112 
0 23 107 
0 24 79 
0 39 56 
0 18 80 
0 29 123 
0 22 72 
0 58 88 
0 16 129 
0 23 134 
0 28 69 
0 36 133 
0 31 62 
0 25 84 
0 11 99 
0 29 86 
0 38 69 
0 28 99 
0 69 66 
0 15 79 
0 22 96 
0 35 88 
0 37 95 
0 37 102 
0 25 106 
0 49 42 
0 28 151 
0 10 139 
0 54 122 
0 26 54 
0 15 67 
0 27 51 
0 23 151 
0 26 94 
0 17 30 
0 6 132 
0 22 97 
0 25 56 
0 47 121 
0 49 73 
0 48 116 
0 40 163 
0 45 114 
0 15 107 
0 29 82 
0 19 81 
0 46 78 
0 31 141 
0 55 129 
0 31 76 
0 3 42 
0 25 79 
0 17 112 
0 16 151 
0 51 159 
0 21 48 
0 35 41 
0 33 83 
0 44 91 
0 25 137 
0 35 161 
0 44 87 
0 15 155 
0 39 136 
0 8 75 
0 26 58 
0 39 55 
0 17 105 
0 32 72 
0 14 100 
0 47 63 
0 20 107 
0 18 136 
0 3 43 
0 22 80 
0 25 119 
0 25 165 
0 35 144 
0 18 73 
0 5 114 
0 44 120 
0 15 82 
0 22 178 
0 30 100 
0 34 95 
0 48 58 
0 30 73 
0 17 62 
0 13 114 
0 9 100 
0 31 83 
0 14 98 
0 65 87 
0 43 100 
0 28 168 
0 19 111 
0 53 120 
0 2 45 
0 21 107 
0 38 59 
0 11 49 
0 112 85 
0 33 32 
0 22 96 
0 22 97 
0 64 157 
0 4 155 
0 19 59 
0 25 66 
0 20 67 
0 9 115 
0 0 133 
0 58 210 
0 34 79 
0 52 65 
0 31 71 
0 68 45 
0 16 65 
0 20 59 
0 23 69 
0 61 141 
0 19 55 
0 14 143 
0 18 77 
0 47 102 
0 28 78 
0 14 39 
0 24 73 
0 5 63 
0 14 133 
0 64 131 
0 35 122 
0 50 67 
0 12 66 
0 25 117 
0 43 166 
0 15 141 
0 52 72 
0 23 57 
0 42 85 
0 27 105 
0 25 131 
0 25 82 
0 22 95 
0 62 77 
0 15 181 
0 11 101 
0 27 103 
0 57 58 
0 15 49 
0 23 77 
0 44 83 
0 40 99 
0 33 197 
0 23 57 
0 24 89 
0 24 105 
0 69 40 
0 38 43 
0 20 116 
0 20 193 
0 8 74 
0 11 82 
0 12 120 
0 36 153 
0 37 113 
0 36 59 
0 4 79 
0 26 64 
0 34 36 
0 14 127 
0 42 46 
0 50 89 
0 42 65 
0 54 55 
0 29 35 
0 28 77 
0 29 55 
0 35 79 
0 29 84 
0 16 145 
0 21 54 
0 13 11 
0 46 180 
0 18 98 
0 36 92 
0 13 70 
0 16 48 
0 38 63 
0 21 62 
0 32 128 
0 22 109 
0 44 81 
0 6 72 
0 23 72 
0 37 103 
0 24 122 
0 35 73 
0 24 260 
0 11 28 
0 8 72 
0 20 69 
0 17 90 
0 29 105 
0 53 100 
0 18 33 
0 13 83 
0 42 90 
0 29 104 
0 17 58 
0 5 142 
0 28 70 
0 10 133 
0 27 74 
0 23 173 
0 47 32 
0 75 94 
0 16 82 
0 9 95 
0 80 114 
0 37 112 
0 19 120 
0 19 128 
0 28 117 
0 29 83 
0 23 76 
0 29 106 
0 13 153 
0 16 129 
0 49 93 
0 31 57 
0 39 95 
0 20 89 
0 11 69 
0 33 33 
0 38 73 
0 39 83 
0 20 22 
0 57 132 
0 32 75 
0 72 129 
0 34 96 
0 1 44 
0 20 75 
0 19 51 
0 23 92 
0 32 97 
0 61 76 
0 33 64 
0 14 42 
0 21 77 
0 16 111 
0 38 69 
0 48 131 
0 53 93 
0 19 66 
0 22 194 
0 27 59 
0 18 99 
0 23 54 
0 38 39 
0 43 101 
0 70 69 
0 29 102 
0 7 116 
0 19 127 
0 29 120 
0 16 91 
0 51 183 
0 25 199 
0 18 74 
0 13 71 
0 41 65 
0 18 65 
0 27 66 
0 12 70 
0 14 102 
0 25 124 
0 18 84 
0 20 84 
0 38 125 
0 29 103 
0 22 198 
0 32 58 
0 62 60 
0 8 69 
0 21 95 
0 52 81 
0 16 137 
0 41 112 
0 30 43 
0 29 78 
0 4 115 
0 36 214 
0 51 48 
0 49 163 
0 77 102 
0 20 74 
0 52 126 
0 44 47 
0 54 45 
0 50 59 
0 49 58 
0 30 175 
0 30 84 
0 37 58 
0 61 148 
0 36 129 
0 18 149 
0 19 71 
0 23 70 
0 30 66 
0 29 126 
0 61 121 
0 25 64 
0 20 102 
0 35 138 
0 24 146 
0 28 131 
0 48 61 
0 24 61 
0 13 80 
0 21 71 
0 9 67 
0 16 69 
0 30 190 
0 23 37 
0 24 60 
0 31 108 
0 28 115 
0 35 88 
0 43 38 
0 20 89 
0 21 182 
0 37 131 
0 53 60 
0 26 114 
0 20 93 
0 17 150 
0 38 78 
0 27 158 
0 47 54 
0 20 101 
0 16 77 
0 17 68 
0 38 84 
0 46 156 
0 20 140 
0 61 103 
0 16 122 
0 13 48 
0 20 65 
0 92 71 
0 36 79 
0 18 67 
0 7 73 
0 14 130 
0 32 83 
0 22 73 
0 26 99 
0 13 68 
0 30 84 
0 36 84 
0 12 88 
0 27 120 
0 12 93 
0 39 86 
0 30 45 
0 53 108 
0 33 34 
0 40 43 
0 43 244 
0 16 64 
0 26 72 
0 10 55 
0 9 98 
0 64 110 
0 51 40 
0 4 85 
0 21 92 
0 17 137 
0 7 90 
0 21 111 
0 27 100 
0 9 81 
0 35 132 
0 24 97 
0 35 128 
0 35 60 
0 31 78 
0 36 76 
0 27 79 
0 20 122 
0 36 111 
0 38 73 
0 16 71 
0 17 168 
0 33 128 
0 38 104 
0 68 26 
0 21 118 
0 23 212 
0 30 79 
0 29 169 
0 32 17 
0 20 58 
0 43 73 
0 38 107 
0 10 24 
0 26 130 
0 17 42 
0 24 74 
0 12 80 
0 31 58 
0 26 127 
0 8 110 
0 16 110 
0 42 107 
0 8 130 
0 33 97 
0 21 116 
0 7 79 
0 33 36 
0 25 41 
0 13 109 
0 27 76 
0 62 134 
0 49 53 
0 23 95 
0 39 86 
0 50 74 
0 16 120 
0 31 80 
0 59 43 
0 39 109 
0 44 86 
0 43 126 
0 22 166 
0 31 124 
0 13 107 
0 54 36 
0 17 104 
0 28 45 
0 19 55 
0 23 49 
0 12 132 
0 33 67 
0 88 82 
0 18 69 
0 29 56 
0 9 126 
0 39 47 
0 40 80 
0 7 102 
0 32 91 
0 25 169 
0 50 137 
0 51 35 
0 35 180 
0 13 130 
0 12 115 
0 25 92 
0 11 71 
0 18 89 
0 32 67 
0 40 173 
0 7 70 
0 32 61 
0 31 107 
0 28 80 
0 31 99 
0 33 96 
0 17 56 
0 39 132 
0 1 21 
0 9 68 
0 28 46 
0 35 40 
0 11 122 
0 24 33 
0 28 116 
0 34 121 
0 33 149 
0 52 68 
0 25 86 
0 24 117 
0 63 133 
0 2 60 
0 58 54 
0 46 91 
0 25 51 
0 20 58 
0 4 145 
0 17 63 
0 61 69 
0 25 68 
0 30 39 
0 20 107 
0 23 84 
0 41 98 
0 39 44 
0 12 117 
0 3 94 
0 17 137 
0 20 106 
0 18 42 
0 23 92 
0 2 83 
0 23 202 
0 14 68 
0 19 119 
0 23 93 
0 31 126 
0 12 103 
0 27 56 
0 19 96 
0 47 92 
0 26 68 
0 36 67 
0 33 104 
0 19 144 
0 31 117 
0 14 95 
0 10 114 
0 28 161 
0 12 107 
0 35 65 
0 43 47 
0 57 106 
0 15 101 
0 15 161 
0 79 167 
0 45 75 
0 53 72 
0 4 93 
0 25 41 
0 16 30 
0 22 122 
0 24 79 
0 22 112 
0 17 82 
0 20 145 
0 41 136 
0 22 41 
0 14 153 
0 44 120 
0 12 75 
0 19 21 
0 49 110 
0 62 68 
0 33 50 
0 11 81 
0 55 133 
0 9 71 
0 37 83 
0 60 129 
0 13 115 
0 17 70 
0 45 79 
0 14 133 
0 27 170 
0 29 127 
0 40 119 
0 24 94 
0 28 71 
0 13 48 
0 30 103 
0 27 56 
0 23 74 
0 18 38 
0 29 77 
0 4 86 
0 25 96 
0 89 43 
0 12 40 
0 58 79 
0 40 78 
0 6 196 
0 11 138 
0 21 226 
0 30 143 
0 16 220 
0 33 158 
0 6 56 
0 27 66 
0 50 90 
0 34 95 
0 46 120 
0 24 58 
0 25 145 
0 27 129 
0 36 53 
0 26 74 
0 36 100 
0 47 49 
0 33 115 
0 60 103 
0 13 129 
0 4 99 
0 3 106 
0 29 95 
0 60 124 
0 39 102 
0 8 44 
0 15 94 
0 26 68 
0 13 85 
0 2 51 
0 52 109 
0 25 149 
0 49 105 
0 27 94 
0 30 97 
0 14 146 
0 17 59 
0 46 70 
0 59 75 
0 29 107 
0 33 99 
0 25 35 
0 43 123 
0 2 27 
0 43 142 
0 60 78 
0 17 55 
0 23 33 
0 54 136 
0 18 65 
0 21 81 
0 20 66 
0 56 94 
0 42 127 
0 26 114 
0 12 121 
0 26 72 
0 21 112 
0 16 98 
0 37 155 
0 29 63 
0 29 105 
0 1 125 
0 8 81 
0 10 124 
0 48 128 
0 17 117 
0 7 91 
0 79 72 
0 12 184 
0 43 82 
0 34 47 
0 43 130 
0 28 121 
0 47 86 
0 2 161 
0 12 133 
0 39 170 
0 10 68 
0 21 79 
0 24 88 
0 27 93 
0 33 100 
0 50 84 
0 18 164 
0 7 167 
0 5 93 
0 13 52 
0 19 127 
0 41 103 
0 62 83 
0 32 32 
0 19 44 
0 5 38 
0 13 91 
0 19 56 
0 57 57 
0 14 79 
0 49 71 
0 20 106 
0 10 125 
0 24 84 
0 20 94 
0 17 100 
0 52 71 
0 22 212 
0 51 109 
0 19 110 
0 15 86 
0 6 95 
0 13 57 
0 16 170 
0 25 114 
0 10 119 
0 10 92 
0 22 72 
0 5 46 
0 20 160 
0 12 67 
0 26 87 
0 7 80 
0 84 80 
0 16 111 
0 51 77 
0 70 139 
0 42 100 
0 34 92 
0 19 11 
0 12 163 
0 61 46 
0 40 68 
0 20 54 
0 34 112 
0 15 119 
0 18 92 
0 11 107 
0 11 86 
0 14 81 
0 19 36 
0 7 119 
0 14 121 
0 18 84 
0 48 46 
0 26 82 
0 20 102 
0 40 122 
0 39 117 
0 15 183 
0 43 95 
0 47 108 
0 9 61 
0 37 116 
0 38 34 
0 6 91 
0 16 116 
0 63 84 
0 18 109 
0 47 145 
0 34 54 
0 30 190 
0 14 115 
0 7 239 
0 30 54 
0 35 130 
0 30 139 
0 14 119 
0 36 86 
0 47 70 
0 37 72 
0 35 135 
0 7 73 
0 7 130 
0 29 61 
0 32 83 
0 38 59 
0 21 137 
0 14 67 
0 38 105 
0 19 209 
0 17 44 
0 52 49 
0 41 121 
0 18 80 
0 21 87 
0 6 90 
0 10 68 
0 40 95 
0 57 144 
0 23 107 
0 31 101 
0 23 108 
0 35 92 
0 22 86 
0 23 59 
0 6 82 
0 18 168 
0 29 114 
0 25 58 
0 5 63 
0 40 127 
0 31 37 
0 48 42 
0 28 36 
0 58 126 
0 25 113 
0 17 86 
0 16 109 
0 39 52 
0 33 99 
0 27 87 
0 20 139 
0 37 192 
0 11 103 
0 26 81 
0 12 79 
0 34 53 
0 24 71 
0 12 85 
0 18 152 
0 41 140 
0 27 121 
0 36 110 
0 49 58 
