0 100 12 
0 87 1 
0 110 0 
0 95 0 
0 80 6 
0 44 0 
0 38 3 
0 39 1 
0 39 0 
0 72 0 
0 65 0 
0 73 0 
0 91 3 
0 30 1 
0 82 0 
0 47 12 
0 78 32 
0 65 16 
0 49 2 
0 18 0 
0 52 0 
0 50 0 
0 146 0 
0 36 0 
0 6 0 
0 92 0 
0 35 0 
0 61 0 
0 30 0 
0 57 0 
0 86 0 
0 62 0 
0 64 0 
0 52 0 
0 46 0 
0 31 0 
0 75 0 
0 35 0 
0 60 0 
0 62 10 
0 75 0 
0 42 0 
0 81 5 
0 104 0 
0 66 2 
0 79 5 
0 58 0 
0 83 0 
0 74 3 
0 70 0 
0 112 3 
0 43 0 
0 65 10 
0 66 1 
0 84 0 
0 72 0 
0 79 1 
0 100 4 
0 138 3 
0 69 3 
0 80 0 
0 31 5 
0 85 0 
0 21 0 
0 27 0 
0 11 0 
0 59 0 
0 38 0 
0 32 0 
0 55 0 
0 37 2 
0 40 10 
0 21 2 
0 56 0 
0 86 0 
0 26 0 
0 28 1 
0 93 16 
0 53 0 
0 71 0 
0 92 4 
0 35 0 
0 123 33 
0 29 0 
0 17 0 
0 79 4 
0 107 14 
0 54 0 
0 118 0 
0 44 0 
0 92 13 
0 34 0 
0 69 0 
0 14 0 
0 52 0 
0 30 0 
0 19 0 
0 89 2 
0 11 0 
0 40 0 
0 131 0 
0 46 2 
0 49 0 
0 53 0 
0 63 0 
0 36 0 
0 162 20 
0 71 0 
0 102 0 
0 101 0 
0 168 5 
0 72 26 
0 103 5 
0 51 0 
0 1 1 
0 63 0 
0 127 11 
0 35 0 
0 58 0 
0 60 0 
0 43 0 
0 44 0 
0 24 0 
0 109 11 
0 154 0 
0 31 0 
0 67 0 
0 14 0 
0 22 8 
0 62 0 
0 66 6 
0 80 1 
0 159 14 
0 62 0 
0 27 0 
0 90 1 
0 62 0 
0 53 3 
0 20 0 
0 79 0 
0 39 0 
0 34 4 
0 89 0 
0 25 0 
0 43 0 
0 110 0 
0 69 0 
0 37 0 
0 50 0 
0 139 14 
0 54 0 
0 87 3 
0 48 0 
0 67 2 
0 61 0 
0 56 0 
0 107 1 
0 79 0 
0 44 0 
0 34 0 
0 72 9 
0 46 0 
0 60 2 
0 68 0 
0 36 0 
0 104 0 
0 32 0 
0 37 0 
0 27 3 
0 38 0 
0 138 0 
0 46 0 
0 77 13 
0 37 4 
0 142 18 
0 125 15 
0 27 0 
0 104 2 
0 65 2 
0 124 0 
0 58 0 
0 52 4 
0 49 0 
0 15 0 
0 136 42 
0 78 0 
0 62 0 
0 46 0 
0 106 0 
0 8 1 
0 94 17 
0 65 0 
0 67 0 
0 102 0 
0 39 0 
0 98 0 
0 76 0 
0 142 13 
0 70 0 
0 97 2 
0 68 17 
0 80 0 
0 15 0 
0 74 0 
0 21 0 
0 26 0 
0 43 6 
0 62 0 
0 70 0 
0 24 5 
0 96 0 
0 78 1 
0 47 5 
0 6 3 
0 82 8 
0 21 0 
0 106 4 
0 37 0 
0 33 0 
0 21 1 
0 73 3 
0 53 0 
0 85 0 
0 12 0 
0 26 0 
0 61 2 
0 73 8 
0 59 0 
0 149 1 
0 27 0 
0 29 0 
0 17 1 
0 121 8 
0 131 0 
0 47 0 
0 51 0 
0 95 0 
0 45 1 
0 44 8 
0 58 3 
0 11 0 
0 52 1 
0 52 5 
0 96 0 
0 112 10 
0 43 0 
0 49 8 
0 73 3 
0 79 0 
0 36 3 
0 95 1 
0 97 0 
0 44 0 
0 48 0 
0 66 0 
0 142 3 
0 14 0 
0 69 1 
0 41 0 
0 24 0 
0 60 0 
0 102 1 
0 71 0 
0 99 0 
0 101 0 
0 50 0 
0 78 0 
0 84 2 
0 47 0 
0 84 0 
0 64 0 
0 33 0 
0 41 0 
0 44 0 
0 110 3 
0 50 0 
0 23 0 
0 30 13 
0 95 0 
0 55 3 
0 115 0 
0 99 0 
0 27 0 
0 63 7 
0 56 1 
0 49 0 
0 37 0 
0 47 5 
0 73 0 
0 120 6 
0 27 10 
0 47 0 
0 47 0 
0 82 0 
0 92 0 
0 150 0 
0 112 0 
0 67 0 
0 38 21 
0 76 7 
0 70 0 
0 70 12 
0 37 0 
0 77 11 
0 72 0 
0 76 0 
0 82 0 
0 52 5 
0 72 0 
0 64 0 
0 73 0 
0 100 0 
0 134 0 
0 45 0 
0 23 0 
0 71 0 
0 53 0 
0 56 0 
0 39 6 
0 95 6 
0 32 0 
0 51 0 
0 137 11 
0 30 0 
0 8 1 
0 149 0 
0 65 1 
0 114 0 
0 74 0 
0 21 0 
0 129 25 
0 78 0 
0 42 0 
0 60 0 
0 25 4 
0 33 3 
0 50 4 
0 92 0 
0 20 0 
0 57 0 
0 73 0 
0 90 0 
0 55 0 
0 101 12 
0 78 0 
0 34 0 
0 46 0 
0 108 0 
0 73 0 
0 15 6 
0 46 0 
0 61 0 
0 97 0 
0 68 22 
0 50 0 
0 43 0 
0 48 0 
0 47 0 
0 44 0 
0 71 0 
0 26 0 
0 105 1 
0 38 0 
0 124 0 
0 58 5 
0 42 0 
0 56 1 
0 119 4 
0 131 0 
0 117 10 
0 65 13 
0 75 0 
0 61 4 
0 91 4 
0 107 3 
0 66 21 
0 65 0 
0 66 2 
0 45 0 
0 66 6 
0 135 1 
0 70 0 
0 45 0 
0 77 0 
0 64 0 
0 51 0 
0 64 0 
0 85 0 
0 52 0 
0 24 0 
0 100 8 
0 59 2 
0 70 0 
0 127 0 
0 49 10 
0 66 0 
0 4 0 
0 69 0 
0 78 0 
0 46 0 
0 131 0 
0 31 2 
0 45 0 
0 79 0 
0 31 0 
0 64 0 
0 23 0 
0 52 0 
0 66 2 
0 33 0 
0 23 0 
0 83 0 
0 20 10 
0 40 0 
0 45 0 
0 69 0 
0 67 1 
0 21 0 
0 98 4 
0 62 7 
0 25 0 
0 64 0 
0 51 0 
0 40 0 
0 105 0 
0 93 0 
0 99 3 
0 165 0 
0 103 4 
0 45 0 
0 70 0 
0 54 0 
0 52 5 
0 12 0 
0 54 0 
0 85 0 
0 39 5 
0 30 0 
0 49 8 
0 42 0 
0 77 0 
0 37 0 
0 32 2 
0 123 0 
0 67 12 
0 43 0 
0 81 0 
0 52 1 
0 38 0 
0 17 2 
0 65 6 
0 85 0 
0 19 2 
0 102 0 
0 41 5 
0 75 0 
0 59 1 
0 90 0 
0 31 1 
0 55 1 
0 17 4 
0 57 0 
0 29 2 
0 79 0 
0 74 5 
0 23 0 
0 92 0 
0 33 0 
0 82 9 
0 59 0 
0 78 15 
0 25 0 
0 25 0 
0 50 0 
0 102 0 
0 21 0 
0 45 6 
0 38 0 
0 82 15 
0 28 0 
0 180 8 
0 45 9 
0 59 0 
0 104 10 
0 109 9 
0 48 0 
0 59 0 
0 55 0 
0 60 0 
0 87 1 
0 93 8 
0 61 0 
0 102 6 
0 71 1 
0 85 0 
0 42 0 
0 28 0 
0 80 2 
0 61 0 
0 114 0 
0 70 0 
0 70 8 
0 55 0 
0 82 0 
0 22 0 
0 82 0 
0 50 0 
0 82 0 
0 69 0 
0 44 0 
0 24 0 
0 69 1 
0 107 18 
0 127 51 
0 89 8 
0 65 1 
0 52 0 
0 58 0 
0 35 0 
0 24 5 
0 70 0 
0 28 6 
0 83 4 
0 61 2 
0 64 0 
0 101 0 
0 33 0 
0 79 0 
0 62 0 
0 53 0 
0 71 0 
0 67 0 
0 54 0 
0 13 0 
0 42 0 
0 70 0 
0 43 0 
0 61 0 
0 63 1 
0 82 6 
0 67 0 
0 87 0 
0 43 0 
0 48 0 
0 35 3 
0 158 0 
0 44 0 
0 108 3 
0 81 0 
0 29 0 
0 81 0 
0 68 0 
0 53 0 
0 49 0 
0 72 0 
0 95 0 
0 68 0 
0 90 4 
0 72 0 
0 89 3 
0 53 9 
0 54 8 
0 32 0 
0 164 0 
0 88 0 
0 34 3 
0 115 0 
0 137 30 
0 42 1 
0 63 0 
0 47 0 
0 90 0 
0 58 0 
0 70 6 
0 45 0 
0 54 0 
0 53 29 
0 66 3 
0 78 33 
0 115 34 
0 87 11 
0 64 0 
0 45 3 
0 78 0 
0 19 0 
0 56 1 
0 58 0 
0 52 0 
0 65 0 
0 69 17 
0 69 0 
0 43 0 
0 55 5 
0 83 1 
0 57 0 
0 81 19 
0 68 0 
0 60 0 
0 66 5 
0 129 0 
0 121 6 
0 116 0 
0 35 0 
0 61 0 
0 46 1 
0 84 0 
0 52 7 
0 72 4 
0 87 0 
0 93 0 
0 10 0 
0 45 3 
0 40 10 
0 86 7 
0 23 0 
0 48 9 
0 23 7 
0 87 3 
0 74 4 
0 73 1 
0 67 0 
0 67 0 
0 33 0 
0 47 0 
0 106 0 
0 71 3 
0 110 7 
0 124 9 
0 61 0 
0 83 0 
0 34 0 
0 34 0 
0 66 0 
0 65 0 
0 90 0 
0 25 12 
0 52 22 
0 91 0 
0 44 0 
0 41 0 
0 50 3 
0 47 0 
0 65 0 
0 68 18 
0 4 0 
0 23 1 
0 109 0 
0 79 0 
0 28 0 
0 47 0 
0 7 0 
0 115 3 
0 64 0 
0 89 0 
0 101 2 
0 72 0 
0 38 0 
0 68 2 
0 87 0 
0 146 0 
0 53 0 
0 65 2 
0 68 23 
0 64 28 
0 51 0 
0 15 0 
0 38 0 
0 47 0 
0 109 6 
0 69 0 
0 61 4 
0 89 0 
0 58 0 
0 57 3 
0 33 0 
0 36 0 
0 153 0 
0 135 0 
0 80 30 
0 126 8 
0 153 0 
0 46 6 
0 69 0 
0 32 14 
0 69 5 
0 93 0 
0 89 12 
0 28 0 
0 97 0 
0 59 1 
0 126 38 
0 47 0 
0 128 0 
0 40 0 
0 94 13 
0 80 0 
0 89 14 
0 24 0 
0 128 22 
0 72 6 
0 92 0 
0 56 3 
0 57 4 
0 73 0 
0 45 0 
0 57 0 
0 70 5 
0 69 0 
0 47 7 
0 67 0 
0 105 0 
0 83 0 
0 106 15 
0 70 12 
0 58 0 
0 28 0 
0 50 0 
0 47 0 
0 35 2 
0 44 0 
0 85 16 
0 24 0 
0 82 0 
0 51 0 
0 66 0 
0 44 0 
0 75 0 
0 36 0 
0 7 1 
0 69 17 
0 66 11 
0 115 0 
0 42 5 
0 63 0 
0 35 0 
0 54 1 
0 131 9 
0 41 6 
0 66 5 
0 63 0 
0 104 0 
0 153 0 
0 38 0 
0 46 0 
0 56 2 
0 51 0 
0 55 20 
0 29 0 
0 102 0 
0 11 3 
0 27 10 
0 54 17 
0 63 0 
0 52 0 
0 103 0 
0 96 0 
0 71 3 
0 106 0 
0 62 6 
0 58 0 
0 54 1 
0 64 0 
0 110 7 
0 62 3 
0 61 0 
0 76 0 
0 53 0 
0 91 5 
0 53 0 
0 31 3 
0 75 4 
0 120 0 
0 72 7 
0 165 0 
0 110 0 
0 26 8 
0 40 0 
0 47 1 
0 59 0 
0 46 0 
0 34 0 
0 13 0 
0 28 0 
0 45 0 
0 70 0 
0 54 0 
0 120 1 
0 95 3 
0 25 0 
0 12 0 
0 29 0 
0 62 10 
0 118 0 
0 31 6 
0 73 0 
0 19 0 
0 35 0 
0 39 0 
0 42 0 
0 67 0 
0 45 9 
0 96 0 
0 61 3 
0 111 0 
0 74 0 
0 46 0 
0 105 1 
0 93 0 
0 103 5 
0 42 1 
0 106 3 
0 88 15 
0 44 0 
0 96 19 
0 44 0 
0 85 8 
0 7 0 
0 40 0 
0 68 0 
0 85 0 
0 64 0 
0 31 0 
0 29 0 
0 69 0 
0 90 2 
0 75 0 
0 41 1 
0 140 2 
0 68 4 
0 76 3 
0 17 1 
0 54 14 
0 52 0 
0 75 0 
0 44 4 
0 101 0 
0 56 3 
0 20 0 
0 41 0 
0 105 0 
0 27 0 
0 65 4 
0 70 0 
0 41 0 
0 75 0 
0 48 12 
0 48 3 
0 67 0 
0 33 0 
0 40 0 
0 36 23 
0 110 17 
0 41 0 
0 43 0 
0 104 35 
0 86 0 
0 30 2 
0 38 0 
0 70 9 
0 104 5 
0 73 0 
0 43 15 
0 32 0 
0 133 0 
0 116 5 
0 28 0 
0 47 5 
0 57 0 
0 55 0 
0 78 13 
0 72 2 
0 29 0 
0 57 0 
0 98 1 
0 41 3 
0 49 0 
0 51 0 
0 57 0 
0 11 0 
0 147 0 
0 25 0 
0 13 0 
0 112 0 
0 54 4 
0 56 4 
0 50 0 
0 78 18 
0 18 0 
0 32 0 
0 96 31 
0 59 0 
0 37 0 
0 69 0 
0 54 0 
0 65 0 
0 37 0 
0 34 0 
0 137 0 
0 58 0 
0 45 10 
0 84 9 
0 30 0 
0 92 0 
0 84 4 
0 117 3 
0 77 0 
0 59 4 
0 68 0 
0 79 14 
0 128 5 
0 91 1 
0 101 5 
0 130 0 
0 50 8 
0 93 0 
0 79 17 
0 99 0 
0 79 0 
0 70 0 
0 57 1 
0 72 0 
0 77 10 
0 100 0 
0 92 5 
0 87 0 
0 89 0 
0 48 1 
0 97 0 
0 105 13 
0 24 0 
0 81 0 
0 35 0 
0 87 4 
0 51 2 
0 44 0 
0 103 0 
0 70 0 
0 31 2 
0 51 0 
0 71 0 
0 87 0 
0 122 0 
0 86 0 
0 20 0 
0 43 1 
0 49 1 
0 30 7 
0 58 2 
0 68 1 
0 71 16 
0 47 1 
0 22 0 
0 45 0 
0 61 6 
0 83 3 
0 2 2 
0 35 0 
0 67 0 
0 84 24 
0 39 1 
0 131 24 
0 61 0 
0 65 0 
0 101 10 
0 68 21 
0 63 11 
0 69 1 
0 21 0 
0 48 0 
0 60 0 
0 21 0 
0 38 0 
0 35 0 
0 68 0 
0 71 0 
0 51 0 
0 74 0 
0 28 0 
0 52 0 
0 45 0 
0 33 0 
0 64 0 
0 34 0 
0 52 0 
0 67 0 
0 47 0 
0 39 12 
0 69 0 
0 164 0 
0 69 0 
0 40 5 
0 35 0 
0 60 0 
0 37 0 
0 100 0 
0 27 0 
0 79 2 
0 11 1 
0 78 0 
0 83 2 
