0 133 17 
0 217 13 
0 192 33 
0 233 30 
0 225 13 
0 221 10 
0 216 21 
0 185 10 
0 237 17 
0 187 60 
0 218 45 
0 224 24 
0 253 33 
0 246 10 
0 241 17 
0 216 22 
0 257 19 
0 217 19 
0 207 5 
0 178 10 
0 252 8 
0 230 3 
0 217 8 
0 178 18 
0 204 3 
0 196 23 
0 249 42 
0 194 9 
0 210 31 
0 222 37 
0 218 15 
0 210 10 
0 211 57 
0 215 9 
0 209 55 
0 180 16 
0 240 14 
0 226 9 
0 167 48 
0 251 9 
0 244 3 
0 223 3 
0 229 34 
0 188 16 
0 249 13 
0 271 36 
0 224 5 
0 194 16 
0 228 53 
0 256 12 
0 266 30 
0 163 24 
0 190 0 
0 173 12 
0 257 17 
0 231 15 
0 247 14 
0 214 17 
0 127 86 
0 216 26 
0 235 36 
0 207 17 
0 232 44 
0 229 32 
0 213 6 
0 233 28 
0 200 24 
0 201 5 
0 183 9 
0 216 27 
0 207 16 
0 224 22 
0 206 8 
0 194 4 
0 202 13 
0 251 9 
0 209 31 
0 226 22 
0 267 22 
0 257 11 
0 235 18 
0 231 21 
0 154 6 
0 242 36 
0 225 13 
0 219 25 
0 189 13 
0 201 16 
0 192 12 
0 194 13 
0 249 45 
0 222 15 
0 237 27 
0 198 19 
0 209 5 
0 194 63 
0 235 24 
0 206 4 
0 176 18 
0 202 6 
0 181 24 
0 225 21 
0 195 16 
0 218 27 
0 215 22 
0 172 19 
0 231 42 
0 222 8 
0 247 5 
0 231 44 
0 234 11 
0 234 16 
0 222 20 
0 228 16 
0 240 21 
0 207 7 
0 193 4 
0 226 12 
0 222 2 
0 187 17 
0 209 37 
0 215 16 
0 226 40 
0 247 7 
0 237 2 
0 199 8 
0 242 12 
0 171 20 
0 261 57 
0 212 8 
0 226 20 
0 204 25 
0 235 12 
0 232 8 
0 223 49 
0 210 3 
0 241 17 
0 212 14 
0 232 41 
0 254 5 
0 151 25 
0 214 19 
0 245 8 
0 265 20 
0 202 30 
0 242 50 
0 216 14 
0 245 10 
0 269 27 
0 208 45 
0 151 22 
0 245 28 
0 195 24 
0 222 5 
0 244 32 
0 201 28 
0 194 29 
0 200 4 
0 250 2 
0 169 15 
0 231 8 
0 152 22 
0 164 25 
0 237 0 
0 263 6 
0 227 45 
0 177 11 
0 178 15 
0 234 10 
0 195 38 
0 219 36 
0 217 28 
0 223 23 
0 206 2 
0 253 21 
0 228 2 
0 258 9 
0 244 27 
0 245 8 
0 193 11 
0 200 29 
0 264 4 
0 198 6 
0 229 14 
0 203 11 
0 237 29 
0 192 0 
0 175 36 
0 201 60 
0 264 16 
0 196 1 
0 194 7 
0 241 23 
0 204 7 
0 207 18 
0 199 27 
0 198 41 
0 229 13 
0 214 29 
0 221 23 
0 195 7 
0 161 41 
0 198 15 
0 225 8 
0 220 9 
0 262 19 
0 203 25 
0 219 44 
0 188 24 
0 207 23 
0 221 6 
0 197 36 
0 273 20 
0 180 19 
0 217 42 
0 213 10 
0 214 18 
0 155 25 
0 179 7 
0 205 16 
0 161 32 
0 173 27 
0 226 29 
0 158 29 
0 216 13 
0 176 3 
0 230 57 
0 281 43 
0 219 4 
0 183 8 
0 216 12 
0 190 26 
0 232 17 
0 258 13 
0 212 31 
0 196 14 
0 218 21 
0 167 38 
0 194 26 
0 210 11 
0 185 12 
0 231 10 
0 253 12 
0 264 39 
0 227 3 
0 221 22 
0 180 28 
0 195 23 
0 174 12 
0 246 18 
0 186 16 
0 195 5 
0 189 23 
0 230 23 
0 193 50 
0 228 8 
0 199 15 
0 222 5 
0 230 21 
0 197 42 
0 264 9 
0 254 30 
0 205 70 
0 246 10 
0 188 4 
0 239 12 
0 265 45 
0 204 22 
0 229 7 
0 187 20 
0 179 6 
0 197 7 
0 202 19 
0 189 7 
0 248 2 
0 240 2 
0 167 30 
0 219 25 
0 243 12 
0 250 11 
0 190 36 
0 222 9 
0 193 18 
0 220 8 
0 204 18 
0 193 33 
0 245 9 
0 208 26 
0 232 14 
0 236 28 
0 245 1 
0 205 73 
0 166 20 
0 218 32 
0 206 6 
0 172 6 
0 171 1 
0 263 2 
0 197 10 
0 191 8 
0 138 13 
0 213 74 
0 275 45 
0 180 7 
0 177 21 
0 195 25 
0 179 9 
0 174 5 
0 245 29 
0 200 13 
0 230 18 
0 217 22 
0 196 31 
0 215 17 
0 189 0 
0 191 13 
0 242 123 
0 202 17 
0 211 7 
0 262 51 
0 155 45 
0 250 29 
0 200 6 
0 266 13 
0 219 18 
0 197 41 
0 248 24 
0 192 12 
0 222 33 
0 198 15 
0 153 12 
0 217 12 
0 200 11 
0 249 6 
0 253 63 
0 197 32 
0 176 3 
0 221 9 
0 188 25 
0 187 21 
0 244 40 
0 233 25 
0 185 13 
0 198 4 
0 283 27 
0 195 7 
0 190 35 
0 182 2 
0 203 9 
0 259 0 
0 244 25 
0 170 9 
0 201 3 
0 152 19 
0 221 6 
0 211 31 
0 249 0 
0 194 7 
0 187 20 
0 231 3 
0 197 8 
0 261 55 
0 201 7 
0 224 19 
0 196 15 
0 194 13 
0 217 19 
0 204 26 
0 187 63 
0 246 21 
0 246 5 
0 223 12 
0 220 25 
0 212 5 
0 211 5 
0 227 10 
0 258 10 
0 217 26 
0 225 3 
0 165 8 
0 164 38 
0 259 21 
0 250 16 
0 202 28 
0 207 29 
0 180 11 
0 176 14 
0 206 70 
0 229 16 
0 207 43 
0 220 10 
0 230 17 
0 205 37 
0 220 33 
0 227 16 
0 247 28 
0 180 5 
0 186 44 
0 248 8 
0 198 22 
0 220 15 
0 241 3 
0 216 11 
0 263 20 
0 254 22 
0 205 16 
0 237 51 
0 164 47 
0 189 34 
0 215 22 
0 196 42 
0 193 22 
0 235 0 
0 191 4 
0 211 8 
0 248 21 
0 230 2 
0 172 5 
0 218 20 
0 191 15 
0 212 27 
0 209 14 
0 240 8 
0 195 1 
0 267 14 
0 280 4 
0 212 20 
0 188 53 
0 218 15 
0 226 20 
0 230 27 
0 219 24 
0 184 15 
0 231 14 
0 251 28 
0 160 12 
0 213 26 
0 193 20 
0 247 21 
0 207 19 
0 209 16 
0 255 53 
0 234 10 
0 232 49 
0 200 25 
0 274 10 
0 227 21 
0 194 23 
0 195 25 
0 227 36 
0 249 11 
0 250 24 
0 251 9 
0 216 6 
0 183 22 
0 247 51 
0 167 29 
0 182 8 
0 232 52 
0 210 38 
0 210 12 
0 191 22 
0 175 1 
0 246 20 
0 194 36 
0 200 1 
0 248 6 
0 219 26 
0 261 13 
0 201 29 
0 185 35 
0 248 63 
0 216 24 
0 208 19 
0 229 34 
0 207 8 
0 204 92 
0 179 0 
0 198 6 
0 204 15 
0 230 24 
0 209 11 
0 179 4 
0 225 37 
0 210 24 
0 237 24 
0 253 24 
0 192 19 
0 209 22 
0 260 19 
0 173 14 
0 200 0 
0 208 37 
0 199 12 
0 239 9 
0 215 10 
0 268 29 
0 278 82 
0 186 0 
0 228 6 
0 216 19 
0 205 42 
0 195 5 
0 211 8 
0 217 3 
0 211 43 
0 178 6 
0 220 20 
0 199 21 
0 231 6 
0 243 14 
0 188 3 
0 207 21 
0 217 24 
0 269 26 
0 222 0 
0 248 17 
0 206 39 
0 201 22 
0 192 33 
0 224 5 
0 189 33 
0 269 13 
0 218 42 
0 208 8 
0 223 35 
0 180 52 
0 256 13 
0 191 10 
0 249 19 
0 193 17 
0 185 7 
0 199 21 
0 217 5 
0 222 26 
0 218 10 
0 253 28 
0 174 28 
0 210 11 
0 205 57 
0 273 6 
0 213 9 
0 176 21 
0 213 12 
0 160 16 
0 148 8 
0 245 0 
0 216 25 
0 290 16 
0 198 23 
0 209 26 
0 205 16 
0 208 6 
0 228 5 
0 217 43 
0 154 36 
0 212 4 
0 155 52 
0 179 55 
0 228 32 
0 259 42 
0 216 30 
0 171 31 
0 276 0 
0 208 6 
0 239 16 
0 223 36 
0 234 3 
0 203 18 
0 220 22 
0 174 32 
0 251 4 
0 182 6 
0 220 19 
0 169 12 
0 227 19 
0 186 21 
0 164 11 
0 241 26 
0 258 6 
0 187 25 
0 190 79 
0 249 7 
0 216 50 
0 214 2 
0 208 14 
0 242 35 
0 154 23 
0 213 12 
0 190 15 
0 191 3 
0 182 4 
0 180 21 
0 195 9 
0 188 13 
0 202 14 
0 264 0 
0 233 10 
0 218 24 
0 240 17 
0 234 41 
0 208 8 
0 232 7 
0 204 19 
0 223 11 
0 235 19 
0 210 10 
0 162 23 
0 179 31 
0 229 29 
0 251 17 
0 183 52 
0 246 10 
0 179 11 
0 198 5 
0 201 75 
0 210 14 
0 245 4 
0 200 24 
0 227 35 
0 144 46 
0 166 12 
0 213 50 
0 183 21 
0 285 14 
0 212 71 
0 231 14 
0 182 31 
0 193 10 
0 240 20 
0 233 11 
0 234 17 
0 209 10 
0 277 9 
0 205 3 
0 238 9 
0 188 48 
0 239 44 
0 228 6 
0 185 47 
0 242 36 
0 218 26 
0 277 15 
0 216 12 
0 268 31 
0 197 26 
0 263 31 
0 231 24 
0 208 51 
0 230 7 
0 192 21 
0 214 7 
0 244 15 
0 245 48 
0 177 28 
0 179 39 
0 220 9 
0 162 2 
0 260 12 
0 247 25 
0 200 10 
0 220 1 
0 258 16 
0 167 21 
0 190 5 
0 256 5 
0 307 15 
0 192 15 
0 244 4 
0 226 5 
0 231 15 
0 252 13 
0 177 27 
0 173 34 
0 199 18 
0 169 4 
0 198 14 
0 181 11 
0 188 46 
0 241 8 
0 179 27 
0 224 33 
0 241 9 
0 273 19 
0 225 53 
0 211 9 
0 202 11 
0 229 40 
0 263 27 
0 194 4 
0 191 12 
0 195 21 
0 214 21 
0 250 8 
0 216 26 
0 242 6 
0 226 31 
0 181 21 
0 187 40 
0 221 2 
0 207 16 
0 210 1 
0 250 48 
0 201 14 
0 202 24 
0 215 30 
0 263 3 
0 249 30 
0 219 2 
0 213 8 
0 210 14 
0 167 21 
0 242 15 
0 250 9 
0 195 11 
0 221 32 
0 191 53 
0 207 0 
0 233 6 
0 236 48 
0 191 14 
0 184 36 
0 249 12 
0 171 27 
0 209 12 
0 189 27 
0 223 17 
0 228 43 
0 154 34 
0 203 15 
0 170 23 
0 244 21 
0 205 4 
0 233 7 
0 178 19 
0 189 8 
0 213 25 
0 221 55 
0 187 9 
0 227 22 
0 256 40 
0 236 30 
0 254 10 
0 191 11 
0 258 15 
0 213 3 
0 210 24 
0 178 6 
0 287 6 
0 223 18 
0 310 28 
0 192 42 
0 206 33 
0 175 20 
0 234 24 
0 197 17 
0 207 11 
0 186 21 
0 160 16 
0 247 29 
0 231 17 
0 196 42 
0 204 18 
0 209 5 
0 220 9 
0 281 6 
0 240 26 
0 246 10 
0 151 7 
0 206 7 
0 155 7 
0 227 9 
0 178 27 
0 221 37 
0 187 2 
0 201 18 
0 176 10 
0 238 35 
0 212 32 
0 241 13 
0 283 19 
0 169 15 
0 206 8 
0 209 5 
0 174 26 
0 231 13 
0 206 53 
0 204 70 
0 239 18 
0 245 38 
0 173 37 
0 202 6 
0 175 20 
0 196 20 
0 154 25 
0 202 13 
0 208 64 
0 268 4 
0 279 31 
0 262 23 
0 261 42 
0 219 42 
0 222 13 
0 205 3 
0 186 8 
0 202 53 
0 280 2 
0 184 18 
0 210 4 
0 176 42 
0 207 10 
0 246 15 
0 226 7 
0 230 3 
0 219 26 
0 167 12 
0 217 15 
0 221 6 
0 238 39 
0 219 5 
0 205 32 
0 210 15 
0 210 10 
0 241 19 
0 190 19 
0 186 13 
0 189 26 
0 220 17 
0 237 25 
0 199 22 
0 270 15 
0 237 23 
0 210 32 
0 210 23 
0 226 10 
0 167 11 
0 235 26 
0 183 23 
0 218 18 
0 197 39 
0 212 29 
0 235 28 
0 194 10 
0 207 9 
0 245 12 
0 234 6 
0 188 14 
0 191 53 
0 206 7 
0 218 20 
0 183 66 
0 214 28 
0 248 5 
0 226 11 
0 225 5 
0 214 17 
0 199 28 
0 219 14 
0 259 6 
0 175 60 
0 194 17 
0 207 12 
0 217 29 
0 232 8 
0 230 19 
0 209 41 
0 244 22 
0 238 0 
0 191 30 
0 227 10 
0 225 20 
0 244 31 
0 203 2 
0 298 16 
0 192 14 
0 236 15 
0 190 14 
0 221 8 
0 245 11 
0 223 2 
0 215 15 
0 215 14 
0 199 32 
0 195 8 
0 198 20 
0 232 11 
0 254 19 
0 261 11 
0 194 16 
0 229 22 
0 222 24 
0 229 22 
0 185 0 
0 254 25 
0 225 59 
0 234 14 
0 238 16 
0 158 47 
0 216 6 
0 267 15 
0 194 54 
0 220 43 
0 167 11 
0 210 7 
0 255 5 
0 275 53 
0 202 14 
0 193 41 
0 220 14 
0 198 52 
0 268 7 
0 233 23 
0 228 21 
0 200 23 
0 182 22 
0 168 56 
0 241 24 
0 228 20 
0 253 17 
0 204 1 
0 210 51 
0 200 11 
0 211 24 
0 198 37 
0 233 3 
0 216 51 
0 189 19 
0 248 4 
0 276 6 
0 213 17 
0 169 9 
0 173 5 
0 186 15 
0 198 28 
0 222 6 
0 241 22 
0 205 23 
0 244 45 
0 180 8 
0 246 28 
0 255 5 
0 219 24 
0 183 8 
0 210 10 
0 231 23 
0 214 23 
0 193 25 
0 234 21 
0 208 7 
0 198 8 
0 246 30 
0 261 19 
0 197 43 
0 219 6 
0 237 12 
0 234 10 
0 281 1 
0 241 44 
0 233 55 
0 184 14 
0 263 42 
0 229 29 
0 182 8 
0 195 10 
0 250 14 
0 172 13 
0 257 13 
0 227 6 
0 218 0 
0 188 8 
0 190 31 
0 176 14 
0 211 27 
0 178 6 
0 242 13 
0 180 29 
0 267 13 
0 151 32 
0 246 30 
0 192 22 
0 240 10 
0 223 2 
0 181 34 
0 195 10 
0 188 11 
0 195 64 
0 247 28 
0 176 33 
0 238 65 
0 190 4 
0 180 50 
0 255 23 
0 226 5 
0 201 10 
0 175 15 
0 211 28 
0 170 34 
0 210 26 
0 241 34 
0 223 22 
