587 230 183 
730 167 103 
572 174 254 
676 191 133 
676 196 128 
678 191 131 
634 140 226 
484 175 341 
600 247 153 
601 172 227 
569 217 214 
677 210 113 
745 137 118 
556 245 199 
555 206 239 
659 177 164 
521 260 219 
658 132 210 
687 160 153 
596 236 168 
695 211 94 
645 220 135 
678 175 147 
711 197 92 
622 243 135 
799 157 44 
579 234 187 
680 191 129 
493 218 289 
545 168 287 
588 188 224 
695 197 108 
589 251 160 
590 209 201 
605 229 166 
618 250 132 
642 153 205 
707 148 145 
627 196 177 
742 178 80 
589 225 186 
590 122 288 
643 201 156 
444 269 287 
734 203 63 
638 189 173 
617 227 156 
667 236 97 
572 185 243 
645 192 163 
727 181 92 
612 248 140 
638 202 160 
474 262 264 
636 172 192 
735 177 88 
640 243 117 
599 166 235 
518 294 188 
505 243 252 
579 189 232 
663 235 102 
605 202 193 
603 221 176 
557 212 231 
504 214 282 
583 205 212 
634 185 181 
712 167 121 
581 261 158 
611 246 143 
710 205 85 
582 203 215 
683 195 122 
687 211 102 
585 217 198 
627 277 96 
602 207 191 
589 266 145 
537 157 306 
703 212 85 
697 112 191 
595 291 114 
603 161 236 
659 171 170 
654 190 156 
676 204 120 
662 205 133 
548 119 333 
651 236 113 
691 178 131 
595 272 133 
573 269 158 
595 205 200 
637 209 154 
629 198 173 
704 162 134 
716 210 74 
692 147 161 
666 248 86 
634 233 133 
600 171 229 
699 189 112 
722 190 88 
617 184 199 
503 217 280 
593 179 228 
649 220 131 
623 214 163 
637 191 172 
538 237 225 
650 229 121 
666 177 157 
675 191 134 
478 267 255 
572 179 249 
601 216 183 
586 253 161 
654 151 195 
618 229 153 
619 202 179 
641 198 161 
640 124 236 
603 216 181 
536 192 272 
550 190 260 
705 172 123 
580 221 199 
704 180 116 
684 190 126 
614 213 173 
652 126 222 
641 197 162 
544 257 199 
626 227 147 
609 196 195 
636 168 196 
670 205 125 
646 243 111 
611 143 246 
632 193 175 
591 160 249 
520 276 204 
634 246 120 
553 238 209 
563 177 260 
588 188 224 
498 250 252 
603 198 199 
602 237 161 
654 182 164 
416 145 439 
740 210 50 
610 180 210 
623 273 104 
607 170 223 
547 170 283 
655 167 178 
702 196 102 
725 218 57 
677 180 143 
564 251 185 
585 246 169 
707 195 98 
708 198 94 
517 203 280 
748 140 112 
633 239 128 
574 184 242 
550 221 229 
575 234 191 
513 295 192 
672 234 94 
482 201 317 
560 212 228 
665 225 110 
637 167 196 
714 184 102 
660 194 146 
542 187 271 
545 230 225 
549 142 309 
612 253 135 
747 161 92 
727 156 117 
554 235 211 
696 182 122 
671 179 150 
693 167 140 
591 241 168 
606 274 120 
558 194 248 
589 207 204 
483 212 305 
760 154 86 
656 191 153 
565 189 246 
661 178 161 
627 153 220 
629 215 156 
587 225 188 
531 216 253 
593 296 111 
704 206 90 
615 213 172 
569 217 214 
562 234 204 
662 161 177 
610 319 71 
666 259 75 
658 177 165 
646 244 110 
600 265 135 
773 112 115 
437 200 363 
563 272 165 
627 208 165 
645 182 173 
717 125 158 
719 163 118 
554 181 265 
717 163 120 
548 243 209 
553 170 277 
643 223 134 
568 272 160 
695 219 86 
563 183 254 
639 266 95 
633 189 178 
681 191 128 
608 223 169 
584 211 205 
708 203 89 
613 226 161 
638 230 132 
578 244 178 
664 134 202 
694 232 74 
674 167 159 
576 238 186 
725 168 107 
616 190 194 
469 214 317 
668 251 81 
583 220 197 
562 242 196 
666 218 116 
575 214 211 
564 227 209 
674 165 161 
528 256 216 
661 196 143 
659 215 126 
623 202 175 
600 240 160 
624 186 190 
627 208 165 
670 266 64 
645 198 157 
706 217 77 
643 202 155 
503 207 290 
619 158 223 
679 204 117 
478 150 372 
645 199 156 
655 231 114 
661 161 178 
720 162 118 
593 225 182 
604 203 193 
652 188 160 
536 216 248 
598 140 262 
623 241 136 
610 264 126 
621 203 176 
701 199 100 
661 194 145 
599 248 153 
659 256 85 
653 173 174 
666 177 157 
664 218 118 
533 181 286 
426 197 377 
694 201 105 
655 219 126 
687 159 154 
657 269 74 
551 199 250 
570 290 140 
625 231 144 
558 179 263 
609 191 200 
635 152 213 
555 216 229 
730 154 116 
626 183 191 
796 154 50 
728 184 88 
694 147 159 
601 186 213 
626 214 160 
709 172 119 
726 194 80 
463 192 345 
625 170 205 
641 216 143 
600 263 137 
719 144 137 
522 226 252 
638 185 177 
675 132 193 
675 153 172 
709 199 92 
657 239 104 
641 214 145 
542 236 222 
634 223 143 
638 186 176 
545 220 235 
587 190 223 
519 167 314 
711 215 74 
727 200 73 
653 175 172 
724 156 120 
473 124 403 
591 158 251 
619 260 121 
758 125 117 
708 178 114 
643 188 169 
754 187 59 
577 195 228 
682 224 94 
717 237 46 
714 227 59 
625 205 170 
602 164 234 
570 278 152 
601 208 191 
620 182 198 
653 213 134 
621 215 164 
714 235 51 
678 227 95 
451 176 373 
593 200 207 
627 239 134 
641 232 127 
463 212 325 
649 172 179 
676 203 121 
662 209 129 
566 193 241 
545 228 227 
529 220 251 
652 225 123 
703 141 156 
611 235 154 
675 181 144 
681 206 113 
710 190 100 
660 238 102 
578 189 233 
711 166 123 
596 213 191 
705 209 86 
662 202 136 
628 210 162 
557 192 251 
561 244 195 
759 139 102 
629 217 154 
701 118 181 
618 166 216 
755 183 62 
671 199 130 
699 161 140 
606 159 235 
659 143 198 
604 285 111 
674 215 111 
704 265 31 
584 283 133 
557 220 223 
676 238 86 
564 241 195 
703 177 120 
558 200 242 
659 193 148 
538 155 307 
567 244 189 
577 244 179 
568 238 194 
647 247 106 
660 207 133 
686 215 99 
641 197 162 
584 163 253 
587 307 106 
575 154 271 
584 218 198 
625 221 154 
592 177 231 
677 201 122 
637 209 154 
682 194 124 
702 209 89 
638 135 227 
709 215 76 
483 253 264 
624 247 129 
662 233 105 
553 240 207 
751 132 117 
575 203 222 
463 194 343 
638 174 188 
679 159 162 
504 291 205 
653 197 150 
632 188 180 
641 144 215 
595 110 295 
586 186 228 
619 224 157 
641 205 154 
680 213 107 
584 173 243 
610 191 199 
647 107 246 
561 199 240 
702 192 106 
630 240 130 
632 173 195 
513 210 277 
647 197 156 
571 258 171 
520 174 306 
606 127 267 
645 123 232 
689 203 108 
543 294 163 
812 135 53 
524 213 263 
687 117 196 
585 211 204 
575 264 161 
642 187 171 
679 200 121 
703 191 106 
604 187 209 
650 138 212 
601 251 148 
581 198 221 
576 158 266 
714 211 75 
578 205 217 
725 140 135 
648 166 186 
546 192 262 
678 220 102 
620 172 208 
679 159 162 
559 169 272 
585 269 146 
598 202 200 
631 195 174 
623 196 181 
627 236 137 
545 222 233 
764 188 48 
659 221 120 
670 200 130 
583 201 216 
590 201 209 
655 296 49 
533 219 248 
635 265 100 
693 215 92 
674 228 98 
686 207 107 
572 140 288 
610 238 152 
654 182 164 
490 173 337 
550 234 216 
622 199 179 
800 116 84 
626 196 178 
614 210 176 
549 185 266 
597 223 180 
536 225 239 
746 174 80 
523 226 251 
771 153 76 
606 244 150 
648 240 112 
636 201 163 
641 148 211 
721 132 147 
761 172 67 
576 257 167 
588 271 141 
581 276 143 
603 241 156 
606 183 211 
538 190 272 
610 232 158 
611 257 132 
599 208 193 
759 169 72 
627 200 173 
514 261 225 
698 191 111 
738 145 117 
601 199 200 
624 265 111 
543 218 239 
636 208 156 
596 265 139 
640 184 176 
566 253 181 
728 157 115 
577 160 263 
626 191 183 
593 187 220 
754 175 71 
613 175 212 
654 271 75 
629 278 93 
530 184 286 
636 250 114 
658 200 142 
539 157 304 
608 213 179 
708 173 119 
608 234 158 
615 189 196 
625 138 237 
642 236 122 
665 242 93 
673 160 167 
649 242 109 
681 200 119 
702 164 134 
475 92 433 
487 197 316 
552 262 186 
640 207 153 
583 183 234 
619 278 103 
567 263 170 
722 169 109 
781 145 74 
521 166 313 
655 254 91 
596 205 199 
555 221 224 
704 218 78 
637 194 169 
535 216 249 
568 252 180 
596 276 128 
648 210 142 
611 260 129 
653 237 110 
591 204 205 
666 227 107 
673 206 121 
595 259 146 
584 188 228 
682 139 179 
690 218 92 
683 151 166 
632 132 236 
654 156 190 
715 185 100 
707 184 109 
635 145 220 
716 184 100 
665 180 155 
614 176 210 
630 212 158 
633 162 205 
584 208 208 
676 169 155 
577 140 283 
714 156 130 
569 150 281 
605 241 154 
674 231 95 
672 202 126 
581 181 238 
738 139 123 
617 204 179 
614 257 129 
609 217 174 
676 190 134 
655 188 157 
612 200 188 
690 142 168 
662 187 151 
607 219 174 
598 259 143 
643 235 122 
625 258 117 
651 235 114 
615 211 174 
673 220 107 
737 161 102 
691 201 108 
655 252 93 
736 168 96 
679 251 70 
663 220 117 
561 178 261 
618 161 221 
638 225 137 
572 286 142 
506 210 284 
665 222 113 
525 200 275 
596 219 185 
636 218 146 
607 247 146 
530 197 273 
640 183 177 
615 236 149 
682 161 157 
629 162 209 
693 177 130 
622 233 145 
611 226 163 
653 212 135 
612 249 139 
690 223 87 
549 194 257 
605 228 167 
666 203 131 
617 224 159 
651 174 175 
541 181 278 
635 234 131 
507 122 371 
556 187 257 
569 127 304 
538 188 274 
685 213 102 
638 232 130 
589 225 186 
680 190 130 
552 243 205 
586 242 172 
639 236 125 
637 222 141 
596 136 268 
729 166 105 
684 181 135 
644 273 83 
605 156 239 
606 198 196 
612 239 149 
597 163 240 
575 235 190 
594 196 210 
581 270 149 
693 154 153 
655 212 133 
660 202 138 
688 212 100 
621 200 179 
573 211 216 
716 155 129 
559 188 253 
575 228 197 
587 216 197 
533 242 225 
599 171 230 
684 177 139 
716 186 98 
680 204 116 
725 158 117 
629 239 132 
754 156 90 
655 202 143 
616 249 135 
720 176 104 
660 202 138 
562 177 261 
616 224 160 
650 215 135 
567 282 151 
706 140 154 
735 183 82 
552 224 224 
533 192 275 
544 207 249 
520 327 153 
499 227 274 
589 216 195 
619 237 144 
607 205 188 
666 204 130 
592 254 154 
681 189 130 
500 220 280 
506 239 255 
613 251 136 
550 213 237 
486 152 362 
725 159 116 
535 230 235 
488 169 343 
622 246 132 
568 195 237 
783 112 105 
597 213 190 
637 184 179 
635 201 164 
763 139 98 
592 218 190 
653 219 128 
538 200 262 
631 212 157 
580 202 218 
696 160 144 
637 239 124 
714 180 106 
660 298 42 
650 149 201 
662 225 113 
679 168 153 
639 217 144 
649 268 83 
557 173 270 
747 144 109 
676 214 110 
625 293 82 
699 214 87 
780 114 106 
655 236 109 
663 195 142 
548 241 211 
680 199 121 
658 182 160 
616 173 211 
531 275 194 
712 182 106 
621 225 154 
582 193 225 
582 245 173 
602 187 211 
715 171 114 
530 179 291 
670 148 182 
530 198 272 
697 225 78 
674 237 89 
622 236 142 
655 204 141 
569 256 175 
669 213 118 
531 192 277 
713 234 53 
669 124 207 
563 252 185 
680 173 147 
643 210 147 
662 178 160 
667 151 182 
635 237 128 
760 169 71 
718 144 138 
552 252 196 
652 191 157 
606 204 190 
584 273 143 
761 176 63 
625 165 210 
606 206 188 
666 209 125 
572 195 233 
663 162 175 
641 262 97 
607 269 124 
577 183 240 
559 207 234 
525 214 261 
675 192 133 
640 209 151 
691 193 116 
577 193 230 
703 184 113 
613 209 178 
610 254 136 
621 194 185 
623 224 153 
587 213 200 
617 186 197 
559 183 258 
616 182 202 
648 115 237 
525 211 264 
595 199 206 
623 192 185 
641 273 86 
572 182 246 
579 245 176 
651 225 124 
486 292 222 
618 187 195 
606 165 229 
594 204 202 
638 211 151 
625 225 150 
601 212 187 
598 180 222 
643 223 134 
611 248 141 
752 200 48 
633 204 163 
599 199 202 
547 276 177 
615 185 200 
459 207 334 
571 166 263 
651 224 125 
686 213 101 
717 215 68 
588 232 180 
680 183 137 
649 192 159 
601 227 172 
542 213 245 
665 93 242 
588 230 182 
668 214 118 
513 224 263 
685 114 201 
615 176 209 
596 258 146 
671 199 130 
575 215 210 
615 236 149 
829 140 31 
529 157 314 
533 212 255 
598 278 124 
624 218 158 
738 150 112 
534 195 271 
617 232 151 
660 176 164 
611 204 185 
574 225 201 
544 144 312 
608 181 211 
651 211 138 
588 269 143 
649 170 181 
640 180 180 
626 216 158 
696 139 165 
677 201 122 
697 141 162 
676 207 117 
802 122 76 
611 207 182 
656 182 162 
603 179 218 
654 215 131 
628 223 149 
671 137 192 
581 145 274 
673 180 147 
687 152 161 
593 187 220 
650 209 141 
515 318 167 
515 178 307 
538 242 220 
775 135 90 
612 195 193 
591 181 228 
555 207 238 
716 168 116 
677 168 155 
414 94 492 
627 188 185 
682 205 113 
588 203 209 
671 185 144 
504 204 292 
549 189 262 
667 212 121 
640 202 158 
571 206 223 
615 202 183 
713 129 158 
671 266 63 
643 171 186 
582 194 224 
626 223 151 
623 165 212 
561 173 266 
593 259 148 
717 141 142 
691 246 63 
702 202 96 
704 189 107 
783 114 103 
665 251 84 
752 142 106 
704 159 137 
549 214 237 
696 164 140 
569 208 223 
589 220 191 
630 201 169 
463 260 277 
548 280 172 
727 206 67 
658 166 176 
650 192 158 
624 214 162 
661 208 131 
802 135 63 
565 135 300 
638 243 119 
580 279 141 
704 177 119 
701 237 62 
595 214 191 
648 264 88 
693 170 137 
702 178 120 
654 202 144 
506 245 249 
571 288 141 
683 231 86 
598 284 118 
632 265 103 
708 169 123 
720 162 118 
642 242 116 
658 157 185 
650 201 149 
712 153 135 
613 183 204 
686 179 135 
648 230 122 
687 133 180 
692 132 176 
661 152 187 
693 211 96 
621 247 132 
665 234 101 
772 172 56 
698 182 120 
545 254 201 
626 240 134 
561 229 210 
576 178 246 
751 119 130 
654 198 148 
618 226 156 
566 163 271 
525 149 326 
611 164 225 
683 197 120 
604 176 220 
607 190 203 
624 185 191 
580 216 204 
749 176 75 
558 192 250 
616 198 186 
659 184 157 
564 144 292 
572 211 217 
571 194 235 
602 233 165 
674 142 184 
733 176 91 
647 215 138 
657 215 128 
637 138 225 
689 201 110 
647 195 158 
622 247 131 
567 247 186 
621 216 163 
673 180 147 
601 207 192 
