1 12 312 9 0 
0 26 346 14 0 
0 93 292 63 0 
0 90 346 8 0 
0 6 268 5 0 
0 23 253 55 0 
4 5 503 110 0 
0 64 293 101 0 
0 8 472 7 0 
1 33 285 7 0 
0 17 373 5 0 
0 29 278 40 0 
0 18 325 51 0 
1 71 499 71 0 
0 58 439 17 0 
0 40 448 9 0 
0 55 351 46 0 
0 48 290 17 0 
0 23 232 79 0 
1 52 288 32 0 
0 33 323 18 0 
0 12 352 14 7 
0 7 447 6 0 
0 33 394 20 0 
0 16 353 25 0 
1 31 261 22 0 
0 41 458 0 0 
0 38 485 18 0 
3 24 377 58 0 
0 41 268 55 0 
0 29 394 50 0 
0 13 291 64 0 
0 12 276 54 0 
0 46 288 68 0 
2 15 277 23 0 
0 84 217 64 0 
0 19 341 27 0 
0 17 314 9 0 
0 44 409 36 0 
0 65 239 1 0 
0 56 333 31 0 
0 55 383 10 0 
1 91 246 103 0 
0 15 347 75 0 
0 19 200 31 0 
0 17 326 82 0 
0 36 373 47 0 
0 25 236 112 0 
10 3 343 33 0 
1 76 280 8 0 
0 24 335 73 0 
0 62 321 26 0 
2 59 302 18 0 
0 4 415 38 0 
0 56 204 47 0 
0 99 305 1 0 
0 75 312 21 0 
0 106 357 19 0 
0 75 311 36 0 
0 4 333 12 0 
0 103 354 10 0 
4 15 278 34 0 
0 31 361 25 0 
0 30 277 37 0 
0 65 283 19 0 
0 7 401 66 0 
0 31 301 69 0 
0 10 412 5 0 
0 39 350 47 0 
0 7 399 48 0 
0 10 342 29 2 
0 18 382 113 0 
0 18 494 42 0 
2 20 409 49 0 
0 5 466 1 0 
0 50 457 34 0 
1 21 269 95 0 
1 43 263 29 0 
0 65 273 7 0 
2 24 376 14 0 
1 40 283 0 0 
0 10 266 33 0 
0 9 275 50 0 
1 56 380 15 0 
0 38 402 29 0 
0 69 247 93 0 
0 38 315 32 0 
0 36 377 0 0 
0 11 445 21 0 
0 23 314 36 0 
0 31 538 3 0 
12 31 328 19 0 
0 44 284 13 0 
0 18 344 3 0 
3 42 388 19 0 
1 40 467 22 0 
1 11 401 56 0 
1 0 359 34 0 
0 13 319 31 0 
0 24 455 59 0 
0 67 321 4 0 
0 17 394 3 0 
0 27 262 21 0 
0 46 302 1 0 
0 1 372 47 0 
0 81 438 73 0 
0 56 335 54 0 
0 14 504 8 0 
0 26 323 156 0 
0 49 285 61 0 
0 13 345 18 0 
2 55 237 6 0 
0 28 238 55 0 
0 51 240 51 0 
0 69 293 36 0 
0 48 234 41 0 
0 45 262 51 0 
1 39 338 10 0 
0 5 279 27 0 
1 29 282 8 0 
0 59 191 22 0 
0 42 385 45 0 
0 31 402 21 0 
0 58 260 9 0 
0 34 355 6 0 
0 68 319 22 0 
0 46 263 64 0 
0 6 364 17 0 
0 17 330 80 0 
3 4 394 19 0 
0 31 434 6 0 
0 115 153 52 0 
1 7 374 8 0 
0 11 271 12 0 
2 15 262 62 0 
0 5 313 16 0 
0 86 312 9 0 
0 31 387 9 0 
2 9 316 13 0 
0 25 285 5 0 
0 41 284 36 0 
1 120 456 18 0 
0 47 272 22 0 
1 63 386 12 0 
0 19 344 34 0 
0 11 385 112 0 
0 98 247 15 0 
1 22 156 116 0 
0 65 179 37 0 
0 7 455 3 0 
1 41 282 2 0 
4 26 394 30 0 
1 23 286 38 0 
1 17 413 32 0 
1 9 284 78 0 
0 20 293 16 0 
0 10 429 6 0 
0 8 343 23 0 
0 32 315 21 0 
0 25 326 21 0 
1 22 227 130 0 
1 78 357 46 0 
0 4 344 13 0 
0 88 246 17 0 
0 6 371 4 0 
0 16 339 7 0 
1 31 366 25 0 
0 1 338 8 0 
0 56 434 60 0 
0 81 358 17 0 
0 56 313 12 0 
0 58 253 40 0 
0 28 359 59 0 
0 42 302 3 0 
0 20 260 15 0 
0 23 398 13 0 
0 14 299 31 0 
6 15 447 9 0 
7 45 337 24 0 
0 24 307 42 0 
0 88 296 16 0 
1 28 353 59 0 
0 60 263 3 0 
0 45 316 27 0 
7 24 393 58 0 
0 28 298 0 0 
0 15 374 6 0 
0 21 366 0 0 
5 18 257 61 0 
0 5 539 3 0 
0 11 345 1 0 
0 23 338 59 0 
0 87 393 14 0 
0 13 373 5 0 
0 0 321 31 0 
0 84 252 54 0 
0 62 339 27 0 
1 13 279 13 0 
0 89 262 32 0 
0 77 243 37 0 
0 23 264 13 0 
1 62 347 6 0 
0 16 284 8 0 
0 27 347 28 0 
0 21 441 42 0 
0 12 385 87 0 
0 10 366 10 0 
0 32 374 29 0 
0 61 270 9 0 
8 44 327 83 0 
0 8 258 22 0 
0 11 139 31 0 
0 54 315 46 0 
1 30 188 103 0 
3 53 439 17 0 
0 80 384 4 0 
0 23 330 45 0 
17 56 205 33 0 
5 29 218 17 0 
0 14 223 67 0 
0 82 318 13 0 
0 24 418 14 0 
0 11 411 8 0 
0 11 353 18 0 
0 69 444 11 0 
0 35 415 34 0 
0 17 358 28 0 
0 16 226 23 0 
0 47 327 20 0 
0 41 353 56 0 
0 29 348 14 0 
0 43 377 16 0 
1 12 317 10 0 
0 28 339 21 0 
0 17 225 63 0 
1 29 322 2 0 
0 5 539 3 0 
0 20 217 14 0 
0 13 274 36 21 
0 74 219 42 0 
0 15 345 33 0 
0 9 423 18 0 
0 6 310 51 0 
1 72 410 17 0 
1 14 411 19 0 
0 2 337 67 0 
0 51 399 3 0 
0 18 325 57 0 
1 36 319 31 0 
7 7 372 17 0 
0 60 273 11 0 
0 44 321 43 0 
1 35 271 16 0 
0 27 255 3 0 
0 51 313 0 0 
0 6 297 50 0 
0 26 338 36 0 
0 55 193 147 0 
0 10 345 12 0 
0 60 257 128 0 
0 19 270 12 0 
1 35 225 1 0 
0 8 322 7 0 
1 74 307 28 0 
4 37 344 27 0 
0 18 357 39 0 
0 11 287 3 0 
1 22 369 5 0 
2 30 409 12 0 
0 36 356 26 0 
0 68 420 40 0 
0 11 301 2 0 
0 16 392 92 0 
0 30 287 4 0 
0 154 324 8 0 
0 16 430 55 0 
0 48 228 109 0 
0 5 229 45 0 
3 0 487 11 0 
1 50 245 128 0 
0 4 221 106 0 
0 102 238 52 0 
0 18 419 44 0 
0 65 250 99 0 
0 29 231 20 0 
0 28 304 30 0 
1 11 382 20 0 
0 66 232 4 0 
0 47 326 20 0 
5 1 288 23 0 
0 16 541 27 0 
0 67 412 6 0 
0 118 382 10 0 
5 44 371 35 0 
1 15 354 45 0 
0 90 247 62 0 
2 37 338 107 0 
0 8 339 35 0 
0 45 300 10 0 
0 8 306 52 0 
0 60 334 23 0 
0 34 303 35 0 
0 35 505 9 0 
0 29 322 6 0 
0 35 271 18 0 
0 24 252 16 0 
1 6 354 32 0 
0 34 379 1 0 
0 16 401 96 0 
7 88 361 10 0 
0 5 315 45 0 
0 68 376 46 0 
0 5 322 3 0 
0 91 415 0 0 
0 11 298 14 0 
0 29 275 9 0 
0 102 207 63 0 
0 131 294 1 0 
0 52 309 33 0 
0 13 387 25 0 
6 20 342 9 0 
0 67 407 11 0 
2 59 368 54 0 
0 27 488 27 0 
1 34 256 21 0 
0 0 313 80 0 
0 33 394 30 0 
0 61 395 51 0 
0 12 318 41 0 
0 32 444 47 0 
0 10 441 20 0 
0 41 424 33 0 
0 14 467 25 0 
0 62 293 54 0 
0 45 357 12 0 
0 2 285 4 0 
5 32 353 12 0 
0 13 361 69 0 
0 32 184 39 0 
0 25 296 19 0 
2 28 365 32 0 
0 47 368 18 0 
0 3 343 121 0 
0 17 287 77 0 
0 12 312 54 0 
0 152 216 26 0 
0 16 343 50 0 
0 48 313 72 0 
0 43 193 22 0 
1 6 309 56 0 
0 7 431 35 0 
0 8 296 10 0 
1 70 366 18 0 
0 12 273 46 0 
1 20 308 35 0 
0 22 283 33 0 
0 15 294 26 0 
0 45 318 34 0 
0 17 253 81 0 
0 65 379 12 0 
4 13 438 19 0 
0 19 149 100 0 
0 20 342 29 0 
0 12 414 2 0 
0 10 241 56 0 
0 47 383 43 0 
1 53 256 15 0 
0 22 181 20 1 
0 44 225 49 0 
1 19 352 50 0 
0 28 306 31 0 
0 66 450 68 0 
0 162 316 2 0 
0 21 406 32 0 
0 116 242 147 0 
0 105 379 45 0 
0 14 320 40 0 
0 11 402 25 0 
0 73 302 13 0 
0 48 253 110 0 
0 122 252 76 0 
0 39 388 65 0 
0 23 343 8 0 
0 30 443 75 0 
0 27 373 19 0 
0 14 303 56 0 
0 25 478 1 0 
0 14 248 48 0 
0 5 668 37 0 
0 84 257 91 0 
1 18 266 40 0 
0 26 277 43 0 
0 16 272 4 0 
1 14 298 32 0 
0 75 350 24 0 
0 22 414 67 0 
0 32 334 4 0 
0 28 493 16 0 
0 41 347 103 0 
0 45 462 62 0 
0 16 242 5 0 
1 34 244 60 0 
0 13 439 38 0 
4 56 252 22 0 
0 204 346 88 0 
0 54 404 34 0 
0 23 430 76 0 
0 100 314 19 0 
1 18 464 12 0 
1 8 497 8 0 
8 56 191 28 0 
10 16 261 19 0 
0 48 364 66 0 
1 19 263 64 0 
1 25 376 30 0 
0 20 426 10 0 
1 31 341 2 0 
0 33 326 12 0 
0 13 380 15 0 
6 60 214 1 0 
0 20 351 2 0 
0 7 295 54 0 
8 55 229 45 0 
1 12 308 30 0 
0 9 212 51 0 
0 64 185 10 0 
0 2 371 38 0 
0 41 335 15 0 
1 58 300 60 0 
0 45 298 45 0 
0 8 321 70 0 
0 5 375 27 0 
0 19 268 21 0 
0 56 328 8 0 
0 38 259 41 0 
0 7 399 18 0 
0 44 457 75 0 
0 21 318 23 0 
0 73 423 56 0 
1 13 563 64 0 
0 8 334 45 0 
6 23 420 0 0 
0 32 405 57 0 
0 15 436 53 0 
0 20 446 17 0 
0 65 319 37 0 
0 25 319 52 0 
0 28 370 25 0 
0 7 332 47 0 
0 3 376 36 0 
0 11 423 24 0 
0 4 460 2 0 
0 21 416 68 0 
0 44 343 13 0 
0 8 357 29 0 
0 15 362 20 0 
0 8 306 52 0 
0 103 365 58 0 
0 34 378 72 0 
7 79 256 49 0 
0 27 268 49 0 
19 1 303 1 0 
0 21 345 22 0 
0 47 378 9 0 
0 22 319 81 0 
0 39 313 24 0 
0 20 358 24 0 
0 16 266 62 0 
0 116 295 36 0 
3 28 450 35 0 
0 36 341 39 0 
0 35 416 25 0 
1 16 302 28 0 
0 19 419 12 0 
0 4 326 20 0 
0 7 308 53 0 
0 55 381 153 0 
0 20 464 21 0 
0 43 377 13 0 
0 29 417 15 0 
0 26 403 21 0 
0 106 301 23 0 
1 7 238 48 0 
0 33 352 0 0 
0 12 307 20 0 
0 39 316 67 0 
0 22 293 33 0 
0 10 262 31 0 
0 46 450 16 0 
0 25 497 71 0 
1 39 298 58 0 
0 14 396 108 0 
0 15 366 57 0 
0 61 365 131 0 
0 47 406 30 0 
0 49 386 11 0 
0 11 381 5 0 
0 88 190 53 0 
0 37 475 50 0 
0 36 346 21 0 
1 14 384 32 0 
0 7 474 26 0 
1 7 390 17 0 
1 11 283 40 0 
0 92 324 37 0 
0 41 368 74 0 
0 64 515 7 0 
1 63 259 46 0 
0 19 441 7 0 
7 6 273 5 0 
2 0 369 0 0 
0 102 260 47 0 
2 14 360 19 0 
1 29 319 6 0 
0 111 354 103 0 
0 29 316 5 0 
1 43 301 112 0 
0 24 309 60 0 
0 20 363 30 0 
0 53 278 23 0 
0 4 307 28 0 
0 34 319 70 0 
0 24 303 1 0 
0 38 328 20 0 
0 42 354 3 0 
0 11 425 57 0 
1 92 185 73 0 
3 33 158 27 0 
0 47 381 2 0 
0 86 221 42 0 
0 130 448 35 0 
0 63 411 14 0 
0 42 496 0 0 
0 32 332 37 0 
1 36 387 25 0 
0 4 329 20 0 
4 18 303 26 0 
0 28 295 1 0 
0 9 198 40 0 
0 26 269 19 0 
1 2 377 16 0 
1 13 382 2 0 
0 60 371 26 0 
0 71 238 19 0 
0 82 491 18 0 
0 17 261 43 0 
2 65 300 14 0 
0 56 324 26 0 
0 60 198 25 0 
0 30 392 7 0 
0 72 288 23 0 
0 79 331 4 0 
0 17 280 62 0 
0 25 540 25 0 
0 19 383 6 0 
0 30 378 7 0 
0 6 371 19 0 
2 53 349 136 0 
2 17 407 71 17 
0 11 298 19 0 
1 91 358 41 0 
0 8 346 54 0 
0 75 330 30 0 
0 49 249 21 0 
0 34 439 54 0 
1 74 292 12 0 
3 139 297 18 0 
3 10 332 66 0 
0 70 418 1 0 
5 26 238 3 0 
2 201 357 6 0 
0 48 320 13 0 
0 9 217 35 1 
1 25 243 13 0 
1 94 243 20 0 
0 35 346 3 0 
3 19 318 24 0 
0 15 368 32 0 
0 32 432 9 0 
0 47 304 12 0 
0 23 443 19 0 
0 16 454 75 0 
0 65 427 15 0 
0 35 323 21 0 
0 23 444 38 0 
0 18 350 87 0 
4 144 216 49 0 
0 39 416 114 0 
1 54 400 25 0 
0 38 332 0 0 
0 48 336 102 0 
0 30 250 68 0 
6 30 338 3 0 
0 42 265 35 0 
0 60 358 27 0 
19 35 334 2 0 
0 31 283 26 0 
0 25 275 80 0 
0 76 329 71 0 
0 12 349 78 0 
4 57 286 5 0 
0 20 284 42 0 
0 12 357 1 0 
0 23 339 101 0 
0 58 457 71 0 
0 58 313 31 0 
0 2 361 60 0 
0 38 386 24 0 
0 31 322 16 0 
0 43 347 42 0 
0 9 473 54 0 
0 85 264 63 0 
0 24 294 53 0 
0 11 367 95 0 
0 3 338 12 0 
0 89 359 17 0 
0 14 246 38 0 
2 20 346 49 0 
0 43 299 43 0 
0 24 422 37 0 
1 23 312 29 0 
1 39 358 12 0 
0 45 289 68 0 
0 45 375 53 0 
0 23 200 35 1 
0 23 448 52 0 
0 94 285 4 0 
0 2 270 130 0 
0 19 483 30 0 
0 38 334 63 0 
0 21 366 77 0 
1 41 273 35 0 
0 25 435 38 0 
0 10 280 33 0 
0 59 217 64 0 
1 130 369 65 0 
0 3 431 11 0 
0 78 270 4 0 
8 40 213 59 0 
0 11 401 104 0 
0 17 467 17 0 
3 25 260 14 0 
1 2 531 37 0 
0 10 400 33 0 
0 14 521 45 0 
0 25 378 59 0 
0 78 375 61 0 
0 61 472 3 0 
0 21 457 31 0 
1 10 236 13 0 
1 44 338 25 0 
0 75 346 22 0 
1 37 383 47 0 
1 52 318 28 0 
9 59 301 20 0 
3 27 478 37 0 
0 56 230 10 0 
0 28 364 50 0 
1 15 347 13 0 
0 20 334 40 0 
0 73 234 32 0 
0 6 308 50 0 
0 49 334 0 0 
0 26 432 52 0 
0 18 451 21 0 
0 15 204 34 0 
0 28 620 6 0 
0 62 449 7 0 
0 28 277 52 0 
0 16 284 1 0 
1 40 410 6 0 
0 4 387 23 0 
0 10 303 9 0 
0 36 297 99 0 
0 43 380 29 0 
0 12 386 13 0 
0 13 428 5 0 
0 91 204 107 0 
0 4 256 40 0 
0 31 288 5 0 
1 24 448 16 0 
1 42 385 16 0 
1 11 339 43 0 
0 92 254 9 0 
0 26 278 8 0 
0 73 453 54 0 
0 29 232 62 0 
0 11 246 61 0 
0 11 291 23 0 
0 37 391 20 0 
0 20 297 69 0 
1 16 352 71 0 
0 114 281 3 0 
0 10 360 27 0 
0 59 307 17 0 
0 34 333 46 0 
0 78 370 33 0 
0 69 396 17 0 
0 53 394 60 0 
0 14 400 17 0 
0 24 436 24 0 
0 6 242 81 0 
1 33 418 47 0 
0 19 293 41 0 
0 26 384 34 0 
48 39 246 13 0 
0 47 332 64 0 
0 8 330 41 0 
1 19 451 21 0 
0 38 331 0 0 
1 34 286 23 0 
0 14 258 13 0 
0 6 307 17 0 
1 114 203 12 0 
0 111 137 17 0 
1 13 269 40 0 
0 40 338 53 0 
0 31 209 9 0 
2 23 345 45 0 
1 52 267 15 0 
0 67 305 17 0 
0 27 190 76 0 
0 15 430 33 0 
1 27 302 46 0 
0 22 346 118 0 
0 26 338 22 0 
1 12 532 53 0 
0 21 351 5 0 
0 23 323 4 0 
1 32 288 28 0 
0 14 321 24 0 
2 43 346 30 0 
0 27 366 13 0 
0 19 353 23 0 
0 130 317 30 0 
0 24 366 18 0 
0 71 254 18 0 
3 45 396 11 0 
2 17 311 27 0 
3 28 257 23 0 
1 26 303 9 0 
0 16 240 86 0 
0 22 354 43 0 
3 22 321 33 0 
0 18 336 16 0 
0 44 270 50 0 
1 19 231 71 0 
0 26 381 47 0 
0 90 375 10 0 
0 41 380 47 0 
0 48 302 29 0 
0 21 432 41 0 
0 45 307 75 0 
0 20 240 72 0 
0 8 365 48 0 
3 62 281 11 0 
0 43 362 12 0 
0 102 290 14 0 
0 92 285 26 0 
1 23 365 50 0 
0 47 363 4 0 
16 68 217 89 0 
0 33 461 13 0 
12 3 373 6 0 
1 59 461 53 0 
0 14 296 62 0 
0 24 263 118 0 
0 9 376 83 0 
0 57 219 124 0 
0 8 242 14 0 
0 2 363 2 0 
0 12 411 67 0 
0 40 355 25 0 
0 13 304 77 4 
0 21 273 19 0 
0 26 284 34 0 
0 52 368 99 0 
3 35 334 70 0 
0 24 249 4 0 
0 8 335 20 0 
0 17 222 25 0 
0 42 334 25 0 
0 92 357 1 0 
0 47 402 34 0 
0 38 348 39 0 
0 29 395 15 0 
0 22 338 12 0 
0 14 249 36 0 
1 31 297 18 0 
5 22 397 77 0 
0 29 349 15 0 
0 12 483 27 0 
0 50 194 54 0 
0 90 346 106 0 
0 14 360 39 0 
0 42 292 33 0 
0 36 431 39 0 
0 26 317 76 0 
0 15 439 15 0 
1 12 289 137 0 
0 101 259 24 0 
0 4 317 45 0 
0 16 274 20 0 
0 5 483 19 0 
2 25 308 9 0 
1 39 438 39 0 
0 61 266 62 0 
0 56 262 29 0 
0 17 341 12 0 
0 55 451 78 0 
0 19 320 11 49 
0 54 184 65 0 
0 2 389 16 0 
0 1 511 15 0 
0 10 228 38 0 
0 16 326 6 0 
0 0 509 23 0 
0 12 414 11 0 
1 40 315 22 0 
0 29 299 37 0 
1 87 325 16 0 
0 47 331 72 0 
0 31 301 2 0 
1 53 275 36 0 
0 50 433 38 0 
1 47 213 14 0 
0 21 366 15 0 
0 10 319 37 0 
0 21 337 14 0 
0 3 269 52 3 
1 23 240 9 0 
0 38 336 30 0 
0 33 306 52 0 
1 49 370 4 0 
0 16 421 3 0 
0 14 332 19 0 
0 41 327 101 0 
0 32 228 30 0 
0 27 405 31 0 
0 12 270 46 0 
0 18 456 10 0 
0 90 293 13 0 
0 3 301 36 0 
0 3 476 47 0 
0 36 337 81 0 
0 31 228 68 0 
0 31 203 20 0 
3 57 299 10 0 
1 7 360 21 0 
0 25 501 11 0 
1 24 255 24 0 
0 40 358 2 0 
0 59 195 53 0 
0 53 255 101 0 
0 20 213 65 0 
1 72 444 15 0 
0 27 289 2 0 
1 30 310 35 0 
0 45 301 20 0 
1 51 347 32 0 
0 46 308 15 0 
0 27 417 1 0 
0 82 261 9 0 
0 2 350 13 0 
0 66 286 6 0 
1 26 371 64 0 
0 12 518 19 0 
0 47 315 61 0 
0 17 277 7 0 
0 21 451 28 0 
0 22 208 88 0 
0 82 145 25 0 
0 30 424 23 0 
1 18 450 7 0 
0 14 479 14 0 
0 66 324 29 0 
0 36 360 6 0 
0 6 268 8 0 
0 34 369 25 0 
0 34 235 107 0 
1 13 332 77 0 
0 39 312 20 0 
4 0 308 119 0 
0 51 341 31 0 
0 32 232 25 0 
1 34 329 5 0 
0 20 333 32 0 
0 87 312 45 0 
0 4 347 50 0 
0 18 380 85 0 
0 27 414 31 0 
0 25 385 21 0 
0 12 464 51 0 
0 6 323 105 0 
0 2 431 3 0 
1 166 219 7 0 
0 3 338 41 0 
0 40 315 40 0 
1 12 355 39 0 
0 7 505 4 0 
0 59 319 2 0 
0 21 223 62 0 
0 124 436 32 0 
1 47 294 36 0 
0 48 379 68 0 
0 14 275 18 0 
0 30 343 46 0 
10 28 267 35 0 
1 9 318 3 0 
0 12 448 77 0 
0 39 370 40 0 
0 162 358 23 0 
3 42 318 24 0 
0 57 378 51 0 
0 36 241 81 0 
0 4 303 21 0 
0 41 385 21 0 
0 6 403 14 0 
0 34 340 80 0 
0 40 470 18 0 
0 25 250 24 0 
0 43 357 146 0 
0 30 286 184 0 
1 166 264 10 0 
0 23 396 11 0 
1 5 426 108 0 
0 14 426 22 0 
0 54 279 8 0 
0 56 260 29 0 
3 41 261 15 0 
0 20 384 67 0 
2 64 189 19 0 
1 18 377 32 0 
0 8 364 20 0 
0 8 308 17 0 
0 66 222 3 0 
0 75 206 11 0 
0 43 456 7 0 
0 22 280 51 0 
1 7 269 2 0 
1 92 333 43 0 
5 38 258 142 0 
0 12 475 34 0 
0 5 327 13 0 
1 8 358 33 0 
0 20 329 152 0 
2 35 367 22 0 
0 10 375 99 0 
0 3 435 8 0 
0 46 382 2 0 
0 60 207 50 0 
0 5 283 14 0 
8 37 383 54 0 
0 16 325 91 0 
0 36 348 69 0 
1 36 285 14 0 
0 23 386 0 0 
1 29 297 28 0 
0 22 191 39 0 
0 34 374 34 0 
0 53 305 16 0 
0 8 280 96 0 
0 35 342 72 0 
0 8 358 35 0 
0 29 283 26 0 
2 36 290 19 0 
0 8 417 62 0 
0 27 462 38 0 
1 113 364 16 0 
0 37 296 16 0 
0 143 392 79 0 
0 18 227 76 0 
2 23 186 129 0 
0 9 470 35 0 
0 16 448 44 0 
1 71 412 28 0 
0 47 302 8 0 
1 115 175 5 0 
0 9 329 39 0 
1 54 286 0 0 
1 45 353 2 0 
10 26 236 14 0 
0 2 315 42 0 
0 29 396 16 0 
0 7 423 87 0 
0 8 282 3 0 
1 88 461 39 0 
0 13 276 76 0 
0 36 352 58 0 
2 132 209 41 0 
0 21 324 20 0 
0 16 312 22 0 
0 117 317 12 0 
0 12 261 0 0 
0 38 210 77 0 
0 98 310 30 0 
0 13 385 44 0 
2 67 285 13 0 
0 19 290 41 0 
0 18 335 71 0 
