566 257 177 
647 168 185 
526 252 222 
524 292 184 
560 243 197 
467 302 231 
459 257 284 
496 200 304 
574 263 163 
478 282 240 
488 250 262 
513 230 257 
594 270 136 
586 200 214 
485 218 297 
588 213 199 
514 245 241 
602 250 148 
546 301 153 
556 255 189 
480 271 249 
437 250 313 
546 267 187 
431 280 289 
569 312 119 
540 262 198 
471 255 274 
495 250 255 
608 248 144 
500 244 256 
526 198 276 
520 225 255 
467 291 242 
507 227 266 
503 250 247 
590 248 162 
567 196 237 
421 228 351 
471 253 276 
506 273 221 
509 247 244 
648 189 163 
502 238 260 
565 229 206 
476 283 241 
518 218 264 
614 252 134 
520 242 238 
533 264 203 
516 234 250 
670 252 78 
550 238 212 
529 226 245 
598 264 138 
510 259 231 
570 281 149 
509 270 221 
561 180 259 
523 218 259 
557 290 153 
477 239 284 
468 231 301 
477 261 262 
522 233 245 
507 237 256 
494 227 279 
551 239 210 
493 240 267 
509 207 284 
566 226 208 
504 251 245 
597 250 153 
516 229 255 
484 278 238 
482 304 214 
391 308 301 
483 249 268 
578 239 183 
545 236 219 
546 251 203 
497 274 229 
498 242 260 
524 271 205 
508 271 221 
519 257 224 
563 225 212 
487 292 221 
542 245 213 
587 203 210 
557 259 184 
538 267 195 
633 216 151 
468 260 272 
414 254 332 
603 256 141 
536 238 226 
531 271 198 
506 252 242 
457 248 295 
492 284 224 
473 226 301 
468 265 267 
583 188 229 
524 305 171 
493 258 249 
551 264 185 
515 284 201 
548 268 184 
548 206 246 
518 241 241 
568 239 193 
549 303 148 
487 225 288 
489 246 265 
536 250 214 
491 261 248 
524 246 230 
471 240 289 
597 223 180 
417 221 362 
445 329 226 
530 226 244 
539 240 221 
634 173 193 
581 270 149 
524 233 243 
475 252 273 
464 255 281 
507 243 250 
539 298 163 
521 254 225 
553 241 206 
550 226 224 
548 299 153 
529 240 231 
536 236 228 
463 317 220 
479 203 318 
537 180 283 
472 214 314 
571 237 192 
593 242 165 
484 268 248 
441 287 272 
449 235 316 
522 213 265 
595 212 193 
564 229 207 
466 288 246 
586 257 157 
491 255 254 
576 240 184 
518 244 238 
546 253 201 
561 238 201 
491 249 260 
485 226 289 
564 249 187 
533 264 203 
566 224 210 
505 256 239 
510 245 245 
525 202 273 
509 272 219 
504 268 228 
547 216 237 
474 242 284 
604 256 140 
525 224 251 
474 218 308 
536 303 161 
607 217 176 
470 257 273 
536 205 259 
552 241 207 
526 250 224 
471 165 364 
578 246 176 
524 208 268 
562 239 199 
529 254 217 
524 251 225 
589 258 153 
538 262 200 
508 291 201 
509 207 284 
541 232 227 
536 266 198 
526 279 195 
528 240 232 
569 279 152 
554 292 154 
439 216 345 
564 214 222 
539 205 256 
469 247 284 
558 275 167 
424 230 346 
492 261 247 
577 244 179 
563 278 159 
568 259 173 
452 278 270 
538 263 199 
605 227 168 
534 256 210 
477 252 271 
506 240 254 
594 231 175 
574 285 141 
569 258 173 
549 263 188 
603 225 172 
557 241 202 
542 222 236 
618 232 150 
456 249 295 
558 288 154 
604 217 179 
555 246 199 
576 243 181 
517 321 162 
501 278 221 
511 275 214 
470 271 259 
504 271 225 
540 217 243 
505 280 215 
476 296 228 
460 254 286 
542 268 190 
550 219 231 
490 244 266 
527 221 252 
512 295 193 
493 209 298 
485 218 297 
669 196 135 
448 252 300 
542 252 206 
558 257 185 
510 250 240 
545 199 256 
501 263 236 
543 239 218 
520 331 149 
514 295 191 
547 272 181 
508 225 267 
535 258 207 
545 260 195 
537 274 189 
630 203 167 
598 228 174 
526 245 229 
542 232 226 
508 224 268 
496 219 285 
607 272 121 
469 234 297 
520 292 188 
566 223 211 
579 168 253 
471 236 293 
640 230 130 
507 247 246 
539 250 211 
573 203 224 
558 245 197 
578 275 147 
532 282 186 
468 194 338 
515 251 234 
511 240 249 
507 308 185 
531 243 226 
508 268 224 
559 235 206 
534 279 187 
493 180 327 
597 260 143 
574 252 174 
619 193 188 
469 272 259 
540 219 241 
497 262 241 
548 208 244 
467 199 334 
486 227 287 
556 235 209 
644 252 104 
528 250 222 
571 217 212 
687 189 124 
433 268 299 
620 226 154 
517 206 277 
504 242 254 
526 297 177 
481 208 311 
518 207 275 
488 230 282 
547 202 251 
586 262 152 
544 289 167 
551 227 222 
487 243 270 
571 278 151 
589 246 165 
475 251 274 
548 241 211 
484 290 226 
588 262 150 
541 251 208 
523 269 208 
544 261 195 
453 299 248 
559 249 192 
547 276 177 
530 234 236 
539 226 235 
483 248 269 
620 225 155 
578 222 200 
520 277 203 
582 243 175 
524 230 246 
641 208 151 
571 228 201 
551 213 236 
539 214 247 
528 278 194 
598 266 136 
484 309 207 
464 237 299 
534 248 218 
491 284 225 
544 255 201 
434 282 284 
479 295 226 
566 189 245 
495 297 208 
527 244 229 
417 256 327 
511 257 232 
471 265 264 
513 279 208 
531 261 208 
539 262 199 
642 201 157 
516 246 238 
585 252 163 
555 190 255 
547 227 226 
564 210 226 
422 264 314 
584 259 157 
547 275 178 
552 263 185 
520 226 254 
651 199 150 
576 227 197 
497 232 271 
501 259 240 
551 227 222 
538 236 226 
543 280 177 
500 256 244 
529 253 218 
543 250 207 
475 271 254 
597 212 191 
567 209 224 
530 237 233 
573 294 133 
452 258 290 
453 264 283 
641 229 130 
593 199 208 
509 232 259 
505 284 211 
568 257 175 
506 290 204 
506 248 246 
547 241 212 
527 243 230 
455 214 331 
607 225 168 
503 252 245 
568 267 165 
507 212 281 
587 262 151 
561 254 185 
505 315 180 
572 300 128 
507 235 258 
476 201 323 
441 196 363 
456 254 290 
576 236 188 
435 299 266 
472 254 274 
437 253 310 
543 280 177 
586 237 177 
499 288 213 
450 228 322 
491 259 250 
560 240 200 
487 258 255 
579 226 195 
555 210 235 
513 253 234 
571 189 240 
623 239 138 
430 343 227 
483 256 261 
478 227 295 
485 253 262 
510 241 249 
588 221 191 
471 256 273 
566 260 174 
490 242 268 
597 218 185 
599 225 176 
516 255 229 
541 257 202 
512 236 252 
570 284 146 
463 220 317 
547 263 190 
463 279 258 
584 231 185 
553 276 171 
616 212 172 
506 212 282 
481 311 208 
496 283 221 
520 306 174 
581 263 156 
528 273 199 
552 244 204 
518 245 237 
569 205 226 
592 198 210 
468 211 321 
500 234 266 
569 276 155 
448 279 273 
596 268 136 
533 234 233 
490 301 209 
427 243 330 
537 255 208 
540 222 238 
545 197 258 
515 255 230 
549 238 213 
425 248 327 
574 236 190 
514 307 179 
528 243 229 
538 316 146 
515 296 189 
560 178 262 
429 242 329 
463 246 291 
522 227 251 
554 216 230 
495 331 174 
514 248 238 
581 260 159 
482 310 208 
501 251 248 
396 249 355 
496 246 258 
561 276 163 
471 277 252 
570 254 176 
520 215 265 
538 208 254 
505 253 242 
545 273 182 
528 226 246 
432 233 335 
499 248 253 
556 199 245 
418 238 344 
554 247 199 
530 264 206 
496 259 245 
478 271 251 
486 250 264 
567 233 200 
450 276 274 
553 287 160 
516 227 257 
532 280 188 
579 278 143 
483 255 262 
515 254 231 
581 231 188 
542 249 209 
610 227 163 
478 271 251 
553 233 214 
603 195 202 
544 240 216 
548 227 225 
575 262 163 
505 288 207 
523 279 198 
553 262 185 
496 269 235 
550 212 238 
446 312 242 
651 205 144 
509 296 195 
536 275 189 
473 225 302 
521 237 242 
486 207 307 
478 258 264 
553 275 172 
520 234 246 
542 226 232 
552 229 219 
481 264 255 
580 252 168 
574 264 162 
568 253 179 
558 227 215 
524 222 254 
514 257 229 
522 263 215 
565 238 197 
535 243 222 
533 282 185 
483 269 248 
498 239 263 
552 260 188 
497 237 266 
502 256 242 
541 237 222 
446 225 329 
527 227 246 
412 233 355 
508 237 255 
553 264 183 
592 222 186 
552 228 220 
604 182 214 
525 239 236 
559 252 189 
404 270 326 
479 287 234 
528 232 240 
512 245 243 
580 254 166 
582 193 225 
528 243 229 
452 289 259 
500 235 265 
559 253 188 
505 274 221 
431 220 349 
608 208 184 
625 174 201 
574 235 191 
567 258 175 
515 260 225 
569 211 220 
485 299 216 
567 223 210 
501 270 229 
466 189 345 
560 233 207 
581 253 166 
473 264 263 
438 294 268 
485 196 319 
513 281 206 
456 232 312 
407 259 334 
620 235 145 
456 276 268 
496 271 233 
539 220 241 
520 257 223 
547 231 222 
541 251 208 
553 261 186 
553 265 182 
550 256 194 
520 258 222 
450 319 231 
558 258 184 
529 316 155 
529 197 274 
483 216 301 
482 254 264 
484 223 293 
573 232 195 
471 260 269 
460 209 331 
477 234 289 
507 247 246 
566 237 197 
553 245 202 
550 230 220 
541 247 212 
524 270 206 
491 276 233 
570 253 177 
502 260 238 
480 291 229 
531 265 204 
539 271 190 
481 287 232 
511 253 236 
494 234 272 
540 218 242 
509 257 234 
524 219 257 
553 285 162 
620 200 180 
473 274 253 
504 259 237 
516 254 230 
585 188 227 
514 258 228 
588 239 173 
558 226 216 
464 306 230 
553 244 203 
520 239 241 
575 236 189 
545 234 221 
507 271 222 
572 233 195 
471 214 315 
522 267 211 
558 286 156 
513 251 236 
548 241 211 
581 266 153 
457 229 314 
473 305 222 
533 250 217 
501 240 259 
514 252 234 
480 260 260 
518 222 260 
533 236 231 
518 258 224 
553 209 238 
504 274 222 
625 211 164 
545 231 224 
555 271 174 
428 277 295 
544 250 206 
475 231 294 
572 234 194 
554 219 227 
597 231 172 
473 290 237 
547 247 206 
593 231 176 
535 297 168 
506 274 220 
544 225 231 
601 249 150 
563 271 166 
594 262 144 
567 246 187 
466 225 309 
545 233 222 
591 264 145 
528 254 218 
565 263 172 
597 231 172 
547 220 233 
483 260 257 
509 240 251 
509 288 203 
508 271 221 
533 210 257 
532 239 229 
490 269 241 
585 210 205 
589 256 155 
448 281 271 
455 259 286 
566 237 197 
479 188 333 
546 255 199 
522 231 247 
562 254 184 
532 257 211 
587 222 191 
571 248 181 
469 234 297 
529 301 170 
546 259 195 
570 250 180 
504 207 289 
569 231 200 
547 248 205 
543 234 223 
524 240 236 
522 276 202 
476 292 232 
519 296 185 
558 250 192 
471 257 272 
624 186 190 
557 307 136 
573 300 127 
571 250 179 
496 207 297 
601 229 170 
555 246 199 
626 157 217 
444 224 332 
566 177 257 
515 251 234 
518 262 220 
492 241 267 
501 248 251 
549 229 222 
425 193 382 
556 279 165 
545 274 181 
515 261 224 
533 208 259 
481 277 242 
612 216 172 
497 274 229 
581 226 193 
496 250 254 
537 263 200 
492 219 289 
492 212 296 
588 221 191 
371 239 390 
541 236 223 
535 245 220 
559 225 216 
553 267 180 
477 275 248 
526 297 177 
606 249 145 
550 248 202 
510 273 217 
635 186 179 
551 249 200 
511 282 207 
473 257 270 
526 248 226 
505 206 289 
491 236 273 
598 254 148 
472 265 263 
469 225 306 
472 278 250 
614 241 145 
454 293 253 
534 277 189 
546 265 189 
469 290 241 
445 278 277 
552 258 190 
526 257 217 
518 229 253 
538 241 221 
463 183 354 
671 182 147 
507 298 195 
586 202 212 
535 272 193 
531 208 261 
668 239 93 
569 233 198 
578 237 185 
554 276 170 
561 262 177 
470 308 222 
516 221 263 
537 183 280 
536 199 265 
555 247 198 
522 226 252 
490 177 333 
571 247 182 
484 314 202 
477 228 295 
469 227 304 
596 226 178 
527 236 237 
584 238 178 
548 238 214 
547 220 233 
562 199 239 
548 193 259 
530 241 229 
526 246 228 
506 252 242 
493 273 234 
521 299 180 
495 199 306 
513 234 253 
456 196 348 
576 207 217 
520 279 201 
591 229 180 
500 287 213 
449 210 341 
529 232 239 
574 245 181 
606 229 165 
481 251 268 
612 207 181 
589 152 259 
439 280 281 
554 211 235 
507 256 237 
552 248 200 
546 213 241 
500 195 305 
545 243 212 
509 219 272 
539 277 184 
559 236 205 
561 214 225 
546 281 173 
470 334 196 
551 221 228 
478 270 252 
578 242 180 
560 210 230 
543 251 206 
531 252 217 
485 262 253 
579 256 165 
550 269 181 
554 230 216 
469 196 335 
475 214 311 
521 262 217 
509 269 222 
537 219 244 
453 295 252 
526 271 203 
524 265 211 
540 221 239 
512 251 237 
552 252 196 
498 230 272 
620 223 157 
610 248 142 
470 262 268 
507 206 287 
504 225 271 
499 264 237 
465 287 248 
524 304 172 
521 222 257 
561 224 215 
505 222 273 
517 242 241 
535 235 230 
575 209 216 
501 285 214 
496 266 238 
513 210 277 
544 280 176 
472 240 288 
521 264 215 
525 261 214 
388 285 327 
548 262 190 
564 186 250 
554 256 190 
549 258 193 
596 174 230 
533 274 193 
513 247 240 
560 207 233 
615 206 179 
475 264 261 
513 223 264 
487 222 291 
549 266 185 
426 227 347 
586 206 208 
576 212 212 
513 183 304 
532 262 206 
550 245 205 
438 308 254 
578 244 178 
528 257 215 
565 210 225 
491 271 238 
575 224 201 
559 238 203 
512 240 248 
518 202 280 
498 210 292 
541 259 200 
491 209 300 
538 248 214 
455 274 271 
497 273 230 
518 246 236 
578 204 218 
535 227 238 
592 232 176 
536 233 231 
525 270 205 
456 241 303 
484 259 257 
565 230 205 
514 183 303 
484 253 263 
579 246 175 
478 283 239 
525 286 189 
518 239 243 
556 251 193 
578 236 186 
550 236 214 
566 254 180 
487 191 322 
521 206 273 
583 269 148 
471 247 282 
476 270 254 
538 245 217 
544 254 202 
530 261 209 
513 256 231 
571 276 153 
541 263 196 
533 291 176 
543 256 201 
442 279 279 
490 232 278 
524 256 220 
577 253 170 
483 265 252 
561 268 171 
598 222 180 
513 281 206 
563 205 232 
568 244 188 
611 221 168 
562 237 201 
523 271 206 
547 292 161 
591 242 167 
587 248 165 
487 251 262 
454 234 312 
542 241 217 
520 184 296 
499 258 243 
528 206 266 
563 164 273 
481 269 250 
547 259 194 
504 292 204 
484 254 262 
522 284 194 
500 231 269 
562 235 203 
506 270 224 
482 308 210 
523 227 250 
448 250 302 
545 232 223 
456 319 225 
541 251 208 
551 249 200 
534 301 165 
499 257 244 
455 281 264 
569 289 142 
517 286 197 
577 265 158 
492 230 278 
514 303 183 
579 240 181 
553 238 209 
574 230 196 
571 201 228 
463 260 277 
569 255 176 
