0 31 79 
0 39 36 
0 16 96 
0 15 76 
0 61 42 
0 16 131 
0 60 118 
0 35 65 
0 10 117 
0 40 67 
0 62 114 
0 25 61 
0 36 73 
0 25 114 
0 12 114 
0 39 104 
0 31 83 
0 15 82 
0 43 101 
0 46 143 
0 41 114 
0 21 40 
0 10 116 
0 36 102 
0 43 133 
0 5 56 
0 13 69 
0 14 149 
0 42 132 
0 6 152 
0 39 95 
0 42 154 
0 29 105 
0 26 103 
0 42 62 
0 53 61 
0 21 80 
0 47 58 
0 48 75 
0 13 57 
0 39 210 
0 17 67 
0 21 74 
0 11 66 
0 33 103 
0 14 74 
0 27 107 
0 22 46 
0 40 35 
0 33 99 
0 23 61 
0 27 48 
0 29 18 
0 13 100 
0 20 135 
0 46 48 
0 33 72 
0 13 62 
0 25 123 
0 16 126 
0 38 80 
0 27 148 
0 23 54 
0 37 91 
0 42 48 
0 18 197 
0 26 117 
0 26 54 
0 30 148 
0 13 178 
0 34 140 
0 11 94 
0 13 76 
0 46 34 
0 20 35 
0 22 132 
0 11 107 
0 48 124 
0 37 109 
0 16 167 
0 34 118 
0 13 74 
0 28 100 
0 31 103 
0 4 109 
0 8 87 
0 3 107 
0 14 90 
0 7 25 
0 7 65 
0 42 66 
0 35 76 
0 13 93 
0 42 104 
0 30 32 
0 10 97 
0 36 113 
0 16 100 
0 17 68 
0 16 97 
0 8 49 
0 48 95 
0 22 72 
0 60 32 
0 17 125 
0 70 135 
0 17 57 
0 27 138 
0 17 113 
0 13 83 
0 18 69 
0 28 90 
0 6 93 
0 25 75 
0 30 105 
0 35 75 
0 43 80 
0 14 192 
0 28 46 
0 7 80 
0 25 90 
0 48 84 
0 18 43 
0 27 71 
0 63 79 
0 32 122 
0 17 115 
0 25 97 
0 23 145 
0 18 73 
0 12 90 
0 39 83 
0 5 120 
0 33 81 
0 34 31 
0 20 79 
0 36 81 
0 23 45 
0 55 106 
0 28 130 
0 35 59 
0 57 83 
0 41 79 
0 25 110 
0 58 132 
0 50 101 
0 13 26 
0 1 174 
0 6 104 
0 19 83 
0 59 173 
0 22 49 
0 18 94 
0 9 113 
0 61 69 
0 6 121 
0 18 67 
0 12 4 
0 43 63 
0 12 168 
0 54 60 
0 67 81 
0 42 59 
0 18 60 
0 20 27 
0 37 105 
0 24 35 
0 54 82 
0 29 93 
0 48 87 
0 21 119 
0 25 63 
0 53 129 
0 35 122 
0 25 44 
0 26 95 
0 31 77 
0 69 71 
0 23 77 
0 49 47 
0 36 37 
0 14 122 
0 47 70 
0 14 96 
0 21 102 
0 25 77 
0 23 91 
0 19 83 
0 27 105 
0 16 163 
0 46 78 
0 15 52 
0 13 129 
0 13 85 
0 19 84 
0 22 94 
0 27 53 
0 5 66 
0 42 142 
0 18 59 
0 29 101 
0 12 88 
0 10 83 
0 16 90 
0 33 68 
0 59 111 
0 8 151 
0 12 64 
0 26 75 
0 22 115 
0 4 160 
0 30 105 
0 95 72 
0 26 131 
0 36 131 
0 7 66 
0 13 101 
0 6 94 
0 53 117 
0 12 60 
0 13 81 
0 34 50 
0 3 49 
0 30 49 
0 33 126 
0 43 64 
0 5 71 
0 47 108 
0 18 39 
0 5 61 
0 9 148 
0 27 155 
0 37 107 
0 8 107 
0 52 169 
0 4 126 
0 32 38 
0 24 88 
0 55 92 
0 11 120 
0 11 124 
0 25 76 
0 38 52 
0 33 117 
0 28 104 
0 20 112 
0 46 136 
0 28 56 
0 66 51 
0 27 107 
0 42 50 
0 17 125 
0 28 64 
0 23 78 
0 13 89 
0 49 32 
0 38 45 
0 11 46 
0 42 75 
0 18 98 
0 13 58 
0 23 64 
0 38 61 
0 21 112 
0 18 41 
0 22 66 
0 24 70 
0 53 60 
0 65 58 
0 13 180 
0 8 147 
0 45 66 
0 18 64 
0 22 121 
0 49 48 
0 29 100 
0 64 48 
0 22 30 
0 39 55 
0 18 113 
0 9 96 
0 29 77 
0 25 138 
0 11 60 
0 24 111 
0 37 98 
0 6 42 
0 82 50 
0 25 80 
0 34 97 
0 34 103 
0 24 130 
0 30 53 
0 34 85 
0 26 111 
0 18 63 
0 33 93 
0 41 121 
0 19 106 
0 26 76 
0 42 47 
0 30 202 
0 26 99 
0 54 50 
0 14 152 
0 90 71 
0 34 70 
0 50 126 
0 38 74 
0 36 56 
0 49 101 
0 19 48 
0 81 38 
0 14 105 
0 34 70 
0 50 84 
0 16 112 
0 14 73 
0 27 169 
0 39 63 
0 21 72 
0 14 13 
0 24 139 
0 25 96 
0 21 92 
0 5 69 
0 21 114 
0 47 53 
0 46 113 
0 40 85 
0 55 76 
0 40 154 
0 12 51 
0 32 73 
0 42 117 
0 25 102 
0 16 105 
0 10 72 
0 16 75 
0 32 83 
0 43 88 
0 21 82 
0 26 196 
0 38 58 
0 45 120 
0 35 99 
0 32 50 
0 36 113 
0 9 142 
0 7 117 
0 44 49 
0 60 75 
0 14 106 
0 46 74 
0 16 33 
0 30 96 
0 14 78 
0 40 95 
0 10 118 
0 9 115 
0 41 60 
0 10 94 
0 25 155 
0 14 111 
0 35 113 
0 6 87 
0 16 82 
0 34 89 
0 69 64 
0 33 48 
0 51 98 
0 38 96 
0 2 57 
0 7 82 
0 31 167 
0 62 117 
0 2 103 
0 7 93 
0 11 139 
0 11 120 
0 14 24 
0 8 86 
0 40 57 
0 33 45 
0 22 78 
0 40 112 
0 6 87 
0 24 172 
0 40 47 
0 25 65 
0 9 50 
0 14 113 
0 14 117 
0 27 94 
0 40 86 
0 17 73 
0 33 93 
0 19 106 
0 5 59 
0 12 122 
0 14 200 
0 3 83 
0 33 98 
0 35 57 
0 42 64 
0 32 108 
0 52 70 
0 17 125 
0 21 52 
0 54 66 
0 12 85 
0 16 71 
0 54 86 
0 43 152 
0 18 91 
0 47 120 
0 39 63 
0 45 53 
0 19 95 
0 16 51 
0 35 95 
0 15 71 
0 100 109 
0 24 34 
0 36 35 
0 32 130 
0 59 79 
0 32 64 
0 41 65 
0 15 65 
0 26 118 
0 22 58 
0 16 96 
0 20 66 
0 26 41 
0 18 138 
0 13 208 
0 14 68 
0 11 147 
0 55 133 
0 19 65 
0 29 65 
0 17 79 
0 21 54 
0 22 44 
0 50 58 
0 18 55 
0 13 176 
0 13 125 
0 38 40 
0 4 199 
0 19 93 
0 20 86 
0 44 109 
0 27 68 
0 32 117 
0 23 87 
0 19 64 
0 14 66 
0 34 83 
0 25 161 
0 74 88 
0 21 79 
0 26 217 
0 25 183 
0 36 132 
0 20 64 
0 46 52 
0 27 119 
0 44 68 
0 25 88 
0 27 129 
0 13 75 
0 66 52 
0 9 125 
0 39 105 
0 38 89 
0 85 52 
0 32 92 
0 13 143 
0 49 58 
0 42 80 
0 18 174 
0 42 125 
0 25 123 
0 18 66 
0 21 48 
0 41 80 
0 18 78 
0 31 72 
0 69 94 
0 12 55 
0 12 99 
0 42 100 
0 20 112 
0 26 115 
0 53 79 
0 24 111 
0 16 77 
0 35 165 
0 30 132 
0 30 53 
0 60 36 
0 42 94 
0 52 65 
0 22 91 
0 27 116 
0 2 127 
0 15 61 
0 10 62 
0 51 41 
0 32 49 
0 30 169 
0 21 85 
0 10 96 
0 30 122 
0 40 115 
0 25 99 
0 36 128 
0 14 65 
0 5 167 
0 2 75 
0 22 85 
0 11 84 
0 19 61 
0 19 113 
0 36 70 
0 33 44 
0 56 99 
0 32 70 
0 25 56 
0 31 111 
0 32 78 
0 7 80 
0 34 117 
0 8 82 
0 15 33 
0 47 89 
0 39 64 
0 67 27 
0 44 74 
0 49 78 
0 35 107 
0 23 77 
0 14 40 
0 22 62 
0 28 101 
0 46 92 
0 24 41 
0 32 65 
0 8 103 
0 17 96 
0 26 140 
0 32 116 
0 30 99 
0 5 117 
0 48 135 
0 29 134 
0 62 94 
0 34 227 
0 35 123 
0 26 136 
0 5 50 
0 25 90 
0 17 137 
0 37 143 
0 24 81 
0 27 166 
0 36 80 
0 21 49 
0 41 74 
0 32 36 
0 16 193 
0 8 120 
0 16 49 
0 32 75 
0 20 101 
0 50 67 
0 44 72 
0 17 129 
0 17 155 
0 30 96 
0 26 110 
0 28 63 
0 22 121 
0 31 212 
0 23 59 
0 44 70 
0 28 72 
0 63 102 
0 9 34 
0 19 92 
0 21 101 
0 12 54 
0 44 159 
0 7 148 
0 25 118 
0 42 109 
0 34 64 
0 52 151 
0 30 58 
0 29 62 
0 16 132 
0 16 76 
0 5 112 
0 30 118 
0 13 99 
0 40 102 
0 18 187 
0 40 151 
0 47 124 
0 20 43 
0 41 60 
0 15 79 
0 21 44 
0 30 98 
0 9 114 
0 19 122 
0 37 89 
0 30 130 
0 33 52 
0 27 125 
0 17 38 
0 47 37 
0 51 72 
0 50 86 
0 29 119 
0 23 101 
0 9 67 
0 8 98 
0 59 63 
0 20 116 
0 10 89 
0 34 99 
0 21 119 
0 45 89 
0 35 95 
0 25 106 
0 17 130 
0 29 71 
0 39 150 
0 86 83 
0 33 160 
0 40 32 
0 43 69 
0 50 146 
0 15 63 
0 29 104 
0 28 63 
0 72 119 
0 41 71 
0 19 98 
0 26 55 
0 11 43 
0 17 84 
0 49 57 
0 41 66 
0 81 37 
0 34 69 
0 36 101 
0 53 77 
0 31 137 
0 30 102 
0 3 72 
0 28 123 
0 22 139 
0 44 37 
0 23 100 
0 8 41 
0 29 74 
0 46 150 
0 37 65 
0 13 104 
0 17 50 
0 22 43 
0 15 42 
0 33 159 
0 38 106 
0 28 85 
0 51 159 
0 38 91 
0 38 69 
0 28 125 
0 27 49 
0 60 105 
0 25 76 
0 29 93 
0 17 49 
0 37 37 
0 32 47 
0 12 90 
0 10 40 
0 11 49 
0 6 134 
0 21 66 
0 11 99 
0 8 111 
0 23 53 
0 32 68 
0 55 122 
0 14 53 
0 29 72 
0 13 94 
0 38 99 
0 41 98 
0 31 99 
0 11 69 
0 22 94 
0 28 68 
0 17 113 
0 73 52 
0 41 55 
0 38 47 
0 18 132 
0 21 108 
0 13 35 
0 40 122 
0 58 106 
0 25 59 
0 20 36 
0 17 72 
0 33 100 
0 11 147 
0 3 91 
0 30 119 
0 23 67 
0 45 146 
0 32 79 
0 2 123 
0 20 105 
0 28 32 
0 19 63 
0 14 89 
0 19 33 
0 13 96 
0 32 52 
0 27 133 
0 37 49 
0 34 125 
0 49 77 
0 10 150 
0 15 77 
0 41 55 
0 45 80 
0 28 21 
0 30 43 
0 15 35 
0 8 48 
0 23 56 
0 30 104 
0 15 72 
0 30 34 
0 30 56 
0 26 44 
0 33 62 
0 18 79 
0 19 143 
0 46 82 
0 65 61 
0 40 144 
0 15 126 
0 13 67 
0 38 41 
0 11 68 
0 13 127 
0 44 136 
0 35 72 
0 14 59 
0 46 211 
0 72 100 
0 21 69 
0 29 58 
0 43 88 
0 9 104 
0 41 136 
0 15 209 
0 58 109 
0 33 107 
0 5 115 
0 12 130 
0 48 106 
0 11 77 
0 38 102 
0 8 142 
0 43 131 
0 23 106 
0 17 61 
0 42 116 
0 28 68 
0 15 59 
0 80 50 
0 15 86 
0 44 76 
0 44 77 
0 16 151 
0 91 94 
0 4 45 
0 25 38 
0 57 108 
0 17 114 
0 54 95 
0 31 50 
0 58 81 
0 41 101 
0 64 96 
0 77 98 
0 35 108 
0 4 65 
0 73 118 
0 5 86 
0 22 75 
0 25 78 
0 35 158 
0 34 146 
0 13 55 
0 29 86 
0 29 102 
0 21 61 
0 32 119 
0 28 71 
0 34 86 
0 54 84 
0 27 177 
0 25 35 
0 20 100 
0 20 208 
0 4 78 
0 41 94 
0 28 92 
0 45 87 
0 30 99 
0 33 132 
0 41 45 
0 14 151 
0 9 110 
0 32 123 
0 41 78 
0 49 86 
0 28 121 
0 16 63 
0 8 64 
0 50 84 
0 32 68 
0 23 61 
0 45 120 
0 30 174 
0 39 43 
0 64 70 
0 7 86 
0 25 81 
0 24 85 
0 10 148 
0 52 61 
0 22 50 
0 4 39 
0 27 92 
0 19 58 
0 22 106 
0 51 79 
0 17 133 
0 26 68 
0 24 61 
0 39 56 
0 8 33 
0 25 104 
0 38 66 
0 56 129 
0 18 182 
0 30 146 
0 2 96 
0 25 68 
0 24 91 
0 24 59 
0 52 61 
0 5 83 
0 47 86 
0 9 116 
0 9 58 
0 55 33 
0 23 110 
0 3 59 
0 32 83 
0 17 153 
0 34 83 
0 41 152 
0 13 82 
0 65 60 
0 15 68 
0 27 107 
0 16 88 
0 42 90 
0 15 164 
0 51 83 
0 5 57 
0 38 182 
0 15 65 
0 15 187 
0 8 49 
0 29 45 
0 4 50 
0 17 46 
0 17 120 
0 28 33 
0 21 70 
0 43 134 
0 23 32 
0 49 71 
0 29 62 
0 10 76 
0 26 102 
0 20 44 
0 22 154 
0 12 76 
0 17 51 
0 44 92 
0 20 56 
0 29 93 
0 50 44 
0 22 90 
0 13 47 
0 30 183 
0 8 112 
0 15 41 
0 21 149 
0 18 30 
0 19 112 
0 19 36 
0 31 109 
0 35 59 
0 14 64 
0 27 156 
0 24 56 
0 23 59 
0 33 54 
0 13 101 
0 33 157 
0 48 198 
0 35 110 
0 37 45 
0 9 104 
0 43 107 
0 21 155 
0 27 68 
0 26 47 
0 6 199 
0 4 93 
0 13 63 
0 29 166 
0 24 124 
0 38 38 
0 20 56 
0 17 20 
0 52 88 
0 39 71 
0 49 108 
0 25 163 
0 25 119 
0 24 60 
0 23 74 
0 32 65 
0 54 71 
0 16 61 
0 11 89 
0 35 78 
0 45 62 
0 62 94 
0 19 78 
0 22 101 
0 31 103 
0 30 94 
0 48 105 
0 37 67 
0 25 91 
0 6 29 
0 32 59 
0 32 126 
0 18 97 
0 51 122 
0 29 73 
0 24 31 
0 7 44 
0 84 58 
0 13 160 
0 63 77 
0 47 120 
0 32 55 
0 32 38 
0 1 164 
0 38 111 
0 16 55 
0 7 81 
0 16 121 
0 11 101 
0 16 121 
0 50 37 
0 26 114 
0 5 93 
0 70 191 
0 19 99 
0 26 78 
