0 191 19 
0 197 17 
0 231 18 
0 239 55 
0 193 29 
0 206 3 
0 210 19 
0 206 3 
0 187 10 
0 191 16 
0 224 18 
0 224 27 
0 212 4 
0 217 22 
0 234 16 
0 198 4 
0 242 18 
0 130 23 
0 170 26 
0 236 32 
0 207 6 
0 153 18 
0 216 29 
0 182 9 
0 248 23 
0 237 1 
0 276 9 
0 215 3 
0 182 21 
0 246 71 
0 244 20 
0 191 5 
0 237 13 
0 228 16 
0 204 17 
0 155 49 
0 192 18 
0 181 27 
0 184 21 
0 221 62 
0 254 19 
0 225 21 
0 230 9 
0 242 0 
0 220 18 
0 245 45 
0 236 12 
0 201 2 
0 208 13 
0 254 7 
0 239 13 
0 236 24 
0 314 23 
0 218 14 
0 222 18 
0 265 21 
0 219 9 
0 175 33 
0 205 26 
0 239 8 
0 240 16 
0 199 87 
0 200 26 
0 209 33 
0 215 39 
0 214 10 
0 212 0 
0 242 20 
0 208 7 
0 200 16 
0 214 0 
0 212 9 
0 232 15 
0 226 30 
0 259 48 
0 204 37 
0 246 9 
0 209 28 
0 230 33 
0 189 27 
0 182 25 
0 211 13 
0 230 32 
0 167 18 
0 186 5 
0 186 24 
0 185 20 
0 186 25 
0 254 21 
0 190 11 
0 203 54 
0 254 21 
0 213 16 
0 226 31 
0 192 14 
0 247 17 
0 200 43 
0 166 3 
0 161 9 
0 233 21 
0 179 50 
0 257 19 
0 177 8 
0 204 12 
0 195 34 
0 192 28 
0 207 4 
0 217 26 
0 224 18 
0 200 15 
0 199 39 
0 222 27 
0 229 4 
0 206 44 
0 174 15 
0 232 6 
0 255 7 
0 208 11 
0 248 15 
0 188 14 
0 204 13 
0 222 23 
0 227 19 
0 225 55 
0 157 27 
0 247 16 
0 156 20 
0 262 10 
0 277 14 
0 227 7 
0 201 53 
0 211 10 
0 252 26 
0 231 17 
0 219 35 
0 253 18 
0 203 22 
0 214 6 
0 184 30 
0 190 15 
0 211 53 
0 187 10 
0 204 4 
0 221 2 
0 178 22 
0 206 18 
0 208 45 
0 246 5 
0 235 9 
0 212 27 
0 215 5 
0 198 7 
0 212 23 
0 194 16 
0 196 20 
0 244 12 
0 205 83 
0 212 36 
0 246 30 
0 265 12 
0 203 22 
0 234 26 
0 240 7 
0 200 3 
0 223 19 
0 216 9 
0 203 26 
0 200 4 
0 275 5 
0 206 17 
0 209 10 
0 259 3 
0 197 49 
0 185 27 
0 241 2 
0 224 26 
0 173 27 
0 181 17 
0 205 15 
0 200 18 
0 206 9 
0 233 10 
0 178 9 
0 208 15 
0 168 54 
0 208 17 
0 196 3 
0 234 16 
0 232 30 
0 234 7 
0 180 35 
0 233 14 
0 240 13 
0 179 0 
0 234 7 
0 278 21 
0 267 3 
0 193 33 
0 254 16 
0 214 23 
0 190 28 
0 213 15 
0 254 24 
0 163 7 
0 270 4 
0 156 11 
0 254 39 
0 228 6 
0 182 14 
0 224 7 
0 235 22 
0 179 45 
0 184 11 
0 186 9 
0 215 10 
0 174 33 
0 228 6 
0 193 6 
0 149 8 
0 188 15 
0 201 9 
0 169 4 
0 220 3 
0 208 24 
0 273 8 
0 219 54 
0 192 12 
0 213 9 
0 174 31 
0 203 22 
0 203 25 
0 205 37 
0 213 3 
0 208 22 
0 175 35 
0 262 14 
0 248 47 
0 200 5 
0 217 5 
0 179 37 
0 214 4 
0 183 19 
0 173 24 
0 234 9 
0 234 31 
0 205 1 
0 198 19 
0 229 0 
0 239 18 
0 261 31 
0 228 15 
0 166 8 
0 228 11 
0 182 10 
0 245 16 
0 231 13 
0 231 11 
0 237 43 
0 183 8 
0 211 2 
0 215 43 
0 208 20 
0 211 18 
0 192 28 
0 234 13 
0 227 2 
0 203 8 
0 180 58 
0 226 20 
0 194 26 
0 227 18 
0 175 22 
0 213 13 
0 258 41 
0 215 17 
0 256 3 
0 288 38 
0 169 21 
0 196 113 
0 201 31 
0 162 31 
0 171 6 
0 199 12 
0 204 8 
0 214 45 
0 226 9 
0 197 15 
0 200 55 
0 220 30 
0 194 4 
0 248 2 
0 259 27 
0 237 30 
0 206 13 
0 243 11 
0 256 30 
0 204 4 
0 230 34 
0 210 24 
0 235 17 
0 243 30 
0 217 45 
0 186 81 
0 237 29 
0 257 0 
0 262 14 
0 248 31 
0 196 38 
0 218 6 
0 221 23 
0 223 4 
0 214 25 
0 196 27 
0 159 9 
0 207 9 
0 241 56 
0 222 3 
0 219 6 
0 206 12 
0 235 16 
0 220 30 
0 172 7 
0 278 2 
0 202 39 
0 186 6 
0 174 16 
0 200 3 
0 217 6 
0 215 4 
0 160 18 
0 233 9 
0 212 8 
0 234 48 
0 184 17 
0 198 23 
0 232 16 
0 192 61 
0 221 18 
0 226 27 
0 259 4 
0 248 24 
0 220 11 
0 187 12 
0 193 10 
0 199 11 
0 216 21 
0 212 23 
0 199 31 
0 205 17 
0 205 5 
0 195 8 
0 249 12 
0 203 19 
0 214 17 
0 224 0 
0 252 16 
0 180 17 
0 234 17 
0 198 0 
0 203 17 
0 207 6 
0 231 1 
0 200 3 
0 229 29 
0 235 21 
0 181 15 
0 210 40 
0 225 35 
0 221 8 
0 216 8 
0 182 46 
0 178 17 
0 129 23 
0 182 13 
0 226 5 
0 186 22 
0 224 8 
0 275 13 
0 239 4 
0 195 16 
0 322 23 
0 210 36 
0 214 32 
0 172 20 
0 233 10 
0 249 10 
0 234 10 
0 184 24 
0 227 7 
0 168 15 
0 232 10 
0 236 25 
0 168 32 
0 214 16 
0 239 12 
0 225 21 
0 215 7 
0 216 31 
0 188 14 
0 208 38 
0 255 10 
0 239 29 
0 225 12 
0 238 42 
0 208 47 
0 196 53 
0 233 16 
0 217 8 
0 225 14 
0 217 27 
0 208 19 
0 219 5 
0 202 39 
0 259 22 
0 164 18 
0 243 38 
0 245 17 
0 221 26 
0 216 8 
0 174 67 
0 191 3 
0 211 14 
0 238 55 
0 243 8 
0 196 2 
0 207 11 
0 211 33 
0 190 10 
0 198 4 
0 196 44 
0 248 7 
0 175 9 
0 216 17 
0 210 49 
0 248 12 
0 207 8 
0 191 37 
0 168 13 
0 229 22 
0 254 29 
0 130 10 
0 227 19 
0 243 17 
0 212 26 
0 228 26 
0 181 5 
0 237 4 
0 264 51 
0 165 5 
0 187 11 
0 168 2 
0 206 45 
0 248 22 
0 205 49 
0 232 18 
0 202 17 
0 227 15 
0 197 12 
0 249 38 
0 194 7 
0 204 10 
0 172 4 
0 237 7 
0 212 14 
0 223 27 
0 240 35 
0 191 71 
0 251 50 
0 211 11 
0 179 10 
0 226 13 
0 305 8 
0 254 4 
0 222 32 
0 154 76 
0 229 8 
0 184 3 
0 193 13 
0 165 15 
0 213 4 
0 183 19 
0 202 14 
0 212 13 
0 196 22 
0 216 10 
0 228 13 
0 198 43 
0 164 23 
0 174 34 
0 279 5 
0 248 46 
0 193 50 
0 257 19 
0 179 20 
0 177 9 
0 196 37 
0 179 29 
0 269 15 
0 184 8 
0 231 13 
0 255 7 
0 165 34 
0 212 29 
0 182 15 
0 227 14 
0 209 4 
0 208 8 
0 208 4 
0 259 25 
0 103 7 
0 208 10 
0 197 24 
0 222 18 
0 185 7 
0 192 17 
0 274 19 
0 186 11 
0 211 11 
0 224 7 
0 122 84 
0 207 8 
0 186 40 
0 221 13 
0 207 47 
0 235 17 
0 224 8 
0 232 29 
0 193 37 
0 205 2 
0 221 14 
0 173 24 
0 200 24 
0 219 55 
0 313 10 
0 208 36 
0 214 33 
0 173 7 
0 234 17 
0 198 17 
0 253 5 
0 173 17 
0 190 17 
0 202 8 
0 231 19 
0 228 14 
0 219 23 
0 216 3 
0 219 36 
0 254 22 
0 224 15 
0 252 13 
0 241 27 
0 224 13 
0 240 5 
0 228 36 
0 225 14 
0 223 35 
0 171 6 
0 171 82 
0 204 10 
0 202 24 
0 205 14 
0 217 28 
0 190 19 
0 218 27 
0 270 51 
0 177 18 
0 256 29 
0 248 16 
0 215 27 
0 184 24 
0 223 14 
0 236 20 
0 227 21 
0 275 11 
0 191 26 
0 231 2 
0 210 15 
0 234 28 
0 259 20 
0 190 4 
0 199 9 
0 183 22 
0 211 16 
0 212 8 
0 221 19 
0 230 13 
0 223 26 
0 191 15 
0 213 13 
0 162 10 
0 232 31 
0 203 19 
0 209 23 
0 233 26 
0 215 13 
0 193 37 
0 247 26 
0 244 45 
0 237 21 
0 228 17 
0 182 11 
0 173 19 
0 184 42 
0 220 4 
0 206 16 
0 193 12 
0 221 38 
0 203 33 
0 202 15 
0 268 8 
0 252 2 
0 196 13 
0 188 14 
0 219 12 
0 184 15 
0 229 22 
0 230 15 
0 240 14 
0 193 4 
0 204 15 
0 215 31 
0 202 21 
0 171 44 
0 192 22 
0 252 12 
0 240 10 
0 163 28 
0 214 5 
0 218 5 
0 209 45 
0 199 15 
0 219 2 
0 178 26 
0 199 38 
0 206 9 
0 236 31 
0 226 57 
0 249 5 
0 194 13 
0 150 13 
0 195 26 
0 199 16 
0 223 27 
0 268 11 
0 264 5 
0 224 9 
0 215 7 
0 240 22 
0 196 33 
0 189 15 
0 145 9 
0 153 2 
0 209 18 
0 169 57 
0 212 9 
0 233 35 
0 235 6 
0 226 52 
0 223 48 
0 178 15 
0 218 13 
0 256 4 
0 250 19 
0 246 15 
0 172 5 
0 233 43 
0 260 39 
0 239 9 
0 193 17 
0 186 16 
0 185 17 
0 252 3 
0 199 13 
0 215 11 
0 193 1 
0 220 19 
0 237 56 
0 222 32 
0 205 42 
0 204 13 
0 212 11 
0 171 16 
0 211 23 
0 240 8 
0 203 5 
0 226 6 
0 212 63 
0 200 24 
0 218 8 
0 181 18 
0 203 27 
0 195 9 
0 199 21 
0 216 41 
0 202 27 
0 224 15 
0 217 15 
0 274 26 
0 176 20 
0 186 13 
0 222 31 
0 215 13 
0 236 42 
0 179 14 
0 199 4 
0 146 49 
0 192 2 
0 225 9 
0 180 16 
0 243 17 
0 241 10 
0 201 22 
0 201 22 
0 196 8 
0 158 54 
0 241 9 
0 249 18 
0 246 3 
0 223 14 
0 180 2 
0 187 22 
0 209 13 
0 209 5 
0 188 35 
0 240 32 
0 202 16 
0 203 27 
0 229 6 
0 263 8 
0 243 14 
0 216 15 
0 169 41 
0 198 40 
0 234 4 
0 228 21 
0 241 0 
0 208 7 
0 196 8 
0 225 23 
0 265 35 
0 227 23 
0 230 13 
0 192 9 
0 241 14 
0 240 11 
0 214 7 
0 211 30 
0 253 3 
0 150 32 
0 201 27 
0 199 14 
0 223 3 
0 215 10 
0 217 72 
0 168 91 
0 227 24 
0 211 1 
0 212 4 
0 208 38 
0 219 23 
0 224 27 
0 227 54 
0 171 7 
0 158 1 
0 186 29 
0 200 45 
0 178 25 
0 209 26 
0 250 4 
0 227 0 
0 216 44 
0 192 29 
0 217 12 
0 240 13 
0 187 27 
0 258 9 
0 172 39 
0 205 8 
0 192 38 
0 217 24 
0 247 6 
0 227 17 
0 177 7 
0 240 3 
0 250 22 
0 185 54 
0 220 27 
0 233 20 
0 260 20 
0 163 10 
0 257 18 
0 232 5 
0 228 31 
0 222 11 
0 153 30 
0 193 34 
0 214 81 
0 239 20 
0 236 16 
0 234 13 
0 198 25 
0 191 22 
0 244 8 
0 177 15 
0 223 5 
0 210 11 
0 236 21 
0 185 21 
0 184 0 
0 194 43 
0 221 8 
0 211 9 
0 273 23 
0 291 16 
0 309 5 
0 146 32 
0 230 2 
0 219 14 
0 246 24 
0 244 2 
0 186 5 
0 211 56 
0 161 22 
0 238 4 
0 222 18 
0 249 52 
0 182 0 
0 229 25 
0 187 12 
0 164 22 
0 257 5 
0 208 22 
0 188 12 
0 191 32 
0 219 18 
0 196 24 
0 124 33 
0 214 14 
0 210 12 
0 180 26 
0 260 11 
0 187 53 
0 240 9 
0 225 30 
0 204 37 
0 176 25 
0 186 9 
0 260 1 
0 190 48 
0 252 9 
0 238 0 
0 242 11 
0 172 12 
0 229 13 
0 211 23 
0 205 58 
0 239 11 
0 204 16 
0 199 10 
0 241 18 
0 142 21 
0 178 27 
0 172 6 
0 216 3 
0 209 40 
0 234 10 
0 267 10 
0 191 22 
0 167 8 
0 217 4 
0 249 2 
0 224 11 
0 235 4 
0 184 22 
0 190 7 
0 208 8 
0 174 17 
0 244 32 
0 220 21 
0 206 39 
0 250 59 
0 203 1 
0 237 27 
0 192 18 
0 238 10 
0 212 10 
0 230 34 
0 215 26 
0 222 16 
0 200 19 
0 215 31 
0 231 22 
0 245 4 
0 242 16 
0 209 8 
0 255 10 
0 215 14 
0 183 21 
0 191 2 
0 202 17 
0 210 6 
0 228 8 
0 224 26 
0 233 8 
0 198 57 
0 234 11 
0 162 25 
0 240 12 
0 183 12 
0 194 13 
0 171 50 
0 170 54 
0 273 14 
0 178 41 
0 215 14 
0 241 31 
0 244 8 
0 231 19 
0 253 18 
0 225 38 
0 162 37 
0 201 21 
0 219 22 
0 270 19 
0 184 49 
0 188 27 
0 205 18 
0 280 18 
0 224 6 
0 224 6 
0 244 32 
0 215 28 
0 242 68 
0 217 10 
0 254 21 
0 200 31 
0 250 11 
0 247 32 
0 229 26 
0 188 32 
0 186 10 
0 187 46 
0 213 30 
0 197 26 
0 199 4 
0 210 15 
0 261 7 
0 187 6 
0 216 25 
0 204 7 
0 227 10 
0 262 3 
0 207 15 
0 212 23 
0 228 32 
0 299 15 
0 238 26 
0 229 32 
0 225 33 
0 219 7 
0 189 16 
0 203 9 
0 188 17 
0 219 30 
0 178 46 
0 167 24 
0 203 5 
0 243 10 
0 246 10 
0 235 8 
0 237 5 
0 216 18 
0 275 10 
0 247 16 
0 182 7 
0 200 19 
0 232 33 
0 220 15 
0 163 14 
0 216 25 
0 213 6 
0 183 20 
0 237 44 
0 199 3 
0 208 11 
0 177 33 
0 178 10 
0 195 4 
0 236 12 
0 209 12 
0 233 3 
0 263 15 
0 262 20 
0 218 10 
0 231 24 
0 242 16 
0 173 15 
0 212 58 
0 240 32 
