0 100 53 
0 149 67 
0 141 92 
0 145 26 
0 91 1 
0 117 28 
0 118 15 
0 95 42 
0 88 43 
0 127 4 
0 99 15 
0 111 9 
0 122 11 
0 100 43 
0 96 88 
0 170 87 
0 81 22 
0 69 25 
0 154 32 
0 74 101 
0 122 29 
0 82 20 
0 153 20 
0 149 39 
0 96 65 
0 133 17 
0 123 27 
0 70 61 
0 125 89 
0 140 37 
0 152 31 
0 113 19 
0 101 27 
0 95 56 
0 102 67 
0 145 13 
0 87 14 
0 128 11 
0 138 14 
0 135 31 
0 139 32 
0 73 41 
0 146 15 
0 113 61 
0 137 4 
0 105 27 
0 112 30 
0 111 72 
0 158 26 
0 163 17 
0 73 25 
0 135 13 
0 100 1 
0 53 40 
0 127 10 
0 96 15 
0 82 37 
0 93 16 
0 146 66 
0 101 55 
0 218 51 
0 95 17 
0 121 53 
0 131 47 
0 158 48 
0 68 8 
0 120 29 
0 140 33 
0 135 19 
0 155 71 
0 120 63 
0 114 22 
0 172 72 
0 105 24 
0 95 33 
0 106 19 
0 88 50 
0 100 36 
0 164 14 
0 106 48 
0 91 23 
0 103 30 
0 103 79 
0 87 45 
0 95 37 
0 113 18 
0 160 69 
0 97 15 
0 100 69 
0 162 43 
0 84 18 
0 110 27 
0 93 22 
0 143 14 
0 114 44 
0 98 76 
0 46 20 
0 106 28 
0 113 69 
0 49 7 
0 90 45 
0 153 12 
0 119 20 
0 110 69 
0 133 15 
0 111 14 
0 91 23 
0 105 36 
0 114 65 
0 109 31 
0 159 21 
0 145 32 
0 111 140 
0 114 110 
0 112 12 
0 97 21 
0 103 40 
0 161 13 
0 121 49 
0 156 4 
0 66 37 
0 111 12 
0 85 44 
0 78 30 
0 130 34 
0 145 17 
0 94 59 
0 132 74 
0 136 25 
0 105 31 
0 116 81 
0 113 14 
0 103 111 
0 106 25 
0 74 31 
0 146 90 
0 181 45 
0 114 37 
0 86 8 
0 161 45 
0 129 23 
0 53 18 
0 157 30 
0 82 94 
0 80 77 
0 179 46 
0 154 24 
0 121 37 
0 120 34 
0 75 17 
0 63 15 
0 116 11 
0 170 12 
0 128 39 
0 98 14 
0 101 44 
0 63 33 
0 180 38 
0 101 70 
0 107 76 
0 91 43 
0 151 27 
0 122 83 
0 62 104 
0 55 57 
0 98 53 
0 111 41 
0 119 38 
0 115 38 
0 144 21 
0 146 16 
0 103 29 
0 142 45 
0 152 65 
0 130 27 
0 170 4 
0 140 32 
0 114 76 
0 100 10 
0 92 22 
0 135 29 
0 94 17 
0 95 48 
0 88 46 
0 133 7 
0 98 24 
0 197 19 
0 144 50 
0 119 42 
0 131 31 
0 88 130 
0 125 17 
0 97 10 
0 119 28 
0 107 30 
0 172 31 
0 122 27 
0 137 11 
0 64 4 
0 88 41 
0 106 141 
0 134 36 
0 103 30 
0 155 31 
0 138 32 
0 82 34 
0 113 34 
0 124 10 
0 117 57 
0 107 24 
0 151 17 
0 99 82 
0 108 45 
0 145 27 
0 126 24 
0 132 76 
0 92 9 
0 75 44 
0 133 15 
0 122 0 
0 95 20 
0 95 48 
0 85 10 
0 91 24 
0 121 10 
0 141 99 
0 96 50 
0 101 42 
0 130 84 
0 118 56 
0 85 51 
0 68 135 
0 85 54 
0 99 32 
0 103 25 
0 92 27 
0 112 33 
0 138 34 
0 66 82 
0 85 44 
0 111 55 
0 101 91 
0 123 39 
0 58 70 
0 91 29 
0 152 27 
0 86 51 
0 114 16 
0 141 37 
0 150 19 
0 87 22 
0 99 30 
0 149 24 
0 76 10 
0 113 54 
0 72 32 
0 133 74 
0 134 95 
0 95 31 
0 110 88 
0 108 10 
0 104 39 
0 159 40 
0 158 34 
0 195 93 
0 123 66 
0 91 31 
0 71 69 
0 92 88 
0 157 27 
0 89 17 
0 81 17 
0 99 34 
0 113 60 
0 87 106 
0 121 54 
0 117 38 
0 74 24 
0 119 31 
0 90 79 
0 167 44 
0 126 29 
0 157 74 
0 152 13 
0 117 46 
0 133 34 
0 66 24 
0 107 122 
0 162 31 
0 114 12 
0 174 60 
0 104 54 
0 138 25 
0 98 11 
0 80 41 
0 113 36 
0 90 57 
0 70 20 
0 95 26 
0 102 21 
0 152 66 
0 71 59 
0 123 22 
0 92 38 
0 97 71 
0 121 16 
0 200 21 
0 157 29 
0 102 18 
0 89 20 
0 111 43 
0 87 15 
0 78 96 
0 162 23 
0 98 36 
0 120 2 
0 141 41 
0 110 52 
0 122 15 
0 142 25 
0 114 22 
0 124 31 
0 162 33 
0 114 27 
0 138 19 
0 106 1 
0 63 41 
0 50 53 
0 78 34 
0 77 55 
0 101 14 
0 151 41 
0 120 3 
0 122 47 
0 100 68 
0 126 4 
0 130 27 
0 122 70 
0 123 49 
0 86 30 
0 147 30 
0 118 3 
0 103 18 
0 138 77 
0 130 33 
0 93 48 
0 89 23 
0 120 19 
0 106 20 
0 137 65 
0 153 27 
0 101 27 
0 100 38 
0 152 31 
0 116 43 
0 114 36 
0 133 68 
0 99 29 
0 121 17 
0 53 31 
0 126 44 
0 100 1 
0 104 61 
0 73 18 
0 68 25 
0 97 67 
0 119 33 
0 120 31 
0 115 26 
0 65 54 
0 178 55 
0 107 55 
0 117 25 
0 146 26 
0 122 33 
0 108 72 
0 72 53 
0 118 56 
0 148 35 
0 48 67 
0 106 69 
0 100 31 
0 129 25 
0 79 43 
0 71 62 
0 136 86 
0 89 64 
0 141 14 
0 85 3 
0 96 21 
0 74 32 
0 99 42 
0 146 47 
0 135 23 
0 96 15 
0 107 6 
0 110 30 
0 131 11 
0 124 25 
0 108 25 
0 149 7 
0 144 30 
0 64 75 
0 90 12 
0 120 22 
0 75 41 
0 168 12 
0 81 17 
0 96 36 
0 107 59 
0 79 23 
0 173 65 
0 181 18 
0 121 19 
0 92 6 
0 128 42 
0 137 19 
0 92 51 
0 116 53 
0 163 27 
0 139 46 
0 115 27 
0 171 36 
0 105 54 
0 58 44 
0 107 43 
0 171 31 
0 103 34 
0 165 54 
0 108 30 
0 87 27 
0 112 22 
0 150 81 
0 90 23 
0 88 17 
0 80 12 
0 123 120 
0 138 93 
0 168 50 
0 99 75 
0 140 44 
0 146 29 
0 100 40 
0 102 19 
0 94 96 
0 149 43 
0 98 22 
0 122 68 
0 150 15 
0 144 30 
0 75 27 
0 135 24 
0 151 27 
0 84 50 
0 83 38 
0 74 23 
0 89 88 
0 89 105 
0 146 30 
0 86 20 
0 93 79 
0 57 44 
0 110 38 
0 70 3 
0 127 69 
0 110 54 
0 92 18 
0 127 8 
0 119 39 
0 90 32 
0 96 18 
0 91 16 
0 139 44 
0 125 23 
0 84 51 
0 185 43 
0 101 9 
0 105 22 
0 116 8 
0 102 28 
0 115 66 
0 114 33 
0 130 62 
0 130 152 
0 136 32 
0 129 48 
0 131 31 
0 97 30 
0 116 13 
0 118 45 
0 170 51 
0 116 24 
0 126 20 
0 114 117 
0 89 7 
0 151 9 
0 92 44 
0 79 7 
0 152 18 
0 126 47 
0 127 17 
0 139 37 
0 60 54 
0 180 27 
0 145 18 
0 134 42 
0 145 6 
0 128 39 
0 77 38 
0 130 44 
0 189 50 
0 129 22 
0 155 6 
0 108 13 
0 133 39 
0 85 67 
0 58 55 
0 130 48 
0 72 33 
0 143 39 
0 100 113 
0 100 41 
0 117 47 
0 118 47 
0 90 61 
0 174 40 
0 202 19 
0 117 60 
0 112 61 
0 129 8 
0 107 52 
0 164 23 
0 67 83 
0 115 14 
0 175 0 
0 97 14 
0 171 40 
0 158 59 
0 154 32 
0 145 15 
0 128 18 
0 72 45 
0 153 21 
0 102 30 
0 158 43 
0 91 26 
0 87 46 
0 160 31 
0 128 42 
0 103 73 
0 107 4 
0 66 25 
0 169 60 
0 111 21 
0 130 16 
0 156 98 
0 130 34 
0 71 55 
0 116 63 
0 151 26 
0 120 54 
0 95 23 
0 135 17 
0 99 10 
0 81 46 
0 93 31 
0 61 18 
0 156 36 
0 104 49 
0 95 12 
0 164 23 
0 136 45 
0 102 45 
0 103 58 
0 100 12 
0 91 25 
0 142 46 
0 93 26 
0 116 36 
0 103 29 
0 110 66 
0 100 15 
0 117 17 
0 143 51 
0 57 22 
0 110 14 
0 159 40 
0 194 26 
0 115 24 
0 142 36 
0 82 17 
0 100 44 
0 132 35 
0 92 26 
0 167 49 
0 105 76 
0 75 26 
0 67 83 
0 117 46 
0 198 48 
0 145 32 
0 91 55 
0 113 67 
0 121 54 
0 143 41 
0 144 33 
0 167 29 
0 93 48 
0 66 20 
0 139 23 
0 167 27 
0 120 41 
0 77 23 
0 100 49 
0 120 61 
0 137 7 
0 96 44 
0 124 38 
0 94 54 
0 101 54 
0 99 19 
0 85 25 
0 68 35 
0 106 25 
0 114 48 
0 137 58 
0 110 22 
0 119 25 
0 156 23 
0 126 14 
0 111 19 
0 112 19 
0 99 6 
0 114 31 
0 50 4 
0 135 37 
0 99 46 
0 142 26 
0 120 55 
0 106 22 
0 122 43 
0 63 47 
0 160 17 
0 115 9 
0 124 8 
0 121 6 
0 93 27 
0 165 40 
0 68 19 
0 86 18 
0 83 35 
0 110 40 
0 104 26 
0 66 80 
0 173 7 
0 127 24 
0 116 16 
0 96 28 
0 73 37 
0 81 9 
0 98 17 
0 141 32 
0 126 86 
0 155 39 
0 104 17 
0 116 9 
0 125 53 
0 149 36 
0 99 22 
0 192 52 
0 91 120 
0 86 34 
0 186 48 
0 124 48 
0 73 31 
0 155 24 
0 92 8 
0 153 40 
0 124 23 
0 145 3 
0 121 57 
0 131 37 
0 114 9 
0 143 8 
0 102 96 
0 112 46 
0 93 122 
0 115 31 
0 74 44 
0 113 101 
0 84 1 
0 109 85 
0 204 18 
0 143 13 
0 79 15 
0 85 55 
0 100 51 
0 164 74 
0 134 32 
0 78 35 
0 67 16 
0 165 19 
0 107 26 
0 111 29 
0 118 61 
0 101 37 
0 157 101 
0 100 21 
0 85 13 
0 106 59 
0 88 9 
0 88 15 
0 122 25 
0 150 53 
0 183 27 
0 131 53 
0 203 27 
0 113 33 
0 110 40 
0 152 35 
0 135 79 
0 122 31 
0 137 50 
0 68 19 
0 139 65 
0 106 57 
0 130 51 
0 78 30 
0 154 18 
0 76 19 
0 110 34 
0 69 84 
0 113 25 
0 101 45 
0 106 16 
0 95 53 
0 118 9 
0 201 18 
0 159 35 
0 113 10 
0 117 16 
0 151 63 
0 185 30 
0 128 15 
0 78 43 
0 94 107 
0 127 27 
0 99 70 
0 52 48 
0 138 59 
0 75 70 
0 175 27 
0 111 81 
0 121 18 
0 120 29 
0 90 9 
0 107 20 
0 93 57 
0 131 6 
0 190 51 
0 87 22 
0 129 14 
0 110 40 
0 94 28 
0 107 41 
0 120 8 
0 106 38 
0 136 62 
0 68 38 
0 109 40 
0 108 9 
0 129 92 
0 156 53 
0 64 50 
0 73 48 
0 98 30 
0 129 53 
0 95 35 
0 134 19 
0 121 15 
0 75 8 
0 184 18 
0 104 14 
0 116 90 
0 77 82 
0 75 80 
0 105 49 
0 73 61 
0 189 35 
0 83 57 
0 70 6 
0 86 9 
0 112 21 
0 121 59 
0 155 40 
0 62 136 
0 140 26 
0 150 17 
0 161 43 
0 142 41 
0 138 10 
0 141 48 
0 138 20 
0 88 3 
0 98 78 
0 180 7 
0 137 18 
0 133 22 
0 142 57 
0 84 27 
0 116 28 
0 95 24 
0 169 65 
0 86 31 
0 130 31 
0 125 100 
0 117 38 
0 106 75 
0 107 228 
0 127 34 
0 103 20 
0 108 17 
0 158 12 
0 111 37 
0 109 83 
0 159 17 
0 117 16 
0 90 110 
0 79 7 
0 130 22 
0 112 60 
0 128 25 
0 99 92 
0 96 23 
0 100 35 
0 110 29 
0 115 46 
0 146 16 
0 135 34 
0 101 27 
0 91 89 
0 111 42 
0 69 33 
0 87 25 
0 161 45 
0 169 87 
0 102 32 
0 129 51 
0 92 7 
0 154 98 
0 122 18 
0 91 99 
0 101 24 
0 123 19 
0 151 23 
0 134 54 
0 94 21 
0 116 75 
0 118 17 
0 152 48 
0 146 15 
0 70 1 
0 65 11 
0 126 19 
0 73 100 
0 76 89 
0 119 40 
0 153 28 
0 183 37 
0 125 66 
0 164 32 
0 179 15 
0 114 32 
0 77 81 
0 98 80 
0 111 38 
0 100 42 
0 81 41 
0 114 118 
0 97 71 
0 57 34 
0 127 24 
0 113 42 
0 116 104 
0 111 48 
0 67 27 
0 144 9 
0 119 20 
0 97 23 
0 109 144 
0 57 38 
0 79 40 
0 87 31 
0 113 79 
0 122 40 
0 115 20 
0 149 14 
0 146 26 
0 97 12 
0 108 43 
0 67 164 
0 158 9 
0 108 98 
0 153 66 
0 91 150 
0 134 18 
0 98 40 
0 157 9 
0 130 20 
0 107 90 
0 82 20 
0 62 39 
0 128 56 
0 110 26 
0 119 71 
0 107 15 
0 118 31 
0 72 39 
0 45 22 
0 89 33 
0 127 34 
0 115 14 
0 131 21 
0 79 56 
0 194 37 
0 95 21 
0 123 16 
0 135 20 
0 134 22 
0 77 50 
0 118 16 
0 113 35 
0 113 14 
0 112 27 
0 92 150 
0 100 11 
0 91 55 
0 165 10 
0 120 29 
0 132 2 
0 86 68 
0 74 29 
0 113 29 
0 132 23 
0 139 94 
0 123 24 
0 183 76 
0 104 29 
0 156 23 
0 164 3 
0 73 55 
0 116 44 
0 91 26 
0 114 50 
0 99 5 
0 91 35 
0 99 17 
0 74 19 
0 112 23 
0 137 45 
0 90 50 
0 136 75 
0 85 4 
0 106 19 
0 135 44 
0 148 26 
0 101 39 
0 102 17 
0 117 19 
0 117 19 
0 111 30 
0 142 45 
0 98 47 
0 134 48 
0 144 38 
0 107 44 
0 108 27 
0 156 20 
0 137 50 
0 100 38 
0 161 129 
0 74 23 
0 135 77 
0 89 48 
0 196 63 
0 85 14 
0 97 63 
0 157 18 
0 115 51 
0 123 13 
0 82 9 
0 208 63 
0 110 57 
0 109 26 
0 158 31 
0 123 8 
0 125 19 
0 166 50 
0 98 8 
0 120 46 
