2 47 268 28 0 
3 96 55 48 2 
0 12 92 43 70 
4 61 105 117 0 
3 137 266 34 0 
22 46 362 96 5 
5 34 144 57 0 
2 49 197 71 0 
0 17 207 56 0 
8 49 197 71 0 
0 128 184 85 0 
25 109 87 48 0 
17 59 224 41 0 
2 63 191 55 8 
13 166 104 32 16 
4 73 60 47 0 
12 55 133 99 0 
1 25 112 153 1 
17 28 117 128 0 
4 24 219 144 12 
11 73 217 83 0 
3 44 251 97 0 
49 143 148 39 32 
16 103 180 50 0 
10 175 125 28 1 
5 68 224 39 19 
3 33 71 155 0 
17 99 97 79 22 
3 53 252 96 12 
16 24 128 25 0 
30 20 75 62 0 
9 47 155 7 0 
11 63 124 33 0 
11 141 164 83 0 
2 8 203 50 0 
16 81 136 71 8 
11 59 138 30 0 
14 68 198 103 0 
2 51 264 30 0 
7 86 205 52 22 
17 94 159 122 0 
0 38 160 100 0 
9 44 229 31 17 
0 197 190 55 1 
5 60 120 8 0 
32 51 101 125 6 
51 59 278 27 4 
10 56 116 11 1 
8 85 155 99 0 
16 89 289 58 0 
13 110 71 63 0 
27 75 116 139 0 
7 18 189 70 0 
6 38 201 71 0 
4 37 153 94 0 
14 134 220 23 14 
24 59 195 26 8 
18 67 281 125 0 
3 87 210 34 0 
16 112 86 126 3 
23 28 95 105 0 
10 18 116 37 1 
0 71 149 77 0 
9 43 218 52 1 
1 44 79 147 0 
5 134 202 6 0 
1 80 168 142 5 
10 43 206 95 0 
6 119 307 109 3 
1 29 271 38 1 
7 61 167 27 16 
0 95 315 109 0 
4 15 129 90 0 
0 31 357 56 0 
10 62 133 23 0 
7 124 89 170 14 
2 81 160 57 0 
2 20 112 82 5 
1 360 182 5 0 
6 73 82 101 10 
4 47 302 50 0 
8 62 193 84 0 
6 35 219 116 0 
3 51 115 13 0 
3 64 159 55 24 
2 69 150 69 6 
11 38 142 83 0 
8 44 395 69 0 
12 71 79 54 11 
5 137 196 129 0 
1 64 98 41 0 
5 88 303 31 36 
8 115 195 176 0 
6 54 79 200 0 
4 51 222 57 0 
34 55 91 75 2 
21 104 158 26 23 
1 166 65 75 0 
0 67 284 208 0 
6 45 105 26 0 
0 68 183 58 16 
3 8 71 118 3 
6 92 240 209 0 
9 104 180 106 0 
0 38 101 18 0 
0 85 155 38 0 
5 106 218 24 1 
7 89 130 65 24 
1 22 190 91 8 
7 45 121 58 0 
6 147 199 31 7 
0 43 209 55 1 
21 44 136 50 0 
2 162 94 37 0 
0 35 161 114 0 
2 103 114 40 0 
6 50 139 94 0 
26 32 286 111 0 
9 54 161 54 0 
1 85 148 13 2 
7 116 100 26 3 
1 162 139 73 0 
10 73 161 93 1 
15 51 282 68 5 
19 19 232 96 0 
16 79 159 122 0 
8 53 90 112 0 
1 32 154 61 0 
5 49 198 58 0 
12 138 179 21 0 
7 6 177 86 0 
6 68 230 25 0 
1 65 118 148 0 
10 35 229 60 0 
2 154 164 49 7 
3 76 321 41 0 
9 101 164 99 0 
6 148 180 60 3 
4 34 136 161 1 
5 53 208 173 0 
11 62 153 67 0 
19 41 106 97 0 
0 46 126 53 3 
12 22 196 19 0 
8 32 191 33 0 
0 132 101 56 0 
4 35 211 34 0 
6 161 191 54 0 
21 108 237 64 28 
32 29 228 76 0 
5 37 89 49 0 
1 68 130 117 35 
0 35 80 46 0 
3 9 95 106 1 
7 93 240 51 0 
8 61 191 77 7 
3 55 141 77 0 
37 99 80 31 21 
14 37 339 16 24 
1 69 166 37 0 
0 13 64 64 17 
10 88 172 148 2 
9 24 91 100 0 
0 48 220 73 3 
9 43 190 108 1 
14 74 172 40 41 
1 22 148 148 2 
2 113 114 19 27 
7 171 119 80 18 
25 128 138 17 0 
3 90 166 15 48 
0 68 126 43 0 
4 92 176 103 3 
35 62 180 75 5 
5 107 119 73 11 
8 75 188 157 0 
5 38 180 47 3 
9 71 164 9 0 
6 66 150 47 0 
0 61 141 59 0 
10 74 201 156 0 
8 64 270 36 0 
0 75 180 87 0 
4 61 54 29 0 
8 76 91 80 0 
16 151 194 26 1 
17 79 203 102 9 
1 17 253 38 0 
12 11 217 30 0 
32 61 77 53 14 
9 59 74 86 61 
1 24 88 86 11 
9 69 151 30 0 
23 31 153 16 0 
5 58 124 6 1 
20 59 261 51 0 
51 92 91 75 1 
0 148 199 53 0 
10 154 201 73 0 
4 99 342 53 0 
9 112 152 96 0 
10 71 80 70 0 
3 51 248 12 0 
9 75 54 246 0 
16 65 197 50 0 
23 52 100 85 0 
6 71 187 106 3 
37 81 88 29 0 
8 31 420 143 0 
19 83 49 76 0 
2 30 168 42 0 
14 62 189 26 1 
1 135 241 52 0 
24 28 321 35 0 
7 68 121 81 0 
0 61 127 167 1 
2 119 170 47 0 
12 93 112 44 0 
20 49 177 143 0 
12 104 259 29 0 
0 84 196 7 2 
4 51 126 121 0 
13 62 215 35 0 
3 27 156 92 0 
2 87 204 96 5 
1 53 157 84 40 
6 64 222 46 0 
1 99 335 27 1 
17 72 326 52 0 
9 27 248 107 1 
5 38 260 128 0 
0 67 137 79 32 
6 26 145 62 0 
4 74 137 133 1 
23 113 166 104 0 
13 61 132 124 0 
1 118 229 111 0 
30 99 224 36 1 
19 8 65 90 0 
30 83 110 56 38 
6 25 152 35 0 
0 67 351 112 0 
3 235 127 58 0 
14 23 254 122 6 
19 99 118 27 5 
2 119 86 54 0 
5 27 135 32 0 
0 114 195 91 0 
13 111 200 83 25 
9 29 230 23 0 
7 35 117 67 0 
7 115 145 36 1 
3 43 194 27 0 
1 57 215 28 6 
2 38 119 114 0 
35 108 101 107 19 
4 20 236 65 15 
14 82 135 73 0 
4 35 189 82 0 
7 56 196 45 0 
6 65 230 56 13 
12 47 197 78 1 
8 80 262 82 7 
1 61 210 60 0 
5 55 172 57 29 
19 57 200 6 0 
14 4 149 143 8 
5 134 315 86 0 
17 56 140 15 38 
3 202 70 54 0 
6 46 292 92 0 
11 113 161 34 0 
19 30 180 101 22 
16 40 49 48 7 
16 137 232 73 5 
7 9 110 47 0 
0 34 153 33 15 
6 13 173 32 0 
9 112 163 53 17 
10 145 155 95 1 
1 36 132 70 4 
7 118 49 30 1 
13 96 134 81 1 
2 24 128 15 2 
21 42 306 28 0 
4 46 132 79 17 
9 85 192 29 11 
17 34 157 27 1 
0 95 92 133 0 
4 137 185 46 0 
14 66 39 80 0 
14 56 75 82 9 
3 169 189 35 0 
2 32 194 60 0 
2 119 131 79 0 
8 31 103 71 0 
10 53 287 40 0 
24 100 143 139 0 
7 86 189 50 0 
8 54 130 15 1 
1 64 73 178 0 
7 39 195 179 0 
6 94 187 53 1 
27 105 134 44 0 
3 38 257 28 0 
4 39 219 52 0 
28 31 156 20 0 
8 93 252 41 0 
26 71 150 28 0 
3 142 245 67 1 
2 32 193 50 0 
15 59 196 97 0 
8 45 144 99 1 
1 153 164 32 9 
0 79 287 113 0 
0 61 123 48 0 
30 41 328 171 0 
4 104 223 8 0 
1 74 114 68 0 
1 12 302 68 0 
0 32 165 177 1 
1 38 47 202 1 
4 43 216 25 20 
6 25 81 152 0 
25 92 145 65 0 
29 42 92 73 0 
0 37 185 76 0 
0 157 119 123 0 
12 70 143 71 0 
4 41 129 50 3 
8 46 67 60 5 
3 92 178 93 0 
3 103 306 24 0 
19 82 235 46 19 
5 24 84 83 0 
15 121 122 28 18 
6 92 183 176 1 
9 163 87 53 0 
19 21 141 43 5 
26 116 163 75 0 
26 26 209 132 0 
5 42 140 92 0 
2 25 274 39 0 
4 66 246 26 1 
2 83 222 26 0 
7 50 143 98 0 
5 54 256 90 0 
1 28 217 68 6 
43 42 102 38 0 
15 55 116 59 0 
1 84 124 21 0 
9 75 90 19 0 
9 40 109 38 0 
6 70 285 93 0 
14 51 138 16 0 
21 57 280 87 0 
10 30 267 83 0 
6 77 145 59 0 
1 32 193 90 10 
4 88 136 137 0 
20 88 108 119 0 
1 37 156 83 0 
3 86 227 72 0 
4 85 134 35 9 
0 36 139 85 0 
11 54 101 27 2 
9 13 261 89 0 
1 65 285 87 0 
21 64 131 47 0 
3 38 177 83 0 
17 88 162 101 3 
1 69 88 122 0 
4 31 147 63 0 
7 32 183 117 5 
7 63 222 81 0 
7 147 206 44 1 
16 107 278 124 0 
28 56 172 92 0 
10 52 238 7 0 
3 33 318 59 0 
12 33 184 77 5 
33 14 119 63 0 
4 81 109 85 0 
14 20 209 131 0 
5 53 133 79 0 
21 60 222 159 0 
10 52 173 72 0 
4 52 211 116 0 
7 101 307 43 25 
18 85 82 117 0 
17 109 240 93 0 
4 79 234 101 0 
6 45 296 111 1 
3 68 150 72 0 
2 69 94 117 4 
6 119 137 92 0 
19 57 113 18 0 
4 82 99 26 1 
6 60 157 127 0 
7 54 220 81 94 
4 29 219 53 0 
9 39 119 100 0 
3 50 250 48 1 
25 97 169 147 0 
25 9 133 66 7 
13 136 118 89 12 
27 50 123 102 0 
1 52 99 30 0 
1 53 208 76 0 
16 71 232 35 0 
19 159 98 51 23 
8 58 236 41 0 
7 79 188 133 0 
10 175 209 17 1 
6 64 260 63 0 
1 78 183 104 1 
35 86 74 34 0 
8 64 196 106 0 
25 40 259 35 0 
3 57 224 121 0 
29 47 337 191 0 
1 83 84 15 0 
8 43 115 22 0 
19 20 163 91 0 
4 71 309 109 69 
9 63 94 183 0 
49 72 158 10 0 
6 113 175 36 0 
5 59 167 37 0 
10 65 206 164 0 
11 176 90 63 23 
21 28 122 38 0 
0 141 143 53 7 
19 43 332 38 9 
16 86 156 63 32 
5 63 373 37 0 
0 121 108 20 0 
3 37 211 26 6 
8 55 195 66 0 
7 105 177 85 1 
9 46 93 28 0 
6 57 197 68 1 
5 189 94 74 0 
10 61 175 146 0 
2 83 99 57 0 
2 119 150 45 30 
12 116 191 12 0 
2 230 207 31 0 
6 60 110 104 0 
6 25 214 117 29 
16 53 120 35 0 
12 142 78 11 0 
7 97 131 130 0 
7 32 214 92 1 
7 45 182 35 1 
35 49 125 73 1 
23 145 106 78 0 
11 73 60 51 0 
36 101 146 75 0 
6 114 146 71 0 
10 60 182 2 0 
6 34 132 10 0 
12 79 143 70 27 
0 59 175 33 0 
12 88 266 3 0 
4 196 205 83 0 
10 14 204 28 0 
20 122 281 3 7 
18 61 157 131 0 
1 127 145 23 0 
10 91 102 16 31 
0 46 402 43 0 
2 167 183 104 0 
2 72 222 46 0 
11 31 154 18 0 
9 46 198 98 0 
6 117 108 38 6 
2 70 217 122 0 
40 72 170 97 2 
12 42 187 76 0 
12 121 136 30 3 
10 49 153 35 36 
7 52 132 77 0 
25 96 142 74 1 
9 26 231 18 0 
0 18 341 10 0 
1 103 200 78 3 
8 30 177 41 44 
3 36 161 111 0 
19 68 107 75 31 
5 48 98 72 0 
1 32 115 49 15 
12 52 225 47 1 
6 112 189 39 0 
12 27 207 86 0 
17 35 249 124 0 
4 48 192 9 0 
15 65 258 44 1 
12 31 209 83 0 
5 40 230 32 3 
2 95 179 82 0 
2 64 201 74 13 
9 166 125 52 0 
24 32 242 18 0 
9 12 241 30 10 
2 93 123 68 0 
4 78 136 82 24 
13 47 199 13 0 
1 61 170 85 0 
11 23 165 121 0 
3 8 253 129 0 
8 63 195 60 0 
52 112 72 138 0 
2 28 150 64 0 
9 158 291 15 12 
9 39 205 73 0 
5 38 248 168 0 
1 58 181 105 0 
3 92 122 87 0 
10 53 128 35 0 
20 61 250 56 0 
12 100 48 137 11 
2 64 173 128 4 
0 42 324 72 0 
1 75 123 17 4 
6 41 187 5 0 
1 33 340 9 0 
6 110 143 46 0 
11 34 123 72 0 
2 48 209 31 0 
3 114 148 91 4 
10 27 228 33 0 
2 74 216 112 0 
0 98 172 101 0 
22 61 135 81 0 
3 76 144 32 0 
14 93 244 36 0 
9 34 286 32 0 
20 109 86 103 1 
5 173 127 44 1 
8 41 177 36 0 
2 113 118 80 2 
1 67 201 108 2 
12 71 285 100 0 
2 98 127 59 9 
3 160 193 119 0 
1 26 194 109 10 
25 48 71 155 0 
13 72 68 80 0 
2 82 166 39 0 
14 55 192 35 0 
7 87 159 14 0 
9 55 151 126 0 
26 46 129 64 0 
9 87 240 45 0 
2 63 166 60 5 
5 16 73 80 4 
6 47 133 101 0 
3 59 82 137 0 
1 150 163 74 0 
8 149 177 104 1 
20 42 106 55 27 
12 82 151 43 1 
7 105 366 46 0 
9 75 90 68 8 
2 83 118 73 0 
7 107 115 82 1 
4 149 124 71 0 
1 88 242 132 2 
39 24 197 28 11 
6 77 154 161 0 
5 91 148 14 1 
4 176 164 117 0 
1 95 161 102 15 
2 90 159 16 0 
9 85 223 30 3 
6 86 151 79 0 
8 84 220 64 0 
2 87 215 22 0 
1 62 104 27 0 
43 84 160 80 0 
3 79 210 42 0 
4 56 200 28 0 
53 60 75 10 0 
1 141 120 101 0 
6 23 216 25 0 
8 55 169 37 1 
11 64 116 63 0 
8 55 314 7 0 
25 95 46 95 0 
3 34 154 91 0 
18 81 138 42 1 
8 23 126 59 0 
16 79 166 102 0 
3 90 142 80 0 
14 26 412 33 14 
1 41 103 96 0 
10 87 219 39 0 
1 247 165 47 0 
12 38 138 33 1 
5 56 177 43 0 
13 44 139 63 0 
0 47 147 29 1 
1 42 292 21 0 
3 84 170 55 0 
5 51 205 13 6 
2 124 59 92 0 
5 149 86 56 0 
2 59 199 148 0 
5 31 54 85 2 
1 89 123 9 0 
5 78 157 102 1 
5 54 232 17 38 
10 50 140 85 1 
4 41 179 61 1 
5 121 131 59 0 
9 78 226 98 0 
5 53 196 49 137 
18 38 107 79 0 
30 35 97 145 0 
1 54 161 86 0 
21 38 114 25 0 
18 28 166 97 0 
3 34 207 106 0 
18 84 130 89 9 
22 55 186 51 8 
4 42 149 127 0 
0 117 127 136 0 
10 32 107 109 0 
2 56 154 90 0 
9 59 249 50 8 
30 23 191 19 5 
3 14 142 197 0 
2 57 155 21 0 
5 20 101 58 0 
8 24 215 55 0 
7 120 143 77 19 
10 105 118 68 0 
0 27 227 139 3 
6 41 167 90 5 
15 25 170 71 0 
1 43 274 76 23 
1 48 54 93 0 
4 120 230 13 0 
0 141 80 103 0 
2 10 261 22 1 
27 80 146 80 0 
0 44 143 33 15 
1 56 143 255 0 
10 44 172 59 0 
3 61 184 89 0 
1 81 208 139 0 
20 31 205 21 20 
4 70 139 32 0 
6 52 182 13 0 
2 110 127 58 0 
17 150 183 45 0 
6 74 297 55 0 
4 159 136 53 1 
15 43 308 83 10 
11 197 111 205 25 
1 30 240 97 5 
10 110 242 40 34 
13 90 250 33 6 
11 127 150 54 0 
6 27 142 53 0 
1 110 115 68 0 
2 162 129 35 0 
18 39 159 107 0 
19 57 163 98 15 
3 182 308 44 0 
1 60 188 60 1 
3 120 91 47 0 
1 91 180 22 7 
0 136 83 51 0 
0 58 194 35 0 
5 59 195 154 0 
2 24 162 32 16 
5 72 182 264 0 
13 94 220 105 0 
4 76 236 104 0 
6 48 222 62 0 
6 32 102 98 0 
4 154 172 33 8 
30 49 246 84 0 
25 24 185 96 8 
29 57 225 65 0 
0 50 173 40 1 
2 44 178 14 0 
0 126 163 133 0 
2 58 211 39 72 
0 27 256 45 0 
0 34 246 22 0 
7 30 208 114 0 
7 108 166 109 0 
22 70 136 116 0 
15 106 162 68 0 
41 27 182 87 0 
23 83 154 49 0 
4 160 174 32 0 
11 55 188 28 51 
2 91 218 52 0 
4 73 283 67 0 
2 18 154 152 0 
6 157 91 48 0 
5 125 75 65 0 
10 55 334 21 0 
9 95 226 46 0 
0 192 56 105 1 
3 59 130 35 0 
1 76 127 81 5 
2 46 149 69 0 
4 55 228 77 0 
8 42 161 52 20 
23 102 166 36 0 
1 104 149 167 0 
2 71 135 113 0 
11 40 144 80 1 
10 91 160 11 11 
12 102 128 111 0 
3 44 205 47 5 
11 85 123 95 0 
15 68 156 26 0 
9 121 118 103 0 
7 70 212 76 43 
8 96 113 41 0 
4 44 82 70 8 
6 64 72 39 0 
13 52 130 147 4 
8 38 319 88 2 
4 37 191 41 0 
2 40 146 80 0 
10 4 227 117 0 
0 78 112 20 10 
3 58 147 16 0 
1 46 139 159 0 
2 68 112 59 12 
1 29 265 27 0 
2 30 213 184 6 
4 88 93 39 11 
11 51 210 80 0 
0 28 274 37 0 
3 65 139 76 0 
11 38 234 55 0 
6 78 142 31 0 
1 67 78 122 0 
9 56 153 67 0 
13 107 143 96 0 
6 105 126 80 1 
27 155 198 58 6 
4 23 283 60 0 
4 77 220 15 0 
1 18 102 35 3 
12 26 310 99 1 
28 42 128 42 0 
10 133 160 11 0 
4 91 132 28 1 
1 33 145 206 0 
0 45 200 33 0 
9 153 148 89 0 
2 101 177 46 0 
12 87 204 145 0 
10 94 133 84 1 
5 40 215 53 0 
7 18 188 58 0 
2 33 136 159 11 
16 40 106 45 0 
8 33 137 67 0 
22 31 159 27 0 
8 17 159 82 0 
1 45 89 98 0 
2 36 220 88 0 
24 6 201 66 0 
11 64 158 123 0 
15 50 230 81 0 
3 132 132 29 0 
42 34 194 101 0 
21 109 88 36 0 
11 155 268 20 0 
10 79 153 124 0 
17 23 230 124 0 
7 247 122 84 0 
15 85 174 53 0 
0 216 133 85 4 
5 28 144 64 0 
22 122 288 33 0 
35 63 233 30 0 
7 94 170 118 0 
9 35 293 43 0 
4 42 157 111 0 
9 48 208 59 62 
6 89 184 72 37 
0 128 149 63 0 
4 119 351 97 0 
0 34 230 203 0 
14 45 97 110 1 
28 66 182 12 55 
6 78 188 52 10 
9 107 138 52 2 
6 239 163 129 0 
22 73 69 39 15 
7 58 92 50 0 
24 50 116 81 1 
9 50 157 40 2 
3 60 161 103 0 
9 107 173 152 25 
29 124 174 27 0 
9 18 182 101 33 
13 33 204 32 0 
1 45 232 38 0 
9 84 149 177 0 
16 143 143 76 0 
0 59 236 9 0 
28 79 298 50 0 
1 56 128 79 0 
0 52 152 88 0 
1 33 243 85 7 
43 106 159 52 0 
0 170 141 91 0 
31 50 130 90 0 
2 121 242 10 1 
9 77 237 15 0 
6 64 189 87 0 
12 15 96 57 0 
5 105 196 134 15 
8 154 67 71 2 
4 121 135 67 1 
1 94 231 69 0 
2 66 253 15 3 
42 48 168 2 0 
11 32 122 64 5 
1 44 68 76 1 
2 32 118 78 23 
4 101 315 17 0 
12 93 143 42 0 
2 22 183 77 0 
34 52 207 104 0 
5 167 133 80 0 
3 118 268 50 0 
6 62 220 100 1 
6 143 107 108 0 
8 22 143 107 0 
10 101 231 87 0 
9 76 186 28 0 
5 126 159 79 15 
2 43 190 61 0 
12 21 167 35 7 
4 87 205 28 0 
12 57 144 88 5 
3 69 248 40 1 
15 78 169 33 0 
21 65 125 44 0 
19 63 222 104 1 
10 86 148 76 6 
11 89 129 52 20 
8 56 191 48 0 
20 51 235 9 0 
20 19 125 188 2 
15 100 230 145 4 
15 47 105 38 0 
8 96 165 79 0 
6 25 122 97 0 
1 16 310 32 0 
9 133 208 15 0 
5 105 126 64 0 
15 67 130 82 0 
14 125 216 59 0 
10 30 166 17 0 
4 38 113 151 1 
8 73 185 94 0 
16 70 191 17 0 
25 71 96 114 0 
17 25 149 58 3 
37 72 95 15 0 
17 68 213 91 0 
24 50 61 69 7 
16 76 271 27 0 
7 43 260 96 2 
5 32 224 60 0 
19 73 148 115 0 
13 65 112 114 1 
2 79 130 89 0 
16 126 85 126 0 
16 113 167 134 0 
1 43 88 129 0 
42 51 230 39 5 
20 82 80 32 0 
13 46 249 85 0 
4 147 94 68 0 
17 182 139 64 1 
26 97 162 26 14 
34 43 150 105 5 
20 103 69 54 0 
16 60 115 68 0 
8 34 130 42 0 
6 99 142 82 1 
0 35 302 9 0 
2 82 131 51 2 
18 61 356 82 0 
6 35 193 132 0 
5 106 216 39 0 
25 35 202 61 0 
3 123 183 132 0 
1 37 131 87 0 
1 53 112 141 0 
1 113 155 90 0 
8 23 132 65 10 
4 47 142 118 0 
17 45 164 61 12 
6 33 94 46 62 
2 46 229 47 0 
2 69 129 70 0 
4 56 137 11 0 
7 54 101 87 0 
5 179 128 67 0 
1 165 186 48 5 
19 43 80 36 0 
13 73 113 106 7 
5 105 198 105 19 
21 77 340 92 7 
13 11 212 158 0 
17 181 142 36 2 
8 66 87 4 0 
20 117 172 24 0 
23 24 146 47 0 
2 60 80 24 0 
3 74 350 76 0 
0 48 119 91 0 
15 77 100 23 16 
30 61 244 77 16 
5 102 112 64 0 
5 81 235 35 0 
0 103 239 33 0 
8 36 189 6 0 
13 48 201 61 0 
15 62 186 45 0 
0 33 264 23 0 
7 97 152 49 0 
4 49 263 2 0 
5 41 62 47 2 
7 42 53 49 0 
0 56 133 151 2 
6 90 94 118 0 
13 91 167 40 0 
4 153 121 97 52 
8 41 243 114 0 
8 107 192 80 0 
8 188 138 65 0 
2 47 137 110 0 
0 40 179 135 0 
3 26 119 88 0 
5 158 113 66 0 
3 34 225 114 2 
5 48 227 20 0 
7 93 155 205 0 
0 121 130 60 0 
6 143 241 86 0 
4 72 137 92 0 
35 46 111 66 0 
4 60 144 70 0 
20 176 236 25 0 
1 83 131 82 0 
5 87 150 32 0 
13 61 166 21 0 
1 202 189 34 2 
0 119 175 15 1 
17 64 147 14 0 
1 36 220 44 0 
1 101 131 73 0 
11 112 164 85 9 
0 49 148 43 0 
5 101 149 71 0 
27 26 201 90 0 
12 80 151 23 35 
0 37 162 121 0 
15 58 123 28 11 
4 65 140 103 0 
29 21 189 34 0 
4 71 170 57 0 
8 136 69 172 26 
19 40 170 114 0 
6 42 132 10 0 
2 53 261 72 17 
39 122 102 65 0 
32 33 141 123 0 
0 53 220 33 0 
4 41 169 113 0 
12 70 110 63 7 
1 20 144 72 6 
3 71 171 64 20 
13 64 33 72 1 
2 68 322 82 0 
8 55 139 108 0 
28 63 209 14 0 
2 135 235 89 0 
3 86 148 100 21 
4 55 188 21 1 
0 53 252 46 11 
8 70 133 23 0 
4 89 167 90 0 
