0 190 7 
0 216 14 
0 191 24 
0 227 76 
0 237 18 
0 183 91 
0 235 11 
0 196 7 
0 203 7 
0 244 13 
0 205 13 
0 221 13 
0 200 14 
0 189 23 
0 166 31 
0 189 16 
0 222 12 
0 166 37 
0 246 9 
0 193 13 
0 225 5 
0 194 35 
0 173 3 
0 277 3 
0 247 26 
0 216 10 
0 198 27 
0 180 23 
0 233 13 
0 205 24 
0 236 35 
0 259 9 
0 247 18 
0 212 2 
0 243 21 
0 266 3 
0 246 2 
0 195 14 
0 231 14 
0 212 18 
0 231 1 
0 188 22 
0 214 9 
0 196 9 
0 225 39 
0 190 14 
0 220 12 
0 208 9 
0 189 24 
0 166 33 
0 204 7 
0 186 35 
0 250 11 
0 211 0 
0 234 44 
0 246 6 
0 211 11 
0 233 31 
0 213 31 
0 206 0 
0 203 46 
0 234 6 
0 256 8 
0 280 51 
0 225 10 
0 193 13 
0 199 14 
0 194 10 
0 207 7 
0 266 5 
0 191 7 
0 230 12 
0 276 5 
0 225 6 
0 197 18 
0 229 14 
0 123 5 
0 231 6 
0 237 22 
0 177 15 
0 237 32 
0 272 10 
0 192 29 
0 180 7 
0 162 111 
0 171 20 
0 217 20 
0 207 13 
0 236 20 
0 168 11 
0 211 5 
0 196 22 
0 178 11 
0 247 19 
0 231 3 
0 228 14 
0 205 2 
0 216 37 
0 235 11 
0 227 23 
0 186 51 
0 208 8 
0 223 78 
0 202 18 
0 261 14 
0 281 17 
0 182 58 
0 229 28 
0 218 21 
0 255 27 
0 234 21 
0 256 10 
0 219 12 
0 184 16 
0 204 7 
0 179 36 
0 246 6 
0 240 12 
0 220 10 
0 218 17 
0 215 18 
0 209 10 
0 223 26 
0 197 30 
0 159 18 
0 249 27 
0 193 10 
0 189 37 
0 197 12 
0 244 11 
0 228 0 
0 254 11 
0 229 23 
0 256 11 
0 211 4 
0 212 17 
0 218 2 
0 172 12 
0 181 12 
0 226 61 
0 206 16 
0 179 9 
0 264 15 
0 258 28 
0 224 11 
0 265 33 
0 200 42 
0 195 22 
0 199 13 
0 245 8 
0 195 9 
0 175 13 
0 207 33 
0 204 63 
0 177 17 
0 182 15 
0 214 11 
0 175 42 
0 218 44 
0 173 14 
0 207 12 
0 181 22 
0 236 10 
0 228 12 
0 193 9 
0 170 67 
0 264 12 
0 170 23 
0 190 17 
0 203 14 
0 202 43 
0 169 14 
0 189 8 
0 240 11 
0 213 22 
0 223 7 
0 226 5 
0 254 9 
0 242 6 
0 176 29 
0 283 10 
0 250 16 
0 234 4 
0 250 1 
0 248 19 
0 265 3 
0 275 12 
0 256 3 
0 181 15 
0 171 11 
0 177 27 
0 245 4 
0 213 13 
0 171 17 
0 188 27 
0 239 11 
0 223 4 
0 173 56 
0 287 9 
0 225 39 
0 214 32 
0 192 24 
0 256 26 
0 224 17 
0 219 9 
0 208 47 
0 195 20 
0 243 21 
0 207 6 
0 239 13 
0 229 14 
0 218 47 
0 177 11 
0 192 14 
0 249 17 
0 213 19 
0 251 3 
0 194 2 
0 185 11 
0 213 52 
0 159 24 
0 235 36 
0 183 17 
0 213 14 
0 220 8 
0 225 4 
0 219 39 
0 243 30 
0 227 17 
0 211 5 
0 255 16 
0 280 47 
0 239 31 
0 206 3 
0 211 12 
0 194 50 
0 178 55 
0 186 6 
0 205 12 
0 176 15 
0 142 25 
0 223 18 
0 260 7 
0 205 22 
0 157 21 
0 226 8 
0 284 30 
0 231 36 
0 227 3 
0 179 6 
0 233 8 
0 209 15 
0 138 8 
0 177 3 
0 238 20 
0 239 19 
0 125 36 
0 218 0 
0 272 15 
0 181 47 
0 178 9 
0 212 30 
0 199 6 
0 215 15 
0 176 18 
0 174 24 
0 202 10 
0 212 15 
0 242 3 
0 256 47 
0 190 0 
0 192 7 
0 197 70 
0 228 29 
0 166 65 
0 205 25 
0 194 48 
0 211 7 
0 210 24 
0 200 33 
0 171 35 
0 149 17 
0 193 44 
0 204 36 
0 220 17 
0 198 21 
0 250 53 
0 271 11 
0 244 8 
0 194 6 
0 232 3 
0 258 23 
0 162 27 
0 270 7 
0 156 6 
0 191 83 
0 237 31 
0 156 20 
0 215 38 
0 179 34 
0 204 28 
0 231 12 
0 251 0 
0 185 19 
0 273 41 
0 228 30 
0 248 3 
0 245 10 
0 186 14 
0 242 2 
0 160 11 
0 199 12 
0 237 28 
0 223 20 
0 247 6 
0 213 7 
0 166 24 
0 191 24 
0 205 4 
0 154 3 
0 284 16 
0 284 9 
0 226 14 
0 192 64 
0 248 1 
0 141 4 
0 217 1 
0 171 26 
0 219 8 
0 226 6 
0 196 8 
0 257 12 
0 231 14 
0 157 14 
0 224 2 
0 240 15 
0 145 13 
0 189 15 
0 246 5 
0 206 4 
0 203 14 
0 216 31 
0 210 3 
0 215 7 
0 291 7 
0 217 25 
0 247 28 
0 155 8 
0 175 16 
0 168 28 
0 236 5 
0 260 7 
0 206 15 
0 194 15 
0 223 3 
0 236 15 
0 253 14 
0 263 4 
0 211 14 
0 286 0 
0 155 6 
0 171 21 
0 186 7 
0 211 39 
0 205 9 
0 228 3 
0 186 18 
0 281 9 
0 241 10 
0 241 28 
0 194 7 
0 172 7 
0 196 7 
0 192 56 
0 171 52 
0 233 0 
0 129 29 
0 212 20 
0 211 21 
0 167 36 
0 229 22 
0 194 25 
0 169 31 
0 185 11 
0 230 22 
0 245 18 
0 177 16 
0 211 19 
0 241 7 
0 232 1 
0 214 13 
0 236 101 
0 266 16 
0 163 25 
0 170 2 
0 202 41 
0 223 6 
0 256 6 
0 218 7 
0 284 3 
0 233 17 
0 157 12 
0 245 38 
0 263 1 
0 173 30 
0 222 4 
0 220 70 
0 210 83 
0 248 9 
0 229 15 
0 200 2 
0 277 12 
0 185 15 
0 261 16 
0 260 6 
0 206 14 
0 170 30 
0 188 12 
0 160 14 
0 293 11 
0 213 26 
0 206 29 
0 202 12 
0 197 26 
0 242 45 
0 244 32 
0 201 9 
0 220 41 
0 211 24 
0 239 19 
0 208 12 
0 161 16 
0 215 24 
0 225 2 
0 206 6 
0 298 2 
0 202 4 
0 238 12 
0 169 12 
0 154 22 
0 241 22 
0 199 29 
0 187 48 
0 256 1 
0 192 14 
0 233 20 
0 171 35 
0 212 9 
0 206 23 
0 240 0 
0 269 18 
0 290 8 
0 172 28 
0 254 4 
0 169 39 
0 208 0 
0 217 5 
0 232 33 
0 222 9 
0 161 0 
0 161 5 
0 129 15 
0 170 15 
0 173 27 
0 201 32 
0 219 29 
0 183 9 
0 224 7 
0 168 3 
0 212 24 
0 204 33 
0 214 46 
0 174 12 
0 216 6 
0 198 2 
0 226 17 
0 224 80 
0 200 17 
0 241 20 
0 254 0 
0 142 11 
0 172 1 
0 194 20 
0 207 5 
0 205 10 
0 267 21 
0 207 0 
0 210 1 
0 174 2 
0 163 1 
0 272 9 
0 239 9 
0 295 25 
0 218 19 
0 177 14 
0 146 32 
0 200 11 
0 126 29 
0 245 9 
0 216 52 
0 238 78 
0 236 19 
0 204 12 
0 230 8 
0 238 0 
0 254 11 
0 209 22 
0 244 11 
0 210 3 
0 239 33 
0 194 9 
0 214 5 
0 188 9 
0 227 13 
0 225 32 
0 229 18 
0 204 26 
0 246 28 
0 229 8 
0 211 7 
0 238 21 
0 221 19 
0 193 51 
0 206 18 
0 195 42 
0 214 20 
0 184 19 
0 205 9 
0 212 35 
0 187 7 
0 204 30 
0 294 14 
0 240 1 
0 200 35 
0 184 12 
0 233 61 
0 236 24 
0 201 21 
0 250 19 
0 252 2 
0 196 10 
0 251 3 
0 303 9 
0 159 37 
0 228 7 
0 213 7 
0 210 5 
0 147 34 
0 194 16 
0 171 15 
0 204 112 
0 197 34 
0 263 5 
0 240 13 
0 261 1 
0 228 8 
0 273 7 
0 213 17 
0 240 14 
0 207 15 
0 228 17 
0 176 29 
0 264 43 
0 177 25 
0 205 11 
0 202 30 
0 284 26 
0 204 3 
0 242 5 
0 226 34 
0 176 1 
0 218 20 
0 227 7 
0 225 5 
0 220 16 
0 186 1 
0 254 15 
0 223 22 
0 223 6 
0 203 0 
0 174 11 
0 201 9 
0 249 83 
0 168 22 
0 213 59 
0 254 14 
0 155 60 
0 238 36 
0 233 5 
0 186 8 
0 188 19 
0 216 9 
0 170 28 
0 220 8 
0 200 18 
0 259 6 
0 252 1 
0 194 40 
0 248 22 
0 220 4 
0 276 20 
0 233 12 
0 114 13 
0 192 16 
0 238 6 
0 175 15 
0 194 16 
0 253 0 
0 255 5 
0 228 61 
0 211 58 
0 211 15 
0 235 24 
0 196 8 
0 187 4 
0 200 4 
0 231 9 
0 148 44 
0 252 0 
0 209 61 
0 244 39 
0 314 1 
0 252 23 
0 169 16 
0 244 22 
0 201 34 
0 200 7 
0 291 0 
0 226 14 
0 221 3 
0 230 9 
0 203 5 
0 209 10 
0 239 13 
0 252 8 
0 249 55 
0 181 76 
0 255 15 
0 189 19 
0 222 0 
0 227 11 
0 240 48 
0 215 11 
0 256 8 
0 176 8 
0 233 13 
0 214 6 
0 193 28 
0 211 1 
0 219 17 
0 234 1 
0 233 34 
0 186 21 
0 204 8 
0 273 17 
0 200 27 
0 222 20 
0 212 41 
0 220 75 
0 229 18 
0 158 41 
0 194 20 
0 227 9 
0 248 10 
0 237 32 
0 206 10 
0 202 27 
0 127 3 
0 241 10 
0 156 79 
0 178 38 
0 224 22 
0 258 7 
0 175 41 
0 216 15 
0 241 10 
0 225 15 
0 213 26 
0 238 7 
0 200 28 
0 187 14 
0 176 35 
0 211 7 
0 156 16 
0 192 10 
0 170 37 
0 222 11 
0 180 17 
0 212 17 
0 159 33 
0 209 6 
0 208 23 
0 249 3 
0 228 3 
0 199 11 
0 256 0 
0 206 21 
0 189 15 
0 243 12 
0 266 8 
0 211 9 
0 194 14 
0 240 1 
0 205 7 
0 240 1 
0 234 46 
0 159 20 
0 227 11 
0 229 5 
0 224 29 
0 233 21 
0 227 9 
0 189 23 
0 178 18 
0 211 11 
0 257 1 
0 211 7 
0 163 2 
0 199 24 
0 178 4 
0 225 37 
0 188 22 
0 236 8 
0 268 14 
0 263 33 
0 174 2 
0 170 5 
0 200 40 
0 229 45 
0 217 35 
0 235 21 
0 217 13 
0 216 10 
0 212 22 
0 156 34 
0 198 4 
0 185 14 
0 218 36 
0 190 8 
0 156 12 
0 236 19 
0 253 16 
0 243 19 
0 209 42 
0 183 9 
0 173 13 
0 209 2 
0 210 10 
0 214 41 
0 189 11 
0 246 29 
0 186 8 
0 246 6 
0 237 43 
0 238 26 
0 177 5 
0 224 11 
0 286 20 
0 245 15 
0 277 1 
0 226 0 
0 244 10 
0 216 22 
0 211 24 
0 265 1 
0 257 18 
0 196 14 
0 243 21 
0 228 7 
0 201 28 
0 174 26 
0 262 2 
0 147 34 
0 180 19 
0 223 38 
0 197 36 
0 208 53 
0 243 32 
0 217 9 
0 207 4 
0 177 33 
0 246 7 
0 274 26 
0 175 89 
0 169 12 
0 268 5 
0 216 33 
0 224 4 
0 187 3 
0 238 24 
0 186 19 
0 206 25 
0 173 83 
0 240 33 
0 194 13 
0 191 16 
0 220 0 
0 205 41 
0 290 18 
0 274 3 
0 207 23 
0 185 10 
0 235 17 
0 220 31 
0 172 47 
0 197 44 
0 210 47 
0 200 12 
0 203 15 
0 212 30 
0 216 90 
0 168 22 
0 195 20 
0 192 31 
0 254 8 
0 215 10 
0 173 0 
0 239 25 
0 180 6 
0 285 31 
0 208 14 
0 194 10 
0 253 24 
0 257 4 
0 229 15 
0 199 14 
0 190 23 
0 259 22 
0 192 26 
0 179 12 
0 194 4 
0 166 14 
0 262 17 
0 225 22 
0 208 10 
0 235 26 
0 207 14 
0 216 27 
0 232 10 
0 250 15 
0 259 17 
0 221 2 
0 219 2 
0 201 24 
0 217 24 
0 230 0 
0 177 52 
0 218 15 
0 186 16 
0 214 14 
0 213 11 
0 213 19 
0 221 15 
0 193 62 
0 247 25 
0 215 40 
0 203 4 
0 191 20 
0 229 5 
0 229 13 
0 224 42 
0 278 20 
0 206 8 
0 229 8 
0 255 11 
0 264 16 
0 214 16 
0 180 11 
0 204 38 
0 246 0 
0 231 2 
0 142 54 
0 202 4 
0 219 3 
0 199 2 
0 216 44 
0 179 24 
0 204 0 
0 186 1 
0 202 10 
0 165 10 
0 189 66 
0 218 44 
0 219 25 
0 191 22 
0 172 5 
0 200 42 
0 214 34 
0 151 3 
0 193 43 
0 229 48 
0 177 18 
0 223 2 
0 214 28 
0 263 14 
0 256 2 
0 217 14 
0 227 13 
0 189 59 
0 271 14 
0 194 13 
0 195 22 
0 236 18 
0 216 15 
0 220 9 
0 193 28 
0 274 16 
0 216 20 
0 229 5 
0 315 5 
0 201 7 
0 162 14 
0 281 14 
0 175 23 
0 231 35 
0 244 16 
0 225 14 
0 197 6 
0 236 20 
0 208 47 
0 164 36 
0 182 3 
0 181 6 
0 260 17 
0 233 13 
0 225 29 
0 176 30 
0 202 2 
0 193 16 
0 188 27 
0 232 16 
0 166 7 
0 185 38 
0 256 11 
0 220 16 
0 202 15 
0 189 6 
0 220 1 
0 267 8 
0 215 47 
0 155 23 
0 237 10 
0 178 26 
0 216 6 
0 229 8 
0 201 1 
0 234 48 
0 195 3 
0 151 45 
0 144 2 
0 192 33 
0 216 130 
0 166 8 
0 217 8 
0 230 36 
0 170 3 
0 249 59 
0 179 1 
0 178 16 
0 204 23 
0 183 23 
0 172 34 
0 239 6 
0 171 3 
0 201 25 
0 186 21 
0 193 12 
0 274 6 
0 195 19 
0 135 47 
0 214 46 
0 258 18 
0 237 0 
0 193 9 
0 280 15 
0 258 17 
0 218 54 
0 193 16 
0 222 30 
0 171 8 
0 203 26 
0 196 6 
0 220 30 
0 219 47 
0 241 12 
0 259 1 
0 161 34 
0 150 18 
0 247 19 
0 199 26 
0 175 53 
0 200 8 
0 197 20 
0 219 7 
0 302 26 
0 197 12 
0 158 4 
0 206 21 
0 164 45 
0 266 38 
