552 241 207 
582 214 204 
548 285 167 
628 252 120 
445 259 296 
571 267 162 
539 242 219 
602 288 110 
539 275 186 
562 232 206 
566 249 185 
464 273 263 
447 246 307 
449 238 313 
544 279 177 
565 250 185 
509 279 212 
472 238 290 
504 250 246 
605 244 151 
575 264 161 
544 252 204 
533 318 149 
555 257 188 
564 271 165 
605 235 160 
568 265 167 
643 228 129 
339 203 458 
565 231 204 
503 267 230 
459 233 308 
383 290 327 
570 179 251 
576 312 112 
538 229 233 
588 227 185 
629 210 161 
483 290 227 
556 234 210 
505 207 288 
469 287 244 
548 265 187 
453 278 269 
685 210 105 
507 290 203 
466 341 193 
425 212 363 
550 297 153 
570 293 137 
430 250 320 
657 201 142 
416 262 322 
493 248 259 
496 240 264 
445 243 312 
572 223 205 
686 168 146 
570 246 184 
608 232 160 
622 225 153 
499 272 229 
503 229 268 
576 192 232 
537 219 244 
491 313 196 
550 251 199 
514 324 162 
546 268 186 
579 222 199 
547 241 212 
444 318 238 
547 307 146 
561 176 263 
567 178 255 
519 266 215 
498 225 277 
548 265 187 
471 287 242 
438 370 192 
526 280 194 
460 315 225 
536 195 269 
560 256 184 
534 250 216 
481 284 235 
522 232 246 
579 160 261 
631 242 127 
582 244 174 
455 263 282 
587 226 187 
588 213 199 
656 247 97 
570 275 155 
572 233 195 
492 269 239 
591 215 194 
492 302 206 
546 203 251 
438 246 316 
495 245 260 
620 187 193 
633 204 163 
503 271 226 
549 252 199 
491 224 285 
622 247 131 
544 320 136 
644 207 149 
471 263 266 
491 283 226 
574 278 148 
509 276 215 
568 241 191 
536 262 202 
638 278 84 
587 233 180 
472 262 266 
548 248 204 
377 171 452 
496 263 241 
404 219 377 
522 257 221 
557 267 176 
484 305 211 
515 259 226 
489 256 255 
543 289 168 
424 284 292 
632 230 138 
457 229 314 
597 219 184 
524 234 242 
518 266 216 
609 220 171 
399 172 429 
669 230 101 
436 276 288 
531 296 173 
568 217 215 
541 282 177 
531 252 217 
520 255 225 
498 260 242 
504 181 315 
551 234 215 
573 233 194 
577 260 163 
548 298 154 
566 250 184 
533 234 233 
559 256 185 
560 231 209 
543 204 253 
583 310 107 
577 246 177 
568 209 223 
563 320 117 
509 268 223 
588 242 170 
547 250 203 
520 348 132 
517 238 245 
534 250 216 
477 245 278 
562 217 221 
585 244 171 
632 169 199 
495 262 243 
572 244 184 
473 255 272 
572 194 234 
529 295 176 
577 204 219 
655 219 126 
584 243 173 
558 260 182 
488 272 240 
494 293 213 
503 201 296 
615 240 145 
405 192 403 
479 334 187 
596 267 137 
499 247 254 
546 238 216 
585 176 239 
487 310 203 
502 333 165 
556 289 155 
601 233 166 
500 303 197 
484 291 225 
445 319 236 
597 230 173 
618 196 186 
550 231 219 
485 261 254 
537 230 233 
456 231 313 
593 233 174 
572 238 190 
513 248 239 
595 204 201 
472 197 331 
494 279 227 
603 234 163 
453 210 337 
628 242 130 
573 265 162 
520 204 276 
506 252 242 
520 278 202 
577 233 190 
559 197 244 
534 249 217 
593 246 161 
607 207 186 
467 254 279 
572 230 198 
536 279 185 
616 224 160 
554 291 155 
545 211 244 
509 189 302 
518 305 177 
640 233 127 
517 258 225 
650 194 156 
616 199 185 
533 233 234 
584 230 186 
586 220 194 
494 199 307 
454 263 283 
506 264 230 
576 182 242 
444 241 315 
530 250 220 
456 334 210 
471 282 247 
513 271 216 
574 267 159 
511 252 237 
488 226 286 
613 256 131 
549 248 203 
521 232 247 
603 212 185 
538 257 205 
547 231 222 
580 178 242 
559 229 212 
531 229 240 
496 227 277 
493 189 318 
598 224 178 
495 266 239 
517 232 251 
510 248 242 
443 235 322 
396 208 396 
572 175 253 
543 216 241 
554 210 236 
593 251 156 
621 246 133 
551 298 151 
468 288 244 
563 263 174 
530 211 259 
476 307 217 
451 321 228 
472 241 287 
465 284 251 
527 223 250 
476 304 220 
490 332 178 
564 208 228 
580 241 179 
546 278 176 
507 254 239 
548 304 148 
455 288 257 
386 280 334 
399 331 270 
547 261 192 
458 273 269 
558 274 168 
505 316 179 
541 256 203 
562 239 199 
537 188 275 
485 254 261 
564 261 175 
517 267 216 
486 269 245 
531 210 259 
414 249 337 
629 211 160 
519 248 233 
557 247 196 
534 299 167 
618 203 179 
396 220 384 
541 236 223 
496 207 297 
462 291 247 
574 266 160 
593 190 217 
598 264 138 
477 295 228 
383 266 351 
552 268 180 
534 261 205 
578 236 186 
444 259 297 
520 235 245 
583 204 213 
582 216 202 
525 265 210 
494 303 203 
550 179 271 
580 292 128 
437 251 312 
469 217 314 
515 221 264 
507 244 249 
539 193 268 
436 297 267 
514 257 229 
528 279 193 
539 176 285 
529 271 200 
496 273 231 
499 320 181 
484 194 322 
470 277 253 
480 243 277 
537 267 196 
439 202 359 
588 254 158 
618 225 157 
502 297 201 
501 244 255 
475 295 230 
586 236 178 
476 282 242 
488 256 256 
469 197 334 
473 217 310 
458 278 264 
594 229 177 
458 181 361 
538 231 231 
509 222 269 
536 225 239 
513 213 274 
553 274 173 
579 193 228 
533 244 223 
486 270 244 
535 272 193 
517 263 220 
689 170 141 
560 245 195 
585 244 171 
484 265 251 
486 252 262 
533 258 209 
484 215 301 
521 258 221 
554 284 162 
494 265 241 
602 202 196 
564 257 179 
434 272 294 
590 206 204 
414 220 366 
541 236 223 
575 236 189 
499 195 306 
616 219 165 
552 196 252 
471 270 259 
515 258 227 
543 270 187 
569 298 133 
508 255 237 
565 237 198 
576 199 225 
537 240 223 
512 225 263 
528 241 231 
585 226 189 
477 276 247 
521 294 185 
505 245 250 
557 256 187 
611 273 116 
559 301 140 
588 275 137 
537 235 228 
570 276 154 
475 350 175 
537 281 182 
548 252 200 
517 256 227 
503 259 238 
519 189 292 
504 203 293 
577 247 176 
515 281 204 
417 259 324 
515 203 282 
637 211 152 
500 293 207 
614 248 138 
605 235 160 
489 285 226 
486 320 194 
453 264 283 
471 300 229 
507 212 281 
451 278 271 
599 238 163 
568 252 180 
501 256 243 
453 212 335 
483 288 229 
510 274 216 
472 253 275 
607 163 230 
511 303 186 
379 256 365 
410 314 276 
465 249 286 
438 300 262 
517 268 215 
534 268 198 
487 249 264 
569 177 254 
586 267 147 
578 196 226 
504 256 240 
540 244 216 
464 259 277 
570 267 163 
569 243 188 
538 229 233 
617 214 169 
485 190 325 
532 289 179 
507 225 268 
551 288 161 
595 230 175 
515 242 243 
566 169 265 
546 276 178 
482 246 272 
418 326 256 
455 260 285 
439 276 285 
514 222 264 
471 332 197 
629 245 126 
594 264 142 
568 264 168 
504 250 246 
520 273 207 
472 269 259 
484 201 315 
499 222 279 
568 256 176 
487 239 274 
566 239 195 
478 243 279 
470 281 249 
553 182 265 
528 191 281 
528 288 184 
535 253 212 
518 206 276 
494 272 234 
526 244 230 
426 198 376 
480 256 264 
519 264 217 
508 305 187 
560 236 204 
540 249 211 
458 285 257 
571 250 179 
502 249 249 
504 317 179 
494 243 263 
566 216 218 
560 234 206 
565 246 189 
557 278 165 
503 249 248 
511 256 233 
557 182 261 
443 231 326 
501 267 232 
528 206 266 
589 247 164 
529 319 152 
729 171 100 
543 275 182 
601 199 200 
509 187 304 
467 289 244 
524 310 166 
561 248 191 
608 198 194 
509 290 201 
510 208 282 
491 281 228 
559 260 181 
534 325 141 
499 276 225 
627 234 139 
486 212 302 
517 291 192 
452 226 322 
518 189 293 
512 235 253 
616 249 135 
490 222 288 
512 257 231 
477 279 244 
530 247 223 
581 256 163 
550 184 266 
544 227 229 
431 241 328 
629 234 137 
400 241 359 
518 285 197 
451 301 248 
505 260 235 
623 249 128 
628 247 125 
560 263 177 
487 205 308 
496 235 269 
565 232 203 
515 277 208 
559 236 205 
491 277 232 
492 288 220 
518 261 221 
508 241 251 
602 280 118 
564 252 184 
558 314 128 
687 204 109 
533 254 213 
519 278 203 
626 191 183 
486 218 296 
506 310 184 
518 291 191 
447 273 280 
503 215 282 
518 267 215 
525 274 201 
536 163 301 
466 279 255 
447 171 382 
489 179 332 
506 241 253 
507 232 261 
527 231 242 
568 303 129 
570 242 188 
490 292 218 
449 292 259 
524 241 235 
477 264 259 
607 255 138 
473 285 242 
540 309 151 
495 269 236 
539 298 163 
583 259 158 
579 277 144 
655 194 151 
503 291 206 
456 272 272 
564 217 219 
491 288 221 
613 261 126 
569 264 167 
569 195 236 
454 222 324 
533 223 244 
671 162 167 
465 301 234 
465 295 240 
484 273 243 
546 218 236 
437 253 310 
599 200 201 
567 196 237 
601 173 226 
559 253 188 
554 204 242 
536 258 206 
363 291 346 
623 278 99 
640 179 181 
581 326 93 
503 252 245 
567 226 207 
508 279 213 
586 216 198 
523 302 175 
565 230 205 
523 230 247 
447 322 231 
412 310 278 
459 260 281 
514 249 237 
540 214 246 
560 262 178 
607 229 164 
515 273 212 
551 235 214 
553 251 196 
489 194 317 
529 255 216 
560 251 189 
548 280 172 
521 301 178 
509 239 252 
477 230 293 
392 268 340 
558 234 208 
488 331 181 
651 196 153 
523 184 293 
625 250 125 
536 286 178 
536 259 205 
446 311 243 
652 222 126 
476 305 219 
483 323 194 
452 205 343 
452 265 283 
533 246 221 
562 257 181 
509 200 291 
576 257 167 
654 233 113 
560 205 235 
479 263 258 
497 237 266 
587 261 152 
412 255 333 
537 207 256 
611 245 144 
614 199 187 
602 230 168 
552 214 234 
602 282 116 
486 281 233 
538 298 164 
532 247 221 
633 250 117 
564 192 244 
512 224 264 
552 289 159 
596 253 151 
581 241 178 
606 245 149 
652 193 155 
479 268 253 
586 202 212 
527 345 128 
472 269 259 
467 271 262 
539 276 185 
569 234 197 
578 236 186 
591 195 214 
581 226 193 
518 288 194 
480 297 223 
509 225 266 
583 198 219 
472 280 248 
465 207 328 
519 259 222 
511 286 203 
561 201 238 
537 218 245 
442 237 321 
523 276 201 
626 214 160 
453 293 254 
621 241 138 
514 209 277 
495 246 259 
566 226 208 
560 253 187 
425 271 304 
597 222 181 
519 268 213 
515 272 213 
453 279 268 
619 212 169 
641 226 133 
488 254 258 
488 267 245 
503 256 241 
577 216 207 
612 204 184 
494 282 224 
462 252 286 
552 187 261 
572 219 209 
420 280 300 
502 225 273 
498 276 226 
492 300 208 
573 254 173 
501 250 249 
548 272 180 
590 233 177 
541 239 220 
578 258 164 
489 263 248 
508 266 226 
485 248 267 
408 304 288 
547 271 182 
513 285 202 
490 261 249 
515 257 228 
607 267 126 
594 211 195 
602 222 176 
547 265 188 
467 228 305 
528 225 247 
392 313 295 
577 216 207 
440 225 335 
601 210 189 
584 191 225 
547 168 285 
469 210 321 
556 283 161 
558 218 224 
545 227 228 
550 243 207 
505 227 268 
542 247 211 
496 265 239 
569 241 190 
494 248 258 
604 248 148 
505 245 250 
530 179 291 
556 301 143 
473 284 243 
539 253 208 
585 232 183 
469 315 216 
454 312 234 
451 273 276 
529 262 209 
551 276 173 
572 255 173 
482 198 320 
562 210 228 
544 244 212 
471 284 245 
484 281 235 
423 264 313 
565 221 214 
621 271 108 
552 270 178 
440 220 340 
513 241 246 
490 281 229 
673 190 137 
555 268 177 
514 283 203 
654 233 113 
431 325 244 
541 240 219 
517 267 216 
495 324 181 
469 282 249 
578 239 183 
544 252 204 
535 282 183 
497 303 200 
580 269 151 
580 231 189 
525 255 220 
523 217 260 
450 247 303 
535 311 154 
635 227 138 
469 289 242 
575 227 198 
513 218 269 
494 239 267 
526 269 205 
609 269 122 
514 285 201 
519 324 157 
560 236 204 
646 226 128 
596 205 199 
528 173 299 
475 299 226 
482 236 282 
356 271 373 
600 255 145 
537 252 211 
633 236 131 
586 285 129 
549 209 242 
468 262 270 
534 271 195 
446 213 341 
522 293 185 
545 277 178 
547 229 224 
505 230 265 
504 257 239 
499 220 281 
509 237 254 
608 216 176 
521 250 229 
432 234 334 
367 314 319 
530 299 171 
547 254 199 
512 295 193 
507 266 227 
385 278 337 
549 190 261 
459 244 297 
533 200 267 
538 230 232 
491 290 219 
569 247 184 
640 188 172 
475 278 247 
498 204 298 
484 267 249 
434 264 302 
456 280 264 
544 270 186 
499 207 294 
535 190 275 
448 200 352 
487 244 269 
526 227 247 
581 253 166 
457 297 246 
519 261 220 
579 281 140 
498 237 265 
526 271 203 
540 240 220 
479 289 232 
506 258 236 
596 277 127 
559 223 218 
563 249 188 
563 279 158 
507 272 221 
507 292 201 
585 231 184 
444 309 247 
459 242 299 
558 264 178 
554 164 282 
447 235 318 
517 225 258 
535 260 205 
624 233 143 
419 259 322 
547 246 207 
607 226 167 
544 250 206 
476 324 200 
546 274 180 
579 252 169 
503 289 208 
608 240 152 
565 220 215 
594 243 163 
564 215 221 
639 221 140 
506 307 187 
581 181 238 
516 304 180 
530 193 277 
521 217 262 
463 209 328 
539 251 210 
496 246 258 
634 192 174 
574 253 173 
462 330 208 
614 227 159 
543 247 210 
529 233 238 
497 302 201 
627 206 167 
569 222 209 
491 305 204 
464 226 310 
596 242 162 
587 224 189 
497 300 203 
571 258 171 
444 328 228 
544 261 195 
518 268 214 
478 261 261 
568 207 225 
621 216 163 
505 216 279 
460 256 284 
479 322 199 
518 288 194 
575 239 186 
522 245 233 
401 297 302 
674 204 122 
521 248 231 
548 175 277 
541 300 159 
437 241 322 
484 263 253 
518 248 234 
492 284 224 
585 269 146 
546 257 197 
552 193 255 
535 294 171 
480 193 327 
452 234 314 
466 246 288 
425 230 345 
571 225 204 
538 269 193 
562 183 255 
575 285 140 
604 257 139 
594 246 160 
479 258 263 
497 146 357 
519 217 264 
475 265 260 
507 228 265 
534 306 160 
531 244 225 
542 274 184 
632 270 98 
513 177 310 
469 328 203 
523 340 137 
501 288 211 
467 257 276 
451 244 305 
439 247 314 
497 240 263 
684 222 94 
551 240 209 
613 204 183 
488 272 240 
470 241 289 
615 233 152 
567 289 144 
465 253 282 
581 281 138 
506 301 193 
597 253 150 
425 281 294 
500 290 210 
603 237 160 
555 183 262 
545 203 252 
560 268 172 
613 254 133 
482 218 300 
596 231 173 
505 225 270 
