713 170 117 
591 205 204 
516 187 297 
614 161 225 
631 222 147 
651 195 154 
666 160 174 
648 103 249 
720 190 90 
605 225 170 
544 247 209 
569 227 204 
736 189 75 
573 216 211 
681 195 124 
691 207 102 
597 200 203 
636 201 163 
558 171 271 
613 217 170 
699 223 78 
675 198 127 
620 160 220 
670 174 156 
556 225 219 
589 114 297 
681 217 102 
683 163 154 
646 230 124 
651 196 153 
641 190 169 
673 149 178 
594 262 144 
638 223 139 
606 237 157 
690 182 128 
665 181 154 
605 235 160 
569 230 201 
619 237 144 
560 178 262 
433 196 371 
652 181 167 
651 205 144 
618 219 163 
574 159 267 
602 224 174 
538 191 271 
613 195 192 
651 249 100 
740 95 165 
545 160 295 
670 196 134 
572 251 177 
648 168 184 
552 243 205 
705 187 108 
663 194 143 
544 260 196 
573 249 178 
637 190 173 
641 175 184 
553 296 151 
643 203 154 
719 174 107 
589 174 237 
646 192 162 
645 205 150 
551 208 241 
584 211 205 
646 228 126 
610 207 183 
544 196 260 
647 153 200 
663 189 148 
665 214 121 
764 151 85 
631 205 164 
645 161 194 
624 226 150 
578 189 233 
680 195 125 
611 214 175 
570 155 275 
543 192 265 
641 220 139 
593 214 193 
688 213 99 
583 265 152 
675 201 124 
628 166 206 
513 250 237 
720 186 94 
582 220 198 
631 150 219 
640 176 184 
599 179 222 
663 183 154 
668 177 155 
578 285 137 
613 215 172 
672 244 84 
632 198 170 
572 238 190 
674 156 170 
567 237 196 
588 192 220 
619 178 203 
695 191 114 
589 189 222 
679 218 103 
495 248 257 
616 151 233 
666 196 138 
650 209 141 
660 196 144 
573 315 112 
561 157 282 
606 180 214 
659 229 112 
557 306 137 
720 187 93 
565 249 186 
703 168 129 
600 178 222 
531 219 250 
574 206 220 
474 152 374 
621 199 180 
639 176 185 
717 163 120 
600 231 169 
530 174 296 
623 224 153 
652 186 162 
595 235 170 
597 214 189 
595 250 155 
628 156 216 
551 265 184 
444 205 351 
603 171 226 
624 256 120 
517 235 248 
483 206 311 
583 203 214 
515 190 295 
688 154 158 
597 210 193 
724 132 144 
578 281 141 
647 224 129 
624 272 104 
618 183 199 
658 183 159 
525 266 209 
554 197 249 
640 233 127 
589 177 234 
603 220 177 
723 193 84 
626 186 188 
604 200 196 
723 179 98 
664 191 145 
663 171 166 
615 209 176 
587 210 203 
767 120 113 
594 216 190 
685 163 152 
527 205 268 
634 214 152 
704 210 86 
518 208 274 
649 209 142 
665 202 133 
607 212 181 
663 224 113 
650 168 182 
641 220 139 
566 196 238 
531 211 258 
780 176 44 
608 241 151 
660 207 133 
598 179 223 
603 176 221 
553 276 171 
581 262 157 
673 205 122 
551 199 250 
544 208 248 
650 183 167 
609 220 171 
668 210 122 
639 242 119 
593 230 177 
656 166 178 
619 220 161 
650 222 128 
524 220 256 
663 170 167 
661 230 109 
612 166 222 
602 179 219 
646 270 84 
544 133 323 
613 222 165 
700 185 115 
499 186 315 
707 198 95 
671 165 164 
650 214 136 
620 242 138 
638 197 165 
567 260 173 
575 214 211 
537 155 308 
626 219 155 
623 263 114 
565 281 154 
627 194 179 
556 220 224 
618 220 162 
610 178 212 
644 267 89 
609 237 154 
750 157 93 
651 179 170 
703 179 118 
613 204 183 
569 208 223 
679 111 210 
678 153 169 
698 204 98 
582 187 231 
609 208 183 
642 233 125 
583 220 197 
624 184 192 
635 211 154 
702 143 155 
572 188 240 
583 203 214 
645 235 120 
590 229 181 
526 218 256 
643 211 146 
683 159 158 
677 170 153 
583 195 222 
596 237 167 
675 185 140 
655 177 168 
652 224 124 
638 230 132 
600 162 238 
685 178 137 
586 216 198 
621 224 155 
648 227 125 
661 150 189 
607 219 174 
584 194 222 
602 172 226 
707 165 128 
663 176 161 
676 188 136 
609 234 157 
680 209 111 
655 258 87 
521 206 273 
541 222 237 
659 242 99 
595 258 147 
575 252 173 
674 234 92 
612 206 182 
656 194 150 
599 230 171 
685 241 74 
633 252 115 
598 126 276 
676 180 144 
715 174 111 
610 183 207 
594 217 189 
623 216 161 
724 204 72 
644 199 157 
595 211 194 
712 171 117 
596 187 217 
608 252 140 
656 185 159 
508 214 278 
603 195 202 
632 207 161 
674 200 126 
667 180 153 
537 241 222 
652 244 104 
609 245 146 
676 207 117 
738 186 76 
674 198 128 
671 176 153 
729 167 104 
591 217 192 
649 270 81 
631 184 185 
652 212 136 
583 178 239 
593 241 166 
632 227 141 
715 236 49 
636 198 166 
626 204 170 
547 213 240 
660 221 119 
581 232 187 
624 205 171 
512 212 276 
553 212 235 
593 209 198 
633 219 148 
606 198 196 
654 222 124 
595 243 162 
654 140 206 
697 189 114 
690 192 118 
655 155 190 
581 216 203 
598 196 206 
696 125 179 
474 145 381 
604 216 180 
589 245 166 
521 250 229 
546 260 194 
611 218 171 
717 194 89 
581 239 180 
748 171 81 
723 211 66 
707 207 86 
653 232 115 
685 185 130 
726 154 120 
625 176 199 
638 289 73 
601 206 193 
628 262 110 
663 186 151 
676 159 165 
556 163 281 
525 212 263 
619 219 162 
629 225 146 
547 184 269 
526 184 290 
642 195 163 
699 133 168 
639 196 165 
654 196 150 
645 208 147 
688 221 91 
543 261 196 
647 191 162 
558 182 260 
629 259 112 
623 219 158 
687 143 170 
643 200 157 
621 218 161 
686 205 109 
634 273 93 
664 134 202 
561 164 275 
690 212 98 
532 215 253 
747 171 82 
616 189 195 
589 247 164 
641 187 172 
622 237 141 
604 254 142 
526 236 238 
642 133 225 
605 186 209 
688 217 95 
513 189 298 
685 191 124 
631 190 179 
620 178 202 
589 181 230 
597 201 202 
663 209 128 
629 190 181 
602 211 187 
664 228 108 
656 160 184 
695 180 125 
676 122 202 
637 206 157 
609 215 176 
636 193 171 
644 161 195 
559 192 249 
607 244 149 
560 124 316 
530 242 228 
584 201 215 
638 183 179 
623 191 186 
616 231 153 
729 182 89 
647 199 154 
681 232 87 
637 211 152 
664 232 104 
577 222 201 
643 195 162 
655 212 133 
652 151 197 
602 180 218 
696 198 106 
689 188 123 
616 238 146 
585 218 197 
521 194 285 
695 144 161 
550 215 235 
645 191 164 
671 196 133 
527 235 238 
621 221 158 
681 185 134 
625 182 193 
651 187 162 
668 191 141 
610 210 180 
681 209 110 
616 235 149 
559 212 229 
605 214 181 
752 138 110 
584 245 171 
588 255 157 
553 207 240 
645 144 211 
779 135 86 
615 183 202 
592 194 214 
602 172 226 
586 208 206 
594 192 214 
617 194 189 
680 137 183 
585 179 236 
628 205 167 
635 184 181 
581 247 172 
672 222 106 
637 211 152 
679 157 164 
686 230 84 
655 258 87 
558 220 222 
626 200 174 
641 203 156 
653 204 143 
629 241 130 
613 250 137 
518 238 244 
674 187 139 
699 192 109 
575 214 211 
600 183 217 
643 204 153 
691 179 130 
617 274 109 
545 222 233 
595 168 237 
719 168 113 
660 177 163 
660 223 117 
675 199 126 
609 222 169 
571 149 280 
668 184 148 
660 214 126 
558 219 223 
622 177 201 
668 201 131 
691 178 131 
605 157 238 
595 224 181 
626 230 144 
593 260 147 
658 250 92 
679 179 142 
625 208 167 
605 185 210 
656 225 119 
650 161 189 
708 155 137 
690 136 174 
593 191 216 
630 209 161 
640 199 161 
584 245 171 
550 233 217 
670 206 124 
623 189 188 
677 158 165 
597 176 227 
652 190 158 
629 175 196 
648 230 122 
577 198 225 
667 210 123 
633 195 172 
657 152 191 
722 205 73 
653 178 169 
692 187 121 
583 195 222 
665 145 190 
449 206 345 
664 155 181 
669 176 155 
638 199 163 
628 226 146 
570 185 245 
697 191 112 
726 191 83 
626 199 175 
639 243 118 
690 186 124 
678 165 157 
602 221 177 
686 181 133 
712 136 152 
699 159 142 
656 218 126 
567 134 299 
540 168 292 
696 156 148 
543 247 210 
664 169 167 
601 221 178 
570 270 160 
608 230 162 
664 221 115 
613 241 146 
591 271 138 
662 208 130 
645 220 135 
568 228 204 
614 131 255 
644 252 104 
726 187 87 
695 184 121 
591 178 231 
568 176 256 
607 230 163 
618 173 209 
626 206 168 
586 194 220 
576 255 169 
503 132 365 
677 198 125 
630 201 169 
530 231 239 
599 204 197 
600 190 210 
569 194 237 
670 182 148 
630 170 200 
647 183 170 
664 244 92 
606 283 111 
507 205 288 
732 141 127 
634 206 160 
563 256 181 
600 217 183 
690 195 115 
596 235 169 
575 251 174 
520 217 263 
598 202 200 
565 251 184 
571 173 256 
569 188 243 
705 209 86 
625 213 162 
599 161 240 
657 174 169 
698 163 139 
661 222 117 
628 199 173 
608 161 231 
587 200 213 
637 251 112 
740 124 136 
639 197 164 
600 264 136 
577 239 184 
619 190 191 
618 162 220 
753 169 78 
674 165 161 
649 167 184 
631 198 171 
496 234 270 
730 212 58 
563 192 245 
545 278 177 
615 236 149 
633 261 106 
730 135 135 
626 224 150 
729 208 63 
644 299 57 
639 162 199 
666 234 100 
615 273 112 
686 187 127 
590 208 202 
699 145 156 
643 224 133 
536 176 288 
654 192 154 
617 169 214 
636 201 163 
613 259 128 
556 191 253 
672 199 129 
566 293 141 
671 154 175 
488 170 342 
529 246 225 
590 253 157 
655 196 149 
494 246 260 
699 178 123 
717 188 95 
543 205 252 
625 223 152 
660 181 159 
671 145 184 
645 175 180 
542 260 198 
619 220 161 
602 139 259 
645 210 145 
635 235 130 
640 209 151 
617 230 153 
575 227 198 
609 194 197 
699 222 79 
706 188 106 
598 242 160 
593 193 214 
565 225 210 
695 177 128 
561 248 191 
673 201 126 
664 175 161 
695 146 159 
599 177 224 
510 187 303 
451 244 305 
658 279 63 
686 201 113 
692 182 126 
610 243 147 
715 227 58 
503 228 269 
633 222 145 
663 200 137 
465 186 349 
704 206 90 
719 192 89 
574 245 181 
666 235 99 
588 226 186 
603 173 224 
668 146 186 
641 207 152 
692 255 53 
576 308 116 
517 160 323 
655 204 141 
676 205 119 
676 192 132 
607 223 170 
638 214 148 
644 207 149 
677 168 155 
519 235 246 
676 154 170 
541 257 202 
558 292 150 
574 201 225 
614 177 209 
733 160 107 
618 264 118 
687 185 128 
541 221 238 
698 156 146 
637 201 162 
643 164 193 
627 205 168 
546 228 226 
641 194 165 
586 188 226 
671 192 137 
786 149 65 
615 214 171 
717 198 85 
641 148 211 
608 203 189 
666 176 158 
711 198 91 
718 181 101 
621 215 164 
589 224 187 
690 152 158 
740 176 84 
584 220 196 
697 191 112 
605 262 133 
658 232 110 
748 166 86 
456 162 382 
665 222 113 
692 157 151 
669 141 190 
611 220 169 
577 256 167 
623 246 131 
587 180 233 
664 209 127 
649 264 87 
637 233 130 
559 191 250 
672 189 139 
603 140 257 
576 221 203 
656 198 146 
633 192 175 
568 210 222 
666 247 87 
676 174 150 
627 175 198 
656 192 152 
626 237 137 
537 182 281 
629 232 139 
611 211 178 
684 224 92 
696 176 128 
688 208 104 
651 167 182 
599 196 205 
518 279 203 
674 146 180 
663 213 124 
493 184 323 
605 194 201 
647 136 217 
628 242 130 
646 235 119 
390 207 403 
609 209 182 
523 274 203 
583 236 181 
564 170 266 
506 216 278 
613 192 195 
753 184 63 
728 177 95 
631 249 120 
641 192 167 
569 245 186 
682 192 126 
472 188 340 
555 210 235 
712 167 121 
640 168 192 
627 206 167 
762 133 105 
576 212 212 
671 179 150 
674 175 151 
763 149 88 
588 173 239 
769 131 100 
602 225 173 
599 197 204 
692 213 95 
668 156 176 
703 185 112 
634 177 189 
515 228 257 
589 239 172 
601 195 204 
694 186 120 
594 238 168 
619 226 155 
620 200 180 
632 189 179 
688 142 170 
580 260 160 
547 198 255 
623 182 195 
664 249 87 
667 235 98 
565 206 229 
683 185 132 
519 190 291 
698 222 80 
595 221 184 
680 119 201 
650 205 145 
606 176 218 
617 245 138 
586 231 183 
637 195 168 
598 199 203 
557 182 261 
631 166 203 
620 192 188 
676 220 104 
601 261 138 
593 249 158 
562 303 135 
717 164 119 
730 139 131 
619 182 199 
712 118 170 
643 183 174 
731 156 113 
656 197 147 
641 255 104 
540 237 223 
690 166 144 
585 251 164 
528 314 158 
481 201 318 
713 156 131 
583 151 266 
597 202 201 
642 200 158 
605 287 108 
547 231 222 
642 193 165 
608 274 118 
715 182 103 
629 218 153 
665 162 173 
583 193 224 
668 143 189 
619 212 169 
638 184 178 
657 163 180 
727 170 103 
618 223 159 
742 164 94 
615 263 122 
568 256 176 
634 212 154 
674 215 111 
592 250 158 
629 258 113 
639 172 189 
562 201 237 
629 183 188 
640 248 112 
582 171 247 
665 234 101 
585 222 193 
672 244 84 
631 179 190 
612 236 152 
634 224 142 
648 207 145 
592 247 161 
717 157 126 
556 219 225 
649 164 187 
688 216 96 
579 163 258 
551 221 228 
672 213 115 
594 227 179 
569 259 172 
685 158 157 
585 235 180 
664 205 131 
577 203 220 
579 185 236 
533 183 284 
638 251 111 
669 205 126 
599 212 189 
717 162 121 
724 136 140 
570 206 224 
589 202 209 
673 151 176 
622 206 172 
595 195 210 
587 238 175 
601 182 217 
659 217 124 
650 214 136 
569 188 243 
600 177 223 
565 183 252 
575 140 285 
608 188 204 
639 195 166 
539 243 218 
570 193 237 
639 209 152 
619 180 201 
596 219 185 
513 249 238 
678 165 157 
716 122 162 
639 246 115 
578 251 171 
627 159 214 
655 161 184 
663 171 166 
603 254 143 
702 175 123 
637 220 143 
620 253 127 
624 218 158 
700 163 137 
654 233 113 
725 172 103 
639 242 119 
671 195 134 
588 253 159 
606 294 100 
662 211 127 
639 139 222 
542 173 285 
646 203 151 
651 119 230 
626 215 159 
627 182 191 
604 240 156 
638 205 157 
681 215 104 
547 207 246 
632 175 193 
554 137 309 
620 207 173 
621 227 152 
644 192 164 
662 243 95 
589 234 177 
575 260 165 
764 108 128 
529 203 268 
544 292 164 
700 202 98 
465 293 242 
606 238 156 
629 178 193 
646 215 139 
636 112 252 
696 197 107 
665 220 115 
539 135 326 
549 236 215 
646 244 110 
499 235 266 
617 219 164 
767 172 61 
562 243 195 
585 199 216 
496 252 252 
596 118 286 
555 183 262 
750 137 113 
658 235 107 
501 173 326 
622 197 181 
514 184 302 
