0 35 148 
0 46 125 
0 16 44 
0 56 38 
0 28 78 
0 32 202 
0 59 93 
0 19 133 
0 40 92 
0 1 103 
0 13 167 
0 11 111 
0 19 116 
0 25 138 
0 43 52 
0 22 99 
0 8 29 
0 49 110 
0 25 84 
0 2 65 
0 33 84 
0 20 147 
0 9 109 
0 28 56 
0 24 146 
0 18 27 
0 29 91 
0 29 66 
0 36 95 
0 34 73 
0 20 47 
0 34 51 
0 53 106 
0 11 63 
0 36 70 
0 4 91 
0 6 95 
0 15 95 
0 12 43 
0 19 130 
0 24 117 
0 16 65 
0 23 70 
0 11 63 
0 36 45 
0 50 93 
0 27 122 
0 9 81 
0 22 129 
0 21 129 
0 32 147 
0 15 99 
0 22 134 
0 34 34 
0 11 102 
0 23 117 
0 24 129 
0 32 102 
0 38 29 
0 30 104 
0 5 109 
0 44 51 
0 44 58 
0 42 102 
0 3 44 
0 20 49 
0 59 144 
0 45 82 
0 31 58 
0 30 179 
0 10 85 
0 25 45 
0 27 46 
0 24 38 
0 13 78 
0 9 21 
0 33 73 
0 88 209 
0 33 68 
0 9 48 
0 17 205 
0 9 31 
0 13 104 
0 10 62 
0 17 63 
0 11 150 
0 35 103 
0 34 79 
0 22 53 
0 35 46 
0 25 47 
0 3 97 
0 40 151 
0 48 186 
0 2 81 
0 23 126 
0 27 110 
0 25 90 
0 20 84 
0 30 143 
0 57 79 
0 37 56 
0 65 109 
0 34 141 
0 15 161 
0 24 161 
0 51 75 
0 44 85 
0 24 150 
0 48 66 
0 41 52 
0 37 96 
0 6 90 
0 60 81 
0 17 69 
0 20 145 
0 9 116 
0 35 85 
0 17 104 
0 16 144 
0 61 73 
0 67 185 
0 27 90 
0 22 74 
0 17 134 
0 56 109 
0 36 119 
0 36 119 
0 19 101 
0 33 81 
0 28 88 
0 13 99 
0 61 110 
0 35 88 
0 8 111 
0 38 127 
0 44 199 
0 11 105 
0 11 68 
0 24 180 
0 11 106 
0 18 88 
0 37 137 
0 19 105 
0 53 70 
0 34 62 
0 10 54 
0 15 61 
0 30 139 
0 26 72 
0 15 120 
0 12 69 
0 37 60 
0 38 141 
0 9 65 
0 6 137 
0 17 81 
0 65 107 
0 73 55 
0 29 109 
0 21 119 
0 9 70 
0 9 106 
0 41 93 
0 34 44 
0 36 121 
0 13 67 
0 38 142 
0 10 84 
0 32 166 
0 53 140 
0 20 91 
0 18 74 
0 32 52 
0 36 62 
0 22 76 
0 11 132 
0 11 71 
0 14 123 
0 19 92 
0 41 86 
0 23 78 
0 28 86 
0 75 37 
0 25 74 
0 44 131 
0 33 228 
0 44 109 
0 31 163 
0 50 109 
0 33 115 
0 15 38 
0 16 96 
0 29 186 
0 15 78 
0 16 84 
0 22 61 
0 26 29 
0 29 108 
0 14 188 
0 34 47 
0 18 124 
0 52 74 
0 37 143 
0 24 44 
0 27 94 
0 18 205 
0 25 112 
0 27 66 
0 32 56 
0 41 50 
0 30 71 
0 46 42 
0 46 60 
0 22 129 
0 41 73 
0 46 82 
0 44 21 
0 6 103 
0 37 69 
0 38 147 
0 38 112 
0 26 88 
0 53 75 
0 16 69 
0 28 168 
0 27 137 
0 66 160 
0 17 104 
0 16 193 
0 17 70 
0 31 83 
0 30 55 
0 1 134 
0 36 90 
0 32 127 
0 29 151 
0 33 143 
0 39 88 
0 3 81 
0 36 56 
0 24 108 
0 6 28 
0 18 98 
0 2 65 
0 15 71 
0 32 37 
0 16 106 
0 50 87 
0 20 66 
0 41 79 
0 22 103 
0 76 92 
0 25 78 
0 60 57 
0 19 134 
0 27 120 
0 34 100 
0 25 42 
0 55 97 
0 26 67 
0 13 106 
0 44 114 
0 12 152 
0 40 115 
0 10 139 
0 21 77 
0 44 89 
0 30 60 
0 24 58 
0 18 65 
0 22 45 
0 10 102 
0 27 129 
0 36 104 
0 12 83 
0 20 123 
0 28 66 
0 18 79 
0 21 56 
0 25 54 
0 35 141 
0 36 31 
0 10 77 
0 1 104 
0 18 47 
0 39 251 
0 22 55 
0 50 162 
0 57 51 
0 23 111 
0 44 116 
0 6 37 
0 14 58 
0 24 126 
0 20 106 
0 12 58 
0 16 118 
0 33 64 
0 13 91 
0 34 73 
0 33 79 
0 22 97 
0 36 82 
0 67 86 
0 20 83 
0 25 128 
0 2 60 
0 18 112 
0 12 115 
0 12 70 
0 27 72 
0 35 86 
0 9 49 
0 52 181 
0 58 171 
0 34 117 
0 26 179 
0 31 114 
0 27 51 
0 1 102 
0 30 58 
0 39 69 
0 1 112 
0 28 156 
0 10 27 
0 24 85 
0 36 174 
0 15 96 
0 38 114 
0 66 68 
0 57 168 
0 28 87 
0 16 42 
0 30 148 
0 18 90 
0 10 80 
0 13 49 
0 27 64 
0 37 137 
0 36 59 
0 57 74 
0 42 62 
0 24 56 
0 66 63 
0 17 86 
0 44 27 
0 36 71 
0 40 161 
0 16 55 
0 13 155 
0 28 39 
0 22 51 
0 25 129 
0 24 75 
0 44 59 
0 28 88 
0 6 83 
0 31 108 
0 8 89 
0 19 141 
0 13 63 
0 40 92 
0 34 82 
0 2 70 
0 16 116 
0 28 57 
0 42 76 
0 25 48 
0 8 98 
0 54 81 
0 5 88 
0 15 92 
0 26 93 
0 35 92 
0 12 60 
0 19 102 
0 8 53 
0 34 116 
0 35 52 
0 13 55 
0 17 26 
0 42 80 
0 11 104 
0 25 53 
0 26 87 
0 13 46 
0 25 76 
0 18 94 
0 14 92 
0 40 64 
0 39 125 
0 13 83 
0 36 105 
0 68 69 
0 17 74 
0 31 86 
0 34 22 
0 20 50 
0 43 67 
0 18 99 
0 35 67 
0 26 77 
0 43 119 
0 37 116 
0 31 117 
0 13 102 
0 9 135 
0 6 38 
0 30 77 
0 53 53 
0 52 226 
0 34 136 
0 13 88 
0 48 100 
0 17 27 
0 18 166 
0 49 94 
0 28 127 
0 9 126 
0 61 100 
0 23 75 
0 29 68 
0 14 70 
0 16 92 
0 4 112 
0 8 20 
0 26 77 
0 38 74 
0 10 262 
0 30 53 
0 22 67 
0 14 85 
0 36 108 
0 22 76 
0 24 53 
0 43 58 
0 20 230 
0 34 67 
0 8 112 
0 15 57 
0 18 56 
0 10 73 
0 27 139 
0 23 59 
0 21 45 
0 17 93 
0 15 145 
0 29 104 
0 21 49 
0 56 61 
0 20 28 
0 38 63 
0 13 110 
0 23 101 
0 37 149 
0 15 178 
0 16 119 
0 19 115 
0 53 69 
0 29 133 
0 39 63 
0 18 70 
0 3 38 
0 25 113 
0 20 52 
0 55 121 
0 32 126 
0 13 89 
0 34 90 
0 42 34 
0 48 55 
0 5 89 
0 24 120 
0 20 88 
0 49 97 
0 13 113 
0 44 68 
0 24 37 
0 42 65 
0 31 61 
0 64 27 
0 88 50 
0 51 93 
0 22 83 
0 20 73 
0 30 81 
0 57 66 
0 15 124 
0 17 35 
0 32 115 
0 50 59 
0 8 204 
0 10 77 
0 52 54 
0 13 110 
0 21 86 
0 12 157 
0 26 91 
0 6 95 
0 12 149 
0 6 88 
0 54 76 
0 54 70 
0 29 153 
0 22 80 
0 16 136 
0 34 76 
0 33 72 
0 58 46 
0 9 99 
0 34 56 
0 23 241 
0 11 84 
0 6 128 
0 8 85 
0 68 151 
0 19 165 
0 42 80 
0 27 117 
0 22 94 
0 29 57 
0 15 103 
0 12 34 
0 37 34 
0 45 54 
0 20 105 
0 18 115 
0 58 172 
0 44 104 
0 51 63 
0 23 100 
0 44 160 
0 18 63 
0 14 59 
0 32 59 
0 36 103 
0 35 53 
0 42 112 
0 23 97 
0 23 122 
0 20 148 
0 28 117 
0 33 64 
0 29 90 
0 53 96 
0 27 64 
0 60 127 
0 41 64 
0 40 57 
0 39 132 
0 18 93 
0 46 152 
0 33 94 
0 1 108 
0 14 91 
0 32 80 
0 12 62 
0 56 82 
0 24 161 
0 40 112 
0 19 54 
0 11 96 
0 19 87 
0 6 109 
0 34 98 
0 31 139 
0 31 87 
0 58 70 
0 24 101 
0 51 152 
0 47 60 
0 19 105 
0 16 64 
0 12 85 
0 24 102 
0 13 78 
0 30 187 
0 40 89 
0 52 78 
0 22 21 
0 35 79 
0 28 144 
0 36 157 
0 15 50 
0 27 162 
0 35 94 
0 49 41 
0 25 139 
0 30 67 
0 30 45 
0 37 22 
0 64 74 
0 33 62 
0 21 76 
0 61 102 
0 42 71 
0 26 99 
0 7 49 
0 30 61 
0 17 61 
0 34 26 
0 81 90 
0 28 48 
0 6 192 
0 19 93 
0 19 95 
0 18 70 
0 15 114 
0 36 77 
0 53 99 
0 16 60 
0 23 149 
0 66 126 
0 45 113 
0 54 85 
0 27 90 
0 27 63 
0 15 78 
0 19 95 
0 26 147 
0 9 135 
0 36 103 
0 35 131 
0 41 118 
0 39 125 
0 21 71 
0 15 45 
0 20 46 
0 42 70 
0 31 152 
0 61 52 
0 67 78 
0 26 56 
0 31 98 
0 16 71 
0 62 102 
0 22 192 
0 37 117 
0 27 100 
0 6 110 
0 24 110 
0 31 86 
0 3 83 
0 24 41 
0 37 45 
0 1 110 
0 22 95 
0 43 38 
0 20 60 
0 18 73 
0 22 132 
0 30 81 
0 10 87 
0 23 107 
0 35 109 
0 36 95 
0 14 91 
0 40 132 
0 17 23 
0 11 189 
0 26 107 
0 12 101 
0 23 71 
0 49 73 
0 16 127 
0 4 90 
0 52 125 
0 22 88 
0 37 42 
0 65 82 
0 34 108 
0 17 70 
0 15 58 
0 2 100 
0 25 39 
0 54 60 
0 3 241 
0 23 137 
0 21 34 
0 53 122 
0 67 129 
0 47 112 
0 59 61 
0 20 85 
0 93 49 
0 31 74 
0 16 123 
0 14 53 
0 24 122 
0 14 147 
0 27 142 
0 12 125 
0 30 80 
0 7 130 
0 32 61 
0 34 36 
0 39 74 
0 18 58 
0 15 151 
0 61 130 
0 50 30 
0 27 63 
0 32 56 
0 29 70 
0 32 43 
0 35 84 
0 14 24 
0 25 70 
0 60 76 
0 19 66 
0 58 69 
0 32 122 
0 54 108 
0 21 157 
0 23 88 
0 34 123 
0 19 67 
0 21 69 
0 17 110 
0 24 180 
0 37 87 
0 34 92 
0 24 53 
0 19 151 
0 14 94 
0 30 176 
0 21 70 
0 24 143 
0 32 119 
0 21 69 
0 46 72 
0 10 105 
0 22 83 
0 11 97 
0 37 57 
0 27 76 
0 52 148 
0 44 149 
0 17 139 
0 26 80 
0 28 86 
0 47 130 
0 13 118 
0 50 70 
0 15 48 
0 20 153 
0 18 111 
0 28 86 
0 25 59 
0 15 52 
0 39 63 
0 6 131 
0 50 71 
0 22 117 
0 61 41 
0 13 101 
0 44 99 
0 10 86 
0 11 100 
0 28 72 
0 36 140 
0 20 125 
0 10 39 
0 14 81 
0 33 74 
0 30 126 
0 44 86 
0 22 149 
0 48 94 
0 27 81 
0 35 125 
0 17 117 
0 21 82 
0 42 80 
0 25 66 
0 36 85 
0 29 201 
0 19 115 
0 22 100 
0 35 115 
0 19 134 
0 20 110 
0 16 83 
0 55 25 
0 27 61 
0 32 115 
0 39 138 
0 25 132 
0 31 111 
0 9 105 
0 3 129 
0 17 94 
0 39 32 
0 48 72 
0 5 92 
0 31 168 
0 12 100 
0 29 44 
0 23 83 
0 63 52 
0 10 113 
0 35 96 
0 54 97 
0 19 123 
0 24 86 
0 12 69 
0 15 48 
0 18 176 
0 39 46 
0 41 100 
0 12 97 
0 34 60 
0 26 45 
0 29 93 
0 42 53 
0 29 58 
0 18 78 
0 33 91 
0 27 70 
0 65 123 
0 44 71 
0 29 94 
0 16 127 
0 18 135 
0 15 95 
0 5 82 
0 42 108 
0 50 98 
0 16 141 
0 29 106 
0 25 76 
0 15 26 
0 19 125 
0 13 109 
0 30 75 
0 16 36 
0 14 109 
0 30 77 
0 5 73 
0 47 70 
0 27 59 
0 12 110 
0 13 56 
0 12 92 
0 19 81 
0 15 49 
0 39 53 
0 22 161 
0 25 80 
0 38 112 
0 11 63 
0 38 75 
0 28 76 
0 38 181 
0 54 25 
0 63 111 
0 13 166 
0 31 71 
0 56 84 
0 11 143 
0 22 71 
0 30 56 
0 34 212 
0 44 65 
0 14 252 
0 13 126 
0 46 56 
0 41 58 
0 52 36 
0 11 93 
0 36 134 
0 20 46 
0 15 65 
0 29 81 
0 4 101 
0 23 35 
0 24 138 
0 32 49 
0 26 118 
0 30 105 
0 37 48 
0 14 47 
0 6 69 
0 19 104 
0 57 74 
0 29 75 
0 17 55 
0 3 50 
0 32 53 
0 21 74 
0 15 104 
0 29 142 
0 36 44 
0 25 58 
0 6 47 
0 54 133 
0 24 163 
0 16 45 
0 31 45 
0 31 81 
0 27 109 
0 39 74 
0 11 72 
0 33 68 
0 27 50 
0 67 58 
0 63 118 
0 21 65 
0 61 49 
0 28 97 
0 24 139 
0 37 60 
0 22 54 
0 37 122 
0 6 60 
0 22 107 
0 26 95 
0 21 147 
0 38 121 
0 20 133 
0 46 215 
0 36 58 
0 63 34 
0 31 76 
0 59 105 
0 31 62 
0 22 140 
0 16 184 
0 34 89 
0 22 79 
0 13 69 
0 25 70 
0 27 101 
0 12 126 
0 17 69 
0 23 121 
0 17 130 
0 33 98 
0 25 47 
0 26 144 
0 9 52 
0 34 109 
0 48 37 
0 27 25 
0 33 128 
0 49 79 
0 12 31 
0 5 56 
0 29 106 
0 34 176 
0 5 125 
0 19 37 
0 44 138 
0 20 43 
0 48 106 
0 33 78 
0 40 109 
0 13 107 
0 45 62 
0 12 110 
0 35 68 
0 19 78 
0 15 130 
0 29 103 
0 6 146 
0 17 32 
0 11 87 
0 44 177 
0 18 83 
0 26 106 
0 29 106 
0 24 35 
0 6 120 
0 34 85 
0 32 96 
0 18 55 
0 36 67 
0 63 59 
0 27 118 
0 38 64 
0 34 34 
0 12 109 
0 18 80 
0 17 63 
0 5 62 
0 9 95 
0 13 80 
0 40 44 
0 13 108 
0 17 127 
0 30 41 
0 48 91 
0 43 88 
0 27 101 
0 3 86 
0 10 64 
0 26 50 
0 25 89 
0 22 98 
