0 21 111 
0 41 82 
0 55 137 
0 27 98 
0 31 75 
0 37 73 
0 32 84 
0 40 59 
0 44 61 
0 22 78 
0 16 116 
0 29 80 
0 25 73 
0 42 64 
0 39 49 
0 41 50 
0 41 110 
0 39 104 
0 29 100 
0 25 130 
0 28 46 
0 32 74 
0 64 77 
0 25 119 
0 26 86 
0 15 106 
0 41 127 
0 19 69 
0 33 77 
0 13 48 
0 18 134 
0 18 93 
0 23 104 
0 21 61 
0 28 142 
0 61 37 
0 10 135 
0 30 77 
0 44 108 
0 28 93 
0 17 97 
0 17 96 
0 37 60 
0 19 48 
0 36 128 
0 52 79 
0 31 45 
0 6 104 
0 7 125 
0 19 139 
0 34 88 
0 18 84 
0 22 65 
0 14 55 
0 38 166 
0 23 35 
0 21 55 
0 23 88 
0 20 124 
0 22 106 
0 23 103 
0 54 99 
0 46 41 
0 19 146 
0 12 72 
0 10 43 
0 18 98 
0 52 85 
0 17 34 
0 57 101 
0 56 71 
0 20 79 
0 41 63 
0 48 87 
0 22 85 
0 37 125 
0 37 111 
0 22 128 
0 50 49 
0 20 144 
0 20 46 
0 34 50 
0 19 85 
0 23 38 
0 21 31 
0 30 77 
0 29 117 
0 25 84 
0 23 83 
0 20 54 
0 12 47 
0 27 117 
0 36 82 
0 24 83 
0 35 169 
0 39 78 
0 33 94 
0 42 131 
0 39 53 
0 75 62 
0 16 52 
0 28 106 
0 23 120 
0 14 54 
0 59 65 
0 58 96 
0 26 65 
0 45 112 
0 33 101 
0 27 111 
0 40 72 
0 45 141 
0 43 17 
0 50 74 
0 14 59 
0 54 72 
0 70 76 
0 21 170 
0 19 125 
0 28 69 
0 28 60 
0 20 47 
0 20 175 
0 38 133 
0 20 116 
0 15 80 
0 16 47 
0 3 56 
0 53 53 
0 22 113 
0 42 91 
0 43 194 
0 18 49 
0 16 119 
0 22 73 
0 13 91 
0 16 102 
0 34 23 
0 21 105 
0 48 36 
0 3 176 
0 3 47 
0 13 77 
0 22 79 
0 21 36 
0 38 93 
0 37 58 
0 26 99 
0 58 132 
0 25 126 
0 2 127 
0 14 131 
0 15 28 
0 56 64 
0 11 169 
0 26 126 
0 10 37 
0 29 160 
0 14 116 
0 46 102 
0 27 88 
0 18 67 
0 9 78 
0 18 137 
0 22 182 
0 13 157 
0 33 74 
0 43 62 
0 31 95 
0 38 72 
0 27 69 
0 14 60 
0 11 118 
0 16 60 
0 18 66 
0 44 100 
0 22 79 
0 30 85 
0 54 77 
0 37 128 
0 48 98 
0 8 93 
0 26 151 
0 20 96 
0 34 114 
0 27 93 
0 35 145 
0 33 65 
0 20 93 
0 26 95 
0 20 138 
0 10 108 
0 22 134 
0 51 109 
0 2 63 
0 31 93 
0 28 123 
0 48 74 
0 16 95 
0 9 95 
0 54 124 
0 39 81 
0 44 138 
0 37 97 
0 10 83 
0 33 115 
0 10 48 
0 32 60 
0 26 93 
0 18 90 
0 42 82 
0 31 98 
0 42 37 
0 54 94 
0 21 67 
0 24 165 
0 18 109 
0 15 41 
0 29 63 
0 20 62 
0 43 77 
0 11 81 
0 28 60 
0 22 41 
0 28 63 
0 28 75 
0 13 113 
0 19 81 
0 56 86 
0 21 110 
0 32 155 
0 37 142 
0 43 146 
0 14 47 
0 30 67 
0 21 128 
0 28 132 
0 15 89 
0 62 98 
0 30 25 
0 56 112 
0 11 96 
0 16 24 
0 47 59 
0 25 123 
0 47 107 
0 13 46 
0 26 63 
0 37 90 
0 9 85 
0 31 57 
0 47 81 
0 25 73 
0 20 91 
0 36 42 
0 37 100 
0 32 98 
0 66 159 
0 27 131 
0 41 85 
0 21 62 
0 24 70 
0 26 58 
0 48 155 
0 12 44 
0 19 89 
0 25 73 
0 34 140 
0 16 137 
0 20 54 
0 36 109 
0 18 68 
0 27 44 
0 14 221 
0 11 99 
0 27 90 
0 52 70 
0 26 123 
0 23 59 
0 27 56 
0 32 159 
0 18 79 
0 22 73 
0 42 108 
0 30 109 
0 28 93 
0 31 70 
0 40 89 
0 8 48 
0 54 105 
0 42 81 
0 19 102 
0 19 60 
0 20 124 
0 22 114 
0 44 167 
0 25 130 
0 41 117 
0 35 57 
0 26 131 
0 42 48 
0 0 90 
0 10 45 
0 55 76 
0 5 109 
0 2 48 
0 14 249 
0 11 118 
0 5 31 
0 24 82 
0 9 64 
0 13 51 
0 7 56 
0 10 63 
0 29 46 
0 37 50 
0 11 63 
0 40 46 
0 16 120 
0 35 91 
0 45 129 
0 35 85 
0 30 105 
0 23 47 
0 37 111 
0 24 150 
0 34 51 
0 62 89 
0 25 120 
0 17 93 
0 26 140 
0 20 99 
0 24 93 
0 47 58 
0 32 64 
0 15 74 
0 10 38 
0 37 111 
0 56 79 
0 26 33 
0 25 69 
0 40 95 
0 33 90 
0 14 83 
0 9 57 
0 44 105 
0 19 58 
0 20 88 
0 21 141 
0 8 56 
0 19 105 
0 3 41 
0 22 88 
0 23 65 
0 23 61 
0 21 76 
0 28 91 
0 52 130 
0 16 205 
0 50 38 
0 29 102 
0 34 112 
0 15 83 
0 17 85 
0 9 90 
0 17 65 
0 34 92 
0 37 149 
0 30 87 
0 21 88 
0 36 106 
0 8 80 
0 50 161 
0 32 85 
0 20 55 
0 14 92 
0 33 125 
0 60 149 
0 35 72 
0 20 75 
0 24 35 
0 8 53 
0 12 65 
0 13 112 
0 17 77 
0 16 103 
0 20 97 
0 8 102 
0 16 85 
0 30 60 
0 19 79 
0 24 157 
0 32 71 
0 29 67 
0 35 83 
0 46 78 
0 24 57 
0 33 110 
0 18 61 
0 34 89 
0 50 72 
0 57 80 
0 36 77 
0 36 96 
0 4 89 
0 36 71 
0 46 38 
0 60 66 
0 34 61 
0 40 66 
0 47 40 
0 28 131 
0 37 96 
0 6 86 
0 37 125 
0 64 25 
0 25 94 
0 18 37 
0 76 143 
0 8 186 
0 28 77 
0 42 183 
0 42 57 
0 12 117 
0 53 168 
0 39 97 
0 21 106 
0 11 72 
0 21 93 
0 45 67 
0 16 108 
0 9 68 
0 13 108 
0 19 126 
0 20 122 
0 34 104 
0 28 122 
0 10 74 
0 34 141 
0 12 146 
0 5 73 
0 30 90 
0 53 66 
0 30 125 
0 47 80 
0 28 118 
0 21 78 
0 48 73 
0 21 72 
0 16 44 
0 27 111 
0 34 96 
0 38 66 
0 29 132 
0 22 75 
0 37 170 
0 33 119 
0 30 69 
0 29 79 
0 4 38 
0 39 100 
0 29 89 
0 12 46 
0 30 93 
0 19 60 
0 59 65 
0 36 45 
0 23 109 
0 34 180 
0 37 68 
0 44 111 
0 17 54 
0 18 113 
0 16 156 
0 8 126 
0 24 82 
0 18 117 
0 41 43 
0 51 139 
0 33 101 
0 19 43 
0 33 203 
0 43 77 
0 33 162 
0 24 85 
0 39 53 
0 46 73 
0 22 28 
0 33 56 
0 29 135 
0 28 153 
0 35 107 
0 42 162 
0 42 74 
0 36 79 
0 74 84 
0 42 95 
0 25 34 
0 21 91 
0 28 92 
0 22 95 
0 33 99 
0 39 78 
0 19 86 
0 22 26 
0 35 79 
0 10 51 
0 23 93 
0 8 60 
0 15 108 
0 24 86 
0 15 54 
0 22 98 
0 16 91 
0 18 55 
0 29 145 
0 33 161 
0 43 44 
0 42 65 
0 65 123 
0 18 68 
0 16 98 
0 18 205 
0 50 128 
0 30 125 
0 19 94 
0 24 111 
0 38 82 
0 29 161 
0 13 96 
0 61 56 
0 6 101 
0 30 111 
0 25 67 
0 26 119 
0 30 57 
0 13 189 
0 8 114 
0 42 67 
0 42 82 
0 31 138 
0 42 92 
0 30 124 
0 50 45 
0 20 98 
0 35 187 
0 19 76 
0 19 213 
0 33 160 
0 14 76 
0 35 49 
0 21 139 
0 24 42 
0 29 115 
0 15 103 
0 24 200 
0 33 97 
0 27 88 
0 56 56 
0 8 65 
0 13 103 
0 60 76 
0 6 92 
0 31 63 
0 16 142 
0 36 90 
0 20 152 
0 39 100 
0 41 131 
0 11 94 
0 22 126 
0 26 97 
0 31 39 
0 24 102 
0 43 54 
0 30 87 
0 17 177 
0 18 104 
0 17 124 
0 30 55 
0 29 69 
0 16 109 
0 36 126 
0 38 61 
0 10 46 
0 12 106 
0 34 30 
0 40 118 
0 35 53 
0 54 112 
0 36 66 
0 19 90 
0 27 82 
0 11 135 
0 30 57 
0 21 93 
0 15 66 
0 55 53 
0 15 135 
0 30 82 
0 37 102 
0 14 96 
0 20 69 
0 17 89 
0 24 76 
0 34 32 
0 12 64 
0 42 68 
0 6 107 
0 19 112 
0 66 76 
0 19 77 
0 29 90 
0 9 242 
0 20 124 
0 23 92 
0 64 75 
0 18 114 
0 26 52 
0 32 110 
0 32 145 
0 27 128 
0 18 117 
0 28 156 
0 5 58 
0 36 155 
0 19 50 
0 85 114 
0 11 100 
0 28 61 
0 31 41 
0 23 116 
0 31 129 
0 26 106 
0 35 121 
0 31 54 
0 45 105 
0 47 101 
0 34 80 
0 32 86 
0 17 100 
0 43 163 
0 32 57 
0 30 68 
0 38 90 
0 23 86 
0 10 222 
0 11 166 
0 28 70 
0 13 171 
0 30 95 
0 40 137 
0 49 42 
0 30 69 
0 13 76 
0 11 88 
0 11 67 
0 28 53 
0 5 49 
0 49 176 
0 25 106 
0 2 115 
0 31 65 
0 45 45 
0 26 99 
0 23 72 
0 51 97 
0 9 89 
0 28 75 
0 32 22 
0 32 60 
0 17 147 
0 21 129 
0 27 128 
0 37 137 
0 30 103 
0 33 72 
0 33 71 
0 22 59 
0 19 48 
0 23 145 
0 50 77 
0 9 109 
0 32 89 
0 40 58 
0 24 89 
0 34 33 
0 37 51 
0 46 76 
0 5 108 
0 28 106 
0 37 84 
0 18 123 
0 6 98 
0 10 166 
0 5 112 
0 27 93 
0 51 70 
0 55 141 
0 29 117 
0 42 77 
0 14 126 
0 30 77 
0 20 112 
0 34 111 
0 42 79 
0 22 91 
0 19 66 
0 14 75 
0 28 104 
0 40 44 
0 17 84 
0 7 159 
0 33 29 
0 31 57 
0 28 67 
0 22 52 
0 37 146 
0 33 81 
0 54 48 
0 35 114 
0 38 189 
0 9 79 
0 30 67 
0 7 36 
0 34 123 
0 49 61 
0 26 55 
0 20 137 
0 22 138 
0 28 94 
0 19 59 
0 30 157 
0 13 114 
0 15 102 
0 9 59 
0 13 99 
0 9 153 
0 21 177 
0 16 118 
0 55 67 
0 49 103 
0 10 67 
0 25 77 
0 33 69 
0 24 37 
0 13 65 
0 10 90 
0 19 73 
0 27 38 
0 16 74 
0 24 75 
0 42 89 
0 27 69 
0 51 81 
0 3 109 
0 16 74 
0 11 101 
0 27 106 
0 31 81 
0 34 57 
0 18 114 
0 15 57 
0 49 59 
0 22 181 
0 34 99 
0 26 78 
0 30 75 
0 14 98 
0 41 69 
0 39 91 
0 28 78 
0 29 110 
0 24 77 
0 22 63 
0 28 54 
0 42 117 
0 7 49 
0 43 121 
0 37 160 
0 33 80 
0 18 148 
0 23 140 
0 9 90 
0 17 102 
0 16 126 
0 16 55 
0 10 61 
0 14 108 
0 30 77 
0 49 100 
0 22 95 
0 44 162 
0 9 96 
0 19 85 
0 10 110 
0 17 91 
0 7 86 
0 22 197 
0 24 105 
0 10 91 
0 20 94 
0 39 80 
0 21 48 
0 25 106 
0 7 36 
0 15 151 
0 44 96 
0 39 51 
0 17 80 
0 9 137 
0 34 68 
0 28 111 
0 74 71 
0 24 137 
0 72 128 
0 22 141 
0 17 79 
0 48 133 
0 22 43 
0 19 76 
0 21 72 
0 18 124 
0 29 119 
0 19 69 
0 18 48 
0 22 59 
0 44 36 
0 17 43 
0 36 76 
0 47 74 
0 8 99 
0 84 56 
0 23 97 
0 22 77 
0 25 68 
0 19 57 
0 11 77 
0 23 54 
0 17 158 
0 12 97 
0 34 117 
0 52 84 
0 22 145 
0 13 83 
0 32 151 
0 16 80 
0 32 96 
0 34 68 
0 31 106 
0 28 86 
0 47 90 
0 35 51 
0 20 62 
0 12 83 
0 27 64 
0 41 73 
0 8 87 
0 20 102 
0 23 65 
0 19 96 
0 28 94 
0 51 65 
0 35 167 
0 24 127 
0 29 55 
0 44 87 
0 28 66 
0 26 36 
0 16 108 
0 33 145 
0 41 89 
0 13 96 
0 15 142 
0 24 76 
0 28 73 
0 60 17 
0 24 116 
0 26 86 
0 41 92 
0 19 103 
0 25 42 
0 19 106 
0 15 110 
0 23 116 
0 29 71 
0 26 98 
0 37 96 
0 31 66 
0 64 75 
0 26 67 
0 48 61 
0 34 80 
0 24 176 
0 20 110 
0 38 33 
0 21 93 
0 61 100 
0 40 101 
0 13 115 
0 15 79 
0 28 61 
0 23 105 
0 30 108 
0 18 47 
0 24 132 
0 36 56 
0 54 57 
0 29 88 
0 22 64 
0 12 30 
0 24 152 
0 34 59 
0 19 150 
0 42 85 
0 28 166 
0 63 59 
0 17 131 
0 54 24 
0 7 64 
0 23 75 
0 35 31 
0 11 128 
0 16 92 
0 31 126 
0 47 57 
0 33 56 
0 14 49 
0 16 67 
0 41 109 
0 26 69 
0 24 65 
0 9 132 
0 29 37 
0 62 179 
0 73 67 
0 22 74 
0 35 84 
0 18 47 
0 5 41 
0 42 67 
0 22 116 
0 38 138 
0 41 119 
0 16 150 
0 24 83 
0 36 43 
0 18 43 
0 40 54 
0 50 60 
0 40 74 
0 54 74 
0 53 76 
0 66 141 
0 31 102 
0 18 67 
0 21 126 
0 24 56 
0 24 19 
0 7 147 
0 30 67 
0 10 76 
0 19 115 
0 50 70 
0 27 124 
0 30 99 
0 27 66 
0 84 49 
0 26 113 
0 19 110 
0 27 110 
0 16 30 
0 13 68 
0 37 92 
0 12 145 
0 27 74 
0 64 53 
0 17 58 
0 61 60 
0 12 143 
0 23 132 
0 32 134 
0 16 49 
0 33 83 
0 41 103 
0 47 144 
0 41 60 
0 35 114 
0 11 24 
0 25 62 
0 24 129 
0 15 97 
0 26 138 
0 22 115 
0 24 61 
0 25 81 
0 37 70 
0 24 93 
0 16 63 
0 40 84 
