0 97 25 
0 149 32 
0 131 13 
0 76 33 
0 101 5 
0 114 42 
0 98 23 
0 97 34 
0 104 31 
0 60 25 
0 82 33 
0 94 34 
0 130 60 
0 120 12 
0 123 21 
0 157 16 
0 144 46 
0 93 54 
0 118 11 
0 100 67 
0 102 35 
0 135 55 
0 70 26 
0 112 25 
0 105 38 
0 124 51 
0 106 26 
0 111 27 
0 160 16 
0 113 62 
0 90 40 
0 111 17 
0 83 33 
0 86 22 
0 161 14 
0 90 91 
0 87 64 
0 105 26 
0 123 13 
0 67 90 
0 99 10 
0 158 17 
0 150 40 
0 98 65 
0 127 23 
0 119 46 
0 110 22 
0 80 80 
0 143 45 
0 129 7 
0 132 26 
0 165 25 
0 121 88 
0 121 84 
0 82 24 
0 104 52 
0 112 31 
0 119 30 
0 136 29 
0 109 12 
0 114 59 
0 109 15 
0 100 19 
0 140 36 
0 179 37 
0 109 25 
0 109 61 
0 138 21 
0 121 40 
0 171 54 
0 114 30 
0 107 20 
0 139 16 
0 96 32 
0 176 24 
0 144 44 
0 74 45 
0 136 40 
0 130 47 
0 113 28 
0 95 72 
0 67 41 
0 103 64 
0 139 32 
0 104 37 
0 134 16 
0 103 32 
0 99 69 
0 139 48 
0 118 44 
0 83 34 
0 102 10 
0 106 65 
0 143 52 
0 149 5 
0 112 31 
0 126 45 
0 129 58 
0 121 33 
0 69 38 
0 123 33 
0 79 22 
0 99 38 
0 94 47 
0 62 7 
0 126 18 
0 101 22 
0 141 35 
0 131 16 
0 169 80 
0 163 37 
0 149 53 
0 185 14 
0 86 20 
0 145 30 
0 162 46 
0 90 9 
0 67 35 
0 94 78 
0 78 63 
0 59 46 
0 134 48 
0 146 39 
0 129 68 
0 103 26 
0 136 14 
0 122 169 
0 83 30 
0 144 48 
0 81 20 
0 115 74 
0 103 46 
0 97 82 
0 72 65 
0 104 101 
0 127 41 
0 145 59 
0 106 64 
0 83 37 
0 122 42 
0 120 51 
0 192 39 
0 135 25 
0 61 57 
0 89 39 
0 115 30 
0 107 48 
0 143 50 
0 165 31 
0 130 19 
0 143 33 
0 137 50 
0 131 21 
0 131 16 
0 128 59 
0 125 25 
0 103 46 
0 114 53 
0 87 63 
0 148 69 
0 81 34 
0 137 14 
0 110 36 
0 119 84 
0 104 31 
0 138 9 
0 112 27 
0 116 39 
0 94 52 
0 90 16 
0 106 49 
0 130 33 
0 113 21 
0 116 30 
0 116 51 
0 99 35 
0 121 22 
0 89 75 
0 109 23 
0 148 37 
0 123 19 
0 146 30 
0 116 37 
0 121 76 
0 106 70 
0 143 31 
0 59 60 
0 97 68 
0 127 15 
0 59 20 
0 125 81 
0 93 19 
0 75 44 
0 141 12 
0 78 30 
0 100 64 
0 143 26 
0 132 82 
0 172 70 
0 90 46 
0 96 43 
0 89 51 
0 130 26 
0 73 40 
0 84 47 
0 114 25 
0 97 26 
0 128 23 
0 90 11 
0 115 41 
0 73 64 
0 120 44 
0 167 41 
0 117 61 
0 86 48 
0 108 49 
0 160 21 
0 147 75 
0 159 35 
0 101 35 
0 92 20 
0 90 25 
0 88 45 
0 101 24 
0 138 7 
0 100 16 
0 147 21 
0 126 63 
0 142 42 
0 119 62 
0 110 15 
0 123 16 
0 169 102 
0 109 36 
0 104 71 
0 123 33 
0 146 67 
0 146 62 
0 109 42 
0 85 45 
0 120 34 
0 85 14 
0 98 41 
0 129 31 
0 54 22 
0 146 42 
0 96 61 
0 116 26 
0 94 44 
0 86 17 
0 66 45 
0 143 21 
0 100 19 
0 103 50 
0 85 117 
0 149 37 
0 121 34 
0 96 12 
0 141 62 
0 63 62 
0 87 38 
0 136 39 
0 113 35 
0 105 22 
0 73 2 
0 68 6 
0 144 39 
0 120 54 
0 116 28 
0 84 45 
0 134 30 
0 123 28 
0 97 37 
0 106 40 
0 102 32 
0 107 77 
0 146 31 
0 77 22 
0 82 20 
0 137 21 
0 142 21 
0 138 41 
0 71 34 
0 89 34 
0 122 24 
0 87 61 
0 125 40 
0 151 30 
0 110 22 
0 74 31 
0 156 60 
0 131 33 
0 135 23 
0 60 27 
0 138 21 
0 149 59 
0 95 55 
0 83 28 
0 111 51 
0 92 57 
0 133 18 
0 150 29 
0 134 24 
0 115 54 
0 132 20 
0 175 21 
0 100 17 
0 125 106 
0 96 17 
0 115 21 
0 134 34 
0 168 50 
0 136 16 
0 97 36 
0 92 46 
0 87 43 
0 81 14 
0 135 25 
0 168 34 
0 119 86 
0 118 21 
0 117 27 
0 124 20 
0 76 5 
0 130 32 
0 117 39 
0 107 42 
0 113 30 
0 127 75 
0 65 76 
0 126 34 
0 100 46 
0 118 76 
0 138 23 
0 122 23 
0 102 12 
0 89 21 
0 127 8 
0 98 18 
0 138 43 
0 96 61 
0 161 23 
0 119 19 
0 130 55 
0 154 34 
0 130 68 
0 111 71 
0 110 33 
0 150 67 
0 137 16 
0 135 45 
0 130 14 
0 181 9 
0 119 23 
0 121 45 
0 69 7 
0 140 18 
0 103 42 
0 88 24 
0 176 19 
0 95 11 
0 125 32 
0 96 29 
0 143 20 
0 159 59 
0 102 41 
0 103 78 
0 124 22 
0 129 52 
0 145 48 
0 152 14 
0 80 42 
0 90 21 
0 96 11 
0 87 36 
0 69 34 
0 79 56 
0 92 114 
0 149 48 
0 105 71 
0 96 30 
0 149 38 
0 62 78 
0 98 49 
0 117 20 
0 155 45 
0 107 11 
0 78 40 
0 126 21 
0 129 20 
0 93 4 
0 124 54 
0 155 6 
0 75 15 
0 84 83 
0 77 67 
0 123 59 
0 132 30 
0 88 41 
0 108 33 
0 106 38 
0 67 26 
0 113 12 
0 136 34 
0 121 45 
0 142 70 
0 149 26 
0 126 22 
0 136 54 
0 80 53 
0 143 21 
0 147 33 
0 101 16 
0 87 91 
0 144 52 
0 116 10 
0 78 48 
0 123 39 
0 108 76 
0 93 77 
0 155 31 
0 112 38 
0 129 35 
0 92 86 
0 107 35 
0 76 27 
0 87 64 
0 120 91 
0 165 61 
0 107 60 
0 141 39 
0 69 22 
0 105 35 
0 108 28 
0 132 19 
0 153 23 
0 152 65 
0 81 27 
0 147 3 
0 107 40 
0 146 26 
0 96 20 
0 123 53 
0 107 38 
0 65 35 
0 78 78 
0 106 46 
0 69 46 
0 155 33 
0 76 67 
0 128 33 
0 151 22 
0 102 17 
0 101 95 
0 127 59 
0 107 13 
0 99 37 
0 89 74 
0 63 85 
0 106 59 
0 130 49 
0 124 85 
0 78 14 
0 84 28 
0 121 25 
0 77 94 
0 98 62 
0 103 16 
0 132 45 
0 127 57 
0 141 35 
0 65 35 
0 129 32 
0 115 21 
0 121 13 
0 132 30 
0 89 27 
0 119 22 
0 123 36 
0 100 12 
0 120 25 
0 141 40 
0 88 51 
0 119 25 
0 102 72 
0 131 42 
0 126 37 
0 93 16 
0 92 57 
0 112 29 
0 126 29 
0 130 38 
0 144 26 
0 146 50 
0 133 34 
0 135 47 
0 112 5 
0 91 30 
0 148 34 
0 146 15 
0 112 31 
0 149 123 
0 102 55 
0 92 49 
0 78 24 
0 91 24 
0 138 9 
0 171 28 
0 114 25 
0 94 19 
0 84 69 
0 96 81 
0 112 36 
0 167 57 
0 142 30 
0 124 28 
0 131 1 
0 106 78 
0 186 34 
0 169 40 
0 162 51 
0 98 37 
0 103 15 
0 144 11 
0 150 32 
0 114 20 
0 96 36 
0 89 11 
0 117 8 
0 156 28 
0 118 21 
0 101 38 
0 140 95 
0 122 50 
0 122 73 
0 127 62 
0 104 24 
0 122 39 
0 107 20 
0 96 31 
0 108 40 
0 111 33 
0 101 44 
0 129 19 
0 117 43 
0 120 25 
0 102 19 
0 112 17 
0 96 11 
0 169 12 
0 86 23 
0 208 62 
0 130 40 
0 113 85 
0 121 22 
0 164 46 
0 90 29 
0 116 27 
0 135 50 
0 108 100 
0 107 57 
0 121 38 
0 100 5 
0 142 13 
0 76 50 
0 176 8 
0 104 56 
0 171 82 
0 136 26 
0 127 36 
0 108 32 
0 119 56 
0 154 86 
0 98 37 
0 134 64 
0 127 37 
0 75 21 
0 92 74 
0 124 26 
0 130 13 
0 139 36 
0 193 30 
0 90 46 
0 108 20 
0 67 28 
0 142 38 
0 73 23 
0 123 33 
0 92 17 
0 125 76 
0 100 19 
0 96 23 
0 133 48 
0 82 20 
0 88 51 
0 105 76 
0 83 36 
0 133 21 
0 133 15 
0 130 18 
0 112 29 
0 162 43 
0 141 18 
0 163 45 
0 94 20 
0 114 39 
0 68 22 
0 115 4 
0 97 31 
0 130 17 
0 121 59 
0 125 30 
0 146 40 
0 119 18 
0 112 33 
0 102 45 
0 99 23 
0 125 25 
0 115 15 
0 120 2 
0 146 25 
0 138 55 
0 160 31 
0 107 16 
0 127 33 
0 97 7 
0 115 38 
0 160 44 
0 61 23 
0 142 33 
0 153 41 
0 112 20 
0 151 43 
0 90 76 
0 60 21 
0 110 28 
0 114 35 
0 113 12 
0 181 33 
0 118 23 
0 100 65 
0 124 4 
0 135 75 
0 124 23 
0 101 62 
0 156 36 
0 139 46 
0 93 54 
0 142 21 
0 110 48 
0 108 73 
0 88 60 
0 144 16 
0 163 66 
0 92 56 
0 97 31 
0 71 14 
0 142 32 
0 120 36 
0 73 21 
0 162 21 
0 156 23 
0 103 56 
0 89 64 
0 105 42 
0 149 58 
0 101 35 
0 112 41 
0 120 42 
0 75 18 
0 104 27 
0 82 32 
0 144 20 
0 120 45 
0 110 28 
0 107 30 
0 96 64 
0 114 70 
0 78 75 
0 162 44 
0 112 37 
0 118 26 
0 112 38 
0 134 28 
0 97 62 
0 160 28 
0 146 72 
0 82 66 
0 95 30 
0 140 17 
0 135 17 
0 150 17 
0 84 76 
0 116 69 
0 118 45 
0 141 20 
0 95 32 
0 136 19 
0 157 28 
0 111 23 
0 133 24 
0 109 52 
0 92 41 
0 104 71 
0 103 77 
0 116 34 
0 125 46 
0 102 41 
0 105 26 
0 117 28 
0 82 31 
0 111 17 
0 116 21 
0 117 11 
0 121 73 
0 117 57 
0 54 28 
0 116 30 
0 109 72 
0 104 34 
0 157 7 
0 120 98 
0 126 44 
0 124 81 
0 82 11 
0 105 40 
0 74 20 
0 40 1 
0 102 51 
0 111 39 
0 154 20 
0 131 32 
0 156 25 
0 103 15 
0 138 23 
0 116 29 
0 126 37 
0 87 70 
0 105 55 
0 134 15 
0 111 35 
0 136 26 
0 127 64 
0 122 26 
0 164 56 
0 111 60 
0 126 39 
0 70 13 
0 60 72 
0 95 26 
0 113 24 
0 108 45 
0 124 36 
0 60 52 
0 67 78 
0 147 38 
0 74 9 
0 105 12 
0 103 42 
0 84 30 
0 117 30 
0 83 27 
0 117 61 
0 144 61 
0 142 95 
0 69 21 
0 126 34 
0 113 63 
0 123 32 
0 139 43 
0 125 25 
0 81 47 
0 147 7 
0 131 20 
0 103 117 
0 106 18 
0 136 31 
0 124 32 
0 123 20 
0 131 39 
0 80 40 
0 134 35 
0 121 48 
0 146 50 
0 104 91 
0 89 54 
0 107 11 
0 135 32 
0 53 29 
0 91 7 
0 115 31 
0 78 18 
0 97 14 
0 138 46 
0 83 41 
0 118 40 
0 95 52 
0 121 51 
0 125 25 
0 90 54 
0 88 20 
0 91 62 
0 125 41 
0 192 25 
0 92 31 
0 177 24 
0 116 33 
0 132 20 
0 123 23 
0 97 49 
0 90 14 
0 90 28 
0 151 25 
0 128 95 
0 117 107 
0 118 36 
0 140 16 
0 185 43 
0 118 5 
0 143 38 
0 114 39 
0 142 36 
0 93 56 
0 93 24 
0 66 26 
0 129 119 
0 121 11 
0 79 100 
0 113 26 
0 104 21 
0 129 15 
0 117 25 
0 77 37 
0 102 56 
0 64 8 
0 56 22 
0 97 59 
0 116 33 
0 119 21 
0 110 56 
0 120 27 
0 89 23 
0 132 18 
0 102 58 
0 107 20 
0 106 25 
0 103 15 
0 110 71 
0 129 60 
0 144 45 
0 144 14 
0 98 35 
0 129 65 
0 118 22 
0 74 13 
0 115 19 
0 146 47 
0 93 40 
0 86 49 
0 118 46 
0 153 74 
0 138 77 
0 99 39 
0 116 42 
0 106 31 
0 65 18 
0 176 19 
0 93 62 
0 140 37 
0 151 49 
0 154 66 
0 102 40 
0 98 39 
0 104 17 
0 149 114 
0 122 36 
0 113 46 
0 102 30 
0 121 41 
0 165 50 
0 117 12 
0 132 16 
0 124 39 
0 107 43 
0 123 53 
0 83 46 
0 115 34 
0 85 34 
0 130 16 
0 114 10 
0 116 28 
0 111 36 
0 122 48 
0 161 57 
0 158 65 
0 125 71 
0 111 36 
0 126 26 
0 107 17 
0 87 40 
0 104 28 
0 86 31 
0 106 24 
0 153 71 
0 127 82 
0 136 28 
0 147 27 
0 76 17 
0 158 68 
0 87 25 
0 70 21 
0 121 51 
0 98 85 
0 138 13 
0 142 39 
0 149 7 
0 83 46 
0 96 20 
0 142 33 
0 120 9 
0 125 46 
0 113 53 
0 91 48 
0 118 58 
0 137 61 
0 105 46 
0 126 15 
0 113 22 
0 156 28 
0 85 30 
0 114 56 
0 173 27 
0 129 9 
0 94 26 
0 109 45 
0 107 29 
0 138 86 
0 138 27 
0 111 6 
0 81 15 
0 131 55 
0 132 61 
0 78 103 
0 112 33 
0 139 37 
0 85 33 
0 141 8 
0 97 12 
0 153 64 
0 116 62 
0 88 43 
0 114 10 
0 95 19 
0 77 70 
0 155 79 
0 101 17 
0 92 15 
0 149 27 
0 78 27 
0 147 48 
0 74 36 
0 80 58 
0 86 40 
0 135 67 
0 122 24 
0 130 28 
0 126 11 
0 143 32 
0 159 88 
0 97 94 
0 118 67 
0 120 63 
0 169 35 
0 143 27 
0 133 21 
0 112 93 
0 90 20 
0 75 42 
0 125 92 
0 131 77 
0 129 60 
0 109 19 
0 70 52 
0 188 32 
0 66 34 
0 84 28 
0 145 74 
0 112 97 
0 99 36 
0 98 64 
0 106 90 
0 164 30 
0 150 25 
0 113 30 
0 143 45 
0 113 39 
0 153 61 
0 156 33 
0 126 32 
0 137 32 
