0 211 54 
0 246 5 
0 205 2 
0 201 0 
0 208 25 
0 202 4 
0 176 58 
0 228 0 
0 202 17 
0 158 12 
0 194 0 
0 228 25 
0 187 4 
0 225 10 
0 262 36 
0 147 17 
0 220 11 
0 200 0 
0 162 28 
0 209 1 
0 206 43 
0 187 24 
0 220 9 
0 174 18 
0 230 41 
0 210 31 
0 240 12 
0 254 26 
0 187 2 
0 172 9 
0 199 2 
0 171 7 
0 251 30 
0 229 0 
0 165 12 
0 266 17 
0 184 9 
0 190 3 
0 184 5 
0 240 4 
0 273 11 
0 195 41 
0 277 25 
0 222 18 
0 180 22 
0 176 67 
0 242 15 
0 217 5 
0 155 122 
0 147 108 
0 237 24 
0 237 10 
0 196 29 
0 184 52 
0 113 5 
0 202 0 
0 226 5 
0 200 21 
0 153 46 
0 291 10 
0 220 46 
0 219 29 
0 244 4 
0 246 0 
0 188 50 
0 251 44 
0 247 2 
0 177 56 
0 299 30 
0 195 30 
0 137 21 
0 163 32 
0 224 0 
0 156 7 
0 183 9 
0 248 5 
0 244 4 
0 198 71 
0 218 36 
0 240 0 
0 221 1 
0 204 33 
0 223 15 
0 240 7 
0 235 51 
0 274 3 
0 272 13 
0 190 26 
0 279 42 
0 145 19 
0 162 0 
0 164 31 
0 224 44 
0 127 66 
0 204 10 
0 209 31 
0 192 14 
0 219 5 
0 151 4 
0 178 0 
0 229 57 
0 144 22 
0 237 33 
0 226 0 
0 217 6 
0 227 20 
0 207 0 
0 265 15 
0 226 19 
0 234 38 
0 176 9 
0 226 29 
0 234 22 
0 269 13 
0 227 0 
0 165 7 
0 178 67 
0 159 2 
0 200 19 
0 267 4 
0 155 20 
0 191 15 
0 134 7 
0 186 2 
0 193 28 
0 224 19 
0 180 29 
0 273 5 
0 184 10 
0 223 14 
0 228 11 
0 211 50 
0 184 58 
0 187 74 
0 226 20 
0 186 1 
0 268 9 
0 240 20 
0 234 59 
0 151 29 
0 180 11 
0 261 3 
0 104 131 
0 189 9 
0 224 4 
0 268 7 
0 150 2 
0 193 12 
0 220 1 
0 246 1 
0 177 11 
0 215 18 
0 229 59 
0 131 55 
0 196 2 
0 218 23 
0 187 16 
0 221 2 
0 257 40 
0 198 22 
0 189 17 
0 267 26 
0 204 7 
0 202 8 
0 182 16 
0 178 7 
0 220 13 
0 199 42 
0 212 16 
0 280 6 
0 133 1 
0 139 0 
0 178 49 
0 180 33 
0 207 5 
0 227 10 
0 191 112 
0 179 7 
0 119 12 
0 227 2 
0 185 1 
0 180 32 
0 226 11 
0 214 4 
0 180 0 
0 222 10 
0 203 10 
0 264 24 
0 229 9 
0 218 3 
0 169 11 
0 275 3 
0 255 21 
0 219 0 
0 147 7 
0 201 12 
0 136 62 
0 234 19 
0 204 11 
0 201 31 
0 192 3 
0 189 35 
0 268 69 
0 243 0 
0 263 41 
0 177 60 
0 154 15 
0 215 7 
0 209 18 
0 165 35 
0 226 2 
0 183 22 
0 181 2 
0 187 130 
0 263 22 
0 291 19 
0 141 15 
0 212 3 
0 188 16 
0 180 60 
0 187 26 
0 175 30 
0 155 1 
0 195 74 
0 196 2 
0 187 60 
0 170 13 
0 200 30 
0 199 35 
0 199 48 
0 182 8 
0 171 15 
0 200 17 
0 192 28 
0 137 45 
0 220 44 
0 223 1 
0 135 4 
0 215 13 
0 232 19 
0 190 93 
0 182 31 
0 216 12 
0 142 5 
0 188 60 
0 244 30 
0 175 17 
0 202 85 
0 210 0 
0 150 82 
0 153 19 
0 100 62 
0 204 82 
0 204 19 
0 186 27 
0 194 14 
0 121 21 
0 188 30 
0 172 131 
0 243 32 
0 168 22 
0 287 54 
0 223 3 
0 252 18 
0 268 16 
0 247 51 
0 241 6 
0 296 96 
0 230 18 
0 226 0 
0 175 15 
0 162 13 
0 203 9 
0 206 3 
0 240 7 
0 172 58 
0 286 15 
0 219 16 
0 314 24 
0 169 18 
0 237 28 
0 184 2 
0 129 85 
0 268 1 
0 176 8 
0 172 2 
0 181 36 
0 162 4 
0 153 6 
0 211 6 
0 264 11 
0 199 32 
0 210 19 
0 145 1 
0 240 19 
0 169 23 
0 228 30 
0 193 23 
0 204 21 
0 175 0 
0 196 0 
0 179 61 
0 147 31 
0 170 17 
0 215 0 
0 220 0 
0 232 2 
0 153 21 
0 221 13 
0 229 32 
0 186 4 
0 137 21 
0 185 10 
0 144 31 
0 199 23 
0 172 37 
0 240 11 
0 200 62 
0 243 20 
0 164 72 
0 255 1 
0 193 9 
0 204 7 
0 109 4 
0 208 3 
0 184 72 
0 204 3 
0 153 25 
0 175 6 
0 175 22 
0 173 10 
0 135 4 
0 275 19 
0 185 24 
0 229 34 
0 262 37 
0 214 29 
0 252 37 
0 211 7 
0 196 38 
0 232 22 
0 164 30 
0 188 38 
0 131 10 
0 234 44 
0 209 23 
0 247 25 
0 188 0 
0 178 19 
0 142 37 
0 218 17 
0 150 17 
0 159 5 
0 179 18 
0 215 13 
0 256 35 
0 185 26 
0 217 13 
0 208 54 
0 195 2 
0 188 16 
0 205 15 
0 211 7 
0 200 15 
0 155 8 
0 274 52 
0 248 28 
0 265 3 
0 209 34 
0 182 10 
0 204 57 
0 222 50 
0 231 31 
0 193 25 
0 228 31 
0 265 34 
0 187 17 
0 248 1 
0 270 11 
0 222 58 
0 253 36 
0 238 26 
0 219 21 
0 165 1 
0 201 22 
0 253 1 
0 207 18 
0 217 17 
0 202 1 
0 223 2 
0 187 1 
0 228 24 
0 187 98 
0 229 19 
0 274 33 
0 100 114 
0 171 0 
0 233 0 
0 253 8 
0 194 5 
0 87 16 
0 199 10 
0 175 15 
0 225 16 
0 213 4 
0 227 10 
0 183 2 
0 233 2 
0 290 17 
0 191 4 
0 210 28 
0 247 4 
0 264 4 
0 223 4 
0 164 12 
0 109 9 
0 187 7 
0 189 1 
0 150 84 
0 168 36 
0 236 23 
0 169 5 
0 274 28 
0 234 33 
0 151 28 
0 205 17 
0 157 59 
0 189 11 
0 186 20 
0 142 7 
0 227 11 
0 222 42 
0 232 3 
0 192 18 
0 208 93 
0 182 77 
0 192 18 
0 114 49 
0 169 0 
0 233 7 
0 231 14 
0 183 38 
0 195 21 
0 205 24 
0 211 45 
0 199 39 
0 196 44 
0 190 17 
0 252 1 
0 134 17 
0 142 31 
0 191 6 
0 164 14 
0 242 14 
0 175 10 
0 200 32 
0 178 31 
0 186 12 
0 245 14 
0 181 1 
0 244 9 
0 251 30 
0 221 120 
0 151 44 
0 216 51 
0 253 0 
0 204 35 
0 153 10 
0 224 4 
0 189 7 
0 195 17 
0 237 25 
0 262 14 
0 168 18 
0 224 16 
0 234 27 
0 222 9 
0 177 33 
0 170 128 
0 199 1 
0 175 37 
0 210 36 
0 234 15 
0 253 17 
0 200 19 
0 140 9 
0 234 14 
0 194 16 
0 134 40 
0 246 26 
0 208 2 
0 152 32 
0 165 0 
0 171 12 
0 149 17 
0 281 4 
0 181 27 
0 233 7 
0 202 33 
0 192 8 
0 202 45 
0 195 6 
0 115 2 
0 116 55 
0 165 16 
0 224 1 
0 254 2 
0 223 7 
0 197 13 
0 262 11 
0 172 49 
0 191 12 
0 147 10 
0 259 26 
0 184 6 
0 225 9 
0 203 11 
0 173 7 
0 224 2 
0 238 41 
0 160 6 
0 196 0 
0 242 9 
0 208 28 
0 117 53 
0 226 6 
0 213 10 
0 159 19 
0 180 5 
0 237 60 
0 187 0 
0 234 15 
0 181 23 
0 160 9 
0 211 5 
0 207 10 
0 205 34 
0 186 57 
0 230 28 
0 198 25 
0 172 13 
0 256 12 
0 223 9 
0 206 42 
0 223 31 
0 235 9 
0 188 40 
0 196 10 
0 225 42 
0 223 14 
0 231 41 
0 188 28 
0 186 41 
0 222 17 
0 241 24 
0 183 29 
0 130 28 
0 164 24 
0 203 21 
0 210 115 
0 207 1 
0 263 41 
0 195 11 
0 203 1 
0 203 16 
0 210 2 
0 222 17 
0 199 13 
0 162 31 
0 136 32 
0 223 18 
0 218 12 
0 230 36 
0 185 19 
0 224 12 
0 121 0 
0 116 68 
0 198 32 
0 235 0 
0 128 11 
0 243 21 
0 262 19 
0 208 0 
0 211 1 
0 72 6 
0 161 15 
0 177 16 
0 258 40 
0 185 44 
0 204 52 
0 247 12 
0 151 11 
0 242 39 
0 180 9 
0 220 3 
0 174 14 
0 218 130 
0 236 18 
0 187 15 
0 233 25 
0 242 4 
0 214 17 
0 224 17 
0 259 31 
0 273 0 
0 189 58 
0 236 20 
0 177 4 
0 168 60 
0 208 1 
0 223 20 
0 187 7 
0 238 0 
0 186 31 
0 188 7 
0 191 0 
0 227 46 
0 181 8 
0 221 0 
0 193 15 
0 250 24 
0 207 9 
0 243 3 
0 162 46 
0 179 13 
0 149 16 
0 187 6 
0 192 5 
0 292 0 
0 245 6 
0 253 2 
0 197 24 
0 222 17 
0 172 31 
0 180 11 
0 236 23 
0 273 68 
0 145 74 
0 235 14 
0 149 0 
0 227 12 
0 227 24 
0 212 8 
0 176 16 
0 158 35 
0 198 40 
0 241 18 
0 159 9 
0 243 1 
0 170 12 
0 213 16 
0 210 15 
0 187 60 
0 173 6 
0 229 9 
0 209 11 
0 206 12 
0 217 16 
0 253 47 
0 189 21 
0 182 21 
0 249 8 
0 165 0 
0 211 32 
0 218 21 
0 197 26 
0 183 20 
0 223 1 
0 180 8 
0 195 19 
0 215 6 
0 178 9 
0 192 14 
0 193 6 
0 210 30 
0 147 19 
0 188 4 
0 269 16 
0 138 25 
0 181 40 
0 158 10 
0 238 36 
0 328 1 
0 257 42 
0 180 14 
0 190 11 
0 203 0 
0 212 48 
0 216 4 
0 134 56 
0 205 17 
0 251 9 
0 257 11 
0 189 0 
0 153 62 
0 214 14 
0 268 10 
0 198 16 
0 167 27 
0 192 1 
0 175 51 
0 202 52 
0 199 1 
0 189 29 
0 113 2 
0 240 26 
0 191 21 
0 265 35 
0 200 175 
0 160 78 
0 172 1 
0 214 1 
0 268 44 
0 145 7 
0 179 25 
0 272 11 
0 201 38 
0 236 5 
0 275 32 
0 226 16 
0 202 20 
0 237 33 
0 103 46 
0 237 47 
0 255 25 
0 237 41 
0 292 39 
0 156 38 
0 188 17 
0 263 21 
0 173 55 
0 173 35 
0 195 0 
0 178 115 
0 244 35 
0 211 36 
0 195 1 
0 250 0 
0 199 15 
0 211 28 
0 233 17 
0 162 35 
0 198 6 
0 208 33 
0 171 19 
0 161 34 
0 196 3 
0 214 24 
0 109 13 
0 240 21 
0 225 75 
0 221 17 
0 220 6 
0 148 9 
0 202 7 
0 224 35 
0 195 69 
0 200 11 
0 232 6 
0 211 93 
0 194 5 
0 288 20 
0 203 40 
0 207 25 
0 191 0 
0 229 44 
0 146 27 
0 194 38 
0 118 32 
0 265 19 
0 268 25 
0 221 20 
0 200 36 
0 158 28 
0 239 3 
0 184 14 
0 216 11 
0 272 7 
0 253 24 
0 218 11 
0 181 7 
0 180 14 
0 167 9 
0 183 24 
0 150 4 
0 184 3 
0 208 4 
0 207 13 
0 157 13 
0 193 16 
0 215 29 
0 241 96 
0 160 13 
0 219 19 
0 262 7 
0 223 2 
0 203 9 
0 184 0 
0 229 13 
0 234 44 
0 215 24 
0 178 33 
0 225 39 
0 215 36 
0 210 0 
0 246 10 
0 166 26 
0 163 12 
0 204 20 
0 229 29 
0 199 42 
0 170 2 
0 248 22 
0 221 20 
0 190 26 
0 143 39 
0 213 26 
0 219 117 
0 219 24 
0 215 20 
0 235 20 
0 173 0 
0 190 17 
0 219 9 
0 213 46 
0 212 10 
0 180 14 
0 165 2 
0 211 19 
0 159 4 
0 224 2 
0 179 69 
0 179 15 
0 196 15 
0 166 4 
0 236 28 
0 219 13 
0 234 0 
0 218 14 
0 191 2 
0 227 24 
0 216 12 
0 201 21 
0 224 29 
0 209 23 
0 190 0 
0 231 8 
0 173 24 
0 267 16 
0 183 10 
0 163 10 
0 232 147 
0 240 54 
0 163 6 
0 178 38 
0 230 60 
0 148 20 
0 180 11 
0 196 50 
0 238 1 
0 252 24 
0 216 2 
0 224 0 
0 214 4 
0 243 19 
0 215 9 
0 198 14 
0 224 4 
0 159 45 
0 230 26 
0 159 3 
0 143 7 
0 217 1 
0 208 5 
0 160 15 
0 185 20 
0 212 6 
0 212 41 
0 185 1 
0 184 27 
0 196 61 
0 196 15 
0 276 11 
0 211 1 
0 159 11 
0 205 8 
0 150 2 
0 209 15 
0 208 10 
0 278 7 
0 126 74 
0 220 22 
0 174 9 
0 180 14 
0 241 16 
0 234 12 
0 277 22 
0 216 42 
0 233 12 
0 210 17 
0 143 21 
0 231 0 
0 210 33 
0 181 34 
0 227 9 
0 152 6 
0 178 12 
0 182 10 
0 173 21 
0 136 22 
0 267 0 
0 217 24 
0 155 30 
0 206 15 
0 200 10 
0 222 11 
0 178 24 
0 234 33 
0 243 33 
0 228 10 
0 196 7 
0 206 24 
0 215 5 
0 197 25 
0 224 46 
0 188 13 
0 201 1 
0 177 28 
0 221 4 
0 218 34 
0 238 6 
0 186 9 
0 133 154 
0 174 19 
0 195 87 
0 180 22 
0 173 15 
0 156 29 
0 224 8 
0 204 31 
0 165 52 
0 191 13 
0 143 37 
0 154 44 
0 239 2 
0 224 5 
0 193 11 
0 183 53 
0 166 73 
0 195 6 
0 178 23 
0 234 34 
0 209 0 
0 215 0 
0 199 61 
0 186 34 
0 187 50 
0 211 0 
0 188 16 
0 221 6 
0 218 70 
0 180 85 
0 231 70 
0 239 37 
0 251 17 
0 209 63 
0 201 19 
0 194 0 
0 168 5 
0 207 47 
0 143 43 
0 201 12 
0 243 12 
0 224 30 
0 201 46 
0 182 5 
0 97 37 
0 247 5 
0 183 3 
0 274 5 
0 248 24 
0 203 13 
0 241 28 
0 244 8 
0 219 2 
0 261 31 
0 230 1 
0 234 11 
0 208 14 
0 179 56 
0 269 73 
0 171 56 
0 163 14 
0 186 24 
0 239 17 
0 176 67 
0 209 82 
0 267 9 
0 196 71 
0 194 9 
