0 131 194 31 0 
0 11 161 40 0 
0 59 365 10 0 
0 57 270 49 0 
0 104 367 39 0 
0 67 352 86 0 
0 22 372 46 0 
0 11 243 28 0 
0 52 323 13 0 
0 18 425 31 0 
2 52 363 41 0 
0 1 251 93 0 
0 35 289 3 0 
0 8 365 30 0 
0 6 435 15 0 
0 12 299 137 0 
0 64 412 76 0 
1 115 208 38 0 
0 3 265 79 0 
0 27 357 23 0 
1 44 221 37 0 
0 14 271 2 1 
0 67 356 27 0 
0 60 404 26 0 
22 51 133 48 0 
0 75 313 11 0 
0 4 236 72 0 
1 14 430 23 0 
0 6 461 77 0 
5 9 372 80 0 
0 22 346 13 0 
0 5 255 150 0 
0 19 326 67 0 
0 6 274 106 0 
7 74 340 13 14 
6 37 295 61 0 
0 24 211 47 0 
0 79 459 15 0 
0 107 299 33 0 
0 43 228 34 0 
0 0 294 3 0 
0 77 404 47 0 
0 50 283 23 0 
1 3 217 22 0 
0 4 426 78 0 
0 25 304 23 0 
0 40 150 20 0 
0 0 221 13 0 
0 12 431 1 0 
0 45 262 26 0 
0 86 208 45 0 
2 24 363 76 0 
0 72 270 140 0 
0 24 293 17 0 
0 78 235 43 0 
10 115 236 16 0 
0 45 231 39 0 
0 25 203 54 0 
1 29 390 76 0 
0 94 373 90 0 
0 60 352 59 0 
1 50 655 1 0 
0 22 304 1 0 
0 14 259 159 0 
0 34 285 34 0 
0 24 350 30 0 
0 28 213 104 0 
0 40 314 40 0 
0 31 481 11 0 
0 25 466 151 0 
0 22 210 15 0 
0 31 191 96 0 
0 28 344 71 0 
0 19 317 29 0 
2 40 335 89 0 
0 23 174 55 0 
0 73 275 13 0 
2 24 278 49 0 
1 18 349 19 0 
0 29 310 3 0 
2 20 289 32 0 
1 36 416 18 0 
0 40 267 6 0 
0 56 269 39 0 
0 47 285 58 0 
0 61 361 42 0 
0 10 256 54 0 
0 68 232 27 0 
0 24 349 38 0 
0 12 246 10 0 
1 1 496 17 0 
0 20 302 32 0 
0 4 245 10 0 
0 0 259 23 0 
0 5 135 85 0 
0 7 259 9 0 
1 110 496 11 0 
2 40 273 55 0 
0 1 333 38 0 
0 41 216 10 0 
0 3 244 27 0 
0 1 283 1 0 
0 36 227 91 0 
0 5 99 44 0 
1 56 298 90 0 
0 96 264 64 0 
0 36 260 15 0 
2 27 356 1 0 
0 6 357 53 0 
0 7 269 14 0 
0 3 203 129 0 
2 32 150 22 0 
0 75 342 80 0 
0 45 208 125 0 
0 44 438 18 0 
0 11 319 76 0 
0 15 267 34 0 
1 54 406 12 0 
0 174 237 11 0 
1 66 237 15 0 
3 42 314 63 0 
0 73 292 17 0 
0 15 207 15 0 
0 29 464 42 0 
7 25 380 49 0 
0 53 308 34 0 
0 96 180 79 0 
0 26 201 32 0 
1 92 319 52 0 
0 28 294 8 0 
1 23 278 53 0 
7 36 263 20 0 
0 56 334 37 0 
1 31 364 27 0 
1 0 327 10 0 
0 16 299 25 0 
1 77 223 21 0 
0 25 483 6 0 
0 9 570 0 0 
1 16 260 66 9 
2 145 220 54 0 
0 34 404 13 0 
1 21 290 40 0 
0 55 216 1 0 
0 22 447 108 0 
1 9 443 31 0 
0 14 282 210 0 
13 10 251 6 0 
0 63 287 19 0 
0 25 334 17 0 
0 8 183 24 0 
1 0 411 79 0 
0 17 451 32 0 
2 22 455 27 0 
0 20 337 24 0 
0 47 292 8 0 
4 49 238 2 0 
1 20 294 78 0 
1 52 209 4 0 
1 59 345 21 0 
0 0 272 40 0 
0 12 302 107 1 
0 57 383 21 0 
0 55 170 185 0 
0 38 257 44 0 
0 2 190 20 0 
0 108 328 25 0 
5 73 219 57 0 
0 32 218 57 0 
0 2 361 52 0 
0 12 491 7 0 
0 52 139 10 0 
2 39 379 2 0 
0 9 167 44 0 
0 28 225 87 0 
0 79 269 32 0 
3 35 380 44 0 
2 56 203 55 0 
0 20 324 29 0 
0 104 335 74 0 
0 68 247 21 0 
2 126 281 4 0 
0 20 302 45 0 
0 71 407 8 0 
1 13 288 26 0 
0 31 314 68 0 
1 71 285 94 0 
0 49 427 42 0 
0 11 323 42 0 
0 30 366 50 0 
1 53 242 38 0 
0 5 244 56 0 
2 78 350 11 0 
0 16 278 48 0 
0 34 147 6 0 
0 18 322 55 0 
1 81 265 51 0 
0 24 130 5 0 
0 20 249 33 0 
0 8 342 57 0 
0 34 220 32 0 
0 36 271 35 0 
0 40 231 19 0 
0 68 292 27 0 
1 39 262 27 0 
0 55 243 51 0 
0 60 267 28 0 
0 5 368 16 0 
0 56 310 37 0 
2 21 356 13 0 
0 22 167 19 0 
0 40 214 34 0 
0 64 278 17 0 
0 30 316 52 0 
1 20 279 123 0 
2 27 298 22 0 
1 91 273 17 0 
0 80 177 61 0 
0 19 283 16 0 
0 57 154 58 0 
0 15 307 74 0 
0 63 340 25 0 
1 12 229 12 0 
0 41 275 98 0 
0 29 421 68 0 
0 20 209 21 0 
0 2 263 46 0 
0 53 243 9 0 
0 21 196 10 0 
0 15 282 17 0 
0 5 602 0 0 
0 70 306 24 0 
0 62 268 58 0 
0 3 370 2 0 
0 34 327 76 0 
0 218 280 9 0 
0 47 284 16 0 
0 35 352 90 0 
0 47 218 37 0 
0 63 348 18 0 
0 18 256 24 0 
1 3 125 89 0 
2 14 361 22 0 
0 35 391 13 0 
0 20 215 13 0 
1 19 280 6 0 
0 43 245 23 1 
0 24 315 89 0 
0 55 373 25 0 
1 3 408 2 0 
0 22 342 14 0 
0 48 409 58 0 
0 13 322 1 0 
0 67 324 3 0 
2 0 262 37 0 
0 30 206 63 0 
0 43 259 150 0 
0 29 372 106 0 
0 20 276 19 0 
0 78 308 0 0 
0 115 245 5 0 
0 50 479 69 0 
2 51 338 12 0 
0 12 372 50 0 
0 73 224 66 0 
0 126 197 61 0 
0 38 183 74 0 
4 57 416 47 0 
0 23 454 10 0 
1 142 340 15 0 
1 104 369 12 0 
3 62 337 109 0 
0 52 236 12 0 
0 148 278 15 0 
0 40 385 0 0 
0 22 263 87 0 
0 0 514 79 0 
9 79 218 51 0 
3 37 392 3 0 
0 9 328 59 0 
0 51 343 43 0 
0 52 379 13 0 
0 30 386 0 0 
4 44 419 14 0 
0 24 210 61 0 
3 10 238 37 0 
0 4 406 37 0 
3 95 248 20 0 
0 27 261 13 0 
0 88 403 24 0 
2 43 325 38 0 
0 17 445 26 0 
0 65 306 28 0 
0 9 440 32 0 
5 9 480 35 0 
0 148 204 0 0 
0 44 228 43 0 
0 34 251 8 0 
3 71 286 9 0 
0 230 282 35 0 
12 20 287 8 0 
0 55 284 21 0 
0 46 192 82 0 
0 18 423 40 0 
0 30 467 1 0 
0 24 258 59 0 
5 107 265 18 0 
1 8 671 24 0 
2 59 249 75 0 
0 6 240 15 0 
3 75 296 13 0 
0 37 280 1 0 
0 26 288 17 0 
0 21 316 28 0 
0 50 240 50 0 
1 10 352 2 3 
0 4 346 33 0 
0 71 356 16 0 
0 50 280 81 0 
0 154 220 0 0 
1 82 458 136 0 
0 60 294 96 0 
0 7 205 21 0 
1 15 293 12 0 
0 82 224 173 0 
0 2 258 42 0 
0 3 405 5 0 
0 64 293 12 0 
0 51 240 48 0 
0 55 247 50 0 
0 67 484 47 0 
0 70 202 14 0 
1 42 211 78 0 
0 32 400 41 0 
0 19 350 10 0 
0 108 145 60 0 
1 0 309 0 0 
1 36 206 6 0 
0 15 484 55 0 
4 41 398 74 0 
0 4 331 63 0 
1 50 190 9 0 
0 28 332 32 0 
0 13 359 43 0 
0 77 247 22 0 
0 44 291 21 28 
0 23 451 5 0 
1 25 324 36 0 
3 3 410 22 0 
0 17 448 40 0 
1 67 190 15 0 
0 50 200 39 0 
13 40 251 1 0 
6 7 223 39 0 
2 11 463 66 0 
2 68 336 32 0 
7 66 361 49 0 
0 33 298 18 0 
0 20 365 18 0 
0 20 424 19 0 
1 13 450 13 0 
0 64 303 4 0 
4 21 311 61 0 
0 15 334 18 0 
6 29 290 43 0 
0 23 346 5 0 
0 12 356 77 0 
1 17 246 43 0 
0 7 189 67 0 
1 4 387 2 0 
0 63 242 9 0 
0 50 359 86 0 
0 26 252 65 0 
0 16 374 19 0 
0 43 232 13 0 
1 9 267 86 0 
0 20 285 63 0 
0 85 266 1 0 
0 160 280 67 0 
0 19 281 48 0 
1 26 311 90 0 
0 26 152 94 0 
2 24 217 53 0 
0 10 339 68 0 
4 16 215 17 0 
1 77 288 5 0 
0 9 428 40 0 
1 32 282 20 0 
0 100 256 1 0 
8 14 264 37 0 
4 83 368 24 0 
0 55 353 3 0 
0 35 420 42 0 
0 21 368 28 0 
0 5 268 57 0 
1 7 308 7 0 
0 30 215 15 0 
0 39 394 12 0 
0 18 429 29 0 
0 49 291 5 0 
1 28 332 52 0 
0 104 146 7 0 
0 31 419 39 0 
0 7 252 65 0 
0 60 353 19 0 
0 17 240 74 0 
0 74 396 12 0 
0 52 247 1 0 
0 20 257 23 0 
0 59 173 59 0 
0 5 332 36 0 
0 14 305 97 0 
1 47 231 0 0 
1 87 176 25 0 
0 40 412 28 0 
0 54 279 37 0 
0 6 228 60 0 
1 22 294 25 0 
1 1 305 25 0 
0 20 399 7 0 
0 58 401 25 0 
3 2 333 40 0 
0 15 343 38 0 
0 100 450 114 0 
0 45 350 43 0 
2 43 371 23 0 
0 24 338 20 0 
0 46 212 12 0 
0 18 207 43 0 
1 21 347 67 0 
0 51 338 58 0 
0 39 349 5 0 
0 15 271 220 0 
0 113 300 1 0 
11 207 415 3 0 
0 14 288 26 0 
12 17 423 11 0 
0 37 283 0 0 
0 103 313 26 0 
7 47 312 26 0 
4 59 320 34 0 
0 88 311 23 0 
3 33 194 59 0 
1 45 376 54 0 
0 59 416 4 0 
0 45 266 25 0 
0 49 435 29 0 
2 21 266 10 0 
0 82 192 33 2 
0 61 379 11 0 
0 32 269 35 0 
0 236 210 55 0 
0 5 407 64 0 
0 16 271 17 0 
0 23 377 27 0 
8 20 318 50 0 
0 15 377 24 0 
0 0 263 2 0 
0 118 196 55 0 
0 12 388 0 0 
0 30 266 104 0 
0 11 527 3 0 
4 111 252 19 0 
0 6 236 66 0 
1 159 274 0 0 
0 141 447 6 0 
0 26 572 80 0 
0 61 212 59 0 
0 10 481 42 0 
0 59 375 14 0 
0 19 290 31 0 
0 3 295 41 0 
0 44 393 19 0 
0 17 487 12 0 
0 2 302 0 0 
0 56 270 2 0 
1 0 265 52 0 
0 92 223 2 0 
0 27 325 55 0 
0 27 381 53 0 
0 45 270 37 0 
0 82 273 78 0 
1 2 326 53 0 
1 16 209 16 0 
0 25 239 2 0 
0 109 363 41 0 
0 12 257 11 0 
0 85 337 45 0 
0 26 266 34 0 
0 26 220 74 0 
0 81 239 9 0 
0 45 338 11 0 
0 155 462 0 0 
1 49 250 70 0 
0 97 276 35 0 
1 78 147 67 0 
0 19 475 36 0 
1 18 255 1 0 
0 32 248 46 0 
0 20 291 23 0 
0 3 402 83 0 
0 0 397 136 0 
0 18 378 1 18 
0 21 400 13 0 
0 33 221 42 0 
0 9 394 71 0 
0 25 309 30 0 
0 25 321 58 0 
0 102 312 7 0 
0 240 221 11 0 
0 28 350 45 0 
0 10 443 99 0 
1 0 299 12 0 
3 67 379 0 0 
1 167 277 27 0 
0 49 478 72 0 
5 85 303 33 0 
0 52 340 4 0 
0 96 202 25 0 
0 128 191 17 0 
0 19 222 169 0 
0 31 269 80 0 
0 48 183 56 0 
0 12 266 46 0 
0 11 291 156 0 
1 72 265 47 0 
0 4 255 20 0 
0 65 251 10 0 
0 12 322 49 0 
0 35 333 160 0 
6 55 309 30 0 
0 19 387 81 0 
2 17 395 24 0 
0 53 502 41 0 
0 43 250 36 0 
2 86 420 2 0 
1 9 318 31 0 
0 133 339 25 0 
0 109 258 15 0 
2 26 309 0 0 
0 59 257 27 0 
0 32 326 10 0 
1 44 339 24 0 
0 18 494 48 0 
0 42 267 13 0 
7 22 204 113 0 
0 23 219 29 0 
0 43 224 15 0 
0 18 262 21 0 
0 83 355 14 0 
0 21 278 62 0 
0 41 430 22 0 
0 6 260 4 0 
0 95 234 21 0 
1 24 395 16 0 
0 32 294 43 0 
1 57 430 53 0 
1 7 251 65 0 
0 10 234 91 0 
0 93 207 4 0 
1 34 236 20 0 
0 85 355 27 0 
23 36 640 6 0 
0 15 333 1 0 
0 15 285 39 0 
2 27 391 108 0 
2 23 234 69 0 
0 51 277 52 0 
0 131 283 9 0 
5 2 479 110 0 
3 44 342 37 0 
0 27 267 18 0 
0 16 344 26 0 
0 61 190 19 0 
0 30 222 27 0 
0 66 285 39 0 
0 47 228 36 0 
0 30 348 17 0 
6 27 259 27 0 
0 14 596 4 0 
0 177 204 2 0 
5 20 337 14 0 
0 49 394 0 0 
0 59 408 33 0 
1 80 235 71 0 
0 20 300 6 0 
0 64 400 95 0 
2 17 235 31 0 
0 140 301 7 0 
4 36 249 23 0 
0 15 425 42 0 
0 48 266 60 0 
0 22 373 55 0 
1 53 219 32 0 
0 20 473 23 0 
0 27 372 10 0 
0 110 327 24 0 
1 9 272 3 0 
0 18 365 21 0 
0 0 493 36 0 
0 2 448 13 0 
0 20 443 26 0 
0 15 567 4 0 
4 30 394 46 0 
1 45 252 15 0 
1 13 252 82 0 
0 75 352 8 0 
0 16 357 41 0 
0 16 411 63 0 
0 1 243 99 0 
0 47 163 36 0 
0 18 290 153 0 
0 30 308 86 0 
0 9 376 21 0 
0 22 245 15 2 
1 7 344 61 0 
0 32 158 148 0 
1 144 257 18 0 
0 3 137 29 0 
0 8 384 37 0 
0 53 209 2 0 
0 4 224 102 0 
0 36 286 25 0 
0 44 228 90 0 
0 2 441 68 0 
0 35 258 37 0 
0 18 602 7 0 
0 18 340 52 0 
5 69 303 5 0 
0 2 401 19 0 
0 33 440 31 0 
0 92 141 65 0 
1 41 338 12 0 
0 38 288 0 0 
2 37 451 25 0 
0 5 410 32 0 
0 41 359 9 0 
0 39 281 7 0 
0 39 299 37 0 
0 8 219 5 0 
0 84 236 32 0 
0 21 438 62 0 
0 34 268 0 0 
2 48 392 51 0 
0 3 238 9 0 
0 49 370 61 0 
1 3 305 60 0 
0 74 285 10 0 
0 46 262 3 0 
0 19 297 27 0 
0 17 426 47 0 
0 10 369 19 0 
0 0 489 7 0 
0 5 326 25 0 
0 27 257 57 0 
4 19 173 21 0 
0 10 416 168 0 
0 40 274 37 0 
0 22 266 78 0 
0 29 381 2 0 
0 32 209 86 0 
0 25 420 3 0 
0 45 362 7 0 
0 12 367 76 0 
1 53 274 3 0 
0 45 287 101 0 
8 35 459 21 0 
0 33 358 24 0 
0 29 251 21 0 
0 17 290 28 0 
0 82 310 74 0 
3 157 436 10 0 
0 15 275 51 0 
0 21 483 13 0 
0 42 307 14 0 
3 87 250 12 0 
0 1 293 28 0 
0 72 378 14 0 
0 39 359 39 0 
0 50 337 41 0 
0 13 348 45 0 
4 36 288 6 0 
1 62 297 32 0 
0 11 328 30 0 
4 41 216 55 0 
0 18 161 3 0 
1 59 298 6 0 
0 11 267 36 0 
1 45 257 67 0 
0 0 258 50 0 
0 9 412 47 0 
0 58 388 26 0 
0 14 389 29 0 
0 52 328 5 0 
10 32 257 34 0 
0 62 251 16 0 
0 18 305 29 0 
1 150 178 11 0 
0 32 201 22 0 
0 16 409 28 0 
0 34 191 125 0 
0 16 383 39 0 
0 25 249 4 0 
0 1 311 153 0 
0 46 320 12 0 
0 20 394 4 0 
0 1 342 28 0 
0 5 306 119 0 
0 51 256 37 0 
2 45 419 2 0 
11 25 236 10 0 
0 9 336 39 0 
0 62 303 8 0 
0 3 208 23 0 
0 100 299 0 0 
0 34 352 34 0 
1 38 386 1 0 
0 6 365 52 0 
1 83 302 3 0 
0 90 299 11 0 
1 127 407 11 0 
1 18 268 14 0 
0 88 206 34 0 
0 21 407 17 0 
0 35 359 142 0 
0 63 298 22 0 
0 80 363 91 0 
0 46 274 42 0 
0 42 283 13 0 
0 19 329 17 0 
0 31 411 27 0 
0 44 320 5 0 
0 9 270 56 0 
0 19 313 19 0 
23 43 274 68 0 
0 39 272 45 0 
0 44 148 30 0 
0 38 159 196 0 
0 40 547 48 0 
0 21 463 26 0 
0 70 356 76 0 
1 28 242 35 0 
0 33 323 50 0 
0 17 335 58 0 
0 11 235 1 0 
0 87 249 59 0 
0 36 497 23 0 
0 26 547 0 0 
1 34 274 162 0 
0 11 416 18 0 
0 104 233 11 0 
0 6 389 16 0 
0 42 356 69 0 
0 37 213 97 0 
1 7 405 22 0 
0 20 425 0 0 
0 49 446 117 0 
0 10 292 83 0 
0 53 427 21 0 
0 78 301 33 0 
0 11 188 22 0 
0 69 369 71 0 
0 26 431 44 0 
9 87 303 2 0 
0 41 329 13 0 
0 26 208 24 0 
0 17 397 169 0 
0 35 302 63 0 
3 6 355 30 0 
0 77 340 93 0 
4 73 330 6 0 
0 130 296 9 0 
1 37 252 1 0 
0 62 312 13 0 
0 25 253 84 0 
0 13 411 38 0 
0 16 242 20 0 
0 19 277 58 0 
1 0 246 53 0 
0 4 480 3 0 
0 90 319 86 0 
0 38 326 0 0 
0 29 211 32 0 
0 23 461 29 0 
0 16 304 73 0 
0 9 202 99 0 
2 10 293 29 0 
0 47 281 110 0 
1 11 279 63 0 
0 47 272 27 0 
0 10 371 26 0 
0 65 375 85 0 
9 22 348 72 0 
0 44 268 91 0 
0 32 276 45 0 
0 51 359 21 0 
0 130 252 24 0 
0 19 292 37 0 
0 8 487 10 0 
0 39 393 0 0 
0 26 422 70 0 
0 26 209 106 0 
0 47 367 29 0 
1 47 243 8 0 
0 0 346 9 0 
0 51 443 115 0 
0 90 374 30 0 
8 14 503 36 0 
0 112 220 54 0 
0 8 294 51 0 
0 95 294 47 0 
0 102 247 13 0 
0 53 417 36 0 
0 93 400 3 0 
0 8 431 10 0 
0 15 500 20 0 
0 88 206 12 0 
0 20 298 11 0 
2 24 181 55 0 
0 15 295 23 0 
1 55 462 3 0 
0 6 343 15 0 
1 18 251 78 0 
0 24 331 45 0 
0 25 268 162 0 
0 47 262 5 0 
1 1 328 24 0 
1 22 141 5 0 
0 2 364 67 0 
1 58 188 23 0 
0 93 250 27 0 
0 13 552 34 0 
0 5 210 46 0 
0 34 358 80 0 
0 30 280 194 0 
0 10 325 78 0 
0 30 284 60 0 
0 44 272 42 0 
0 49 287 8 0 
0 91 359 44 0 
6 34 434 32 0 
0 20 309 20 0 
2 29 288 24 0 
3 41 302 46 0 
0 66 185 16 0 
2 37 394 34 0 
0 72 292 45 0 
0 29 286 8 0 
0 33 235 32 0 
0 4 289 8 0 
1 48 299 61 0 
0 7 346 25 0 
0 52 302 10 0 
0 30 266 58 2 
0 23 306 83 0 
0 60 215 21 0 
0 21 305 51 0 
1 39 344 88 0 
0 47 219 17 0 
0 15 365 35 0 
0 12 464 49 0 
0 61 424 33 0 
0 94 354 23 0 
0 11 392 4 0 
0 5 249 10 0 
1 5 293 48 0 
0 130 215 47 0 
1 93 287 34 0 
0 58 335 14 0 
0 55 426 18 0 
0 26 368 34 0 
0 60 128 35 0 
0 39 183 117 0 
2 20 215 57 0 
0 18 400 26 0 
0 7 456 48 0 
0 19 308 58 0 
0 82 295 20 0 
1 32 288 109 0 
0 45 176 22 0 
0 32 328 7 0 
1 34 344 58 0 
0 26 264 1 0 
0 45 275 51 0 
0 28 283 30 0 
2 30 342 43 0 
0 74 386 59 0 
0 50 339 86 0 
0 92 366 62 0 
0 220 211 0 0 
0 39 361 29 0 
0 11 241 79 0 
1 23 157 59 0 
1 56 287 46 0 
0 15 319 25 0 
0 8 385 0 0 
3 191 278 22 0 
0 7 309 8 0 
0 27 245 131 0 
0 17 425 12 0 
3 20 352 13 0 
2 45 152 31 0 
0 32 331 43 0 
1 25 295 64 0 
3 43 242 58 0 
0 42 369 4 0 
0 5 439 118 0 
0 10 356 55 0 
0 49 356 40 0 
9 18 354 108 0 
7 39 267 22 0 
0 9 407 50 0 
0 106 321 9 0 
0 29 468 105 0 
0 48 258 62 0 
0 101 362 15 0 
0 11 320 28 0 
0 34 262 50 0 
2 74 366 110 0 
8 8 337 32 0 
0 1 411 16 0 
0 30 363 2 0 
0 25 325 102 0 
0 77 378 0 0 
0 7 314 18 0 
0 34 349 12 0 
0 22 263 33 0 
0 4 335 21 0 
1 19 164 24 0 
1 19 339 84 0 
0 3 461 39 0 
0 42 375 20 0 
2 68 185 53 0 
0 90 520 63 0 
3 35 390 40 0 
0 37 348 30 0 
1 27 366 53 0 
0 143 312 66 0 
0 136 302 2 0 
0 47 452 102 0 
0 32 402 33 0 
1 169 312 24 0 
0 40 255 60 0 
4 7 304 29 0 
0 41 379 22 0 
0 16 390 21 0 
0 37 290 3 0 
0 26 280 4 0 
0 61 375 19 0 
0 93 157 116 0 
0 33 235 36 0 
0 23 300 20 0 
0 16 292 32 0 
1 49 169 43 0 
0 16 251 40 0 
0 7 293 63 0 
0 58 258 23 0 
1 58 239 40 0 
3 104 269 31 0 
0 30 240 45 2 
10 20 332 3 0 
0 22 240 24 0 
0 26 293 10 0 
2 36 318 62 0 
1 57 224 52 0 
0 14 277 109 0 
0 22 241 149 0 
1 73 256 60 0 
0 15 289 49 0 
0 69 261 13 0 
0 58 263 32 0 
0 1 388 11 0 
1 6 226 57 0 
9 15 479 14 0 
0 27 374 12 0 
0 2 445 50 0 
2 166 269 32 0 
0 25 299 86 0 
0 20 309 89 0 
2 24 449 11 0 
0 11 481 3 0 
4 95 237 29 0 
0 100 342 40 0 
0 74 403 13 0 
1 37 421 89 0 
0 41 234 11 0 
0 31 310 72 0 
0 41 337 74 0 
0 31 505 7 0 
0 126 247 39 0 
0 88 238 9 0 
1 60 436 93 0 
0 11 465 16 0 
0 42 301 55 0 
0 67 301 6 0 
1 27 198 33 0 
0 19 319 134 0 
0 15 287 36 0 
0 23 285 17 0 
18 6 244 87 0 
