0 25 375 19 0 
3 11 263 48 0 
1 27 424 6 0 
0 36 290 24 0 
1 21 336 20 0 
0 8 379 20 0 
0 59 306 111 0 
0 20 288 54 0 
0 18 267 12 0 
1 63 391 89 0 
0 13 369 14 0 
0 107 198 34 0 
10 37 428 25 0 
0 29 416 81 0 
0 2 394 19 0 
0 65 425 37 0 
0 36 345 5 0 
0 14 260 26 0 
0 48 291 1 0 
0 35 300 29 0 
1 35 301 28 0 
0 51 208 47 0 
0 43 372 45 0 
0 63 326 3 0 
0 22 488 28 0 
0 48 380 29 0 
0 24 375 115 0 
0 28 212 41 0 
0 39 355 17 0 
0 3 332 6 0 
1 13 440 36 0 
0 27 361 17 0 
1 16 356 72 0 
1 20 412 79 0 
0 33 309 10 0 
0 78 300 15 0 
1 18 320 29 0 
0 55 251 39 0 
4 63 428 103 0 
1 46 358 26 0 
0 76 253 87 0 
0 72 450 26 0 
0 45 432 21 0 
0 24 392 6 0 
0 9 286 23 0 
1 38 330 52 0 
3 15 388 32 0 
0 63 385 97 0 
0 27 507 0 0 
0 89 214 8 0 
0 19 288 21 0 
0 42 217 65 0 
0 69 283 49 0 
0 18 223 56 0 
0 11 306 14 0 
0 26 306 44 0 
5 39 359 91 0 
2 50 307 6 0 
0 6 316 24 0 
0 95 273 43 0 
0 18 347 52 0 
0 7 365 51 0 
0 14 334 37 0 
0 100 379 5 0 
10 32 356 0 0 
0 11 339 35 0 
1 18 374 50 0 
0 8 362 25 0 
0 75 270 34 0 
0 34 258 114 0 
0 19 319 66 0 
2 19 286 5 0 
3 33 313 104 0 
0 61 246 13 0 
0 42 315 60 0 
0 47 345 73 0 
0 57 280 26 0 
0 23 331 201 0 
0 3 253 69 0 
1 142 196 13 0 
4 21 344 22 0 
0 60 299 16 0 
7 31 346 26 0 
0 40 270 47 0 
0 1 421 112 0 
0 18 352 13 0 
0 37 302 27 0 
0 8 236 19 0 
0 18 332 22 0 
0 36 323 6 0 
1 60 376 3 0 
0 40 358 15 0 
0 77 229 91 0 
1 14 431 40 0 
0 45 347 14 0 
2 43 281 18 0 
0 47 284 38 0 
2 32 253 72 0 
0 59 304 18 0 
2 43 247 10 0 
0 50 366 22 0 
0 11 290 51 0 
1 36 435 26 2 
0 43 332 68 0 
0 5 358 79 0 
0 45 321 4 0 
0 24 263 53 0 
0 26 297 53 0 
12 35 320 8 0 
0 14 375 47 0 
0 34 393 17 1 
1 35 308 22 0 
1 112 307 13 0 
0 58 328 30 0 
0 30 297 15 0 
0 15 411 8 0 
0 16 419 51 0 
0 39 413 30 0 
0 34 279 44 0 
0 83 410 46 0 
0 44 238 62 0 
0 32 331 40 0 
4 98 297 8 0 
0 32 359 56 0 
0 7 348 44 0 
0 13 305 29 0 
3 17 347 24 0 
0 30 393 44 0 
0 113 224 95 0 
0 30 299 33 0 
0 0 368 36 0 
0 40 332 13 0 
3 54 308 6 0 
0 17 329 41 0 
1 31 452 27 0 
1 49 251 71 0 
0 58 239 45 0 
2 12 426 49 0 
0 37 328 14 0 
0 14 488 34 0 
1 37 345 30 0 
0 29 237 35 0 
0 23 384 29 0 
0 48 373 73 0 
0 10 229 40 0 
0 25 306 54 0 
1 24 246 23 0 
0 85 366 26 0 
0 4 412 4 0 
0 97 333 18 0 
0 18 435 36 0 
0 31 401 53 0 
1 38 371 31 0 
0 43 270 106 0 
0 24 335 36 0 
0 5 345 48 0 
0 0 365 5 0 
0 4 419 39 0 
2 54 338 15 0 
0 20 459 26 0 
1 89 288 80 0 
2 30 336 27 0 
0 17 342 10 0 
0 41 338 112 0 
2 52 361 18 0 
0 28 387 9 0 
1 33 322 55 0 
1 6 238 41 0 
0 22 264 41 0 
0 44 375 15 0 
0 23 376 12 0 
0 53 236 76 0 
0 55 476 23 0 
0 87 359 11 0 
0 6 373 155 0 
0 35 426 32 0 
0 36 302 22 0 
0 52 385 14 0 
5 44 423 29 0 
0 43 316 26 0 
0 11 291 31 0 
0 7 377 40 0 
0 67 341 91 0 
0 49 325 28 0 
0 14 225 53 0 
0 46 198 44 0 
0 12 375 17 0 
0 10 344 22 0 
0 41 420 5 0 
0 58 295 30 0 
0 15 324 22 0 
1 23 307 16 0 
0 134 259 40 0 
0 62 350 18 0 
0 54 244 56 0 
4 60 366 8 0 
0 21 401 34 0 
0 14 403 83 0 
0 27 371 70 0 
2 73 355 18 0 
0 33 424 33 0 
0 12 292 45 0 
4 73 330 8 0 
0 59 267 10 0 
0 27 397 1 0 
0 34 368 9 0 
0 24 532 16 0 
3 32 425 50 0 
0 75 359 2 0 
10 33 371 45 0 
0 50 370 48 0 
1 28 285 51 0 
1 38 303 16 0 
0 38 415 13 0 
4 42 260 54 0 
0 31 350 47 0 
0 25 284 23 0 
1 22 350 27 0 
0 49 400 93 0 
5 100 273 30 0 
0 37 422 50 0 
1 51 162 56 0 
0 36 367 6 0 
0 37 396 23 0 
1 43 400 45 0 
0 19 253 41 0 
0 38 219 0 0 
0 15 388 58 0 
2 38 252 82 0 
2 30 272 15 0 
0 5 171 46 0 
0 18 446 29 2 
0 54 217 86 0 
1 4 334 23 0 
0 23 408 8 0 
0 66 336 15 0 
0 26 524 17 0 
0 5 313 40 0 
0 54 333 18 0 
1 23 389 34 0 
0 106 217 16 0 
0 52 461 11 0 
0 8 214 36 0 
0 65 231 25 0 
2 34 352 17 0 
0 38 236 129 0 
0 11 275 62 0 
2 48 227 27 0 
2 46 298 24 0 
4 62 375 13 0 
0 27 348 54 0 
2 37 331 35 0 
0 25 416 51 0 
0 8 344 25 0 
0 62 303 26 0 
0 63 401 20 0 
4 46 423 41 0 
0 31 335 57 0 
0 58 361 70 0 
0 56 349 63 0 
1 44 379 16 0 
0 8 277 21 0 
2 74 256 83 0 
0 28 305 48 0 
2 28 266 53 0 
0 23 434 23 0 
0 69 293 38 0 
2 27 396 51 0 
2 4 316 37 0 
0 106 342 66 0 
0 20 333 35 0 
0 17 349 28 0 
0 33 329 50 0 
0 29 279 27 0 
0 22 280 35 0 
0 34 260 32 0 
0 59 264 96 0 
0 81 375 53 0 
0 65 399 14 0 
0 32 293 14 0 
7 46 368 64 0 
0 12 306 22 0 
1 19 341 20 0 
0 58 322 41 0 
0 57 324 23 0 
0 40 354 7 0 
4 9 259 55 0 
0 33 270 40 0 
0 16 384 72 0 
0 17 368 12 0 
1 33 395 56 0 
0 46 256 13 0 
0 52 345 7 0 
0 47 287 41 0 
0 9 313 12 0 
0 31 271 10 0 
2 48 352 40 0 
2 18 441 42 0 
0 6 342 11 0 
0 54 309 66 0 
0 36 360 28 0 
0 101 277 31 0 
0 54 305 46 0 
1 19 259 17 0 
0 63 294 16 0 
1 40 269 32 0 
0 8 315 54 0 
0 24 449 37 0 
0 12 434 24 0 
0 42 409 5 0 
1 58 199 88 0 
0 2 295 26 0 
0 11 375 26 0 
0 16 364 15 0 
0 17 351 104 0 
0 31 289 44 0 
0 42 288 15 0 
0 42 325 35 0 
5 51 254 21 0 
0 12 406 14 0 
0 7 380 33 0 
0 20 338 57 0 
1 16 324 21 0 
1 84 325 59 0 
0 11 471 68 0 
0 38 348 36 0 
0 40 344 35 0 
0 52 323 36 0 
0 9 480 29 0 
0 30 367 25 0 
0 51 312 8 0 
0 47 243 24 0 
0 19 365 16 0 
8 17 328 4 0 
1 9 371 15 0 
1 45 165 25 0 
0 61 332 7 0 
1 121 304 2 0 
0 42 328 3 0 
0 26 460 74 0 
0 31 275 6 0 
0 35 239 11 0 
2 21 277 20 0 
0 6 358 38 0 
0 16 413 46 0 
0 35 388 16 0 
0 14 319 34 0 
1 79 344 8 0 
0 32 362 17 0 
0 29 264 59 0 
0 32 343 17 0 
2 16 365 28 0 
0 43 323 19 0 
0 27 221 30 0 
0 13 214 40 0 
0 14 409 0 0 
0 16 371 69 13 
0 9 433 24 0 
0 41 334 15 0 
0 19 349 55 0 
0 13 341 91 0 
0 15 310 41 0 
0 11 398 59 0 
0 26 383 26 0 
0 38 276 50 0 
0 43 259 14 0 
1 16 337 11 0 
1 20 244 93 0 
0 24 327 37 0 
0 19 263 66 0 
1 25 197 39 0 
0 27 318 20 0 
0 11 211 39 0 
0 12 306 52 0 
2 13 306 38 0 
0 37 357 28 1 
2 63 325 3 0 
0 66 275 47 0 
0 120 378 28 0 
0 58 234 17 0 
0 37 339 23 0 
0 58 424 32 0 
1 3 316 40 0 
0 29 301 41 0 
0 23 390 15 0 
0 63 271 66 0 
0 62 383 83 0 
0 67 339 23 0 
2 38 292 43 0 
5 41 289 38 0 
0 4 188 28 0 
0 86 370 66 0 
1 89 393 32 0 
0 34 275 35 0 
1 158 322 22 0 
0 21 545 6 0 
0 127 338 66 0 
1 58 354 32 0 
0 27 399 19 0 
0 28 366 35 0 
0 29 305 43 0 
0 17 367 37 0 
0 44 359 19 0 
0 13 297 62 0 
0 38 270 59 0 
0 34 369 3 0 
0 6 297 23 0 
3 33 387 44 0 
0 20 374 24 0 
0 7 397 14 0 
1 22 240 19 0 
0 82 259 29 0 
0 15 406 66 0 
0 33 219 35 0 
1 40 388 52 0 
0 64 410 67 0 
0 55 386 43 0 
0 44 179 57 0 
0 67 321 67 0 
1 22 450 35 0 
0 102 316 1 0 
0 9 404 5 0 
0 24 304 69 0 
0 13 297 29 0 
0 19 312 61 0 
0 68 190 13 0 
6 47 299 29 0 
1 34 248 43 0 
0 35 374 32 0 
0 21 371 13 0 
0 4 392 34 0 
3 67 360 34 0 
0 44 320 57 0 
0 46 344 54 0 
0 20 378 54 0 
0 32 248 20 0 
1 46 323 53 0 
0 44 271 11 0 
0 25 258 52 0 
0 20 272 54 0 
0 86 294 9 0 
0 63 333 4 0 
0 11 388 26 0 
0 74 333 19 0 
0 42 218 29 3 
0 8 421 59 0 
3 23 420 51 0 
3 41 424 15 0 
0 38 272 7 0 
0 51 352 96 0 
0 19 326 23 0 
0 70 209 4 0 
0 24 375 44 0 
0 51 353 36 0 
0 46 223 3 0 
0 121 354 112 0 
0 20 347 17 0 
0 15 444 24 0 
0 25 378 11 0 
0 84 237 32 0 
0 19 290 44 0 
1 51 329 85 0 
3 10 388 19 0 
0 20 291 68 0 
0 53 524 32 0 
0 38 441 24 0 
0 68 239 28 0 
1 22 349 29 0 
0 7 450 67 0 
0 75 377 35 0 
0 34 306 52 0 
0 47 401 15 0 
0 16 308 10 0 
0 17 298 50 0 
1 33 260 65 0 
1 84 301 35 0 
10 27 290 34 0 
1 37 371 16 0 
2 57 255 42 0 
0 22 352 45 0 
0 14 495 40 0 
0 26 260 26 0 
0 5 402 32 0 
2 17 282 15 0 
0 12 231 39 0 
0 8 211 14 0 
1 76 221 47 0 
0 24 408 20 0 
0 11 270 24 0 
0 38 307 50 0 
6 18 313 73 0 
0 70 213 27 0 
0 49 239 76 0 
0 15 331 40 0 
0 25 520 13 0 
0 11 226 16 0 
0 24 308 17 0 
0 29 316 44 0 
0 22 300 15 0 
3 40 309 22 0 
0 39 323 55 0 
0 43 357 78 0 
0 34 376 17 0 
0 48 406 14 0 
0 63 347 16 0 
0 44 283 83 0 
0 15 240 34 0 
0 29 330 17 0 
0 31 350 45 0 
4 33 344 47 0 
3 51 345 81 0 
0 52 200 59 0 
0 42 425 27 0 
0 2 328 5 0 
0 14 464 23 0 
3 8 364 49 0 
5 14 240 34 0 
2 54 292 15 0 
9 40 414 35 0 
0 38 277 7 0 
0 0 459 40 0 
1 6 407 18 0 
7 4 329 56 0 
0 59 178 80 0 
2 30 403 32 0 
1 31 308 39 0 
0 20 329 28 0 
0 21 377 39 0 
0 64 265 39 0 
0 90 347 38 0 
1 54 281 39 0 
0 63 348 21 0 
0 67 317 13 0 
0 14 407 2 0 
0 29 422 51 0 
0 34 349 51 0 
0 8 249 72 0 
0 27 321 38 0 
0 51 293 26 0 
0 71 246 67 0 
0 49 419 51 0 
0 53 283 33 0 
0 13 294 15 0 
2 56 386 23 0 
0 30 205 99 0 
0 23 271 76 0 
0 6 299 37 0 
0 28 394 29 0 
0 64 312 16 0 
1 78 344 39 0 
0 64 395 2 0 
5 85 401 1 0 
1 49 310 14 0 
0 103 324 31 0 
0 9 355 0 0 
0 32 341 12 0 
0 38 390 31 0 
0 91 289 22 0 
0 23 434 58 0 
2 50 346 51 0 
0 8 364 55 0 
0 12 450 21 0 
0 17 358 33 0 
0 3 416 46 0 
1 14 392 41 0 
0 23 414 0 0 
0 7 482 17 0 
1 120 317 13 0 
0 95 397 74 0 
0 63 339 58 0 
2 3 310 33 0 
0 63 265 24 0 
1 30 284 35 0 
0 19 437 18 0 
0 20 214 39 0 
0 42 351 53 0 
0 91 240 27 0 
1 109 331 1 0 
0 30 427 25 0 
0 46 284 12 5 
1 60 309 8 0 
0 70 458 35 0 
1 11 323 29 0 
2 29 257 39 0 
0 46 361 13 0 
0 54 400 10 0 
0 117 358 3 0 
1 20 309 73 0 
0 16 465 15 0 
0 26 245 13 0 
0 17 185 29 0 
0 13 372 1 0 
0 5 232 11 0 
0 61 222 33 0 
0 32 307 17 0 
0 17 251 48 0 
1 35 261 41 0 
0 43 370 42 0 
5 7 308 32 0 
0 108 363 4 0 
0 18 283 44 0 
0 22 312 44 0 
5 43 347 66 0 
0 51 415 13 0 
0 52 296 62 0 
0 37 351 43 0 
0 25 329 1 0 
2 23 366 69 0 
1 30 358 36 0 
2 48 335 13 0 
0 79 276 49 0 
1 28 393 25 0 
0 42 317 40 0 
0 19 386 25 0 
1 43 410 55 0 
0 27 262 54 0 
4 50 194 73 0 
0 43 426 78 0 
0 52 344 27 0 
0 41 289 29 0 
0 68 458 20 0 
7 21 255 29 0 
0 28 377 57 0 
0 25 302 35 0 
0 33 382 3 0 
0 36 450 38 0 
0 56 293 41 0 
0 34 344 6 0 
0 4 322 55 0 
0 5 335 99 0 
1 36 214 9 0 
0 38 363 13 0 
1 71 276 30 0 
0 39 353 10 0 
0 36 346 25 0 
0 69 268 4 0 
0 65 255 121 0 
0 66 375 5 0 
0 35 172 18 0 
0 31 310 13 0 
1 32 270 37 0 
0 13 414 97 0 
0 15 443 29 0 
0 9 328 59 0 
0 7 378 1 0 
1 41 384 52 0 
0 23 379 33 3 
0 0 381 58 0 
4 49 273 45 0 
1 45 353 5 0 
0 21 416 7 0 
0 47 334 20 0 
0 14 309 38 0 
0 102 479 24 0 
1 46 404 48 0 
0 19 302 25 0 
4 54 241 18 0 
0 23 309 105 0 
0 18 346 96 0 
1 94 224 80 0 
1 15 432 20 0 
0 5 420 22 0 
0 17 275 36 0 
0 18 344 17 0 
0 42 276 49 0 
0 16 289 4 0 
0 18 342 11 0 
0 18 397 8 0 
0 27 341 26 0 
0 30 344 41 0 
0 31 497 18 0 
0 3 400 56 0 
0 10 396 25 0 
1 15 411 20 0 
5 33 333 25 0 
0 48 357 28 0 
1 28 414 19 0 
1 12 373 29 0 
0 12 303 72 0 
0 4 372 5 0 
0 45 424 10 0 
1 41 376 24 0 
0 0 378 38 0 
0 1 437 19 0 
0 52 359 59 0 
0 43 361 33 0 
0 11 363 9 0 
0 33 247 37 0 
0 17 412 23 0 
0 23 426 16 0 
0 18 319 16 0 
0 18 297 38 0 
1 8 291 12 0 
2 11 292 31 0 
0 45 349 56 0 
0 33 337 82 0 
0 7 329 25 0 
0 4 342 19 0 
0 2 398 77 0 
0 1 450 41 0 
0 90 459 58 0 
0 37 270 15 0 
1 61 372 55 0 
1 82 271 46 0 
0 82 365 50 0 
0 0 280 19 0 
0 14 378 28 0 
0 40 388 8 0 
0 36 351 13 0 
0 20 367 70 0 
4 11 346 59 0 
0 54 298 41 0 
1 42 297 56 0 
0 42 301 38 0 
0 32 341 15 0 
0 8 425 53 0 
0 60 468 40 0 
0 29 353 10 0 
0 16 309 55 0 
0 40 292 100 2 
0 43 358 22 0 
0 9 279 67 0 
0 15 209 19 0 
0 31 338 16 0 
1 11 258 9 0 
0 11 394 13 0 
0 2 356 58 0 
0 40 248 12 0 
1 30 295 40 0 
2 19 330 17 0 
0 8 374 13 0 
1 2 270 63 0 
0 31 308 48 0 
2 34 361 64 0 
0 20 404 31 0 
0 60 373 18 0 
0 22 490 24 0 
0 22 463 32 0 
0 28 301 15 0 
0 54 354 39 0 
5 40 354 48 0 
1 96 274 48 0 
0 34 262 157 0 
1 14 224 40 0 
0 60 282 20 3 
0 16 404 19 0 
0 79 308 52 0 
0 32 291 17 0 
3 62 353 30 0 
0 7 330 7 0 
0 29 423 22 0 
0 67 264 44 0 
0 40 352 31 0 
0 24 489 26 0 
0 20 288 20 0 
0 45 308 64 0 
0 12 402 67 0 
1 27 328 37 0 
0 36 263 56 0 
3 4 432 47 0 
6 45 259 70 0 
0 31 394 28 0 
0 51 297 40 0 
0 37 443 8 0 
0 18 281 90 0 
0 36 296 29 0 
0 20 320 83 0 
1 22 363 60 0 
0 54 327 52 0 
2 83 402 20 0 
0 30 329 20 0 
0 13 373 82 0 
1 82 332 9 0 
0 51 360 60 0 
0 57 264 91 0 
0 42 269 24 0 
0 7 338 48 0 
0 30 445 14 0 
0 6 336 56 0 
0 51 367 12 0 
0 24 362 43 0 
1 3 449 40 0 
0 36 282 34 0 
1 55 479 35 0 
0 28 324 25 0 
0 79 297 65 0 
0 18 384 10 0 
0 19 232 41 0 
0 74 397 8 0 
1 31 339 17 0 
0 89 432 37 0 
0 34 295 17 0 
0 26 498 27 0 
0 66 352 22 0 
0 36 240 38 0 
0 21 406 13 0 
0 15 446 71 0 
0 52 277 104 0 
1 36 188 59 0 
0 27 323 50 0 
0 7 387 19 0 
0 8 356 34 0 
0 42 468 37 0 
0 33 224 68 0 
0 2 247 26 0 
0 9 362 48 0 
0 10 323 32 0 
1 6 343 13 0 
0 11 191 78 1 
0 15 384 136 0 
0 57 306 43 0 
0 13 251 110 0 
0 17 427 24 0 
0 18 329 23 0 
0 32 367 79 0 
0 65 258 34 0 
0 66 351 28 0 
0 9 372 37 0 
0 16 315 44 0 
1 60 399 96 0 
1 51 296 74 0 
0 73 250 66 0 
0 44 387 19 0 
0 29 302 25 0 
0 27 361 4 0 
2 12 384 16 0 
0 38 249 7 20 
0 51 378 30 0 
0 26 323 17 0 
0 17 328 30 0 
1 14 361 51 0 
0 76 317 74 0 
0 21 335 13 0 
0 10 260 114 0 
0 16 300 26 0 
1 65 434 16 0 
0 16 404 54 0 
1 25 402 4 0 
0 21 371 25 0 
6 45 242 45 0 
3 28 439 20 0 
0 0 431 21 0 
0 16 309 42 0 
3 71 266 2 0 
0 30 255 30 0 
0 11 372 36 0 
1 110 285 39 0 
0 23 342 23 0 
0 26 283 105 0 
0 20 384 18 0 
0 18 372 49 0 
2 36 417 55 0 
2 48 480 33 0 
0 16 304 27 0 
0 28 297 53 0 
0 70 222 54 0 
0 53 334 44 0 
0 22 282 24 0 
0 12 384 10 0 
0 33 446 16 0 
0 33 311 36 0 
1 40 325 19 0 
2 21 313 52 0 
0 13 366 48 0 
0 18 301 59 0 
1 50 316 39 1 
5 6 378 35 0 
0 25 276 11 0 
0 32 329 13 0 
0 28 356 16 0 
0 11 483 40 0 
1 72 288 21 0 
26 28 343 66 0 
22 36 177 12 0 
0 34 267 56 0 
3 17 406 39 0 
0 18 322 19 0 
1 12 357 36 0 
0 35 345 70 0 
0 0 281 54 0 
0 35 210 28 0 
0 30 381 24 0 
0 14 483 53 0 
0 19 330 69 0 
1 54 324 23 0 
0 35 318 7 0 
3 126 308 15 0 
0 35 324 19 0 
0 34 359 34 0 
0 49 358 31 0 
0 88 297 16 0 
1 13 352 19 0 
1 21 294 36 0 
0 66 387 34 0 
2 34 370 11 0 
0 23 223 12 0 
0 62 422 48 0 
1 60 240 31 0 
0 61 409 8 0 
0 6 405 25 0 
0 98 426 27 0 
0 77 352 14 0 
0 96 284 41 0 
1 35 448 9 0 
0 32 324 22 0 
2 69 379 8 0 
0 17 397 54 0 
0 13 434 50 0 
0 34 236 33 0 
1 70 313 51 0 
0 36 385 25 0 
0 9 358 37 0 
6 6 342 24 0 
7 2 219 9 0 
0 70 337 9 0 
0 24 251 17 0 
0 18 371 29 0 
0 11 243 35 0 
3 40 342 21 0 
0 8 327 13 11 
0 4 218 61 0 
0 20 380 45 0 
1 49 306 21 0 
4 4 248 26 0 
0 8 299 22 0 
4 55 306 50 0 
0 5 328 41 0 
0 80 306 16 0 
0 43 319 18 0 
0 76 271 27 0 
0 49 449 4 0 
1 15 285 23 0 
0 17 306 56 0 
0 30 319 34 0 
0 13 477 60 0 
1 4 258 37 0 
0 11 319 64 0 
0 44 324 68 0 
0 22 206 54 0 
1 38 470 120 0 
0 48 358 29 0 
0 30 362 64 0 
0 32 185 23 0 
0 25 311 22 0 
0 40 291 84 0 
6 32 402 18 0 
1 23 233 32 0 
0 31 316 22 0 
0 52 281 22 0 
0 0 322 33 0 
0 65 354 101 0 
1 60 363 15 0 
0 50 348 31 0 
0 10 330 22 0 
0 34 385 20 0 
0 37 325 25 0 
3 114 435 35 0 
2 49 256 29 0 
0 25 273 19 0 
0 47 369 8 0 
1 24 321 65 0 
7 20 323 76 0 
0 4 374 7 0 
0 60 247 11 0 
0 10 336 39 0 
0 39 402 16 0 
0 24 355 27 0 
0 20 334 42 0 
0 6 386 42 0 
0 34 285 3 0 
1 23 370 41 0 
0 92 211 8 0 
0 45 281 50 0 
0 51 330 84 0 
0 14 286 40 0 
1 31 395 11 0 
4 19 438 69 0 
0 22 227 120 0 
0 43 415 25 0 
0 54 399 23 0 
3 38 347 20 0 
3 51 383 23 0 
0 16 325 15 0 
0 56 413 16 0 
0 8 484 90 0 
0 19 284 8 0 
1 69 292 107 0 
1 68 391 33 0 
0 57 309 29 0 
3 28 367 20 0 
0 59 496 6 0 
0 115 306 21 0 
1 34 326 20 0 
0 20 352 40 0 
0 6 344 17 0 
3 28 493 35 0 
0 29 315 44 0 
0 30 231 75 0 
0 37 310 2 0 
0 24 257 27 0 
