0 148 13 
0 82 16 
0 141 35 
0 89 20 
0 92 27 
0 195 15 
0 108 23 
0 101 53 
0 99 56 
0 113 76 
0 110 30 
0 133 18 
0 83 51 
0 97 27 
0 138 35 
0 92 29 
0 131 30 
0 101 34 
0 103 6 
0 143 48 
0 106 44 
0 83 33 
0 144 45 
0 108 37 
0 104 19 
0 72 26 
0 96 12 
0 68 49 
0 163 51 
0 136 37 
0 73 19 
0 98 30 
0 134 69 
0 164 47 
0 100 10 
0 155 54 
0 179 21 
0 135 26 
0 105 15 
0 166 43 
0 117 24 
0 123 28 
0 153 58 
0 95 13 
0 96 66 
0 128 4 
0 90 22 
0 132 26 
0 88 40 
0 168 14 
0 133 91 
0 159 36 
0 181 8 
0 122 40 
0 102 32 
0 123 22 
0 78 20 
0 93 40 
0 128 41 
0 106 88 
0 141 33 
0 149 62 
0 113 63 
0 98 153 
0 142 25 
0 112 3 
0 73 31 
0 109 98 
0 145 47 
0 139 19 
0 58 28 
0 133 55 
0 93 35 
0 66 27 
0 116 18 
0 116 48 
0 127 46 
0 143 20 
0 143 16 
0 138 28 
0 116 59 
0 147 0 
0 109 14 
0 69 87 
0 98 42 
0 71 36 
0 124 108 
0 88 21 
0 146 22 
0 147 18 
0 126 48 
0 123 27 
0 189 4 
0 114 46 
0 85 31 
0 167 31 
0 78 12 
0 144 12 
0 144 21 
0 38 20 
0 121 74 
0 92 32 
0 172 18 
0 108 17 
0 115 60 
0 97 131 
0 109 30 
0 94 53 
0 128 26 
0 150 35 
0 53 26 
0 106 23 
0 98 74 
0 179 31 
0 80 86 
0 149 18 
0 125 13 
0 92 53 
0 90 46 
0 92 25 
0 156 34 
0 138 44 
0 134 26 
0 163 45 
0 74 28 
0 104 49 
0 108 24 
0 77 87 
0 125 30 
0 136 32 
0 138 20 
0 100 33 
0 149 40 
0 102 82 
0 93 13 
0 127 20 
0 113 31 
0 108 29 
0 91 15 
0 96 66 
0 91 10 
0 123 46 
0 143 40 
0 125 42 
0 128 44 
0 138 62 
0 89 41 
0 93 17 
0 82 23 
0 77 55 
0 164 20 
0 92 32 
0 166 40 
0 101 58 
0 126 87 
0 95 127 
0 133 25 
0 156 44 
0 159 56 
0 143 20 
0 103 76 
0 113 69 
0 111 25 
0 121 26 
0 148 20 
0 99 65 
0 153 31 
0 82 15 
0 122 32 
0 139 18 
0 89 35 
0 104 97 
0 149 40 
0 92 27 
0 142 18 
0 94 40 
0 99 3 
0 96 31 
0 105 29 
0 99 90 
0 82 61 
0 158 45 
0 111 10 
0 105 19 
0 133 8 
0 139 32 
0 78 29 
0 100 80 
0 172 9 
0 145 51 
0 103 27 
0 85 66 
0 124 23 
0 116 68 
0 126 46 
0 124 6 
0 103 11 
0 106 12 
0 130 18 
0 148 68 
0 133 51 
0 81 38 
0 123 59 
0 164 6 
0 121 30 
0 121 38 
0 102 73 
0 93 11 
0 135 26 
0 116 38 
0 97 66 
0 65 45 
0 105 28 
0 100 30 
0 121 52 
0 67 48 
0 109 17 
0 129 36 
0 91 16 
0 133 82 
0 75 43 
0 126 37 
0 89 36 
0 105 30 
0 72 37 
0 152 53 
0 68 72 
0 103 35 
0 130 63 
0 107 54 
0 151 12 
0 102 68 
0 78 22 
0 92 14 
0 115 31 
0 155 15 
0 94 27 
0 114 40 
0 97 19 
0 115 24 
0 116 9 
0 121 87 
0 93 108 
0 100 8 
0 127 85 
0 92 32 
0 124 80 
0 89 55 
0 90 162 
0 118 46 
0 160 20 
0 109 78 
0 110 51 
0 77 83 
0 162 61 
0 140 18 
0 101 10 
0 177 30 
0 165 46 
0 152 34 
0 148 53 
0 77 43 
0 160 37 
0 122 7 
0 134 36 
0 108 122 
0 95 3 
0 158 18 
0 126 17 
0 114 82 
0 105 99 
0 71 55 
0 101 31 
0 140 38 
0 117 11 
0 118 89 
0 124 33 
0 58 109 
0 132 7 
0 94 19 
0 76 97 
0 111 11 
0 142 56 
0 143 34 
0 107 56 
0 125 59 
0 85 82 
0 70 43 
0 199 17 
0 110 31 
0 65 19 
0 116 77 
0 135 34 
0 53 32 
0 124 74 
0 121 36 
0 139 31 
0 140 33 
0 70 55 
0 90 8 
0 67 55 
0 137 25 
0 91 37 
0 103 25 
0 89 17 
0 180 19 
0 92 6 
0 136 5 
0 129 60 
0 123 67 
0 101 28 
0 133 33 
0 96 21 
0 178 19 
0 98 69 
0 93 78 
0 107 22 
0 63 19 
0 97 37 
0 81 32 
0 140 68 
0 64 27 
0 116 3 
0 140 14 
0 90 23 
0 139 32 
0 100 29 
0 138 44 
0 122 11 
0 96 51 
0 85 32 
0 99 28 
0 134 21 
0 152 17 
0 145 21 
0 154 69 
0 135 25 
0 100 52 
0 127 50 
0 167 60 
0 103 28 
0 100 11 
0 94 100 
0 88 12 
0 82 34 
0 132 31 
0 115 64 
0 144 28 
0 87 37 
0 128 77 
0 93 33 
0 157 36 
0 153 23 
0 147 9 
0 106 42 
0 141 51 
0 94 64 
0 132 17 
0 105 76 
0 63 37 
0 147 18 
0 98 26 
0 68 18 
0 105 24 
0 129 4 
0 141 46 
0 120 8 
0 116 22 
0 105 135 
0 89 39 
0 149 53 
0 94 18 
0 117 50 
0 84 21 
0 90 69 
0 135 21 
0 101 21 
0 76 17 
0 120 11 
0 66 17 
0 82 28 
0 163 34 
0 103 45 
0 128 95 
0 145 88 
0 88 17 
0 140 6 
0 90 95 
0 123 59 
0 130 14 
0 109 52 
0 101 56 
0 134 10 
0 81 64 
0 128 30 
0 144 158 
0 99 28 
0 142 59 
0 147 25 
0 85 76 
0 96 21 
0 114 40 
0 64 86 
0 73 54 
0 119 35 
0 86 27 
0 132 29 
0 162 46 
0 117 48 
0 109 13 
0 174 31 
0 146 64 
0 132 121 
0 105 91 
0 112 23 
0 85 6 
0 154 16 
0 70 89 
0 124 24 
0 126 24 
0 94 22 
0 118 29 
0 70 28 
0 154 33 
0 155 30 
0 151 34 
0 103 46 
0 189 16 
0 83 9 
0 90 58 
0 70 69 
0 95 30 
0 86 5 
0 135 7 
0 80 74 
0 178 25 
0 123 34 
0 108 2 
0 144 20 
0 142 25 
0 95 71 
0 146 50 
0 107 68 
0 131 21 
0 104 87 
0 110 2 
0 105 17 
0 129 19 
0 91 61 
0 94 25 
0 104 53 
0 53 31 
0 115 39 
0 133 148 
0 125 17 
0 114 2 
0 99 15 
0 89 61 
0 98 54 
0 103 16 
0 132 80 
0 160 7 
0 75 14 
0 118 30 
0 83 55 
0 103 50 
0 142 35 
0 77 12 
0 186 37 
0 103 16 
0 124 32 
0 86 11 
0 114 52 
0 53 24 
0 102 24 
0 154 11 
0 72 13 
0 122 22 
0 108 57 
0 104 31 
0 79 19 
0 119 43 
0 181 31 
0 104 59 
0 102 23 
0 55 29 
0 129 54 
0 89 39 
0 122 47 
0 102 34 
0 116 9 
0 102 42 
0 115 5 
0 129 54 
0 104 27 
0 103 32 
0 170 51 
0 160 131 
0 141 52 
0 109 21 
0 153 37 
0 93 34 
0 104 75 
0 167 32 
0 134 26 
0 121 19 
0 128 10 
0 143 91 
0 79 7 
0 108 22 
0 170 13 
0 48 122 
0 120 112 
0 111 48 
0 131 26 
0 97 92 
0 107 30 
0 72 24 
0 152 25 
0 89 79 
0 170 24 
0 119 130 
0 73 42 
0 149 82 
0 138 9 
0 134 82 
0 135 70 
0 65 130 
0 131 102 
0 112 21 
0 61 12 
0 86 133 
0 142 11 
0 95 22 
0 120 41 
0 74 38 
0 70 10 
0 79 34 
0 155 17 
0 97 11 
0 92 29 
0 96 60 
0 70 5 
0 140 1 
0 118 40 
0 92 38 
0 126 57 
0 108 20 
0 149 13 
0 111 29 
0 102 13 
0 71 23 
0 86 54 
0 111 25 
0 59 21 
0 119 51 
0 129 50 
0 124 20 
0 128 18 
0 99 43 
0 115 72 
0 92 103 
0 158 13 
0 165 86 
0 93 21 
0 77 128 
0 91 56 
0 118 40 
0 191 24 
0 81 33 
0 78 11 
0 92 20 
0 124 11 
0 185 38 
0 157 52 
0 113 39 
0 82 35 
0 132 14 
0 108 35 
0 119 24 
0 132 59 
0 128 31 
0 64 37 
0 134 20 
0 85 18 
0 184 21 
0 93 21 
0 96 41 
0 93 13 
0 157 48 
0 118 20 
0 105 41 
0 127 48 
0 149 26 
0 107 17 
0 119 33 
0 66 39 
0 177 47 
0 172 57 
0 73 48 
0 88 18 
0 95 36 
0 204 55 
0 161 29 
0 111 53 
0 98 46 
0 138 13 
0 159 37 
0 98 25 
0 123 43 
0 153 29 
0 149 58 
0 94 46 
0 113 62 
0 151 15 
0 160 19 
0 100 63 
0 97 42 
0 87 50 
0 96 5 
0 113 14 
0 159 63 
0 86 9 
0 107 21 
0 127 82 
0 75 34 
0 141 36 
0 77 54 
0 105 14 
0 82 18 
0 142 29 
0 80 34 
0 83 35 
0 96 42 
0 148 28 
0 171 3 
0 140 19 
0 77 60 
0 116 43 
0 131 12 
0 106 39 
0 103 83 
0 90 47 
0 160 23 
0 123 49 
0 117 26 
0 108 17 
0 136 14 
0 118 7 
0 157 15 
0 75 45 
0 131 10 
0 104 30 
0 119 14 
0 78 8 
0 97 40 
0 123 25 
0 157 47 
0 103 29 
0 113 84 
0 62 49 
0 42 30 
0 112 39 
0 147 80 
0 99 24 
0 117 31 
0 129 30 
0 113 81 
0 107 37 
0 83 5 
0 108 85 
0 204 18 
0 150 20 
0 108 42 
0 148 1 
0 131 40 
0 148 4 
0 97 7 
0 117 56 
0 178 66 
0 115 13 
0 90 9 
0 112 54 
0 120 29 
0 160 58 
0 168 20 
0 77 21 
0 105 28 
0 117 54 
0 97 34 
0 129 16 
0 179 51 
0 101 50 
0 98 69 
0 146 37 
0 126 38 
0 109 38 
0 139 84 
0 134 46 
0 101 19 
0 82 98 
0 85 20 
0 115 8 
0 127 32 
0 139 20 
0 157 32 
0 128 44 
0 67 58 
0 116 12 
0 85 40 
0 118 21 
0 124 32 
0 114 56 
0 119 72 
0 70 1 
0 125 28 
0 59 57 
0 99 50 
0 117 40 
0 112 68 
0 79 13 
0 142 51 
0 135 35 
0 173 11 
0 102 76 
0 154 13 
0 112 5 
0 113 62 
0 62 4 
0 102 18 
0 139 66 
0 73 31 
0 90 48 
0 122 91 
0 116 40 
0 99 34 
0 81 17 
0 127 84 
0 88 30 
0 148 14 
0 153 46 
0 101 11 
0 135 28 
0 101 42 
0 162 56 
0 128 40 
0 65 45 
0 97 9 
0 146 18 
0 92 27 
0 72 111 
0 92 44 
0 119 37 
0 122 21 
0 122 94 
0 157 29 
0 131 17 
0 181 77 
0 132 26 
0 115 44 
0 91 18 
0 145 23 
0 108 16 
0 129 104 
0 88 21 
0 101 33 
0 112 19 
0 167 18 
0 118 47 
0 57 32 
0 72 36 
0 145 11 
0 83 11 
0 90 36 
0 86 68 
0 109 37 
0 99 63 
0 154 40 
0 94 59 
0 168 29 
0 72 22 
0 175 35 
0 80 37 
0 183 26 
0 83 31 
0 85 35 
0 99 36 
0 123 29 
0 99 35 
0 100 26 
0 116 73 
0 111 42 
0 80 22 
0 97 18 
0 92 26 
0 128 21 
0 93 39 
0 143 14 
0 146 31 
0 99 41 
0 96 6 
0 120 13 
0 117 24 
0 112 11 
0 180 61 
0 128 31 
0 155 17 
0 77 40 
0 112 23 
0 188 11 
0 108 19 
0 133 22 
0 102 127 
0 85 59 
0 77 44 
0 101 26 
0 185 32 
0 87 64 
0 95 52 
0 82 15 
0 130 34 
0 91 45 
0 102 58 
0 124 28 
0 101 31 
0 89 27 
0 165 52 
0 81 36 
0 92 40 
0 104 18 
0 148 15 
0 94 47 
0 101 22 
0 106 43 
0 83 38 
0 113 21 
0 99 54 
0 164 59 
0 141 29 
0 178 31 
0 130 3 
0 55 90 
0 91 9 
0 149 30 
0 175 24 
0 145 60 
0 88 39 
0 72 57 
0 165 30 
0 99 119 
0 78 34 
0 110 65 
0 99 37 
0 126 53 
0 72 48 
0 155 32 
0 120 14 
0 94 39 
0 122 16 
0 101 10 
0 109 53 
0 93 13 
0 113 50 
0 113 15 
0 64 19 
0 118 16 
0 78 54 
0 116 20 
0 125 25 
0 74 28 
0 93 47 
0 158 16 
0 84 30 
0 77 23 
0 106 64 
0 152 74 
0 144 13 
0 133 54 
0 108 15 
0 174 17 
0 103 35 
0 65 49 
0 159 34 
0 87 5 
0 93 27 
0 144 33 
0 99 36 
0 73 23 
0 84 38 
0 143 98 
0 80 6 
0 60 39 
0 98 32 
0 182 9 
0 96 32 
0 124 109 
0 135 35 
0 78 60 
0 118 17 
0 76 18 
0 210 62 
0 59 14 
0 81 43 
0 127 48 
0 137 23 
0 64 45 
0 107 13 
0 89 46 
0 125 15 
0 91 19 
0 123 63 
0 122 76 
0 88 8 
0 140 7 
0 87 65 
0 114 57 
0 93 48 
0 93 24 
0 111 40 
0 172 41 
0 123 26 
0 127 33 
0 101 18 
0 114 28 
0 162 28 
0 150 26 
0 96 17 
0 147 70 
0 128 47 
0 135 42 
0 110 53 
0 85 46 
0 118 33 
0 150 44 
0 149 20 
0 137 24 
0 145 16 
0 82 26 
0 166 58 
0 70 10 
0 171 89 
0 120 41 
0 29 87 
0 66 29 
0 170 50 
0 83 60 
0 106 63 
0 120 38 
0 180 26 
0 100 39 
0 136 44 
0 98 23 
0 95 8 
0 129 19 
0 117 130 
0 118 21 
0 97 31 
0 79 10 
0 118 58 
0 131 17 
0 99 59 
0 110 45 
0 109 26 
0 100 41 
0 117 38 
0 108 35 
0 81 26 
0 158 27 
0 129 7 
0 161 62 
0 148 16 
0 130 24 
0 92 96 
0 113 52 
0 145 56 
0 95 43 
0 174 20 
0 49 12 
0 116 88 
0 127 30 
0 94 46 
0 88 86 
0 126 62 
0 67 20 
0 134 53 
0 115 37 
0 83 184 
0 124 36 
0 133 36 
0 116 17 
0 56 20 
0 81 47 
0 91 77 
0 157 15 
0 82 21 
0 94 54 
0 67 104 
0 97 22 
0 82 18 
0 154 28 
