30 420 31 0 0 
86 337 34 0 0 
111 417 7 0 0 
76 394 26 0 0 
50 290 5 0 0 
143 351 6 0 0 
6 615 4 0 0 
47 357 19 0 0 
35 378 36 0 0 
16 423 45 0 0 
7 475 35 0 0 
29 380 38 0 0 
53 408 46 0 0 
29 345 42 0 0 
55 363 2 0 0 
64 435 10 0 0 
44 547 8 0 0 
104 315 104 0 0 
26 384 6 0 0 
28 430 87 0 0 
77 264 36 0 0 
12 447 99 0 0 
99 446 20 0 0 
86 317 21 0 0 
3 444 29 0 0 
63 427 98 0 0 
26 351 58 0 0 
61 416 13 0 0 
24 519 60 0 0 
26 454 5 0 0 
126 409 2 0 0 
51 305 82 0 0 
64 372 17 0 0 
100 226 79 0 0 
28 445 44 0 0 
65 433 49 0 0 
22 499 38 0 0 
75 356 43 0 0 
30 299 26 0 0 
16 524 20 0 0 
36 351 64 0 0 
82 331 20 0 0 
4 425 36 0 0 
2 485 65 0 0 
18 560 20 0 0 
15 460 16 0 0 
3 368 10 0 0 
19 459 24 0 0 
68 374 25 0 0 
29 327 108 0 0 
90 297 56 0 0 
27 533 39 0 0 
73 339 8 0 0 
14 532 91 0 0 
36 404 12 0 0 
75 466 15 0 0 
33 483 61 0 0 
61 334 24 0 0 
9 496 2 0 0 
81 368 32 0 0 
5 426 89 0 0 
45 441 27 0 0 
120 446 30 0 0 
27 505 63 0 0 
26 459 72 0 0 
10 292 168 0 0 
64 348 26 0 0 
21 429 33 0 0 
7 452 58 0 0 
28 386 14 0 0 
16 359 33 0 0 
0 362 80 0 0 
22 526 41 0 0 
29 407 18 0 0 
3 541 16 0 0 
102 402 6 0 0 
96 311 80 0 0 
41 391 14 0 0 
18 477 15 0 0 
118 369 57 0 0 
69 376 46 0 0 
8 426 8 0 0 
20 432 62 0 0 
10 346 5 0 0 
26 509 47 0 0 
41 342 58 0 0 
24 442 21 0 0 
50 477 5 0 0 
24 316 12 0 0 
70 421 13 0 0 
28 486 14 0 0 
4 462 19 0 0 
57 354 13 0 0 
81 436 30 0 0 
46 448 28 0 0 
30 341 55 0 0 
14 455 8 0 0 
60 383 30 0 0 
6 469 50 0 0 
27 485 9 0 0 
38 432 52 0 0 
47 484 2 0 0 
17 448 14 0 0 
71 398 20 0 0 
28 401 13 0 0 
36 399 80 0 0 
47 334 37 0 0 
73 458 7 0 0 
1 448 44 0 0 
15 388 14 0 0 
1 481 3 0 0 
36 596 11 0 0 
47 401 106 0 0 
7 432 148 0 0 
51 405 9 0 0 
109 498 2 0 0 
31 387 30 0 0 
7 544 28 0 0 
59 359 45 0 0 
39 396 13 0 0 
4 341 60 0 0 
41 458 35 0 0 
28 417 42 0 0 
61 286 75 0 0 
26 402 26 0 0 
27 471 66 0 0 
21 443 14 0 0 
65 417 19 0 0 
76 406 9 0 0 
66 436 24 0 0 
36 344 36 0 0 
40 528 28 0 0 
2 502 10 0 0 
35 324 60 0 0 
33 465 50 0 0 
27 421 73 0 0 
28 361 41 0 0 
39 283 131 0 0 
32 403 59 0 0 
10 344 17 0 0 
5 603 22 0 0 
34 405 39 0 0 
77 296 19 0 0 
41 360 6 0 0 
27 372 48 0 0 
45 346 66 0 0 
110 383 12 0 0 
35 354 62 0 0 
15 367 17 0 0 
63 451 7 0 0 
19 384 11 0 0 
28 494 46 0 0 
74 383 23 0 0 
5 554 71 0 0 
35 527 20 0 0 
24 346 36 0 0 
71 468 6 0 0 
15 353 28 0 0 
31 352 48 0 0 
93 273 49 0 0 
20 415 68 0 0 
24 463 26 0 0 
26 458 11 0 0 
107 430 15 0 0 
10 466 55 0 0 
58 440 19 0 0 
19 444 25 0 0 
26 402 10 0 0 
31 388 18 0 0 
41 419 19 0 0 
15 432 0 0 0 
0 498 20 0 0 
27 379 21 0 0 
43 317 22 0 0 
55 344 45 0 0 
39 319 57 0 0 
57 423 20 0 0 
12 333 13 0 0 
83 390 41 0 0 
24 360 40 0 0 
49 480 27 0 0 
49 314 33 0 0 
0 504 1 0 0 
9 431 5 0 0 
10 459 10 0 0 
49 353 23 0 0 
27 454 3 0 0 
34 458 65 0 0 
56 421 48 0 0 
49 484 16 0 0 
19 429 19 0 0 
97 341 23 0 0 
19 539 25 0 0 
59 482 24 0 0 
114 548 4 0 0 
28 340 11 0 0 
32 432 27 0 0 
47 458 34 0 0 
88 417 57 0 0 
78 365 88 0 0 
63 275 62 0 0 
9 352 58 0 0 
53 464 16 0 0 
11 472 11 0 0 
90 476 49 0 0 
2 460 1 0 0 
64 359 10 0 0 
14 523 31 0 0 
12 461 8 0 0 
22 383 19 0 0 
26 466 28 0 0 
30 498 25 0 0 
26 449 20 0 0 
72 474 7 0 0 
19 508 49 0 0 
31 568 37 0 0 
30 460 0 0 0 
54 421 26 0 0 
11 484 77 0 0 
105 299 15 0 0 
26 404 32 0 0 
13 317 136 0 0 
20 516 61 0 0 
110 357 2 0 0 
24 478 31 0 0 
32 530 40 0 0 
21 352 0 0 0 
65 416 6 0 0 
22 481 4 0 0 
42 439 0 0 0 
39 447 21 0 0 
101 369 67 0 0 
48 406 44 0 0 
81 490 5 0 0 
70 485 51 0 0 
65 341 27 0 0 
24 465 28 0 0 
18 413 94 0 0 
69 395 27 0 0 
130 347 93 0 0 
16 663 1 0 0 
91 407 85 0 0 
47 339 22 0 0 
25 367 0 0 0 
36 232 22 0 0 
17 533 62 0 0 
139 422 4 0 0 
7 492 34 0 0 
39 407 1 0 0 
43 411 24 0 0 
143 279 10 0 0 
28 357 60 0 0 
75 351 21 0 0 
104 440 1 0 0 
9 460 36 0 0 
44 398 29 0 0 
24 419 44 0 0 
13 444 20 0 0 
17 334 7 0 0 
112 433 14 0 0 
11 543 20 0 0 
9 408 29 0 0 
24 336 102 0 0 
18 341 2 0 0 
45 438 0 0 0 
35 394 3 0 0 
16 429 41 0 0 
11 468 63 0 0 
39 421 41 0 0 
15 524 26 0 0 
22 581 16 4 0 
40 486 72 0 0 
16 406 1 0 0 
14 426 60 0 0 
34 511 34 0 0 
70 321 9 0 0 
67 399 50 0 0 
63 286 112 0 0 
22 528 22 0 0 
21 391 74 0 0 
47 307 9 0 0 
49 453 31 0 0 
21 439 28 0 0 
48 470 11 0 0 
11 364 61 0 0 
24 536 25 0 0 
68 309 106 0 0 
35 376 56 0 0 
55 340 74 0 0 
36 497 24 0 0 
2 436 62 0 0 
69 404 9 0 0 
18 550 41 0 0 
51 408 20 0 0 
89 304 40 0 0 
52 353 56 0 0 
72 443 73 0 0 
34 515 1 0 0 
53 393 52 0 0 
72 224 10 0 0 
105 302 21 0 0 
75 234 89 0 0 
69 327 6 0 0 
29 312 25 0 0 
41 355 105 0 0 
14 452 97 0 0 
100 363 153 0 0 
9 314 88 0 0 
46 262 59 0 0 
69 367 40 0 0 
40 429 20 0 0 
71 407 10 0 0 
15 380 25 0 0 
1 455 10 0 0 
67 344 6 0 0 
52 425 33 0 0 
30 485 37 0 0 
35 332 28 0 0 
32 468 33 0 0 
15 468 6 0 0 
56 436 19 0 0 
22 604 9 0 0 
73 400 30 0 0 
41 470 64 0 0 
40 409 41 0 0 
12 418 7 0 0 
4 375 27 0 0 
4 391 32 0 0 
60 401 31 0 0 
12 348 61 0 0 
68 315 55 0 0 
11 456 22 0 0 
150 310 73 0 0 
6 600 25 0 0 
31 461 17 0 0 
17 347 24 0 0 
6 516 35 0 0 
49 466 44 0 0 
71 378 17 0 0 
50 398 26 0 0 
29 383 3 0 0 
16 478 124 0 0 
99 493 19 0 0 
33 422 70 0 0 
36 415 41 0 0 
90 331 118 0 0 
20 408 16 0 0 
31 419 42 0 0 
10 554 59 0 0 
11 451 50 0 0 
45 581 2 0 0 
17 440 14 0 0 
32 497 9 0 0 
21 374 63 0 0 
13 367 17 0 0 
53 466 35 0 0 
41 418 57 0 0 
67 472 40 0 0 
22 482 18 0 0 
74 387 34 0 0 
62 319 93 0 0 
13 428 82 0 0 
4 309 47 0 0 
75 285 69 0 0 
55 454 0 0 0 
28 437 28 0 0 
7 463 29 0 0 
51 333 43 0 0 
10 571 7 0 0 
83 345 23 0 0 
44 454 23 0 0 
36 421 6 0 0 
76 372 18 0 0 
5 341 9 0 0 
38 430 25 0 0 
1 396 56 0 0 
102 348 61 0 0 
29 294 55 0 0 
54 416 46 0 0 
10 436 11 0 0 
58 442 0 0 0 
12 563 48 0 0 
44 466 19 0 0 
12 484 10 0 0 
81 401 3 0 0 
27 493 7 0 0 
1 522 40 0 0 
44 298 25 0 0 
46 425 37 0 0 
20 364 96 0 0 
30 422 13 0 0 
42 434 31 0 0 
163 401 20 0 0 
3 513 60 0 0 
7 429 0 0 0 
47 370 81 0 0 
11 556 31 0 0 
18 288 21 0 0 
61 437 23 0 0 
33 500 22 0 0 
14 441 133 0 0 
51 285 46 0 0 
57 318 48 0 0 
20 389 37 0 0 
124 384 18 0 0 
32 500 22 0 0 
12 443 37 0 0 
50 337 50 0 0 
18 374 40 0 0 
26 380 45 0 0 
75 360 4 0 0 
31 404 95 0 0 
22 467 1 0 0 
17 297 104 0 0 
35 410 63 0 0 
6 519 6 0 0 
44 408 75 0 0 
42 449 37 0 0 
13 279 138 0 0 
34 362 14 0 0 
10 438 35 0 0 
15 344 18 0 0 
129 407 15 0 0 
95 331 27 0 0 
57 291 63 0 0 
12 449 33 0 0 
30 325 14 0 0 
30 408 26 0 0 
49 458 19 0 0 
8 381 90 0 0 
56 458 4 0 0 
25 432 25 0 0 
18 356 83 0 0 
7 503 45 0 0 
47 466 12 0 0 
66 269 12 0 0 
73 543 4 0 0 
15 329 44 0 0 
49 355 70 0 0 
20 399 33 0 0 
54 358 56 0 0 
63 436 91 0 0 
38 322 64 0 0 
0 512 64 0 0 
34 459 0 0 0 
22 448 70 0 0 
4 385 55 0 0 
22 368 35 0 0 
14 499 54 0 0 
70 337 29 0 0 
42 450 22 0 0 
10 406 39 0 0 
60 491 11 0 0 
27 339 39 0 0 
54 406 28 0 0 
36 395 35 0 0 
22 405 55 0 0 
84 368 100 0 0 
0 474 0 0 0 
24 348 0 0 0 
1 456 29 0 0 
70 364 15 0 0 
102 423 42 0 0 
7 403 4 0 0 
86 378 3 0 0 
52 457 72 0 0 
3 471 42 0 0 
24 454 15 0 0 
42 336 24 0 0 
18 514 16 0 0 
1 325 31 0 0 
81 576 12 0 0 
10 530 78 0 0 
8 358 55 0 0 
20 291 33 0 0 
53 335 5 0 0 
32 369 61 0 0 
12 326 15 0 0 
85 410 42 0 0 
10 286 50 0 0 
2 393 60 0 0 
44 475 32 0 0 
80 391 14 0 0 
19 226 126 0 0 
33 439 22 0 0 
51 282 76 0 0 
23 411 11 0 0 
19 478 11 0 0 
5 452 50 0 0 
70 417 16 0 0 
36 459 13 0 0 
5 306 55 0 0 
41 480 78 0 0 
21 412 149 0 0 
129 501 23 0 0 
37 474 26 0 0 
141 400 103 0 0 
19 297 10 0 0 
38 549 24 0 0 
0 472 9 0 0 
5 535 14 0 0 
46 309 49 0 0 
32 506 13 0 0 
31 354 80 0 0 
83 354 11 0 0 
15 413 44 0 0 
35 440 30 0 0 
82 392 5 0 0 
69 411 43 0 0 
33 403 56 0 0 
55 486 15 0 0 
14 329 12 0 0 
44 378 41 0 0 
65 436 5 0 0 
95 239 48 0 0 
32 461 1 0 0 
54 280 50 0 0 
68 475 6 0 0 
79 433 4 0 0 
43 373 21 0 0 
26 330 114 0 0 
0 541 10 0 0 
24 346 25 0 0 
63 457 28 0 0 
107 383 16 0 0 
13 319 105 0 0 
31 469 46 0 0 
22 561 5 0 0 
23 424 22 0 0 
25 453 53 0 0 
60 369 23 0 0 
82 319 43 0 0 
3 403 42 0 0 
18 354 4 0 0 
8 439 40 0 0 
22 418 26 0 0 
30 411 80 0 0 
122 231 11 0 0 
6 487 21 0 0 
83 498 47 0 0 
7 562 6 0 0 
20 404 42 0 0 
1 398 17 0 0 
56 528 14 0 0 
21 487 28 0 0 
95 385 23 0 0 
51 376 1 0 0 
5 461 55 0 0 
72 456 20 0 0 
38 452 41 0 0 
48 397 59 0 0 
136 333 53 0 0 
24 492 30 0 0 
0 399 27 0 0 
123 408 37 0 0 
37 313 72 0 0 
54 353 94 0 0 
1 301 6 0 0 
42 373 38 0 0 
61 343 35 8 0 
0 535 49 0 0 
5 470 7 0 0 
36 493 25 0 0 
73 224 30 0 0 
21 347 2 0 0 
22 350 60 0 0 
59 389 67 0 0 
25 359 89 0 0 
37 362 70 0 0 
16 402 25 0 0 
6 401 22 0 0 
20 452 9 0 0 
12 565 27 0 0 
52 483 6 0 0 
46 426 4 0 0 
7 430 42 0 0 
28 479 57 0 0 
21 272 102 0 0 
20 379 44 0 0 
55 467 26 0 0 
9 402 26 0 0 
24 467 119 0 0 
24 256 40 0 0 
48 280 128 0 0 
44 504 15 0 0 
84 396 18 0 0 
67 474 8 0 0 
6 533 22 0 0 
24 422 88 0 0 
26 452 7 0 0 
10 435 24 0 0 
104 368 14 0 0 
20 428 11 0 0 
15 507 23 0 0 
37 481 29 0 0 
31 441 28 0 0 
57 381 14 0 0 
37 428 12 0 0 
21 419 26 0 0 
30 344 71 0 0 
32 396 21 0 0 
41 281 41 0 0 
29 411 44 0 0 
2 512 28 0 0 
36 428 40 25 0 
0 319 72 0 0 
24 267 143 0 0 
21 393 55 0 0 
25 346 28 0 0 
55 520 30 0 0 
21 377 9 0 0 
24 458 19 0 0 
39 490 10 0 0 
32 334 20 0 0 
80 362 35 0 0 
14 368 28 0 0 
26 524 33 0 0 
9 455 69 0 0 
24 570 25 0 0 
89 199 14 0 0 
80 471 2 0 0 
58 376 51 0 0 
32 440 29 0 0 
7 534 4 0 0 
27 458 62 0 0 
113 401 19 0 0 
28 368 60 0 0 
55 434 23 0 0 
59 438 0 0 0 
96 520 21 0 0 
22 353 21 0 0 
10 409 7 0 0 
49 430 38 0 0 
51 389 13 0 0 
51 494 7 0 0 
8 419 43 0 0 
29 489 4 0 0 
15 380 4 0 0 
94 401 30 0 0 
67 375 48 0 0 
44 550 21 0 0 
35 470 18 0 0 
8 354 30 0 0 
8 434 51 0 0 
19 433 5 0 0 
101 312 41 0 0 
9 479 58 0 0 
5 560 70 0 0 
95 331 50 0 0 
20 345 6 0 0 
59 570 18 0 0 
24 383 61 0 0 
22 417 4 0 0 
36 393 46 0 0 
14 338 28 0 0 
69 331 31 0 0 
77 388 68 0 0 
11 469 84 0 0 
14 352 22 0 0 
59 360 32 0 0 
111 288 123 0 0 
4 407 35 0 0 
20 405 25 0 0 
49 463 94 0 0 
33 409 9 0 0 
79 343 8 0 0 
46 444 10 0 0 
57 367 17 0 0 
32 509 40 0 0 
91 461 5 0 0 
51 394 3 0 0 
3 423 29 0 0 
29 490 71 0 0 
17 545 2 0 0 
61 354 35 0 0 
34 335 57 0 0 
63 335 67 0 0 
52 485 13 0 0 
74 382 7 0 0 
22 288 134 0 0 
9 396 38 0 0 
42 386 14 0 0 
79 358 15 0 0 
119 323 5 0 0 
0 404 19 0 0 
21 504 19 0 0 
24 425 2 0 0 
10 502 55 0 0 
3 470 66 0 0 
22 430 73 0 0 
34 568 11 0 0 
171 260 4 0 0 
36 455 19 0 0 
1 376 17 0 0 
66 342 40 0 0 
29 330 13 0 0 
1 525 34 0 0 
9 521 21 0 0 
82 206 111 0 0 
67 227 2 0 0 
11 446 7 0 0 
32 346 14 0 0 
26 428 5 0 0 
43 454 27 0 0 
74 313 28 0 0 
25 376 23 0 0 
12 528 8 0 0 
97 336 15 0 0 
38 453 52 0 0 
5 325 41 0 0 
4 487 3 0 0 
39 547 15 0 0 
43 491 0 0 0 
60 404 13 0 0 
56 459 13 0 0 
85 361 50 0 0 
12 537 1 0 0 
16 192 80 0 0 
3 343 39 0 0 
3 426 130 0 0 
1 472 37 0 0 
50 315 52 0 0 
25 418 25 0 0 
17 385 21 0 0 
80 381 22 0 0 
23 534 38 0 0 
5 464 7 0 0 
78 414 14 0 0 
23 445 32 0 0 
16 497 108 0 0 
91 423 0 0 0 
34 416 64 0 0 
0 417 63 0 0 
35 580 24 0 0 
24 291 73 0 0 
14 543 78 0 0 
110 414 25 0 0 
36 424 13 0 0 
7 327 15 0 0 
95 541 2 0 0 
51 377 16 0 0 
61 247 56 0 0 
57 533 26 0 0 
7 544 26 0 0 
97 362 7 0 0 
84 370 27 0 0 
6 485 4 0 0 
90 341 34 0 0 
19 382 61 0 0 
15 365 44 0 0 
22 447 54 0 0 
40 284 77 0 0 
52 497 32 0 0 
17 306 49 0 0 
69 378 58 0 0 
18 350 37 0 0 
6 340 2 0 0 
59 308 14 0 0 
13 424 11 0 0 
27 383 143 0 0 
13 230 66 0 0 
179 386 0 0 0 
0 458 118 0 0 
34 440 30 0 0 
21 475 21 0 0 
37 302 45 0 0 
7 510 19 0 0 
30 529 30 0 0 
8 363 19 0 0 
20 454 33 0 0 
27 472 52 0 0 
28 546 40 0 0 
19 425 29 0 0 
81 379 36 0 0 
73 315 66 0 0 
115 433 42 0 0 
33 341 26 16 0 
32 389 3 0 0 
0 489 39 0 0 
33 382 21 0 0 
37 447 14 0 0 
18 510 41 0 0 
17 567 36 0 0 
8 406 115 0 0 
58 393 18 0 0 
18 516 0 0 0 
31 412 26 0 0 
44 477 30 0 0 
0 563 25 0 0 
9 438 85 0 0 
24 461 47 0 0 
45 344 40 0 0 
64 382 20 0 0 
3 509 9 0 0 
78 318 10 0 0 
68 506 29 0 0 
62 410 85 0 0 
3 339 60 0 0 
58 469 0 0 0 
47 375 0 0 0 
11 426 0 0 0 
80 357 18 0 0 
74 408 36 0 0 
12 321 54 0 0 
8 421 86 0 0 
8 446 10 0 0 
38 363 9 0 0 
16 516 10 0 0 
46 349 14 0 0 
36 462 24 0 0 
49 352 42 0 0 
66 413 96 0 0 
30 414 30 2 0 
77 383 13 0 0 
35 431 39 0 0 
54 389 43 0 0 
11 316 85 0 0 
27 335 53 0 0 
73 358 29 0 0 
22 441 57 0 0 
4 465 14 0 0 
63 371 75 0 0 
94 389 1 0 0 
45 391 31 0 0 
87 347 14 0 0 
44 372 31 0 0 
30 415 135 0 0 
60 458 10 0 0 
27 541 11 0 0 
70 530 23 0 0 
6 605 1 0 0 
20 508 2 0 0 
29 423 37 0 0 
0 442 23 0 0 
53 396 59 0 0 
78 446 1 0 0 
55 426 38 0 0 
2 458 22 0 0 
1 434 9 0 0 
14 342 33 0 0 
35 470 23 0 0 
3 342 69 0 0 
44 361 2 0 0 
69 567 25 0 0 
5 315 119 0 0 
62 448 3 0 0 
22 486 66 0 0 
56 339 14 0 0 
42 539 19 0 0 
41 342 58 0 0 
37 532 7 0 0 
84 308 44 0 0 
33 386 1 0 0 
35 485 50 0 0 
17 324 13 0 0 
140 345 25 0 0 
22 311 131 0 0 
5 433 60 0 0 
20 468 2 0 0 
31 330 67 0 0 
68 478 11 0 0 
100 408 35 0 0 
130 436 15 0 0 
39 467 36 0 0 
54 381 51 0 0 
22 389 109 0 0 
17 268 71 0 0 
13 325 110 0 0 
110 369 15 0 0 
53 441 28 0 0 
20 539 2 0 0 
14 313 56 0 0 
86 441 30 0 0 
40 346 63 0 0 
54 309 1 0 0 
63 371 5 0 0 
28 368 12 0 0 
24 578 16 0 0 
28 364 11 0 0 
30 402 44 0 0 
1 437 38 0 0 
54 364 59 0 0 
34 413 19 0 0 
50 416 30 0 0 
38 473 29 0 0 
20 511 15 0 0 
95 379 27 0 0 
14 464 25 0 0 
9 413 34 0 0 
19 438 15 0 0 
46 419 39 0 0 
19 595 0 0 0 
40 352 50 0 0 
30 522 8 0 0 
40 328 92 0 0 
45 424 21 0 0 
46 389 14 0 0 
86 374 30 0 0 
120 332 52 0 0 
7 461 57 0 0 
44 470 31 0 0 
84 391 53 0 0 
88 386 15 0 0 
59 399 58 0 0 
8 442 12 0 0 
91 404 4 0 0 
58 472 8 0 0 
16 474 23 0 0 
56 444 47 0 0 
14 272 23 0 0 
62 253 23 0 0 
2 382 49 0 0 
41 341 21 0 0 
73 473 35 0 0 
30 384 50 0 0 
46 472 23 0 0 
11 514 63 0 0 
1 413 53 0 0 
27 472 76 0 0 
95 309 15 0 0 
40 385 74 0 0 
31 422 15 0 0 
6 367 56 0 0 
24 329 16 0 0 
8 477 28 0 0 
29 509 56 0 0 
44 442 42 0 0 
77 335 21 0 0 
31 522 9 0 0 
50 440 16 0 0 
54 392 1 0 0 
6 444 14 0 0 
28 411 4 0 0 
58 469 6 0 0 
12 432 25 0 0 
33 354 64 0 0 
3 559 14 0 0 
39 349 67 0 0 
71 584 7 0 0 
135 360 2 0 0 
1 420 66 0 0 
25 381 116 1 0 
61 327 26 0 0 
27 505 12 0 0 
49 530 3 0 0 
4 359 57 0 0 
11 490 68 0 0 
82 313 36 0 0 
28 387 83 0 0 
46 381 21 0 0 
36 456 2 0 0 
29 449 71 0 0 
17 558 15 0 0 
1 419 19 0 0 
30 485 70 0 0 
45 380 51 0 0 
91 399 12 0 0 
13 461 34 0 0 
0 376 157 0 0 
20 258 27 0 0 
25 362 53 0 0 
52 417 17 0 0 
34 412 173 0 0 
9 452 16 0 0 
16 456 46 0 0 
111 348 42 0 0 
37 486 7 0 0 
20 373 16 0 0 
1 309 100 0 0 
16 422 34 0 0 
24 409 25 1 0 
24 474 39 0 0 
10 475 10 0 0 
34 335 53 0 0 
56 473 18 0 0 
44 408 13 0 0 
31 363 11 0 0 
6 420 30 0 0 
65 360 23 0 0 
27 474 48 0 0 
56 349 52 0 0 
0 520 11 0 0 
17 402 55 0 0 
31 446 22 0 0 
47 352 49 0 0 
146 237 33 0 0 
30 317 5 0 0 
11 340 75 0 0 
0 459 21 0 0 
57 334 81 0 0 
22 233 60 0 0 
5 424 68 0 0 
9 385 47 0 0 
29 355 11 0 0 
12 360 10 0 0 
21 425 51 0 0 
26 421 109 0 0 
31 574 58 0 0 
0 451 60 0 0 
18 589 14 0 0 
