10 36 309 67 3 
9 270 238 74 23 
2 15 475 13 0 
25 84 102 203 11 
0 65 160 14 0 
0 15 119 82 0 
0 9 119 91 1 
12 30 148 52 33 
12 82 199 71 0 
6 45 35 62 1 
1 66 227 102 25 
10 170 153 6 0 
2 26 179 66 0 
23 67 149 62 0 
9 117 231 85 0 
9 27 71 68 0 
25 103 97 30 0 
16 38 124 51 6 
4 121 122 92 0 
2 59 330 0 0 
16 59 167 13 0 
14 76 86 72 0 
0 61 290 143 1 
0 1 208 51 19 
3 60 242 4 0 
27 148 118 6 0 
1 134 139 43 0 
10 168 260 118 6 
37 152 179 60 0 
2 44 229 24 0 
5 42 322 17 0 
20 16 145 41 0 
7 110 198 38 0 
4 27 116 94 5 
6 182 172 10 32 
3 14 182 88 6 
0 116 252 48 0 
5 41 238 162 8 
0 100 218 30 0 
3 167 161 127 2 
8 50 169 49 1 
10 40 110 101 0 
0 26 105 11 0 
5 71 220 93 0 
13 13 190 45 0 
0 59 159 2 0 
22 70 139 65 0 
0 37 103 103 3 
24 51 66 5 0 
2 112 109 47 20 
6 38 365 24 0 
7 160 202 11 0 
1 56 281 47 0 
2 98 76 198 0 
10 8 56 44 8 
1 73 197 61 0 
4 101 199 43 2 
7 41 268 32 18 
35 61 167 53 1 
3 11 118 72 0 
12 94 230 47 0 
0 35 117 76 0 
30 53 48 7 0 
2 50 166 163 0 
7 193 120 63 0 
10 136 196 29 2 
1 41 171 105 0 
0 35 85 30 0 
34 67 162 100 0 
0 198 123 20 0 
3 69 220 76 0 
4 96 114 148 1 
0 124 201 43 0 
28 69 141 84 0 
34 120 142 132 0 
2 25 184 103 2 
9 137 157 54 3 
1 12 199 85 0 
14 80 142 61 0 
18 44 246 75 0 
10 66 123 77 0 
53 79 122 309 0 
4 127 56 75 41 
22 84 52 4 0 
0 50 125 244 0 
0 34 135 162 0 
11 124 115 147 0 
3 88 147 39 0 
0 57 349 39 0 
61 76 336 48 0 
14 203 95 16 0 
37 67 94 45 0 
0 62 288 13 0 
17 79 81 70 0 
7 151 272 46 0 
3 18 200 94 0 
9 52 70 42 6 
1 100 59 100 0 
5 91 87 8 0 
26 162 43 139 0 
14 112 237 12 1 
6 43 94 51 0 
46 242 33 43 79 
78 44 49 18 3 
67 89 117 47 0 
15 98 64 9 0 
23 60 132 55 0 
8 78 89 57 0 
0 84 91 8 0 
7 158 186 33 1 
54 106 76 64 1 
8 78 138 26 0 
0 41 169 9 0 
0 11 121 165 0 
7 41 83 264 0 
3 93 141 114 0 
3 73 175 441 0 
11 15 209 152 0 
2 84 93 100 0 
10 76 166 68 0 
16 117 124 45 1 
23 101 217 130 0 
1 53 81 5 0 
16 109 60 43 0 
1 52 204 32 0 
0 51 232 62 0 
2 122 210 22 0 
3 61 104 38 0 
14 24 260 69 0 
19 110 96 179 1 
3 51 99 94 0 
12 54 80 33 0 
1 37 173 22 0 
11 194 227 30 0 
0 42 95 40 0 
7 31 92 108 4 
0 18 100 70 0 
0 103 114 91 7 
1 124 105 11 68 
10 87 302 9 0 
13 26 129 46 12 
4 79 49 178 0 
0 127 153 79 0 
31 18 213 57 0 
57 68 168 67 0 
9 30 194 21 0 
7 53 230 24 0 
4 29 135 21 0 
12 166 144 14 49 
20 86 94 117 7 
6 154 100 95 0 
3 45 194 72 0 
8 39 164 60 1 
1 79 242 96 0 
4 2 157 59 0 
6 82 85 25 0 
7 31 77 37 0 
2 93 285 7 0 
9 114 186 23 0 
2 92 164 11 0 
22 24 140 12 0 
18 5 141 93 0 
6 39 168 110 0 
27 67 167 19 0 
22 88 73 126 0 
14 50 148 75 0 
23 27 92 58 0 
29 150 68 60 60 
10 172 139 40 0 
10 24 118 102 4 
2 57 351 126 1 
5 109 66 97 0 
9 51 150 89 0 
12 93 7 121 0 
2 84 127 27 0 
1 35 134 17 0 
0 147 97 98 0 
0 12 136 67 0 
0 50 281 104 43 
6 118 55 21 1 
5 29 255 192 0 
9 48 158 95 0 
30 28 261 95 0 
3 28 285 52 1 
17 112 176 116 0 
1 235 80 94 7 
17 132 130 47 3 
8 169 198 0 4 
0 32 114 23 0 
16 0 209 33 0 
0 2 84 86 0 
11 60 206 14 0 
2 64 140 58 0 
11 99 175 129 0 
9 29 245 185 2 
8 68 78 113 0 
3 71 244 15 0 
0 18 147 27 0 
23 43 131 105 0 
3 77 269 102 0 
13 150 116 86 0 
8 0 102 29 0 
12 132 201 70 0 
16 59 147 36 1 
2 52 135 233 16 
9 128 322 28 24 
13 81 158 62 16 
11 80 26 0 0 
0 55 278 47 4 
5 75 142 15 0 
1 19 48 52 1 
2 76 331 30 8 
48 23 137 213 8 
11 23 159 67 0 
8 36 188 276 0 
11 6 279 26 0 
0 49 231 164 0 
5 76 109 115 0 
6 59 232 79 52 
24 30 191 43 0 
0 66 93 138 0 
12 45 177 39 7 
0 45 91 72 24 
4 180 174 95 0 
0 150 58 23 0 
18 14 281 81 71 
28 88 100 93 0 
16 188 174 115 0 
4 37 107 35 35 
2 23 68 45 0 
0 2 359 89 0 
15 127 325 25 0 
17 113 149 68 0 
15 135 78 129 0 
2 154 125 58 0 
1 61 113 82 0 
10 95 114 66 0 
13 20 318 119 0 
0 66 115 178 21 
12 67 93 79 0 
16 51 206 34 0 
1 105 112 93 97 
7 105 156 25 0 
10 115 106 21 0 
1 14 307 237 16 
0 32 181 132 0 
4 48 323 105 0 
40 60 160 28 0 
14 112 113 12 0 
2 178 215 15 0 
16 25 265 106 0 
7 28 128 31 6 
4 24 138 42 12 
2 2 160 33 0 
11 128 126 40 37 
28 64 105 57 0 
8 74 197 155 0 
4 207 159 66 0 
6 140 35 52 0 
1 43 229 167 0 
7 88 152 16 0 
0 49 6 180 0 
0 102 138 41 0 
17 106 75 71 0 
5 191 181 13 33 
1 40 126 78 0 
15 201 125 55 109 
1 85 127 95 0 
23 67 427 16 0 
9 51 198 26 0 
21 18 153 117 0 
1 66 59 211 1 
1 48 124 105 0 
12 57 370 75 0 
1 84 182 45 1 
69 75 283 22 3 
6 25 227 14 0 
8 75 125 70 0 
0 147 87 2 17 
3 114 49 95 0 
36 70 236 93 0 
2 34 190 11 0 
0 9 193 181 1 
10 119 119 41 0 
5 58 95 146 0 
1 68 176 68 0 
1 108 117 66 0 
7 41 87 43 1 
7 28 175 82 0 
2 26 235 17 0 
5 51 39 108 0 
6 74 127 65 0 
4 117 60 81 0 
4 22 350 55 0 
1 82 191 44 0 
0 15 28 233 2 
4 65 245 91 3 
1 6 58 219 18 
15 58 316 68 0 
10 34 53 1 0 
16 25 179 125 0 
0 199 78 236 0 
0 89 487 74 0 
2 89 467 47 20 
39 94 10 51 0 
13 36 316 44 0 
17 34 81 71 0 
20 89 178 45 0 
1 91 148 38 0 
23 20 284 51 6 
19 124 84 50 2 
0 16 270 135 8 
2 27 52 3 0 
12 64 105 41 2 
10 110 143 64 0 
5 74 112 46 80 
15 19 91 87 1 
12 178 146 4 0 
3 88 156 112 0 
2 18 265 139 0 
5 79 117 104 0 
11 15 145 106 2 
6 175 121 46 0 
10 83 255 5 3 
2 103 110 71 0 
7 70 195 25 0 
0 52 272 54 0 
1 22 47 102 0 
4 9 209 79 48 
0 38 210 73 0 
0 62 131 311 4 
1 40 265 24 13 
2 41 144 61 0 
11 10 109 15 0 
31 24 178 44 0 
5 18 126 64 0 
7 26 207 124 15 
62 39 55 116 0 
5 147 176 50 0 
10 189 256 96 0 
0 5 280 133 0 
3 103 156 18 0 
4 44 140 20 0 
0 100 105 192 0 
9 82 77 320 0 
3 40 75 50 0 
15 148 115 94 0 
0 114 198 74 0 
1 23 178 56 7 
5 63 216 85 0 
19 144 215 51 0 
1 52 55 100 0 
0 24 114 36 1 
20 156 108 68 1 
0 158 26 51 0 
24 81 112 30 0 
0 63 239 64 0 
0 34 304 16 0 
13 52 287 0 0 
25 54 132 119 0 
14 114 226 59 0 
7 85 72 68 0 
7 147 142 23 0 
7 49 155 2 82 
21 4 90 27 10 
0 16 50 116 7 
5 45 196 164 0 
1 220 136 187 0 
2 206 162 75 0 
24 139 67 58 0 
18 7 267 152 0 
2 65 137 64 9 
2 55 129 181 0 
0 116 194 41 0 
2 35 68 144 38 
12 7 172 66 0 
3 23 234 49 0 
32 103 132 57 0 
29 27 154 13 0 
15 48 151 38 0 
24 57 159 25 68 
0 38 148 29 9 
3 58 192 17 1 
4 164 298 7 0 
8 131 64 52 0 
19 43 310 1 0 
1 26 140 84 0 
3 12 108 111 0 
1 10 209 225 0 
24 95 182 20 0 
4 172 250 51 9 
18 88 156 94 0 
23 82 183 13 6 
3 42 208 125 10 
0 150 243 10 1 
6 47 148 60 8 
0 94 78 50 0 
39 28 124 51 0 
6 74 188 111 0 
8 85 257 29 0 
15 52 149 45 46 
37 141 166 32 0 
1 12 222 41 0 
1 39 70 80 137 
8 245 99 44 0 
2 14 79 50 1 
20 65 300 106 11 
0 81 226 21 3 
1 111 128 44 0 
14 7 159 58 22 
23 79 190 27 0 
13 154 60 130 0 
8 23 287 151 0 
13 53 74 82 0 
10 69 203 45 0 
9 38 191 57 0 
3 20 103 39 0 
22 22 129 86 0 
0 35 138 156 55 
0 36 122 81 1 
3 42 110 57 57 
2 31 105 50 0 
5 105 137 86 0 
7 200 220 49 0 
0 50 307 73 2 
5 116 44 32 0 
1 68 157 126 37 
5 51 162 32 17 
0 28 131 189 3 
7 43 134 12 0 
2 101 141 194 0 
0 48 52 52 1 
16 156 136 20 2 
8 45 210 62 0 
8 17 144 51 0 
3 19 192 108 0 
3 6 34 43 0 
9 71 196 194 0 
9 22 109 154 47 
27 35 130 73 9 
6 171 70 31 0 
1 68 141 90 16 
24 39 86 38 0 
0 95 146 53 0 
0 1 314 30 0 
6 55 161 90 0 
15 40 145 181 56 
13 66 154 46 60 
0 125 150 6 3 
33 27 220 16 0 
0 195 121 42 19 
9 96 186 40 0 
1 41 116 93 0 
12 132 186 11 0 
0 92 45 26 6 
4 17 168 157 0 
5 143 150 21 0 
3 48 159 109 0 
11 171 88 32 0 
29 94 95 54 2 
22 10 215 55 2 
0 26 213 90 0 
1 20 96 59 0 
1 96 242 72 1 
0 72 162 51 0 
14 136 13 110 0 
13 41 191 93 0 
10 101 200 132 0 
3 54 42 68 0 
1 18 301 106 0 
1 60 288 15 20 
8 171 89 0 0 
19 169 104 11 15 
15 15 222 85 0 
0 130 339 0 72 
22 56 147 175 3 
2 55 139 45 35 
1 58 109 57 4 
34 14 158 65 3 
41 17 74 124 10 
16 32 228 133 0 
1 59 216 31 0 
20 113 75 58 36 
2 68 238 113 0 
1 44 95 84 109 
16 66 60 163 0 
11 132 247 24 0 
0 43 301 60 0 
6 122 106 97 0 
14 75 199 58 0 
7 69 67 98 0 
0 90 85 34 0 
3 78 248 96 14 
6 48 257 29 1 
30 12 82 75 0 
21 66 206 139 0 
19 237 183 14 0 
10 116 90 32 0 
6 69 88 3 0 
1 176 106 36 0 
2 78 224 67 0 
2 24 84 17 12 
11 26 96 119 0 
8 42 424 128 1 
9 73 277 2 6 
2 52 295 152 0 
0 32 138 73 0 
4 96 235 116 0 
11 49 117 84 0 
16 75 101 48 0 
24 31 232 20 0 
20 18 48 95 0 
1 48 159 17 47 
5 224 60 30 6 
31 13 283 85 0 
31 37 84 39 0 
14 131 375 74 0 
19 64 99 118 45 
6 34 154 65 30 
6 109 331 64 61 
2 82 202 43 1 
14 58 93 43 0 
6 42 148 66 0 
6 26 179 26 10 
5 53 87 108 30 
10 95 145 74 20 
7 40 94 50 0 
20 100 98 115 0 
6 43 107 39 7 
0 58 105 123 0 
2 61 220 41 0 
9 114 161 62 0 
11 110 110 79 0 
9 13 143 92 0 
2 42 248 78 19 
16 50 241 20 6 
1 5 159 137 0 
28 30 135 1 0 
12 105 152 17 0 
2 21 129 41 0 
55 83 162 49 0 
2 20 43 41 0 
0 117 334 12 0 
56 79 124 1 0 
16 218 111 67 0 
37 32 67 33 0 
26 109 127 21 35 
0 111 235 120 0 
0 47 67 177 0 
8 71 171 9 2 
9 53 82 67 0 
33 22 162 98 0 
2 108 179 23 0 
26 49 80 42 0 
69 32 121 156 14 
22 62 243 59 0 
65 21 82 32 0 
9 77 120 0 5 
4 91 73 65 5 
2 93 160 22 0 
3 44 362 28 0 
17 62 231 3 0 
0 28 164 19 9 
15 47 122 117 0 
10 49 160 87 0 
0 70 154 35 121 
1 166 64 17 0 
5 74 140 101 1 
26 182 89 20 0 
4 96 77 82 0 
4 64 104 119 0 
2 109 82 184 13 
0 46 130 169 10 
2 67 161 25 0 
12 73 247 55 0 
4 57 59 135 1 
3 142 196 88 0 
31 121 158 69 1 
7 15 68 52 2 
13 88 62 22 0 
21 186 119 134 0 
10 47 296 67 10 
13 3 125 42 0 
0 17 155 60 0 
26 45 116 230 0 
2 71 153 42 1 
0 41 116 96 1 
18 71 124 119 1 
19 89 169 50 0 
18 75 109 211 0 
25 21 169 78 1 
4 92 204 150 1 
1 60 258 71 1 
5 60 158 108 4 
9 47 253 46 10 
46 42 137 15 0 
3 49 243 48 0 
32 124 82 24 0 
24 66 276 170 0 
4 15 342 39 15 
1 99 110 43 0 
33 13 208 22 0 
24 51 191 39 0 
14 83 63 202 0 
2 47 253 85 0 
8 30 57 18 7 
49 24 125 163 0 
31 207 73 55 0 
12 34 88 94 1 
20 121 113 30 0 
4 53 199 140 0 
0 9 134 185 0 
27 19 155 82 0 
7 151 27 110 0 
1 201 160 12 0 
13 39 113 48 0 
4 250 225 18 0 
1 28 134 98 0 
8 85 283 20 1 
3 55 93 40 0 
4 25 194 191 12 
2 70 147 120 0 
10 118 194 45 66 
7 78 83 71 48 
8 106 175 85 0 
19 77 41 91 1 
1 101 126 6 0 
1 53 99 123 7 
1 51 155 134 10 
1 18 214 101 0 
8 31 169 153 5 
9 51 243 55 0 
20 72 226 102 1 
5 147 106 45 0 
9 25 157 87 0 
4 110 250 110 4 
3 126 82 48 0 
45 152 60 23 0 
15 37 171 10 0 
10 39 251 31 0 
7 130 76 94 0 
0 97 153 38 0 
4 26 178 35 1 
4 56 433 34 0 
64 8 105 32 0 
5 121 252 100 89 
1 30 116 5 1 
4 57 230 7 2 
10 27 139 18 0 
16 107 98 60 0 
32 33 330 106 95 
11 63 189 114 29 
13 99 184 73 0 
3 45 265 4 25 
9 137 136 297 11 
1 41 138 113 0 
10 51 76 21 0 
8 27 184 123 0 
4 93 72 17 0 
0 15 77 27 0 
4 199 98 48 0 
0 196 122 54 10 
4 52 233 91 0 
7 27 121 142 0 
16 14 205 20 10 
1 35 179 198 0 
22 18 195 35 0 
12 91 71 64 1 
0 56 152 211 0 
3 40 250 8 0 
8 90 211 49 0 
3 49 42 171 2 
11 153 277 122 0 
10 38 189 46 0 
57 31 151 39 0 
1 98 176 73 0 
11 28 135 33 0 
18 46 173 55 5 
20 71 150 107 0 
18 41 143 27 0 
16 65 98 39 0 
9 87 107 20 0 
28 18 54 232 0 
3 89 96 136 0 
41 34 267 47 22 
23 96 200 84 0 
145 75 91 28 0 
24 5 81 3 7 
5 107 97 44 0 
28 172 117 81 0 
10 45 286 76 0 
0 119 103 103 0 
7 101 100 25 0 
9 171 172 84 0 
1 38 77 27 0 
7 6 212 60 0 
20 84 114 25 0 
8 97 184 28 0 
1 58 262 81 0 
9 117 79 8 1 
15 97 74 67 0 
19 5 51 179 0 
7 45 171 109 0 
1 102 245 119 0 
15 72 198 111 21 
41 100 247 149 0 
37 44 133 42 10 
1 59 362 96 11 
26 175 75 3 1 
4 12 223 12 0 
4 31 244 17 9 
0 41 213 63 0 
3 54 84 29 18 
8 122 198 33 0 
0 135 81 208 0 
28 43 157 149 0 
15 125 68 90 0 
17 176 273 15 0 
0 66 270 127 0 
0 39 339 80 0 
1 185 106 87 0 
0 92 171 73 0 
5 45 230 23 67 
7 44 181 94 0 
5 74 207 56 0 
4 121 108 4 0 
8 72 138 13 0 
20 91 166 78 0 
26 56 123 154 0 
1 57 147 56 59 
8 89 107 47 22 
10 38 139 4 0 
8 72 144 95 0 
2 169 204 76 0 
27 16 169 151 0 
4 79 117 3 4 
3 57 83 106 0 
4 12 123 38 26 
6 41 73 46 0 
9 49 158 43 0 
4 129 122 83 0 
32 12 268 36 37 
10 52 80 79 1 
7 9 226 28 0 
9 78 181 49 0 
12 35 297 13 0 
5 38 66 120 37 
0 86 135 81 48 
8 72 127 88 0 
11 31 161 241 21 
17 31 68 11 0 
23 36 188 79 4 
8 137 103 70 0 
1 75 157 92 0 
33 87 119 32 0 
1 62 252 52 0 
38 90 236 30 0 
0 60 164 74 4 
8 70 72 10 0 
11 80 125 26 17 
2 45 121 109 0 
7 82 221 45 0 
3 319 212 122 0 
13 174 94 111 0 
39 47 248 147 0 
29 105 103 13 0 
6 81 145 36 0 
3 61 241 82 0 
11 169 230 31 0 
12 163 37 23 2 
6 95 73 126 0 
0 35 204 37 0 
13 58 256 141 0 
72 64 93 174 0 
10 55 187 76 0 
4 20 218 73 0 
17 56 139 16 0 
6 69 147 33 0 
3 52 128 97 0 
12 101 171 94 0 
5 27 243 44 1 
8 67 77 153 0 
22 18 99 115 0 
0 43 145 64 5 
21 11 112 27 0 
7 37 293 14 7 
15 48 121 81 0 
52 123 157 11 0 
15 85 147 37 0 
2 65 229 78 0 
9 46 101 80 0 
13 31 272 99 0 
0 63 231 13 0 
23 59 149 36 2 
16 42 129 31 0 
31 98 345 40 20 
40 61 117 90 25 
1 121 103 89 1 
1 20 210 42 0 
16 79 95 13 3 
0 60 121 43 15 
1 90 170 70 9 
6 32 180 95 0 
8 23 241 263 0 
3 114 192 72 0 
6 46 140 110 20 
43 42 136 152 0 
3 96 118 112 0 
11 79 54 119 1 
7 157 234 25 0 
14 39 170 56 0 
0 60 308 119 0 
3 159 194 92 0 
7 25 143 85 0 
16 43 306 134 16 
1 70 83 28 0 
6 26 162 97 0 
3 55 91 77 0 
13 33 101 47 1 
18 36 140 42 8 
10 165 148 33 0 
3 85 202 110 0 
2 104 107 62 0 
6 9 117 21 0 
4 146 266 38 0 
24 107 53 23 77 
0 86 253 24 0 
4 70 29 1 0 
1 131 132 83 0 
0 131 214 207 9 
14 61 120 228 4 
16 118 174 27 0 
10 56 129 61 4 
6 59 148 20 0 
0 85 119 49 0 
9 14 162 180 17 
16 123 80 25 0 
34 64 150 55 0 
0 68 126 210 2 
4 38 323 111 1 
44 129 110 57 0 
10 161 274 11 0 
8 217 47 103 0 
4 59 304 26 45 
0 16 228 31 0 
5 32 175 8 0 
17 58 264 32 0 
55 148 272 32 0 
5 44 187 113 2 
6 13 125 53 0 
0 70 82 13 0 
4 14 296 13 0 
25 67 243 177 0 
33 91 193 60 1 
46 33 300 22 0 
2 17 116 159 0 
2 50 207 2 10 
11 80 76 104 1 
20 37 84 52 0 
6 159 149 98 1 
3 177 161 17 0 
20 41 58 205 0 
53 57 160 45 12 
2 51 89 102 0 
3 62 157 98 1 
3 41 198 8 0 
2 51 100 15 8 
10 30 72 102 0 
9 72 174 138 1 
32 127 283 30 14 
6 54 317 79 0 
16 46 70 265 0 
0 64 94 54 12 
3 53 333 85 1 
0 33 273 113 0 
35 96 77 82 6 
13 22 310 12 0 
4 180 232 37 0 
46 39 141 40 1 
0 49 116 111 0 
7 298 190 5 0 
14 56 207 24 99 
4 63 24 75 50 
15 41 206 25 34 
21 102 151 59 0 
13 90 108 50 0 
20 35 247 25 2 
2 32 96 38 10 
1 76 131 56 0 
1 82 195 149 0 
3 39 85 32 1 
10 102 192 91 20 
1 57 151 43 2 
29 51 81 103 0 
5 29 342 41 49 
21 92 186 106 0 
33 31 152 67 0 
0 124 157 47 49 
1 132 190 47 0 
12 70 99 25 0 
50 56 228 13 4 
15 120 110 51 1 
0 42 231 54 0 
0 72 90 29 0 
5 108 74 124 22 
9 101 254 59 0 
7 1 201 55 11 
15 115 139 76 0 
8 4 53 49 0 
5 76 179 93 0 
47 53 143 46 0 
1 42 118 86 25 
3 48 134 60 0 
8 93 173 5 0 
31 24 248 63 1 
17 60 213 54 0 
34 36 96 55 1 
6 56 180 61 0 
1 12 134 128 0 
41 134 197 17 0 
14 65 190 52 0 
3 118 46 101 1 
13 48 161 74 0 
17 37 167 14 0 
5 83 162 42 9 
4 27 104 123 0 
0 44 47 34 1 
23 143 117 44 0 
5 90 136 64 0 
6 33 141 14 40 
0 56 318 26 0 
2 47 117 287 0 
8 78 75 68 6 
4 37 91 102 0 
1 102 106 43 0 
24 24 117 73 2 
1 82 251 14 0 
2 105 81 106 0 
31 235 57 214 0 
0 120 93 138 0 
15 67 40 4 1 
13 96 168 61 0 
1 6 119 87 3 
0 17 227 101 15 
1 60 273 77 0 
33 111 125 205 3 
45 176 184 114 0 
12 31 193 181 0 
9 76 236 10 17 
6 28 123 45 1 
7 9 188 88 0 
18 70 29 30 115 
0 144 182 39 1 
9 59 72 38 3 
4 368 52 36 34 
23 87 69 14 13 
4 75 162 27 7 
0 74 122 41 0 
2 11 92 115 0 
2 152 99 50 24 
21 97 155 25 0 
0 21 355 169 0 
5 129 166 37 0 
6 31 183 22 33 
26 118 63 69 0 
0 58 125 42 0 
10 72 220 61 2 
4 69 194 71 1 
2 47 138 69 0 
3 48 234 110 29 
1 96 157 166 0 
1 71 104 74 0 
4 175 209 17 0 
0 18 178 43 0 
7 78 247 101 0 
14 213 39 52 0 
1 74 408 24 0 
7 64 145 126 0 
10 118 241 19 0 
0 93 321 113 12 
19 205 141 60 0 
4 24 262 161 0 
3 208 115 37 1 
14 96 129 28 11 
28 104 219 4 0 
3 48 276 91 0 
40 16 136 138 12 
0 12 83 58 11 
1 143 122 121 0 
0 19 106 53 0 
4 6 187 115 0 
9 106 219 44 1 
2 73 251 25 0 
12 62 287 164 0 
45 67 125 12 0 
7 44 349 7 0 
12 82 95 91 0 
2 48 81 137 21 
1 7 177 230 0 
0 22 309 140 15 
