0 120 8 
0 224 3 
0 188 39 
0 251 8 
0 184 40 
0 229 8 
0 181 22 
0 139 37 
0 271 6 
0 204 15 
0 201 3 
0 222 13 
0 247 16 
0 214 10 
0 163 4 
0 199 67 
0 149 49 
0 178 44 
0 208 6 
0 166 11 
0 209 0 
0 223 26 
0 209 20 
0 160 48 
0 166 9 
0 214 0 
0 212 5 
0 218 6 
0 219 46 
0 212 31 
0 203 0 
0 206 33 
0 208 5 
0 235 10 
0 317 8 
0 253 20 
0 104 10 
0 156 13 
0 248 40 
0 231 16 
0 203 2 
0 117 18 
0 237 6 
0 207 1 
0 192 14 
0 190 51 
0 289 20 
0 291 2 
0 242 43 
0 193 31 
0 218 14 
0 223 32 
0 285 11 
0 184 4 
0 166 26 
0 208 16 
0 219 135 
0 209 9 
0 194 8 
0 197 42 
0 199 10 
0 293 6 
0 282 4 
0 234 3 
0 248 84 
0 144 24 
0 191 4 
0 171 16 
0 265 11 
0 168 4 
0 184 11 
0 248 67 
0 179 44 
0 216 43 
0 193 8 
0 183 16 
0 171 64 
0 219 34 
0 221 41 
0 169 6 
0 180 17 
0 194 27 
0 176 14 
0 190 34 
0 182 2 
0 224 0 
0 261 15 
0 124 19 
0 162 5 
0 240 9 
0 219 14 
0 205 1 
0 165 30 
0 238 20 
0 231 8 
0 173 8 
0 256 29 
0 167 41 
0 253 7 
0 188 1 
0 162 14 
0 202 11 
0 195 22 
0 207 12 
0 209 48 
0 105 66 
0 246 4 
0 212 5 
0 207 29 
0 193 9 
0 170 7 
0 207 42 
0 230 22 
0 284 32 
0 193 27 
0 267 21 
0 182 0 
0 240 5 
0 262 23 
0 214 27 
0 208 20 
0 191 13 
0 200 10 
0 225 3 
0 150 15 
0 165 39 
0 235 35 
0 236 19 
0 243 51 
0 242 29 
0 166 44 
0 167 52 
0 231 8 
0 219 27 
0 223 8 
0 244 5 
0 229 10 
0 237 1 
0 200 41 
0 230 7 
0 165 22 
0 151 67 
0 260 3 
0 210 7 
0 183 19 
0 244 27 
0 166 15 
0 243 8 
0 225 15 
0 164 5 
0 226 22 
0 243 12 
0 179 10 
0 223 4 
0 240 22 
0 185 48 
0 181 8 
0 255 65 
0 252 7 
0 129 28 
0 200 9 
0 175 23 
0 241 41 
0 178 31 
0 239 7 
0 207 12 
0 196 20 
0 229 10 
0 188 0 
0 212 95 
0 168 6 
0 204 56 
0 208 14 
0 174 26 
0 192 37 
0 179 12 
0 229 17 
0 179 27 
0 200 48 
0 163 23 
0 188 38 
0 227 35 
0 235 10 
0 204 24 
0 199 2 
0 261 4 
0 238 45 
0 236 15 
0 149 58 
0 274 0 
0 225 25 
0 178 68 
0 230 27 
0 188 79 
0 204 50 
0 247 6 
0 209 11 
0 234 15 
0 188 11 
0 167 28 
0 168 35 
0 203 87 
0 146 4 
0 85 52 
0 239 69 
0 214 4 
0 201 40 
0 103 27 
0 241 9 
0 217 2 
0 230 6 
0 202 17 
0 226 7 
0 183 1 
0 187 92 
0 214 3 
0 148 19 
0 185 16 
0 218 100 
0 266 37 
0 197 5 
0 185 17 
0 162 20 
0 164 23 
0 115 36 
0 228 72 
0 218 7 
0 171 25 
0 226 0 
0 261 38 
0 241 41 
0 177 27 
0 234 40 
0 211 7 
0 205 13 
0 171 8 
0 230 3 
0 257 19 
0 255 7 
0 245 0 
0 199 19 
0 150 66 
0 196 15 
0 212 2 
0 239 15 
0 176 16 
0 196 44 
0 220 85 
0 210 22 
0 226 12 
0 169 40 
0 200 46 
0 228 84 
0 265 26 
0 168 129 
0 144 4 
0 216 0 
0 192 13 
0 228 9 
0 205 5 
0 212 38 
0 140 23 
0 205 1 
0 224 21 
0 187 18 
0 166 4 
0 219 2 
0 164 0 
0 117 19 
0 193 3 
0 180 14 
0 213 28 
0 152 0 
0 115 21 
0 209 30 
0 204 9 
0 195 34 
0 214 19 
0 175 17 
0 221 59 
0 223 51 
0 225 9 
0 229 30 
0 143 24 
0 147 17 
0 211 10 
0 165 0 
0 223 8 
0 246 20 
0 240 21 
0 210 9 
0 271 7 
0 185 0 
0 212 5 
0 252 28 
0 181 11 
0 162 69 
0 218 28 
0 192 12 
0 222 59 
0 217 17 
0 223 18 
0 248 11 
0 193 30 
0 170 24 
0 205 102 
0 215 30 
0 200 13 
0 198 23 
0 207 65 
0 212 7 
0 240 40 
0 175 21 
0 190 5 
0 168 5 
0 209 26 
0 239 25 
0 219 3 
0 150 10 
0 220 4 
0 254 12 
0 125 5 
0 127 4 
0 224 29 
0 172 1 
0 137 101 
0 181 11 
0 221 15 
0 280 13 
0 253 102 
0 212 39 
0 234 10 
0 254 25 
0 168 18 
0 230 5 
0 192 2 
0 180 18 
0 228 30 
0 267 48 
0 260 1 
0 206 38 
0 196 27 
0 160 8 
0 248 14 
0 188 4 
0 208 0 
0 166 78 
0 205 11 
0 167 67 
0 192 9 
0 189 60 
0 253 8 
0 252 53 
0 165 13 
0 176 9 
0 244 30 
0 154 11 
0 200 36 
0 246 1 
0 209 16 
0 262 22 
0 193 24 
0 206 67 
0 198 21 
0 213 12 
0 214 23 
0 155 23 
0 245 35 
0 250 23 
0 206 3 
0 192 16 
0 230 6 
0 238 40 
0 168 31 
0 249 13 
0 177 35 
0 195 33 
0 262 7 
0 252 39 
0 226 35 
0 183 34 
0 142 31 
0 193 53 
0 273 12 
0 209 16 
0 194 13 
0 270 6 
0 151 31 
0 265 4 
0 261 2 
0 204 18 
0 280 22 
0 220 47 
0 208 64 
0 167 40 
0 245 9 
0 165 3 
0 177 9 
0 138 17 
0 237 32 
0 160 37 
0 143 79 
0 169 36 
0 182 3 
0 211 118 
0 191 32 
0 255 2 
0 205 12 
0 172 0 
0 237 8 
0 203 39 
0 197 17 
0 208 51 
0 298 7 
0 180 5 
0 181 30 
0 208 12 
0 252 32 
0 206 7 
0 235 7 
0 223 20 
0 189 44 
0 197 3 
0 185 32 
0 202 0 
0 152 17 
0 253 1 
0 182 9 
0 241 6 
0 175 4 
0 222 1 
0 224 10 
0 233 33 
0 182 121 
0 240 22 
0 199 20 
0 226 36 
0 192 33 
0 216 28 
0 225 5 
0 209 18 
0 183 13 
0 206 18 
0 227 59 
0 251 11 
0 204 45 
0 198 0 
0 227 10 
0 209 25 
0 201 12 
0 264 41 
0 135 23 
0 175 27 
0 155 39 
0 192 7 
0 165 22 
0 270 11 
0 128 20 
0 171 9 
0 155 14 
0 262 0 
0 140 7 
0 199 11 
0 210 25 
0 177 13 
0 194 40 
0 232 5 
0 231 10 
0 249 10 
0 209 82 
0 135 16 
0 289 16 
0 211 5 
0 176 7 
0 234 4 
0 148 79 
0 209 6 
0 255 10 
0 266 6 
0 254 16 
0 161 60 
0 223 4 
0 149 12 
0 164 0 
0 253 61 
0 244 0 
0 191 89 
0 262 43 
0 260 6 
0 214 7 
0 271 48 
0 280 6 
0 197 3 
0 149 63 
0 213 16 
0 147 33 
0 231 35 
0 160 40 
0 222 12 
0 194 12 
0 180 61 
0 158 17 
0 227 2 
0 227 0 
0 200 21 
0 246 12 
0 281 12 
0 158 72 
0 277 47 
0 214 13 
0 276 28 
0 305 24 
0 188 20 
0 218 22 
0 149 5 
0 226 12 
0 222 2 
0 208 37 
0 254 20 
0 179 14 
0 249 26 
0 160 20 
0 249 5 
0 262 0 
0 228 17 
0 199 13 
0 229 13 
0 178 9 
0 237 6 
0 248 31 
0 280 9 
0 175 5 
0 223 66 
0 237 3 
0 174 1 
0 166 24 
0 201 4 
0 166 51 
0 195 9 
0 280 14 
0 207 101 
0 183 11 
0 203 37 
0 182 9 
0 250 8 
0 180 24 
0 214 10 
0 296 29 
0 257 0 
0 216 0 
0 249 20 
0 175 42 
0 165 16 
0 201 27 
0 273 5 
0 211 47 
0 223 4 
0 310 17 
0 198 5 
0 279 17 
0 188 38 
0 245 15 
0 205 17 
0 173 14 
0 271 10 
0 200 20 
0 149 11 
0 166 43 
0 265 16 
0 174 5 
0 193 0 
0 192 7 
0 125 11 
0 187 2 
0 181 32 
0 193 121 
0 157 30 
0 167 7 
0 215 49 
0 227 3 
0 222 1 
0 220 50 
0 212 8 
0 235 19 
0 217 34 
0 138 9 
0 206 5 
0 250 19 
0 169 8 
0 112 61 
0 287 7 
0 243 18 
0 188 11 
0 199 53 
0 183 39 
0 155 5 
0 165 16 
0 176 17 
0 201 10 
0 220 38 
0 173 15 
0 188 23 
0 178 3 
0 208 30 
0 244 19 
0 254 45 
0 229 35 
0 256 53 
0 254 4 
0 164 124 
0 183 1 
0 252 12 
0 244 30 
0 234 25 
0 217 11 
0 208 33 
0 278 30 
0 281 26 
0 189 41 
0 192 28 
0 223 36 
0 179 72 
0 197 41 
0 199 28 
0 191 3 
0 244 6 
0 204 8 
0 254 60 
0 133 23 
0 266 30 
0 198 0 
0 151 19 
0 222 5 
0 222 22 
0 194 9 
0 277 41 
0 168 14 
0 207 75 
0 195 8 
0 196 2 
0 225 8 
0 221 4 
0 209 19 
0 149 55 
0 260 41 
0 189 40 
0 238 45 
0 232 7 
0 206 21 
0 148 6 
0 235 0 
0 179 43 
0 139 8 
0 181 23 
0 187 16 
0 204 10 
0 164 32 
0 169 36 
0 154 22 
0 210 27 
0 222 20 
0 182 26 
0 237 38 
0 227 33 
0 182 27 
0 178 51 
0 205 26 
0 231 30 
0 236 39 
0 176 47 
0 251 10 
0 189 13 
0 214 26 
0 181 14 
0 221 28 
0 228 3 
0 183 4 
0 219 19 
0 225 10 
0 241 23 
0 174 14 
0 288 26 
0 237 19 
0 262 5 
0 211 9 
0 228 9 
0 161 56 
0 185 0 
0 120 38 
0 189 27 
0 184 8 
0 213 7 
0 203 2 
0 219 80 
0 174 66 
0 170 20 
0 187 9 
0 202 14 
0 183 22 
0 216 43 
0 194 31 
0 293 19 
0 211 31 
0 187 0 
0 228 2 
0 156 91 
0 263 10 
0 254 15 
0 278 0 
0 207 2 
0 227 8 
0 208 22 
0 168 12 
0 262 7 
0 197 11 
0 289 23 
0 276 26 
0 235 22 
0 303 29 
0 260 36 
0 146 11 
0 246 24 
0 161 25 
0 211 23 
0 215 3 
0 186 25 
0 226 15 
0 207 19 
0 229 42 
0 223 11 
0 259 41 
0 138 2 
0 282 72 
0 199 22 
0 243 31 
0 160 13 
0 209 21 
0 182 9 
0 203 14 
0 115 75 
0 188 5 
0 183 22 
0 256 22 
0 199 4 
0 179 16 
0 230 28 
0 197 5 
0 175 0 
0 193 30 
0 198 48 
0 217 2 
0 139 20 
0 219 32 
0 259 0 
0 221 0 
0 212 19 
0 154 0 
0 193 57 
0 177 40 
0 163 20 
0 225 4 
0 217 3 
0 206 70 
0 205 35 
0 242 16 
0 261 9 
0 201 6 
0 182 25 
0 165 27 
0 189 13 
0 153 42 
0 140 0 
0 155 11 
0 220 15 
0 219 19 
0 191 90 
0 206 21 
0 258 10 
0 205 0 
0 249 10 
0 215 117 
0 202 0 
0 215 20 
0 224 0 
0 274 0 
0 223 26 
0 304 8 
0 144 21 
0 162 1 
0 260 9 
0 200 9 
0 233 28 
0 176 24 
0 119 19 
0 224 24 
0 191 10 
0 248 2 
0 243 15 
0 249 119 
0 172 9 
0 228 32 
0 141 7 
0 186 17 
0 171 41 
0 131 26 
0 175 1 
0 252 11 
0 225 38 
0 276 3 
0 223 10 
0 225 7 
0 252 21 
0 259 13 
0 204 26 
0 226 5 
0 146 23 
0 211 7 
0 225 61 
0 185 36 
0 187 8 
0 199 5 
0 197 2 
0 212 52 
0 185 22 
0 200 2 
0 211 22 
0 209 16 
0 169 27 
0 199 30 
0 211 79 
0 187 28 
0 202 14 
0 230 2 
0 259 2 
0 168 11 
0 222 29 
0 232 18 
0 254 38 
0 187 32 
0 199 7 
0 180 51 
0 223 22 
0 213 7 
0 116 109 
0 223 2 
0 151 29 
0 202 20 
0 260 14 
0 208 33 
0 237 10 
0 247 35 
0 153 1 
0 262 3 
0 230 20 
0 242 19 
0 187 31 
0 230 12 
0 142 13 
0 225 37 
0 206 14 
0 224 7 
0 220 24 
0 181 26 
0 209 1 
0 237 26 
0 204 26 
0 195 17 
0 234 17 
0 229 34 
0 256 20 
0 237 93 
0 209 13 
0 273 19 
0 228 11 
0 239 43 
0 248 7 
0 263 45 
0 234 9 
0 202 16 
0 173 44 
0 196 16 
0 170 105 
0 213 12 
0 180 53 
0 264 42 
0 137 111 
0 207 30 
0 228 11 
0 158 23 
0 147 22 
0 243 21 
0 238 18 
0 251 12 
0 262 15 
0 167 63 
0 249 3 
0 259 10 
0 169 21 
0 208 10 
0 181 22 
0 258 35 
0 183 6 
0 204 36 
0 194 1 
0 159 12 
0 276 4 
0 202 22 
0 227 14 
0 176 2 
0 162 34 
0 202 12 
0 269 51 
0 288 0 
0 214 12 
0 194 2 
0 201 42 
0 196 8 
0 232 6 
0 181 12 
0 217 31 
0 108 52 
0 233 15 
0 232 7 
0 202 3 
0 225 1 
0 154 0 
0 223 32 
0 222 5 
0 228 2 
0 228 57 
0 143 103 
0 207 3 
0 245 6 
0 230 9 
0 195 1 
0 201 10 
0 194 20 
0 241 10 
0 219 27 
0 179 12 
0 159 9 
0 267 8 
0 215 14 
0 269 2 
0 171 6 
0 243 12 
0 280 0 
0 160 1 
0 187 0 
0 180 66 
0 194 7 
0 198 11 
0 170 42 
0 243 0 
0 216 66 
0 224 1 
0 180 8 
0 255 10 
0 214 9 
0 177 5 
0 124 30 
0 259 52 
0 257 51 
0 251 22 
0 200 4 
0 217 2 
0 219 100 
0 290 6 
0 215 5 
0 122 128 
0 234 21 
0 233 12 
0 217 2 
0 207 31 
0 129 36 
0 261 13 
0 218 87 
0 233 11 
0 177 63 
0 206 26 
0 214 12 
0 213 96 
0 216 27 
0 211 9 
0 236 1 
0 201 25 
0 204 23 
0 177 23 
0 168 23 
0 229 41 
0 203 18 
0 206 41 
0 250 2 
0 251 11 
0 176 12 
0 165 6 
0 279 17 
0 214 56 
0 151 7 
0 206 29 
