500 208 292 
514 191 295 
472 255 273 
632 254 114 
485 272 243 
510 278 212 
415 247 338 
500 214 286 
556 240 204 
524 254 222 
554 263 183 
547 268 185 
627 230 143 
476 255 269 
465 276 259 
538 262 200 
530 239 231 
520 306 174 
611 207 182 
446 311 243 
534 288 178 
543 222 235 
508 279 213 
511 296 193 
537 274 189 
481 258 261 
552 214 234 
482 284 234 
542 225 233 
467 229 304 
595 207 198 
580 235 185 
448 285 267 
538 212 250 
528 224 248 
492 259 249 
576 240 184 
593 234 173 
510 251 239 
494 288 218 
584 239 177 
540 285 175 
526 284 190 
583 269 148 
588 260 152 
550 268 182 
524 257 219 
593 221 186 
563 269 168 
531 274 195 
588 247 165 
608 214 178 
596 243 161 
588 205 207 
572 237 191 
582 249 169 
483 239 278 
520 252 228 
537 289 174 
490 269 241 
581 215 204 
441 284 275 
480 286 234 
515 296 189 
553 235 212 
632 236 132 
562 231 207 
524 254 222 
469 296 235 
626 212 162 
571 205 224 
465 217 318 
439 234 327 
490 260 250 
418 224 358 
562 218 220 
537 288 175 
566 231 203 
590 242 168 
541 278 181 
478 260 262 
479 239 282 
504 248 248 
552 259 189 
572 255 173 
504 263 233 
485 270 245 
526 252 222 
445 266 289 
493 213 294 
594 222 184 
482 280 238 
511 238 251 
535 237 228 
479 206 315 
465 229 306 
509 264 227 
553 239 208 
459 280 261 
534 228 238 
505 268 227 
522 262 216 
542 288 170 
487 251 262 
548 255 197 
486 208 306 
552 276 172 
531 240 229 
544 285 171 
468 260 272 
541 215 244 
552 266 182 
566 241 193 
534 229 237 
469 259 272 
481 258 261 
597 245 158 
597 171 232 
458 267 275 
559 254 187 
580 258 162 
556 264 180 
559 263 178 
568 212 220 
535 236 229 
521 262 217 
583 177 240 
558 222 220 
444 301 255 
553 266 181 
634 224 142 
539 280 181 
472 200 328 
475 274 251 
542 231 227 
492 251 257 
486 280 234 
543 247 210 
504 259 237 
582 236 182 
537 265 198 
521 292 187 
524 261 215 
551 253 196 
537 229 234 
635 172 193 
518 252 230 
483 241 276 
500 268 232 
545 206 249 
566 175 259 
496 261 243 
504 252 244 
495 282 223 
523 241 236 
567 230 203 
521 231 248 
492 225 283 
530 234 236 
513 210 277 
515 240 245 
517 279 204 
550 245 205 
526 248 226 
546 279 175 
531 249 220 
504 230 266 
485 282 233 
500 299 201 
546 253 201 
486 265 249 
589 231 180 
508 295 197 
590 191 219 
528 282 190 
525 272 203 
590 177 233 
555 261 184 
506 254 240 
524 240 236 
431 227 342 
544 235 221 
477 211 312 
493 270 237 
532 321 147 
543 217 240 
524 235 241 
479 265 256 
566 262 172 
494 212 294 
477 218 305 
560 293 147 
525 285 190 
602 194 204 
606 227 167 
589 207 204 
502 241 257 
517 231 252 
549 275 176 
471 263 266 
559 284 157 
546 252 202 
575 241 184 
548 266 186 
480 287 233 
505 255 240 
491 258 251 
562 222 216 
504 280 216 
484 252 264 
533 191 276 
503 251 246 
518 303 179 
485 303 212 
564 220 216 
522 264 214 
485 291 224 
578 190 232 
513 252 235 
484 274 242 
532 241 227 
577 200 223 
550 212 238 
585 273 142 
530 212 258 
556 256 188 
506 288 206 
486 263 251 
573 197 230 
493 260 247 
658 229 113 
525 257 218 
545 262 193 
541 273 186 
457 264 279 
551 274 175 
492 304 204 
490 237 273 
563 273 164 
500 219 281 
523 210 267 
550 252 198 
496 298 206 
466 273 261 
511 258 231 
505 263 232 
540 246 214 
539 216 245 
469 246 285 
516 282 202 
533 256 211 
471 233 296 
519 261 220 
537 271 192 
533 296 171 
585 256 159 
567 213 220 
484 275 241 
587 223 190 
498 231 271 
504 274 222 
608 246 146 
540 328 132 
546 266 188 
531 253 216 
518 254 228 
489 259 252 
476 291 233 
589 243 168 
522 258 220 
509 244 247 
559 277 164 
549 279 172 
545 238 217 
602 273 125 
635 210 155 
528 242 230 
515 229 256 
520 222 258 
575 242 183 
559 284 157 
573 236 191 
584 252 164 
566 220 214 
499 291 210 
525 276 199 
568 271 161 
501 239 260 
536 209 255 
616 191 193 
551 251 198 
541 234 225 
519 277 204 
565 220 215 
546 283 171 
489 250 261 
525 243 232 
521 281 198 
560 232 208 
514 223 263 
536 295 169 
520 262 218 
456 239 305 
549 220 231 
556 261 183 
518 239 243 
504 287 209 
467 266 267 
613 215 172 
500 270 230 
509 262 229 
517 270 213 
524 237 239 
535 236 229 
490 266 244 
499 246 255 
591 228 181 
600 205 195 
532 232 236 
501 305 194 
575 234 191 
541 259 200 
579 220 201 
531 234 235 
523 233 244 
496 265 239 
516 247 237 
543 266 191 
544 258 198 
460 258 282 
562 245 193 
599 217 184 
485 234 281 
553 249 198 
603 286 111 
600 224 176 
535 181 284 
439 247 314 
548 265 187 
489 247 264 
571 215 214 
523 267 210 
568 218 214 
585 218 197 
517 272 211 
482 258 260 
503 258 239 
523 255 222 
449 249 302 
453 257 290 
508 250 242 
546 250 204 
537 275 188 
587 205 208 
453 253 294 
568 189 243 
512 255 233 
518 290 192 
538 262 200 
599 216 185 
591 238 171 
518 244 238 
501 253 246 
544 264 192 
505 248 247 
554 256 190 
524 247 229 
541 232 227 
521 236 243 
432 222 346 
496 246 258 
537 256 207 
516 257 227 
563 265 172 
510 280 210 
627 225 148 
571 247 182 
582 250 168 
557 281 162 
541 251 208 
566 221 213 
485 263 252 
577 215 208 
549 273 178 
597 206 197 
535 240 225 
482 255 263 
551 218 231 
556 232 212 
529 231 240 
557 257 186 
542 220 238 
534 233 233 
456 249 295 
544 212 244 
601 223 176 
571 266 163 
434 263 303 
468 272 260 
471 271 258 
524 216 260 
505 198 297 
552 221 227 
520 291 189 
484 267 249 
551 262 187 
489 188 323 
507 200 293 
526 193 281 
511 207 282 
499 305 196 
584 235 181 
560 262 178 
504 243 253 
521 267 212 
566 277 157 
547 265 188 
559 238 203 
493 293 214 
455 191 354 
484 267 249 
650 206 144 
488 263 249 
518 205 277 
496 287 217 
512 259 229 
516 249 235 
506 276 218 
556 240 204 
534 250 216 
552 267 181 
498 251 251 
486 289 225 
544 221 235 
565 247 188 
471 230 299 
576 241 183 
529 260 211 
465 292 243 
497 256 247 
537 228 235 
502 248 250 
472 317 211 
463 256 281 
523 297 180 
491 273 236 
577 202 221 
500 247 253 
531 256 213 
513 266 221 
532 182 286 
496 237 267 
516 269 215 
564 229 207 
560 297 143 
553 244 203 
490 280 230 
485 276 239 
554 252 194 
577 227 196 
443 220 337 
516 265 219 
577 243 180 
533 243 224 
512 207 281 
514 280 206 
435 268 297 
582 255 163 
467 254 279 
522 306 172 
548 284 168 
588 258 154 
580 245 175 
570 228 202 
629 211 160 
596 258 146 
537 229 234 
514 213 273 
578 233 189 
507 247 246 
475 322 203 
545 243 212 
523 265 212 
621 211 168 
538 241 221 
552 292 156 
587 259 154 
526 275 199 
595 176 229 
511 266 223 
479 240 281 
617 229 154 
556 238 206 
532 266 202 
556 255 189 
493 246 261 
508 267 225 
498 213 289 
502 215 283 
517 223 260 
512 245 243 
577 230 193 
506 300 194 
504 257 239 
536 235 229 
523 210 267 
500 242 258 
476 206 318 
551 230 219 
567 216 217 
503 241 256 
600 254 146 
472 255 273 
524 207 269 
491 267 242 
538 277 185 
571 174 255 
561 227 212 
567 249 184 
626 228 146 
520 284 196 
499 259 242 
492 228 280 
532 264 204 
462 255 283 
497 264 239 
586 267 147 
581 255 164 
524 258 218 
526 237 237 
578 268 154 
600 236 164 
574 228 198 
504 282 214 
522 282 196 
493 208 299 
556 290 154 
597 261 142 
496 267 237 
497 249 254 
534 243 223 
597 246 157 
508 289 203 
586 257 157 
514 239 247 
473 231 296 
587 259 154 
604 238 158 
451 220 329 
461 280 259 
484 241 275 
503 277 220 
592 237 171 
547 238 215 
569 271 160 
580 241 179 
583 229 188 
604 190 206 
616 217 167 
457 257 286 
619 217 164 
482 272 246 
492 261 247 
530 236 234 
561 248 191 
534 269 197 
534 263 203 
487 280 233 
504 222 274 
511 266 223 
444 260 296 
521 222 257 
475 266 259 
632 179 189 
563 236 201 
569 269 162 
612 210 178 
463 308 229 
606 201 193 
522 262 216 
509 267 224 
559 226 215 
536 267 197 
534 213 253 
387 239 374 
478 257 265 
507 199 294 
513 246 241 
495 231 274 
527 275 198 
556 199 245 
505 270 225 
490 284 226 
498 253 249 
538 228 234 
491 253 256 
503 255 242 
520 248 232 
485 266 249 
472 248 280 
472 281 247 
547 263 190 
385 266 349 
571 192 237 
510 279 211 
454 235 311 
492 259 249 
529 264 207 
510 277 213 
531 212 257 
515 268 217 
508 244 248 
595 282 123 
548 238 214 
491 290 219 
565 237 198 
512 217 271 
509 236 255 
500 232 268 
473 249 278 
511 268 221 
538 249 213 
477 216 307 
550 290 160 
593 246 161 
532 231 237 
550 263 187 
498 215 287 
495 227 278 
493 250 257 
546 273 181 
554 274 172 
503 266 231 
487 251 262 
479 292 229 
594 260 146 
612 262 126 
526 258 216 
589 220 191 
481 212 307 
555 301 144 
556 209 235 
593 204 203 
425 248 327 
616 210 174 
542 257 201 
508 237 255 
569 245 186 
525 230 245 
536 296 168 
489 254 257 
540 255 205 
491 258 251 
535 192 273 
589 239 172 
507 249 244 
460 267 273 
491 238 271 
538 274 188 
496 248 256 
594 193 213 
531 227 242 
522 267 211 
541 268 191 
507 283 210 
470 194 336 
548 275 177 
499 236 265 
474 293 233 
495 265 240 
544 234 222 
614 233 153 
464 279 257 
540 266 194 
480 248 272 
555 252 193 
551 251 198 
540 203 257 
604 259 137 
464 236 300 
442 224 334 
530 211 259 
531 231 238 
492 266 242 
602 223 175 
461 299 240 
490 224 286 
480 224 296 
453 221 326 
532 269 199 
547 180 273 
409 214 377 
485 276 239 
442 221 337 
519 274 207 
512 254 234 
447 241 312 
517 239 244 
457 240 303 
498 286 216 
530 239 231 
554 225 221 
515 254 231 
536 278 186 
513 281 206 
512 261 227 
624 245 131 
553 246 201 
539 274 187 
485 227 288 
474 276 250 
539 259 202 
527 255 218 
606 220 174 
502 268 230 
557 270 173 
408 225 367 
521 216 263 
486 250 264 
508 250 242 
482 289 229 
520 234 246 
514 257 229 
546 225 229 
489 235 276 
498 222 280 
445 288 267 
531 256 213 
536 235 229 
500 226 274 
525 244 231 
472 286 242 
523 254 223 
547 243 210 
573 223 204 
599 222 179 
567 261 172 
456 244 300 
559 252 189 
540 232 228 
475 242 283 
507 244 249 
466 246 288 
554 251 195 
521 253 226 
564 225 211 
573 245 182 
505 291 204 
497 228 275 
528 227 245 
539 250 211 
490 308 202 
543 253 204 
593 246 161 
575 211 214 
549 267 184 
532 199 269 
498 248 254 
614 203 183 
543 258 199 
601 206 193 
566 213 221 
535 212 253 
527 278 195 
454 272 274 
536 218 246 
538 221 241 
547 260 193 
506 285 209 
485 246 269 
487 239 274 
588 287 125 
507 223 270 
531 224 245 
476 202 322 
489 296 215 
536 252 212 
594 220 186 
529 295 176 
543 234 223 
524 278 198 
577 237 186 
565 242 193 
494 268 238 
537 279 184 
625 239 136 
580 216 204 
560 247 193 
428 247 325 
607 237 156 
511 268 221 
479 303 218 
512 228 260 
543 261 196 
449 255 296 
534 238 228 
524 223 253 
451 224 325 
495 275 230 
597 223 180 
566 283 151 
496 234 270 
514 250 236 
579 219 202 
558 258 184 
541 222 237 
516 264 220 
509 274 217 
528 230 242 
475 253 272 
524 229 247 
480 259 261 
493 263 244 
543 216 241 
571 247 182 
526 247 227 
455 237 308 
585 265 150 
531 269 200 
562 204 234 
565 249 186 
606 243 151 
442 278 280 
445 235 320 
553 249 198 
463 213 324 
556 189 255 
540 250 210 
527 254 219 
546 242 212 
484 266 250 
527 262 211 
483 252 265 
521 249 230 
584 200 216 
551 291 158 
492 285 223 
504 234 262 
436 274 290 
456 227 317 
575 233 192 
499 250 251 
469 256 275 
494 241 265 
495 258 247 
550 253 197 
516 268 216 
507 256 237 
538 240 222 
502 303 195 
599 217 184 
587 247 166 
537 272 191 
495 277 228 
548 236 216 
493 249 258 
467 245 288 
496 239 265 
529 243 228 
506 264 230 
478 274 248 
580 281 139 
477 267 256 
456 244 300 
561 254 185 
515 230 255 
548 230 222 
594 211 195 
519 212 269 
599 188 213 
487 271 242 
512 235 253 
547 257 196 
541 284 175 
666 204 130 
525 271 204 
481 239 280 
501 227 272 
616 206 178 
502 316 182 
544 204 252 
527 276 197 
562 241 197 
588 256 156 
539 296 165 
493 252 255 
557 235 208 
468 273 259 
568 228 204 
554 289 157 
447 293 260 
504 184 312 
436 242 322 
493 240 267 
488 293 219 
504 235 261 
473 221 306 
529 258 213 
431 233 336 
542 256 202 
580 267 153 
525 245 230 
624 234 142 
556 240 204 
550 238 212 
578 245 177 
492 301 207 
501 215 284 
485 242 273 
547 270 183 
618 234 148 
590 229 181 
561 258 181 
478 254 268 
513 208 279 
492 217 291 
512 275 213 
554 237 209 
514 233 253 
532 238 230 
559 260 181 
429 231 340 
549 283 168 
476 269 255 
546 264 190 
566 246 188 
487 273 240 
519 213 268 
490 251 259 
523 238 239 
571 250 179 
463 274 263 
434 248 318 
552 229 219 
522 228 250 
551 253 196 
521 282 197 
527 203 270 
518 276 206 
569 247 184 
494 307 199 
520 257 223 
468 277 255 
528 279 193 
587 252 161 
547 258 195 
523 256 221 
493 270 237 
495 227 278 
545 261 194 
523 251 226 
604 209 187 
589 250 161 
515 242 243 
567 249 184 
537 268 195 
515 293 192 
526 226 248 
565 246 189 
534 248 218 
576 249 175 
542 241 217 
552 289 159 
558 262 180 
463 274 263 
538 219 243 
517 282 201 
550 231 219 
487 271 242 
452 249 299 
588 195 217 
587 221 192 
586 256 158 
514 249 237 
544 236 220 
569 270 161 
491 235 274 
504 266 230 
505 226 269 
586 239 175 
562 222 216 
566 260 174 
522 214 264 
555 271 174 
529 259 212 
471 247 282 
502 272 226 
500 234 266 
519 237 244 
534 266 200 
547 249 204 
596 212 192 
515 293 192 
450 215 335 
543 232 225 
439 271 290 
573 224 203 
576 220 204 
558 239 203 
511 202 287 
