24 468 61 0 0 
60 389 21 0 0 
33 355 57 0 0 
3 522 33 0 0 
36 530 22 0 0 
14 379 49 0 0 
25 426 3 0 0 
26 365 29 0 0 
112 276 84 0 0 
35 411 32 0 0 
32 391 21 0 0 
2 417 84 0 0 
30 548 32 0 0 
112 444 17 0 0 
28 432 7 0 0 
43 478 15 0 0 
97 424 17 0 0 
30 429 32 0 0 
22 503 16 0 0 
63 434 1 0 0 
78 392 0 0 0 
44 295 31 0 0 
20 372 12 0 0 
86 425 2 0 0 
34 332 17 0 0 
98 358 16 0 0 
4 431 55 0 0 
46 394 6 0 0 
44 287 129 0 0 
50 432 0 0 0 
25 450 107 0 0 
106 424 38 0 0 
61 405 31 0 0 
48 392 29 0 0 
38 465 20 0 0 
20 462 56 0 0 
32 492 3 0 0 
28 446 18 0 0 
25 462 27 0 0 
38 492 32 0 0 
29 588 0 0 0 
25 263 12 0 0 
106 339 22 0 0 
40 283 9 0 0 
23 513 8 0 0 
3 473 11 0 0 
31 395 23 0 0 
40 444 29 0 0 
63 443 35 0 0 
68 473 24 0 0 
46 387 22 0 0 
14 484 29 0 0 
35 545 17 0 0 
20 516 68 0 0 
59 308 9 0 0 
10 377 48 0 0 
25 375 25 0 0 
122 372 47 0 0 
40 502 75 0 0 
21 609 8 0 0 
89 388 6 0 0 
1 496 3 0 0 
6 461 53 0 0 
42 477 25 0 0 
109 387 32 0 0 
46 422 22 0 0 
10 413 73 0 0 
47 535 13 0 0 
71 360 11 0 0 
39 332 18 0 0 
35 397 124 0 0 
37 505 48 0 0 
34 468 80 0 0 
22 422 5 0 0 
51 442 28 0 0 
118 354 31 0 0 
85 434 37 0 0 
18 515 29 0 0 
11 468 38 0 0 
64 358 41 0 0 
38 413 34 0 0 
24 386 25 0 0 
20 435 80 0 0 
64 307 70 0 0 
80 320 28 0 0 
14 577 10 0 0 
37 431 47 0 0 
85 472 44 0 0 
6 401 22 0 0 
79 309 9 0 0 
21 346 68 0 0 
24 458 15 0 0 
5 530 1 0 0 
2 433 3 0 0 
15 388 33 0 0 
36 507 19 0 0 
3 459 16 0 0 
19 397 20 0 0 
65 413 29 0 0 
11 453 20 0 0 
15 424 32 0 0 
16 472 65 0 0 
8 563 46 0 0 
15 420 32 0 0 
17 505 18 0 0 
65 403 45 0 0 
5 493 30 0 0 
28 416 12 0 0 
107 454 27 0 0 
5 541 11 0 0 
34 472 2 0 0 
17 499 17 0 0 
48 432 1 0 0 
52 352 58 0 0 
61 464 45 0 0 
10 462 6 0 0 
18 443 52 0 0 
12 625 29 0 0 
62 536 1 0 0 
41 415 35 0 0 
44 453 22 0 0 
45 327 63 0 0 
71 378 4 0 0 
30 470 3 0 0 
102 386 49 0 0 
27 401 74 0 0 
13 389 46 0 0 
99 381 2 0 0 
43 354 2 0 0 
40 473 15 0 0 
24 422 54 0 0 
18 420 30 0 0 
5 437 81 0 0 
60 497 10 0 0 
1 502 0 0 0 
53 480 22 0 0 
63 475 45 0 0 
95 431 27 0 0 
24 329 35 0 0 
49 521 23 0 0 
27 418 40 0 0 
21 490 6 0 0 
22 410 49 0 0 
28 439 2 0 0 
1 503 8 0 0 
1 451 17 0 0 
6 486 28 0 0 
15 588 29 0 0 
67 326 79 0 0 
12 470 22 0 0 
62 362 4 0 0 
23 380 13 0 0 
64 432 70 0 0 
34 548 14 0 0 
21 339 68 0 0 
55 307 38 0 0 
24 470 19 0 0 
12 608 31 0 0 
50 401 38 0 0 
27 468 42 0 0 
5 438 109 0 0 
27 493 32 0 0 
27 489 54 0 0 
21 373 16 0 0 
22 407 105 0 0 
12 448 43 0 0 
30 437 19 0 0 
40 362 21 0 0 
32 443 22 0 0 
75 419 28 0 0 
12 492 19 0 0 
43 512 17 0 0 
33 385 50 0 0 
17 462 56 0 0 
16 400 35 0 0 
31 339 7 0 0 
16 441 26 0 0 
31 488 35 0 0 
4 480 16 0 0 
44 244 45 0 0 
40 399 37 0 0 
25 491 8 0 0 
58 327 42 0 0 
29 470 12 0 0 
85 400 6 0 0 
30 478 61 0 0 
153 368 7 0 0 
74 475 37 0 0 
7 430 24 0 0 
18 424 29 0 0 
79 386 35 0 0 
55 483 25 0 0 
20 375 50 0 0 
32 366 73 0 0 
35 413 75 0 0 
11 528 85 0 0 
8 463 82 0 0 
38 464 6 0 0 
34 346 81 0 0 
17 451 54 0 0 
71 467 5 0 0 
5 392 41 0 0 
59 478 11 0 0 
32 359 15 0 0 
46 454 20 0 0 
20 416 48 0 0 
25 442 22 0 0 
13 408 17 0 0 
32 548 6 0 0 
39 479 7 0 0 
35 446 13 0 0 
9 483 56 0 0 
32 411 15 0 0 
3 336 48 0 0 
24 420 29 0 0 
5 385 70 0 0 
7 519 17 0 0 
28 411 8 0 0 
36 401 34 0 0 
30 477 0 0 0 
60 425 19 0 0 
82 434 2 0 0 
94 470 31 0 0 
51 497 4 0 0 
40 531 26 0 0 
27 442 1 0 0 
33 350 80 0 0 
39 556 0 0 0 
13 541 12 0 0 
17 435 19 0 0 
69 295 32 0 0 
24 369 42 0 0 
41 514 15 0 0 
16 361 55 0 0 
47 414 67 0 0 
22 408 14 0 0 
51 536 7 0 0 
0 464 43 0 0 
17 591 36 0 0 
0 473 87 0 0 
69 498 1 0 0 
5 464 17 0 0 
47 447 16 0 0 
21 373 62 0 0 
26 389 38 0 0 
13 520 13 0 0 
65 472 30 0 0 
12 553 1 0 0 
52 439 66 0 0 
74 407 4 0 0 
2 489 5 0 0 
36 536 0 0 0 
3 362 17 0 0 
79 417 13 0 0 
70 441 52 0 0 
69 418 29 0 0 
4 542 24 0 0 
38 530 2 0 0 
55 311 13 4 0 
86 384 33 0 0 
6 286 55 0 0 
55 439 24 0 0 
1 373 9 0 0 
28 289 63 0 0 
87 438 47 0 0 
37 378 104 0 0 
37 457 3 0 0 
44 429 17 0 0 
17 361 10 0 0 
43 403 51 0 0 
28 424 52 0 0 
68 447 13 0 0 
36 368 5 0 0 
24 616 35 0 0 
34 424 17 0 0 
31 411 50 0 0 
48 472 6 0 0 
3 451 27 0 0 
48 378 28 0 0 
43 425 16 0 0 
14 434 37 0 0 
13 448 14 0 0 
51 554 40 0 0 
83 384 16 0 0 
24 410 65 0 0 
29 405 8 0 0 
50 469 0 0 0 
26 386 37 0 0 
18 406 31 0 0 
16 445 34 0 0 
35 368 20 0 0 
1 431 51 0 0 
16 395 44 0 0 
16 412 21 0 0 
54 344 13 0 0 
48 434 14 0 0 
25 517 39 0 0 
79 390 41 0 0 
39 406 84 0 0 
7 526 22 0 0 
31 353 17 0 0 
42 482 45 0 0 
55 534 6 0 0 
35 504 13 0 0 
53 357 72 0 0 
9 436 62 0 0 
128 438 16 0 0 
42 367 22 0 0 
29 325 75 0 0 
22 530 46 0 0 
61 329 52 0 0 
24 390 27 0 0 
13 402 3 0 0 
50 474 14 0 0 
46 438 42 0 0 
90 322 33 0 0 
3 421 57 0 0 
26 397 17 0 0 
35 394 44 0 0 
35 411 18 0 0 
54 435 75 0 0 
33 402 17 0 0 
28 423 71 0 0 
53 420 23 0 0 
0 541 24 0 0 
6 438 11 0 0 
89 482 16 0 0 
44 522 4 0 0 
40 401 17 0 0 
48 419 47 0 0 
24 470 3 0 0 
17 442 45 0 0 
11 455 35 0 0 
7 367 12 0 0 
33 358 53 0 0 
37 437 20 0 0 
28 314 38 0 0 
12 462 18 0 0 
56 533 36 0 0 
17 299 52 0 0 
40 340 57 0 0 
35 376 10 0 0 
56 319 31 0 0 
72 430 3 0 0 
50 325 15 0 0 
24 350 30 0 0 
5 409 46 0 0 
63 471 46 0 0 
25 424 18 0 0 
25 483 4 0 0 
55 393 37 0 0 
35 422 69 0 0 
6 586 51 0 0 
26 472 28 0 0 
29 431 63 0 0 
47 545 18 0 0 
7 398 29 0 0 
55 346 37 0 0 
10 481 28 0 0 
24 377 56 0 0 
1 437 43 0 0 
19 402 14 0 0 
6 368 32 0 0 
38 498 2 0 0 
48 355 16 0 0 
70 450 6 0 0 
42 513 26 0 0 
3 353 43 0 0 
10 308 22 0 0 
55 461 64 0 0 
25 343 3 0 0 
38 485 9 0 0 
23 431 47 0 0 
48 346 26 0 0 
18 438 19 0 0 
17 453 61 0 0 
18 480 27 0 0 
84 469 17 0 0 
8 435 14 0 0 
2 534 54 0 0 
32 424 2 0 0 
82 429 24 0 0 
53 432 3 0 0 
20 464 14 0 0 
32 384 92 0 0 
44 379 16 0 0 
28 376 47 0 0 
27 467 29 0 0 
25 470 4 0 0 
86 404 24 0 0 
47 360 14 0 0 
23 367 9 0 0 
20 411 60 0 0 
9 387 124 0 0 
23 439 17 0 0 
30 421 50 0 0 
29 519 1 0 0 
12 460 26 0 0 
13 470 80 0 0 
13 425 16 0 0 
22 445 31 0 0 
44 388 16 0 0 
12 539 31 0 0 
21 456 18 0 0 
22 349 59 0 0 
63 501 13 0 0 
15 450 33 0 0 
11 528 50 0 0 
41 496 18 0 0 
57 346 39 0 0 
50 383 9 0 0 
33 334 55 0 0 
49 451 81 0 0 
26 293 41 0 0 
89 442 45 0 0 
114 395 7 0 0 
32 435 24 0 0 
24 609 29 0 0 
0 481 49 8 0 
26 494 7 0 0 
17 357 53 0 0 
61 340 28 0 0 
50 396 60 0 0 
36 443 8 0 0 
26 455 96 0 0 
11 527 0 0 0 
36 534 50 0 0 
46 453 17 0 0 
35 536 22 0 0 
40 436 46 0 0 
96 459 32 0 0 
14 462 2 0 0 
46 425 17 0 0 
68 437 32 0 0 
35 394 8 0 0 
105 376 19 0 0 
105 333 9 0 0 
32 462 44 0 0 
41 447 39 0 0 
19 509 29 0 0 
103 406 25 0 0 
108 362 19 0 0 
85 298 5 0 0 
6 399 49 0 0 
36 339 33 0 0 
37 404 59 0 0 
58 436 20 0 0 
87 416 13 0 0 
23 479 46 0 0 
4 477 17 0 0 
78 304 10 0 0 
64 467 33 0 0 
31 367 54 0 0 
6 504 55 5 0 
67 440 0 0 0 
54 393 78 0 0 
21 413 19 0 0 
20 404 15 0 0 
19 480 11 0 0 
40 417 11 0 0 
43 351 35 0 0 
13 516 7 0 0 
40 607 34 0 0 
53 469 17 0 0 
33 431 46 0 0 
0 375 56 0 0 
49 465 18 0 0 
23 430 28 0 0 
54 313 81 0 0 
56 528 19 0 0 
62 449 47 0 0 
55 391 53 0 0 
42 406 10 0 0 
10 512 49 0 0 
34 370 114 0 0 
46 383 19 0 0 
62 392 20 0 0 
94 435 25 0 0 
19 472 37 0 0 
6 454 41 0 0 
5 414 41 0 0 
41 498 1 0 0 
31 425 48 0 0 
65 465 25 0 0 
11 486 53 0 0 
22 493 34 0 0 
64 501 13 0 0 
9 470 52 0 0 
16 495 23 0 0 
48 447 0 0 0 
42 323 19 0 0 
47 379 35 0 0 
52 548 15 0 0 
48 520 13 0 0 
29 334 57 0 0 
40 512 49 0 0 
34 433 22 0 0 
35 458 26 0 0 
61 363 8 0 0 
37 339 94 0 0 
66 373 53 0 0 
0 500 44 0 0 
53 444 31 0 0 
25 423 6 0 0 
37 594 17 0 0 
50 416 57 0 0 
10 357 7 0 0 
0 430 4 0 0 
71 365 71 0 0 
15 546 18 0 0 
39 381 50 0 0 
38 310 18 0 0 
41 376 8 0 0 
31 599 8 0 0 
2 499 41 0 0 
41 514 3 0 0 
39 464 14 0 0 
18 456 51 0 0 
20 433 46 0 0 
55 388 25 0 0 
34 477 3 0 0 
12 563 75 0 0 
8 513 3 0 0 
24 487 34 0 0 
101 351 19 0 0 
11 500 4 0 0 
85 536 33 0 0 
24 448 19 0 0 
56 336 27 0 0 
12 380 28 0 0 
38 383 18 0 0 
3 501 4 0 0 
21 424 51 0 0 
16 429 7 0 0 
46 394 28 0 0 
9 376 8 0 0 
58 302 22 0 0 
4 425 19 0 0 
17 414 21 0 0 
37 539 34 0 0 
104 426 30 0 0 
34 507 46 0 0 
84 443 48 0 0 
39 411 25 0 0 
68 332 58 0 0 
90 458 48 0 0 
20 367 8 0 0 
18 492 13 0 0 
43 351 43 0 0 
19 425 38 0 0 
4 457 12 0 0 
92 418 30 0 0 
16 506 24 0 0 
45 321 22 0 0 
23 350 62 0 0 
71 321 73 0 0 
27 413 116 0 0 
37 461 21 0 0 
4 407 29 0 0 
15 468 24 0 0 
56 453 31 0 0 
3 439 32 0 0 
116 393 71 0 0 
6 438 71 0 0 
22 405 122 0 0 
77 537 28 0 0 
51 394 54 0 0 
52 395 78 0 0 
38 459 28 0 0 
36 254 30 0 0 
10 524 31 0 0 
21 525 14 8 0 
76 415 56 0 0 
2 533 16 0 0 
45 404 50 0 0 
27 476 21 0 0 
72 469 28 0 0 
35 411 69 0 0 
51 365 3 0 0 
48 322 96 0 0 
67 323 14 0 0 
11 402 31 0 0 
37 406 37 0 0 
90 409 4 0 0 
16 526 50 0 0 
52 446 35 0 0 
19 367 4 0 0 
25 491 15 0 0 
114 354 34 0 0 
20 498 38 0 0 
28 348 4 0 0 
43 352 44 0 0 
74 351 43 0 0 
19 376 57 0 0 
39 397 65 0 0 
105 264 69 0 0 
12 416 49 0 0 
42 373 39 0 0 
29 478 1 0 0 
4 518 52 0 0 
50 387 9 0 0 
58 395 15 0 0 
55 548 31 0 0 
19 589 5 0 0 
59 471 33 0 0 
9 386 28 0 0 
27 400 36 0 0 
60 421 26 0 0 
168 360 40 0 0 
74 462 18 0 0 
50 432 23 0 0 
84 408 38 0 0 
136 391 9 0 0 
60 394 44 0 0 
46 396 78 0 0 
9 444 10 0 0 
27 537 27 0 0 
17 455 83 0 0 
47 441 16 0 0 
46 469 10 0 0 
51 473 15 0 0 
21 473 60 0 0 
35 373 8 0 0 
8 411 42 0 0 
30 417 66 0 0 
53 408 41 0 0 
55 325 16 0 0 
60 503 60 0 0 
0 538 51 0 0 
44 345 24 0 0 
64 363 20 0 0 
41 450 51 0 0 
32 436 17 0 0 
43 549 19 0 0 
70 356 1 0 0 
57 410 17 0 0 
5 482 19 0 0 
18 447 11 0 0 
57 448 2 0 0 
78 444 10 0 0 
73 409 50 0 0 
42 536 5 0 0 
11 475 30 0 0 
24 429 63 0 0 
46 363 18 0 0 
24 351 61 0 0 
52 357 79 0 0 
59 504 9 0 0 
5 448 54 0 0 
48 425 2 0 0 
48 428 40 0 0 
51 393 75 0 0 
12 489 81 0 0 
45 406 1 0 0 
65 333 89 0 0 
22 563 9 0 0 
58 563 47 0 0 
8 387 68 0 0 
55 334 18 0 0 
33 411 12 0 0 
37 390 45 0 0 
59 432 49 0 0 
21 345 43 0 0 
30 498 26 0 0 
75 460 14 0 0 
4 384 7 0 0 
28 411 28 0 0 
7 468 35 0 0 
71 461 29 0 0 
32 518 22 0 0 
37 492 3 0 0 
68 447 30 0 0 
18 490 11 0 0 
59 494 9 0 0 
29 448 65 0 0 
25 536 19 0 0 
17 610 7 0 0 
34 471 12 0 0 
11 393 57 0 0 
37 401 10 0 0 
21 413 53 0 0 
18 471 2 0 0 
22 378 39 0 0 
42 446 2 0 0 
84 444 13 0 0 
5 404 54 0 0 
18 482 91 0 0 
57 292 89 0 0 
25 427 25 0 0 
29 474 22 0 0 
41 403 16 0 0 
78 310 96 0 0 
30 383 39 0 0 
90 478 13 0 0 
101 384 33 0 0 
25 440 44 0 0 
55 535 73 0 0 
32 403 32 0 0 
21 533 16 0 0 
3 479 45 0 0 
51 452 8 0 0 
52 294 45 0 0 
23 433 17 0 0 
86 447 8 0 0 
38 381 7 0 0 
39 510 28 0 0 
42 393 28 0 0 
70 456 8 0 0 
17 369 66 0 0 
77 433 24 0 0 
21 465 27 0 0 
46 414 17 0 0 
56 437 19 0 0 
20 424 23 0 0 
40 238 44 0 0 
20 444 6 0 0 
56 330 58 0 0 
2 442 43 0 0 
111 533 32 0 0 
64 355 30 21 0 
15 415 80 0 0 
74 423 18 0 0 
10 385 37 0 0 
11 441 8 0 0 
15 385 37 0 0 
62 453 25 0 0 
3 368 23 0 0 
24 514 25 0 0 
10 471 70 0 0 
13 467 40 0 0 
17 430 7 0 0 
26 384 55 0 0 
59 385 7 0 0 
33 429 40 0 0 
24 417 13 0 0 
47 443 5 0 0 
47 365 8 0 0 
18 419 3 0 0 
24 518 3 0 0 
6 428 8 0 0 
3 543 52 0 0 
116 372 24 0 0 
41 385 70 0 0 
44 445 44 0 0 
35 473 90 0 0 
15 343 33 0 0 
31 399 56 0 0 
22 358 37 0 0 
29 473 24 0 0 
5 444 69 0 0 
12 299 28 0 0 
44 441 0 0 0 
37 509 10 0 0 
20 365 56 0 0 
66 333 35 0 0 
2 413 34 0 0 
1 470 34 0 0 
105 395 21 0 0 
27 568 6 0 0 
21 438 29 0 0 
44 447 16 0 0 
20 396 51 0 0 
38 427 12 0 0 
30 374 26 0 0 
16 573 33 0 0 
47 424 53 0 0 
18 382 34 0 0 
61 373 30 0 0 
53 547 22 0 0 
77 325 44 0 0 
37 393 45 0 0 
99 336 35 0 0 
14 439 41 0 0 
27 386 105 0 0 
120 359 1 0 0 
80 359 10 0 0 
9 439 32 0 0 
14 462 19 0 0 
16 435 23 0 0 
38 392 30 0 0 
30 492 4 0 0 
59 416 16 0 0 
85 430 15 0 0 
65 427 79 0 0 
76 435 18 0 0 
25 421 68 0 0 
21 532 20 0 0 
43 447 37 0 0 
38 430 18 0 0 
41 521 14 0 0 
53 377 8 0 0 
25 431 35 0 0 
15 432 32 0 0 
35 402 28 0 0 
37 303 12 0 0 
6 559 35 0 0 
42 463 27 0 0 
6 475 6 0 0 
26 407 53 0 0 
39 384 72 0 0 
17 395 42 0 0 
34 511 22 0 0 
14 402 35 0 0 
34 505 4 0 0 
14 388 50 0 0 
22 452 31 0 0 
14 379 28 0 0 
36 379 69 0 0 
13 520 21 0 0 
36 397 73 0 0 
44 415 38 0 0 
11 377 44 0 0 
87 416 25 0 0 
16 448 23 0 0 
79 394 13 0 0 
26 536 67 0 0 
28 358 29 0 0 
10 418 55 0 0 
28 495 32 0 0 
68 401 6 0 0 
14 514 2 0 0 
5 470 18 0 0 
60 441 19 0 0 
17 472 13 0 0 
79 437 24 0 0 
60 454 1 0 0 
28 471 3 0 0 
20 278 34 0 0 
59 321 30 0 0 
51 481 13 0 0 
5 367 22 0 0 
21 532 43 0 0 
17 398 4 0 0 
63 379 52 0 0 
5 472 15 0 0 
19 411 15 0 0 
85 371 115 0 0 
87 465 18 0 0 
65 423 27 0 0 
55 441 24 0 0 
43 488 19 0 0 
40 469 49 0 0 
27 570 8 0 0 
52 392 29 0 0 
30 422 7 0 0 
7 465 4 0 0 
64 440 0 0 0 
20 444 33 0 0 
19 414 37 0 0 
29 570 23 0 0 
7 409 28 0 0 
8 454 30 0 0 
46 359 45 0 0 
9 430 56 0 0 
4 387 50 0 0 
23 496 28 0 0 
27 350 32 0 0 
93 376 15 0 0 
58 485 50 0 0 
69 447 50 0 0 
6 528 26 0 0 
34 437 19 0 0 
3 490 28 0 0 
5 453 1 0 0 
4 368 57 0 0 
23 438 32 0 0 
75 422 13 0 0 
29 420 76 0 0 
8 507 12 0 0 
1 384 35 0 0 
12 550 20 0 0 
6 415 14 0 0 
12 425 14 0 0 
21 442 14 0 0 
0 499 25 0 0 
8 363 66 0 0 
39 524 30 0 0 
66 391 82 0 0 
16 369 48 0 0 
51 416 0 0 0 
33 463 24 0 0 
52 419 17 0 0 
12 522 7 0 0 
6 338 12 0 0 
1 397 23 0 0 
66 367 15 0 0 
41 415 10 0 0 
68 373 57 0 0 
106 343 24 0 0 
93 405 32 0 0 
41 361 84 0 0 
52 404 7 0 0 
29 397 46 0 0 
35 342 50 0 0 
69 400 37 0 0 
25 449 69 0 0 
48 460 6 0 0 
7 498 19 0 0 
37 455 32 0 0 
6 462 4 0 0 
31 562 8 0 0 
56 296 52 0 0 
78 458 7 0 0 
27 517 29 0 0 
13 346 66 0 0 
73 402 10 0 0 
8 488 23 0 0 
1 408 38 0 0 
20 503 41 0 0 
70 381 8 0 0 
38 445 24 0 0 
10 498 23 0 0 
8 385 33 0 0 
22 426 23 0 0 
30 295 25 0 0 
53 428 3 0 0 
17 540 33 0 0 
82 418 43 0 0 
26 437 1 0 0 
27 447 20 0 0 
63 355 35 0 0 
2 468 9 0 0 
9 443 25 0 0 
14 537 57 0 0 
74 401 64 0 0 
8 547 30 0 0 
17 452 60 0 0 
82 311 19 0 0 
42 371 7 0 0 
54 455 10 0 0 
28 402 43 0 0 
29 352 4 0 0 
46 445 18 0 0 
88 407 16 0 0 
17 419 18 0 0 
15 368 13 0 0 
13 407 21 0 0 
14 434 81 0 0 
15 360 53 0 0 
94 451 18 0 0 
14 406 7 0 0 
34 440 11 0 0 
11 431 46 0 0 
65 406 16 0 0 
60 384 15 0 0 
10 374 61 0 0 
19 460 15 0 0 
55 388 26 0 0 
38 494 9 0 0 
54 440 40 0 0 
20 513 15 0 0 
27 489 9 0 0 
24 453 42 0 0 
12 487 20 0 0 
0 442 31 0 0 
31 375 39 0 0 
39 386 47 0 0 
26 423 24 0 0 
39 399 9 0 0 
27 437 9 0 0 
109 533 22 0 0 
59 447 43 0 0 
18 475 24 0 0 
20 345 33 0 0 
13 402 19 0 0 
16 464 66 0 0 
47 479 37 0 0 
21 434 28 0 0 
54 453 41 0 0 
39 376 18 0 0 
2 468 14 0 0 
27 391 14 0 0 
44 437 39 0 0 
15 359 23 0 0 
6 466 73 0 0 
32 492 38 0 0 
24 449 12 0 0 
35 519 15 0 0 
15 477 16 0 0 
73 483 0 0 0 
78 358 16 0 0 
58 491 25 0 0 
46 388 28 0 0 
46 312 98 0 0 
27 437 15 0 0 
2 563 26 0 0 
12 539 4 0 0 
43 416 18 0 0 
57 470 21 0 0 
31 351 39 0 0 
35 494 36 0 0 
40 423 8 0 0 
124 353 73 0 0 
41 428 24 0 0 
28 416 1 0 0 
37 355 41 0 0 
24 517 21 0 0 
7 391 70 0 0 
26 377 21 0 0 
32 402 57 0 0 
