395 314 291 
450 285 265 
387 329 284 
376 312 312 
398 304 298 
382 284 334 
400 343 257 
424 303 273 
348 328 324 
372 339 289 
375 335 290 
382 293 325 
371 321 308 
390 323 287 
340 371 289 
379 297 324 
355 276 369 
371 342 287 
402 297 301 
381 314 305 
357 316 327 
342 316 342 
372 328 300 
419 301 280 
388 295 317 
332 327 341 
378 306 316 
371 331 298 
375 281 344 
397 288 315 
372 357 271 
379 305 316 
362 302 336 
366 327 307 
353 332 315 
403 301 296 
356 338 306 
399 310 291 
409 274 317 
324 362 314 
368 343 289 
383 296 321 
419 340 241 
402 328 270 
382 290 328 
372 322 306 
409 281 310 
366 337 297 
365 321 314 
352 344 304 
386 304 310 
343 330 327 
409 294 297 
365 340 295 
362 296 342 
400 328 272 
361 323 316 
353 300 347 
367 274 359 
403 304 293 
383 275 342 
425 270 305 
356 328 316 
352 335 313 
367 359 274 
454 277 269 
405 321 274 
406 293 301 
392 292 316 
418 299 283 
406 281 313 
406 296 298 
391 323 286 
351 294 355 
382 301 317 
390 336 274 
402 308 290 
369 350 281 
359 321 320 
397 298 305 
382 320 298 
379 316 305 
373 328 299 
432 294 274 
392 311 297 
388 310 302 
412 307 281 
382 297 321 
357 334 309 
336 312 352 
345 334 321 
376 331 293 
367 305 328 
330 320 350 
390 318 292 
384 340 276 
366 348 286 
323 277 400 
363 323 314 
356 331 313 
373 315 312 
416 308 276 
383 310 307 
442 295 263 
377 297 326 
373 322 305 
354 361 285 
376 250 374 
369 303 328 
379 345 276 
369 347 284 
321 310 369 
317 297 386 
405 300 295 
386 311 303 
371 302 327 
410 289 301 
324 325 351 
376 328 296 
392 357 251 
393 331 276 
371 331 298 
375 297 328 
347 306 347 
357 289 354 
371 310 319 
340 295 365 
394 342 264 
405 291 304 
388 299 313 
347 310 343 
381 349 270 
390 301 309 
402 304 294 
421 316 263 
329 296 375 
379 313 308 
328 311 361 
400 309 291 
413 346 241 
366 310 324 
398 310 292 
408 298 294 
378 327 295 
383 312 305 
355 321 324 
347 305 348 
366 322 312 
397 306 297 
348 313 339 
415 289 296 
355 330 315 
338 334 328 
362 291 347 
376 305 319 
399 289 312 
425 327 248 
395 309 296 
401 293 306 
371 298 331 
402 269 329 
302 300 398 
364 311 325 
371 296 333 
399 294 307 
373 310 317 
372 313 315 
370 327 303 
359 325 316 
344 332 324 
415 288 297 
341 317 342 
361 319 320 
390 311 299 
389 302 309 
380 304 316 
379 296 325 
392 297 311 
367 320 313 
356 312 332 
331 316 353 
426 305 269 
364 303 333 
385 293 322 
374 363 263 
404 330 266 
363 325 312 
396 298 306 
329 353 318 
365 329 306 
356 312 332 
374 340 286 
387 323 290 
389 313 298 
349 300 351 
395 291 314 
394 307 299 
376 315 309 
372 312 316 
411 323 266 
384 335 281 
355 319 326 
384 316 300 
367 332 301 
406 287 307 
374 345 281 
362 308 330 
358 322 320 
353 327 320 
422 247 331 
328 276 396 
371 311 318 
389 334 277 
410 330 260 
432 314 254 
363 293 344 
357 277 366 
375 298 327 
393 311 296 
356 340 304 
401 294 305 
398 320 282 
355 310 335 
382 303 315 
415 341 244 
406 329 265 
377 281 342 
396 306 298 
382 344 274 
364 319 317 
385 321 294 
420 309 271 
373 284 343 
373 328 299 
392 330 278 
363 343 294 
372 318 310 
373 316 311 
322 307 371 
420 309 271 
346 312 342 
330 352 318 
371 315 314 
398 338 264 
330 340 330 
397 283 320 
360 336 304 
401 275 324 
372 322 306 
376 308 316 
339 331 330 
345 314 341 
323 345 332 
347 309 344 
362 309 329 
323 349 328 
353 335 312 
384 277 339 
314 341 345 
359 312 329 
343 288 369 
351 325 324 
392 309 299 
329 317 354 
380 321 299 
355 335 310 
399 313 288 
331 345 324 
372 348 280 
371 346 283 
405 338 257 
378 347 275 
434 303 263 
394 298 308 
352 331 317 
458 282 260 
368 360 272 
372 320 308 
335 304 361 
364 280 356 
382 291 327 
406 275 319 
355 342 303 
368 342 290 
364 332 304 
405 274 321 
347 357 296 
364 323 313 
371 324 305 
393 306 301 
440 286 274 
397 309 294 
429 276 295 
387 292 321 
319 315 366 
361 334 305 
349 309 342 
379 325 296 
378 332 290 
386 315 299 
432 300 268 
409 297 294 
367 294 339 
354 349 297 
344 332 324 
428 306 266 
365 347 288 
367 319 314 
398 295 307 
372 283 345 
330 304 366 
353 323 324 
353 320 327 
331 326 343 
443 289 268 
468 253 279 
342 316 342 
379 324 297 
384 327 289 
407 324 269 
407 296 297 
412 340 248 
406 327 267 
411 274 315 
388 313 299 
388 294 318 
342 321 337 
397 307 296 
376 304 320 
343 344 313 
376 316 308 
324 341 335 
394 281 325 
394 323 283 
377 322 301 
367 324 309 
361 335 304 
350 310 340 
370 325 305 
414 318 268 
358 320 322 
363 289 348 
431 294 275 
333 320 347 
370 339 291 
356 324 320 
385 330 285 
386 275 339 
344 343 313 
391 311 298 
405 318 277 
359 288 353 
388 347 265 
351 338 311 
359 329 312 
413 311 276 
369 328 303 
422 343 235 
343 345 312 
352 350 298 
368 269 363 
370 325 305 
372 304 324 
414 318 268 
353 361 286 
338 322 340 
395 341 264 
400 308 292 
350 335 315 
382 332 286 
419 284 297 
421 313 266 
414 288 298 
410 317 273 
438 296 266 
377 327 296 
309 287 404 
396 322 282 
354 319 327 
393 290 317 
372 322 306 
348 330 322 
353 351 296 
393 298 309 
358 327 315 
367 341 292 
370 326 304 
396 286 318 
360 336 304 
362 298 340 
434 303 263 
405 326 269 
355 318 327 
367 302 331 
361 328 311 
358 339 303 
405 315 280 
392 303 305 
394 283 323 
394 324 282 
367 319 314 
330 306 364 
355 323 322 
374 338 288 
371 357 272 
360 323 317 
351 299 350 
373 285 342 
401 313 286 
360 355 285 
327 318 355 
363 359 278 
336 325 339 
407 310 283 
385 329 286 
422 324 254 
389 303 308 
409 316 275 
385 330 285 
425 298 277 
367 302 331 
371 301 328 
352 331 317 
386 324 290 
435 290 275 
374 300 326 
374 303 323 
367 359 274 
401 293 306 
357 301 342 
376 329 295 
345 307 348 
371 313 316 
351 343 306 
389 323 288 
375 290 335 
381 323 296 
416 306 278 
348 287 365 
340 307 353 
366 311 323 
422 294 284 
353 336 311 
430 294 276 
376 332 292 
383 316 301 
378 300 322 
376 301 323 
398 292 310 
386 313 301 
336 333 331 
392 313 295 
397 309 294 
367 331 302 
374 337 289 
380 312 308 
370 307 323 
402 271 327 
347 331 322 
318 279 403 
373 330 297 
337 321 342 
350 303 347 
345 313 342 
366 306 328 
324 302 374 
363 310 327 
384 282 334 
415 298 287 
368 303 329 
360 311 329 
348 329 323 
386 327 287 
321 328 351 
373 306 321 
387 313 300 
419 337 244 
348 316 336 
368 322 310 
369 296 335 
332 302 366 
339 332 329 
408 316 276 
419 271 310 
402 300 298 
378 330 292 
383 314 303 
368 292 340 
363 323 314 
365 283 352 
385 295 320 
340 329 331 
431 313 256 
378 283 339 
406 291 303 
389 292 319 
357 304 339 
364 352 284 
384 291 325 
337 297 366 
378 332 290 
414 293 293 
388 338 274 
393 327 280 
373 359 268 
340 340 320 
330 283 387 
402 301 297 
401 321 278 
383 303 314 
392 301 307 
423 278 299 
373 324 303 
358 323 319 
372 302 326 
387 324 289 
386 298 316 
398 316 286 
331 303 366 
426 313 261 
413 332 255 
369 331 300 
358 326 316 
417 275 308 
339 309 352 
376 328 296 
321 302 377 
413 295 292 
344 358 298 
429 309 262 
408 307 285 
398 311 291 
340 344 316 
417 256 327 
365 283 352 
402 291 307 
442 272 286 
339 324 337 
377 317 306 
365 305 330 
363 342 295 
366 302 332 
344 357 299 
385 336 279 
349 325 326 
390 287 323 
363 336 301 
361 341 298 
341 327 332 
364 360 276 
394 303 303 
327 311 362 
305 271 424 
385 330 285 
378 276 346 
426 277 297 
418 338 244 
386 303 311 
404 301 295 
398 293 309 
378 314 308 
377 308 315 
346 318 336 
362 340 298 
375 247 378 
361 306 333 
338 304 358 
404 315 281 
397 310 293 
379 341 280 
432 273 295 
349 361 290 
389 306 305 
397 299 304 
419 288 293 
411 309 280 
418 316 266 
354 332 314 
408 294 298 
381 325 294 
387 345 268 
336 313 351 
369 285 346 
366 336 298 
381 314 305 
383 343 274 
377 291 332 
373 319 308 
385 291 324 
381 329 290 
375 304 321 
390 324 286 
400 305 295 
403 315 282 
410 280 310 
360 321 319 
371 281 348 
359 329 312 
384 304 312 
425 267 308 
361 347 292 
351 330 319 
398 281 321 
407 313 280 
359 329 312 
371 339 290 
389 295 316 
377 322 301 
348 263 389 
415 287 298 
381 342 277 
374 360 266 
390 328 282 
467 274 259 
360 322 318 
345 309 346 
396 276 328 
382 328 290 
416 291 293 
383 345 272 
344 281 375 
383 309 308 
430 300 270 
375 325 300 
364 306 330 
381 325 294 
376 322 302 
380 299 321 
433 278 289 
363 339 298 
336 302 362 
402 321 277 
328 374 298 
354 313 333 
368 323 309 
389 363 248 
336 306 358 
419 298 283 
365 311 324 
396 332 272 
465 296 239 
408 303 289 
450 305 245 
365 317 318 
397 315 288 
395 305 300 
397 319 284 
408 307 285 
413 289 298 
345 328 327 
370 306 324 
406 344 250 
367 329 304 
405 310 285 
382 333 285 
384 305 311 
382 295 323 
385 320 295 
331 309 360 
350 342 308 
354 330 316 
385 320 295 
365 322 313 
402 304 294 
375 304 321 
416 288 296 
390 322 288 
353 318 329 
384 292 324 
387 329 284 
390 312 298 
349 307 344 
380 333 287 
369 335 296 
357 323 320 
376 338 286 
437 300 263 
420 288 292 
358 290 352 
375 318 307 
398 296 306 
337 356 307 
389 303 308 
394 282 324 
380 330 290 
395 291 314 
394 293 313 
405 300 295 
390 330 280 
355 329 316 
419 286 295 
364 363 273 
396 329 275 
328 339 333 
378 298 324 
330 316 354 
383 307 310 
403 317 280 
371 339 290 
396 326 278 
352 333 315 
395 308 297 
367 328 305 
368 329 303 
371 338 291 
391 304 305 
398 316 286 
375 335 290 
350 360 290 
383 348 269 
399 312 289 
399 311 290 
363 287 350 
339 336 325 
386 302 312 
330 303 367 
347 331 322 
357 334 309 
357 312 331 
366 320 314 
394 317 289 
408 323 269 
356 321 323 
400 316 284 
356 295 349 
375 333 292 
363 328 309 
357 330 313 
377 331 292 
371 299 330 
440 343 217 
355 351 294 
379 284 337 
387 311 302 
359 315 326 
352 353 295 
359 355 286 
461 240 299 
427 299 274 
345 318 337 
374 337 289 
373 322 305 
363 326 311 
380 310 310 
360 371 269 
376 304 320 
370 292 338 
341 272 387 
333 282 385 
351 289 360 
363 310 327 
374 320 306 
368 310 322 
345 320 335 
349 304 347 
299 340 361 
364 300 336 
344 315 341 
339 323 338 
382 318 300 
383 326 291 
374 347 279 
378 333 289 
366 320 314 
337 330 333 
317 279 404 
394 295 311 
394 312 294 
410 308 282 
311 324 365 
353 294 353 
348 367 285 
355 332 313 
354 350 296 
416 301 283 
439 290 271 
377 347 276 
375 346 279 
400 298 302 
382 301 317 
381 326 293 
336 337 327 
359 314 327 
391 318 291 
415 298 287 
424 300 276 
384 322 294 
335 343 322 
368 286 346 
349 302 349 
352 354 294 
430 289 281 
425 313 262 
360 324 316 
372 285 343 
403 255 342 
424 259 317 
333 306 361 
372 354 274 
389 309 302 
419 305 276 
350 245 405 
396 320 284 
407 287 306 
426 316 258 
396 324 280 
361 336 303 
332 319 349 
358 340 302 
371 301 328 
366 358 276 
356 316 328 
347 339 314 
390 284 326 
412 294 294 
421 311 268 
373 302 325 
374 317 309 
361 301 338 
362 262 376 
352 301 347 
367 297 336 
390 301 309 
403 304 293 
340 313 347 
364 326 310 
371 310 319 
341 286 373 
357 258 385 
363 310 327 
352 331 317 
375 332 293 
397 305 298 
361 285 354 
350 336 314 
377 283 340 
371 316 313 
353 330 317 
368 333 299 
385 340 275 
351 332 317 
400 287 313 
408 275 317 
399 308 293 
364 341 295 
375 317 308 
358 307 335 
356 283 361 
398 296 306 
421 302 277 
380 340 280 
465 265 270 
292 298 410 
371 296 333 
395 333 272 
374 319 307 
397 294 309 
407 294 299 
385 328 287 
400 310 290 
322 287 391 
355 342 303 
353 356 291 
357 271 372 
397 314 289 
346 359 295 
380 324 296 
380 327 293 
370 268 362 
383 292 325 
359 294 347 
367 319 314 
457 290 253 
392 315 293 
363 330 307 
375 329 296 
376 328 296 
392 321 287 
423 306 271 
403 319 278 
433 311 256 
375 303 322 
350 363 287 
394 323 283 
418 287 295 
365 315 320 
368 342 290 
371 297 332 
400 323 277 
338 318 344 
380 311 309 
379 305 316 
382 295 323 
357 318 325 
354 362 284 
380 311 309 
372 290 338 
371 323 306 
377 297 326 
386 319 295 
376 296 328 
373 320 307 
377 299 324 
399 294 307 
391 300 309 
356 353 291 
374 315 311 
340 325 335 
373 298 329 
408 284 308 
338 321 341 
377 322 301 
368 320 312 
353 350 297 
368 276 356 
402 321 277 
398 275 327 
395 293 312 
397 268 335 
346 338 316 
378 337 285 
401 276 323 
400 295 305 
364 334 302 
362 305 333 
362 336 302 
372 249 379 
393 336 271 
356 356 288 
351 321 328 
390 334 276 
395 291 314 
393 278 329 
384 334 282 
377 325 298 
368 303 329 
363 339 298 
366 283 351 
392 320 288 
442 308 250 
301 288 411 
384 313 303 
367 345 288 
393 357 250 
347 346 307 
366 318 316 
385 324 291 
405 324 271 
372 298 330 
387 281 332 
355 310 335 
352 348 300 
392 293 315 
401 334 265 
360 349 291 
389 318 293 
384 305 311 
405 307 288 
382 309 309 
372 329 299 
435 267 298 
396 303 301 
346 329 325 
403 302 295 
351 291 358 
354 321 325 
362 324 314 
362 337 301 
362 317 321 
391 297 312 
374 280 346 
376 315 309 
405 262 333 
372 333 295 
382 309 309 
359 309 332 
395 316 289 
415 312 273 
388 315 297 
365 320 315 
366 299 335 
371 315 314 
438 305 257 
403 321 276 
421 302 277 
432 309 259 
334 294 372 
396 291 313 
391 293 316 
385 327 288 
387 287 326 
371 338 291 
377 316 307 
376 341 283 
349 287 364 
350 314 336 
367 322 311 
369 287 344 
353 325 322 
418 279 303 
